id type x y z 
44 2 1.556280 11.816300 2.385530 
1801 1 3.643700 5.526060 1.579640 
1831 2 5.513690 8.234550 3.982310 
1803 2 2.398320 4.142720 1.220840 
414 1 11.216000 0.462818 10.699400 
111 2 1.163700 7.494690 10.874700 
668 2 1.481640 4.705180 9.944470 
444 2 5.064960 12.334200 8.602550 
519 2 8.172510 4.801090 12.227600 
861 1 7.891440 6.533220 9.209650 
313 1 7.059690 11.312000 11.318700 
698 1 8.756500 10.527700 9.266240 
569 1 12.759300 3.109950 7.685350 
2000 2 3.248760 1.964290 13.248400 
182 1 7.484650 4.827570 6.580020 
314 1 6.268890 12.015300 11.953800 
62 1 1.599060 9.299150 4.580040 
1830 1 5.162060 8.600040 4.274090 
266 1 6.820040 11.211500 4.553280 
1044 2 12.823200 7.361430 7.820510 
604 2 10.074800 1.456590 1.077960 
725 1 4.756130 11.873800 0.653952 
700 2 8.698590 9.869770 9.156550 
474 1 4.586530 1.596800 12.397100 
381 1 9.235750 0.831425 5.803560 
727 2 5.206280 12.559700 0.350696 
265 1 6.221670 11.646300 5.820510 
416 2 10.971300 1.109300 11.588500 
518 1 7.887050 5.370390 11.736800 
1283 2 12.822800 11.385200 1.710370 
822 1 11.065000 5.101410 1.907440 
47 2 2.739110 11.194400 11.117600 
229 1 5.264050 5.414750 9.641210 
230 1 6.852470 5.833540 7.312690 
231 2 7.147380 5.319220 6.899020 
232 2 7.070090 5.538200 7.079520 
110 1 1.563320 7.224050 10.691300 
661 1 10.813700 5.358840 6.068300 
201 1 10.098200 2.328900 5.927540 
244 2 10.473800 8.412580 1.170970 
728 2 5.081700 12.414900 0.475255 
1842 1 1.582520 10.952100 2.501130 
831 2 12.742200 1.848410 4.128580 
389 1 7.536350 2.470270 9.557860 
243 2 10.402200 8.583270 1.193700 
403 2 7.851140 4.818110 3.122420 
1864 2 1.902450 8.562440 4.305740 
323 2 10.072700 12.161600 0.212459 
789 1 8.992110 7.680920 4.427160 
782 1 10.238800 1.482720 2.003110 
1998 1 5.258860 2.532780 5.616640 
382 1 9.979260 1.728560 7.509760 
269 1 5.935140 8.864890 7.638810 
270 1 5.670770 8.342310 6.580080 
271 2 5.966990 8.575970 7.151450 
272 2 5.751750 8.654910 7.160910 
442 1 4.433720 12.467800 8.669120 
590 1 7.894620 10.034100 1.496820 
581 1 8.661980 4.575790 3.191640 
584 2 7.855150 4.929260 3.004940 
857 1 11.224300 6.756840 11.519800 
1844 2 1.198090 11.888300 2.446410 
517 1 8.341950 4.480810 12.524500 
473 1 5.914560 1.341900 5.100190 
1450 1 4.215910 5.097490 6.608820 
184 2 2.452830 4.454320 1.516490 
203 2 9.450040 1.695070 6.420390 
1609 1 2.795390 3.033520 1.579050 
199 2 3.315270 1.572960 12.764000 
1042 1 12.329300 6.732100 7.416840 
19 2 3.114180 1.781710 12.863100 
699 2 8.777980 9.890270 9.303750 
552 2 1.858600 11.508100 7.481830 
666 1 1.079260 4.814010 10.155200 
242 1 10.499200 8.371040 1.826630 
315 2 6.752970 11.706200 11.704200 
730 1 9.339720 12.949400 10.739700 
312 2 12.340400 13.303400 12.472600 
596 2 11.144700 1.083740 11.548800 
208 2 5.292230 4.996590 10.177100 
413 1 11.663700 1.911630 11.337400 
917 1 11.890100 11.184300 9.614520 
603 2 10.033900 1.191400 1.028690 
1452 2 3.894600 4.682110 6.582060 
1043 2 12.627900 7.008590 7.720220 
667 2 1.739390 4.601960 9.964020 
1983 2 2.714090 4.199810 1.294060 
790 1 9.179090 9.338760 5.182590 
390 1 6.014940 1.801900 9.125170 
1832 2 5.644240 7.995130 4.123140 
708 2 4.185650 9.151950 1.255130 
1282 1 12.269600 11.141500 1.524360 
268 2 6.533520 11.471600 5.042420 
1958 1 3.132330 0.206972 12.291600 
914 1 11.059700 3.797870 13.203700 
487 2 12.788000 10.870000 6.027710 
824 2 11.117600 5.664700 2.193380 
402 1 7.507450 5.167910 2.273340 
919 2 11.930400 10.628000 9.512170 
571 2 13.104700 2.659980 7.764380 
601 1 9.373010 0.211181 0.908175 
446 1 7.497630 7.567600 0.405658 
210 1 7.041950 1.115020 10.208700 
1094 1 10.058700 12.981800 6.378750 
673 1 10.520400 4.814800 9.123580 
792 2 9.054050 8.331020 5.595660 
602 1 10.748200 0.963054 0.404125 
541 1 6.129900 0.158297 2.258270 
1845 1 2.044150 5.499820 1.004330 
64 2 1.841590 8.607620 4.680510 
859 2 11.435700 7.391150 11.293000 
572 2 12.966900 2.520090 7.812690 
241 1 10.422400 8.638180 0.368532 
830 1 12.420900 2.155120 4.828720 
392 2 7.077900 1.785480 9.421430 
253 1 5.302630 8.372390 10.791400 
200 2 3.281200 1.598500 13.188500 
206 1 5.280720 4.755610 10.887800 
185 1 0.893348 5.175100 6.281330 
697 1 8.854680 9.158280 9.141500 
212 2 6.794320 1.318680 9.609250 
112 2 1.132250 7.625210 10.941200 
365 1 1.401190 1.717060 4.620690 
223 2 3.020460 1.218210 8.024330 
583 2 7.685850 4.673290 3.047930 
594 1 11.547500 0.383481 12.595900 
781 1 9.769480 2.290060 0.459737 
611 2 9.010600 8.296850 5.446190 
443 2 5.239100 11.962400 8.307650 
1862 1 2.572970 8.284760 5.057410 
862 1 8.597770 7.256750 10.051200 
52 2 2.714290 7.982330 7.825010 
3 2 3.111800 4.240620 1.530920 
476 2 5.693300 1.788180 5.448120 
222 1 2.232700 0.546893 5.106970 
550 1 1.439700 12.049400 7.391950 
829 1 12.895500 1.902210 3.659390 
609 1 8.178670 8.431710 6.072910 
674 1 10.011500 3.749270 9.199090 
63 2 3.236710 11.197200 4.988460 
570 1 13.144700 1.850070 7.862330 
1829 1 6.146350 7.792380 3.813290 
46 1 2.098440 11.497700 10.957800 
589 1 7.077770 10.667800 2.316890 
920 2 11.637000 10.452400 9.377640 
255 2 5.071180 8.922950 10.051700 
204 2 9.325020 1.741660 6.271340 
706 1 3.645020 9.398210 1.159700 
858 1 11.771400 7.784290 10.817300 
791 2 9.000800 8.434620 5.138700 
675 2 10.261300 4.395150 9.061790 
21 1 1.820470 8.041000 3.620060 
551 2 1.716610 11.356300 7.846960 
863 2 8.397910 6.941850 9.632650 
783 2 9.944620 0.917574 1.126550 
784 2 10.004400 1.267950 1.012770 
726 1 5.463760 12.984900 0.326572 
663 2 11.333100 5.356240 5.806560 
918 1 11.546500 9.881160 9.368950 
542 1 5.059870 0.731799 1.724810 
202 1 8.513590 2.310500 6.728990 
665 1 2.223160 4.453690 9.433970 
1451 2 3.867020 4.703990 6.284110 
207 2 5.120700 5.181780 10.192300 
209 1 7.512410 1.160680 8.850640 
634 1 7.354460 8.564770 12.441800 
384 2 9.484060 1.938760 6.634790 
18 1 3.012010 2.172610 11.415000 
662 1 11.973600 5.210690 5.564380 
368 2 1.548750 1.454330 4.786950 
93 1 0.120770 5.342890 13.126800 
367 2 1.784160 1.061660 4.910970 
582 1 7.266250 5.352240 3.751240 
707 2 3.965550 9.187720 1.344670 
415 2 11.079700 1.316500 11.419900 
267 2 6.443710 11.567200 5.201990 
311 2 12.148600 12.996400 12.694000 
1095 2 9.798200 12.446000 6.784830 
1133 1 10.957100 12.913500 4.303400 
51 2 2.508460 7.819490 7.833010 
1096 2 9.544890 12.582800 6.784280 
1802 1 2.427530 4.532540 2.963010 
391 2 7.095610 1.452570 9.495310 
316 2 6.594110 11.733500 11.739800 
183 2 2.958170 4.396230 1.393790 
49 1 2.017860 7.593660 7.975800 
321 1 10.255600 12.101200 1.068600 
45 1 3.217710 10.770300 11.403900 
2 1 4.375890 3.635920 1.663670 
48 2 2.552290 11.305500 11.139400 
591 2 7.374140 10.399900 1.957100 
224 2 3.084590 1.079530 8.032990 
664 2 11.586000 5.273980 5.673020 
686 1 10.434900 9.449030 12.973100 
1820 2 2.857010 1.775620 12.863100 
256 2 5.211870 8.737860 10.363500 
4 2 2.983080 4.337520 1.664360 
205 1 3.537710 1.223310 8.386640 
404 2 7.509210 4.634970 3.087580 
612 2 9.318130 8.592970 5.345110 
441 1 5.663510 11.864700 8.376560 
254 1 5.274810 9.487700 9.638990 
1073 1 6.929250 2.842030 0.545408 
1804 2 2.963080 4.574230 1.301400 
50 1 3.270230 8.246090 7.868550 
221 1 2.515610 1.041520 7.641050 
211 2 7.068060 1.855340 9.466560 
544 2 5.894980 0.587038 2.102140 
1093 1 9.231590 12.117200 7.000090 
1999 2 2.944310 1.680230 12.910900 
43 2 1.359530 11.839000 2.396590 
864 2 8.328680 6.970720 9.714570 
1449 1 3.544170 4.351150 5.898550 
592 2 7.615480 10.399600 2.226050 
520 2 8.136030 4.804270 12.382500 
860 2 11.620200 7.244690 11.261800 
610 1 10.166100 8.194630 6.109010 
595 2 11.084600 0.966049 11.844300 
401 1 7.142650 3.678490 3.236580 
475 2 5.380240 1.938820 5.312010 
549 1 2.190750 10.781200 7.761960 
1861 1 3.012000 11.195400 4.997110 
485 1 11.982000 10.701100 5.697650 
635 2 6.729750 8.054820 12.683100 
676 2 10.403300 4.442070 9.155500 
181 1 1.265250 3.887280 1.024960 
1984 2 2.682610 4.526960 1.417080 
1863 2 2.015040 8.461590 4.337110 
41 1 1.639220 11.923700 1.349530 
593 1 9.959650 1.526460 11.694300 
821 1 11.008300 6.239870 2.314200 
823 2 11.098200 5.460160 2.119920 
705 1 4.595690 8.826120 1.513600 
383 2 9.436270 1.899530 6.235640 
1076 2 6.626000 2.978640 0.099188 
832 2 12.573900 1.943470 4.229190 
543 2 5.442080 0.649715 1.956040 
1819 2 3.253500 1.398080 12.614900 
488 2 12.722200 10.874300 5.865660 
324 2 10.038400 12.298400 0.457902 
688 2 10.291200 10.029000 13.189500 
687 2 10.300200 10.173000 13.113800 
901 1 12.939800 7.613440 3.648510 
1284 2 12.608800 11.492700 1.851730 
1281 1 13.238800 11.640700 2.220550 
685 1 10.271900 10.720700 13.142800 
448 2 7.016410 7.484180 0.086424 
633 1 6.389350 7.928520 13.221500 
109 1 0.849573 8.101580 11.058400 
20 2 3.019790 1.940510 12.907800 
57 1 3.042950 6.639920 12.518100 
22 1 0.977227 12.519200 2.835110 
238 1 2.100300 2.817730 12.626300 
636 2 6.948990 8.221000 12.845800 
915 2 11.414200 4.680200 13.278500 
278 1 1.495380 9.422810 21.413900 
565 1 1.169540 1.168980 20.975900 
478 1 4.488000 10.930900 14.570100 
1851 2 3.743290 7.833880 24.496700 
643 2 11.617200 12.895400 16.027400 
1083 2 13.388900 9.971170 25.241300 
430 1 9.680500 3.774880 19.722900 
434 1 10.696100 7.133460 18.697700 
1241 1 9.677600 4.961500 25.831700 
1807 2 1.202920 0.941482 24.615700 
213 1 3.533480 3.960840 18.936400 
296 2 4.266520 12.187800 17.334500 
214 1 4.156590 4.287960 17.871000 
1899 2 1.406830 13.089300 14.683600 
468 2 6.414060 10.792900 24.445200 
274 1 1.224600 9.400860 14.006400 
280 2 1.676970 8.909390 21.870700 
234 1 6.445460 3.306410 17.741000 
874 1 12.999100 13.010700 19.488900 
998 1 11.576200 2.740780 16.643300 
1067 2 11.894600 6.360310 24.186900 
275 2 0.484146 9.214520 14.163600 
235 2 6.753140 2.934290 17.388400 
876 2 12.560100 12.329100 19.931500 
811 2 8.558700 0.642740 19.426500 
651 2 11.503900 2.719820 23.831700 
746 1 4.309610 0.434587 20.229000 
692 2 2.285890 11.829700 25.504900 
431 2 10.049000 3.636650 20.116800 
260 2 6.023100 5.342020 15.180800 
568 2 1.307020 1.371150 21.558300 
433 1 9.372060 7.043460 18.727100 
225 1 4.047970 5.875700 20.916400 
226 1 3.174550 6.883230 20.960900 
227 2 3.407930 6.434040 21.068600 
228 2 3.786450 6.038020 20.867100 
1080 2 9.565020 5.903080 22.271100 
465 1 5.905780 10.524100 24.917400 
646 1 1.064150 8.725970 25.272700 
298 1 7.193000 8.541340 15.742200 
440 2 1.418550 7.548060 18.163400 
480 2 4.243010 10.473400 14.605700 
491 2 6.775060 10.850700 18.642800 
875 2 12.601000 12.640700 19.940100 
439 2 1.654770 7.147200 18.272800 
649 1 11.992200 3.103290 23.694400 
1065 1 12.165400 5.851210 23.787800 
1806 1 0.892829 0.784060 24.502500 
366 1 3.124060 4.377750 26.288000 
1066 1 11.534700 6.705580 24.466300 
891 2 6.551750 6.103050 18.830500 
1069 1 9.904260 11.776100 22.634700 
276 2 0.649658 9.364580 14.078400 
892 2 6.426450 6.395820 18.527600 
28 2 0.165555 4.805110 23.510000 
1834 1 1.632280 4.712050 17.025400 
233 1 7.171250 2.473050 17.006500 
1000 2 12.479900 2.928540 17.315300 
1874 1 1.561020 11.252000 18.151500 
817 1 12.403200 3.702210 17.829200 
689 1 1.603110 11.930600 25.421200 
299 2 7.499890 8.730690 16.421700 
747 2 4.630780 0.965681 20.246400 
1827 2 0.211261 4.696070 23.267700 
1276 2 9.747340 9.281910 24.703700 
652 2 11.711800 2.785130 23.910500 
466 1 6.871960 11.176400 24.159200 
641 1 11.895600 12.431900 16.585900 
813 1 13.219600 3.265280 16.421600 
297 1 7.707780 8.562760 16.955300 
888 2 9.314910 13.314200 19.267300 
878 1 9.221500 9.756040 20.907000 
1836 2 1.545910 4.262290 16.408700 
279 2 1.606530 8.960680 21.997700 
648 2 0.223754 8.522080 25.331200 
1074 1 6.138790 3.084080 26.238200 
467 2 6.289020 10.936800 24.606900 
245 1 3.740640 11.171600 22.317800 
1231 2 12.666200 8.998410 21.948900 
300 2 7.593560 8.425170 16.496800 
1244 2 9.099380 4.804270 25.948900 
913 1 11.611000 5.111090 13.605800 
1825 1 0.489723 5.555700 23.686700 
745 1 4.976940 1.522400 20.023500 
425 1 7.566000 3.537700 21.058300 
426 1 6.156690 3.449600 21.515600 
427 2 6.734920 3.668170 21.329200 
428 2 6.705750 3.476250 21.178800 
73 1 0.530177 12.248500 19.100700 
1071 2 10.590200 11.684900 22.962700 
1081 1 13.295800 9.416030 24.769200 
418 1 10.204700 0.076135 15.022300 
1232 2 12.892600 8.855690 21.920500 
216 2 3.813050 4.039730 18.264600 
1812 2 1.210440 0.665054 17.866300 
1049 1 12.671500 0.913216 21.801800 
567 2 1.245310 1.422700 21.193600 
217 1 9.476960 5.123310 15.772700 
638 1 7.885370 1.555920 13.998900 
1050 1 12.302700 1.096420 20.556600 
900 2 7.109910 8.162960 21.456000 
713 1 6.799330 6.005200 24.427100 
1810 1 1.817220 0.350089 16.426400 
1068 2 11.843800 6.288070 24.105200 
453 1 3.765720 10.012600 19.256600 
454 1 4.696720 9.106140 19.952500 
455 2 4.039690 9.670520 19.434700 
456 2 4.321140 9.376850 19.640200 
58 1 2.434280 7.277670 13.990300 
492 2 7.176860 10.992900 18.300300 
818 1 12.662200 2.051970 17.697700 
310 1 12.242600 12.879900 13.329300 
647 2 0.099578 8.264990 25.297000 
640 2 7.847630 2.227990 13.995600 
637 1 7.691330 2.915130 14.069000 
247 2 3.671990 12.048200 22.013500 
290 1 7.341320 12.697700 14.685700 
248 2 3.489660 11.654100 22.372600 
819 2 12.252500 2.964750 17.095400 
489 1 6.575630 10.826400 18.866400 
294 1 4.322050 12.513900 16.877600 
1039 2 10.217300 10.234400 17.155900 
898 1 7.098280 8.689580 21.015700 
1052 2 12.493200 1.235600 21.116500 
432 2 9.890190 3.752630 20.195500 
880 2 9.747150 9.772830 20.381400 
1040 2 10.331400 10.246600 17.059800 
436 2 10.056300 7.177200 18.838800 
812 2 8.435980 0.657445 19.423300 
1275 2 9.646380 9.190870 24.481100 
1860 2 4.234280 7.845240 16.738000 
889 1 6.252980 6.511260 18.168800 
644 2 11.489100 12.926100 16.140200 
1038 1 10.338200 10.750800 17.415100 
1875 2 0.575156 10.871000 18.616500 
1242 1 8.741900 4.316810 26.301300 
629 1 7.357880 1.910490 24.629900 
630 1 8.189050 1.507640 23.337700 
631 2 7.997180 1.704230 23.782500 
632 2 8.082730 1.675730 23.675900 
670 1 3.615000 2.280600 23.255300 
258 1 5.433940 5.343210 15.667700 
490 1 7.385560 10.708700 17.863300 
1835 2 1.467520 4.074850 16.332000 
897 1 6.718500 7.380690 21.986000 
1991 2 0.900020 0.607499 17.526200 
1833 1 1.872060 1.259810 13.398700 
386 1 1.514640 1.043970 18.325400 
1070 1 11.087700 11.647400 23.090300 
1858 1 3.924700 6.368060 14.194800 
1850 1 3.780040 7.714380 23.865000 
1849 1 3.830620 7.796590 25.149400 
690 1 2.974730 11.826600 25.257200 
1051 2 12.475300 1.002800 21.169500 
650 1 11.059600 2.268990 24.025600 
1243 2 9.397990 4.638430 25.989900 
257 1 6.319570 5.210560 14.707300 
246 1 3.529450 12.471000 22.038200 
890 1 6.736500 5.908290 19.346000 
362 1 4.317840 0.112742 26.069100 
669 1 3.832000 3.690290 23.488400 
877 1 10.238200 9.747280 20.005800 
671 2 3.655630 2.846040 23.380200 
672 2 3.761200 3.045090 23.476600 
886 1 9.065550 12.242700 19.320200 
198 1 1.294040 4.457370 15.746400 
1818 1 1.595550 3.021510 16.363200 
1876 2 0.771863 11.292500 18.716600 
654 1 5.746650 0.406669 17.335300 
291 2 7.831400 12.398800 15.160300 
458 1 12.048100 7.163410 14.433600 
999 2 12.398900 2.939190 17.317200 
292 2 7.632460 12.289700 15.264800 
1985 1 2.037650 1.271400 25.139300 
879 2 9.751420 9.713120 20.320900 
1859 2 3.115210 6.734710 13.410400 
639 2 7.825730 2.194250 14.109700 
76 2 0.654483 11.089000 18.785100 
1229 1 12.186400 9.104260 22.170300 
438 1 2.021170 6.949880 18.779800 
1077 1 9.290590 6.374810 21.767200 
566 1 1.415540 1.576100 22.187200 
1988 2 1.418820 0.931474 24.854100 
215 2 3.955650 4.175110 18.433200 
289 1 8.297290 12.289900 15.791600 
887 2 9.254320 12.920700 19.104400 
748 2 4.381270 0.896508 20.219900 
460 2 11.749400 7.721080 15.210400 
1852 2 3.748840 7.714410 24.547800 
714 1 6.195130 5.190630 23.601900 
1897 1 1.770200 12.240700 14.749900 
293 1 4.390490 11.925400 18.014500 
236 2 6.781840 2.883590 17.415100 
1274 1 9.745250 9.680210 24.986000 
716 2 6.331480 5.648510 23.792800 
1079 2 9.631690 5.745370 22.016300 
435 2 10.142600 7.020810 18.699100 
1273 1 9.450960 8.673590 24.042900 
691 2 2.236720 11.956200 25.427500 
264 2 7.204190 12.662500 21.558100 
899 2 6.918020 7.965120 21.589800 
1078 1 10.022700 5.482220 22.502500 
715 2 6.480590 5.643310 23.948900 
429 1 10.475600 3.928450 20.686700 
459 2 12.078200 7.340150 15.017500 
437 1 1.193460 7.781930 17.939300 
277 1 1.617590 8.534990 22.477400 
75 2 0.637643 11.051600 18.719200 
259 2 6.052250 5.267990 15.112600 
1426 1 3.767550 2.958280 13.330700 
240 2 8.747460 4.586640 16.340100 
1997 1 8.158450 4.526100 16.190100 
1826 1 0.796776 4.581070 22.493100 
1037 1 10.136600 9.871180 16.624600 
1072 2 10.089000 11.699800 22.713400 
364 2 4.340650 0.189681 25.501200 
617 1 13.106800 4.866740 21.350700 
239 2 8.974980 4.851680 15.812800 
261 1 6.538980 12.673200 21.412300 
820 2 12.533800 3.214720 17.150100 
479 2 4.604190 10.062300 14.757600 
477 1 4.761290 9.714550 14.734600 
60 2 3.153510 6.823510 13.742500 
197 1 3.378310 1.308310 14.248000 
295 2 4.216660 12.293800 17.418300 
1857 1 4.095470 7.748270 16.714200 
873 1 12.143500 12.183200 20.155400 
59 2 3.283540 6.523560 13.756700 
457 1 11.899000 7.607230 15.817800 
363 2 3.988450 -0.031895 25.378600 
1811 2 1.026150 0.281887 17.759500 
810 1 8.572340 1.191380 19.365000 
262 1 7.825250 12.883800 21.738800 
1992 2 1.151250 0.561637 17.492800 
263 2 7.196240 12.759900 21.836500 
74 1 0.521333 10.494400 19.548600 
447 2 6.708550 7.559420 26.480000 
1075 2 6.504570 3.083720 26.433100 
916 2 11.414500 4.643120 13.663600 
322 1 9.939910 12.216600 26.194500 
445 1 6.293350 7.442480 26.213800 
168 2 2.252620 25.202100 1.961750 
553 1 4.092230 21.258100 11.481300 
995 2 12.595000 23.244000 10.789100 
1189 1 12.518100 19.487000 9.105270 
1148 2 11.613700 22.632100 7.449030 
531 2 6.278130 15.983700 9.010330 
845 1 8.228660 21.419300 4.536950 
281 1 0.647548 15.371500 4.887100 
483 2 3.003640 20.410000 0.017422 
1968 2 2.155160 24.905000 1.919960 
538 1 8.418580 14.769200 13.140400 
481 1 3.253770 21.190700 -0.035361 
1956 2 2.728580 18.671000 6.445360 
1031 2 7.739730 25.505300 3.357970 
953 1 12.078500 16.004100 10.159600 
165 1 1.894320 24.993600 2.914000 
896 2 3.766820 14.665000 6.453020 
546 1 12.947400 15.216300 1.837640 
12 2 0.509395 24.519600 6.539270 
156 2 2.951790 18.531900 6.430580 
846 1 9.521010 20.767500 3.888980 
987 2 12.967100 22.070200 2.596010 
762 1 5.741840 22.641600 2.470960 
1147 2 12.061300 22.680200 7.321150 
895 2 3.985440 14.837400 6.588760 
980 2 9.536450 25.156100 9.287780 
1027 2 11.015400 24.129100 4.478420 
1335 2 8.031270 22.012700 10.344500 
608 2 7.959200 24.769100 6.176570 
127 2 6.496100 16.927300 3.041220 
1972 2 1.133600 23.764500 10.986000 
564 2 5.619140 19.950700 3.034810 
1686 1 12.349500 25.376900 7.202410 
172 2 1.282380 23.440500 10.971100 
743 2 9.179880 19.305500 0.277865 
606 1 7.586860 24.862200 5.905820 
1969 1 1.852960 23.858800 12.160200 
149 1 3.342210 18.676100 10.046700 
302 1 3.541280 18.234900 2.488090 
1028 2 10.713600 24.077500 4.411820 
301 1 3.074220 17.702900 1.494090 
986 1 12.588800 22.573600 2.374330 
764 2 5.716170 23.280200 2.773440 
398 1 6.026340 24.575300 12.203100 
1967 2 2.393210 25.079600 1.561980 
1191 2 12.318600 19.303300 9.532070 
170 1 1.709030 22.918400 10.500500 
1062 1 7.843640 14.816200 6.338530 
977 1 10.026600 24.465500 9.298970 
815 2 12.761100 23.105000 10.759800 
1064 2 7.764140 14.821400 5.641260 
1063 2 7.792520 14.968800 5.668610 
1815 2 5.039980 24.747600 9.654170 
1145 1 11.358600 22.161200 7.344160 
978 1 9.274620 25.586300 9.211230 
993 1 12.458600 21.966200 10.480700 
169 1 1.325980 24.545200 10.431700 
309 1 12.507800 13.625900 11.995000 
763 2 5.464050 23.353600 2.662290 
994 1 11.962800 23.164900 11.664100 
949 1 9.840010 16.093800 8.638670 
461 1 8.402310 13.816400 1.687830 
605 1 8.357760 24.339900 6.601780 
1142 1 12.675500 19.148000 2.417810 
1953 1 3.016420 17.959100 5.605670 
1886 1 4.957600 13.500200 2.622170 
369 1 3.431110 21.935800 7.492980 
370 1 2.905070 22.839100 8.319890 
371 2 3.000750 22.492800 7.868330 
372 2 3.092150 22.459200 7.864260 
1110 1 10.909300 18.877600 12.808000 
528 2 2.132950 15.148400 0.914323 
1061 1 7.577020 15.083300 4.908520 
1026 1 11.608000 24.414200 4.385480 
180 2 2.594870 15.000100 10.664600 
563 2 5.863480 19.913900 3.014870 
883 2 10.429500 15.620400 0.148244 
1136 2 10.897600 13.415900 3.903650 
1190 1 11.992600 18.925700 9.987720 
1971 2 1.325170 23.458700 11.273100 
189 1 1.205980 24.909500 6.274690 
150 1 2.524560 19.434600 10.978900 
497 1 5.740590 13.524100 12.832000 
588 2 13.123500 25.519900 2.589290 
956 2 11.862900 16.326700 11.029800 
494 1 12.490500 13.707600 7.997670 
529 1 6.260890 15.568500 8.796400 
177 1 3.251270 14.199300 11.200100 
1169 1 5.825000 21.748700 5.497830 
1978 1 3.698100 15.326500 9.888910 
562 1 5.168450 19.964700 2.717210 
1350 1 10.650500 19.516300 5.834520 
1333 1 8.377630 22.572100 10.850300 
556 2 4.348410 21.411000 11.820000 
848 2 8.975840 21.233200 4.335950 
500 2 5.798510 14.124200 13.281700 
770 1 5.900480 18.231300 12.798800 
1176 2 9.136350 20.327900 7.657270 
167 2 2.023890 25.331100 2.021370 
786 1 6.061690 19.206500 8.635100 
178 1 2.041390 14.250500 10.269600 
1710 1 2.594990 22.073100 3.192100 
587 2 12.986900 25.399700 2.500200 
607 2 8.142030 24.608200 6.277310 
1970 1 0.345541 23.204400 11.224000 
628 2 8.664550 23.158400 1.277520 
166 1 1.426420 24.515800 1.134550 
526 1 2.428770 14.420200 1.420090 
218 1 7.835830 24.989800 12.747200 
1568 2 0.141227 20.588400 8.678640 
334 1 1.028360 14.520900 7.684340 
1979 2 3.149360 14.631400 10.607400 
776 2 13.087100 16.672000 5.508560 
1334 1 7.412160 21.622100 10.185900 
1711 2 2.580370 22.091300 3.594650 
1926 1 0.685139 17.822100 2.565120 
816 2 12.607500 22.817700 10.712700 
153 1 3.758360 18.711300 6.914430 
731 2 9.226390 13.396400 9.972180 
847 2 8.639880 21.297800 4.365040 
1134 1 10.729800 13.752500 3.398680 
126 1 6.391160 17.125700 3.382210 
1888 2 4.952480 13.855300 3.337910 
1349 1 11.703700 19.600000 5.367680 
358 1 8.572700 17.729000 11.544400 
496 2 13.005600 13.712800 7.956490 
561 1 6.294030 19.889400 3.534130 
151 2 2.991180 18.950100 10.423300 
1174 1 9.137460 20.093800 7.344160 
304 2 3.336520 17.986800 2.041300 
732 2 9.383560 13.332300 10.327300 
970 1 4.053300 24.354300 5.463100 
586 1 12.483700 25.823200 2.423330 
773 1 12.593000 16.917900 5.039560 
554 1 5.082390 21.780100 12.148700 
954 1 11.628500 16.525300 11.393100 
1171 2 5.945840 21.793000 6.352420 
787 2 5.848730 19.380000 9.277850 
1172 2 5.928370 21.922600 6.296400 
1977 1 2.404310 16.008100 10.982200 
128 2 6.311960 16.729700 2.929280 
881 1 9.928160 15.236500 0.265192 
771 2 5.308410 17.675200 12.688600 
1192 2 12.361200 19.242700 9.446620 
1029 1 7.692800 24.683200 3.406270 
1966 1 3.019500 25.079300 1.274700 
282 1 1.963670 15.474900 4.636450 
357 1 8.789740 18.914100 10.958400 
192 2 -0.106770 24.805000 6.739570 
742 1 9.922650 19.902900 0.569027 
988 2 12.928600 21.886400 2.595290 
171 2 1.373860 23.786300 11.270500 
555 2 4.732620 21.471600 11.881100 
1885 1 5.168580 13.924500 4.026810 
1954 1 2.182330 18.222500 6.931480 
894 1 3.147050 14.509300 6.449060 
10 1 0.192038 23.620700 7.194760 
1135 2 10.804600 13.462700 3.521920 
749 1 9.703480 17.099700 4.268740 
750 1 9.904100 16.429900 2.937750 
751 2 9.797640 16.851100 3.581970 
752 2 9.848740 17.000300 3.709050 
1965 1 2.039470 26.283200 1.995320 
1567 2 -0.075403 20.816100 8.916470 
1173 1 9.231090 20.755000 8.289230 
1141 1 12.175400 18.029000 1.843040 
1955 2 2.792610 18.627400 6.513450 
284 2 1.200260 15.525800 4.828280 
1887 2 4.918730 13.768500 3.439170 
220 2 6.741400 24.946900 13.124900 
769 1 4.808850 17.364900 12.592500 
547 2 13.272200 15.309100 2.168580 
335 2 0.361710 14.680500 7.741040 
772 2 5.327460 17.760200 12.579400 
463 2 7.756620 14.184700 1.620520 
152 2 2.801090 19.134500 10.733700 
1351 2 11.201200 19.544100 5.622010 
303 2 3.274930 18.060700 1.788300 
1175 2 9.160630 20.377300 7.719590 
530 1 6.409660 16.831000 9.718090 
1813 1 5.381320 25.069200 10.031600 
155 2 3.142900 18.607600 6.368810 
283 2 1.441020 15.510100 4.657280 
360 2 8.773550 18.492600 11.128300 
179 2 2.944320 14.863400 10.463600 
1814 1 4.690810 24.444500 9.360370 
1352 2 11.259600 19.539200 5.592090 
158 1 2.538640 19.498400 5.941340 
788 2 5.791560 19.388700 9.125920 
893 1 4.536110 14.836800 6.650590 
979 2 9.673360 25.081400 9.256220 
1816 2 4.878110 24.716100 9.755750 
1170 1 6.135810 22.057600 6.906640 
1144 2 12.418900 18.525800 2.037880 
1146 1 12.526200 22.979100 7.269310 
1336 2 8.015680 22.207900 10.770900 
1980 2 2.891850 14.966300 10.704700 
1712 2 2.805150 21.625600 3.942060 
625 1 9.516500 23.121800 1.458720 
1709 1 2.783790 21.518700 4.351160 
1565 1 0.752145 20.190600 9.042230 
359 2 8.661360 18.316900 11.216600 
1554 1 0.417576 21.548900 4.728270 
525 1 1.959340 15.617400 0.847940 
626 1 8.222840 23.466000 1.283800 
969 1 4.226300 25.690500 5.184020 
1030 1 7.860130 26.004100 3.398890 
1025 1 10.277900 23.933300 4.285520 
775 2 13.213000 16.573300 5.315990 
532 2 6.295980 16.116400 9.160950 
955 2 11.938300 16.257100 10.914000 
1032 2 7.812010 25.546500 3.376040 
945 1 7.441680 17.613400 5.695300 
946 1 7.171240 18.566000 6.591940 
947 2 7.130030 18.164400 6.096580 
948 2 7.492950 18.076100 6.039420 
785 1 5.440800 19.647700 9.745480 
464 2 7.870410 14.380500 1.699290 
951 2 9.902990 16.542700 8.324370 
952 2 9.904520 16.355100 8.289650 
125 1 6.293720 16.758800 2.150320 
972 2 4.013070 25.064900 5.342970 
627 2 8.940610 23.316000 1.297040 
971 2 4.181550 25.204000 5.388190 
814 1 12.752500 23.781900 10.168300 
1927 2 0.352627 18.126800 2.974510 
1143 2 12.397800 18.584600 1.926660 
950 1 10.110400 17.143900 7.960140 
761 1 5.250600 23.933700 3.028050 
336 2 0.666591 14.743800 7.729080 
729 1 9.138510 13.521700 9.468780 
400 2 6.705860 24.864200 12.975300 
996 2 12.554400 22.934900 11.063100 
399 2 6.624640 24.697900 12.905100 
527 2 2.505690 14.973900 1.079780 
219 2 6.827850 24.514000 13.232500 
462 1 7.276060 14.539100 1.710240 
744 2 9.601630 19.660400 0.203225 
1688 2 13.245100 25.669000 7.280440 
1687 2 12.975700 25.889600 7.431830 
1928 2 0.280902 17.931500 2.938230 
884 2 10.561100 15.853300 0.211641 
499 2 5.667170 14.060100 13.198100 
1120 2 6.269880 25.988900 22.251000 
759 2 7.102500 20.610200 14.144800 
148 2 4.393560 23.368100 25.717800 
408 2 11.066600 24.562700 19.785200 
533 1 3.884880 19.820000 16.545800 
933 1 9.713090 17.852600 18.425000 
508 2 4.909490 14.383300 24.106400 
411 2 3.552140 24.290900 19.412400 
944 2 11.492600 19.577100 23.593300 
711 2 6.215390 14.546100 18.679600 
906 1 4.301690 15.948100 15.856600 
908 2 4.904660 16.018300 15.902000 
806 1 2.905730 17.454600 25.480800 
1092 2 11.735600 22.609200 16.363800 
655 2 5.767820 26.418200 16.819300 
252 2 7.263470 25.350800 25.609900 
597 1 11.247100 26.191200 16.418300 
1111 2 11.120300 19.066200 13.240000 
1779 2 1.794450 17.215700 13.953700 
1761 1 2.111300 24.925200 22.859800 
338 1 1.020370 16.411100 18.131000 
1305 1 8.802800 16.270800 21.154800 
923 2 8.769320 17.049800 23.511100 
1109 1 11.851200 18.815300 13.757600 
339 2 0.927893 16.280000 17.462400 
1342 1 9.445780 21.727700 23.791100 
1323 2 13.047700 21.933300 22.356200 
577 1 5.778760 23.394900 16.273400 
1089 1 11.793100 22.425700 16.876300 
72 2 9.579030 15.635900 17.297400 
1910 1 1.590130 13.979700 22.801300 
353 1 2.305020 21.934200 17.988600 
385 1 5.408020 22.360600 23.070600 
524 2 6.535370 16.881200 26.407400 
325 1 9.937560 22.221100 20.300100 
326 1 10.838500 21.383700 20.942100 
327 2 10.306200 21.842500 20.541300 
328 2 10.361500 21.587100 20.569900 
865 1 12.446900 13.748000 25.737200 
1762 1 3.467160 24.568900 23.014400 
1168 2 11.744900 24.858800 26.066100 
1767 2 0.540611 22.703100 24.949500 
1167 2 11.826300 24.590400 25.906700 
854 1 9.581260 25.918000 22.225900 
1166 1 11.181900 24.620800 25.734700 
709 1 6.697760 14.095800 18.058000 
1957 1 3.706290 19.757700 24.075300 
1119 2 6.262650 25.919500 22.388300 
1118 1 6.168890 26.507300 21.876100 
1778 1 3.197630 23.929800 14.460100 
157 1 2.218940 23.970400 15.931200 
1468 2 12.568100 15.915600 14.983600 
1343 2 9.028170 22.491400 24.087700 
922 1 8.504590 16.291400 23.929000 
1375 2 9.820030 22.832200 13.515700 
943 2 11.373300 19.549800 23.264800 
355 2 2.173620 21.353000 18.218700 
356 2 2.046100 21.471300 17.950600 
1226 1 7.026200 21.215800 26.174300 
410 1 3.415190 23.952000 19.002300 
1758 1 2.883140 22.340200 15.160100 
306 1 3.166190 15.048300 20.444700 
1403 2 12.180500 21.002600 25.819100 
393 1 3.299030 17.620600 18.627300 
1817 1 6.835980 23.864100 13.882800 
754 1 4.526550 17.984000 21.916900 
394 1 2.522700 18.421800 19.173700 
396 2 2.783690 17.956000 18.874600 
760 2 6.946900 20.515800 13.979500 
1308 2 8.420040 15.972300 21.060400 
1108 2 13.222400 18.528800 20.532300 
1898 1 2.021950 13.810100 14.476700 
921 1 8.902050 17.730800 23.514200 
412 2 3.094150 24.123100 19.780600 
1982 1 6.070790 22.831200 21.936000 
905 1 5.607300 15.821900 15.831700 
1388 2 12.942600 18.936500 16.805100 
1322 1 13.019200 21.454600 22.774700 
509 1 0.976125 18.237800 22.300800 
510 1 1.727640 17.075500 22.472800 
511 2 1.260600 17.687700 22.338300 
512 2 1.160610 17.587200 22.446400 
934 1 10.613600 18.665600 18.979800 
346 1 2.029500 22.075100 21.689300 
340 2 0.882322 16.219300 17.271900 
308 2 3.288460 14.570000 20.207200 
1152 2 12.758100 15.249600 18.147800 
907 2 4.902940 15.940700 15.691500 
1306 1 7.877300 15.359500 20.766900 
936 2 10.193100 18.373000 18.911300 
1911 2 1.634060 14.322400 23.265000 
1402 1 12.185400 20.935100 25.842800 
535 2 4.157670 19.781600 15.538300 
251 2 7.273320 25.102700 25.672500 
534 1 3.982220 19.967000 15.044900 
343 2 0.271452 18.318300 25.899700 
498 1 5.749850 14.589300 13.603600 
505 1 5.359890 14.573100 24.700500 
250 1 6.632910 25.385000 25.602200 
469 1 7.686420 18.176200 15.913100 
579 2 6.394290 22.985400 16.438600 
387 2 5.734210 22.634400 22.492200 
1228 2 6.258510 20.685500 26.271200 
1959 2 3.940450 19.864200 23.812000 
378 1 0.834232 21.182300 13.425800 
1466 1 11.958300 15.792600 14.985000 
573 1 8.713010 20.183100 21.107900 
574 1 7.229670 19.595500 21.273300 
575 2 8.085650 19.786100 21.235300 
576 2 8.010620 19.548000 21.299200 
758 1 7.054690 20.884900 13.707000 
379 2 0.710460 20.959500 14.103100 
536 2 3.945480 19.860700 15.570700 
98 1 0.362301 13.724000 14.310100 
1321 1 12.929300 22.665700 22.106900 
1165 1 12.431300 24.552200 26.167100 
160 2 2.353070 23.648400 15.468200 
578 1 6.993710 22.664500 16.413100 
598 1 10.114800 25.165300 15.472000 
380 2 0.808109 20.771200 13.803100 
159 2 2.885770 23.518900 15.226600 
909 1 11.188200 15.298000 22.209200 
341 1 0.550125 18.035900 25.441100 
855 2 10.085300 25.430800 22.597000 
1777 1 2.125260 17.958600 14.097300 
710 1 5.935970 14.963600 19.050600 
417 1 9.466370 26.067000 16.553300 
406 1 11.097200 24.660200 19.049100 
682 1 8.868520 13.792400 24.376600 
1324 2 12.851900 22.304700 22.446100 
344 2 0.436196 18.130600 26.041700 
681 1 7.734570 13.730400 25.182200 
1105 1 12.592200 18.813900 21.124300 
924 2 8.732060 17.083600 23.978600 
885 1 9.592880 13.440100 19.133900 
1341 1 8.949480 23.040500 24.248400 
1344 2 9.378570 22.249800 23.965300 
1809 1 1.106740 26.110500 18.208000 
733 1 6.517310 18.097800 18.038400 
734 1 7.446500 17.865500 19.059600 
735 2 6.928510 18.111300 18.369000 
736 2 6.646440 18.026500 18.500800 
1112 2 11.301000 18.616100 13.354400 
935 2 10.124600 18.316000 18.642700 
1205 1 12.568000 18.784300 17.156600 
395 2 2.976270 18.031800 19.108100 
307 2 3.092810 14.442500 19.833700 
867 2 12.775800 13.947300 25.138200 
807 2 3.375290 17.277100 25.268100 
354 1 1.677850 20.895200 18.591700 
911 2 11.355400 14.875000 22.465800 
1912 2 1.784070 14.460500 23.573600 
471 2 8.080110 18.296200 15.290600 
506 1 4.466470 14.203700 23.829900 
345 1 2.276750 20.909900 21.725300 
407 2 11.035200 24.612800 19.495600 
1117 1 6.647360 25.479000 22.633500 
377 1 0.217648 20.597700 14.777400 
777 1 9.315480 21.353400 16.690000 
779 2 8.663750 20.960200 17.241200 
249 1 8.042610 25.257500 25.600700 
780 2 8.614400 21.055800 17.401700 
1307 2 8.372580 15.802000 20.868200 
1765 1 1.525530 22.730900 24.813400 
1764 2 2.734620 24.712800 22.739200 
305 1 3.128110 13.790200 19.585700 
684 2 8.597380 13.695700 24.738100 
348 2 2.232290 21.407600 21.730100 
1960 2 2.793570 23.916100 15.468000 
1780 2 1.961760 17.272400 13.949300 
1768 2 0.617015 22.592100 24.948000 
856 2 10.044000 25.542000 22.815200 
419 2 10.399000 25.931300 15.787500 
146 1 3.688720 23.666100 25.679400 
942 1 11.980100 19.673100 23.910700 
740 2 7.061660 24.006000 19.723400 
778 1 8.345310 20.823500 17.676600 
1090 1 11.739000 23.000600 15.595400 
388 2 5.778890 22.467600 22.512100 
808 2 3.370070 17.421200 25.241400 
69 1 9.840890 15.818500 16.886900 
507 2 4.871720 14.238600 24.384700 
600 2 10.050200 25.923700 15.556400 
941 1 10.982300 19.297600 22.972100 
929 1 5.177190 21.263300 20.089100 
930 1 5.200900 19.904500 19.813800 
931 2 5.362140 20.754800 19.780500 
932 2 5.202530 20.727500 19.925100 
738 1 6.361820 24.426000 19.598000 
910 1 11.902700 14.760800 23.170200 
540 2 8.852130 15.479500 13.307500 
347 2 2.029020 21.617700 21.775900 
1373 1 10.138000 22.075500 13.418000 
755 2 5.192670 17.663300 22.137400 
1909 1 1.725370 14.710900 24.046600 
1467 2 12.408900 16.059000 15.109200 
756 2 5.234660 17.693700 22.201500 
739 2 7.057270 24.116700 19.362500 
653 1 5.786320 25.767100 16.486600 
147 2 4.065370 23.426900 25.828000 
337 1 0.827163 16.174800 16.709300 
1376 2 9.877030 22.504100 13.457800 
145 1 4.978930 23.244100 25.961400 
1091 2 11.785400 22.656000 16.592100 
405 1 10.939300 24.413500 20.390300 
753 1 5.741150 17.491700 22.476700 
409 1 3.313010 24.414100 20.294300 
656 2 5.867950 26.200700 16.924000 
1794 1 1.876830 16.702300 13.719300 
1225 1 5.809410 20.594600 26.291100 
805 1 4.129700 17.241700 25.082000 
737 1 7.313030 23.547200 19.522600 
71 2 9.391230 15.465100 17.212900 
757 1 7.010800 20.045100 14.897600 
912 2 11.673100 15.097900 22.645800 
966 1 13.215100 25.172200 14.658800 
580 2 6.460220 23.072300 16.318400 
470 1 8.470240 18.333900 14.850200 
882 1 10.988200 15.938400 26.378100 
472 2 8.002460 18.245600 15.464600 
712 2 6.469780 14.514700 18.571400 
868 2 13.137300 13.555500 25.267900 
1227 2 6.355990 20.803500 26.098500 
523 2 6.704660 16.723300 26.194100 
809 1 8.409660 26.136100 19.363700 
70 1 8.911230 15.134500 17.891800 
537 1 8.757240 16.054000 13.788300 
1763 2 2.574340 24.792900 22.984000 
853 1 10.456000 25.170800 23.017800 
420 2 10.270500 25.788500 15.882700 
599 2 10.185800 26.138900 15.847400 
683 2 8.255560 13.725300 24.706600 
1374 1 9.675010 23.342100 13.662600 
97 1 1.286860 13.531200 16.089000 
521 1 6.245950 17.302200 26.341000 
361 1 3.856210 26.540500 24.769500 
1207 2 13.030400 19.290300 16.719900 
1151 2 13.093600 15.420800 18.260700 
100 2 1.555570 13.286200 14.858500 
967 2 13.454600 25.073300 13.882500 
1900 2 1.367710 13.321900 15.146400 
741 1 8.792260 19.099100 26.315500 
1150 1 12.282600 15.555500 17.612200 
1149 1 13.208100 15.125500 18.537200 
962 1 12.717400 16.842900 25.969800 
99 2 1.479550 13.436100 14.767200 
397 1 6.252970 25.730700 13.613800 
1961 1 0.404718 24.230400 20.610500 
342 1 0.017659 18.794600 26.389100 
1107 2 12.806900 18.702000 20.662700 
642 1 11.271800 13.249400 15.700400 
482 1 2.818270 19.842600 26.365800 
539 2 8.735390 15.627000 13.354800 
522 1 7.196860 16.441500 26.273900 
484 2 3.023840 20.680100 26.424100 
1531 2 18.024700 8.755440 11.425300 
1841 1 23.434700 6.820110 1.027150 
795 2 18.245600 1.195950 12.407700 
1627 2 23.994600 3.840580 3.674650 
1645 1 20.053200 10.532500 0.924946 
1463 2 16.892500 6.090640 3.097440 
613 1 18.850600 2.126900 12.261300 
1161 1 15.352100 0.161702 0.903464 
1754 1 17.238000 11.968300 5.462670 
1460 2 23.049500 2.151080 7.332260 
1622 1 20.905600 3.630870 1.251060 
1444 2 20.586200 2.453940 4.897200 
1623 2 20.925100 3.350570 2.065810 
1263 2 19.750800 7.656250 0.525692 
449 1 23.756200 12.164600 0.398358 
1516 2 24.339900 7.880330 11.441900 
1929 1 22.157700 9.307550 7.032980 
1903 2 24.910100 11.525900 5.744140 
1931 2 21.728400 9.245440 7.011330 
1515 2 24.370500 7.918570 11.828000 
1699 2 14.895000 7.720000 9.882510 
101 1 24.773800 12.639400 5.587540 
1088 2 17.278700 11.963400 10.541400 
615 2 18.292000 1.466870 12.427400 
1087 2 17.523800 12.107000 10.765400 
1652 2 22.540200 9.679300 2.615970 
1440 2 21.501600 3.044490 11.057300 
1034 1 15.961400 1.999490 4.030270 
1902 1 24.239200 10.973400 5.709190 
1787 2 25.577000 2.111750 0.954289 
1677 1 24.590200 5.089210 9.911600 
423 2 15.969700 8.459630 6.171920 
1438 1 21.985600 3.260000 10.658300 
1035 2 15.957800 2.325680 4.522450 
843 2 16.221400 8.820970 0.434148 
717 1 14.592800 9.522450 12.267500 
1311 2 15.846500 12.508300 0.397794 
1314 1 15.267400 10.713300 9.128470 
1086 1 16.954900 11.994000 11.254700 
1848 2 24.914800 0.872122 4.597620 
104 2 25.107900 11.252800 5.648140 
1915 2 25.629100 11.551500 10.233300 
1313 1 13.948500 10.812400 8.495260 
1483 2 18.818000 8.900040 4.537580 
1456 2 20.559600 0.261160 9.123410 
1474 1 25.556400 7.533410 4.451840 
1648 2 19.414000 11.038100 1.122360 
1210 1 19.575900 3.973720 7.428680 
5 1 26.591000 3.917630 6.954000 
991 2 24.535200 1.498570 11.853200 
1454 1 21.128600 0.389826 9.324760 
1904 2 24.908600 11.622600 5.606140 
376 2 14.804000 0.545301 10.483700 
237 1 17.472500 1.409810 12.178700 
1301 1 20.489800 12.076000 4.546910 
1464 2 16.791800 6.034100 2.954300 
1046 1 21.713800 6.880550 3.726470 
116 2 25.698800 11.646000 9.997080 
1437 1 20.673300 2.865860 11.163700 
1698 1 14.959500 7.127530 10.101900 
1459 2 23.210800 2.521590 7.601280 
828 2 14.110700 6.431240 0.198426 
1484 2 18.854000 8.839170 4.248780 
1532 2 17.961000 8.488990 11.572100 
1209 1 19.515000 2.948590 8.164920 
1211 2 19.543100 3.377690 7.729430 
23 2 24.133300 6.280620 1.081310 
1455 2 20.754800 0.419664 8.982450 
1891 2 25.520900 8.022650 8.354710 
1514 1 24.195700 8.298570 11.719900 
1529 1 18.307200 8.412790 12.087900 
871 2 14.861000 5.216550 5.668320 
113 1 24.899400 11.989300 9.490580 
1441 1 20.993200 1.781230 4.782970 
1246 1 17.220800 2.100160 1.053020 
1509 1 18.438000 9.642490 8.057170 
1085 1 17.964000 12.053800 10.421400 
451 2 24.556500 11.898700 0.781406 
1249 1 18.696500 5.163690 5.522510 
1250 1 19.454800 6.121620 5.813410 
1251 2 19.002300 5.524710 5.725150 
1252 2 19.165600 5.694980 5.719780 
1679 2 24.403400 4.741510 9.716140 
7 2 26.560700 4.693700 6.515700 
1045 1 21.242700 5.564800 3.447050 
1639 2 20.607000 6.129740 10.063500 
1462 1 16.754900 5.336690 2.986930 
1930 1 21.096000 8.953400 7.100120 
839 2 17.596700 0.231375 6.982450 
721 1 18.666000 0.439413 3.168080 
1650 1 22.683500 9.604510 2.310570 
1240 2 13.907000 4.278240 10.831200 
842 1 15.823200 8.609200 0.529126 
1482 1 18.922500 9.176270 3.884320 
623 2 16.568000 3.570860 8.703660 
1914 1 25.335800 12.182100 11.014500 
1916 2 25.523000 11.797200 10.265900 
1427 2 26.098500 1.660540 9.129330 
1690 1 21.635200 10.211900 11.124500 
825 1 13.870000 6.778650 0.659633 
1262 1 19.030800 7.537850 0.290744 
114 1 26.636800 11.889300 9.799070 
374 1 14.552000 0.516643 10.141100 
1453 1 19.887800 0.300787 8.751510 
1461 1 17.066900 6.746940 2.943980 
1621 1 20.938600 2.955580 2.665440 
1678 1 24.381500 3.693700 9.688200 
841 1 16.855800 9.275450 0.413481 
1512 2 18.732700 9.394770 8.497870 
421 1 16.347400 9.230520 6.381080 
1788 2 25.329800 1.983860 1.172720 
1494 1 18.156600 5.858690 8.622170 
1889 1 25.095500 7.986090 8.520770 
103 2 24.920200 11.463800 5.909800 
452 2 24.396800 11.872900 0.571564 
1033 1 15.898600 2.652530 5.220830 
1628 2 24.097800 4.109380 3.668150 
1261 1 20.354300 7.499770 0.662290 
1932 2 21.655900 8.973820 6.950130 
1753 1 17.564600 12.241700 6.881500 
1822 1 25.154300 7.389620 0.693487 
1304 2 21.234000 12.140800 4.860150 
1511 2 18.480100 9.435360 8.336300 
827 2 14.095800 6.318200 0.195402 
24 2 24.175200 6.558760 0.772265 
869 1 15.315300 5.534580 5.142830 
1697 1 15.025700 8.476240 9.831560 
1637 1 19.895800 6.125060 10.262300 
1302 1 21.938600 12.282200 5.036290 
1626 1 23.890800 3.677900 2.944620 
1481 1 18.553700 8.539790 5.144460 
1470 1 22.890400 5.371470 7.703970 
1471 2 22.446300 5.739490 7.157620 
1472 2 22.493500 5.352880 6.987320 
1237 1 13.720700 5.010600 10.814100 
1442 1 19.898700 2.775220 5.125970 
1475 2 24.728800 7.649350 4.877960 
1476 2 24.914600 7.580950 5.000200 
1047 2 21.554400 6.372620 3.716550 
8 2 26.398600 4.623910 6.550730 
793 1 18.798100 0.585540 11.586600 
1649 1 21.946800 10.227200 3.705770 
1315 2 14.814900 10.671400 8.676140 
1870 1 15.370800 9.947760 3.709150 
61 1 25.574900 5.278680 7.114180 
997 1 21.851000 0.409477 12.992400 
720 2 14.408100 10.230400 12.362500 
796 2 18.361600 1.234670 12.371900 
450 1 24.953000 11.603000 0.896438 
486 1 13.405200 11.016800 6.140100 
1691 2 21.491700 10.776700 10.900600 
1847 2 24.857800 0.814828 4.753190 
616 2 18.312700 1.092380 12.199900 
621 1 15.961100 3.241000 8.683170 
424 2 16.300600 8.652150 6.394210 
186 1 25.373300 1.277250 4.475240 
1239 2 13.886400 4.492330 10.646600 
95 2 26.032900 4.795470 13.151800 
1646 1 19.069800 11.171500 1.225010 
1625 1 24.108400 5.677360 3.830650 
1234 1 23.428800 1.817370 7.081750 
1496 2 17.780500 6.148270 8.643740 
624 2 16.405200 3.698200 8.676390 
1872 2 15.616900 10.460600 3.454280 
1238 1 13.810300 3.705170 10.442700 
1513 1 24.276500 6.935500 11.797100 
1901 1 25.458600 11.667600 6.785440 
1602 1 21.781300 0.252857 2.465550 
1530 1 17.750300 8.914640 11.025200 
1310 1 15.558400 12.946700 0.195321 
115 2 25.610300 11.796400 10.073600 
1680 2 24.452900 4.745260 9.710320 
1755 2 17.283800 12.085100 6.110030 
1689 1 21.216100 11.275200 10.789000 
1638 1 21.364300 6.012690 10.024700 
1640 2 20.590200 6.152370 10.091600 
1443 2 20.396700 2.224480 4.967970 
902 1 14.201000 7.854390 3.006820 
718 1 14.404400 10.911100 12.454200 
833 1 14.601000 2.936340 0.967484 
719 2 14.537200 10.270600 12.434100 
990 1 24.447700 1.633390 12.134500 
1673 1 16.635200 4.828560 11.247300 
1674 1 17.843500 5.054740 11.990200 
1675 2 17.293900 4.903260 11.775800 
1676 2 17.414700 5.112670 11.586000 
1785 1 26.113000 2.393460 1.150060 
1473 1 24.312400 7.872760 5.400420 
1913 1 25.747300 10.655200 10.034000 
1892 2 25.695000 8.486420 8.316980 
1439 2 21.269400 3.004460 10.780600 
872 2 14.952800 5.014260 5.546160 
1781 1 21.476300 0.308321 0.783136 
836 2 13.977900 3.006840 1.306720 
1493 1 17.122000 6.780720 8.527090 
992 2 24.781400 1.494690 11.660100 
1309 1 16.038000 11.614100 0.638749 
989 1 25.268400 1.267130 11.224600 
1428 2 25.937800 1.543860 8.723140 
1869 1 15.995300 11.105700 3.156270 
1316 2 14.593000 10.786800 8.729590 
1692 2 21.374300 10.832700 10.950200 
1036 2 15.983400 2.138650 4.465600 
1786 1 24.857100 1.891290 0.933452 
1048 2 21.592400 6.262750 3.536130 
1871 2 15.886200 10.474500 3.317090 
1212 2 19.604300 3.423090 7.893100 
1651 2 22.361500 9.763360 2.898200 
622 1 17.111400 4.064580 8.757320 
1510 1 18.922800 9.000440 9.185600 
373 1 15.470800 0.911655 10.819800 
1458 1 22.659300 2.835190 7.953850 
422 1 15.890400 7.848340 6.348400 
1469 1 22.014800 5.709130 6.588350 
1495 2 17.555700 6.460250 8.432480 
614 1 18.496900 0.734632 13.233000 
870 1 14.566700 4.592470 6.038430 
1425 1 25.511600 1.483170 8.366350 
1756 2 17.454900 11.946000 6.040410 
1624 2 20.901500 3.275050 1.984460 
1846 1 23.762500 3.580400 4.428590 
42 1 25.798600 9.528020 2.602120 
835 2 14.085700 3.157120 1.399400 
1823 2 24.487800 6.451350 0.662570 
1824 2 23.979900 6.273330 0.499387 
6 1 26.208000 4.476240 5.446890 
1247 2 17.954000 2.447070 1.359070 
1757 1 19.985600 12.006600 8.272220 
1303 2 21.090700 12.336200 4.779110 
1248 2 17.708500 2.457900 1.065880 
1264 2 19.775600 7.636060 0.522586 
1821 1 24.626300 5.481830 1.284870 
1245 1 18.220100 2.776400 1.295380 
1890 1 26.277100 8.602560 8.058150 
844 2 16.469100 8.981340 0.491292 
1700 2 15.030200 7.721410 10.110200 
1647 2 19.717100 10.781300 1.057830 
1843 2 25.930400 9.467950 2.511960 
121 1 25.700000 11.129500 5.148080 
840 2 17.395200 0.314020 7.098070 
188 2 26.164500 4.603110 6.074330 
96 2 25.917900 4.700950 13.208300 
837 1 17.681200 0.864401 6.938060 
187 2 26.705700 4.842350 6.550250 
1 1 24.485800 0.339093 4.678460 
1312 2 15.806800 12.325600 0.376915 
1760 2 20.080400 12.853700 8.313850 
375 2 15.088300 0.675652 10.675400 
1041 1 13.198600 7.429980 8.090290 
903 2 13.713400 7.761070 3.391040 
1759 2 20.018600 12.755100 8.482630 
834 1 13.533600 3.434710 1.767430 
94 1 25.615900 4.180330 13.015100 
904 2 13.414900 7.619420 3.565450 
17 1 26.440500 1.673980 9.331040 
1603 2 21.766000 -0.132460 1.469360 
1538 1 20.748800 8.143710 13.082800 
1022 1 19.152100 12.803900 24.930600 
1338 1 13.502600 10.038400 18.180400 
80 2 18.852000 12.172900 15.134000 
1880 2 18.645000 12.066600 15.154800 
1445 1 19.048000 5.130880 25.350700 
1499 2 14.862400 6.625370 13.381900 
1620 2 23.787900 2.709330 16.336100 
1917 1 24.531200 11.335500 14.603000 
1585 1 18.239500 12.812000 21.568400 
273 1 26.385000 9.280330 14.048400 
1641 1 22.704200 11.184100 17.774800 
1489 1 16.736400 3.894270 14.034100 
1799 2 23.727600 2.830470 16.076500 
849 1 17.298000 1.820380 17.758200 
1457 1 19.809000 7.406840 23.806900 
1520 2 15.219900 9.571850 15.592900 
88 2 19.681200 12.917800 18.837500 
1299 2 20.415300 7.077130 20.539500 
38 1 24.543000 7.275160 15.669500 
1519 2 15.292300 9.646920 15.362000 
678 1 14.597600 6.160660 16.709800 
1854 1 24.552900 8.923960 20.508100 
1058 1 17.432500 3.966230 20.935100 
1636 2 21.575600 5.674410 17.556200 
1424 2 20.196800 2.493940 22.945900 
1269 1 14.518300 1.878920 14.560900 
1291 2 14.444800 12.110800 23.150200 
1447 2 18.967700 4.515570 25.606200 
680 2 14.450000 6.600060 16.890900 
1508 2 23.042000 8.934260 24.402000 
1395 2 20.590600 -0.150245 17.215600 
1657 1 18.679300 10.490300 18.795000 
1873 1 26.670700 10.860900 17.871100 
1634 1 21.896100 5.013410 17.373600 
658 1 17.518700 0.198448 15.329200 
1257 1 19.529000 3.024250 15.939400 
1186 1 16.448000 2.723190 24.489300 
85 1 20.105700 12.842400 18.279600 
1877 1 19.611700 13.003700 15.320000 
1292 2 14.083100 11.978100 22.898000 
1015 2 15.668500 1.797940 21.039900 
693 1 15.412700 12.034100 16.249500 
56 2 24.677500 7.766220 20.542200 
1598 1 23.716200 3.817180 16.048400 
1492 2 16.693500 4.165530 14.521700 
287 2 22.768400 12.651200 24.054400 
33 1 21.663400 5.292150 13.297500 
1658 1 18.029500 9.255060 19.035900 
37 1 25.398600 8.098080 16.809900 
1098 1 16.765300 8.687800 20.831800 
1798 1 24.388600 2.312490 15.231300 
32 2 26.388200 4.380330 19.319800 
1414 1 19.595000 4.000010 19.760700 
1097 1 15.617000 8.127040 20.193400 
1270 1 13.787400 2.252580 13.571800 
118 1 23.362100 9.981490 14.740300 
1477 1 25.051500 11.323700 23.160000 
40 2 24.846000 7.095480 16.459800 
31 2 26.318600 4.325050 19.333700 
1878 1 19.542400 11.252400 14.598900 
29 1 26.405700 3.754490 19.400400 
1297 1 20.709800 7.979280 20.443200 
1254 1 18.836900 7.369900 14.883900 
1694 1 20.548300 8.915070 17.502500 
288 2 22.671600 12.735700 24.028100 
1837 1 25.699000 6.590230 16.105800 
87 2 19.768500 12.771700 19.013800 
1300 2 20.483800 6.973530 20.254300 
1611 2 22.733800 2.915480 25.500600 
26 1 25.422200 5.114440 23.072700 
1280 2 17.761100 6.278770 17.960800 
39 2 25.122400 7.188060 16.325400 
1421 1 20.819500 2.558100 23.472800 
1222 1 22.801000 5.689320 22.714900 
1235 2 20.053200 3.426490 15.700900 
1253 1 19.030300 6.277190 14.937800 
1752 2 16.125000 6.773490 24.346000 
1404 2 14.115700 0.527342 24.751100 
1500 2 15.084800 6.944670 13.414400 
798 1 14.721800 4.804950 21.510800 
1272 2 14.146200 2.083350 14.192600 
1505 1 23.015100 9.278250 23.882600 
1446 1 18.992700 3.857150 25.745200 
1656 2 20.463700 10.300600 24.466800 
1271 2 14.121900 2.113010 14.150500 
1635 2 21.612600 5.682780 17.309900 
1517 1 14.877100 9.649100 14.996900 
119 2 23.688700 10.953600 14.546100 
1295 2 17.464600 10.031100 24.192100 
1158 1 15.296200 11.852600 19.438800 
1233 1 20.588100 3.851490 15.661200 
1642 1 23.523600 10.827500 18.854300 
1839 2 24.917600 7.173510 16.672300 
1989 1 23.026600 2.638770 25.034300 
1296 2 17.360800 10.303700 24.059300 
852 2 16.818600 2.451770 17.790600 
1294 1 17.626400 9.725690 24.539300 
1160 2 15.523700 11.922100 20.148600 
1290 1 14.515600 11.802100 23.396500 
1498 1 14.495300 6.272020 13.235200 
1340 2 13.455600 9.493430 18.599300 
1478 1 26.350900 11.550400 23.589600 
1919 2 23.480600 11.190500 14.354500 
1695 2 20.780500 8.924930 16.989000 
1277 1 17.529800 6.336910 18.555900 
1617 1 23.087800 2.273270 16.568900 
1230 1 13.403400 8.853080 21.821100 
1413 1 20.254000 3.345750 19.049900 
1059 2 17.588500 4.802530 21.820100 
1610 1 22.463400 3.372770 25.966300 
1918 1 23.357400 10.983100 13.465000 
117 1 23.057800 11.699700 15.075900 
285 1 22.318900 12.090500 24.113700 
1016 2 15.577400 1.821260 21.109200 
695 2 15.512300 12.891500 16.556300 
679 2 14.538300 6.867050 16.967900 
1014 1 14.983000 1.687050 20.998500 
1100 2 16.294300 8.384510 20.447300 
1744 2 24.715500 1.036450 22.778600 
1490 1 16.979200 4.580480 15.337100 
55 2 24.510800 7.848850 20.850900 
1060 2 17.628900 4.662700 21.424800 
1693 1 21.111300 8.909040 16.246900 
79 2 18.681300 12.067200 15.135200 
1099 2 16.056400 8.367420 20.607900 
1654 1 20.524000 10.607600 25.054500 
1259 2 19.141900 7.231610 23.540000 
1800 2 23.985400 2.665440 16.281800 
1619 2 23.707800 2.820460 16.144800 
1987 2 24.096800 0.722372 19.430000 
120 2 23.407200 10.957300 14.491600 
1293 1 17.194400 10.835100 24.035300 
1223 2 22.815700 5.708320 23.578500 
1696 2 20.813000 9.023270 16.970100 
1057 1 17.673100 5.103500 21.803300 
1643 2 22.939800 11.074600 18.400000 
1543 2 18.990300 0.684011 20.562900 
850 1 16.440500 2.931170 17.934700 
1808 2 23.756400 0.630780 19.347000 
1544 2 18.638900 0.655141 20.255000 
677 1 14.454900 7.510700 17.155600 
78 1 18.245400 12.582100 14.444500 
1539 2 21.176300 8.621270 13.401300 
1750 1 16.070600 7.686860 24.039200 
1644 2 23.224700 10.965500 18.308000 
1448 2 19.204100 4.545290 25.578200 
1423 2 20.369600 2.515750 23.144400 
1258 1 18.626300 7.114460 23.147500 
1255 2 19.044800 6.761080 14.882300 
1633 1 21.100500 6.159030 17.728500 
1853 1 24.307900 7.824300 21.811200 
1582 1 14.327700 0.998984 24.142200 
1188 2 15.954200 3.307430 24.397600 
1856 2 24.441300 8.241770 20.769500 
1541 1 19.216600 1.317510 20.437700 
53 1 25.839700 7.582550 20.510900 
1422 1 19.708500 2.326670 22.999600 
1157 1 15.774200 12.270800 20.631800 
1298 1 20.172000 6.661010 20.554100 
1855 2 24.647300 8.171890 20.864000 
1840 2 24.940500 7.210260 16.210400 
1416 2 20.039000 3.554040 19.338600 
1433 1 21.638300 9.717300 21.180600 
1434 1 20.998000 10.833000 20.664700 
1435 2 21.359600 10.117700 20.947700 
1436 2 21.048000 10.096500 21.019400 
1013 1 16.212400 1.910730 21.183400 
1507 2 23.016100 8.872240 24.516300 
1655 2 20.465000 10.582900 24.100100 
1518 1 15.744300 9.436650 15.935500 
1986 1 23.762800 -0.015537 19.179600 
1653 1 20.486700 10.364100 23.641600 
1480 2 25.830800 11.412800 23.248800 
1260 2 19.429300 7.163470 23.619100 
1185 1 15.498900 3.530140 24.518600 
799 2 13.550400 5.315680 21.058600 
1660 2 18.433400 9.647220 18.955800 
1256 2 18.869400 6.743290 14.730300 
1159 2 15.741600 12.229500 19.962200 
1612 2 22.723000 2.965250 25.581500 
1187 2 16.005700 3.173530 24.530200 
54 1 24.051200 7.539440 19.845200 
1879 2 19.082600 12.325300 14.939800 
1236 2 19.835400 3.435920 15.701200 
77 1 18.341100 11.987100 16.030000 
1279 2 17.865700 6.562950 18.083100 
696 2 15.263800 12.671600 16.556800 
1479 2 25.899500 11.427400 23.253500 
1506 1 22.833100 8.461240 25.137300 
1491 2 16.956600 4.452960 15.171900 
1583 2 14.271900 0.350214 24.304500 
851 2 17.012300 2.445810 17.821600 
1751 2 15.949000 6.951160 24.313200 
1278 1 18.089600 6.477960 17.336200 
1629 1 22.876400 3.237500 21.101300 
1630 1 24.072600 3.683250 21.287600 
1631 2 23.379100 3.433440 21.184700 
1632 2 23.400600 3.393600 21.220400 
1741 1 25.018200 1.499010 22.955600 
1182 1 18.191000 -0.021441 24.888000 
1618 1 24.631200 2.946030 17.184900 
1920 2 23.423300 11.089200 14.429100 
1659 2 18.221800 9.814070 19.023200 
1838 1 24.093100 6.772160 17.096100 
1221 1 22.737900 5.935920 24.124700 
1289 1 14.177400 12.085300 22.300100 
1415 2 19.997000 3.705380 19.463400 
1749 1 16.126900 6.248460 24.332300 
1224 2 22.741200 5.897910 23.453700 
1743 2 24.520400 0.853749 22.959100 
1393 1 21.320600 0.518560 16.789300 
645 1 26.101800 8.207720 25.272300 
618 1 13.940500 5.527960 20.242800 
800 2 13.903000 5.367530 21.314700 
1024 2 18.682300 13.113700 25.031600 
1214 1 19.680400 0.658811 17.503300 
1805 1 24.132900 1.438800 19.469800 
36 2 22.037100 5.050620 13.556900 
1084 2 13.551200 9.818720 25.069300 
1588 2 18.323700 13.084600 21.743700 
619 2 13.640000 5.273630 21.209300 
1401 1 14.094300 -0.138008 25.085400 
30 1 26.216900 4.918990 19.183700 
1742 1 24.345900 0.424031 22.618200 
1082 1 13.490400 10.356300 25.602000 
86 1 19.389400 13.018500 19.508700 
1023 2 18.549300 13.231600 25.321100 
1894 1 22.751600 12.914500 20.171100 
797 1 13.234500 6.100120 21.871300 
1895 2 22.356900 13.289900 20.970500 
25 1 26.460500 3.898920 23.839800 
1542 1 18.296100 0.208717 20.256600 
1896 2 22.586000 13.245600 20.501500 
1981 1 24.205300 5.964330 26.226500 
1540 2 21.087700 8.619360 13.375200 
1537 1 21.532300 8.975000 13.562200 
35 2 22.318200 5.181650 13.402700 
34 1 22.727600 4.913410 13.858700 
1828 2 26.459500 4.799590 23.214300 
1990 1 26.430100 0.693981 17.463400 
1339 2 13.511700 9.620230 18.506200 
620 2 13.783900 5.356290 21.154300 
1337 1 13.344500 9.119520 19.038800 
27 2 26.394000 4.523460 23.232800 
1497 1 15.457900 7.166240 13.445800 
826 1 14.604800 6.107540 26.324100 
1594 1 23.166700 21.395600 5.724600 
1935 2 25.734500 17.557000 10.990700 
1573 1 19.612600 21.591400 11.321000 
1580 2 18.965500 23.963400 10.006800 
1346 1 18.644900 19.814200 1.078420 
133 1 25.902200 18.345000 10.394500 
1345 1 19.897000 20.418500 1.022290 
1770 1 19.790800 14.444300 6.163720 
1555 2 26.273200 21.061700 4.798760 
1139 2 14.561000 17.018100 8.570150 
1584 2 18.631000 23.489700 1.033900 
1664 2 21.784800 25.319700 5.781100 
774 1 13.650100 16.495500 5.687760 
1126 1 16.447400 25.203200 12.913000 
1104 2 17.921800 13.629600 2.963600 
1130 1 19.103600 21.748700 8.070380 
333 1 26.311800 15.211700 7.747860 
135 2 25.411200 17.137100 10.836000 
1547 2 22.907100 22.333700 0.416437 
1747 2 23.354700 14.571400 7.687590 
937 1 15.202500 14.437400 11.423100 
1385 1 19.038800 22.944000 0.551713 
1360 2 20.362200 16.394500 8.750820 
1132 2 18.913500 21.187400 8.018590 
1195 2 18.711000 20.331300 4.730760 
1556 2 26.278600 20.944500 4.895770 
1772 2 19.620000 14.865000 5.992870 
1178 1 16.258200 24.142400 9.378150 
1363 2 25.931400 21.711200 1.514170 
1771 2 19.540700 15.118900 5.956230 
794 1 13.517500 23.013100 11.245200 
1384 2 15.930900 23.644800 4.416080 
154 1 22.008800 19.910000 9.043600 
1488 2 23.297500 19.918000 3.381500 
1574 1 19.150400 20.794200 12.252400 
190 1 26.038500 24.854100 5.822570 
176 2 22.840000 19.643500 8.781780 
1140 2 14.566700 16.723800 8.818680 
1001 1 16.566400 23.094500 3.808130 
1127 2 16.238900 24.582800 12.815000 
1662 1 21.554700 25.507700 6.367230 
1007 2 17.165900 17.314400 5.966320 
1578 1 18.383800 23.706800 10.525400 
1681 1 20.871000 16.936400 3.071470 
1121 1 15.425600 13.847000 4.859820 
1005 1 17.471400 17.522900 5.642000 
1357 1 19.733800 16.529300 9.112980 
191 2 26.351500 24.767800 6.536440 
1164 2 15.942400 26.422300 0.626516 
926 1 14.311100 20.033800 5.996200 
1606 1 24.354100 24.036100 3.838650 
1177 1 15.405800 23.473700 8.398420 
1572 2 16.778500 14.485800 8.526260 
1162 1 16.399600 26.078700 0.096140 
1317 1 16.379600 21.750900 10.959500 
939 2 14.671000 14.262900 11.089100 
1745 1 23.329300 14.657700 8.226380 
1748 2 23.545300 14.973800 7.486180 
1721 1 16.531500 19.981600 2.101770 
1604 2 21.817200 26.165600 1.680910 
1663 2 21.976800 25.265300 5.666110 
1682 1 19.908100 17.942400 3.301060 
1536 2 17.179000 17.386800 10.135300 
83 2 23.820900 14.988700 3.192640 
928 2 14.517400 20.026300 5.213010 
1006 1 16.380600 16.904400 6.495970 
1719 2 22.488700 13.941200 10.798600 
1266 1 18.976100 16.113700 0.744729 
1739 2 19.220300 14.568700 11.240800 
134 1 25.952500 17.374100 11.851600 
1566 1 26.117000 21.101000 8.626890 
1405 1 19.943100 23.628200 6.552940 
1740 2 19.327600 14.541200 11.373500 
1730 1 15.040200 18.235600 13.044500 
723 2 18.635200 26.305400 3.299140 
1570 1 17.261600 14.951500 8.252180 
1733 1 24.898600 17.647400 6.625250 
1882 1 24.055600 14.839400 1.575200 
1575 2 19.453600 21.036200 11.720300 
1614 1 21.151200 17.724900 12.062600 
1685 1 13.728000 25.964300 7.394060 
174 1 23.278600 19.545800 8.532060 
317 1 16.300400 20.219700 8.376090 
545 1 13.911200 15.469800 2.699310 
1138 1 14.961000 16.494900 9.275600 
82 1 24.685100 14.420600 3.261740 
838 1 17.233000 25.972200 6.805200 
1397 1 22.039900 23.263500 8.763790 
1267 2 18.479500 16.331500 0.345821 
1398 1 23.203800 25.159700 9.194550 
1102 1 18.476200 13.851500 3.638480 
1204 2 15.952700 23.587600 4.600460 
768 2 16.116800 16.428700 2.827970 
1153 1 16.852100 15.290400 13.233300 
1417 1 23.699500 22.330500 12.827800 
1196 2 18.927900 20.172200 4.736390 
1485 1 23.691700 19.927900 3.478770 
136 2 25.578500 17.301400 10.848900 
765 1 15.932800 16.284500 2.190590 
320 2 15.783500 19.854300 8.600340 
1884 2 24.100200 15.218900 2.985520 
1320 2 16.460800 21.578700 11.498700 
81 1 22.873500 14.664400 3.225730 
1553 1 25.812400 20.798800 5.082120 
1734 1 25.794100 18.606900 6.817960 
1661 1 22.285200 24.984300 5.287130 
1408 2 19.204100 23.604100 6.457890 
1593 1 23.192500 22.634000 6.806430 
1666 1 20.852700 13.361500 1.139540 
1724 2 16.064700 19.887200 1.628110 
1018 1 23.649200 24.233600 10.514100 
1359 2 20.231300 16.620900 8.888320 
1608 2 24.254000 24.274500 3.441350 
1203 2 15.950200 23.751900 4.501490 
1782 1 22.807300 25.866700 1.494410 
1381 1 16.390400 23.717500 5.158580 
1114 1 19.721000 18.083100 13.480600 
1535 2 17.201900 17.347100 10.638200 
1179 2 15.906300 23.885400 8.738170 
1596 2 23.344800 21.963800 6.349340 
1123 2 14.641800 14.043900 4.852450 
175 2 22.538800 19.658400 8.902700 
1347 2 19.453100 20.069900 0.946477 
1348 2 19.171500 20.129700 1.004460 
1599 2 23.417400 21.447500 12.231100 
1129 1 18.500400 20.586200 7.885970 
985 1 13.444800 21.584800 2.664440 
1419 2 23.371500 21.407400 12.310800 
1358 1 20.942700 16.405000 8.499760 
585 1 13.472600 25.209400 2.462620 
1406 1 18.723600 23.305800 6.370450 
1268 2 18.440700 16.422400 0.412245 
1667 2 21.313400 13.970100 0.450146 
1718 1 22.400100 14.586800 11.176300 
1201 1 14.976500 23.142500 4.590090 
1613 1 21.315300 18.985500 11.891600 
1487 2 23.279900 19.853300 3.132190 
1370 1 22.116000 18.020300 6.374230 
1371 2 21.927200 18.384400 5.921260 
1372 2 21.881400 18.412400 5.996980 
1546 1 23.434200 22.131100 0.879379 
940 2 14.911100 14.175400 10.920700 
1881 1 24.174600 15.999600 3.172450 
1933 1 25.836700 16.322900 10.595900 
1318 1 16.643700 21.274000 12.005700 
1362 1 26.248300 21.054600 2.217450 
1418 1 23.540900 20.538800 12.909900 
1387 2 18.583700 23.464800 1.182530 
1738 1 19.740900 14.923500 10.646300 
84 2 23.968900 14.872200 2.932300 
1569 1 16.433300 13.963200 8.743660 
1383 2 15.972700 23.683500 4.495720 
1163 2 15.795200 26.358100 0.620400 
1399 2 24.152100 24.890200 9.753590 
1934 1 24.329900 17.365000 10.653000 
1925 1 26.359400 18.216700 3.328980 
1736 2 25.280000 17.904600 6.719320 
1737 1 18.914000 14.290100 11.666200 
1723 2 16.151800 19.801200 1.729880 
1784 2 21.937000 25.998800 1.584530 
1525 1 20.308400 22.957500 3.432190 
1103 2 18.048000 13.858900 3.077310 
1534 1 17.231200 17.391300 11.280400 
1124 2 14.876700 13.885100 4.800450 
1101 1 17.640300 13.754700 2.460160 
1128 2 16.141600 24.526300 12.795700 
1731 2 14.628500 17.810400 12.857700 
1528 2 20.894200 22.746100 3.426450 
1616 2 21.207600 18.186300 12.011400 
1319 2 16.429900 21.516200 11.533200 
767 2 16.166300 16.476300 2.932620 
1684 2 20.582800 17.379600 3.168290 
1527 2 21.071800 22.866600 3.245360 
1729 1 14.119700 17.261600 12.569400 
1194 1 18.499400 20.363600 4.149060 
1369 1 21.592300 18.649300 5.315030 
1883 2 23.935200 15.012500 2.843760 
1735 2 25.217500 18.077300 6.675020 
1008 2 16.795800 17.221900 6.047650 
142 1 22.892300 18.961500 0.494707 
1720 2 22.433100 14.144200 10.948100 
1533 1 17.111300 17.501100 9.775930 
1420 2 23.267500 21.432100 12.021300 
1486 1 22.712900 19.606800 2.836460 
1577 1 19.380700 24.338200 9.567090 
1717 1 22.563000 13.438600 10.570400 
1576 2 19.266800 20.958900 11.807200 
1217 1 23.882600 21.295900 11.355800 
1219 2 21.708700 23.253200 8.577510 
1597 1 22.587600 21.718400 11.940100 
1605 1 23.917300 24.308600 2.656350 
1125 1 15.924100 23.877300 12.758600 
495 2 13.319500 13.394700 8.100400 
1526 1 21.602900 22.485700 3.132680 
1683 2 20.355200 17.584700 3.253700 
927 2 14.989100 20.080700 5.030840 
1122 1 14.037600 14.067800 4.850730 
1600 2 23.407600 21.457700 12.274400 
318 1 14.976400 19.876700 8.764830 
319 2 15.555400 20.144900 8.397680 
1137 1 14.279600 17.285600 8.466090 
1936 2 25.475000 17.153500 10.902100 
9 1 26.188300 25.223400 7.471280 
1595 2 22.982300 22.035000 6.373100 
724 2 18.564600 26.187100 3.553660 
1746 1 23.481100 14.889700 6.898310 
1382 1 15.774400 24.741100 3.827160 
1601 1 21.391100 25.290500 1.805150 
1607 2 24.249700 24.345600 3.253050 
1571 2 16.932600 14.472500 8.393560 
1407 2 19.101100 23.484000 6.534630 
1769 1 19.186700 15.492200 5.928570 
1364 2 26.049400 21.423000 1.412250 
722 1 18.494900 25.789300 3.940920 
1131 2 18.523900 21.164100 8.075840 
1579 2 18.891900 23.984500 10.305100 
548 2 13.341100 15.395500 2.265110 
1361 1 25.814300 21.727200 1.030990 
938 1 14.580900 14.130700 10.411500 
1581 1 18.344800 23.827900 1.606820 
1548 2 22.165600 21.984400 0.405657 
925 1 15.199600 20.179500 4.791190 
1722 1 15.390900 19.658400 1.397470 
1220 2 23.772300 24.657600 9.773910 
1180 2 15.789100 23.796700 8.750740 
766 1 16.190200 16.679700 3.478700 
1732 2 14.739400 17.833100 12.869900 
1615 2 21.294800 18.242600 12.208500 
1400 2 23.441600 24.868600 9.490540 
1218 1 24.821800 24.753300 9.577960 
493 1 13.875400 13.233400 7.889280 
1193 1 19.194000 20.175900 5.343590 
11 2 26.554200 24.380200 6.812760 
1783 2 21.947300 26.307200 1.597760 
173 1 20.069300 13.361600 8.467400 
1668 2 21.191200 13.838000 0.393850 
1797 1 25.159000 25.800900 13.076000 
1549 1 24.191000 14.149300 13.075400 
1331 2 17.544600 17.069500 21.736600 
1019 2 21.886600 25.935400 13.710600 
1704 2 16.227000 15.310600 24.544600 
1386 1 13.386200 19.967900 17.417400 
1941 1 21.838100 18.871300 25.329700 
1672 2 17.088600 15.131600 18.994000 
130 1 25.912800 19.006900 18.311500 
349 1 19.808700 19.296000 19.321600 
1703 2 16.206500 15.402400 24.415300 
1701 1 15.688700 15.807200 24.400600 
129 1 25.508700 19.450800 19.633100 
1589 1 21.067700 25.446500 21.075800 
702 1 25.297500 20.030500 22.223000 
1368 2 22.397500 25.798400 24.638800 
1921 1 18.207800 21.748600 22.348700 
1561 1 19.636100 22.192600 17.448000 
960 2 14.280100 21.062500 13.836100 
1366 1 21.628800 25.500300 24.276900 
1705 1 19.149200 15.729300 17.276700 
1944 2 22.623100 18.378300 26.285000 
802 1 14.705700 22.580500 26.528900 
516 2 22.492900 18.388000 18.232500 
1774 1 24.403800 22.557400 23.448300 
1285 1 17.952000 19.231000 24.834800 
102 1 16.164300 21.433400 22.164200 
1560 2 17.440900 20.345000 15.851200 
1367 2 22.083000 25.813900 24.523800 
1942 1 23.534400 18.634600 25.531300 
504 2 24.952300 14.943500 25.627400 
143 2 22.621400 18.399600 26.087400 
984 2 14.951400 22.414100 25.556600 
1790 1 24.879200 25.382500 26.624900 
1715 2 16.297400 16.907300 16.503200 
866 1 13.383600 13.688700 24.644600 
1200 2 22.182100 26.080400 13.772500 
1973 1 21.408600 15.781800 19.854800 
1378 1 20.916000 15.039300 13.642600 
1713 1 15.652000 16.988900 17.144100 
194 1 23.365800 24.619600 16.786700 
1776 2 23.948600 22.714400 23.817200 
1993 1 23.599700 22.904200 17.898000 
1963 2 26.004800 24.042800 21.128500 
105 1 23.173300 16.564300 22.703900 
350 1 19.130500 19.694100 17.931100 
1055 2 14.578200 24.939800 21.599600 
963 2 13.451400 16.813000 26.014800 
1671 2 17.035600 15.137900 19.232000 
1559 2 17.317700 20.531600 15.765100 
1545 1 22.122900 22.073900 26.512300 
1773 1 23.211000 23.109900 23.908200 
196 2 24.109000 23.127300 16.749600 
981 1 16.004200 23.053200 25.336400 
123 2 17.281400 21.877500 21.515800 
140 2 24.639400 18.618100 15.095800 
1907 2 24.342400 16.826300 22.162900 
68 2 23.493700 14.791100 17.119900 
1947 2 20.621400 19.416800 22.248800 
124 2 17.357400 21.951000 21.684200 
1795 2 25.468600 25.496400 13.450400 
144 2 22.743600 18.451500 25.825300 
1557 1 16.682400 20.217200 15.929100 
1592 2 21.367300 24.216700 21.112800 
1330 1 17.271600 16.494700 21.917100 
1197 1 22.801100 25.961900 13.515500 
1551 2 24.492500 14.560300 13.337200 
1329 1 17.637600 17.802200 21.441200 
1923 2 17.087000 21.631000 21.788600 
1009 1 14.649300 22.634400 19.197100 
1994 1 24.762600 23.491200 15.502800 
1702 1 16.592900 14.838700 24.675900 
1390 1 17.603500 24.685600 19.049700 
1524 2 16.215800 19.021700 18.806700 
1265 1 17.873100 16.728800 26.532300 
1326 1 15.146800 23.858400 16.070100 
1327 2 15.530700 23.208800 16.303000 
1328 2 15.346700 23.408200 16.110000 
14 1 25.515300 23.455000 17.101600 
1951 2 22.962000 20.850900 20.829000 
1670 1 17.374300 15.663900 19.290900 
1116 2 18.876600 18.027700 13.684300 
1949 1 22.600600 21.035300 20.388600 
1590 1 22.291800 24.042000 20.712800 
1962 1 25.190500 23.964200 20.297600 
1012 2 14.051000 22.543400 19.517900 
1465 1 13.151200 16.201700 15.089800 
1206 1 13.290200 19.344800 15.931100 
1355 2 19.463200 23.260100 14.040900 
1356 2 19.378400 23.401000 14.114500 
1521 1 16.611700 18.802400 18.532000 
329 1 19.136700 21.493700 24.577500 
1113 1 18.463900 18.069900 13.778800 
657 1 17.011600 25.566800 15.322000 
1793 1 26.054100 25.002700 13.880800 
1286 1 17.903400 18.047200 23.922800 
1867 2 23.731400 14.752600 17.340400 
1431 2 20.316100 15.896700 23.443500 
1287 2 17.933300 18.833700 24.568800 
1380 2 21.350500 14.765000 14.107100 
352 2 19.354100 19.433800 18.684500 
503 2 24.859300 15.035200 25.739300 
1792 2 25.202600 25.590600 26.500300 
1523 2 16.062900 19.113300 18.699400 
1354 1 19.023600 23.608200 13.934100 
1391 2 16.995600 24.716400 19.031500 
161 1 25.903500 24.646600 21.985300 
92 2 26.246800 13.939200 20.782000 
1586 1 18.483900 14.056800 21.946900 
514 1 23.170300 18.618400 18.072100 
1410 1 21.002300 23.732800 21.532200 
1412 2 21.278400 24.191700 20.697700 
1924 2 17.296300 21.688600 21.306400 
1288 2 17.805800 18.885900 24.544700 
1432 2 20.297800 15.655900 23.740400 
1950 1 23.352900 20.865700 21.253600 
1908 2 24.028200 16.772100 21.969600 
1945 1 20.177400 19.747100 22.545800 
1011 2 13.958200 22.693100 19.458000 
90 1 25.887300 13.416300 21.168500 
1775 2 23.667300 22.777000 23.696700 
1940 2 24.755000 18.569800 15.244800 
1379 2 21.385600 14.882500 14.064900 
1325 1 15.591400 22.890500 16.299200 
195 2 24.204700 23.183500 16.468400 
975 2 14.268800 26.117800 18.073400 
701 1 25.912800 20.473700 23.297800 
1199 2 22.181500 26.288700 13.540900 
1010 1 13.356500 22.567600 19.899200 
1791 2 25.224200 25.655100 26.476700 
330 1 19.849700 22.551500 24.339300 
974 1 13.692600 25.877900 18.592300 
1562 1 18.578200 23.096600 17.115600 
1564 2 19.139100 22.503600 17.247100 
91 2 26.026600 13.978000 20.831600 
1020 2 22.029100 26.274400 13.446500 
558 1 13.859400 14.788000 21.457200 
1866 1 22.698000 15.218600 17.162900 
1975 2 20.882100 16.370900 19.933200 
1939 2 24.566500 18.474000 15.333100 
138 1 23.641300 17.751300 15.056000 
65 1 23.499000 13.729600 17.739800 
1389 1 16.345600 24.477200 18.962300 
1522 1 15.610900 19.374100 18.875900 
1550 1 24.574900 15.390100 13.674900 
1591 2 21.264000 24.258900 20.692800 
1558 1 17.969900 20.817500 15.826100 
1411 2 21.285500 24.178300 21.103800 
1002 1 18.016200 24.908600 25.633900 
66 1 24.381000 15.549300 17.887800 
502 1 24.650000 15.542500 25.171900 
164 2 26.095400 23.701200 21.219300 
1504 2 14.739600 18.660300 23.514900 
959 2 14.375700 21.246300 13.896800 
804 2 15.144700 22.410400 25.538400 
1563 2 19.297700 22.659500 17.449200 
1922 1 17.510300 21.141200 20.744900 
1943 2 22.742700 18.630000 26.196900 
703 2 25.622100 20.151000 22.910000 
1706 1 19.425500 16.492600 16.100700 
1707 2 19.377300 16.071900 16.726100 
1708 2 19.275500 16.053200 16.733900 
1938 1 24.859100 18.818400 14.064400 
1106 1 13.434100 18.419400 20.189000 
1430 1 20.571800 16.299900 23.364400 
1377 1 21.882000 14.569100 14.526100 
106 1 23.788600 17.362800 21.427400 
1948 2 20.516400 19.249500 22.339400 
137 1 25.349200 17.828500 15.398200 
1353 1 19.786100 22.659300 14.319100 
1725 1 21.206900 18.961400 15.515500 
1726 1 20.331600 20.090900 15.078000 
1727 2 20.742400 19.902500 15.265100 
1728 2 20.782100 19.555800 15.357300 
141 1 22.370700 17.379200 26.418800 
965 1 13.664900 25.031300 13.450400 
139 2 24.546400 18.388300 14.917500 
1995 2 23.842500 23.276000 16.631900 
1502 1 14.726900 18.843400 24.317900 
1056 2 14.455900 25.088100 21.657500 
1669 1 16.893300 14.517400 18.880200 
1181 1 16.860800 25.406400 24.050600 
163 2 25.931200 23.998000 20.970500 
1976 2 20.705100 16.255000 20.068100 
67 2 23.496800 14.667100 17.341200 
1905 1 24.916700 17.164200 22.601000 
1906 1 24.371700 15.746500 21.740300 
559 2 14.649700 14.924900 21.434300 
1503 2 14.629300 18.633700 23.635600 
1868 2 23.636200 14.489600 17.109200 
1021 1 18.046600 13.239200 25.473600 
1154 1 16.077100 15.400700 14.275900 
108 2 24.097800 16.514200 22.237800 
1365 1 22.897700 25.963300 24.719700 
1946 1 21.039200 18.695400 22.117400 
501 1 25.334000 14.464000 25.886400 
961 1 13.946400 16.653400 26.008500 
162 1 26.167800 23.054100 21.510600 
16 2 24.134200 22.822200 16.638400 
122 1 17.182800 22.803200 21.302600 
1054 1 14.206100 24.813500 21.179400 
1429 1 20.114500 15.257700 23.919200 
1332 2 17.530200 17.193900 21.567500 
1716 2 15.928600 17.034500 16.472700 
1974 1 20.457200 16.842900 20.148900 
331 2 19.633600 22.049800 24.405200 
976 2 14.194700 26.100200 18.073500 
1501 1 14.738700 18.610900 23.043100 
1156 2 16.564300 15.429000 13.675500 
983 2 15.255900 22.612100 25.638600 
1115 2 18.905400 18.060700 13.564400 
803 2 15.251300 22.543000 25.459200 
13 1 23.089100 22.606500 15.854600 
332 2 19.331300 22.096500 24.372900 
15 2 24.119500 23.145300 17.019200 
89 1 26.297100 14.514300 20.537300 
1392 2 17.123500 24.496900 19.075900 
1952 2 23.128600 20.913500 20.774300 
704 2 25.541600 20.181000 22.835500 
1996 2 24.355200 23.083600 16.695600 
557 1 15.225200 14.959900 21.316400 
560 2 14.578600 14.792700 21.406300 
1714 1 16.662200 17.143300 16.035000 
107 2 24.084000 16.987500 22.034600 
515 2 22.652200 18.444300 18.435300 
351 2 19.517100 19.404400 18.522800 
1937 1 24.345500 19.302200 15.818800 
193 1 24.465100 21.947600 16.991900 
1409 1 20.772500 23.925900 19.804600 
513 1 21.970500 18.000100 18.438900 
659 2 17.225200 26.201600 15.460400 
1053 1 14.873700 25.229600 22.228500 
660 2 17.227000 26.181500 15.380200 
1216 2 20.321500 26.606900 16.954400 
973 1 14.716200 26.519100 17.692200 
132 2 25.889800 19.213800 18.986000 
694 1 15.226400 13.569800 16.699400 
1215 2 20.401300 26.399700 17.156800 
131 2 25.729300 19.293000 18.830800 
1796 2 25.648900 25.231800 13.621200 
1394 1 19.990900 25.986500 16.423600 
1004 2 17.627600 25.501300 24.378500 
1155 2 16.499100 15.401700 13.679500 
1017 1 21.484300 25.274000 13.297300 
1865 1 24.011500 14.554800 16.284200 
957 1 14.822800 20.975800 14.491100 
1552 2 24.403300 14.684100 13.507100 
1183 2 18.191900 25.364900 24.695100 
964 2 13.433600 16.767700 25.925300 
1208 2 13.214800 19.591100 16.700400 
1213 1 20.634300 25.859100 17.872500 
1964 2 26.059400 23.955600 20.971800 
982 1 14.519300 22.906100 24.860700 
1184 2 17.690600 25.640100 24.289100 
1003 2 17.975600 25.633900 24.421200 
801 1 15.617900 21.429800 25.460300 
1202 1 18.498000 25.428800 23.936000 
968 2 13.339600 25.208200 14.150200 
1766 1 26.552500 22.429900 25.098000 
1198 1 21.654300 26.246900 14.631200 
286 1 23.080500 13.348900 23.999500 
1587 2 18.437000 13.346400 21.915500 
1893 1 22.337500 13.520700 21.404600 
1396 2 20.347100 26.309900 17.225200 
1789 1 25.908300 26.132800 26.345400 
958 1 13.977900 21.328900 13.483600 
1665 1 21.329300 14.111500 26.385000 
