id type x y z 
19 2 2.617360 4.706030 11.974400 
373 1 10.117700 0.990797 8.705030 
1746 1 0.044915 11.714700 8.958970 
1998 1 1.730450 1.007350 4.665760 
914 1 10.209600 7.364760 10.627100 
1283 2 11.471400 2.936500 1.372610 
831 2 11.377400 4.060480 8.931530 
486 1 10.576700 11.200300 7.872820 
383 2 6.094540 1.435710 4.600060 
861 1 6.125760 6.883880 12.290700 
541 1 3.733600 4.635990 3.033350 
291 2 6.569740 10.905500 12.401400 
474 1 2.468450 5.479330 10.225100 
1844 2 0.437094 11.226200 0.969343 
182 1 7.122970 5.493840 4.622680 
384 2 5.960010 1.627170 4.884870 
62 1 3.692780 9.126960 5.945530 
991 2 0.151712 1.807900 9.067460 
832 2 11.489000 4.393930 8.793820 
1044 2 9.164330 8.345720 3.305080 
322 1 11.123900 6.086270 0.692258 
258 1 7.934870 10.026900 10.191600 
812 2 8.508740 2.952460 1.684600 
1136 2 4.144350 8.080320 2.810880 
550 1 2.428640 12.591800 7.219800 
1135 2 4.231550 8.047550 2.815270 
865 1 10.389900 10.203100 1.092600 
290 1 6.633540 11.669000 12.306800 
324 2 11.364800 6.773640 0.706548 
381 1 6.705470 1.236610 5.361230 
822 1 11.084300 4.675060 3.299220 
810 1 8.484330 3.225290 1.997390 
229 1 4.979000 3.943790 8.082150 
230 1 6.893470 6.371990 3.790690 
231 2 6.915950 5.908540 4.132260 
232 2 6.901310 5.958430 4.035660 
476 2 1.383740 0.903701 5.416320 
257 1 8.664200 9.674450 9.172140 
421 1 12.879100 8.040530 4.819670 
608 2 3.635170 0.102398 8.464540 
1699 2 9.832690 7.096760 7.216330 
546 1 9.766760 12.110800 3.611920 
916 2 10.442600 6.756060 10.990500 
389 1 6.928130 2.278390 10.723900 
590 1 1.103050 7.121890 4.728680 
256 2 6.661030 12.262300 9.346880 
610 1 7.308180 10.611100 5.171860 
323 2 11.460100 6.476390 0.773997 
789 1 7.412240 10.046200 6.780120 
989 1 0.520528 2.332950 9.001510 
255 2 6.698630 12.254200 9.511040 
548 2 10.375500 11.533900 3.955760 
269 1 4.864940 7.004550 7.293790 
270 1 3.772920 6.254940 6.618600 
271 2 4.197160 6.744270 6.770410 
272 2 4.231390 6.754280 7.142840 
978 1 11.964100 3.391360 11.581300 
376 2 10.585800 1.058570 8.930600 
581 1 7.230520 5.303680 0.977625 
1270 1 12.191700 0.966169 11.648100 
202 1 5.048330 0.849471 5.066710 
1858 1 5.327880 8.913040 9.604270 
1833 1 5.207880 3.381810 11.459800 
552 2 2.408870 12.307600 7.810480 
1450 1 0.959029 4.427790 6.691880 
259 2 8.522150 9.762030 9.515010 
868 2 10.072800 10.257700 0.551059 
1426 1 3.701960 5.109080 11.852200 
867 2 10.114800 10.391100 0.589590 
1042 1 9.066800 7.773010 3.233430 
823 2 10.611900 4.805540 3.658960 
112 2 1.489370 8.887250 8.491130 
499 2 1.790370 9.613430 12.080600 
547 2 10.500900 11.428200 4.155670 
200 2 2.284510 4.376420 11.873400 
221 1 0.995180 0.566839 10.817000 
1041 1 9.318920 9.227070 3.366410 
979 2 11.394900 3.315940 12.270400 
461 1 6.984580 9.557700 1.864380 
208 2 5.599710 3.457340 7.835690 
109 1 1.369730 9.089040 8.937520 
1686 1 10.085400 1.269350 4.250590 
57 1 4.693290 10.213000 10.276700 
1452 2 2.038790 3.936470 6.716150 
1043 2 9.173270 8.473650 3.128940 
374 1 11.220800 0.438923 9.520350 
1306 1 5.223150 12.231600 0.250050 
790 1 6.695020 9.016180 5.603360 
390 1 7.525500 3.806700 11.680900 
1801 1 0.963312 5.396510 0.488956 
1509 1 13.095100 12.024600 9.772280 
473 1 1.223460 0.718338 5.987610 
22 1 0.262281 11.487800 1.790030 
41 1 1.197220 10.460400 0.612729 
2000 2 3.018950 4.595120 12.357100 
487 2 10.977100 11.233900 7.672900 
824 2 10.588900 4.622670 3.695980 
1272 2 12.410400 0.387135 11.377900 
977 1 11.063200 3.451560 12.720000 
289 1 6.374150 10.440100 12.681700 
858 1 11.239300 10.698400 10.436100 
500 2 2.380830 9.747730 11.755800 
210 1 7.183150 4.085590 9.810050 
375 2 10.667600 0.623805 9.225240 
673 1 8.032110 3.902290 7.704210 
792 2 6.741210 10.238800 5.523600 
488 2 11.064000 11.321200 7.565630 
1134 1 4.851670 8.084000 2.720860 
58 1 3.839440 9.329010 8.947760 
64 2 3.101530 9.909500 5.475110 
1830 1 0.461578 3.541130 2.649630 
582 1 7.518940 6.972220 0.412477 
829 1 11.205800 3.563450 8.862010 
60 2 4.603680 9.468110 9.606080 
392 2 7.343620 3.442090 10.599800 
1831 2 0.769540 3.454220 3.307240 
59 2 4.561200 9.515200 9.706140 
206 1 5.976010 3.113700 7.416740 
917 1 10.105200 13.236300 10.267200 
606 1 3.714820 0.582646 8.907570 
212 2 7.615220 3.123960 10.729300 
992 2 0.049582 1.730640 9.208070 
1832 2 0.750277 3.516870 3.254820 
543 2 3.714780 4.755640 3.669240 
45 1 4.194120 12.844100 12.470000 
544 2 3.571630 4.820010 3.636620 
1685 1 11.327300 1.084140 4.042840 
611 2 6.847060 10.065300 5.801320 
571 2 6.899710 0.130024 9.126770 
1862 1 2.824790 10.175500 5.155240 
862 1 7.340540 7.256330 12.678300 
664 2 7.178760 6.606300 8.915110 
591 2 0.663162 6.601280 4.712160 
48 2 3.370100 12.840200 12.221600 
1124 2 12.223100 13.067000 1.560480 
1700 2 9.922510 6.938720 6.968230 
1252 2 12.852000 8.694160 8.643550 
809 1 8.437010 2.349500 1.282140 
674 1 8.839000 3.199980 6.518090 
569 1 6.142040 0.131828 9.067710 
859 2 11.058100 11.136900 11.157600 
1281 1 10.962000 2.733020 1.275140 
166 1 2.507800 1.239050 1.220740 
101 1 0.251784 10.895100 4.737250 
1251 2 12.841800 8.649230 8.605020 
423 2 12.605600 7.557650 4.285830 
549 1 2.256570 12.086500 8.366570 
833 1 13.113400 2.760940 5.233920 
676 2 8.490270 3.349110 6.661970 
791 2 6.874550 9.869700 5.981570 
675 2 8.636150 3.348610 6.804010 
545 1 10.985200 11.333400 4.446620 
663 2 7.137140 6.422480 9.163490 
863 2 6.604060 7.101580 12.351400 
821 1 10.108700 4.730580 4.135340 
125 1 8.585330 13.272200 1.199500 
197 1 8.412780 2.947600 10.529200 
47 2 3.414080 13.018900 12.356400 
167 2 2.882450 0.152099 0.871424 
199 2 2.729320 4.893920 12.243100 
913 1 10.769600 6.119050 11.251100 
726 1 3.177190 12.001000 2.571080 
1451 2 2.059980 4.004650 6.805060 
207 2 5.527730 3.758120 7.804160 
1697 1 9.506870 7.316950 6.588640 
485 1 11.685800 11.470000 7.265070 
498 1 2.492360 9.612230 11.327800 
111 2 1.309760 8.908230 8.526800 
1336 2 5.094270 0.461000 12.552900 
254 1 6.231230 12.290800 9.569350 
1284 2 11.644600 2.933130 1.248610 
382 1 5.424500 2.550740 4.593490 
592 2 0.655136 6.690610 4.434620 
209 1 1.311450 4.241650 12.237500 
464 2 6.730200 10.278000 1.399720 
110 1 1.312190 8.336570 7.869230 
570 1 7.498840 0.383645 9.025740 
661 1 6.662650 6.421140 9.630940 
1133 1 3.450110 8.046230 2.559340 
542 1 3.388310 4.937540 4.184850 
1999 2 2.650170 4.415460 11.354300 
1449 1 2.459170 3.746710 6.887070 
391 2 7.600370 3.285810 10.508700 
1958 1 2.757220 3.446990 11.242200 
292 2 6.583010 10.999800 12.483100 
422 1 11.986900 7.149510 3.561270 
424 2 12.462700 7.761800 4.296840 
864 2 6.929560 6.874640 12.559900 
1698 1 10.069300 6.644360 7.709230 
44 2 0.539829 11.098600 0.825451 
168 2 2.856060 0.262108 1.119450 
1859 2 4.562950 9.652390 9.603970 
475 2 1.405480 0.964010 5.477760 
1863 2 3.334170 9.695730 5.665280 
727 2 3.617750 11.679300 2.776120 
1333 1 4.786850 0.623157 12.322000 
834 1 13.072700 4.069090 5.363480 
1829 1 0.983512 3.443370 3.992790 
441 1 4.684300 12.851100 6.345690 
612 2 6.593450 9.819670 6.007050 
915 2 10.418500 6.694300 11.029100 
462 1 6.373480 10.669700 1.139110 
860 2 11.060100 11.051300 11.031600 
1967 2 2.671960 0.091632 0.595790 
1819 2 3.096920 4.691540 11.806400 
572 2 6.806010 0.245046 9.063880 
211 2 7.637310 3.220170 10.843600 
1820 2 2.851190 4.492940 12.018500 
1688 2 10.721300 1.244010 4.288780 
835 2 13.057900 3.472920 5.300120 
43 2 0.495512 11.348500 0.479166 
260 2 8.353240 9.941900 9.628960 
607 2 3.956740 0.249673 8.305100 
836 2 13.170200 3.436470 5.187520 
662 1 7.633050 6.679110 8.617800 
811 2 8.409440 2.601220 1.543700 
201 1 6.445530 1.661650 3.381210 
20 2 3.236630 4.652450 11.899000 
609 1 5.821970 10.277300 6.035400 
497 1 1.719800 9.740930 12.346200 
728 2 3.777310 11.735500 2.883520 
725 1 4.179780 11.495700 2.974810 
463 2 6.474500 10.411300 1.409660 
1869 1 12.780900 9.685290 1.997390 
857 1 10.987100 11.319900 11.555600 
551 2 2.277120 12.265300 7.958270 
589 1 0.459606 6.223990 4.138290 
830 1 11.745400 4.909810 8.522610 
203 2 5.831530 1.587960 4.462620 
1834 1 2.243990 5.757130 11.936400 
1335 2 5.379660 0.304620 12.289200 
1687 2 10.487600 1.020700 4.121700 
204 2 5.596040 1.198850 4.642540 
980 2 11.597500 3.269190 12.026400 
165 1 3.641400 0.084279 1.466090 
46 1 2.624430 13.172600 11.946100 
1249 1 12.162700 8.304610 8.233010 
1968 2 2.548330 0.311610 0.905180 
321 1 11.649300 7.309540 0.826292 
1985 1 2.509830 5.778480 0.805851 
518 1 12.642200 6.480620 12.892100 
443 2 4.631600 13.069600 5.658580 
1122 1 11.612200 12.783000 1.320070 
1271 2 12.711400 0.425447 11.458800 
1123 2 12.186900 13.191100 1.655740 
294 1 9.436250 9.525420 12.913800 
444 2 4.580840 13.091200 5.743660 
253 1 7.348290 12.472000 9.353610 
1282 1 12.082900 3.317360 1.385900 
404 2 7.112630 6.238120 0.355054 
1872 2 13.174400 9.441400 1.702070 
602 1 7.048440 0.585328 0.499381 
1308 2 5.010560 12.941100 0.073828 
637 1 9.856650 6.024710 13.289500 
403 2 7.059080 6.260120 0.285761 
1117 1 6.208400 3.619640 23.462500 
635 2 12.973100 10.218700 13.830800 
418 1 8.711240 0.566001 19.255200 
1620 2 0.976331 2.787530 17.019200 
417 1 6.945350 0.269566 19.928600 
1817 1 10.295800 1.615250 14.190700 
430 1 7.705970 8.280290 16.690700 
74 1 2.285820 11.784800 15.728300 
241 1 8.845530 7.976570 23.822700 
399 2 10.295600 0.410674 14.829000 
710 1 7.787100 11.531300 24.427200 
439 2 1.085480 11.050100 20.555300 
438 1 1.049760 10.254300 20.351400 
1076 2 5.294750 6.356010 22.281100 
1241 1 10.384700 3.858760 25.137900 
214 1 0.347708 7.819090 19.228300 
1000 2 13.154300 0.976942 18.533900 
4 2 1.868460 5.313010 25.748800 
465 1 3.817280 11.789100 22.489400 
183 2 1.747010 5.600380 25.932400 
277 1 4.904940 12.648800 19.010100 
818 1 12.931600 0.862559 19.681400 
1273 1 12.812100 6.953820 22.415800 
447 2 6.142680 9.221050 24.655200 
711 2 8.231950 11.248700 24.071800 
413 1 9.546680 3.364140 17.137400 
1997 1 12.497100 4.178570 16.550200 
361 1 4.312250 0.746437 22.759500 
431 2 7.526660 8.185120 17.055600 
459 2 13.076800 8.675550 20.344000 
519 2 12.906800 6.746110 13.541100 
888 2 9.225230 12.277600 14.473500 
234 1 5.590940 3.265180 14.853600 
1852 2 1.688530 5.162900 21.329400 
227 2 3.426990 5.366680 18.462700 
228 2 3.447130 5.461980 18.203100 
1080 2 11.919600 2.726380 22.344500 
1081 1 8.736710 7.346620 19.502800 
593 1 8.767240 4.316980 18.207300 
298 1 10.410000 9.013000 16.889300 
520 2 12.988600 6.975740 13.327700 
1798 1 1.165870 2.445260 16.031200 
491 2 8.879920 10.808700 18.329200 
645 1 2.486600 7.994540 22.489900 
446 1 5.487830 9.057820 24.919600 
911 2 10.456700 10.969900 21.557400 
647 2 3.607510 9.944690 26.266000 
218 1 9.321250 0.622002 15.235800 
596 2 9.713550 4.042760 18.042500 
649 1 10.572500 0.931918 25.401400 
891 2 1.542500 6.654050 15.876100 
480 2 4.873610 8.727840 14.604200 
639 2 9.417160 5.481050 13.887700 
892 2 1.591090 6.848660 15.629600 
1845 1 1.000780 6.511320 25.207100 
401 1 5.875720 6.061370 26.548800 
1609 1 2.264900 4.989490 24.240500 
1075 2 5.443220 6.283010 22.343100 
1876 2 1.934080 10.915900 16.024800 
1118 1 6.678000 2.616790 24.118100 
1873 1 2.488080 9.897000 16.024900 
299 2 10.845200 8.673240 16.607900 
1074 1 4.799340 5.787480 22.531300 
1875 2 1.734410 10.660600 15.745400 
1276 2 12.463300 7.117940 23.014200 
479 2 4.743140 8.640060 14.645800 
1836 2 5.503510 5.865530 15.414500 
690 1 0.169314 13.304300 23.648800 
220 2 10.499800 0.679274 14.913200 
297 1 11.383700 8.153930 16.376300 
452 2 0.675608 9.636130 23.030700 
225 1 3.356530 5.270110 18.699900 
416 2 9.621060 4.222970 17.823300 
745 1 5.427710 1.199980 18.082400 
1983 2 2.094850 5.390830 25.610500 
1619 2 0.808052 2.919740 16.741200 
886 1 8.845870 12.387100 15.359900 
1849 1 1.362070 4.862860 21.816300 
565 1 1.221590 2.076160 21.833800 
300 2 10.824900 8.616240 16.559600 
1244 2 10.282600 4.510030 24.977200 
1084 2 9.104170 7.540330 19.864400 
1065 1 13.376400 5.193290 18.384800 
242 1 10.301400 7.952320 23.558900 
425 1 4.184910 9.639980 18.675700 
426 1 4.798430 8.249110 18.645400 
427 2 4.460040 8.696010 18.689800 
428 2 4.486250 8.905960 18.627200 
451 2 0.458056 9.480120 23.269400 
244 2 9.358920 7.896790 23.490800 
76 2 1.824150 10.983700 15.750100 
887 2 9.018010 12.161700 14.722200 
1761 1 4.390990 3.351630 20.246100 
603 2 6.908170 0.263641 26.174400 
595 2 9.634960 4.110400 17.884800 
598 1 8.045850 1.194990 20.936800 
219 2 10.275600 0.487900 14.693400 
909 1 9.862580 10.726400 21.065000 
400 2 10.333200 0.461138 14.671500 
1965 1 2.577850 0.254710 26.390100 
900 2 12.657500 11.134400 18.912700 
713 1 3.322480 8.630420 21.162800 
263 2 6.778260 9.940060 21.172700 
885 1 9.128910 11.963900 14.138400 
453 1 5.670070 11.438400 15.366500 
454 1 5.735340 11.487400 16.748500 
455 2 5.728730 11.464800 15.803100 
456 2 5.678740 11.431000 16.114300 
646 1 3.737680 10.301100 26.392600 
492 2 8.831170 10.953800 18.483100 
1763 2 4.341910 2.953250 21.253500 
415 2 9.543970 3.939970 17.618300 
226 1 3.210980 5.568920 17.388700 
651 2 10.344600 1.356740 24.702700 
1850 1 1.735200 5.125430 20.713900 
362 1 3.253570 0.556240 23.599400 
236 2 5.883280 2.217300 14.904200 
1309 1 12.983300 9.605660 24.304300 
568 2 0.813879 1.627460 21.028900 
489 1 8.597330 10.638600 17.686200 
912 2 10.499300 10.956800 21.543800 
1802 1 3.164360 3.730590 26.236500 
898 1 12.285500 10.625200 19.015700 
1120 2 6.312070 3.273150 23.838000 
432 2 7.556020 8.137230 17.180000 
402 1 7.311220 5.807810 25.428900 
449 1 0.568675 9.036120 22.859400 
567 2 0.632197 1.764380 21.176900 
1800 2 0.886855 3.003320 16.890600 
1275 2 12.441500 6.628700 23.147700 
748 2 4.772510 1.299900 17.907100 
889 1 1.650830 6.069880 15.096300 
261 1 6.720450 10.063900 21.989900 
1310 1 12.163700 10.041000 25.491800 
712 2 8.387280 11.162200 23.886600 
1242 1 10.458800 5.217270 25.125700 
629 1 9.019540 4.010240 22.380000 
630 1 9.353080 4.942640 21.516600 
631 2 9.246810 4.456160 21.741500 
632 2 9.194750 4.610290 21.956700 
670 1 7.195500 4.982940 19.492100 
239 2 12.467000 4.329040 15.726300 
490 1 9.089370 10.959200 18.883000 
1835 2 5.585910 5.820950 15.796800 
897 1 12.945100 11.525500 18.515400 
419 2 7.569070 0.996173 20.143400 
1067 2 12.943400 5.355020 19.031600 
235 2 6.016770 2.502800 14.931700 
691 2 0.775353 12.745500 23.428900 
599 2 8.037150 1.210530 20.043400 
820 2 13.148200 1.347910 18.777300 
364 2 3.607750 0.792877 23.335000 
597 1 7.655730 2.155320 19.513000 
1799 2 0.560233 2.685230 16.870900 
420 2 7.659430 1.158040 20.000200 
1243 2 10.566300 4.514800 25.062400 
1617 1 0.398472 3.998890 16.449000 
1073 1 5.802420 6.422620 22.066200 
890 1 1.503610 7.210300 15.996400 
747 2 4.550770 1.451030 17.886000 
669 1 6.024020 5.279670 19.203100 
186 1 1.113080 4.151500 25.638500 
671 2 6.646230 4.976110 19.664500 
672 2 6.410760 5.225330 19.261400 
652 2 10.310700 1.207820 24.652400 
1874 1 1.392150 10.601000 14.854600 
448 2 6.276980 8.973520 24.577200 
262 1 6.605510 10.049400 20.482100 
910 1 10.776600 11.215300 21.942800 
414 1 10.232600 3.701090 18.903100 
73 1 1.197230 10.797600 16.624800 
1598 1 1.613590 2.991100 17.606200 
477 1 4.798010 9.449290 14.857700 
295 2 9.722460 9.214610 13.280100 
478 1 4.828550 8.010490 14.350200 
75 2 1.884230 10.531500 15.949300 
467 2 4.174750 11.666700 23.294800 
746 1 4.168070 1.544780 17.829500 
1762 1 4.771390 2.776680 21.470100 
243 2 9.392120 7.994590 23.717300 
1077 1 11.446100 2.888250 22.090900 
1119 2 6.647330 3.222020 23.849200 
819 2 13.231700 1.094990 18.557700 
692 2 0.608191 13.101500 23.387400 
650 1 10.091400 1.325480 24.025800 
460 2 12.824100 8.442910 20.526800 
366 1 3.108240 6.230040 25.590900 
689 1 1.050120 12.525400 23.206900 
1082 1 9.499560 7.895310 20.410600 
714 1 4.268130 7.571410 22.316200 
1818 1 6.346760 6.277800 15.388600 
445 1 6.824620 9.346770 24.443700 
363 2 3.506610 0.670808 23.410000 
1274 1 12.282400 6.949780 23.751100 
716 2 3.215020 8.255320 21.821500 
1079 2 12.020300 2.589360 22.164800 
709 1 8.662970 10.794900 23.494100 
440 2 1.028070 11.049800 20.501400 
233 1 6.095310 1.893060 14.957900 
264 2 6.768170 10.051200 21.014900 
899 2 12.682900 11.030100 18.799500 
1078 1 12.526700 2.299430 22.480100 
715 2 3.113350 8.183380 22.246200 
429 1 7.284290 7.983490 17.901400 
468 2 4.231470 11.655700 23.219000 
1311 2 12.813200 9.724440 24.798700 
184 2 2.161790 5.310340 25.368400 
198 1 5.276320 5.640770 15.798800 
1804 2 1.869190 5.409240 26.015000 
1618 1 0.182386 2.297460 17.349700 
437 1 0.917443 11.742500 20.611400 
1764 2 4.616160 3.053990 20.895600 
600 2 8.008700 0.986724 19.991100 
1851 2 1.399940 4.946430 21.371700 
213 1 1.670380 7.482330 18.575500 
280 2 4.319740 12.543900 18.959800 
1083 2 9.194710 7.610460 20.149700 
215 2 0.943429 7.978090 19.005800 
1312 2 12.543300 9.973950 24.735800 
278 1 3.644290 12.628600 18.684000 
636 2 12.897700 10.344300 14.394300 
634 1 12.303800 10.473500 14.433100 
640 2 9.409330 5.532610 14.119200 
466 1 4.436700 11.818400 24.006200 
594 1 10.493100 4.770030 17.693700 
781 1 7.113670 0.521620 25.350300 
1803 2 1.945820 5.146260 26.088600 
999 2 13.220500 0.914193 18.575500 
941 1 11.541800 12.734800 24.968600 
566 1 0.343239 1.314220 20.754100 
1066 1 12.475900 5.254210 19.599700 
296 2 9.569560 9.184610 13.424000 
216 2 0.855623 7.726930 19.147800 
293 1 10.103500 8.826930 13.712500 
648 2 3.661370 9.476390 26.034300 
450 1 0.590387 10.247500 23.678100 
998 1 12.640000 1.976030 18.200400 
1984 2 2.278590 5.173990 25.861700 
217 1 12.649200 4.173920 15.336300 
3 2 1.906880 5.110660 25.557800 
1068 2 13.052600 5.075450 19.042200 
240 2 12.732700 4.255360 15.863700 
2 1 3.422880 9.039970 26.027000 
458 1 12.560900 8.354940 20.779300 
734 1 6.562510 12.895500 21.474500 
584 2 6.896120 5.878920 26.366500 
638 1 9.524000 5.356540 14.715400 
397 1 10.937400 0.281951 15.644800 
813 1 12.853600 0.235253 18.181900 
517 1 13.082400 7.273990 13.858200 
238 1 2.708590 1.188280 14.546300 
877 1 10.916200 13.017600 16.983400 
279 2 4.418610 12.590400 18.954000 
934 1 10.688900 13.132900 20.453100 
783 2 6.677790 -0.001948 26.233500 
1842 1 0.268210 11.442200 26.532400 
18 1 3.165720 4.496660 13.453200 
1307 2 4.793960 12.984900 26.433300 
583 2 6.982860 6.210410 26.475900 
866 1 9.677600 10.451900 26.418700 
1710 1 0.632773 21.640200 7.114810 
988 2 10.361800 23.489200 5.447840 
316 2 9.776210 17.126500 7.008930 
522 1 4.336900 17.089900 4.145630 
1362 1 1.059280 23.397700 0.850374 
531 2 7.232760 13.958700 11.956400 
845 1 4.166180 22.396800 8.280010 
267 2 4.921950 15.353200 9.694940 
855 2 5.139050 23.509100 2.348030 
1028 2 8.946740 26.203400 6.458450 
772 2 5.305620 16.986000 12.294000 
994 1 11.687300 22.552700 13.119200 
1956 2 7.952700 20.824700 6.732580 
1031 2 3.087760 22.652500 5.019420 
71 2 11.305200 14.162500 13.265100 
1556 2 3.468760 19.334500 7.172240 
987 2 10.583500 23.576500 5.406340 
969 1 0.303312 24.544900 7.766440 
178 1 0.679727 16.311600 11.451100 
156 2 7.598610 20.484900 6.921080 
846 1 2.904640 22.480400 8.015810 
882 1 10.920700 22.642200 2.178910 
302 1 1.682690 19.326600 4.597660 
587 2 8.172010 24.705000 2.825520 
993 1 12.679100 22.204700 11.700200 
952 2 12.886600 17.378200 5.599630 
528 2 1.530320 17.975000 0.900847 
881 1 11.945200 21.888000 2.794430 
895 2 2.305850 15.551400 6.713450 
683 2 7.450550 17.503400 2.403730 
1972 2 0.788158 20.884200 10.323000 
564 2 6.159070 24.231100 5.845750 
949 1 12.350800 17.282100 5.777500 
172 2 0.889178 20.448800 10.484200 
743 2 10.162700 19.221000 4.023750 
524 2 4.043530 16.396700 4.295350 
1161 1 11.597200 25.809200 0.948292 
521 1 3.942440 15.823400 4.102090 
1025 1 8.267830 25.902600 6.758470 
764 2 8.188120 22.907500 0.245713 
301 1 0.757275 18.698400 3.737460 
1350 1 7.795360 22.419000 3.216810 
1364 2 1.160620 23.218300 1.234130 
682 1 8.099340 17.286800 2.254370 
169 1 0.371548 20.002600 11.107000 
1145 1 12.412700 19.202400 10.121600 
314 1 10.099800 17.916300 7.150390 
794 1 13.018000 23.850400 12.136100 
268 2 5.108320 15.247600 9.581700 
1030 1 2.686200 23.104600 4.618950 
1190 1 12.384100 16.093500 9.415130 
1467 2 10.102700 17.080200 11.386100 
853 1 4.836180 23.786900 1.721220 
1094 1 10.649300 16.317700 3.018380 
1001 1 13.223300 24.943100 4.729060 
856 2 5.170100 23.468700 2.303250 
150 1 3.867810 20.694800 12.920800 
1093 1 10.276800 15.125000 3.706580 
127 2 8.446570 13.817200 0.896893 
893 1 2.305550 16.047200 6.152630 
1712 2 0.487667 21.197900 6.901570 
1709 1 0.277785 20.667900 6.565060 
684 2 7.550060 17.345900 2.356150 
697 1 7.846770 13.553500 6.543730 
1953 1 8.277450 21.090900 7.732790 
1886 1 5.732220 16.530000 6.056750 
588 2 8.122980 24.727600 2.882570 
1702 1 12.073400 18.964600 2.016200 
527 2 1.821810 17.684800 1.023130 
1577 1 12.769900 24.427700 7.932900 
919 2 9.925790 13.707900 9.708550 
1146 1 13.286400 18.949600 11.225800 
89 1 4.634370 16.396300 0.363161 
816 2 12.281700 22.809900 12.006400 
180 2 0.977019 15.844200 10.856800 
563 2 5.667930 24.625200 5.898540 
628 2 10.105100 20.133500 0.598201 
525 1 2.247740 17.951500 1.110790 
1579 2 12.539100 24.357800 8.505110 
1971 2 0.921942 20.344400 10.535000 
1485 1 0.119837 15.430300 3.812560 
540 2 12.428800 14.377600 6.569330 
1061 1 6.271060 13.912900 3.732740 
741 1 10.373200 19.477400 3.410510 
1466 1 9.674590 16.786200 12.085700 
1269 1 12.780900 26.468900 11.380300 
698 1 8.959580 13.781600 7.186110 
1580 2 12.823100 24.183300 8.417000 
1169 1 3.921770 23.653900 10.903200 
894 1 2.291870 15.320400 7.239590 
562 1 6.243220 24.295400 5.279980 
1970 1 1.599270 19.852200 10.002200 
1814 1 7.894900 25.808800 11.482000 
681 1 6.909660 17.547000 2.774140 
848 2 3.686420 22.604600 7.955870 
578 1 8.754950 20.700700 10.918600 
1148 2 12.880500 18.879500 10.548300 
1176 2 6.491200 23.445700 10.054200 
526 1 0.775413 17.529800 0.711821 
786 1 5.016940 20.438800 10.616200 
807 2 3.247610 20.786700 1.703890 
177 1 0.923268 16.561300 9.938400 
1164 2 10.702500 25.746800 0.690255 
1177 1 9.441170 24.348000 8.892810 
951 2 13.022200 17.200100 5.668790 
1351 2 7.753810 21.634400 2.930990 
627 2 10.030500 19.993600 0.559020 
1180 2 9.513990 24.025400 9.225520 
626 1 9.273420 20.184300 0.874009 
814 1 11.422800 23.177300 11.546800 
585 1 8.453000 24.904200 3.459300 
1979 2 1.044880 16.122000 10.368500 
972 2 0.866514 24.825600 8.007490 
1191 2 11.837700 16.202700 9.197360 
1163 2 10.958900 25.853200 0.700686 
918 1 9.827930 13.957600 9.225860 
1062 1 7.037330 13.288500 2.612620 
153 1 8.373230 20.925600 5.890070 
1334 1 5.867990 26.455400 12.603300 
847 2 3.598970 22.400300 7.984960 
90 1 5.487160 15.923900 1.478510 
1192 2 11.827400 16.198300 9.358650 
1888 2 6.293200 16.804100 6.619910 
530 1 7.061910 14.532800 11.347700 
1178 1 9.624570 23.480200 9.629560 
996 2 12.440400 22.865300 12.364700 
561 1 5.622510 24.660900 6.229300 
896 2 2.313650 15.664400 6.755870 
1174 1 6.831580 23.677400 9.402890 
304 2 1.084760 19.183500 4.154940 
579 2 9.412260 20.530800 10.801400 
770 1 5.234870 15.971100 12.004400 
529 1 7.715090 13.697100 12.211900 
1349 1 7.775660 20.962800 2.823980 
808 2 3.286540 20.940500 1.377150 
1816 2 8.683720 25.764500 11.667000 
1171 2 3.445100 23.950100 10.923500 
787 2 5.561830 20.132800 10.593300 
1172 2 3.153090 23.787700 11.110500 
282 1 1.562820 14.292000 2.929630 
1144 2 11.867600 20.882600 7.223080 
1142 1 12.584300 20.879100 6.905700 
1815 2 8.582920 25.830100 11.596100 
1352 2 8.002120 21.618600 2.876450 
1029 1 3.538750 22.133300 5.174970 
1966 1 2.030680 25.979300 1.209150 
313 1 9.682830 16.354800 6.775840 
538 1 12.587100 14.822000 7.091060 
1701 1 13.109400 18.086700 2.414020 
742 1 9.855790 18.811800 4.479500 
1555 2 3.647970 19.252600 7.471770 
171 2 1.164540 20.592700 10.846000 
1064 2 6.569790 13.671200 3.281290 
1885 1 6.536340 17.348500 6.967560 
1954 1 6.868280 21.498100 6.994020 
970 1 1.518000 25.193300 8.184040 
1361 1 1.311640 23.092400 2.021260 
1143 2 11.930300 20.678400 7.219490 
1553 1 3.639580 18.722200 7.329740 
523 2 4.232110 16.541300 3.946070 
769 1 5.504330 17.574100 12.479300 
266 1 4.689060 15.924500 9.423830 
730 1 7.978180 18.018300 9.480860 
732 2 7.457550 17.703500 9.455780 
1173 1 6.027480 23.386600 10.360000 
731 2 7.398430 17.575200 9.356360 
1955 2 7.708350 20.660100 6.845900 
586 1 7.776220 24.872500 2.306930 
1887 2 6.129720 16.904400 6.343560 
771 2 5.585910 17.034400 12.374600 
920 2 9.959340 13.698200 9.775120 
265 1 5.149970 14.721600 9.510590 
91 2 4.974390 16.140900 0.637144 
1704 2 12.611600 18.614100 2.180040 
1147 2 12.705400 18.988100 10.693500 
283 2 1.883680 14.306300 2.685290 
1978 1 2.328210 15.830900 10.845500 
303 2 1.337040 19.206900 4.559300 
1175 2 6.410400 23.319000 9.857750 
1565 1 0.004891 16.499900 7.594520 
1363 2 0.962657 23.265200 1.488740 
155 2 7.732610 20.984400 6.761550 
1977 1 0.653800 14.843500 10.381400 
805 1 4.011850 21.215500 1.357060 
179 2 1.158910 15.865300 10.802300 
577 1 9.896560 20.062200 10.628300 
806 1 2.765790 20.633500 1.684530 
158 1 7.712990 19.650300 6.933440 
788 2 5.550440 20.274800 10.503500 
1141 1 11.353600 20.879300 7.510490 
1711 2 0.378227 21.423000 6.978790 
1969 1 1.484740 21.172700 10.726100 
1170 1 2.598280 24.112900 11.120200 
70 1 11.192100 14.368200 12.839000 
1095 2 10.382600 15.686200 3.268730 
1026 1 9.432020 26.571900 6.293870 
1980 2 1.038190 15.820300 10.659900 
1465 1 10.648000 17.279300 11.208300 
815 2 12.371500 22.895500 11.888000 
92 2 4.930800 16.158700 1.144720 
205 1 1.667940 26.253900 11.413800 
762 1 8.463590 22.701900 1.005620 
1554 1 3.596810 20.367700 7.282720 
1096 2 10.422600 15.461900 3.584190 
985 1 10.265100 24.112300 5.327770 
315 2 9.658880 16.927000 7.026420 
700 2 8.416080 13.569200 6.977470 
442 1 4.483700 13.132900 5.184540 
744 2 10.100600 19.166900 3.866160 
532 2 7.291590 14.119200 11.886200 
971 2 1.081020 25.043300 7.961850 
1032 2 2.959930 22.854800 4.753280 
945 1 5.823410 20.136800 4.691120 
946 1 4.506640 20.271800 4.104300 
947 2 5.008920 20.109600 4.603180 
948 2 4.944080 20.282500 4.144260 
785 1 6.279200 20.224600 10.539100 
1578 1 12.620000 24.024100 9.192490 
1813 1 9.304540 25.922600 11.621200 
281 1 2.668200 14.861300 1.833390 
986 1 10.928200 22.907700 5.537480 
1179 2 9.553820 23.826000 9.103590 
1703 2 12.550300 18.390200 2.133130 
1063 2 6.766780 13.476000 3.102210 
729 1 6.828890 17.269800 9.479270 
995 2 12.129900 23.129400 11.810700 
284 2 2.119820 14.430800 2.321280 
1201 1 13.087700 24.054000 3.198700 
883 2 11.355900 22.489500 2.298030 
854 1 5.297300 23.419400 2.752780 
884 2 11.462800 22.216200 2.372950 
625 1 10.605400 19.919400 0.395744 
699 2 8.383820 13.712900 6.808520 
1162 1 10.328400 25.808100 0.485163 
580 2 9.262040 20.538800 10.873300 
1027 2 8.651420 26.145500 6.544150 
1468 2 9.957600 17.006300 11.606400 
539 2 12.512800 13.907500 6.524150 
1189 1 11.093700 16.304600 9.058910 
126 1 8.786020 14.247500 0.363878 
537 1 12.139600 13.669200 6.388580 
128 2 8.639960 13.637700 0.735530 
605 1 3.721350 26.236000 7.646820 
223 2 1.369740 26.467300 11.345700 
1121 1 12.755300 13.653100 1.813970 
224 2 1.464730 26.623000 11.079000 
763 2 8.179520 23.039300 0.299822 
377 1 1.647520 22.873800 12.977400 
379 2 1.079580 23.610200 13.016000 
555 2 6.867250 25.638900 16.575100 
146 1 8.190710 25.241400 22.651300 
148 2 7.887660 25.287300 22.918500 
1376 2 9.698010 22.823900 14.551700 
533 1 4.544610 21.177300 19.658700 
655 2 7.778450 21.871200 17.421400 
1342 1 13.263500 20.324800 24.043700 
411 2 8.830680 23.329800 20.174000 
385 1 11.145300 21.373600 17.984000 
483 2 1.517180 21.810900 24.861700 
964 2 7.646320 14.698600 24.439100 
137 1 1.774300 17.533000 16.691000 
1208 2 13.105900 17.160600 19.232600 
1092 2 11.079600 19.646500 14.187700 
138 1 1.417340 18.448900 18.336700 
252 2 10.443900 24.912800 17.809900 
1091 2 10.932000 19.772300 14.127300 
1765 1 4.750060 23.477900 24.575200 
1898 1 4.809040 14.006000 15.295100 
1766 1 4.747700 24.719900 25.543900 
338 1 4.816630 16.824100 20.810200 
1940 2 1.516150 17.753300 18.011200 
573 1 9.157960 20.265300 23.655800 
1779 2 5.411280 18.741900 16.586300 
339 2 4.274270 17.085500 20.930600 
160 2 2.661930 26.318000 14.551400 
1897 1 3.840570 14.746500 16.394800 
922 1 9.446500 17.311100 26.181600 
1994 1 1.911430 25.655800 18.195000 
905 1 4.093790 15.663900 23.524600 
113 1 0.382443 15.016600 13.623500 
353 1 4.167810 20.769500 22.996600 
753 1 6.324140 18.973500 25.965000 
130 1 1.488420 20.499100 20.206900 
325 1 6.506000 20.253500 20.563400 
326 1 7.207710 20.280800 21.667200 
327 2 6.818490 20.232600 20.993800 
328 2 6.753710 20.318800 21.086900 
1939 2 1.540880 17.452300 18.103600 
942 1 11.581300 13.989800 24.345200 
1168 2 11.921100 25.765500 21.805400 
1767 2 4.794150 24.045400 24.763600 
1167 2 11.690300 25.841400 21.766300 
935 2 10.006400 13.817400 20.176500 
759 2 8.267710 16.099700 14.603700 
1341 1 12.661000 21.119300 24.887200 
69 1 11.926300 13.492400 13.973100 
378 1 0.808270 23.792900 13.385000 
1227 2 11.238800 20.602100 20.997900 
16 2 0.745049 25.059200 18.146200 
1951 2 1.376400 21.178500 16.006400 
1975 2 1.038230 17.276500 22.040000 
372 2 2.169300 18.208600 14.230300 
308 2 0.374390 13.520600 18.244300 
1373 1 9.863600 23.333400 14.389900 
554 1 7.420040 25.137300 16.647700 
355 2 3.271750 20.820800 22.591600 
356 2 3.459520 20.754900 22.772200 
1900 2 4.444130 14.862200 15.463700 
410 1 9.102210 23.981800 19.813100 
360 2 6.401220 23.385300 13.572100 
194 1 0.645715 24.543600 17.014800 
754 1 6.070660 20.224300 26.301900 
393 1 3.385610 23.075200 16.169700 
99 2 4.318600 15.063500 15.520600 
247 2 2.275210 14.568700 20.131300 
394 1 4.830180 23.376600 16.170600 
396 2 4.156960 23.061900 16.253000 
246 1 1.933600 14.954200 20.146300 
249 1 10.612400 24.361300 17.181900 
159 2 2.547980 26.552200 14.791400 
132 2 0.915755 20.960200 20.300800 
924 2 10.047500 16.640800 26.115700 
412 2 8.981710 23.351700 20.309000 
878 1 11.604000 14.012000 16.986800 
1811 2 4.908630 24.168500 20.230700 
757 1 7.853490 16.356600 14.285500 
1810 1 4.208910 24.385200 21.334700 
509 1 5.758890 18.216000 23.220300 
510 1 6.706840 17.492600 22.885000 
511 2 6.215840 17.824700 23.087000 
512 2 6.395850 17.817800 23.048800 
1964 2 0.513241 24.587000 23.182100 
346 1 7.005400 21.501900 24.373100 
340 2 4.504170 17.077600 20.711600 
248 2 2.066580 14.575800 20.449700 
656 2 7.631020 21.849300 17.692600 
1910 1 2.899740 18.826900 24.761500 
755 2 6.228950 19.659800 26.228400 
388 2 11.031000 21.022800 17.750600 
1780 2 5.569710 18.578000 16.467300 
1049 1 13.012500 22.603200 18.271200 
535 2 4.170460 20.681100 19.164400 
553 1 6.280760 25.859900 16.515500 
534 1 4.096550 20.089000 18.973200 
1226 1 10.758300 20.079500 20.700300 
163 2 0.041264 24.930200 23.071500 
1404 2 10.719700 23.348600 23.771500 
961 1 7.998800 14.682600 24.800600 
1205 1 12.185900 16.773600 18.923700 
1343 2 13.212900 20.731600 24.373400 
1089 1 10.204200 19.926100 13.865600 
1207 2 12.909700 17.263300 19.254600 
139 2 1.550070 17.579200 17.732500 
245 1 2.724490 13.984000 20.523200 
1374 1 9.254290 22.005300 15.018900 
359 2 6.480030 23.327500 13.415400 
907 2 4.212730 15.111300 23.774200 
575 2 9.453390 19.641100 23.595600 
576 2 9.535570 19.806400 23.661500 
1911 2 3.300450 18.463700 24.546100 
195 2 0.615373 24.514300 18.126900 
536 2 4.334420 20.503400 19.139700 
962 1 7.306560 15.081200 23.699400 
1950 1 1.042740 21.642900 16.097300 
1305 1 4.721500 13.596000 26.473000 
1337 1 11.427800 17.489700 15.731700 
131 2 0.908586 20.904900 20.512900 
654 1 7.772600 22.384200 18.366600 
1375 2 9.667170 22.742900 14.604800 
574 1 9.865740 19.064800 23.590900 
1991 2 4.467000 24.351800 21.005600 
1973 1 1.357920 16.770900 21.865300 
1809 1 4.153040 23.427700 19.811700 
1777 1 5.378060 18.102500 16.363300 
1502 1 11.868700 16.578400 23.503900 
556 2 6.864690 25.604200 16.613600 
653 1 7.597970 21.598800 17.038400 
1794 1 5.689320 19.433800 16.858200 
1959 2 6.560760 16.447800 18.954700 
760 2 8.365900 16.239900 14.692500 
100 2 4.470970 14.994400 15.716100 
15 2 0.704367 24.763000 18.094200 
307 2 0.552726 13.567900 17.973400 
1477 1 1.279600 15.469300 26.256500 
149 1 4.093850 21.550000 14.103900 
152 2 3.875270 21.138900 13.446000 
251 2 10.516100 24.962700 17.716000 
967 2 12.612500 23.710400 15.780900 
1478 1 1.194840 15.196300 24.948600 
358 1 7.047600 23.662900 13.483200 
736 2 6.699640 13.709100 21.226700 
129 1 0.379805 21.374500 20.239700 
1501 1 12.239600 17.814100 23.114800 
1952 2 1.449570 21.079600 16.131400 
395 2 4.260580 23.332800 16.342100 
1957 1 6.582650 16.673000 19.213800 
733 1 7.050730 14.198700 20.809400 
879 2 11.520700 13.699200 17.059600 
354 1 2.693650 20.683500 22.406100 
193 1 0.880350 25.103400 19.927300 
1225 1 11.476400 21.337700 21.287000 
1992 2 4.757580 24.040100 20.492700 
1960 2 2.527210 26.196300 14.536500 
345 1 7.146930 22.332400 23.174000 
906 1 4.123730 14.616300 23.910500 
98 1 3.942040 15.567900 15.074500 
1339 2 11.338300 16.715800 15.470100 
777 1 10.015100 17.268300 21.229500 
779 2 9.937220 16.894400 20.880400 
1949 1 1.692850 20.359900 16.169100 
780 2 9.791450 16.878100 20.994200 
1582 1 10.677600 22.654500 23.776400 
481 1 1.779890 22.015700 24.257700 
1338 1 11.544600 16.135200 15.469700 
13 1 1.371400 23.680200 18.323500 
1340 2 11.475700 16.788100 15.647200 
348 2 7.045800 21.684800 23.731800 
963 2 7.828000 14.841600 24.120600 
1812 2 4.695800 24.291500 20.541400 
1768 2 4.775680 24.070300 24.807900 
1504 2 12.114900 17.499500 23.380800 
880 2 11.263900 13.551500 17.104000 
482 1 1.328140 21.739400 25.428000 
151 2 4.054550 21.137300 13.736500 
740 2 8.847490 18.568400 17.563900 
778 1 9.609760 16.442300 20.732700 
1503 2 11.913400 17.384500 23.217300 
484 2 1.543770 21.886700 24.980700 
761 1 8.113060 23.064900 26.345200 
1995 2 0.786091 25.132700 18.303900 
1909 1 4.014890 18.230800 24.221900 
97 1 5.503640 15.472200 16.047000 
1961 1 0.395966 24.365500 23.800200 
929 1 8.661960 13.970200 18.118000 
930 1 7.766410 14.612400 17.093500 
931 2 8.260400 14.519000 17.696200 
932 2 8.102010 14.255800 17.403000 
738 1 8.274050 18.755400 17.790400 
371 2 2.236090 18.221800 14.331400 
1165 1 11.700600 25.585600 20.902800 
347 2 6.989780 21.897000 23.553100 
1996 2 0.735564 24.954900 18.121300 
1758 1 1.795290 26.235200 15.379300 
1228 2 11.131400 20.549700 21.063200 
943 2 11.587800 13.449400 24.503400 
1166 1 11.790000 26.178200 22.311100 
739 2 8.882080 18.374100 17.391200 
369 1 2.522480 18.806500 14.337600 
147 2 7.665060 25.296500 23.011500 
337 1 3.612510 17.438000 21.198100 
370 1 1.979870 17.665000 14.155900 
145 1 7.317030 25.273300 23.517900 
471 2 7.592170 20.035000 14.006300 
1938 1 2.356450 16.981200 18.332400 
1583 2 10.451000 23.184600 23.702400 
409 1 8.750150 22.833700 20.492900 
157 1 3.307350 25.961800 14.713900 
1937 1 0.486639 17.317800 17.995800 
140 2 1.503870 17.939900 18.243100 
305 1 1.049190 13.400300 17.809500 
737 1 9.373770 18.143100 17.253200 
164 2 0.385263 24.830500 22.956600 
1899 2 4.540490 14.954100 15.795400 
470 1 7.602790 19.069500 14.288500 
1963 2 0.512748 24.846400 22.800800 
1401 1 10.738000 24.010700 23.726200 
386 1 4.940160 25.244200 20.243300 
196 2 0.423194 24.977200 18.464800 
1090 1 11.581400 19.639500 14.096200 
1990 1 5.629740 23.837300 20.885600 
1976 2 0.880621 17.385000 22.045500 
735 2 6.657880 13.554500 21.196200 
604 2 6.941780 26.538300 26.244000 
1912 2 3.876050 18.286200 24.407800 
250 1 10.434800 25.460100 18.122900 
380 2 1.042900 23.407200 13.318900 
966 1 12.162500 23.453800 15.601600 
1344 2 12.733800 20.918600 24.599500 
1778 1 2.231740 25.935800 13.464700 
1388 2 13.058600 16.912300 19.475300 
758 1 8.797590 15.718900 15.006900 
968 2 12.618200 23.607400 15.951100 
908 2 4.023000 15.112400 23.723000 
936 2 10.079400 13.725300 20.489300 
1386 1 13.359200 18.005400 19.092800 
1974 1 0.617415 17.855800 22.109100 
1962 1 1.470300 24.918100 22.623100 
1982 1 10.971600 20.689600 16.954400 
387 2 11.136500 21.195300 17.555300 
1913 1 0.072838 16.090600 15.415900 
472 2 7.741910 19.985700 13.913500 
1480 2 1.227720 15.471700 25.544500 
1479 2 0.918198 15.256400 25.595200 
784 2 6.777190 26.377900 26.259200 
944 2 11.792600 13.442000 24.535700 
756 2 6.288840 19.660900 26.164500 
923 2 9.861160 16.858600 26.218700 
601 1 7.356900 25.435800 26.218100 
933 1 9.660320 14.347300 20.329300 
921 1 10.538800 16.351700 26.268600 
1403 2 12.905700 23.229500 25.877800 
398 1 10.634500 26.351100 14.099500 
14 1 0.115728 25.823500 18.130400 
782 1 5.882770 26.377100 26.208700 
357 1 5.857320 22.932300 13.461700 
1402 1 12.875300 23.301400 25.864600 
115 2 -0.018354 15.084900 14.985600 
72 2 11.602600 14.058200 13.425000 
469 1 7.776260 20.469000 13.760400 
615 2 19.256100 0.582994 10.579400 
1677 1 24.495300 4.962620 9.417950 
1989 1 22.636100 2.573530 4.257210 
1264 2 20.802700 7.240990 1.657030 
1511 2 13.484200 12.610600 9.806660 
1679 2 24.379800 4.908720 9.979820 
1482 1 18.212800 9.049600 0.695843 
1890 1 22.814900 8.714370 11.090200 
1740 2 20.043400 9.047750 9.002420 
1442 1 16.990300 0.328450 7.145790 
1622 1 16.985200 3.838720 3.849160 
63 2 26.353600 8.171060 2.285390 
1623 2 16.542100 3.951900 4.272200 
1650 1 23.324700 10.723900 1.634970 
667 2 26.023700 5.886620 7.671950 
1769 1 19.410700 12.837800 7.657370 
1929 1 19.264300 6.153500 4.193290 
104 2 25.801900 10.500400 5.135430 
1931 2 19.235600 6.757900 4.356500 
1039 2 14.785500 13.036700 13.143600 
721 1 18.331200 1.424180 3.211750 
1782 1 21.006700 1.557420 1.576310 
1680 2 24.210500 4.894460 10.056600 
1263 2 21.032800 7.169460 1.456120 
1770 1 19.815700 12.692900 6.336170 
1652 2 22.890200 10.931600 2.556510 
1611 2 22.091000 2.349070 4.684510 
1513 1 21.376400 2.643580 13.179900 
1497 1 17.700300 4.134080 11.638200 
52 2 23.898300 8.560970 8.186860 
708 2 23.695200 7.416280 3.848510 
717 1 16.832400 7.858820 10.060000 
1498 1 17.334200 3.353290 11.030100 
1035 2 14.740600 5.176150 2.254730 
1313 1 15.284200 6.572190 7.348860 
50 1 23.405100 7.873920 8.472100 
1903 2 25.596400 10.750600 5.066900 
1570 1 18.516800 9.702320 6.844280 
1038 1 15.177300 12.621300 12.812100 
5 1 22.488100 4.489390 7.038610 
955 2 13.589100 10.588400 5.335030 
1571 2 18.194900 9.356530 6.066810 
1864 2 20.480900 3.873300 2.534700 
838 1 13.520000 0.178373 7.766510 
1262 1 21.171200 7.430020 2.255470 
1474 1 21.311800 9.605320 5.210100 
1657 1 20.290100 9.955210 12.272000 
793 1 20.229700 0.186768 10.568500 
1314 1 15.744300 5.951510 6.215960 
95 2 24.444600 2.331510 11.980900 
1088 2 15.888700 12.256800 7.256380 
614 1 18.444000 0.567604 11.475000 
1785 1 25.149200 0.466182 2.168610 
1034 1 14.953800 5.098590 2.943700 
1572 2 18.301500 9.605230 6.215320 
840 2 13.556600 1.119750 8.149180 
1046 1 16.893700 5.719960 1.349570 
1843 2 20.334900 4.113060 2.583180 
1754 1 23.448900 11.504400 7.370970 
49 1 24.253400 9.148460 8.199320 
937 1 15.392700 11.974900 3.377300 
1659 2 19.561400 9.529280 12.300500 
312 2 15.270900 9.685910 11.694600 
1788 2 25.364400 0.941865 2.524350 
1484 2 17.768800 9.390440 0.832464 
720 2 17.064300 8.284280 9.855620 
1301 1 19.705300 11.059600 2.930050 
939 2 16.330700 11.873900 3.062530 
1891 2 22.400700 8.080020 11.138800 
795 2 18.994700 0.551344 10.407400 
1692 2 21.971900 11.493100 10.555200 
871 2 18.580400 6.035150 8.404820 
1023 2 18.408800 13.150600 0.469553 
1261 1 20.553600 7.001470 1.112440 
990 1 26.125300 1.471110 9.002810 
309 1 15.520800 9.045620 11.853000 
1772 2 19.591500 12.959400 7.220080 
1612 2 22.431400 2.374040 4.542160 
1445 1 23.700100 3.409540 1.270880 
1786 1 25.337100 1.506960 2.806930 
1660 2 19.503400 9.873830 12.524800 
1901 1 25.367700 10.007400 4.340900 
616 2 19.088200 0.540287 10.771600 
1739 2 19.941400 8.942890 8.483140 
938 1 16.688800 11.684500 3.013150 
1639 2 19.626900 6.165670 11.998700 
311 2 15.160500 9.528570 11.829900 
1930 1 19.098000 7.306630 4.790020 
1603 2 20.725100 0.498233 1.370410 
1491 2 14.631800 5.629120 10.072700 
1781 1 20.045900 0.153366 1.243610 
1510 1 13.994400 12.983000 9.819290 
1678 1 24.220200 5.142500 10.522500 
1455 2 20.671800 0.210798 7.063660 
623 2 16.412300 3.573360 8.766090 
1748 2 25.986700 11.424800 9.731420 
1459 2 23.076100 1.452510 9.274450 
1209 1 18.231900 12.491700 10.356100 
1489 1 15.231800 5.688710 9.585440 
1316 2 15.636400 6.203400 6.707650 
188 2 22.190800 5.146050 6.622740 
1303 2 20.067900 11.415700 3.405260 
1315 2 15.432300 6.348960 6.858780 
718 1 17.572500 8.618760 9.451080 
1237 1 14.336700 3.593490 12.417500 
1621 1 16.275700 3.828420 4.824360 
93 1 24.052400 2.655470 11.456900 
1085 1 16.609600 11.536300 7.332520 
1604 2 20.711800 0.415789 1.087190 
1304 2 19.749100 11.260000 3.319180 
21 1 20.833900 4.282950 2.239270 
1494 1 19.971600 3.947760 10.242600 
1889 1 22.215200 7.409460 11.428400 
1024 2 18.354500 13.221500 0.353482 
1771 2 19.560000 12.725900 7.096260 
274 1 25.787100 5.875170 13.124500 
1245 1 14.525000 2.098820 2.663580 
42 1 19.867700 3.713360 2.976350 
1932 2 19.173900 6.853610 4.640430 
1500 2 17.564600 3.827530 11.185700 
1247 2 14.912200 1.782600 2.533350 
903 2 16.095400 7.958280 3.775860 
275 2 25.397400 6.779280 13.114300 
1512 2 13.471000 12.648700 9.753690 
51 2 23.795600 8.561810 8.203060 
869 1 18.301200 6.316910 8.174450 
1747 2 26.275800 11.478100 9.728050 
1637 1 19.781600 6.215170 12.406000 
902 1 15.529600 7.795570 3.968250 
719 2 17.033100 8.330270 9.663290 
1753 1 22.818300 12.721200 7.742360 
1470 1 18.164600 3.127380 6.457260 
1471 2 18.692800 2.838100 6.642970 
1472 2 18.839000 2.680440 6.707080 
1458 1 23.621400 1.015470 9.783180 
367 2 25.105400 2.735110 6.512660 
1475 2 21.628800 9.198090 5.670920 
1476 2 21.543000 9.435690 5.567950 
1047 2 17.532800 5.378630 1.187660 
1248 2 14.758000 1.753990 2.778560 
1448 2 23.974200 3.672510 1.394460 
613 1 19.033900 1.829130 10.383500 
1689 1 22.588000 11.670400 10.151200 
1787 2 25.077200 1.262960 2.558020 
1918 1 24.632700 10.465400 13.085500 
1499 2 17.521400 3.752020 11.475400 
687 2 16.804500 7.101590 12.853100 
688 2 17.005100 7.180850 12.961700 
365 1 25.720200 2.175220 6.207850 
1690 1 21.396600 11.549500 10.881000 
1460 2 23.220400 1.352280 9.365040 
1246 1 15.552800 1.085400 2.616590 
668 2 26.227900 6.117550 7.678060 
621 1 16.816000 3.914220 8.450190 
1755 2 22.946500 12.132700 7.609860 
1871 2 13.147700 9.370870 1.579480 
1239 2 14.471800 3.404400 11.688200 
1902 1 25.858000 10.308600 5.959410 
1658 1 18.875400 9.609740 12.739700 
1492 2 14.946900 5.947830 9.853710 
1212 2 18.452700 11.793900 9.998830 
1496 2 20.674100 3.837140 9.951730 
624 2 16.158000 3.193970 8.705390 
7 2 21.788300 5.374360 6.706490 
1447 2 23.847700 4.364570 1.634700 
724 2 17.767700 0.837820 3.604460 
666 1 26.548900 5.689000 7.806500 
1211 2 18.443300 11.997000 10.263900 
707 2 23.718100 7.204070 3.768950 
901 1 16.771700 8.168240 3.193750 
1745 1 25.918700 11.222500 10.192600 
706 1 24.345800 7.147550 3.384930 
1238 1 14.592900 3.028090 10.812800 
1302 1 20.186200 11.756000 3.905890 
1638 1 19.571200 6.075430 11.153900 
1640 2 19.527400 6.141370 11.672800 
61 1 21.436700 5.063860 5.922060 
940 2 15.936200 11.849000 3.147300 
1569 1 17.949200 9.579350 5.628790 
6 1 22.496500 5.985210 6.585140 
1857 1 26.254200 8.213390 11.458100 
1649 1 22.867900 11.196600 2.871440 
1033 1 14.343400 5.012860 1.682790 
796 2 19.041500 0.568708 10.572200 
956 2 13.483800 10.564600 5.266380 
839 2 13.437200 0.862036 8.193610 
117 1 23.842900 11.799100 12.705900 
1473 1 21.915000 8.923210 6.071970 
723 2 17.792700 0.946236 3.546100 
1892 2 22.592200 7.843630 11.332600 
1610 1 21.857600 1.888470 4.856460 
872 2 18.614100 5.711830 8.546790 
1446 1 23.896400 4.817080 1.746140 
1456 2 20.565700 0.275688 7.200680 
1493 1 21.257700 3.722380 9.815500 
103 2 25.809700 10.688600 4.999210 
1738 1 20.555300 9.277730 9.449950 
1737 1 19.792200 8.512710 8.451570 
904 2 16.115300 8.021520 3.374960 
722 1 17.201400 0.581471 3.872310 
185 1 21.250000 5.436650 7.600250 
96 2 24.730800 2.066420 12.465100 
1036 2 14.551700 5.129580 2.234170 
1860 2 25.994100 8.352360 11.370300 
1048 2 17.430100 5.441850 1.097840 
1210 1 18.494600 11.009900 10.043800 
954 1 13.312400 10.240100 4.622690 
1651 2 23.134400 11.057700 2.418440 
622 1 15.979400 2.935590 8.919380 
705 1 23.345600 7.706110 4.342690 
1646 1 21.357400 9.480250 -0.045836 
1240 2 14.484700 3.376120 11.901400 
94 1 24.871300 2.041150 12.751900 
1469 1 19.337700 2.590790 6.903600 
1495 2 20.480000 3.888070 10.050400 
1756 2 23.204900 12.116500 7.500800 
870 1 19.121900 5.256060 8.648850 
187 2 22.112200 5.300830 6.857130 
1086 1 15.303700 12.645300 7.048680 
1624 2 16.546600 3.992250 4.329280 
1904 2 25.932400 10.690700 5.272930 
1516 2 21.547200 3.376250 13.174800 
1691 2 21.981000 11.401100 10.801700 
1490 1 14.261400 5.774800 10.640400 
8 2 21.762000 5.338250 6.949900 
368 2 25.152900 2.567930 6.335650 
1234 1 22.820300 1.945490 9.108550 
1861 1 26.506300 8.334120 2.313980 
276 2 25.176400 6.056480 13.383200 
222 1 24.541300 2.755490 6.379600 
1461 1 14.791800 7.661830 0.033253 
685 1 16.941400 6.520270 12.312700 
310 1 14.956700 10.080100 11.355000 
1454 1 20.093700 0.474412 7.231810 
1045 1 18.159300 5.212500 0.962569 
1483 2 17.814100 9.417340 1.038310 
1021 1 18.711900 12.638200 0.749724 
1481 1 17.324300 9.837600 1.123910 
121 1 24.958400 11.435500 5.200290 
953 1 13.954000 11.082500 5.782400 
837 1 13.512400 1.481440 8.307360 
1870 1 13.877900 9.200620 1.214510 
1368 2 17.743400 2.040890 0.223404 
1087 2 15.904400 11.914600 7.377610 
665 1 25.363100 6.281450 7.391980 
1366 1 18.214100 1.446640 0.686242 
1250 1 13.443900 8.783290 8.730480 
1783 2 20.989700 0.356308 1.154930 
1784 2 20.791500 0.627666 1.248320 
237 1 18.791100 0.150636 9.747720 
1040 2 14.808000 12.960300 13.159800 
1601 1 21.072200 0.400406 0.342623 
119 2 24.531200 11.093300 13.228900 
1365 1 17.492000 2.472480 0.280787 
765 1 15.411800 12.309300 -0.100142 
1367 2 17.871100 2.053110 0.414602 
1841 1 24.711400 7.067480 0.004502 
1986 1 23.612100 2.502750 19.725100 
644 2 17.073700 9.391990 15.282600 
435 2 16.280500 2.935410 17.269000 
797 1 15.327600 0.764202 24.417000 
1151 2 16.180900 9.786890 20.362500 
78 1 18.664300 12.393600 15.156100 
618 1 14.894500 0.152735 26.152100 
1752 2 15.852000 1.990520 22.168900 
1232 2 13.913700 8.515730 16.947700 
1797 1 25.198000 0.750382 15.779500 
1457 1 17.370500 4.839680 23.200300 
1825 1 25.010300 4.320230 21.552900 
38 1 23.901300 8.813460 15.958900 
849 1 17.656000 0.317369 19.665500 
1981 1 24.450600 7.566010 24.827900 
1463 2 15.321200 7.497140 26.072500 
1674 1 17.911000 1.744830 13.771300 
30 1 25.398900 4.447750 19.362000 
24 2 24.159700 7.654820 25.868100 
1520 2 16.124600 6.766490 18.954500 
678 1 19.469500 6.649890 17.488500 
1854 1 24.579500 7.099740 21.980800 
1058 1 21.103300 0.846651 23.487500 
1636 2 21.866400 5.801450 19.024300 
1641 1 23.523400 12.777000 17.140900 
1326 1 13.787500 0.925555 14.889600 
37 1 24.459000 8.760270 17.460300 
1229 1 14.161300 8.129330 17.538900 
680 2 19.159100 7.125420 17.226800 
643 2 17.441500 9.736940 15.413000 
1394 1 20.333300 3.372650 16.580400 
1230 1 13.639000 8.616580 16.319900 
1537 1 21.409900 7.025800 13.778500 
1634 1 22.305400 5.378800 18.731400 
1919 2 24.499500 11.700500 13.507200 
1257 1 24.142000 4.693520 15.019100 
1987 2 23.730600 2.252150 19.176800 
1647 2 20.598700 10.246400 26.213300 
1585 1 23.138100 11.338000 25.258300 
826 1 14.907200 4.447550 24.770300 
1260 2 17.639600 4.526360 23.833700 
1806 1 24.560100 0.220119 25.696300 
56 2 24.428400 7.672620 21.217200 
560 2 14.223800 11.805200 22.182300 
633 1 13.312600 10.249100 13.524400 
1188 2 18.232700 0.402558 23.818000 
1895 2 24.262700 11.503200 21.874300 
1222 1 21.855500 3.794850 26.171000 
1216 2 20.579100 2.562680 17.430400 
1098 1 17.407700 4.191490 19.947600 
1824 2 24.142400 7.970000 25.882500 
1675 2 17.753300 1.977170 14.094000 
1414 1 20.643800 1.924120 20.412700 
1097 1 18.614000 3.847440 20.715800 
843 2 15.818200 7.256850 22.523200 
1894 1 24.297500 10.842100 21.389100 
1827 2 24.371200 3.553240 22.192400 
40 2 24.565000 8.469360 16.386500 
118 1 24.107100 11.231900 14.493000 
1823 2 24.031100 7.821000 25.449400 
1588 2 23.558600 11.703500 25.664000 
457 1 13.480500 9.034400 20.095000 
1231 2 13.787800 8.366100 16.856800 
1694 1 21.416600 11.693400 16.010100 
1215 2 20.356000 2.842710 17.263200 
1920 2 24.412200 11.268000 13.221800 
1822 1 22.994200 7.206570 25.880900 
33 1 18.858800 5.226630 14.334200 
1069 1 19.309500 8.091610 20.170700 
1213 1 19.975100 1.759260 16.952400 
1280 2 21.441600 9.448700 19.168800 
39 2 24.583400 8.409060 16.324000 
26 1 24.951300 2.820710 22.403800 
1532 2 14.667900 12.079300 16.360600 
1235 2 23.714100 4.896980 15.785700 
1538 1 21.294400 7.886010 14.973100 
1395 2 20.228000 2.628850 17.413500 
181 1 24.789400 1.496250 25.302500 
434 1 17.086800 2.958480 17.566900 
798 1 13.607100 0.299237 24.962900 
35 2 18.770200 4.807250 15.033000 
1254 1 15.806000 5.948330 15.023600 
1645 1 20.368500 10.436700 25.953600 
1656 2 21.619200 9.476400 22.641700 
1224 2 21.661100 3.889790 25.280000 
1635 2 21.770400 5.643190 19.149500 
1289 1 17.340100 10.488800 24.307400 
1152 2 16.107400 10.029300 20.261900 
1295 2 19.321800 7.103530 24.867600 
694 1 18.408700 11.291000 17.755400 
1233 1 23.165800 4.946920 16.264600 
25 1 23.607300 3.533470 22.114600 
1839 2 24.559900 8.642530 16.664100 
1837 1 25.576700 8.809500 16.095800 
1296 2 19.265600 7.316560 24.671600 
852 2 17.949500 0.587858 20.124400 
1294 1 18.923800 6.817450 25.363900 
1160 2 19.447400 11.928400 22.692300 
1185 1 18.544900 0.908958 24.080100 
844 2 15.946700 7.514070 22.572300 
1529 1 14.903100 11.507000 15.848600 
120 2 24.513600 11.390500 13.578900 
79 2 18.252200 13.133600 14.303800 
1695 2 21.177700 11.130900 15.858000 
1277 1 21.152200 9.057400 18.695100 
1519 2 16.355100 6.714750 18.912100 
28 2 24.581300 3.859240 22.381700 
1413 1 20.375400 2.632090 21.531200 
1059 2 21.704000 0.985898 23.916500 
1393 1 21.350400 2.735960 17.533300 
1325 1 14.315300 2.056090 14.589200 
1149 1 16.323700 10.513600 20.184200 
34 1 18.790600 4.590550 15.418300 
1517 1 16.524900 7.373900 18.804900 
695 2 18.574000 10.567700 18.001200 
679 2 19.033200 7.141220 17.072600 
1896 2 24.245200 11.204000 21.748900 
1100 2 17.946500 3.952560 20.269400 
1328 2 14.183100 1.558010 14.591300 
1290 1 15.809700 10.504500 24.194100 
55 2 24.612200 7.874700 21.165300 
1060 2 21.539100 0.908020 23.933800 
1693 1 20.906400 10.571100 15.478300 
29 1 25.464100 5.309540 18.447900 
1099 2 17.959300 3.980580 20.190600 
1654 1 22.126900 9.729350 23.076200 
641 1 17.562700 10.048700 15.501800 
436 2 16.141500 3.011660 17.496900 
1796 2 24.730800 1.103550 15.285900 
1327 2 14.015200 1.253010 14.759400 
1150 1 16.235500 9.326560 20.393900 
1293 1 19.655000 7.618380 24.253200 
1253 1 15.219300 5.309010 16.172100 
1696 2 21.183100 10.944000 15.928000 
1057 1 22.010200 0.984571 24.559000 
1643 2 23.501800 12.505900 17.389500 
841 1 16.058800 7.032070 21.917000 
1988 2 24.570600 1.038080 25.433200 
1158 1 20.120200 11.047800 22.463400 
1187 2 18.071400 0.266085 23.657800 
677 1 18.871100 7.666490 16.973200 
1587 2 23.660000 11.635500 25.709700 
1808 2 23.711600 2.104170 18.921900 
1070 1 19.208000 7.626990 21.601200 
1644 2 23.701800 12.208400 17.861500 
1793 1 24.191300 1.104020 14.825600 
1805 1 23.762800 1.926620 18.294400 
827 2 14.307300 4.091970 24.940900 
1673 1 17.273800 2.527260 14.814800 
1633 1 21.498600 6.130830 19.404600 
1853 1 24.683000 7.237500 20.349800 
1751 2 15.666900 2.008030 22.500100 
1518 1 16.115400 6.001560 19.030900 
1856 2 24.354300 7.625210 21.162500 
1214 1 19.862300 2.942110 18.220800 
53 1 25.003400 8.607860 21.605400 
1072 2 19.155300 8.053930 20.915600 
1157 1 19.237000 12.512700 22.763500 
32 2 25.451000 5.045870 18.808600 
1855 2 24.734000 7.620140 21.361900 
1840 2 24.431500 8.418930 16.338200 
1416 2 20.659900 2.398870 21.150400 
1838 1 24.567800 7.187630 16.188300 
1462 1 15.547900 7.057380 25.633100 
1531 2 14.633200 11.884900 16.383600 
1256 2 15.346300 5.870940 15.569300 
1826 1 24.693700 4.066920 23.393800 
1539 2 21.509500 7.090040 13.979000 
1655 2 21.714800 9.398810 22.422200 
1291 2 16.781100 10.314600 24.156500 
1464 2 15.210700 7.464610 26.032300 
1653 1 21.475400 8.889060 22.114400 
1440 2 21.341800 0.158181 14.296000 
1880 2 18.343600 13.270000 14.613400 
1396 2 20.326700 2.549690 17.476500 
31 2 25.397700 4.884460 18.948700 
1223 2 21.608900 4.068990 25.673500 
1071 2 19.446700 7.679880 20.582200 
1159 2 19.525600 11.861800 22.788700 
27 2 24.505000 3.884770 22.636700 
1255 2 15.690500 5.450340 15.579900 
54 1 23.654600 7.951260 21.206200 
433 1 15.794800 3.033910 17.331800 
1236 2 23.395400 4.901770 15.757800 
1795 2 24.600000 0.989900 15.257500 
1279 2 21.515600 9.615330 19.048900 
696 2 18.530600 10.705600 18.043000 
817 1 14.304200 1.361010 18.586900 
842 1 15.672200 7.744010 23.120000 
1221 1 21.437400 4.135330 24.661700 
77 1 17.660900 13.171300 14.042100 
851 2 17.919800 0.598987 20.033700 
1828 2 24.509000 3.626500 22.461500 
1278 1 21.715900 10.006800 19.450800 
1629 1 21.401400 5.789580 22.175900 
1630 1 20.229000 6.038750 22.973100 
1631 2 20.853900 5.865170 22.636600 
1632 2 20.845900 5.911260 22.563900 
1893 1 24.457500 11.828200 22.319000 
1292 2 16.547000 10.412600 23.923900 
799 2 14.614700 0.143969 25.123700 
558 1 14.373200 11.805600 21.703900 
1750 1 15.368200 2.552710 22.728700 
1586 1 24.129000 11.945200 25.983000 
825 1 13.646800 3.960900 25.162800 
1917 1 25.514800 11.983100 13.557200 
1415 2 20.517000 2.136140 20.917700 
23 2 23.823100 7.774150 25.877600 
1514 1 21.668300 4.090350 13.495900 
619 2 14.537800 0.047450 25.206100 
1258 1 18.236800 4.057070 24.206000 
1749 1 16.029900 1.616440 21.960900 
1642 1 23.708300 11.761200 18.225900 
828 2 14.392700 4.267500 25.031500 
850 1 18.304400 0.721735 20.705000 
686 1 17.014100 7.490460 13.331600 
1259 2 17.908900 4.359480 23.638900 
557 1 13.774300 11.735700 22.725000 
1821 1 24.109300 8.824270 25.893900 
36 2 19.005500 4.999000 14.808800 
1437 1 21.125700 0.414681 15.011800 
642 1 16.918400 8.937290 15.018500 
1807 2 24.781800 0.888672 25.305800 
1540 2 21.266200 7.602330 14.242000 
766 1 14.684200 12.583500 25.280100 
1676 2 17.815700 1.989090 14.283000 
693 1 18.764300 10.093100 18.243300 
1377 1 19.245000 12.930800 18.976300 
559 2 14.044400 11.685300 22.344100 
1648 2 20.821900 9.941460 26.108800 
273 1 24.963300 7.205310 13.161600 
768 2 15.183300 12.364600 25.839700 
1530 1 14.572000 12.642100 16.520400 
1439 2 21.183100 0.287242 14.388700 
767 2 15.052500 12.516800 25.931200 
1515 2 21.496600 3.494510 13.346300 
1594 1 22.833200 18.556800 4.480180 
1405 1 16.519600 25.540400 9.874920 
1382 1 14.401200 23.732900 4.656800 
1425 1 23.673000 25.746800 6.449970 
1346 1 18.915600 19.739700 7.570620 
1428 2 24.007300 26.109100 7.022740 
1345 1 19.995000 19.141400 8.170090 
190 1 22.430600 22.545500 6.797340 
1443 2 16.956100 26.333800 6.863020 
1139 2 17.476600 22.040300 10.498500 
1453 1 21.173600 26.302100 7.124900 
1882 1 21.664400 14.709500 3.960730 
1942 1 23.736500 17.946100 2.344980 
1427 2 23.971400 25.956500 7.142130 
288 2 21.696500 14.163200 0.596618 
1130 1 23.031600 19.911600 9.492650 
143 2 23.145800 18.158200 1.621700 
1606 1 25.135700 24.812800 0.711923 
804 2 15.531700 20.869300 1.302720 
333 1 26.381000 13.959600 7.770460 
803 2 15.379400 20.984800 1.247400 
1156 2 14.134400 16.814700 12.966500 
1360 2 24.176300 14.108700 10.405400 
1132 2 23.540000 19.409200 10.004000 
1195 2 20.189800 19.259600 10.832800 
1525 1 17.389800 20.722100 4.905540 
1358 1 24.000500 14.105700 11.044200 
503 2 25.126500 13.923200 1.392470 
1444 2 17.176000 26.199700 6.573650 
495 2 14.629500 14.834600 3.854430 
1526 1 16.932900 21.839500 5.488620 
1384 2 13.648600 24.675400 4.163240 
154 1 19.611300 17.129500 3.831660 
1488 2 26.266400 15.722800 4.523400 
330 1 18.088800 19.498000 0.897378 
336 2 26.009700 14.105600 7.879410 
176 2 19.959900 17.835400 3.904260 
1140 2 17.586800 22.056300 10.545100 
1125 1 15.665200 24.248800 12.814700 
1718 1 22.743000 17.432900 11.725200 
191 2 23.336800 22.256900 7.397850 
1007 2 16.309100 17.920100 4.740220 
773 1 18.419100 14.843700 4.397140 
1681 1 15.336200 16.870900 7.557310 
950 1 13.570500 17.191600 5.359410 
657 1 15.887600 20.147200 12.671600 
751 2 13.864500 20.653100 4.545340 
1528 2 17.250700 21.210600 5.113190 
344 2 25.552800 21.232700 3.130270 
926 1 15.663400 22.231900 8.100730 
1884 2 22.179200 14.658800 4.615510 
496 2 14.734300 14.756200 3.897780 
1626 1 18.567300 23.393100 4.517840 
801 1 15.395100 19.944500 1.856500 
1422 1 21.794000 24.649500 4.299750 
494 1 14.310800 15.062600 3.381050 
1605 1 23.978600 24.639400 1.102300 
1285 1 16.944300 16.579700 1.695390 
1607 2 24.547500 24.913800 0.734978 
1881 1 22.469300 15.503300 5.077270 
1757 1 20.065700 14.721500 11.162500 
1682 1 15.605600 15.596700 7.690800 
1536 2 16.219900 14.712400 10.331300 
1760 2 20.238900 15.107600 10.877500 
928 2 15.322600 22.470200 7.762750 
1387 2 17.038800 24.879900 1.048460 
1724 2 19.968400 23.045200 1.129330 
1546 1 20.917600 21.307100 4.126730 
17 1 24.432200 26.416600 7.721960 
1719 2 23.305400 17.049100 11.605900 
1567 2 26.157400 17.274300 7.528250 
1406 1 15.319800 25.105900 9.433080 
1664 2 19.840000 23.571900 8.530570 
1103 2 13.534400 16.294300 0.101239 
1584 2 16.990000 24.824200 1.089280 
1926 1 22.904700 22.232300 1.152650 
1193 1 19.693100 19.602700 11.084600 
493 1 15.106300 14.595700 4.226740 
1319 2 15.524400 19.229200 7.934480 
1614 1 22.215500 22.163200 13.035200 
1627 2 18.901900 24.007700 4.561480 
174 1 20.037200 18.577200 3.698650 
317 1 17.086500 17.560600 10.897500 
1288 2 16.620300 16.715800 1.258190 
802 1 16.319300 21.004500 0.553054 
285 1 22.134900 14.342400 1.230880 
1398 1 24.504800 23.648300 11.422500 
1397 1 21.689900 24.415100 11.039100 
144 2 23.430600 18.199500 1.776790 
287 2 21.586400 14.221300 0.426272 
1613 1 22.272300 20.864600 12.760800 
1204 2 13.864500 24.594600 4.282720 
141 1 22.124600 17.807700 1.856150 
1138 1 16.922900 21.587700 10.795100 
1 1 25.773100 24.762700 4.273540 
1196 2 20.329700 19.273800 10.857500 
752 2 13.820500 20.943900 4.686740 
1126 1 15.589900 25.477400 13.198900 
1925 1 22.505500 22.203200 2.520500 
320 2 16.670900 17.756700 10.879800 
342 1 26.301600 20.933100 3.222330 
502 1 25.595300 13.813600 1.899110 
749 1 14.506200 20.861200 4.288080 
1320 2 15.432200 19.487100 7.814240 
1608 2 24.568200 24.743800 0.848572 
1548 2 21.061200 21.129500 4.475750 
1408 2 15.831800 25.190600 9.583800 
1593 1 23.203200 18.426100 5.671860 
1318 1 16.056200 19.131300 8.234980 
775 2 18.124000 14.897200 5.154220 
10 1 23.219700 22.330000 8.094360 
1359 2 24.151100 14.021100 10.695000 
170 1 26.484000 21.362500 10.060100 
1203 2 13.899300 24.619300 4.221790 
1602 1 21.341600 26.300300 2.032140 
1381 1 14.408000 25.173500 3.927810 
1549 1 18.971300 16.507800 13.149700 
1535 2 16.624800 14.674600 10.447000 
189 1 23.737200 21.581300 6.808940 
1596 2 23.039400 18.443500 5.120250 
1357 1 24.493100 13.796200 9.693510 
175 2 19.850500 17.726700 3.963160 
1347 2 19.376800 19.416900 7.915940 
1348 2 19.266400 19.568600 7.819250 
84 2 22.450600 14.340400 4.698830 
1129 1 24.146200 19.248000 10.397800 
1287 2 16.701600 16.687700 1.391450 
1421 1 22.898200 25.470000 4.231700 
82 1 23.329100 14.388500 4.141890 
1943 2 23.258900 18.119000 1.928160 
659 2 15.172300 20.318900 12.823400 
504 2 25.094200 14.285300 1.474480 
1018 1 24.321300 24.276300 10.011400 
335 2 25.638000 14.286400 7.697600 
1846 1 26.044900 23.551000 4.366970 
1615 2 22.192300 21.737300 12.882100 
1487 2 26.356600 16.045200 4.447790 
1370 1 18.788200 16.543900 7.741560 
1371 2 18.880100 16.070400 8.117690 
1372 2 19.141900 16.077100 8.096940 
1734 1 22.198000 16.371900 7.507970 
1941 1 23.714800 17.608900 0.754934 
12 2 23.199300 22.260000 7.128520 
1883 2 22.389000 14.505600 4.930080 
11 2 23.269600 22.319600 7.064700 
658 1 14.628500 20.517300 13.189200 
81 1 22.338000 13.765500 5.330800 
1399 2 25.079900 24.040700 10.542300 
1661 1 19.134300 23.692600 8.685890 
981 1 14.456400 20.971100 0.604963 
334 1 25.384200 14.615300 7.786960 
1383 2 14.024300 24.295400 3.979720 
1545 1 21.443000 21.014100 5.317120 
1928 2 22.851200 22.252600 1.980730 
750 1 13.348800 20.604700 4.929780 
1423 2 22.580600 24.963500 4.231950 
142 1 23.257100 19.054900 1.449470 
1286 1 16.170500 16.591700 0.708678 
776 2 18.158200 14.836700 5.165700 
1547 2 20.937300 21.115000 4.770650 
1102 1 13.357600 16.881500 0.279956 
1944 2 23.040500 18.140500 1.511360 
1848 2 25.969700 23.993400 4.402820 
329 1 19.430400 19.841400 0.760752 
1385 1 16.756900 24.611600 1.500360 
1663 2 19.935900 23.335700 8.482990 
341 1 25.038800 21.374200 2.814450 
1128 2 15.659100 24.940800 13.010400 
1616 2 22.396700 21.391300 12.871800 
1317 1 14.933500 19.778500 7.639970 
1662 1 20.423200 23.144400 8.539180 
1684 2 15.634200 15.929900 7.625610 
1400 2 24.879400 24.367000 10.572300 
1717 1 23.749500 16.666200 11.491200 
1194 1 20.686000 18.974300 10.454900 
1369 1 19.326100 15.619600 8.493770 
501 1 24.734500 14.175000 0.552310 
1137 1 18.242700 22.282300 10.198600 
1008 2 16.079400 17.914200 4.669210 
1736 2 22.831600 16.896000 7.827940 
1847 2 25.896000 24.137700 4.327650 
83 2 22.613900 14.795700 4.487810 
331 2 18.925600 19.699200 0.783510 
1486 1 25.876200 16.075600 4.830960 
1581 1 17.371200 25.163300 0.534996 
1735 2 22.827300 16.539000 7.872530 
1005 1 16.669000 17.515200 4.380930 
1534 1 16.776700 14.236500 9.756080 
1219 2 21.787100 24.572500 10.875400 
1720 2 23.341300 17.131300 11.711900 
1722 1 19.025200 22.530200 1.262280 
192 2 23.405200 22.306700 7.188190 
982 1 15.670500 21.894400 1.852450 
1006 1 15.659200 18.336800 4.979850 
1683 2 15.711900 16.336600 7.689940 
927 2 15.054400 22.514200 7.450530 
1568 2 25.934800 17.197100 7.392240 
343 2 25.625000 21.293900 3.033790 
318 1 15.772400 18.129100 10.835200 
319 2 16.396300 17.970600 10.853800 
984 2 15.361100 20.929200 1.395530 
1927 2 22.857500 22.248800 1.820200 
332 2 18.973900 19.819600 0.683185 
1595 2 23.250400 18.623400 5.375410 
1721 1 20.245900 23.323400 1.105130 
1424 2 22.265700 25.222400 4.450610 
1441 1 17.120400 25.476600 6.538360 
1723 2 19.791900 23.016600 1.142570 
1154 1 14.568500 16.921500 12.695000 
1155 2 13.878300 16.774700 13.001800 
1407 2 15.776700 25.236200 9.632510 
1625 1 19.172500 24.627100 4.509280 
1566 1 25.904300 17.721400 7.333720 
1628 2 18.968700 23.926000 4.484750 
1131 2 23.597600 19.639300 9.970290 
1127 2 15.652800 24.990200 13.004200 
9 1 24.319900 22.991100 6.799550 
1220 2 24.809900 24.107700 10.613700 
1759 2 20.273500 15.090900 10.399000 
1533 1 16.146700 15.008400 10.668400 
1733 1 23.277600 17.091200 8.243030 
925 1 14.926000 22.703300 7.113520 
1527 2 17.166500 21.356100 5.176310 
983 2 15.612100 20.751300 1.140960 
774 1 18.030400 14.912600 5.945410 
660 2 15.519300 20.187600 12.798300 
173 1 20.648900 15.416300 10.082400 
1218 1 25.788000 24.423100 10.402400 
997 1 19.843200 23.368400 13.072200 
1933 1 24.662700 19.252000 13.041000 
1022 1 18.230200 13.653400 0.154412 
1052 2 13.378800 23.270000 18.795000 
1792 2 22.435100 23.760500 24.433200 
965 1 13.350400 23.969800 16.351300 
1668 2 19.989000 17.188500 26.194500 
1865 1 23.490800 16.259300 18.164700 
1436 2 22.235400 13.922500 23.354800 
1004 2 18.263600 22.749300 23.664200 
349 1 18.528300 18.693200 24.651500 
1725 1 21.569700 14.143000 14.333800 
1217 1 24.311400 23.127000 16.229000 
114 1 25.231900 15.493300 14.497200 
1589 1 22.321900 22.273100 18.879900 
1354 1 22.626500 26.183200 17.712500 
873 1 16.663500 14.259100 22.781400 
1921 1 18.724700 22.914600 18.368500 
1561 1 25.312400 20.574700 17.225700 
1726 1 22.578800 14.115000 13.506100 
617 1 14.847700 25.598600 24.848600 
1705 1 19.377900 19.247600 20.814700 
1002 1 19.367900 22.929800 24.176900 
1380 2 19.101100 13.411000 18.835800 
1728 2 22.059200 14.185000 13.870500 
1109 1 13.392000 18.804800 16.027600 
1111 2 13.674400 19.073000 16.089600 
102 1 18.536900 23.605000 19.840100 
1560 2 20.988400 21.254100 16.612900 
1672 2 18.295500 16.614400 20.075200 
1114 1 19.729100 15.947100 16.579000 
1732 2 15.875400 15.714500 15.965700 
1936 2 25.333200 19.337600 14.027300 
1742 1 23.661100 26.234000 22.257500 
1051 2 13.418500 23.305600 18.711800 
1715 2 15.687800 14.415600 19.051800 
1727 2 21.827500 14.189200 13.890700 
876 2 16.804400 13.686000 22.111900 
1935 2 24.742200 19.311200 14.120000 
1671 2 18.267900 16.640500 20.419800 
1713 1 15.827200 14.845500 19.644400 
134 1 24.683300 19.782300 14.661400 
1730 1 15.553500 16.032600 16.722500 
506 1 25.995600 18.756900 24.952300 
875 2 16.598500 14.078500 22.002200 
68 2 23.353500 16.208600 17.447900 
350 1 17.702600 18.802800 23.718600 
1056 2 15.156500 20.361800 19.499900 
1330 1 16.023500 14.559400 24.821300 
701 1 25.226700 21.409400 23.022500 
1559 2 20.962500 21.154500 16.650900 
406 1 15.684000 25.113700 17.710400 
351 2 18.167100 18.648500 24.209400 
135 2 25.247900 19.461100 14.172600 
976 2 15.184700 24.905900 20.950700 
123 2 18.199600 22.671900 19.270500 
133 1 25.508000 18.182900 14.224500 
1907 2 21.874800 20.292800 24.056500 
1391 2 19.477800 25.756700 17.520400 
1947 2 21.065200 18.624000 18.948000 
124 2 18.122400 22.904400 19.218800 
1184 2 18.075000 23.095700 23.489200 
1012 2 15.585700 21.797200 16.004000 
1557 1 20.813600 20.431000 16.854100 
1592 2 22.186100 22.659800 19.757300 
1542 1 20.700000 25.068100 20.731400 
1879 2 18.271600 13.134900 14.644300 
1379 2 18.906000 13.723900 18.659900 
1015 2 13.753300 22.424900 22.274200 
1923 2 18.239600 23.000500 19.387100 
1434 1 22.362300 14.346400 23.368500 
1600 2 23.961300 23.958100 15.239200 
1202 1 18.166100 23.275800 22.503900 
960 2 18.016600 19.767000 14.569100 
1524 2 17.408800 18.884400 17.693700 
88 2 19.100500 15.502600 23.247400 
1775 2 24.904200 22.138200 25.879800 
1417 1 23.260300 23.315100 14.785600 
800 2 14.496500 26.580600 25.148700 
1505 1 26.179900 14.806200 21.723500 
1666 1 20.421200 16.611700 26.441200 
1013 1 14.222300 23.007500 22.192400 
1729 1 15.720000 15.474300 15.408700 
1113 1 19.578900 17.107900 17.026100 
1590 1 22.474100 21.744400 20.494400 
975 2 15.347000 24.818200 21.106300 
1791 2 22.421600 24.067200 24.372700 
1743 2 23.509400 26.245800 21.456300 
1050 1 13.656000 23.660500 18.920000 
1355 2 22.484100 25.836900 18.041200 
1356 2 22.624900 25.547400 17.861900 
1521 1 17.752900 19.346000 17.617900 
86 1 19.524500 15.175600 23.632200 
306 1 26.391800 13.658600 18.067100 
1003 2 17.987000 22.772300 23.571700 
516 2 24.771000 18.573800 20.964100 
1010 1 15.504500 21.257700 16.430200 
405 1 16.234600 25.430800 16.446100 
1431 2 21.666700 17.090000 21.419100 
958 1 17.421400 20.183100 14.843700 
1790 1 22.634600 24.150100 24.952300 
352 2 18.090900 18.854400 24.065000 
136 2 25.204700 19.296500 13.974800 
66 1 23.598100 17.059300 16.675400 
1523 2 17.214700 18.726500 17.738000 
1323 2 13.649600 14.852800 21.874300 
1108 2 15.419800 18.232300 22.571400 
1017 1 18.449100 22.887000 14.170600 
65 1 22.250800 16.281600 17.136500 
514 1 24.242000 18.610300 20.936600 
1916 2 25.835600 15.500300 14.452300 
1410 1 22.850400 23.487800 20.127500 
1412 2 22.599400 22.376700 19.972900 
1924 2 18.112400 22.855300 19.501200 
1506 1 24.930800 14.183300 21.068800 
1432 2 21.469700 17.114800 21.382200 
408 2 15.842900 25.211100 17.344700 
1908 2 21.867500 20.220300 23.859100 
1945 1 21.527900 18.493200 18.441500 
1418 1 24.755800 24.003200 15.135100 
704 2 25.209300 21.509700 22.387900 
1019 2 19.006800 24.023500 13.903600 
87 2 19.244700 15.574000 23.471900 
508 2 26.223900 19.233800 25.403400 
1597 1 23.393500 24.666700 15.802000 
107 2 22.041500 20.489200 23.806600 
1744 2 23.682800 26.086400 21.471300 
1014 1 13.585600 21.714600 22.238500 
874 1 16.549900 13.593500 21.667300 
67 2 23.249900 16.276900 17.204600 
1878 1 18.020100 14.077800 15.266800 
1389 1 19.966000 25.990800 17.676700 
1541 1 19.996100 25.889800 21.750100 
1562 1 24.345600 20.773100 18.175500 
1564 2 24.952400 20.621000 17.526300 
1353 1 22.605800 25.064900 18.270200 
1206 1 13.444800 16.674100 19.995600 
1268 2 23.945000 16.316400 24.223800 
957 1 18.224300 19.410100 14.256300 
85 1 18.701100 16.131700 23.133900 
515 2 24.654600 18.652200 20.819500 
1182 1 17.467200 23.391100 24.069700 
1112 2 13.616500 19.367400 16.217700 
1934 1 26.238500 20.040500 13.987600 
1522 1 16.966700 18.264800 17.794800 
1868 2 23.638900 16.154500 17.400200 
1591 2 22.126900 22.469500 19.808100 
1558 1 21.194600 21.514900 16.476000 
1411 2 22.412000 22.470900 20.079000 
1378 1 18.737200 14.167500 18.542400 
1054 1 15.514600 19.990000 19.115400 
1866 1 23.806600 15.211200 16.761300 
1731 2 15.343800 15.756200 15.830500 
1867 2 23.264700 16.109800 17.010000 
1297 1 21.006300 13.647100 19.983800 
1544 2 20.279700 25.247800 21.352600 
1563 2 24.905600 20.602800 17.624100 
1922 1 18.242800 21.800600 19.679900 
1009 1 15.656600 22.357300 15.644600 
1392 2 19.438900 25.751900 17.076800 
1706 1 18.412700 20.027800 21.369500 
1707 2 18.761800 19.615200 21.130900 
1708 2 18.798100 19.690600 20.963200 
1200 2 19.141500 23.782500 13.844600 
1183 2 18.175100 22.682200 23.605000 
1430 1 21.256900 16.837100 21.092000 
1435 2 22.167600 13.869500 23.520500 
106 1 23.075000 20.475700 23.493900 
1948 2 20.936800 18.849600 19.122300 
1116 2 19.727300 16.493300 16.744900 
513 1 25.455700 18.455000 20.490900 
1409 1 21.183700 22.802900 20.150900 
1198 1 18.431800 24.726300 13.827300 
1741 1 23.601100 26.289900 20.988000 
1670 1 18.454200 16.190200 20.620500 
1774 1 24.895700 22.675000 25.592500 
1266 1 24.470900 16.278600 23.594400 
1574 1 22.266200 18.323800 14.502300 
1550 1 17.738500 17.166800 13.713100 
1438 1 21.350200 26.512700 13.784900 
1508 2 25.067200 14.394900 21.407800 
105 1 21.630700 21.480900 23.983000 
1789 1 22.131500 23.819800 23.845500 
620 2 14.395900 26.405400 25.091200 
1181 1 18.129700 21.732600 23.461500 
507 2 26.257900 19.215000 25.193300 
1905 1 22.166700 19.689500 25.032600 
1906 1 21.334800 19.689000 23.509100 
1115 2 19.515400 16.660800 16.795500 
1576 2 21.466800 18.029600 14.762300 
703 2 25.090700 21.528400 22.410000 
1993 1 26.149700 24.347000 18.399800 
1332 2 16.388400 14.928800 24.930900 
108 2 22.024000 19.933900 24.331700 
1390 1 19.122300 25.554100 16.921600 
1946 1 20.760300 18.860400 19.535200 
1329 1 17.019800 15.441400 25.121300 
1419 2 23.867300 23.615100 15.468400 
1107 2 15.613100 18.113100 22.113300 
1669 1 18.339200 17.177400 19.823100 
122 1 17.116600 22.773000 19.087500 
973 1 14.961300 24.785900 21.535800 
1429 1 22.027700 17.365400 21.857000 
1507 2 25.571100 14.663500 21.413900 
1716 2 15.644400 14.392500 19.186600 
1599 2 23.854900 23.730800 15.357900 
1543 2 20.212900 25.396100 21.469700 
1420 2 24.085400 24.028700 15.418200 
1106 1 15.837600 18.448600 21.569400 
1575 2 21.407800 18.132700 14.190000 
702 1 25.138300 21.599000 21.821300 
1324 2 13.648700 14.675500 22.018800 
1016 2 13.830100 22.285200 22.045400 
1331 2 16.614700 15.146700 25.032700 
1265 1 23.427800 16.365600 24.636400 
1011 2 15.452000 21.675900 16.189400 
1105 1 15.385000 17.904200 22.863000 
407 2 15.907100 25.358900 16.942200 
1773 1 24.976800 21.428900 26.244200 
1573 1 20.845700 17.800100 14.564900 
1055 2 15.076500 20.601800 19.296500 
1267 2 23.883700 16.415800 24.202100 
974 1 15.762900 24.838600 20.554000 
1714 1 15.464200 13.996400 18.749300 
1877 1 19.205000 13.396800 14.042200 
959 2 17.826400 19.935900 14.459500 
1776 2 24.998000 22.157800 26.019000 
161 1 26.316200 25.860000 22.722100 
1020 2 19.086300 23.399800 14.111400 
1053 1 14.692500 20.983900 19.850900 
1197 1 19.731000 23.806000 14.849200 
1199 2 19.020400 23.625500 14.121200 
1914 1 26.407400 14.265500 15.068000 
116 2 26.626900 15.114700 14.710100 
1300 2 21.946900 13.842000 20.091900 
1667 2 19.948300 16.967100 26.380600 
1321 1 13.954200 15.330200 21.998300 
286 1 21.284200 14.229100 26.557500 
1110 1 13.931900 19.859000 16.258200 
162 1 26.416300 24.250800 22.512100 
1299 2 21.631200 13.790700 20.162400 
80 2 18.329600 13.263200 14.789200 
1915 2 26.292500 15.156000 14.591700 
505 1 26.519900 19.714600 25.732900 
1322 1 13.199500 14.169500 21.623800 
1298 1 22.328600 13.989000 20.525200 
1433 1 21.807100 13.366400 23.471800 
1186 1 17.756300 26.309800 23.637000 
1037 1 14.527600 13.429800 13.449100 
1665 1 19.505100 17.763700 26.316900 
1101 1 13.566900 15.553100 26.213000 
1552 2 18.842400 16.804300 13.324700 
1551 2 18.297900 16.784800 13.383200 
1153 1 13.365100 16.459800 13.322900 
1104 2 13.402400 16.020000 26.501500 
