id type x y z 
729 1 5.449610 12.703600 12.481600 
918 1 11.381500 10.852700 5.038090 
403 2 9.606070 7.812860 1.957630 
914 1 9.637880 10.516700 7.911750 
1984 2 4.986220 4.661910 1.664120 
270 1 4.416090 1.284180 10.320300 
831 2 11.218800 2.721570 11.022500 
1074 1 5.619560 5.680520 2.128330 
1238 1 8.098860 8.500350 12.986500 
297 1 13.021800 8.889810 10.292800 
541 1 9.840950 5.310290 5.009550 
1680 2 1.646670 2.351280 8.753600 
537 1 8.005690 12.309000 1.883840 
920 2 11.876200 10.566900 5.138170 
182 1 6.535500 4.253960 5.424780 
1981 1 0.880175 7.616600 4.054210 
62 1 6.099270 8.896020 8.604390 
1983 2 4.564940 4.897750 1.575920 
832 2 11.029100 2.610730 10.909900 
296 2 6.599420 6.541590 11.274100 
5 1 3.108330 2.306590 5.604460 
446 1 7.627140 9.565330 0.224706 
812 2 3.519930 6.975630 5.750080 
1136 2 7.029430 6.938780 4.889420 
1958 1 3.139810 3.952570 12.170500 
1135 2 7.247990 6.844040 4.965330 
22 1 1.074760 11.458100 3.224400 
323 2 12.880600 7.409410 5.096280 
652 2 9.260380 4.041900 1.631920 
401 1 10.152500 8.897200 1.579710 
822 1 10.127800 8.593640 6.328850 
810 1 3.079470 6.509740 5.883940 
550 1 1.140720 12.008800 11.988400 
230 1 6.636250 3.096020 4.533840 
231 2 6.635980 3.458080 5.010680 
232 2 6.669040 3.575520 5.116090 
2 1 5.741760 8.964190 2.881590 
209 1 1.518930 2.812130 12.472200 
20 2 2.102240 3.791660 12.585800 
866 1 12.677000 11.137400 0.577824 
606 1 5.600970 0.956608 6.406430 
464 2 4.264280 11.392800 0.337499 
289 1 6.016040 2.782380 11.017700 
389 1 7.843250 2.347380 9.407860 
1801 1 4.084460 5.945470 0.566196 
256 2 8.442050 6.052950 8.658120 
610 1 6.762640 11.416100 5.366120 
666 1 2.808940 7.316980 9.992820 
608 2 5.296560 0.414909 6.232750 
1903 2 0.071403 10.340400 6.837060 
255 2 8.330260 5.765360 8.692670 
1079 2 11.167900 1.635080 1.769600 
269 1 5.294170 1.309350 8.962930 
587 2 9.180540 1.292000 4.627130 
271 2 4.938670 1.273080 9.746040 
272 2 4.871290 1.240680 9.589810 
978 1 11.356700 4.959610 9.019730 
586 1 9.596060 1.502410 4.043270 
7 2 1.917780 2.195940 4.937960 
916 2 9.863220 10.630100 8.537760 
24 2 0.107992 6.967450 3.275400 
1858 1 5.768790 4.766750 8.390610 
829 1 11.431300 2.917830 10.489500 
1284 2 12.520400 4.854450 2.028470 
1679 2 1.706180 2.554680 8.983880 
1822 1 0.108035 5.974000 3.762890 
667 2 3.017600 7.527690 9.579910 
1904 2 0.386422 10.009100 6.876690 
647 2 5.581160 9.460240 2.655940 
530 1 5.441080 10.070700 11.887100 
823 2 10.067900 7.955640 6.402900 
112 2 3.119130 11.248200 9.261820 
382 1 5.272690 0.720378 2.107730 
651 2 9.202170 4.049550 1.688140 
549 1 0.325940 12.779500 11.176500 
4 2 4.975140 4.928950 0.990501 
864 2 10.711400 10.637800 11.785000 
979 2 11.792600 4.988030 8.427280 
1450 1 1.081130 0.688307 2.074460 
294 1 6.352580 6.080360 11.699900 
109 1 4.293730 4.812730 7.510080 
581 1 8.659600 8.227020 2.010050 
57 1 1.536420 2.044890 9.408660 
1821 1 0.279606 6.829730 2.203310 
646 1 5.374350 9.923370 2.215110 
1842 1 0.583028 10.204900 2.370720 
299 2 12.742700 8.700450 9.688060 
1678 1 2.470350 2.644840 8.721310 
390 1 8.306700 1.190790 8.117810 
639 2 9.978520 6.492460 12.148400 
583 2 9.719070 8.582190 2.286860 
1282 1 12.103700 4.967530 1.994940 
584 2 9.528410 8.111680 2.252890 
552 2 1.011330 12.103100 11.537400 
2000 2 2.012660 4.116260 12.569400 
607 2 5.309490 0.222239 6.355830 
824 2 10.179100 7.736330 6.502260 
43 2 0.986111 10.766000 2.635870 
101 1 1.131170 10.364800 6.246170 
917 1 12.382600 9.989880 5.336620 
858 1 7.727720 12.470300 10.562800 
19 2 2.163850 4.252520 13.155400 
210 1 9.222310 2.375630 8.145440 
300 2 12.658200 8.493720 9.694330 
1451 2 1.230810 0.869245 1.474290 
792 2 7.816520 10.932100 5.026030 
591 2 1.120520 5.303090 7.371940 
1134 1 7.848780 7.076400 4.869780 
58 1 4.696700 5.866330 8.885440 
64 2 6.295280 8.735670 7.996130 
863 2 10.856200 10.623000 11.879600 
637 1 10.349000 6.473430 12.669600 
184 2 5.003760 5.151430 0.922909 
60 2 4.909610 5.134390 8.126150 
392 2 8.267400 2.065730 8.284860 
977 1 12.205400 4.959720 8.123150 
59 2 4.879790 4.915340 8.052870 
1677 1 1.111680 3.175240 8.248570 
186 1 5.892970 3.768330 2.099930 
1999 2 1.928550 3.502930 13.220700 
212 2 8.163510 2.256630 8.277500 
649 1 9.319580 3.563670 1.699120 
592 2 1.004080 5.256630 7.417150 
543 2 9.872560 5.022240 5.322270 
1283 2 12.589500 5.294230 2.279300 
544 2 9.600900 4.914060 5.242080 
63 2 2.740070 8.796900 1.247110 
539 2 7.885660 12.128000 1.233370 
44 2 1.301230 10.708700 2.642220 
1862 1 6.549310 8.235130 7.206380 
612 2 7.608170 11.175700 4.985000 
664 2 12.497200 2.829210 4.933380 
187 2 2.321160 2.132390 5.243210 
61 1 2.790320 3.014250 3.310840 
291 2 6.599280 3.321490 11.157400 
611 2 7.561780 11.132500 4.894570 
540 2 7.829520 12.029300 1.316460 
809 1 4.013030 7.208180 5.567090 
103 2 0.254444 10.188000 6.755200 
1449 1 1.806240 1.233880 0.901039 
859 2 6.963950 12.064600 10.087100 
650 1 9.234840 4.788260 1.614230 
1832 2 0.174263 4.434570 0.863211 
648 2 5.469440 9.380480 2.798390 
980 2 11.769100 4.939860 8.609240 
1804 2 4.539220 4.914600 1.423910 
582 1 10.012100 8.414830 3.289670 
551 2 0.467197 12.388900 11.458700 
789 1 7.872320 10.231800 5.895450 
791 2 7.688160 10.900200 4.913580 
183 2 4.992010 4.778380 1.431420 
200 2 2.200130 4.123870 12.637100 
663 2 12.533800 2.708090 4.823370 
1820 2 2.309930 3.675220 12.870900 
821 1 10.244900 7.057100 6.593040 
585 1 9.003020 1.171790 5.024200 
197 1 7.909220 2.802680 7.628730 
590 1 0.772278 5.210270 6.876450 
1845 1 9.554790 4.258220 5.808060 
857 1 6.531390 11.822100 10.002900 
538 1 7.713990 11.789300 0.611963 
8 2 2.199040 2.457650 4.946000 
188 2 2.207130 2.754070 4.683570 
1823 2 0.238313 6.976690 3.323440 
500 2 2.006060 9.797290 12.862500 
867 2 12.177000 11.344000 0.831382 
1861 1 2.513900 8.867580 1.277110 
111 2 3.219310 11.335500 9.093310 
1985 1 5.925360 5.694870 0.223969 
254 1 8.584980 5.379790 8.819380 
532 2 5.030630 9.762850 11.801100 
1844 2 1.486330 10.853800 2.707930 
868 2 12.247400 11.535600 1.103620 
41 1 2.232240 10.587800 2.366730 
292 2 6.738130 3.422520 11.227700 
110 1 2.886090 11.749400 9.648530 
668 2 3.029440 7.778810 9.768780 
661 1 12.514600 2.477270 5.194960 
1133 1 6.396240 6.681000 4.990490 
1033 1 12.807600 0.905924 8.000380 
104 2 0.414387 10.541100 6.822590 
862 1 11.655000 10.594800 11.340600 
391 2 8.453020 2.079050 8.323450 
3 2 5.039930 4.973360 0.872014 
638 1 9.548950 6.628810 11.555700 
295 2 6.831520 6.552980 11.267100 
257 1 13.006400 11.675000 8.113900 
6 1 1.830620 3.218010 4.701130 
185 1 1.760960 1.494920 4.811440 
725 1 3.582700 10.030800 5.949470 
640 2 10.108200 6.532620 11.872600 
1859 2 5.136160 4.648690 8.192420 
726 1 4.176290 10.030800 4.653220 
1863 2 6.168660 8.577910 8.169250 
727 2 3.477930 10.204100 5.305500 
321 1 12.485800 7.224090 4.956980 
253 1 8.243840 6.623600 8.551820 
290 1 7.259510 3.735920 11.487400 
404 2 9.781590 8.133360 2.256660 
366 1 3.916170 3.902070 1.030100 
374 1 10.019600 0.456706 10.143200 
790 1 7.997690 11.452000 4.373110 
860 2 6.996540 11.972800 10.183400 
498 1 1.681610 9.510480 12.464900 
839 2 13.218600 5.299390 11.714600 
298 1 12.527300 8.540620 8.935040 
211 2 8.360980 2.231780 8.226460 
830 1 10.643400 2.678580 11.580900 
919 2 11.794500 10.611600 5.043430 
913 1 9.665950 10.635100 9.257230 
1452 2 1.405910 1.023550 1.379480 
1077 1 11.325300 1.391670 2.137320 
589 1 1.231490 5.555650 8.001660 
861 1 10.245700 10.672800 11.911800 
662 1 12.469700 3.463710 4.280720 
811 2 3.397200 6.804590 5.705440 
915 2 9.770250 10.704200 8.525130 
743 2 4.232940 12.588800 3.568470 
1802 1 3.886380 5.218400 2.332060 
1119 2 8.107080 1.074110 0.382420 
728 2 4.191470 10.178100 5.340850 
402 1 9.745320 7.085120 1.674490 
293 1 6.801880 6.897240 10.709700 
665 1 3.189290 8.400060 9.300100 
531 2 5.055860 9.628920 11.685600 
462 1 4.807280 11.618100 0.784960 
1080 2 11.120100 1.662020 1.899670 
1831 2 -0.021078 4.442570 0.809083 
529 1 4.538440 9.041190 11.507800 
1829 1 0.380790 4.726790 0.433792 
542 1 3.421680 10.966200 8.831790 
609 1 7.216620 10.149200 4.078870 
474 1 1.403380 4.359510 11.733800 
1803 2 5.237270 4.380770 1.167240 
1078 1 10.757500 2.258690 1.223200 
18 1 2.103840 5.803820 13.035300 
588 2 9.309390 1.254920 4.255950 
463 2 4.675720 11.460700 0.624171 
1819 2 2.009470 4.202370 13.088600 
1036 2 13.295000 0.874792 7.728450 
499 2 1.880710 9.884060 12.832400 
1333 1 6.701520 0.388553 12.697800 
741 1 3.997180 12.392100 3.833320 
838 1 12.873900 4.863270 11.222500 
865 1 12.020600 11.842600 1.509710 
1465 1 11.511500 12.934700 9.761970 
1120 2 8.213160 1.069120 0.320300 
1902 1 0.474169 10.240300 7.782430 
324 2 13.102600 7.599410 5.213980 
199 2 1.850200 3.877570 12.849000 
1118 1 7.658180 1.177350 0.840670 
744 2 4.793500 12.815000 3.398050 
1035 2 13.260100 0.925800 7.271470 
840 2 13.197300 5.431890 11.629600 
742 1 4.996010 12.867500 3.186690 
981 1 13.026100 0.223612 0.196613 
229 1 3.828880 0.075514 12.998700 
731 2 5.511420 13.076600 12.766100 
634 1 11.725000 9.016050 13.175700 
1609 1 5.753600 3.873690 0.031810 
1327 2 12.547400 1.843580 16.815400 
420 2 8.674830 3.217200 23.134800 
437 1 1.136120 9.736100 21.674800 
1620 2 4.750460 4.959240 18.309300 
32 2 7.087720 8.228120 18.319300 
1426 1 4.066380 8.065190 14.228700 
430 1 7.261920 5.046980 15.204900 
74 1 1.905740 9.172520 16.673400 
1957 1 3.332960 12.877600 20.400800 
458 1 12.502300 7.891830 25.892400 
456 2 6.043960 11.077800 15.483400 
439 2 1.242960 10.230100 21.612700 
445 1 6.889800 9.429970 25.896700 
1076 2 10.251400 10.575000 24.727500 
251 2 8.378160 4.900950 17.818000 
214 1 7.774820 6.467480 23.964400 
1241 1 9.973560 6.179350 25.721600 
250 1 8.666440 5.414520 17.820600 
198 1 5.358240 2.240390 15.224900 
31 2 7.067950 8.424810 18.004900 
55 2 4.354760 9.259290 20.423700 
1826 1 0.695006 4.166520 24.148900 
362 1 2.024080 2.718110 21.101700 
457 1 12.992900 7.552300 24.725200 
1856 2 4.337020 9.389970 20.045200 
449 1 1.763740 7.536330 25.426000 
593 1 12.764700 5.371370 16.429700 
1852 2 4.107210 8.922640 24.703200 
431 2 7.454640 5.601170 14.599800 
417 1 9.555450 3.394190 23.247100 
235 2 3.736450 0.902127 17.289800 
1338 1 10.208100 12.354300 14.340000 
29 1 7.253830 8.780880 17.615400 
163 2 4.254020 0.607324 23.666500 
227 2 7.529850 6.732900 20.726600 
228 2 7.078000 6.365270 20.913900 
461 1 3.689650 11.386800 26.437100 
1081 1 10.577800 6.404460 19.812300 
1276 2 12.302200 2.723540 25.510400 
1836 2 5.648660 2.219860 15.067800 
56 2 4.358110 9.449090 20.598100 
1798 1 5.474410 5.387410 18.093400 
491 2 11.651900 10.394300 19.937900 
448 2 7.236600 9.443120 26.354600 
1758 1 0.576833 1.000670 15.315500 
409 1 10.525400 1.553470 21.470900 
597 1 8.160630 3.376170 24.431700 
1337 1 10.363400 11.645100 15.374500 
219 2 9.834100 1.904350 14.150000 
460 2 12.660200 7.764290 25.448100 
636 2 12.590100 8.895520 13.628500 
480 2 3.942300 7.940730 14.773000 
455 2 5.948100 10.961200 15.295200 
635 2 12.565100 9.034190 13.645400 
385 1 10.817400 3.407190 19.537200 
629 1 12.784400 4.938360 22.307100 
1041 1 6.233660 11.190100 23.320700 
1075 2 9.912230 10.606300 24.899100 
1876 2 1.641940 10.209500 16.994400 
1895 2 1.234710 6.979640 21.380100 
1873 1 1.950040 10.095500 18.204500 
1273 1 12.416300 3.301340 24.899900 
596 2 11.876700 5.442990 16.195500 
1875 2 1.591330 10.005700 16.917200 
1962 1 5.692550 0.590524 24.048400 
479 2 3.904650 7.886450 14.933800 
841 1 12.460000 8.178910 21.268500 
767 2 12.481400 11.270400 22.990500 
1243 2 9.968670 5.767380 25.379400 
416 2 11.832200 5.760370 15.648900 
645 1 0.453426 10.255500 25.414700 
225 1 7.771750 6.814450 20.879800 
911 2 13.308400 11.645900 16.503300 
733 1 6.023820 13.038500 20.702900 
745 1 5.946420 2.712070 20.698700 
1619 2 4.558240 5.017110 18.314600 
478 1 3.676730 7.772360 15.503700 
1849 1 4.022490 8.449720 25.070000 
1894 1 2.201140 6.442300 21.679900 
452 2 1.696490 6.806240 25.270500 
594 1 11.215700 5.822290 16.503000 
1084 2 10.132200 6.917300 19.631800 
361 1 3.103250 2.250470 21.208900 
1835 2 6.035690 2.218110 14.927200 
425 1 9.824180 7.311100 22.682300 
426 1 10.318100 8.350390 23.152600 
427 2 9.969990 7.938190 22.955600 
428 2 10.103700 7.792420 22.750700 
1896 2 1.602230 6.781200 21.427900 
1326 1 12.372100 0.899886 16.814900 
76 2 1.536980 10.456000 17.361100 
897 1 12.807600 8.383880 18.035500 
1761 1 4.594540 6.250800 22.199100 
1239 2 7.798740 9.091480 13.552400 
47 2 2.473540 12.650800 14.407400 
233 1 4.330860 0.688695 17.346100 
218 1 9.469120 2.735080 14.601000 
1833 1 2.608270 4.361160 14.062200 
364 2 2.540100 2.511890 21.096100 
53 1 5.589330 9.215280 20.884300 
160 2 0.725452 0.086550 14.960800 
844 2 13.067400 7.813130 20.991700 
263 2 8.230870 9.870800 20.573900 
387 2 11.449800 3.312250 19.570700 
1818 1 6.596880 1.873930 14.783100 
1242 1 9.838700 5.608170 24.626300 
1855 2 4.696470 9.387170 20.156800 
746 1 5.775710 1.315940 20.199900 
252 2 8.321240 4.878620 17.807300 
492 2 11.640000 10.203600 20.059800 
1763 2 4.403730 5.947720 22.607600 
891 2 1.256610 6.318640 17.798300 
226 1 6.548020 6.044440 20.781300 
54 1 3.768950 9.251680 21.082500 
398 1 10.913900 2.078100 13.969800 
715 2 0.763909 10.342200 25.096500 
877 1 8.834760 11.839900 18.023700 
418 1 8.437290 2.196880 22.711300 
388 2 11.358300 3.123950 19.237000 
489 1 12.122000 9.872570 19.668500 
892 2 1.312180 6.510160 18.073000 
1959 2 3.204260 12.850000 20.345500 
465 1 3.418190 12.708100 23.204100 
1325 1 12.629600 2.247060 16.832100 
432 2 7.601420 5.486070 14.867000 
467 2 3.480000 12.050600 22.951300 
415 2 11.513100 5.684210 15.735800 
399 2 9.687230 1.948380 14.514300 
1800 2 4.287580 5.144130 18.523800 
1850 1 4.515060 9.228980 24.101200 
748 2 5.861090 1.966320 20.447000 
1964 2 4.554420 0.695017 23.706600 
261 1 8.339150 10.336800 19.884800 
1853 1 4.573910 10.454000 19.764300 
766 1 12.971400 11.953700 22.702000 
598 1 8.221790 4.172840 22.695600 
46 1 2.808300 12.663000 13.967200 
630 1 12.482800 4.905860 23.566400 
631 2 12.776900 4.955300 22.905100 
632 2 12.488000 4.906230 22.916400 
670 1 9.236350 9.067340 15.951000 
1275 2 12.194300 2.811080 25.323000 
490 1 11.405300 10.800100 20.446900 
397 1 9.251530 1.589790 13.559900 
249 1 7.879170 4.452070 17.660000 
1582 1 8.086620 1.545860 17.968500 
451 2 1.759960 6.860610 25.020700 
932 2 9.678360 12.922000 21.321700 
466 1 3.373040 11.488700 22.869700 
363 2 2.344650 2.593150 21.118700 
410 1 11.014700 0.443680 21.119500 
438 1 1.377890 10.908600 21.390900 
600 2 8.708140 3.450050 23.441300 
1799 2 4.327480 4.660530 18.075300 
1043 2 6.922100 11.031900 23.428200 
277 1 4.393330 12.997800 17.079800 
1617 1 3.864680 5.602190 18.740900 
1073 1 9.383320 10.774800 24.980300 
1042 1 7.422060 10.835300 23.731600 
747 2 5.690550 2.141150 20.594600 
669 1 10.052400 8.720290 16.777700 
931 2 9.830810 13.069200 21.093400 
671 2 9.760670 8.792840 16.447700 
672 2 9.500900 8.957700 16.468400 
412 2 10.718200 0.854175 21.248700 
1874 1 0.653535 10.202600 17.276300 
1982 1 12.061300 2.875250 19.021100 
262 1 8.156680 9.524730 21.083000 
1797 1 0.302294 2.609690 16.904000 
1963 2 4.795920 0.705337 24.048200 
73 1 1.954700 10.674300 16.651700 
1598 1 4.423010 3.964650 18.682100 
910 1 12.922300 11.247500 16.528400 
450 1 1.897390 6.086730 24.961900 
900 2 13.181100 8.545470 17.700400 
75 2 1.896190 10.017200 17.053500 
454 1 5.471940 10.786200 15.273200 
929 1 8.890000 12.401900 21.382700 
1762 1 4.334860 5.712640 23.707400 
843 2 13.082400 7.983920 21.166500 
1039 2 12.972600 13.062400 13.325400 
220 2 9.582130 1.923300 14.025800 
1854 1 4.040790 8.407100 19.614100 
162 1 4.454130 0.882563 22.753100 
216 2 7.236990 7.000210 24.289900 
48 2 2.678620 12.689200 14.483400 
453 1 6.601070 11.451200 15.520300 
468 2 3.450560 12.098100 23.144700 
1082 1 9.576390 7.291730 19.347500 
714 1 10.734700 10.740200 24.534500 
400 2 9.852830 1.811960 14.108300 
879 2 8.179310 12.074000 17.533800 
1044 2 6.812200 10.986800 23.659500 
30 1 6.796450 7.988080 18.717600 
1274 1 12.164700 2.210210 25.805300 
236 2 3.847780 0.789567 17.131400 
1834 1 3.154830 2.841570 13.548900 
440 2 1.306880 10.508000 21.527500 
889 1 1.395360 6.007500 17.452100 
264 2 8.309380 9.861810 20.468100 
497 1 2.184250 10.398200 13.268800 
1237 1 7.675970 9.252180 13.981200 
414 1 12.062900 6.971550 15.512200 
429 1 7.770160 5.802780 14.159900 
595 2 12.180700 5.662290 16.070700 
1795 2 0.173415 3.024830 17.340400 
880 2 8.188470 12.285300 17.694400 
411 2 10.870900 0.887578 21.383700 
599 2 8.683290 3.638390 23.162400 
1618 1 4.113500 4.671590 17.136900 
1117 1 8.734300 0.816139 26.425500 
1764 2 4.451570 6.080570 22.916400 
768 2 12.685800 11.579400 22.884900 
1583 2 7.855340 1.186420 17.783600 
213 1 6.936590 7.455800 24.344600 
1404 2 7.962250 1.040700 17.731500 
1083 2 10.195100 6.844900 19.709200 
215 2 7.111960 6.951800 24.243200 
413 1 11.217200 4.749810 15.183400 
1339 2 10.297500 11.964300 14.764000 
1240 2 8.013200 8.746740 13.428600 
477 1 0.470542 3.912260 13.829000 
459 2 12.639600 7.817270 25.296800 
890 1 1.342180 6.703460 18.688900 
419 2 8.177400 3.169530 23.276100 
164 2 4.603880 0.322683 24.006700 
1851 2 4.258520 9.027360 24.590800 
1817 1 9.519070 1.012330 15.078800 
878 1 7.617340 12.481700 17.295100 
633 1 13.024100 9.106960 14.028200 
1796 2 0.330984 2.883480 17.064100 
1328 2 12.522900 1.718250 16.866000 
234 1 3.118830 1.236500 17.006200 
161 1 4.212810 1.263010 24.590600 
1340 2 10.073900 11.955800 15.032600 
1244 2 10.054200 5.966540 25.162900 
1401 1 7.845950 0.516940 17.360100 
45 1 1.994630 12.846900 15.018600 
1893 1 0.796414 7.029100 21.482800 
716 2 0.717727 10.245000 25.048500 
713 1 1.165720 10.186500 24.324200 
765 1 12.420000 10.864600 23.078000 
447 2 7.152280 9.373330 26.225400 
1778 1 1.303640 0.102638 14.437000 
224 2 0.751862 26.164900 10.864500 
373 1 10.093100 25.822600 10.683900 
316 2 9.253580 14.123800 6.869630 
283 2 0.182805 14.565900 8.976660 
1813 1 6.399690 19.155000 11.322900 
522 1 0.426114 19.392800 5.621000 
1684 2 12.863300 13.940800 5.192350 
267 2 7.450920 15.708700 9.862700 
855 2 4.466540 22.146100 1.355060 
578 1 12.488600 16.349400 12.016000 
971 2 4.313520 24.179800 10.715400 
1336 2 7.098730 26.413900 12.077700 
1956 2 4.556010 17.659400 7.912700 
1425 1 1.184590 22.007100 6.744680 
1886 1 1.974870 14.513100 5.234010 
1556 2 3.365810 14.459800 10.499000 
992 2 2.604910 25.671800 7.904400 
1373 1 8.016630 23.294600 11.418600 
442 1 5.181820 13.764800 7.134050 
156 2 4.710930 17.816400 7.926680 
846 1 1.000500 18.805100 9.616330 
1027 2 10.347300 25.184600 6.995070 
1703 2 8.871420 18.240100 2.281450 
396 2 2.817540 19.449600 11.768800 
1032 2 1.990430 24.953400 4.692930 
1553 1 2.773300 14.570900 10.987600 
1687 2 10.039000 24.936500 1.641020 
1031 2 1.928080 24.691300 4.479930 
1681 1 13.126700 14.085800 4.774770 
949 1 11.269900 20.076200 2.887070 
754 1 4.864220 18.367100 2.034830 
564 2 9.132070 20.996800 7.333640 
951 2 12.207800 19.920400 2.710520 
1334 1 7.286490 26.109900 11.561000 
772 2 0.993283 16.061500 12.635500 
1169 1 5.172850 21.742000 8.138660 
1815 2 6.120280 19.599600 11.168300 
605 1 4.744040 26.232300 6.250470 
523 2 0.280645 19.328400 6.063290 
1361 1 3.724940 20.112700 5.459370 
814 1 12.087600 22.278100 10.867500 
1350 1 7.903580 21.277300 4.908290 
165 1 1.416950 22.727400 0.393801 
881 1 8.333240 21.668000 1.629610 
571 2 7.210570 24.669300 8.202520 
1607 2 0.077924 21.611600 3.227920 
314 1 9.215070 14.913100 7.371740 
994 1 11.643400 21.590500 9.001190 
268 2 7.272420 15.636400 9.906110 
1190 1 12.393500 16.337300 2.158800 
699 2 10.123100 13.800800 3.164030 
1685 1 9.974750 25.260000 1.149070 
853 1 5.171480 22.503900 1.133430 
1094 1 8.980650 17.707900 7.813570 
834 1 13.062800 26.133800 4.120120 
856 2 4.649960 22.408100 1.282830 
1512 2 11.392800 16.556800 8.530920 
1093 1 7.949940 17.323300 7.314050 
203 2 5.001730 25.992700 2.013840 
1030 1 1.983890 25.040700 5.129230 
1511 2 11.568100 16.624500 8.905700 
1146 1 12.528200 20.145300 6.270050 
944 2 7.190250 15.183300 1.270170 
1123 2 10.573600 16.716300 4.955630 
1953 1 4.813950 16.875100 7.290920 
381 1 5.719350 25.813500 2.879610 
732 2 5.761270 13.336500 12.943900 
990 1 2.501870 26.231200 7.662980 
698 1 9.487830 13.596600 2.901570 
941 1 6.799580 15.032600 1.493240 
697 1 10.439300 14.337600 3.586130 
794 1 12.721700 22.842200 9.549060 
473 1 4.841980 23.459900 5.400660 
1175 2 8.962190 13.802300 12.367100 
1063 2 0.412507 14.617000 2.587960 
563 2 9.036210 21.337600 7.710750 
753 1 5.620360 18.895900 2.853580 
265 1 6.821390 16.066400 10.323200 
1121 1 10.952500 17.420200 5.490740 
1702 1 8.764710 17.414500 2.438580 
1029 1 1.730800 24.419200 3.854160 
815 2 11.779200 22.538700 9.484570 
1061 1 0.432413 14.409100 1.563770 
1090 1 10.491600 23.533800 13.223300 
484 2 1.884170 19.621900 1.607280 
805 1 2.613310 17.264800 4.360380 
700 2 10.078400 13.969900 3.054840 
1816 2 6.317330 19.563800 11.022300 
1686 1 10.701000 24.807100 2.163790 
1025 1 10.800700 25.484800 7.520610 
562 1 9.418570 21.587600 7.334400 
384 2 5.048080 25.932400 2.033290 
1124 2 10.583200 16.740200 5.048770 
570 1 6.523810 24.455200 7.457280 
848 2 0.648385 18.129800 9.461020 
545 1 7.340870 15.872400 4.498400 
952 2 11.512300 20.071300 2.927460 
1732 2 13.031900 19.605200 13.248400 
1192 2 12.135500 16.544700 1.635760 
204 2 4.861550 26.347100 2.101860 
807 2 3.248970 17.010000 4.275500 
394 1 2.132220 19.282400 11.728500 
1363 2 3.592820 20.643900 5.145430 
1177 1 10.532000 22.341900 4.561800 
1362 1 3.415620 21.264500 4.896930 
1351 2 7.224550 21.426900 4.855110 
1701 1 8.722380 18.945900 2.359810 
1180 2 10.251600 22.951000 4.451850 
1335 2 6.998280 26.541000 12.187100 
201 1 5.327930 25.560900 1.098690 
683 2 4.276180 15.663000 1.445370 
1814 1 5.960940 20.350100 10.902600 
221 1 0.392281 26.361100 10.532300 
554 1 4.587480 22.230800 13.321600 
1026 1 10.232500 25.101600 6.352860 
950 1 12.591800 19.821700 2.513310 
1606 1 0.187866 21.735700 2.471870 
153 1 3.557730 17.789900 8.039150 
301 1 2.778700 21.306700 9.319870 
847 2 0.738704 18.058900 9.148090 
1179 2 10.169500 22.767900 4.595030 
395 2 2.660700 19.429800 11.664400 
1888 2 1.997310 14.371600 6.105920 
377 1 1.113610 23.474700 12.332200 
1178 1 10.075400 23.536600 4.370590 
569 1 7.807930 24.653400 8.162050 
561 1 8.685120 20.523300 7.693980 
17 1 0.724461 23.489900 6.784610 
785 1 4.174630 16.914500 11.997300 
943 2 7.504940 15.298300 1.171730 
1510 1 11.228200 16.967400 9.284330 
282 1 0.800321 14.992600 8.545080 
763 2 7.864220 25.118100 4.184080 
1349 1 6.491340 21.316100 4.452680 
808 2 3.388840 17.146200 4.675590 
1427 2 1.114260 22.827000 6.845210 
1171 2 5.585820 21.031400 8.702830 
762 1 7.837190 24.387100 3.472460 
1172 2 5.394870 21.389300 8.449630 
481 1 2.673170 19.406500 1.654070 
1144 2 10.193400 19.016800 10.530500 
1142 1 10.656000 19.289200 10.305400 
1428 2 0.985549 22.777200 6.647140 
1352 2 7.167030 20.977700 4.519960 
1028 2 10.423300 25.442700 6.899460 
1364 2 3.413820 20.874800 5.068150 
1091 2 10.566200 24.126000 13.293800 
548 2 6.784760 15.603300 4.808980 
991 2 2.427320 25.626000 8.140190 
769 1 0.515766 16.122100 12.351800 
1555 2 3.357950 14.322900 10.517300 
1682 1 12.216300 14.139300 5.635250 
1064 2 0.391096 14.494200 2.228160 
378 1 2.423120 23.419200 12.832700 
1954 1 5.062640 18.492700 7.565730 
970 1 5.109630 24.226900 10.456600 
764 2 7.905050 24.777900 3.828070 
1143 2 10.089100 19.027900 10.423300 
684 2 4.195730 15.306800 1.539680 
882 1 6.926230 21.450500 1.643230 
1062 1 0.409973 14.664300 3.185430 
266 1 7.861870 15.477300 9.533830 
993 1 11.102200 23.271400 9.525360 
313 1 8.850490 13.301200 6.645830 
1147 2 12.242600 19.631600 6.742510 
205 1 1.419480 25.846700 11.335100 
1955 2 4.618560 17.721700 8.063790 
755 2 5.435920 18.712100 2.545010 
1887 2 1.814790 14.102300 5.813220 
482 1 1.331100 19.464300 1.920060 
579 2 11.605600 16.275800 12.361800 
682 1 4.784220 15.912700 1.216580 
1509 1 11.416600 16.304100 8.027100 
483 2 2.419910 19.412500 1.715460 
1704 2 8.702330 17.833400 2.468190 
884 2 7.702210 21.625400 1.597750 
787 2 4.511440 17.010900 12.244300 
1554 1 3.782390 14.049400 9.869520 
1173 1 8.898160 13.868400 13.114100 
972 2 4.588510 23.874900 10.678300 
995 2 11.827400 22.779800 9.963330 
155 2 4.668310 17.739500 7.984630 
546 1 6.371190 14.993600 5.462410 
854 1 4.183680 21.987700 1.622650 
883 2 7.549980 21.475400 1.582340 
547 2 6.725910 15.405100 5.042580 
806 1 3.914610 16.834900 4.501300 
158 1 4.875490 17.680200 9.121700 
816 2 11.898800 22.747000 10.083600 
1141 1 9.525380 18.643900 10.833500 
376 2 9.902420 26.205300 10.346800 
761 1 7.938430 25.397300 4.424260 
1170 1 5.674940 20.631300 8.713100 
1122 1 10.283100 16.415000 4.543330 
1095 2 8.692730 17.463100 7.746740 
1407 2 13.001200 26.205300 11.748500 
996 2 12.082600 22.599400 9.690330 
375 2 10.342100 26.207300 10.431900 
1374 1 7.126090 22.433900 10.929100 
393 1 3.257700 19.412700 11.992800 
969 1 3.889300 23.748300 10.882900 
1376 2 7.559060 22.871000 11.130100 
1148 2 12.312700 19.661900 6.431520 
1096 2 8.380630 17.714800 7.458840 
1468 2 11.161500 13.392000 9.934830 
315 2 9.117420 14.349100 7.225480 
572 2 7.284720 24.540400 7.702130 
476 2 5.249790 23.843400 5.582310 
379 2 1.845850 23.400200 12.619300 
756 2 5.210730 18.738200 2.455190 
1375 2 7.268580 22.865000 11.366700 
942 1 7.999650 15.232500 1.128040 
1189 1 11.730800 16.935500 1.141110 
303 2 2.307780 21.730800 9.420910 
441 1 5.715540 13.581200 8.476790 
304 2 2.446060 21.852100 9.624590 
302 1 1.981850 22.184100 9.739130 
475 2 5.164800 24.026400 5.335630 
1998 1 5.601250 24.560100 5.300910 
577 1 11.012400 16.329600 12.591600 
580 2 11.500600 16.591400 12.151500 
1408 2 13.253800 26.385900 11.925700 
1191 2 12.080900 16.700400 1.496470 
1688 2 10.283200 24.892800 1.700550 
730 1 5.880410 13.844700 13.032800 
778 1 8.605630 20.704400 13.142700 
1730 1 12.722800 18.777100 13.046400 
1731 2 13.265100 19.312200 13.246300 
284 2 0.078777 14.703200 8.989520 
1467 2 11.187800 13.378500 10.158900 
444 2 5.324550 13.873700 7.443680 
524 2 0.370657 19.329000 5.990520 
1466 1 10.879100 14.031500 10.134100 
771 2 1.323700 15.871800 12.929600 
1145 1 12.014600 19.119300 6.948020 
681 1 3.910700 15.213700 1.797340 
845 1 0.481008 17.511600 9.091120 
788 2 4.728340 16.876000 12.345000 
1406 1 12.803700 25.874000 11.515400 
380 2 1.739710 23.352300 12.470300 
989 1 2.552880 25.090300 8.363240 
1683 2 12.609000 14.068000 5.417070 
786 1 5.282210 17.086600 12.618700 
358 1 8.446910 16.010300 13.244200 
223 2 1.033070 26.023400 11.161500 
202 1 3.943980 25.751500 2.123200 
383 2 5.048000 25.861200 1.946710 
1174 1 9.267210 13.860400 11.729900 
443 2 5.393640 13.626200 7.788860 
1176 2 9.005110 13.827800 12.281100 
1885 1 1.896390 13.760000 6.401980 
1968 2 0.938725 23.470300 0.039478 
167 2 0.975388 23.312100 0.092227 
168 2 0.816087 23.673500 0.303234 
1038 1 12.720500 13.456400 13.021900 
1403 2 6.705440 17.776400 25.919500 
148 2 9.714270 26.109300 24.161000 
349 1 9.349270 13.548700 24.512400 
1994 1 2.160910 21.757900 17.039800 
352 2 8.903600 13.971000 24.791700 
655 2 6.021350 18.931700 15.563500 
469 1 8.694110 21.379300 17.119400 
92 2 1.735180 14.073600 25.808800 
131 2 2.430260 20.194900 23.878000 
947 2 3.203820 17.193900 25.093900 
964 2 8.602510 15.916000 18.347200 
359 2 7.746620 16.466500 13.342600 
91 2 1.704090 14.115900 25.973100 
1950 1 1.872450 18.815100 15.507700 
1322 1 10.557800 21.194200 26.483300 
966 1 9.536450 25.329300 16.709500 
604 2 7.281200 23.068100 24.814600 
1910 1 5.047720 19.131300 21.728100 
1013 1 11.381000 22.815600 22.820500 
1288 2 9.159840 17.667700 25.570200 
338 1 3.980360 23.459200 23.690800 
1305 1 5.899790 14.077700 24.825900 
573 1 7.473500 18.721600 19.640900 
1779 2 5.129370 16.598200 18.972400 
339 2 3.654840 23.174900 23.808200 
357 1 7.809690 17.157800 13.801400 
1743 2 1.165910 25.542700 22.378300 
286 1 0.032071 15.751700 25.887300 
13 1 1.608430 22.737400 15.841900 
90 1 1.386420 13.885600 25.446000 
1342 1 5.608890 16.800400 23.757600 
1272 2 13.114600 25.806100 15.297900 
1949 1 1.553890 19.120300 14.016100 
1341 1 6.935020 16.764400 23.147300 
325 1 8.906790 22.307400 21.303400 
326 1 9.248140 21.029000 21.070200 
327 2 9.056010 21.450600 21.264200 
328 2 8.987360 21.682700 21.074000 
1286 1 9.343080 17.336100 25.207100 
924 2 7.818190 25.574100 20.889200 
758 1 3.317980 15.771100 15.763100 
602 1 7.671930 22.271000 25.345200 
1810 1 7.960740 24.572300 14.166800 
149 1 2.615500 18.417200 18.319100 
982 1 12.509000 26.041100 24.919500 
150 1 2.679000 19.712200 19.046000 
1324 2 10.208100 20.927500 25.865400 
1015 2 11.176600 23.117100 23.262200 
1227 2 10.884200 24.360000 19.726000 
16 2 2.604820 22.925100 16.799100 
347 2 5.588560 24.308500 18.428300 
1343 2 6.044840 16.671400 23.471000 
1911 2 4.363600 19.164000 21.801300 
1306 1 4.856230 13.772400 25.284100 
194 1 3.340460 22.399600 16.049700 
1974 1 0.820735 18.331100 21.385400 
355 2 3.688000 25.955200 20.311700 
356 2 3.621800 25.977200 20.411300 
984 2 13.009100 25.963300 25.956300 
147 2 9.855820 26.372500 24.137100 
1323 2 10.452200 20.924500 25.851100 
346 1 5.947110 24.247600 19.053700 
1961 1 4.212150 26.353100 24.286900 
738 1 10.393500 15.193800 16.234100 
100 2 0.824917 14.984300 17.869300 
885 1 6.127440 14.827800 15.184400 
1960 2 0.643258 26.425300 15.014700 
876 2 9.701340 16.704600 22.122300 
874 1 9.479450 15.859500 22.117100 
1765 1 5.209680 19.653400 25.390100 
1502 1 11.244500 19.072200 21.463100 
496 2 13.194800 17.782800 24.660300 
130 1 2.195790 20.618700 23.712100 
97 1 1.312090 15.577100 18.579700 
712 2 10.537700 19.057100 18.912800 
1811 2 7.228570 24.177400 15.061300 
759 2 3.843630 16.153400 15.577600 
353 1 3.350800 26.589000 20.247000 
509 1 5.503410 20.101200 18.865500 
510 1 6.291300 21.028100 19.176000 
511 2 5.977520 20.736300 19.051800 
512 2 5.726240 20.637900 18.906400 
1388 2 12.528700 14.567700 19.400800 
1899 2 0.659118 14.676300 17.851000 
340 2 3.607450 23.051100 23.936700 
1564 2 1.685820 22.418100 20.638300 
656 2 5.862680 18.958400 15.551500 
495 2 13.289600 17.924000 24.814300 
350 1 8.423200 14.502600 24.909400 
280 2 4.540170 13.582100 17.942300 
1780 2 5.212940 16.702700 18.792400 
946 1 3.456770 16.670200 25.263100 
1086 1 11.703500 13.903900 25.359200 
1912 2 4.506000 18.924200 21.626100 
1053 1 10.680200 18.173900 16.150000 
1226 1 10.867300 23.814700 19.161900 
132 2 2.434960 20.307000 24.048200 
770 1 1.906580 15.789600 13.276100 
961 1 8.293340 16.328400 18.230000 
567 2 0.801149 26.223100 18.790500 
888 2 6.569590 14.413000 15.445900 
945 1 2.752280 17.743500 24.980400 
711 2 10.500800 19.331700 18.827200 
735 2 6.036130 13.966300 21.049500 
935 2 11.754700 22.316800 16.866500 
930 1 9.947440 13.421400 20.948700 
278 1 4.586320 13.821000 18.188700 
386 1 7.878870 23.632500 15.613500 
575 2 7.739250 18.452200 20.245400 
576 2 7.756680 18.421600 19.812900 
193 1 1.671730 23.387900 17.711900 
195 2 2.532890 23.043500 17.084700 
1562 1 2.218640 22.527300 21.543800 
962 1 9.085170 15.270400 18.358400 
1952 2 1.683790 18.753000 14.908700 
472 2 8.404160 20.960900 17.065400 
628 2 5.322420 22.879300 21.282500 
948 2 2.963780 17.280200 25.152400 
654 1 6.223730 19.371200 15.108100 
345 1 5.233510 24.340500 17.838100 
574 1 8.365790 18.334300 20.369000 
1991 2 7.394040 24.063400 14.672800 
968 2 10.115200 25.448700 17.022400 
1809 1 6.820040 23.409200 14.473200 
1777 1 5.473280 16.127700 18.493400 
1563 2 1.955590 22.330000 20.981600 
1561 1 1.628350 22.370400 20.327500 
653 1 5.882540 18.593400 16.147500 
1794 1 4.869130 17.016600 19.267400 
1976 2 0.176112 18.743400 21.177700 
1055 2 11.065400 18.447400 15.584000 
760 2 3.834000 16.018400 15.550200 
15 2 2.261820 23.264600 16.419500 
565 1 1.400340 26.127900 18.772600 
965 1 10.785500 25.391600 17.124200 
923 2 7.982390 25.566600 20.947400 
152 2 2.510210 18.970100 18.582600 
1766 1 4.910380 20.644700 25.789800 
1308 2 5.374510 13.992700 25.042000 
1344 2 6.532080 16.907500 23.607600 
568 2 0.543687 26.333100 18.751900 
1101 1 7.431560 20.303000 23.161800 
145 1 8.999630 26.116400 23.845000 
1501 1 11.117100 19.626500 22.731300 
779 2 8.820110 20.422400 13.600500 
1102 1 7.980470 19.112600 23.389200 
784 2 7.511330 23.169900 24.640300 
1016 2 11.368000 23.200100 23.241700 
14 1 3.624170 22.994500 17.915800 
354 1 3.881990 25.592100 20.647500 
873 1 10.006300 17.051700 22.245000 
1225 1 10.995100 24.480300 20.178600 
1992 2 7.378370 24.161200 14.922800 
1897 1 0.728261 14.909300 16.755900 
783 2 7.084250 23.108200 24.731900 
875 2 9.940390 16.529300 22.337500 
146 1 10.373000 26.375100 24.092200 
1307 2 5.198530 13.876700 24.993400 
777 1 8.893030 20.011900 14.379400 
238 1 0.767671 25.842900 15.784700 
625 1 4.560410 22.626100 21.277000 
780 2 8.476620 20.238200 13.554000 
627 2 5.216390 22.961700 21.201100 
921 1 8.621790 25.224500 20.723800 
934 1 12.143200 22.554800 17.147800 
1014 1 11.408700 23.442900 24.174800 
99 2 1.029350 14.634200 17.774300 
1975 2 0.365290 18.823800 21.240100 
963 2 9.047880 15.651700 18.432800 
1812 2 7.374840 23.988300 15.009700 
1207 2 12.857100 14.688500 19.540100 
1504 2 11.150200 19.308100 22.011800 
1938 1 0.622797 14.149900 21.764600 
127 2 3.272320 15.794000 21.751800 
151 2 2.516110 19.169900 18.692800 
740 2 10.959600 14.704300 16.060500 
736 2 6.087890 13.389500 21.024900 
1503 2 11.043000 19.408700 22.391300 
126 1 2.905890 16.037900 21.682500 
922 1 7.371190 26.020600 20.843500 
1995 2 2.417690 22.662000 16.623000 
1909 1 3.820940 18.975000 21.545800 
129 1 3.021150 19.975400 24.402200 
603 2 7.444460 23.038100 24.768500 
1085 1 11.779600 15.058200 25.845500 
626 1 5.781470 23.177500 21.456600 
1386 1 12.133800 13.845300 19.578600 
125 1 4.034060 15.404200 21.852600 
1742 1 1.336640 25.456500 22.865000 
1103 2 7.513990 19.597100 23.313900 
933 1 11.265800 22.089000 16.165100 
1951 2 1.637830 18.865100 14.889400 
1996 2 2.826530 22.922300 16.742200 
1104 2 7.656760 19.640000 23.309100 
1228 2 10.759700 24.062600 19.677400 
1744 2 0.968302 25.192900 22.069900 
709 1 10.293800 19.916500 19.018800 
739 2 10.624800 14.513300 15.903200 
128 2 3.358700 15.507600 21.736500 
757 1 4.246430 16.435300 15.004800 
337 1 3.411840 22.865200 24.540000 
1287 2 9.522050 17.583300 25.797500 
1321 1 9.942730 20.746400 25.340600 
471 2 8.269270 21.000700 17.303700 
348 2 5.631720 24.250400 18.322500 
887 2 6.729280 14.465700 15.531200 
208 2 4.071930 26.254700 13.831000 
710 1 10.837800 18.535400 18.900200 
734 1 6.100070 14.433600 21.312100 
886 1 7.130250 14.110400 15.534300 
601 1 6.620720 22.869900 24.206900 
737 1 11.268400 14.201000 15.733000 
1898 1 0.067984 14.334800 18.277300 
351 2 8.773510 14.208900 24.674000 
470 1 7.618340 20.485400 17.191100 
1768 2 4.993450 20.137100 25.735100 
782 1 7.076240 24.016700 25.271300 
360 2 8.268710 16.718000 13.604500 
196 2 2.461900 22.912300 16.667300 
1767 2 4.986350 19.976400 25.599400 
1990 1 6.875730 24.845700 15.425800 
936 2 11.706900 22.281600 16.601000 
967 2 10.174400 25.310500 16.943800 
1402 1 6.878560 17.939500 25.983800 
1993 1 2.895490 23.991200 16.281600 
1900 2 1.136790 14.684300 18.071400 
1056 2 10.993800 18.409800 15.591100 
1966 1 1.234500 24.345800 26.467000 
1087 2 11.767700 14.577900 25.525100 
98 1 1.653980 13.757800 18.040200 
1478 1 0.231837 19.673300 25.338900 
1054 1 11.294900 18.998000 15.057300 
1208 2 12.424500 15.039200 19.257900 
1270 1 12.380100 25.724000 14.676500 
1205 1 12.150500 15.385100 18.909700 
1088 2 11.761100 14.540900 25.566800 
206 1 4.041290 26.060100 14.301200 
207 2 3.727050 26.466900 13.549200 
1741 1 0.903347 25.109200 21.627800 
166 1 0.794439 23.425000 25.370600 
1271 2 12.859300 25.731800 15.060300 
159 2 0.511384 26.475700 15.259800 
781 1 8.193110 23.340800 24.265500 
1967 2 0.831182 23.632400 26.192500 
279 2 4.628250 13.477500 17.719300 
1285 1 9.542760 17.925800 26.210400 
493 1 12.568800 17.786100 24.376700 
804 2 13.268000 25.808000 26.034600 
802 1 13.136800 24.904300 26.293000 
555 2 4.954170 21.857300 13.442200 
556 2 4.917170 21.911300 13.454800 
89 1 2.268510 14.357700 26.371500 
1089 1 10.467300 24.909000 13.279400 
1092 2 10.215900 24.358200 13.339600 
553 1 5.413920 21.666800 13.570100 
1024 2 22.617800 12.717800 0.765371 
1125 1 17.770100 1.377620 11.946700 
1494 1 20.830900 6.534600 8.949420 
1264 2 22.837000 11.523600 6.428650 
1641 1 26.030800 12.074900 0.124211 
1493 1 21.834400 7.677000 8.908720 
1258 1 20.904100 10.368500 3.121130 
1890 1 24.754000 3.858820 4.098880 
1740 2 23.084900 9.517130 9.058370 
688 2 18.803100 3.118070 10.248400 
869 1 14.709900 5.257280 5.834220 
1260 2 20.166000 10.303700 2.794740 
1490 1 18.701200 4.182960 13.192700 
1650 1 24.813500 12.082200 2.994880 
1472 2 22.227300 3.558120 9.554620 
1365 1 15.645900 4.481900 1.890510 
1929 1 23.609600 6.680800 7.208030 
1610 1 22.615700 0.238299 5.043510 
1931 2 24.127100 6.979630 6.562770 
486 1 16.875800 8.009500 3.157360 
258 1 13.984300 12.191900 8.684000 
1602 1 25.019800 1.049440 1.496210 
49 1 26.248500 8.635850 10.360000 
1263 2 22.792400 11.859400 6.135600 
1126 1 16.523900 0.604992 12.602400 
1652 2 24.561200 12.623300 3.599470 
1611 2 22.339000 1.157320 5.150980 
721 1 19.577100 0.609830 2.452540 
1127 2 17.094000 0.929679 12.525600 
1155 2 16.237700 12.932700 8.055520 
1315 2 15.475200 8.956160 7.738860 
717 1 18.812400 10.363900 9.620620 
641 1 16.261800 6.498840 11.137800 
1622 1 19.714400 0.509341 6.773570 
259 2 13.313600 11.727200 8.355580 
1757 1 18.457500 12.679400 11.536100 
1405 1 13.379300 0.185185 12.141700 
1060 2 18.685900 12.025700 5.487750 
1458 1 24.800100 2.795270 6.987070 
1699 2 14.405100 2.172080 1.893520 
274 1 25.059800 2.238590 11.215700 
1492 2 18.372700 4.959490 13.355300 
1864 2 21.996300 4.917920 4.237260 
621 1 14.631200 3.245660 9.435580 
1262 1 22.637300 11.143700 5.787650 
1474 1 21.927600 11.774200 11.509200 
1249 1 15.777100 11.395500 5.588150 
1046 1 15.877500 10.526400 1.704830 
322 1 13.612100 7.826670 5.402790 
1314 1 15.226100 8.132090 7.690290 
1034 1 13.988600 0.939060 7.183370 
1624 2 19.707900 0.155067 7.399020 
485 1 16.712300 8.577050 4.681190 
519 2 15.380400 10.625400 11.495300 
685 1 18.388800 3.404900 9.616160 
1463 2 14.211500 8.366250 1.411360 
1437 1 24.587500 0.581140 13.166400 
1843 2 21.717700 5.070040 4.260150 
36 2 21.111700 2.655880 12.837600 
1201 1 16.144700 1.003880 4.588450 
1367 2 16.031500 5.039300 2.068080 
1690 1 23.938400 9.985200 12.103600 
687 2 18.775900 3.459820 10.127000 
1022 1 22.450400 12.298300 0.259387 
51 2 26.050600 9.170880 10.850300 
720 2 18.137600 10.069200 9.123230 
1381 1 17.058800 0.469906 5.910270 
1382 1 16.296500 1.952800 6.268890 
1891 2 25.050100 3.709580 4.390910 
487 2 16.686600 8.212900 3.890880 
1368 2 15.906400 5.203860 2.013030 
871 2 15.331600 4.791000 5.862370 
1316 2 15.243900 8.719230 7.504350 
1261 1 22.890900 12.048600 6.591490 
1059 2 18.652900 11.528300 5.352630 
52 2 26.116900 9.083810 10.920800 
1781 1 23.654600 1.816580 2.202790 
1612 2 22.332800 1.160610 5.314770 
1445 1 23.212900 9.459670 4.131590 
260 2 13.429200 11.867500 8.401060 
1700 2 14.897000 2.273330 2.210350 
424 2 19.906200 3.603290 7.133600 
1461 1 13.627900 8.238240 0.807839 
1739 2 23.267600 9.472090 8.750920 
1203 2 16.935900 1.202330 5.361300 
1639 2 20.033100 8.497350 6.145360 
1250 1 14.623300 11.068000 4.947810 
1930 1 24.446200 7.435610 6.090290 
1295 2 19.563900 6.936120 2.202790 
1296 2 19.565800 6.954070 2.006830 
1516 2 22.123400 5.920070 12.637300 
1045 1 15.997600 11.820600 1.962690 
1224 2 24.091100 9.500700 1.033230 
644 2 16.423000 6.999850 11.047900 
1601 1 23.285400 0.464563 0.894520 
1293 1 19.620700 7.538120 2.090540 
1698 1 15.273900 2.507620 2.194100 
1209 1 16.926000 6.080810 7.842360 
1462 1 14.534700 8.709690 1.982420 
905 1 23.444600 4.881970 1.649580 
1128 2 16.949600 0.871481 12.155400 
1459 2 24.996100 2.879360 7.620390 
1156 2 16.330500 12.814700 8.089670 
718 1 17.778500 9.825610 8.871200 
622 1 16.123800 3.403500 9.697650 
624 2 15.115500 2.934000 9.557340 
1603 2 24.117000 1.441940 1.445320 
705 1 25.366900 6.299030 9.353440 
1048 2 15.717800 11.161100 1.726830 
33 1 21.048200 2.038290 13.291200 
21 1 22.133500 5.677270 4.165160 
1689 1 23.116400 10.306400 12.894400 
1889 1 25.630700 3.087700 4.935250 
275 2 24.543400 2.210500 11.216300 
276 2 24.525000 2.160150 11.185800 
520 2 15.436000 10.670800 11.685400 
1245 1 20.378200 3.133520 1.312230 
42 1 21.650400 4.418260 4.075020 
1932 2 23.922300 7.048920 6.757480 
1234 1 24.968300 2.715750 8.276220 
1247 2 20.003000 3.245500 1.896270 
903 2 18.335300 4.922310 4.721050 
1383 2 16.784000 1.323130 5.524260 
1659 2 20.227200 8.666450 11.533900 
1294 1 19.625900 6.057460 1.990940 
50 1 26.058100 9.471730 11.333600 
623 2 15.618600 3.291820 9.379290 
1637 1 19.990000 7.723360 6.155530 
902 1 18.974900 4.840530 4.977680 
719 2 18.438400 10.229100 9.177370 
1658 1 20.426600 8.939960 11.885300 
1154 1 16.681500 12.563200 8.837040 
1223 2 23.801000 9.563610 0.996800 
1660 2 19.809800 8.351310 11.552100 
1495 2 21.201800 6.878610 8.772950 
1023 2 22.673900 12.595300 1.009800 
1475 2 21.691800 12.114600 11.276900 
1476 2 21.360200 12.138900 11.350200 
1047 2 15.996200 11.358600 1.848620 
1248 2 20.034700 3.196270 1.737580 
1448 2 22.979000 9.320720 4.410360 
1604 2 23.834400 1.461020 1.090490 
1570 1 20.705600 13.150800 3.928740 
1697 1 13.888100 2.124050 1.881340 
1204 2 16.650800 1.597990 5.448770 
1824 2 26.520900 7.003450 3.399150 
1469 1 22.028500 3.595830 10.137200 
1692 2 23.589000 10.128800 12.538600 
1251 2 15.147400 11.090200 5.303850 
724 2 19.769700 0.079932 2.359020 
423 2 19.925900 3.537650 7.207580 
1366 1 16.150100 5.928600 2.052760 
1497 1 13.869000 3.418920 12.996100 
1901 1 26.318800 9.421240 6.590650 
1830 1 26.208600 4.067190 1.262960 
34 1 21.468000 3.291150 12.703200 
1515 2 22.241100 6.073670 12.595600 
1470 1 22.339300 3.475210 8.776620 
1058 1 18.578600 12.356000 5.826400 
908 2 23.065400 5.491500 0.768536 
1212 2 17.747700 6.365600 7.881760 
1496 2 21.196500 7.144070 8.950640 
1471 2 22.227100 3.534530 9.342530 
1784 2 23.843200 1.220180 1.298650 
1447 2 22.965300 8.982880 4.526970 
1841 1 25.495700 7.268040 3.458380 
1457 1 19.925900 10.430800 2.114700 
1211 2 17.738600 6.349310 7.949330 
707 2 25.510200 5.910420 9.744160 
901 1 17.803800 4.981920 4.285650 
1657 1 19.694600 7.955010 11.248200 
706 1 25.734600 5.548940 10.426400 
273 1 23.627800 2.284880 11.252900 
1384 2 16.734700 1.386750 5.458890 
1638 1 20.058600 8.873390 5.935470 
1640 2 19.830800 8.578940 6.025560 
121 1 25.955000 11.387800 6.342450 
907 2 23.279100 5.405800 1.060230 
1246 1 19.501900 3.336870 2.215510 
421 1 20.183200 3.024850 6.797960 
1857 1 25.064100 12.589900 9.317800 
1649 1 24.463000 13.092500 4.120450 
1252 2 15.291400 11.192300 5.251230 
1221 1 23.356500 9.258280 1.268410 
1313 1 15.012900 9.707460 7.612670 
1464 2 13.994300 8.469640 1.394210 
708 2 25.478600 5.879800 9.909590 
1473 1 20.936600 12.535500 11.119300 
837 1 13.437100 5.987730 12.014400 
1892 2 25.130200 3.449120 4.473920 
517 1 15.693300 10.869200 11.716900 
872 2 15.087100 4.990680 5.944590 
1446 1 22.387600 8.672300 5.188120 
686 1 19.187800 2.985110 10.833400 
1259 2 20.388700 10.312600 2.560990 
1057 1 18.800400 11.208200 5.083920 
1738 1 23.206400 9.885720 9.439710 
1737 1 23.329700 9.038260 8.276880 
904 2 18.253900 4.729170 4.544290 
642 1 16.670600 7.929400 11.161100 
1989 1 22.521000 1.707860 5.370750 
1222 1 24.738000 9.682700 0.693869 
643 2 16.607100 7.443630 11.187500 
1860 2 24.758000 12.503900 9.488370 
1760 2 18.314400 13.037700 11.047600 
1210 1 18.260700 6.592360 8.136890 
422 1 19.716100 4.118780 7.446230 
1651 2 24.650000 12.758200 3.731210 
1001 1 17.408500 2.036760 5.073570 
23 2 26.521400 6.831280 3.194900 
1460 2 24.810600 2.779710 7.588030 
518 1 14.731100 10.118300 11.362000 
1021 1 23.033600 13.007600 1.326620 
1782 1 24.214200 2.160410 0.651694 
1783 2 23.827200 1.438050 1.317460 
35 2 21.081000 2.808180 12.710800 
870 1 16.005000 4.521610 5.892730 
488 2 16.638800 8.359390 3.773430 
1513 1 21.963600 6.327710 11.799800 
1691 2 23.360400 10.069900 12.566000 
1514 1 22.497800 5.884410 13.159500 
906 1 22.968400 5.807580 0.581181 
1281 1 13.465200 5.307560 2.148600 
1499 2 14.383700 2.969870 13.224500 
1643 2 25.500900 12.239300 -0.007849 
1636 2 25.748000 3.010310 20.387700 
1838 1 21.355100 9.857570 17.421700 
435 2 16.027300 1.839740 18.866300 
1915 2 23.124500 12.430500 19.663200 
1151 2 20.587100 6.189410 22.406900 
820 2 16.782000 6.264860 21.916500 
798 1 16.189700 1.085310 24.150300 
1752 2 19.464300 0.914299 18.695700 
1232 2 18.216000 8.217510 15.186200 
1188 2 19.103200 2.669810 21.692100 
1588 2 24.782800 11.222800 22.893200 
247 2 24.834700 7.931530 24.745200 
38 1 23.106300 9.553880 17.437500 
849 1 19.081700 2.135200 15.372400 
1254 1 15.244800 7.190330 14.095500 
818 1 15.878400 6.121800 21.360700 
1255 2 15.551100 7.810400 14.566700 
1157 1 14.549300 8.943060 23.008400 
117 1 25.726800 8.420970 14.685600 
1520 2 17.929900 4.794170 18.796300 
678 1 23.619300 5.927550 18.536300 
1805 1 22.806900 1.109720 22.263900 
1162 1 13.432700 2.119190 21.845400 
1871 2 15.516800 13.199200 25.223500 
1160 2 14.916400 9.443540 23.370800 
1257 1 20.884300 5.597580 16.615200 
37 1 22.348600 8.525570 16.281200 
1229 1 17.759700 8.210120 15.006300 
680 2 24.561700 5.818000 18.207400 
312 2 19.720900 10.606600 13.853500 
26 1 25.373900 4.084980 24.625100 
248 2 24.914800 7.972290 24.483500 
1537 1 20.555200 8.059870 18.671000 
800 2 17.259900 1.446830 24.763000 
1439 2 24.396300 0.162410 13.471900 
96 2 23.559900 3.369410 14.981500 
1987 2 23.313200 1.329330 21.785000 
305 1 25.393400 9.991860 19.921300 
955 2 14.625400 4.991210 25.538600 
819 2 16.646200 5.961180 22.194700 
1392 2 15.842400 1.143870 16.140800 
1543 2 20.887000 0.708891 25.068400 
1634 1 25.550300 3.543960 20.391500 
909 1 13.767500 12.310800 16.478700 
1389 1 16.597600 0.859284 16.227900 
1586 1 24.581300 11.624900 22.279700 
1869 1 15.900900 12.772500 25.150700 
998 1 17.553400 5.421600 21.832200 
1793 1 26.587200 3.433480 18.078200 
1694 1 19.203500 13.082700 16.214800 
1186 1 20.128800 3.000920 21.464100 
1216 2 23.386400 0.679333 17.964400 
1414 1 21.868700 3.002600 25.231200 
842 1 13.764300 7.820460 20.867300 
27 2 26.248600 3.519690 24.220400 
1037 1 13.424200 12.677800 13.703000 
178 1 25.578900 11.735600 14.386600 
40 2 21.987500 9.727740 16.706800 
93 1 24.331300 3.205860 14.918100 
1310 1 16.152600 6.965900 18.760400 
690 1 23.851400 6.717210 21.284300 
1808 2 23.233500 1.384300 21.953100 
1231 2 18.290500 7.899240 15.460300 
95 2 23.731400 3.369800 15.026000 
1215 2 23.134900 0.615379 18.234300 
956 2 14.973300 5.072930 25.567600 
1185 1 18.617200 2.607580 21.636600 
1498 1 14.719300 2.596810 13.486500 
1069 1 21.239300 11.566400 24.904100 
118 1 25.816700 6.828810 14.103000 
1280 2 18.810000 9.464670 22.673100 
39 2 22.198200 9.546690 16.403900 
1837 1 21.914300 10.258400 15.835600 
1164 2 13.857400 1.421400 21.792200 
1235 2 20.869900 5.592530 15.857100 
1538 1 19.975200 7.023290 19.570200 
1395 2 23.491900 0.388181 18.125700 
1098 1 21.070700 8.776620 25.137000 
434 1 15.638700 1.489230 18.538800 
692 2 23.998000 6.071830 21.541000 
954 1 15.028800 5.722220 25.439200 
1163 2 13.992100 1.592890 21.979600 
1097 1 20.580500 7.457720 25.340700 
1656 2 22.920900 8.928190 22.254700 
1825 1 26.404900 2.727480 24.760700 
119 2 25.488300 7.916240 14.981400 
1914 1 23.370700 12.078000 18.734100 
1152 2 20.364700 6.090340 22.299000 
311 2 19.628200 10.950200 13.960400 
694 1 18.293500 10.410300 16.715600 
1233 1 20.632300 5.776460 15.235600 
1000 2 16.728200 5.900750 22.344000 
1839 2 21.979300 9.789960 17.112700 
1256 2 15.129500 7.717940 14.830000 
1986 1 23.842000 1.659860 21.683700 
852 2 18.760300 2.790680 15.773500 
1390 1 15.570000 1.845960 16.093200 
825 1 17.917700 4.590640 25.439600 
1377 1 19.613800 11.804700 20.495700 
25 1 25.931500 2.987470 23.134600 
239 2 16.059600 4.890310 16.016100 
1633 1 25.857900 2.194910 20.202700 
1230 1 18.883800 8.028260 15.755400 
1158 1 14.839200 9.915850 23.899300 
1277 1 19.186000 8.879500 22.711800 
1519 2 18.100300 4.840030 18.999400 
306 1 25.371000 8.819990 18.877400 
1413 1 22.685200 3.877340 24.734700 
1771 2 18.437300 11.318500 26.171100 
1393 1 23.817900 1.778170 18.037000 
1529 1 16.504100 11.519200 15.000700 
1149 1 20.893100 6.500360 21.999500 
560 2 16.771200 12.459500 21.795200 
1517 1 17.715200 4.605400 18.538800 
695 2 18.199000 10.356300 17.228000 
679 2 24.156300 5.885610 18.307700 
898 1 14.013600 8.558910 17.223000 
1100 2 20.592900 7.920140 25.205900 
308 2 25.380300 9.612800 19.332600 
1290 1 17.080400 7.657050 26.325200 
1068 2 14.694400 4.870660 19.344300 
1161 1 14.541800 1.048520 21.678000 
817 1 17.208100 6.983280 22.596100 
557 1 16.595600 12.050600 22.170400 
1099 2 20.733100 8.309190 25.191100 
1654 1 23.166600 9.553840 21.934400 
558 1 16.883600 13.216800 21.325800 
436 2 16.311800 1.818980 18.846300 
120 2 25.195800 7.557660 14.789100 
1311 2 16.232300 7.827580 18.838100 
1150 1 20.049300 5.825850 22.737800 
1379 2 19.822000 11.097200 20.185900 
1980 2 24.560200 11.938000 14.877800 
1531 2 16.405600 10.987900 14.641300 
116 2 22.967000 13.019100 19.810100 
28 2 26.201100 3.362550 24.015300 
1918 1 25.411200 7.500680 15.930200 
1827 2 26.285500 3.622280 23.815700 
618 1 17.483500 0.736563 24.914100 
617 1 17.793200 2.148320 23.887000 
677 1 24.957900 5.797490 18.079800 
826 1 19.071600 5.271420 25.397600 
1289 1 16.734900 8.827570 26.040400 
1070 1 21.966700 10.594000 24.428800 
1391 2 16.114400 1.317300 16.107100 
241 1 15.091700 11.039600 20.689200 
1542 1 20.410900 1.038250 24.819800 
827 2 18.581600 4.927470 25.462400 
1312 2 15.907600 7.589730 18.777600 
689 1 24.202200 5.406020 21.805900 
1587 2 24.857700 11.040400 22.960100 
1065 1 14.907000 4.827400 19.118200 
1518 1 18.573800 4.962990 19.545000 
1997 1 15.153800 4.307800 15.769400 
1214 1 22.128600 0.456019 18.341500 
1378 1 19.807200 10.726900 19.948400 
1072 2 21.486100 11.191600 24.642400 
1977 1 24.081600 11.400200 15.733700 
1635 2 25.558700 2.855640 20.290200 
217 1 16.370600 5.438530 16.073900 
1840 2 22.236600 9.367880 16.844000 
1416 2 22.190400 3.441560 24.968400 
244 2 14.866200 10.631600 20.322500 
813 1 16.328000 5.323390 22.963700 
1750 1 19.097100 1.293830 18.232100 
309 1 19.947800 11.328300 14.104500 
1770 1 18.854300 10.637100 25.928100 
1539 2 20.381900 7.525940 19.274100 
1655 2 22.580600 8.973510 22.286600 
1291 2 16.953900 7.969520 26.219200 
1187 2 19.465700 2.895100 21.569200 
1653 1 22.503900 8.239420 22.383800 
180 2 24.652800 12.344500 15.052100 
1979 2 24.989200 12.378600 14.907900 
1396 2 23.737300 0.464629 17.910900 
691 2 24.035800 5.926050 21.531200 
245 1 25.774200 7.991540 24.504900 
1071 2 21.640300 11.345800 24.895100 
1544 2 21.026000 0.590199 25.119100 
1540 2 20.226300 7.278340 19.009000 
1292 2 16.786900 8.198090 26.252200 
1920 2 25.389900 7.811670 14.906200 
433 1 16.742900 1.933330 19.013800 
1236 2 20.631100 5.597450 15.855800 
1253 1 15.415900 7.778260 15.236300 
1279 2 18.637900 9.488410 22.863400 
696 2 18.173700 10.487600 17.507000 
1309 1 16.251400 8.299130 19.186800 
1585 1 24.997900 10.835100 23.405300 
953 1 14.560200 4.371920 25.572500 
243 2 15.178600 10.517500 20.095300 
851 2 18.959300 2.483380 15.897000 
1530 1 16.092700 10.574700 14.260500 
1278 1 18.432200 10.133100 22.755100 
1629 1 21.509800 3.615400 19.041000 
1630 1 21.241700 4.508780 19.765700 
1631 2 21.516100 4.044000 19.391300 
1632 2 21.324100 4.004340 19.511500 
1532 2 16.245700 11.466600 14.814000 
246 1 24.293500 8.095270 24.623200 
94 1 22.995400 3.721190 15.232200 
1751 2 19.366400 0.785502 18.804200 
1749 1 19.503500 0.341235 19.313900 
1159 2 14.802100 9.511270 23.627700 
113 1 23.485400 12.376400 20.432600 
1828 2 26.408100 3.731660 23.902100 
1415 2 22.244900 3.385420 24.986800 
1066 1 13.799700 4.855690 19.561000 
1380 2 19.856100 11.326000 20.269600 
1541 1 21.361000 0.335771 25.365700 
240 2 15.896900 4.981820 15.993400 
797 1 16.896100 2.169320 25.686800 
307 2 25.202800 9.091280 19.243200 
828 2 18.693900 5.015830 25.428600 
850 1 18.922300 3.117470 15.998400 
693 1 18.073500 10.419800 17.954600 
1394 1 23.583400 0.318617 17.121800 
1040 2 13.179600 12.818400 13.441600 
179 2 24.660700 12.240400 14.974900 
559 2 16.696700 12.431500 21.717100 
242 1 14.964800 10.416100 19.585900 
1917 1 24.209200 8.192620 14.665300 
1772 2 18.674800 11.383300 26.214600 
619 2 17.426900 1.622590 24.816400 
310 1 19.272600 10.211600 13.803900 
115 2 22.946400 12.811100 19.759300 
1067 2 14.141200 4.943890 19.423700 
999 2 16.933600 5.999950 22.401500 
1919 2 25.231500 7.817220 14.770900 
1913 1 21.789600 12.695600 19.667000 
1916 2 23.174200 12.732200 19.324900 
799 2 17.034800 1.354330 24.673400 
620 2 16.774100 1.438140 24.655400 
1642 1 24.879300 12.503600 26.220200 
1978 1 24.171400 12.179000 14.134700 
1440 2 24.147900 -0.025613 13.708100 
1769 1 18.427600 11.768400 26.327000 
899 2 13.350000 8.616390 17.527400 
912 2 13.356900 11.970300 16.483500 
177 1 25.029600 13.104200 15.430500 
1266 1 22.496400 13.197800 23.677200 
1644 2 25.437700 12.219900 26.312200 
1500 2 14.269400 2.904910 13.450000 
1489 1 18.336000 5.645100 13.520800 
1491 2 18.358900 4.877240 13.330500 
1594 1 19.767100 14.867300 6.645320 
83 2 24.268300 15.873900 5.797600 
613 1 17.071500 25.606400 8.638150 
614 1 16.173700 24.092000 8.991430 
1792 2 22.503100 24.656700 0.692000 
341 1 23.964400 20.590200 7.731070 
1345 1 17.430500 15.678500 10.727700 
190 1 20.440800 22.443400 9.236920 
1487 2 23.736300 17.408300 9.676230 
1526 1 18.241100 18.886200 0.635455 
1453 1 24.964600 22.308400 6.131720 
1579 2 15.399400 20.216300 3.933660 
1942 1 22.848400 19.377400 3.172680 
1935 2 22.464300 22.843900 12.401400 
1219 2 22.712900 25.659200 7.108680 
616 2 16.272100 25.192000 9.045600 
143 2 22.587600 19.917300 4.285250 
1789 1 22.310800 24.524000 1.783130 
1774 1 23.407900 22.052300 1.051980 
1936 2 22.116200 22.855800 12.488200 
1549 1 14.313300 15.023900 10.197900 
1673 1 19.013400 26.097200 10.280300 
1584 2 16.366100 25.435800 1.842190 
1847 2 25.686300 25.938300 7.323750 
1674 1 20.183400 25.638300 10.184100 
1484 2 13.514100 14.152000 1.964580 
1884 2 24.810600 16.147500 5.534050 
503 2 25.673100 18.062900 2.556470 
1346 1 17.462100 16.956800 10.395600 
1675 2 19.775700 26.038100 10.074500 
1748 2 22.236700 14.457100 9.085800 
528 2 21.469000 24.090100 4.030750 
154 1 17.811600 18.313500 5.758000 
135 2 22.302400 23.137600 12.200400 
1482 1 14.086700 14.605600 1.649420 
336 2 20.543200 15.994100 10.794200 
176 2 17.650900 17.908500 5.473740 
1753 1 16.649000 13.365700 4.770710 
1536 2 17.643800 14.272900 1.386040 
1787 2 17.330700 22.575800 2.242410 
191 2 20.234600 22.951500 8.332690 
1110 1 14.714400 19.382200 10.330300 
893 1 23.522400 14.362900 11.656000 
752 2 13.831600 17.336500 4.796320 
615 2 16.252600 25.255700 8.757860 
1773 1 24.353000 21.301500 0.907640 
501 1 25.799700 18.569100 2.901110 
1528 2 17.679800 18.921600 0.536302 
82 1 24.080800 15.892400 6.655690 
926 1 16.820100 21.177900 7.501230 
526 1 20.970300 24.810300 4.325360 
1129 1 18.787000 19.848200 11.748900 
1756 2 16.308400 14.573900 4.954970 
508 2 20.527600 21.060100 1.444330 
658 1 13.435100 23.207600 12.705100 
1969 1 25.354800 18.923900 12.060700 
1648 2 22.790400 18.575600 -0.073471 
333 1 20.946700 15.453100 10.511400 
1372 2 14.649300 17.193000 12.396800 
344 2 24.696000 20.290900 8.190690 
796 2 16.159100 25.075000 8.759550 
527 2 21.425600 24.036800 4.137620 
749 1 13.402100 17.255300 4.650550 
1421 1 24.813800 26.139500 3.663050 
928 2 16.350000 21.325200 7.008090 
1550 1 14.474800 13.980300 10.926000 
1551 2 14.497900 14.635300 10.582900 
1546 1 21.474800 17.803100 7.238130 
81 1 23.708100 15.612000 4.917850 
1 1 26.360700 26.151600 7.009340 
1569 1 20.898000 14.778900 4.243870 
1488 2 23.763500 17.338100 9.862650 
1664 2 18.325200 19.521200 9.001140 
1456 2 24.215000 22.710900 5.915000 
1486 1 24.286300 16.808900 9.940660 
1581 1 16.704900 25.024300 1.756360 
1444 2 17.337600 23.895300 5.601860 
673 1 13.645200 22.943500 5.804980 
1319 2 15.580300 16.516300 7.622530 
1369 1 15.253300 16.569500 12.366200 
1627 2 14.646500 19.792800 0.653645 
174 1 17.347900 17.214100 5.186980 
317 1 15.564400 21.993100 11.305100 
1441 1 17.556100 24.269100 5.028820 
793 1 15.529100 25.532700 8.309980 
1218 1 24.313700 26.059800 10.265900 
1786 1 17.494300 22.650700 1.664070 
1397 1 22.499200 25.845800 7.269800 
144 2 22.538100 20.158700 4.661940 
1112 2 14.679900 18.773600 9.822530 
1443 2 17.384100 23.727400 5.286490 
795 2 16.159900 24.877700 8.995540 
141 1 22.821200 19.383000 4.688500 
1140 2 18.206700 23.392100 12.298900 
1423 2 25.354800 26.000600 4.000600 
774 1 15.221500 16.536500 2.825140 
1371 2 14.830000 16.863000 12.433000 
367 2 19.179100 20.586400 5.174870 
1485 1 23.400200 17.859600 9.532330 
320 2 15.304900 22.015700 10.593000 
1565 1 22.149200 20.123800 10.260000 
502 1 25.016400 17.663100 2.155660 
751 2 14.063300 17.336400 4.742710 
1320 2 15.084100 16.303200 7.455650 
237 1 15.997200 25.446000 10.106500 
1548 2 20.974400 18.109500 7.198670 
1454 1 23.976900 23.504100 5.840410 
1593 1 19.334400 14.361700 7.922420 
1318 1 16.288100 16.788100 7.589870 
775 2 15.869100 16.566500 2.234070 
10 1 20.542000 21.684200 7.564770 
1754 1 16.074900 14.686400 5.058720 
1387 2 16.444800 25.703200 2.085810 
1567 2 21.619600 19.988700 9.993390 
1776 2 23.724200 21.555700 1.012310 
1709 1 26.037200 23.705700 10.100000 
368 2 19.204900 20.754700 5.234590 
1971 2 25.407600 19.941900 12.439500 
189 1 19.542400 23.343200 7.975200 
1596 2 19.517000 14.513900 7.233140 
222 1 19.418900 20.836100 5.456520 
175 2 17.821000 17.611000 5.389000 
1347 2 17.515600 16.481000 10.473000 
1348 2 17.400300 16.275700 10.511400 
1139 2 18.255100 23.049900 12.157500 
1881 1 24.394600 17.162600 5.604200 
1745 1 22.607300 13.419600 9.569900 
172 2 25.677200 19.994300 12.595000 
1534 1 18.148900 14.618800 1.860770 
1943 2 22.801200 19.728900 4.314160 
1137 1 18.648400 22.764500 12.622500 
504 2 25.186900 18.222800 2.453870 
1970 1 25.965500 20.424300 12.044000 
335 2 20.531400 15.948200 10.679300 
1665 1 19.651500 17.810200 2.913010 
1358 1 21.140400 14.155600 13.117400 
1385 1 16.015700 26.159000 2.036070 
1131 2 19.016600 19.697400 12.598400 
1755 2 16.348800 13.872600 4.873020 
1882 1 25.275100 15.552600 5.445220 
895 2 24.236600 14.451800 12.006100 
1941 1 21.413800 20.186800 4.457600 
12 2 20.472400 22.678500 7.930950 
1533 1 17.257700 13.867900 1.052080 
11 2 20.523100 22.779300 8.178370 
1580 2 15.394700 20.180900 3.859560 
1442 1 17.218100 23.365100 5.856640 
1399 2 23.533800 25.694700 10.028200 
1661 1 18.948800 19.088100 9.331640 
1775 2 23.977700 21.461000 0.763396 
521 1 26.466700 19.439700 6.861750 
1018 1 22.806700 25.506600 10.390600 
1545 1 20.225500 18.035400 7.161070 
1848 2 25.871300 25.729500 7.295500 
507 2 20.490800 21.515400 1.544790 
1577 1 15.810400 19.852900 3.837740 
142 1 23.324700 20.829900 4.590060 
1666 1 19.647300 16.823500 1.840490 
776 2 15.792100 16.718700 2.387210 
1547 2 20.762800 17.973000 7.197370 
1578 1 14.893300 20.532100 4.225220 
1944 2 22.646200 19.473100 4.346040 
1645 1 22.836300 18.298000 0.362009 
1625 1 14.997400 19.831800 1.487860 
1527 2 17.867600 19.084100 0.487934 
1663 2 18.566900 19.383700 9.354490 
1667 2 19.571300 17.212100 2.269160 
1720 2 22.044200 17.564200 12.708500 
169 1 24.228800 20.679900 12.197100 
1317 1 14.586100 15.690300 7.558790 
1662 1 17.784100 19.676100 9.063330 
1676 2 19.495500 26.025700 10.338600 
1400 2 23.270500 25.621900 9.963890 
986 1 13.564500 23.219300 2.599810 
1712 2 25.874900 22.933400 9.909910 
1571 2 20.751100 13.926500 4.143180 
750 1 14.533200 17.305500 5.004460 
1138 1 18.015600 23.562900 11.701500 
1934 1 21.492300 23.218200 12.416200 
674 1 13.343500 24.097400 5.694950 
1785 1 16.695800 21.896100 2.538820 
343 2 24.638500 20.256200 8.254050 
1302 1 23.017400 15.882000 1.496670 
925 1 16.021900 21.228500 6.450490 
1668 2 19.638900 17.080700 2.350890 
1711 2 25.870100 23.286600 9.764920 
1424 2 25.541900 26.300700 4.060110 
1552 2 14.415100 14.505600 10.762900 
1621 1 19.561900 26.217600 7.847010 
365 1 18.580800 20.508500 4.480210 
171 2 25.301000 19.779800 12.084700 
192 2 20.237200 22.803100 8.093390 
525 1 21.618900 23.426200 4.385460 
1109 1 14.285900 18.220500 9.324340 
1111 2 14.588000 18.806700 9.841030 
927 2 16.684000 21.138000 7.095990 
334 1 20.180100 16.447700 10.585000 
1788 2 17.120600 22.308800 1.902050 
318 1 15.225000 22.286100 9.946570 
319 2 15.337400 22.129200 10.256800 
1933 1 22.602600 22.080400 12.059300 
133 1 22.791400 23.770800 11.867400 
173 1 18.211000 13.569200 10.444400 
1595 2 19.560000 14.550400 7.429730 
342 1 25.089800 20.039400 8.577050 
84 2 24.161900 15.952800 5.919510 
1455 2 24.507200 22.974300 6.111930 
896 2 24.106600 14.546200 11.806100 
835 2 13.815100 26.113900 3.715710 
894 1 24.730000 14.438700 12.294700 
1791 2 22.342400 24.567800 0.933389 
1370 1 14.504700 17.563300 12.395600 
1483 2 13.524000 13.884700 2.236110 
1628 2 14.498500 19.827300 1.139240 
773 1 16.557300 16.872600 1.822060 
1568 2 21.563000 20.093200 10.055400 
9 1 21.181100 23.165300 7.598050 
1220 2 23.178500 25.504800 9.635230 
1972 2 25.566300 20.087000 12.551000 
1566 1 21.100400 19.910900 9.980160 
1572 2 20.835000 14.088000 3.911270 
675 2 13.591000 23.223300 5.665290 
1747 2 22.452900 14.080600 9.204340 
1304 2 23.413200 15.699800 1.689660 
1301 1 23.820500 15.450100 2.097180 
1535 2 17.669600 14.098200 1.311650 
1883 2 24.439200 16.063300 5.815370 
1303 2 23.326300 15.623300 1.915130 
1132 2 18.934600 19.816900 12.579900 
506 1 20.799800 21.804300 1.682570 
136 2 22.192000 22.897100 12.581600 
1153 1 16.066400 13.210400 7.621440 
987 2 13.625300 22.748900 2.070760 
836 2 13.678200 25.876000 3.737950 
505 1 20.276600 20.590700 1.188340 
676 2 13.480600 23.440900 5.718520 
1605 1 26.359800 21.446500 3.623730 
1422 1 26.114400 26.299900 4.329770 
1623 2 19.602900 26.517500 7.171310 
1525 1 17.027600 18.819300 0.365980 
988 2 13.327200 22.670200 2.046480 
1746 1 22.318400 14.598500 8.827870 
985 1 13.346100 22.333700 1.549670 
1710 1 25.610300 22.545200 9.697410 
833 1 14.406500 25.604800 3.721180 
1719 2 22.149900 17.388800 12.749300 
723 2 19.372900 26.408700 2.365670 
1398 1 23.372000 25.199000 9.119140 
1846 1 24.912500 25.526100 7.309140 
722 1 19.342200 25.912900 2.064080 
1717 1 22.081300 17.270900 11.823800 
1965 1 26.537000 23.556000 0.716640 
1790 1 22.278100 24.542700 0.279283 
1626 1 14.244700 19.564400 0.518139 
281 1 26.218100 14.532700 9.046120 
1759 2 18.286800 13.440600 10.812600 
1481 1 13.316900 13.625400 2.361050 
1608 2 26.417300 21.516700 3.331790 
1616 2 16.044900 20.396300 13.023700 
659 2 13.418000 22.637000 13.159400 
1718 1 22.271800 17.694000 13.168100 
1130 1 19.139500 19.741400 13.090800 
1614 1 15.511300 19.980600 13.142100 
1008 2 14.131000 21.213600 23.971900 
536 2 25.839200 19.262300 17.453000 
1806 1 25.537300 21.843300 23.514300 
1330 1 14.253100 18.660900 20.541500 
1865 1 21.425200 20.262100 16.358200 
1729 1 13.368200 19.943000 13.344200 
1004 2 17.875200 23.516500 24.847100 
1521 1 13.570900 21.447400 20.025900 
997 1 20.245100 25.429000 16.047500 
1418 1 24.838500 22.270600 15.770800 
1736 2 19.189700 16.146800 14.177800 
1589 1 21.393100 21.390500 23.805700 
1597 1 24.456400 23.701100 16.666400 
1009 1 16.513200 24.951600 13.541800 
1921 1 19.943400 23.072800 19.084500 
1559 2 24.480800 24.696300 20.860600 
1726 1 19.471500 14.896600 20.894500 
72 2 17.029600 14.195500 13.910000 
1705 1 16.688300 21.452300 21.296800 
1002 1 17.493800 22.683100 24.632300 
1194 1 19.560200 17.192200 16.992600 
1728 2 19.634400 14.924900 21.374400 
1050 1 14.030800 24.493200 19.203000 
1329 1 13.983800 17.844600 21.613700 
102 1 21.139700 24.067500 20.035300 
1435 2 19.192300 14.182600 24.802700 
1672 2 17.807400 17.971500 20.558600 
1114 1 17.286600 17.205200 14.754000 
1051 2 14.241300 24.724500 18.597100 
1937 1 26.465500 13.735200 23.278400 
369 1 25.908300 16.526300 14.838900 
1522 1 14.689900 21.236500 18.941700 
1695 2 19.886400 13.600400 16.080200 
1727 2 19.658600 14.537200 21.581700 
1479 2 26.197800 19.271400 25.574300 
1357 1 21.568600 13.442000 14.107600 
1671 2 17.527600 17.881400 20.679600 
1198 1 19.288200 26.484400 14.646400 
940 2 14.544000 15.120900 22.802500 
1356 2 20.608900 26.186400 22.006800 
371 2 25.426600 16.366100 15.017900 
1353 1 20.811000 26.416400 21.564600 
68 2 22.014500 19.694400 15.897600 
1355 2 20.637300 26.061400 22.327600 
1906 1 18.880000 17.150900 24.401900 
1331 2 14.119900 18.233800 21.057000 
1020 2 20.637900 25.586000 14.857000 
937 1 13.612000 15.201100 22.898000 
701 1 24.168900 20.182300 19.034300 
535 2 26.115600 19.243900 17.365500 
137 1 25.171500 14.152700 22.320200 
1298 1 17.040100 15.931500 25.384000 
123 2 20.796600 22.794800 19.778000 
1436 2 19.385300 14.297500 24.373100 
1907 2 20.040600 17.585700 24.092600 
516 2 23.619300 17.304200 23.081000 
1947 2 18.309100 20.485800 18.371100 
124 2 20.697700 23.033200 19.742500 
1184 2 18.314600 23.561300 24.695100 
1354 1 20.665400 25.814000 22.742900 
1872 2 15.466500 13.332600 25.332300 
1592 2 22.510900 21.797800 23.347500 
1925 1 24.477700 26.195600 24.672800 
1019 2 20.277300 26.129100 14.942000 
1267 2 22.431300 13.782900 23.372700 
974 1 17.219100 25.934200 21.276800 
1923 2 20.436100 23.099000 19.772000 
1927 2 24.902600 25.313600 24.482500 
1600 2 24.375800 23.181700 15.611600 
1202 1 19.088300 23.289800 25.222400 
960 2 14.866500 20.897000 16.014300 
1714 1 13.852700 15.807100 14.816600 
88 2 22.171200 15.128900 16.894400 
332 2 21.202500 15.592700 26.168500 
1696 2 19.687100 13.506200 16.179200 
973 1 18.390500 25.861600 21.751300 
1005 1 14.442300 20.818200 24.422600 
1049 1 13.894300 25.299900 18.115900 
287 2 26.034800 16.066600 25.468200 
1299 2 16.561300 16.515900 25.431000 
1113 1 16.066200 17.672400 15.039900 
1590 1 23.030300 22.505600 24.564200 
1010 1 16.140600 24.475600 14.827900 
140 2 26.230200 14.231600 22.386400 
1721 1 16.541700 20.385900 23.932300 
1011 2 16.252100 24.688100 14.023100 
1877 1 17.116900 14.024400 19.021300 
1973 1 26.321400 19.163800 21.120300 
983 2 13.579700 25.945900 25.954100 
1734 1 18.987700 15.871100 14.617300 
1733 1 19.675800 16.507400 13.825400 
1003 2 18.288900 23.572100 24.789900 
1880 2 16.687300 14.315700 17.972100 
514 1 23.284300 17.493500 22.677400 
494 1 13.699800 17.754800 25.063100 
1431 2 21.451300 18.801900 20.581200 
958 1 15.498100 20.074100 15.740800 
138 1 26.184900 15.352200 22.336000 
406 1 17.570400 24.057000 18.877200 
1193 1 19.637200 17.002000 18.740700 
66 1 23.445700 19.813100 16.053300 
1939 2 26.265500 13.988200 22.482500 
1165 1 14.991900 24.550000 22.197400 
1108 2 14.103000 17.549500 17.916700 
1417 1 24.743600 23.593800 14.898200 
65 1 21.986800 19.603400 15.005900 
1508 2 24.315900 16.879200 19.110000 
1715 2 13.568500 15.742400 15.530600 
1410 1 22.967000 21.094400 23.335700 
1412 2 22.531000 21.494900 23.477200 
1924 2 20.835800 23.069600 19.571300 
370 1 24.467900 16.057100 14.984200 
1432 2 21.489800 18.832800 20.381600 
1200 2 20.104300 25.695300 14.931200 
1908 2 19.746400 17.621400 23.906300 
1945 1 17.658900 20.359100 17.876000 
71 2 16.775900 14.312800 13.798600 
704 2 24.317700 20.680800 19.631900 
77 1 16.981900 15.307400 17.892400 
87 2 22.233900 15.095400 16.920600 
407 2 17.142200 23.913900 18.578400 
1988 2 26.215800 21.877900 22.991900 
107 2 19.717700 17.322700 23.888200 
566 1 26.601100 26.143000 18.735500 
331 2 21.318600 15.463300 26.164300 
1870 1 15.056700 13.738800 25.303300 
67 2 22.272800 19.637000 16.035000 
657 1 13.565500 22.321700 13.948800 
1940 2 26.278900 14.437200 22.436400 
1213 1 23.929600 26.600300 18.894800 
1017 1 21.000200 26.273600 14.777500 
70 1 17.568200 14.246800 13.658100 
1879 2 16.756100 14.175500 18.339200 
1206 1 13.422200 14.720800 19.792100 
1878 1 15.667400 13.844300 18.345900 
957 1 14.526400 20.954200 16.339700 
1724 2 16.964900 19.856900 24.145400 
515 2 23.870400 17.437800 23.204700 
1182 1 17.335900 24.176600 25.240100 
114 1 23.247100 13.858700 19.349100 
372 2 24.981700 16.044800 15.109700 
1007 2 14.091500 21.479600 24.171200 
1868 2 22.354000 19.650700 16.291200 
1591 2 22.566400 22.050300 23.441300 
1558 1 24.242300 24.003800 20.127300 
1411 2 22.262800 22.036300 23.831900 
1723 2 16.865300 19.939900 24.141000 
1646 1 22.588100 19.067400 25.883200 
1866 1 22.165700 18.770900 16.760800 
1928 2 24.922600 25.415100 24.283500 
1867 2 22.346000 19.763400 16.166700 
1300 2 16.431500 16.584100 25.366700 
1265 1 22.502000 14.215700 22.855700 
170 1 25.478800 19.778700 13.521600 
1922 1 21.443800 22.279400 19.301400 
1523 2 14.088600 21.419900 19.592700 
1195 2 19.773300 17.271700 17.696500 
1706 1 17.240400 22.626900 21.417500 
1707 2 17.038800 21.931900 21.398100 
1708 2 16.979400 22.194800 21.312400 
139 2 26.526000 14.289200 22.476300 
1183 2 17.874600 23.588100 24.703200 
1430 1 21.271400 18.177500 20.681600 
939 2 14.183900 15.106900 22.953500 
106 1 19.739300 18.546400 24.107400 
1948 2 17.936600 20.486600 18.157900 
1116 2 16.614700 17.565800 14.875000 
513 1 24.196000 17.501400 23.572100 
1409 1 22.373800 22.580600 22.830900 
1560 2 24.298600 24.482600 20.905800 
803 2 13.379700 25.768400 25.929800 
1670 1 17.685000 18.533000 20.406000 
69 1 16.349600 14.256500 14.217300 
1199 2 20.459400 25.751500 15.249400 
1574 1 18.738900 22.368500 16.646000 
86 1 21.736000 15.518000 17.137900 
329 1 20.679100 15.955300 26.111900 
1735 2 19.130600 16.304000 14.235900 
105 1 20.709600 17.217500 24.520500 
1507 2 24.210000 16.923300 18.821300 
801 1 14.397700 25.877400 25.654300 
1181 1 18.393200 24.034700 23.818800 
330 1 21.700600 14.907300 26.148000 
1905 1 19.901600 17.406700 22.968700 
78 1 16.810900 13.674000 17.136200 
1115 2 16.477100 17.516300 14.849400 
1576 2 18.814600 22.222700 15.657700 
703 2 24.313000 21.014400 19.629000 
79 2 16.876600 14.262900 18.288500 
1006 1 13.759700 21.776000 23.689400 
108 2 19.866200 17.752000 23.994500 
1332 2 14.171000 18.273300 21.069200 
1946 1 18.812400 20.640300 18.528900 
1166 1 13.411100 24.715100 21.789000 
1419 2 24.517900 23.181400 15.674200 
1107 2 14.271400 17.712000 17.760300 
1669 1 17.443200 17.356000 21.015500 
122 1 20.282800 22.772700 20.754300 
1012 2 16.295700 24.568800 14.394300 
1429 1 21.670900 19.630800 20.308400 
1722 1 17.042000 19.508700 24.585100 
408 2 17.001300 24.058900 18.538200 
1599 2 24.430500 23.135400 15.700400 
533 1 26.028900 18.483200 16.969500 
1420 2 24.601700 23.251200 15.898100 
1106 1 14.095900 17.969500 17.148100 
1575 2 19.007700 22.292800 15.731300 
702 1 24.345600 21.461400 19.885900 
1052 2 13.944500 25.049900 18.415600 
1167 2 14.263000 24.552400 22.115400 
1297 1 15.926600 16.755000 25.222800 
85 1 22.706200 14.537600 16.738200 
181 1 26.377100 22.046100 22.409700 
1105 1 14.418600 17.341600 18.622500 
1196 2 19.497600 17.010400 18.046700 
405 1 16.350000 23.983100 18.184200 
1573 1 18.834600 22.069000 15.159100 
1433 1 19.565900 14.742500 24.203700 
1807 2 26.095300 22.068700 22.824000 
285 1 25.606500 16.160700 25.134700 
1434 1 18.976100 13.759800 24.883100 
1505 1 23.899000 17.184400 18.578700 
959 2 14.868400 20.507400 16.062700 
1477 1 26.040100 18.718200 25.991300 
1524 2 13.812800 21.372500 19.577700 
1725 1 19.785200 14.182400 22.196100 
1506 1 24.617900 16.782600 19.406000 
938 1 15.132000 14.912000 22.880200 
1693 1 20.334700 14.006200 16.130100 
1557 1 24.402200 25.024300 21.349200 
1217 1 23.208300 23.056500 15.664500 
1168 2 14.335900 24.673000 21.921100 
80 2 16.560800 14.165900 18.063700 
1268 2 22.543200 13.751000 23.174100 
1480 2 26.359000 19.437200 25.641800 
157 1 26.248300 26.241100 15.017200 
288 2 25.903800 16.087200 25.484100 
534 1 25.879100 19.967600 17.554500 
1197 1 20.190400 24.825200 14.169000 
976 2 17.687100 25.944800 21.429000 
975 2 17.590400 25.878600 21.447400 
1716 2 13.810400 15.697500 15.391000 
1926 1 25.155300 25.075500 24.164200 
1713 1 13.449700 15.728500 16.378600 
1647 2 22.756200 18.548300 26.534900 
1438 1 23.773500 26.355400 13.948600 
1269 1 13.661000 25.968800 15.651100 
1360 2 21.253700 13.829900 13.574800 
1359 2 21.205700 13.886600 13.543500 
134 1 22.735300 23.014900 13.464100 
1615 2 16.208400 20.285400 13.288200 
660 2 13.567100 22.578800 13.589100 
1613 1 16.672300 20.665500 13.382600 
