id type x y z 
1119 2 7.200750 2.318200 4.761420 
1085 1 11.724300 12.916400 2.418800 
290 1 8.917520 1.838050 12.017500 
441 1 5.050460 7.188600 11.146700 
792 2 9.308360 11.109700 4.486890 
420 2 7.644010 3.748190 0.947976 
1275 2 11.342900 3.933340 0.302324 
1821 1 2.300710 8.507170 1.794120 
1605 1 8.551530 0.123027 2.021640 
448 2 5.784880 8.414560 2.155920 
541 1 7.870170 6.241480 3.571180 
271 2 6.881870 0.337123 8.325350 
200 2 1.672940 3.449280 10.867100 
920 2 11.774200 12.534000 6.371410 
182 1 5.420520 5.468200 4.028100 
1117 1 7.541850 2.393260 5.454280 
2 1 6.421670 13.052400 6.304200 
634 1 10.208900 4.056170 12.406200 
757 1 4.699360 11.176700 11.470800 
296 2 8.584890 7.486080 10.734000 
5 1 3.810170 5.818210 6.514130 
500 2 0.525684 12.355200 9.489380 
812 2 6.399810 8.166610 5.693860 
1136 2 12.534900 9.961440 1.681090 
539 2 6.025210 12.140200 1.145770 
1135 2 12.364800 10.035500 1.550810 
517 1 10.972100 9.791680 8.221630 
418 1 7.106480 4.063880 1.877400 
652 2 10.740500 3.172750 4.469370 
869 1 13.190500 5.296130 6.393130 
1889 1 0.001593 3.539650 7.140450 
810 1 5.605920 8.567120 5.734980 
1039 2 11.678600 13.175500 10.496800 
230 1 5.766690 4.109590 4.485790 
231 2 5.205220 4.634670 4.343100 
232 2 5.503530 4.913210 4.089050 
1088 2 11.883900 12.854600 2.834840 
605 1 1.515250 1.092780 6.356650 
1467 2 9.652670 10.779200 11.661500 
610 1 9.380890 10.205300 3.659800 
758 1 4.282780 12.258000 11.066000 
429 1 2.991190 3.806930 10.340100 
611 2 9.273280 10.507100 4.326630 
1134 1 11.659400 10.026800 1.209390 
598 1 8.079910 2.714930 1.671780 
89 1 1.322180 11.234400 3.271380 
498 1 0.321899 12.312000 9.024480 
666 1 5.786380 3.707490 11.075300 
741 1 3.924930 11.846900 4.831720 
829 1 10.889800 0.171135 12.286500 
1607 2 8.250960 0.072274 2.512830 
538 1 6.206350 12.370700 1.424480 
20 2 1.863420 3.395080 11.219800 
324 2 11.520700 8.396990 5.438600 
608 2 1.571960 1.616780 6.636730 
1086 1 12.458800 12.082900 3.715850 
417 1 8.413800 4.459570 0.855823 
518 1 10.531200 8.918870 8.954670 
7 2 3.184170 6.624730 7.023430 
860 2 1.326750 8.910560 9.758770 
24 2 1.912180 8.311400 3.056260 
1858 1 7.268900 6.260120 7.428870 
92 2 1.124500 11.898800 3.051410 
201 1 4.085510 1.558880 0.676568 
759 2 4.496280 11.592200 11.161200 
1468 2 9.625750 10.517600 11.649100 
667 2 5.940800 4.452420 10.919200 
381 1 3.951050 2.099830 2.397830 
830 1 11.427000 0.086243 11.093600 
1834 1 0.333799 2.661830 11.237300 
1284 2 11.929800 6.260540 2.671630 
389 1 8.981660 3.009350 8.373050 
256 2 12.031400 6.508560 9.685930 
651 2 10.715400 3.072280 4.425680 
383 2 4.357430 1.196220 1.876980 
1841 1 1.962550 7.084500 2.673160 
864 2 7.429240 9.855290 8.451520 
446 1 5.391380 8.623720 2.567730 
1283 2 11.638500 5.844480 3.056820 
294 1 8.502800 8.091780 10.795500 
109 1 8.532880 5.454290 6.863160 
255 2 12.090100 6.623190 9.632180 
253 1 11.893000 6.857340 10.318800 
1120 2 7.237090 2.511260 4.986780 
1241 1 9.380870 7.966690 0.757401 
520 2 10.822600 9.353120 8.547370 
760 2 4.472520 11.556000 11.203000 
1678 1 8.493630 5.841920 8.430240 
390 1 9.944530 1.903390 9.070210 
871 2 12.385000 4.924210 7.004470 
879 2 7.338340 9.515980 13.136300 
19 2 1.711940 3.115330 11.169800 
859 2 1.238640 8.809600 9.760780 
1874 1 1.377070 9.872260 12.281900 
789 1 9.195940 11.896400 3.624890 
204 2 4.251970 1.030030 1.804390 
599 2 7.464830 3.608220 1.116700 
1958 1 2.399000 4.714780 12.129900 
474 1 1.551480 2.144860 10.167800 
917 1 11.095400 12.559900 6.562510 
742 1 4.881430 11.127400 3.915130 
1873 1 2.053160 11.412000 13.158600 
210 1 10.653200 3.003550 8.178860 
600 2 7.766810 3.595210 1.252960 
1824 2 2.230680 8.371530 2.596000 
1243 2 9.391330 7.170820 0.509937 
591 2 3.512960 10.528800 8.060850 
272 2 6.797090 0.227700 8.406390 
1281 1 11.285400 5.962620 3.483110 
442 1 4.601510 8.628860 11.658500 
863 2 7.271300 9.829220 8.625400 
291 2 8.266260 2.094730 11.673100 
1999 2 1.305860 3.647220 11.414700 
60 2 8.032760 5.782350 7.694500 
392 2 9.996660 2.533300 8.416180 
444 2 4.846180 7.654120 11.139700 
59 2 7.919940 5.961090 7.465970 
254 1 12.051400 6.482990 8.785900 
639 2 5.634420 3.026630 7.898480 
477 1 2.162800 4.125300 3.083750 
212 2 9.853010 2.178940 8.277590 
707 2 2.161240 3.994350 3.724320 
592 2 4.091820 10.546800 8.133300 
543 2 8.394460 6.522210 4.042850 
323 2 11.540500 8.130810 5.457260 
544 2 8.415350 6.609750 3.525190 
649 1 10.397300 2.879050 4.826410 
202 1 5.323670 0.899106 1.850030 
384 2 4.134380 1.093320 1.550450 
612 2 9.094420 10.974000 4.541440 
708 2 2.523810 4.331230 3.480590 
664 2 10.946000 0.851550 1.563400 
187 2 2.795970 6.353400 7.157940 
61 1 2.226040 6.561730 6.585080 
445 1 6.151480 8.311780 1.618490 
1244 2 9.484490 7.450590 0.470317 
1118 1 6.931180 2.363660 4.095890 
809 1 6.791630 8.069710 5.512760 
2000 2 1.389960 2.910290 10.840700 
1822 1 2.823030 9.102130 3.733580 
918 1 12.227300 12.335500 6.344590 
650 1 11.176700 3.330480 4.101480 
744 2 4.310740 11.305900 4.615580 
1306 1 8.915870 11.906300 0.220946 
597 1 7.066960 3.460280 0.329519 
665 1 6.073850 4.924250 10.531800 
522 1 5.171050 0.136009 5.567940 
878 1 7.474880 9.869440 12.564100 
832 2 11.250700 0.052509 11.697900 
1282 1 11.944200 6.173070 2.375240 
1466 1 9.585450 10.320900 12.069600 
443 2 4.731560 8.347440 11.295400 
663 2 11.104900 0.745326 1.576050 
1823 2 2.349090 8.531450 2.946280 
447 2 5.924450 8.450110 2.065710 
91 2 1.169370 11.734400 3.199670 
197 1 9.922500 1.751200 7.519900 
590 1 3.637010 10.601200 7.686740 
1845 1 8.828650 6.925550 3.762460 
1833 1 2.520250 2.636590 12.330900 
523 2 4.557730 0.012781 5.222930 
8 2 2.855680 6.331970 7.084650 
188 2 3.104740 6.081180 7.075810 
542 1 3.146920 12.947400 7.826800 
637 1 6.122410 3.216820 7.857370 
609 1 8.093560 10.759800 4.858610 
321 1 10.945000 8.319250 5.852340 
858 1 0.917135 9.202650 10.063300 
857 1 2.008670 8.872040 9.223690 
872 2 12.770400 5.213480 6.544550 
1276 2 11.145500 4.072890 0.461399 
606 1 1.895590 2.083850 7.256960 
640 2 5.250690 2.844810 7.862810 
297 1 12.880700 9.207500 10.618300 
1040 2 11.595600 13.182300 10.471900 
635 2 10.829500 4.295080 12.010900 
668 2 6.130500 4.414580 10.740000 
661 1 10.834900 0.883595 0.941383 
1133 1 12.805000 10.225600 1.933130 
199 2 1.631020 3.568950 11.347700 
1820 2 1.310090 3.190360 11.203700 
18 1 0.904413 4.198560 10.234700 
391 2 10.050900 2.466930 8.402630 
1274 1 11.241400 4.065770 0.835514 
633 1 11.184300 4.379200 11.342800 
295 2 8.854760 7.423450 10.874500 
1876 2 1.302460 10.621400 13.132900 
6 1 3.114810 7.520770 7.376070 
185 1 3.063040 5.545070 8.034100 
1087 2 12.171500 12.713300 3.271630 
23 2 1.837420 8.424650 2.739980 
1859 2 8.272860 5.725240 7.738300 
1458 1 3.120800 4.274210 4.082470 
662 1 11.332800 0.466560 2.180230 
322 1 12.151400 8.519740 4.937070 
537 1 5.766940 11.173500 0.822340 
519 2 10.785800 9.413010 8.509870 
638 1 4.886970 2.616590 7.918100 
524 2 4.655040 0.216209 5.525590 
203 2 4.362480 0.913025 1.836760 
1819 2 1.228330 3.449560 11.590400 
209 1 0.488728 3.884750 12.450600 
382 1 3.908000 0.296019 1.989920 
636 2 10.667400 4.301160 12.005900 
521 1 3.986980 0.276752 4.971540 
607 2 1.675260 1.808540 6.676470 
211 2 9.704830 2.348550 8.289960 
1038 1 12.075800 12.402900 10.269000 
919 2 11.594000 12.373100 6.469940 
861 1 6.799800 8.973760 8.598270 
1465 1 9.792360 11.032400 11.029100 
1981 1 1.032350 8.793250 3.151710 
589 1 4.407220 10.479800 9.226860 
862 1 7.622650 10.374900 8.518930 
831 2 11.126000 0.175117 11.847000 
811 2 6.110300 8.374760 5.476520 
419 2 7.377480 3.643220 1.379970 
743 2 4.535720 11.440500 4.245160 
499 2 0.684413 12.241900 9.819940 
540 2 5.971210 11.620900 0.989056 
497 1 0.677886 12.141500 10.259400 
1890 1 0.528025 4.461550 5.694140 
293 1 8.773230 6.940170 10.588000 
791 2 9.138200 10.888000 4.262500 
585 1 11.586000 0.053913 6.001370 
790 1 9.985340 11.035600 5.130720 
1242 1 9.302010 6.641190 0.063247 
58 1 6.673310 0.809857 8.737150 
90 1 0.924690 12.280900 2.483580 
870 1 12.071700 4.790250 7.131270 
198 1 4.799640 0.214978 11.894700 
270 1 7.871200 2.315450 11.468600 
292 2 8.436660 2.036800 11.726200 
1371 2 12.627400 11.449800 13.249100 
1836 2 5.168220 0.033466 12.058000 
1608 2 8.140380 0.163337 2.634170 
1875 2 1.490110 10.503100 13.211000 
1369 1 13.216300 11.544400 13.239800 
1308 2 9.385620 11.240000 0.092619 
880 2 7.489320 9.309590 13.061500 
1768 2 6.881030 11.937500 23.933700 
1765 1 6.291900 11.676200 24.537100 
889 1 2.401790 7.441730 18.506600 
1620 2 2.647230 3.349810 16.255300 
32 2 8.426430 5.948180 14.236800 
768 2 9.272010 12.061000 21.402100 
929 1 7.590900 9.847960 18.219400 
1767 2 6.585060 11.540800 24.198600 
1305 1 9.751790 10.755500 26.278600 
1938 1 3.241810 13.130000 23.038300 
1694 1 9.631500 11.414000 17.860800 
1041 1 2.918070 11.424700 18.862500 
399 2 9.685720 1.294310 15.280200 
1076 2 10.598900 9.058830 19.846500 
251 2 6.247460 1.474060 18.769200 
214 1 10.181800 9.065760 22.527100 
1804 2 2.609420 5.068160 24.924500 
250 1 6.101370 1.968490 18.165600 
767 2 9.103070 12.226600 21.277600 
162 1 7.498550 0.364270 24.259300 
55 2 7.091070 4.618190 17.734400 
1817 1 10.098400 1.905480 14.897700 
362 1 3.751910 1.787170 22.635100 
1069 1 0.780447 12.144500 25.557300 
1856 2 6.647380 4.880870 17.542100 
746 1 7.269320 3.676950 21.217300 
411 2 9.713430 1.994490 22.203800 
1852 2 3.557710 9.480330 21.695300 
356 2 2.668680 1.405550 19.108000 
1173 1 8.273670 11.915000 14.346000 
1793 1 0.904717 2.376720 20.808200 
458 1 12.325400 7.228650 25.927100 
31 2 8.567390 5.772470 14.195800 
1239 2 4.946920 6.291410 14.333200 
227 2 9.710850 5.539090 23.685200 
228 2 9.659060 5.518930 23.633800 
277 1 5.951600 8.676810 17.354500 
1081 1 11.758000 2.978660 17.992400 
397 1 9.105010 1.543040 16.201500 
410 1 9.266020 1.822600 22.846400 
56 2 7.572510 4.567300 17.574600 
1798 1 2.251300 3.027830 15.524400 
491 2 8.967110 7.883490 16.534200 
841 1 10.857400 5.469570 20.095200 
1163 2 12.135000 0.106799 20.657200 
1803 2 2.449170 5.156470 24.652300 
1861 1 3.491760 10.415000 25.432000 
1895 2 0.243541 6.282650 21.003100 
1176 2 8.968550 11.668700 14.693700 
460 2 11.979000 7.774630 24.952900 
1894 1 0.984391 6.110640 21.111900 
1309 1 13.021000 6.048830 18.092600 
1870 1 12.041000 12.262700 24.974400 
29 1 8.949130 6.122110 13.637400 
1985 1 2.156750 6.152600 26.028300 
877 1 7.659470 8.995030 13.513200 
63 2 3.522590 10.431900 25.498400 
1075 2 10.455900 8.838790 19.856000 
1043 2 3.486510 11.816500 19.164800 
438 1 0.798966 9.725810 18.364000 
1067 2 11.788500 5.703520 15.935300 
74 1 0.600807 10.919300 13.540700 
139 2 2.715740 12.629700 22.394100 
361 1 3.222990 0.580015 21.928200 
1403 2 10.529500 12.697600 23.933300 
645 1 -0.032541 9.331730 25.092600 
366 1 3.996240 6.745740 25.417700 
355 2 2.934910 1.567140 18.958000 
766 1 9.165150 11.273300 21.285200 
138 1 1.552410 12.901300 23.091000 
844 2 10.051400 5.812760 20.241400 
225 1 9.567630 5.893370 23.985400 
694 1 13.067400 12.140900 20.434600 
241 1 12.485600 9.533480 16.542400 
1074 1 3.656120 5.016950 26.012800 
1619 2 2.925870 3.035130 16.234100 
242 1 11.399000 8.971800 15.609200 
1849 1 4.057590 9.369820 21.378800 
354 1 3.417650 1.522920 19.572300 
930 1 7.455530 11.140000 18.580900 
716 2 0.485542 9.307370 25.397000 
1084 2 11.412900 2.893190 18.398100 
400 2 9.419500 1.216850 15.685100 
1851 2 3.293960 9.219240 21.847200 
425 1 6.384350 6.684950 20.913600 
426 1 7.590930 7.045640 21.400800 
427 2 7.116030 6.747600 21.356700 
428 2 6.831520 6.997250 21.210000 
1802 1 1.760930 4.226550 25.850800 
1402 1 10.234300 12.762300 23.784200 
385 1 12.028600 3.443670 21.473500 
279 2 5.483010 8.431340 17.407800 
1761 1 3.364560 3.976670 19.954300 
942 1 12.111400 10.457800 22.528800 
1766 1 7.090200 11.620200 23.477100 
439 2 0.864402 9.350860 17.499500 
1777 1 0.254020 13.025700 18.534900 
842 1 9.549310 5.975060 20.685800 
244 2 11.768200 9.237950 16.126000 
53 1 7.508370 4.086890 16.781100 
693 1 12.208100 13.225800 19.985800 
409 1 10.046900 1.831200 21.488500 
263 2 4.903590 11.511800 15.766100 
1065 1 11.659400 5.314500 16.668100 
671 2 11.030900 7.985960 13.446100 
714 1 10.018500 8.658580 19.092300 
1855 2 7.275550 4.751360 17.676000 
218 1 8.599360 0.839603 14.524800 
252 2 6.213950 1.535820 18.806000 
492 2 9.013310 7.989960 16.583800 
1763 2 3.679340 4.313720 20.407600 
713 1 0.987238 8.867070 26.008500 
226 1 9.645550 4.712100 23.169900 
54 1 7.079810 5.663080 17.328800 
1068 2 11.831300 5.591280 16.037100 
184 2 2.860290 5.021830 24.772900 
1307 2 9.152350 11.230300 26.497400 
1070 1 0.067387 12.989000 26.248800 
1896 2 0.272930 6.188280 21.133900 
489 1 9.265820 8.436830 16.596200 
1042 1 4.203680 12.027400 19.447000 
440 2 0.909008 9.371470 17.747500 
30 1 8.131530 5.909510 14.696400 
931 2 7.503490 10.461100 18.258500 
1451 2 2.358070 0.286723 24.701000 
745 1 6.117620 3.602490 21.959400 
532 2 1.485130 7.087350 14.632400 
715 2 0.523470 8.934360 25.503700 
1800 2 2.892960 3.369360 16.446000 
1850 1 2.837590 9.241330 22.348900 
748 2 6.738210 3.695850 21.463900 
229 1 2.163300 0.168378 14.919500 
430 1 5.930650 2.544990 14.136000 
1853 1 6.255720 4.272070 18.042500 
1609 1 1.910270 4.404180 24.077900 
351 2 6.207490 10.345000 21.159600 
1469 1 0.261208 5.376870 17.648500 
1795 2 0.413107 2.967460 21.243300 
73 1 1.954380 9.957610 14.382600 
431 2 6.164800 3.241480 14.289700 
163 2 6.873300 1.037770 24.584000 
1983 2 2.804000 5.648960 25.170300 
490 1 8.971820 7.113950 16.360200 
1240 2 4.867760 6.235170 14.445800 
249 1 6.299170 1.313470 19.369100 
352 2 6.565610 10.124200 21.268300 
529 1 1.983630 6.739570 15.046600 
76 2 1.183890 10.505500 13.447100 
388 2 12.899900 3.250500 21.873800 
261 1 4.513670 11.924800 15.638300 
432 2 6.365850 3.116590 14.158700 
398 1 9.945290 0.298452 16.000200 
1225 1 11.361200 1.067770 25.142200 
1799 2 2.885880 3.284540 16.388400 
243 2 11.820700 9.436430 16.173500 
531 2 1.478430 7.035250 14.451400 
1617 1 4.018440 3.161330 15.876200 
350 1 6.290620 10.471400 20.750500 
891 2 2.528720 6.902230 18.577300 
747 2 6.629580 3.683930 21.481000 
464 2 6.387080 8.032200 25.135000 
843 2 10.144200 5.699360 20.594500 
219 2 9.425750 1.105730 15.600600 
3 2 3.284510 5.465310 25.344400 
459 2 12.115500 7.543660 25.278200 
4 2 2.707960 5.144900 25.008300 
1072 2 0.355981 12.838200 25.724900 
262 1 5.854380 10.973700 15.478200 
1801 1 2.330970 6.177280 23.918000 
1940 2 2.637850 12.955800 22.711000 
461 1 7.159150 7.741390 25.537400 
1598 1 2.797800 2.644590 17.065200 
1238 1 5.235350 6.639670 14.166300 
183 2 2.697390 5.131460 25.385400 
1450 1 2.436840 0.480394 24.609700 
1797 1 0.217814 3.221280 21.585300 
1872 2 12.461800 12.007000 25.097000 
278 1 4.617680 8.138280 17.508200 
1762 1 3.985870 4.526870 20.964900 
186 1 3.966870 4.693040 24.062300 
363 2 3.508120 1.223830 22.301800 
1372 2 12.742100 11.256900 13.359900 
1854 1 7.824940 4.287240 18.543300 
1227 2 11.185100 1.134140 24.609700 
216 2 9.850560 9.195410 22.935300 
1796 2 0.376582 2.851360 21.348000 
1961 1 6.222700 0.477571 25.259600 
943 2 12.836700 10.382500 22.275900 
1082 1 10.974800 2.675170 18.973400 
164 2 6.714580 0.932181 24.591000 
289 1 6.725110 3.763930 14.216700 
1228 2 11.183400 1.441360 24.771000 
161 1 6.092440 1.071070 23.818700 
1696 2 10.404900 11.674400 17.810600 
280 2 5.351690 8.568110 17.407100 
696 2 12.484100 12.756800 20.110200 
1073 1 11.082200 8.916170 20.268400 
140 2 2.358080 12.949800 22.461700 
1871 2 12.833200 12.121900 25.595400 
264 2 5.200320 11.362500 15.100400 
220 2 9.298420 1.192410 15.295700 
1984 2 2.994680 5.631160 25.134400 
462 1 6.063070 8.329130 24.699500 
1963 2 6.524370 0.855086 24.339700 
1066 1 12.118200 5.828040 15.483100 
349 1 6.528350 9.590850 21.914900 
437 1 1.039310 9.129200 17.065400 
1964 2 6.754220 0.712141 24.348800 
530 1 1.242630 7.485110 13.736600 
1618 1 2.661760 4.187100 16.331400 
364 2 3.413740 1.192100 22.258900 
1764 2 3.710290 4.242490 20.565200 
890 1 2.956110 6.147840 18.626900 
387 2 12.664900 3.319560 21.860900 
213 1 9.293360 9.643800 23.436700 
1226 1 11.073900 1.413090 23.809700 
1083 2 11.327800 2.720490 18.647000 
215 2 9.454370 9.513460 22.997000 
463 2 6.782260 7.915260 24.928500 
1174 1 9.283990 11.618600 15.274700 
932 2 7.587640 10.605100 18.384900 
1693 1 10.793700 11.849000 17.789700 
1939 2 2.463900 13.213900 22.618800 
944 2 12.730500 10.592000 22.184200 
1695 2 10.164100 11.708500 17.760900 
412 2 9.794410 1.859090 22.076500 
892 2 2.523370 6.686520 18.530600 
1175 2 8.898280 11.848000 14.600100 
1044 2 3.421150 11.700600 19.075600 
765 1 9.123670 12.867000 21.377500 
672 2 11.180300 7.988530 13.470000 
353 1 2.325610 1.092090 18.654800 
1273 1 11.488500 3.894890 26.050100 
695 2 12.732100 12.838500 20.176900 
1071 2 0.600961 12.648900 25.924400 
1962 1 7.001420 1.878390 24.737400 
1237 1 4.569850 5.563740 14.576800 
457 1 11.668600 7.982070 24.761900 
414 1 13.217100 2.899140 14.685200 
1937 1 2.644300 12.086200 22.307500 
631 2 13.093800 6.902840 21.978600 
75 2 1.405260 10.567700 13.370600 
1982 1 13.155900 3.100210 22.035300 
941 1 13.279400 10.316300 22.050100 
630 1 12.690300 7.242220 22.075500 
208 2 1.538740 0.131524 14.911500 
1326 1 12.706500 0.051135 18.141900 
206 1 0.817131 0.161482 14.996300 
207 2 1.363000 0.296540 15.029700 
1162 1 12.701700 0.216422 20.377400 
1161 1 11.591700 0.214558 21.101300 
1164 2 11.978700 0.296778 20.732900 
1370 1 11.931200 10.817900 13.311300 
670 1 11.804400 7.783600 13.556100 
669 1 10.560900 8.201300 13.322900 
169 1 1.875070 22.881900 12.970100 
949 1 6.456550 18.905900 1.792030 
1191 2 9.321570 16.817500 2.395160 
1321 1 8.242380 19.778400 4.291420 
224 2 1.716970 25.174500 10.937500 
816 2 12.353300 22.687900 11.426000 
740 2 10.098500 15.790400 10.815600 
1646 1 3.855980 17.659300 0.781383 
855 2 0.779578 24.702600 6.857700 
338 1 4.388510 24.348400 3.511790 
1510 1 10.938400 15.003000 7.087340 
1180 2 12.896100 20.957900 7.692510 
1956 2 3.196720 17.846300 8.013770 
395 2 9.048060 24.634400 13.041000 
1446 1 0.153649 15.924000 2.550300 
1179 2 13.058200 21.095100 7.690770 
739 2 9.914470 15.772700 10.509800 
990 1 3.778530 25.638200 7.918230 
726 1 5.890920 14.039000 9.230580 
156 2 3.326990 17.844600 8.162810 
269 1 6.937890 26.282800 8.120170 
847 2 0.947059 19.325500 10.399500 
1888 2 0.163051 14.295200 5.667390 
1556 2 2.006810 14.597000 11.073300 
165 1 1.291650 25.629800 3.370250 
822 1 10.495400 14.200300 4.453020 
588 2 11.214300 26.148400 5.747860 
221 1 1.053880 25.402600 10.855900 
814 1 11.726800 23.003500 11.408700 
577 1 11.558900 19.744800 4.388980 
1648 2 3.682800 17.011800 1.285350 
564 2 9.219070 20.733400 9.621480 
303 2 8.532130 20.028900 12.832000 
1008 2 10.118000 22.777900 2.802780 
763 2 7.912820 24.894100 5.175780 
1169 1 3.023420 21.901400 9.772590 
762 1 7.833330 24.777300 5.988360 
991 2 3.464260 25.710500 8.426230 
1649 1 1.187300 17.896900 4.564400 
1361 1 6.815550 19.752500 7.272250 
314 1 5.740770 18.195800 4.501880 
1350 1 6.795120 18.204700 9.777250 
340 2 3.819400 24.024200 2.954570 
881 1 9.887060 22.358000 6.938790 
1335 2 10.450400 25.256900 8.891060 
1553 1 2.350140 14.984600 11.267200 
473 1 6.913080 23.480000 9.560640 
1965 1 0.395694 25.871900 1.817580 
994 1 12.777300 23.351800 10.201400 
1322 1 8.551440 18.686700 4.696550 
846 1 1.184520 20.085300 10.433000 
865 1 12.208100 16.826600 3.317600 
853 1 1.531080 24.969500 7.002880 
1094 1 4.252840 17.378800 12.030100 
1192 2 9.111370 16.860800 2.560210 
856 2 0.729489 24.556300 6.588580 
586 1 10.826500 25.585400 5.485470 
1093 1 4.684930 18.681700 11.948900 
578 1 12.135200 19.720700 3.138740 
1005 1 10.598400 23.260000 3.023500 
1301 1 3.551110 20.320100 2.546370 
806 1 3.456770 14.575100 3.448370 
266 1 4.117010 14.176100 13.122800 
1123 2 6.531760 21.767600 3.595350 
1953 1 3.299450 17.818600 9.100820 
62 1 8.760850 13.296400 8.058870 
1304 2 4.051560 20.560200 1.878770 
648 2 6.905400 13.463300 6.288450 
1509 1 11.181400 16.260500 8.089570 
1863 2 9.103880 13.461900 8.728270 
681 1 3.920670 14.268400 0.490968 
761 1 7.786500 24.658300 4.558540 
82 1 3.412480 20.736700 5.028340 
1818 1 5.988240 26.082600 11.611400 
808 2 3.479640 15.044300 3.910330 
563 2 9.245500 20.891600 9.541990 
753 1 6.665250 14.640300 2.463960 
1334 1 9.930050 25.022700 8.146530 
1121 1 5.764600 21.492600 3.774930 
1189 1 9.464110 16.750500 1.657960 
545 1 7.820840 17.260900 6.587000 
110 1 3.354840 14.367500 7.328700 
1704 2 10.456400 14.452500 0.633709 
315 2 5.054160 18.218600 4.229760 
484 2 4.868320 23.258100 6.847930 
1477 1 6.729480 15.141200 0.484700 
770 1 5.915470 21.300300 10.997000 
145 1 6.225500 23.257400 1.039370 
1302 1 4.198980 20.439000 1.522710 
1703 2 10.509700 14.187400 0.383768 
562 1 9.465460 20.147500 9.515710 
769 1 5.127090 20.632600 10.140400 
1124 2 6.226330 21.958300 3.498720 
989 1 2.950060 25.568500 9.250750 
1926 1 0.137615 21.467900 2.674360 
1141 1 12.082300 22.652300 4.762530 
772 2 5.488940 20.950400 10.796600 
867 2 12.364500 16.084200 3.040570 
337 1 3.297160 23.821800 2.523790 
394 1 8.702100 24.326100 13.124400 
1007 2 10.108400 22.614400 2.557060 
339 2 3.910190 23.886300 3.205520 
1363 2 6.296060 20.424300 7.358070 
1645 1 3.445560 16.515700 1.540760 
1362 1 5.959920 20.817900 7.278020 
1351 2 7.219340 17.627800 9.862980 
313 1 4.447870 18.169500 4.032110 
1650 1 1.666440 16.848500 5.018860 
1835 2 5.469590 26.462100 11.840300 
357 1 12.343700 18.528300 10.637600 
1552 2 10.254800 18.807200 7.222920 
167 2 0.036861 25.874900 3.284740 
914 1 6.964870 13.552600 11.986900 
848 2 0.980236 19.061800 10.746300 
1887 2 0.414119 14.298000 5.390920 
112 2 3.271580 13.700200 7.565640 
546 1 6.845610 16.664800 7.143360 
153 1 4.274830 17.353800 8.141090 
1190 1 9.274700 16.877700 2.949860 
794 1 12.562300 21.517200 10.819100 
815 2 12.222000 22.625200 11.515500 
360 2 13.040400 18.365800 9.995370 
1857 1 0.977180 19.231300 1.458280 
952 2 6.642200 19.315900 1.434750 
1512 2 11.068800 15.987300 7.893820 
728 2 5.961480 14.391400 9.689890 
561 1 9.109020 21.485900 9.785400 
845 1 0.794587 18.767500 10.753400 
1323 2 8.528480 19.040500 4.645600 
737 1 9.877580 15.795700 11.224200 
1549 1 10.217700 19.404500 7.197220 
1014 1 10.876100 20.082600 0.205918 
1928 2 0.582236 21.721000 2.228720 
1349 1 7.841390 17.412100 9.734990 
771 2 5.534590 20.919600 10.561100 
579 2 12.004800 19.588700 3.898380 
1171 2 2.421430 22.051400 9.401710 
64 2 9.059780 13.333500 8.594150 
1172 2 2.502980 21.836100 9.458050 
481 1 4.634130 22.873300 6.397820 
1144 2 12.599300 22.943200 4.737770 
1142 1 13.213500 23.073700 4.566540 
1881 1 1.840110 20.758500 4.974970 
1352 2 7.326310 17.869200 9.816210 
1883 2 2.691540 21.393700 5.163150 
1364 2 6.187810 20.398300 7.303620 
587 2 11.205900 26.036700 5.746350 
548 2 7.473600 17.185800 6.831980 
684 2 3.233250 14.043600 0.264163 
805 1 3.704570 15.200600 4.523630 
995 2 12.282400 22.321000 11.401900 
913 1 8.185780 13.682400 12.746000 
951 2 6.924340 19.368300 1.472480 
84 2 2.661930 21.320000 4.916780 
1954 1 3.221050 18.577400 7.465370 
1447 2 0.066832 15.497200 1.994450 
993 1 13.020700 22.568800 12.264200 
1143 2 12.710900 22.934800 4.749330 
1551 2 10.196800 18.972900 7.191620 
882 1 9.023520 22.389900 5.768910 
992 2 3.459610 25.617900 8.360880 
1511 2 11.054100 15.617000 7.494800 
1333 1 10.592700 25.279300 9.272070 
147 2 6.426390 23.985800 0.231374 
393 1 9.500870 25.324000 12.871700 
738 1 10.064600 15.798600 9.913650 
1955 2 3.162200 17.659900 7.979390 
755 2 6.949330 14.572800 3.089590 
316 2 5.029970 18.120100 4.126700 
482 1 5.199630 23.678500 7.465420 
1651 2 1.310150 17.349100 4.539160 
1006 1 9.905030 22.306700 2.237850 
1555 2 2.122740 14.660400 11.156700 
483 2 5.004780 23.314700 6.973780 
1550 1 10.138600 18.260700 7.303210 
884 2 9.530560 22.306400 6.489410 
1037 1 11.459200 13.623700 10.362000 
1998 1 7.677680 24.396200 10.278300 
1324 2 8.547840 19.138800 4.469460 
1652 2 1.381640 17.268000 4.935380 
807 2 3.568190 14.721900 3.987470 
155 2 3.531610 17.679000 7.926300 
1606 1 7.973600 26.478600 3.115360 
854 1 0.286195 24.321300 6.546190 
883 2 9.539160 22.444500 6.272680 
547 2 7.107990 16.779100 6.809380 
358 1 13.279400 18.715200 9.567860 
158 1 2.587930 17.376600 7.733750 
1303 2 3.749560 20.282200 1.975930 
996 2 12.557500 22.798700 10.930200 
1882 1 2.313720 22.066500 5.721720 
754 1 7.105300 14.306200 3.524400 
1170 1 1.909270 22.235800 8.826600 
1122 1 6.869730 22.228700 3.352850 
1095 2 4.365640 17.909900 11.786600 
647 2 6.677280 13.305200 6.130050 
1168 2 13.198100 18.594300 0.557345 
1884 2 2.520050 21.254900 4.965630 
396 2 8.702680 25.111000 12.845200 
83 2 2.417140 21.111700 5.001290 
580 2 11.803200 19.706800 3.704840 
359 2 12.629100 18.663900 10.110400 
823 2 9.912870 14.616500 4.807600 
1096 2 4.458580 17.995000 12.031900 
1166 1 13.167700 17.710800 1.073080 
1862 1 9.040140 13.733900 9.491720 
915 2 7.740990 13.509400 12.228300 
476 2 7.176210 24.006500 9.915240 
81 1 2.738080 21.917900 3.862050 
756 2 6.779570 14.413500 3.068850 
223 2 1.742880 25.050900 10.719800 
824 2 10.042200 14.691200 4.917660 
950 1 7.022200 19.681700 1.124700 
866 1 12.029000 15.480400 3.142640 
111 2 3.235950 13.471200 7.365120 
1554 1 1.579440 14.140700 10.627400 
304 2 8.364520 20.212400 13.037600 
475 2 7.483280 23.696400 9.823950 
725 1 5.702970 14.946900 10.283800 
168 2 0.370166 25.755700 2.857640 
148 2 6.420930 23.559300 0.561548 
1647 2 3.621770 17.308600 1.137270 
205 1 2.388920 24.956200 11.018200 
1885 1 0.835247 13.519400 4.714010 
1701 1 10.849400 14.728500 1.057420 
1860 2 0.921013 19.044000 1.464340 
916 2 7.476800 13.556600 12.419600 
1336 2 10.363000 25.008800 8.703720 
764 2 7.884510 24.801800 5.542830 
785 1 7.661000 17.223100 12.525600 
1886 1 0.163960 14.426000 5.991350 
868 2 12.021900 16.328800 3.028590 
821 1 9.734320 15.005100 5.314810 
282 1 0.390270 16.197800 9.219010 
727 2 5.790540 14.464700 9.913920 
1967 2 0.497047 25.808900 2.754860 
1925 1 0.848908 22.039500 1.779080 
1927 2 0.504341 21.787200 1.981650 
646 1 7.414370 13.733600 5.826270 
1968 2 0.069804 25.850100 3.229740 
1178 1 12.282500 21.354900 7.948890 
302 1 8.783680 20.422100 12.371300 
683 2 3.449270 14.173300 0.236654 
501 1 3.281700 22.872200 0.219099 
1480 2 6.917290 15.144600 0.201737 
504 2 2.842260 23.358500 0.136810 
129 1 9.524990 24.171100 22.690800 
496 2 11.749400 17.014900 24.601300 
132 2 9.816640 24.662400 22.516300 
1994 1 2.273480 20.362900 19.265600 
782 1 5.767340 19.905600 25.424200 
655 2 9.357110 16.924900 16.161000 
469 1 6.754890 21.088900 17.436500 
701 1 0.355984 20.672100 24.325900 
781 1 3.872130 19.935000 25.127400 
947 2 3.216790 17.119500 22.428200 
964 2 11.872400 15.881000 17.855600 
558 1 12.885600 15.083500 22.965600 
1479 2 7.150260 14.763100 26.469600 
1950 1 3.072710 16.433600 19.203200 
1972 2 2.436130 22.568600 13.961600 
966 1 9.522180 21.171000 15.967700 
783 2 4.663750 20.215900 24.851700 
1910 1 2.999710 20.426600 22.088000 
875 2 9.765770 20.143400 22.637400 
939 2 10.980800 15.907600 21.040900 
1325 1 12.691200 25.415600 17.349700 
1080 2 9.258850 25.232000 26.020200 
573 1 5.430980 14.459200 20.072800 
1388 2 10.979300 14.798100 14.163600 
945 1 3.164740 17.483600 22.894200 
454 1 1.978790 13.927600 16.474500 
733 1 4.783350 17.718700 16.109100 
1521 1 11.973800 22.621500 22.439500 
13 1 2.658880 18.816400 18.206700 
1208 2 11.380600 14.709300 14.516000 
1452 2 2.070090 26.397400 25.042000 
1375 2 11.269600 18.243400 13.581300 
1016 2 10.262600 20.531800 26.358000 
801 1 13.201400 24.285800 25.915400 
325 1 6.700270 20.492000 20.458600 
326 1 5.823120 21.472900 20.754700 
327 2 5.984010 21.066100 20.798300 
328 2 6.397570 20.726600 20.723600 
786 1 7.344890 16.668400 13.779300 
924 2 8.045900 22.481600 24.312800 
288 2 0.251494 16.203000 25.024600 
1286 1 8.952750 17.988500 24.856200 
1288 2 8.044400 17.973200 25.328600 
1815 2 1.946600 17.974900 14.263000 
1702 1 10.348500 13.894700 26.485800 
1089 1 9.532690 24.133100 16.487200 
172 2 2.183430 22.454800 14.316300 
1401 1 2.488530 25.081700 17.681300 
512 2 6.684130 26.238400 21.373000 
16 2 2.387410 19.994900 17.824200 
1715 2 13.094200 18.334700 19.735800 
171 2 2.214050 22.688300 13.869500 
1911 2 2.356940 20.496400 21.746200 
386 1 5.349130 24.461000 16.180600 
194 1 3.119200 20.520000 17.493400 
921 1 7.214280 22.289100 24.814900 
265 1 4.706570 15.317700 13.373000 
1342 1 8.196520 15.364500 23.084900 
131 2 9.949950 25.063300 22.671600 
1344 2 8.817450 15.007400 23.363900 
1714 1 12.651200 17.755700 19.895200 
1813 1 1.942280 18.402300 14.536700 
137 1 2.434120 13.612200 21.730400 
730 1 9.112750 14.596200 18.293800 
1053 1 13.117700 18.705300 16.867200 
885 1 5.252120 19.477700 14.420400 
1970 1 2.285760 21.266400 14.039000 
876 2 9.800940 20.203500 22.219000 
874 1 9.046340 20.658900 22.466500 
969 1 5.560260 23.113700 13.840400 
1376 2 11.353800 18.501300 13.559400 
1207 2 11.183400 14.330600 14.145900 
803 2 12.545800 23.764600 25.225100 
938 1 11.175100 15.363700 20.560600 
712 2 5.911910 17.851600 18.986800 
1811 2 5.212770 25.618300 16.340400 
1339 2 6.956180 13.904300 16.102200 
1809 1 6.036540 25.476700 14.687200 
1810 1 6.293560 26.196800 16.682300 
788 2 7.522580 16.840000 13.292200 
1090 1 8.282650 23.970500 17.057700 
940 2 10.964100 15.832400 21.300000 
731 2 8.837110 14.823000 18.992300 
1343 2 8.774120 14.924400 23.692400 
1052 2 8.924840 23.080800 19.583800 
873 1 10.453300 19.994200 22.498600 
656 2 9.313340 17.081600 16.115200 
1990 1 4.742390 25.995900 16.367100 
970 1 6.776400 23.149200 13.631400 
784 2 5.095500 20.451700 24.500400 
566 1 0.000048 25.134100 20.572200 
130 1 10.184200 25.339400 22.350800 
493 1 11.376400 16.797200 24.185600 
1912 2 2.330110 20.862300 22.028500 
937 1 10.721800 16.041500 21.588100 
1013 1 10.130300 20.690000 25.759800 
453 1 3.027340 14.576700 15.561400 
1449 1 1.664770 26.081900 25.297400 
961 1 12.661600 15.868900 17.405100 
804 2 12.418500 23.485900 25.484600 
888 2 5.372350 20.018600 14.129200 
1522 1 12.701000 23.054000 21.448200 
711 2 6.084010 17.807500 19.032500 
971 2 6.273360 23.089100 13.602000 
935 2 9.766960 19.196100 18.887900 
345 1 9.913550 26.352600 19.204500 
1328 2 12.749800 26.107800 17.653300 
494 1 12.246800 17.191600 25.216800 
575 2 5.842350 14.203400 20.573200 
576 2 5.681680 14.469300 20.459600 
193 1 0.914430 19.396200 18.478200 
195 2 2.093690 19.872900 17.763400 
703 2 0.609455 21.067700 24.780900 
962 1 11.498700 15.518300 18.200000 
1952 2 2.550780 16.081300 19.334500 
472 2 6.586920 21.007500 16.985500 
628 2 1.266270 23.947000 21.963300 
948 2 3.179220 17.154500 22.677500 
654 1 9.047840 16.488800 15.484600 
734 1 3.891310 16.631600 15.826700 
574 1 6.215140 13.989000 21.049600 
1991 2 5.549450 25.405800 15.967400 
968 2 10.095000 21.121000 15.495000 
1205 1 11.181900 14.536700 15.328100 
1564 2 4.903720 24.076100 23.443600 
1716 2 13.125000 18.240700 19.698400 
625 1 1.333950 23.579100 21.310800 
653 1 9.813040 17.343700 16.424500 
510 1 6.784810 26.522600 21.694700 
1814 1 1.959080 17.363400 13.905600 
1373 1 12.076900 18.287700 13.575100 
736 2 4.283940 17.127700 16.016300 
15 2 1.991050 19.874100 17.943100 
957 1 11.385500 21.988800 17.596500 
965 1 10.536100 21.228900 15.056100 
923 2 7.722880 22.405400 24.234700 
347 2 9.411120 26.079700 19.151800 
1583 2 2.155000 24.663000 18.046600 
301 1 8.318740 19.881000 13.570900 
1077 1 9.437490 25.270200 26.558000 
1341 1 9.285040 14.926300 23.890800 
1101 1 4.621290 15.672400 24.000600 
981 1 11.280300 24.027600 25.551300 
946 1 3.476730 16.647500 21.921200 
1079 2 9.158050 25.085400 25.950400 
1102 1 5.832340 14.790200 23.981700 
1285 1 7.963410 17.832100 25.634100 
1092 2 8.856650 24.125400 16.768800 
14 1 1.355340 20.882800 17.557000 
495 2 11.732700 16.856100 24.692200 
982 1 12.679600 23.947100 24.340000 
1078 1 8.754370 24.871200 25.430500 
1992 2 5.507210 25.516700 15.996400 
1091 2 9.262850 24.050800 16.688900 
704 2 0.566857 21.192900 24.776400 
1478 1 7.194800 14.844000 25.752700 
603 2 4.339620 20.033200 24.952500 
934 1 10.034200 18.788600 18.461600 
348 2 9.497380 26.120800 19.053500 
1949 1 1.859530 15.863300 19.429300 
1338 1 7.341660 14.758700 16.903800 
735 2 4.441980 17.323600 16.108800 
627 2 1.015530 23.832700 21.856600 
1051 2 8.907270 23.056500 19.938800 
983 2 12.568800 23.787200 25.544800 
1969 1 1.761500 22.740600 15.244600 
972 2 6.103400 23.209300 13.869200 
1287 2 8.712720 18.007100 25.011400 
963 2 11.789500 15.600500 17.842300 
1812 2 5.470520 25.645000 16.175100 
286 1 1.187320 16.288500 24.991100 
732 2 8.815420 14.601900 19.194500 
958 1 12.139700 22.658500 18.676800 
127 2 7.291610 17.264100 21.893200 
502 1 2.566720 23.940100 26.390300 
1523 2 12.465400 22.851700 21.922200 
236 2 5.125150 23.499000 19.605500 
1524 2 12.386900 22.792200 21.755800 
126 1 7.799370 17.074800 21.138600 
922 1 8.206810 22.540700 24.273200 
1995 2 1.786870 19.979100 18.335900 
1909 1 1.908150 20.970400 21.882300 
233 1 4.592800 24.102400 18.850300 
1206 1 11.128100 13.546500 13.737900 
1015 2 10.349200 20.241900 26.295600 
626 1 1.099410 24.122400 22.508400 
1561 1 4.772150 23.573300 23.282800 
125 1 6.948160 17.588000 22.262500 
235 2 4.991390 23.751700 19.384800 
1103 2 5.347740 15.469600 23.974600 
1562 1 4.872140 24.838900 23.364200 
1951 2 2.858150 16.099500 19.249100 
1996 2 2.092700 19.765100 18.118100 
1104 2 5.493690 15.210600 24.045500 
1340 2 6.942030 14.397500 16.366600 
455 2 2.505670 14.278300 15.834700 
709 1 5.966410 18.279200 19.060300 
1563 2 4.714430 24.135800 23.448200 
128 2 7.522140 17.187300 21.529200 
1582 1 1.982180 24.283700 18.477500 
1404 2 2.270960 24.609500 18.264500 
933 1 9.407780 19.399200 19.435700 
509 1 6.474640 25.761600 20.748700 
471 2 6.658260 20.805300 16.981600 
1971 2 2.374670 22.422500 13.975600 
887 2 5.246840 19.947400 14.179100 
1050 1 8.554110 22.978400 20.200500 
710 1 6.147200 16.903100 19.192900 
729 1 8.555620 14.769100 19.492600 
886 1 5.408870 20.704200 13.833600 
702 1 1.003310 21.662300 25.195000 
170 1 3.192370 22.754500 14.334300 
601 1 4.752170 19.922500 23.680000 
1327 2 12.820200 25.955100 17.516400 
470 1 6.058720 20.377400 16.195200 
960 2 11.949500 22.562300 18.301100 
604 2 4.891260 20.331600 24.594500 
287 2 0.472885 16.148500 24.794500 
196 2 2.025740 19.564100 18.048000 
1049 1 9.420390 23.048600 19.335100 
602 1 4.835990 21.248400 24.471700 
936 2 9.595190 19.190600 19.142900 
967 2 10.053700 21.297100 15.523000 
234 1 5.347250 23.602200 19.885600 
1993 1 1.975110 19.033400 16.610000 
959 2 11.863700 22.495900 18.049800 
346 1 8.736580 25.507100 18.856300 
456 2 2.538630 14.253200 16.094300 
802 1 12.557700 22.807300 25.580600 
511 2 6.645220 25.939200 21.183200 
1386 1 11.414600 15.339700 13.730700 
1816 2 1.902020 18.009100 14.148600 
984 2 12.566300 23.716700 25.395500 
1337 1 6.499050 13.893100 15.957100 
682 1 2.680900 13.783500 26.423500 
146 1 6.343360 24.103500 26.514300 
1374 1 10.714800 18.659700 13.533300 
503 2 2.859090 23.502200 26.469400 
787 2 7.544180 16.947000 13.320000 
268 2 4.380410 14.888400 13.283300 
267 2 4.374490 14.858000 13.317900 
49 1 25.451100 7.840350 12.045500 
22 1 23.980400 11.188200 1.702580 
1494 1 22.687000 6.389580 3.350540 
1264 2 21.729900 10.821700 3.386170 
1461 1 13.843500 11.482300 8.078350 
1493 1 23.228000 5.197970 3.850160 
1258 1 18.706100 9.421980 5.479330 
402 1 14.376500 10.205500 3.616100 
1740 2 23.740500 10.332100 9.290860 
688 2 18.586900 6.846290 6.406400 
1221 1 26.386000 7.241440 4.708280 
1260 2 18.855100 9.102490 4.476900 
1747 2 21.165400 11.088500 6.514030 
1408 2 15.960300 6.339950 4.243030 
1774 1 22.418400 0.719694 0.802376 
1775 2 22.788500 0.549210 0.320649 
979 2 14.610400 4.463920 10.022400 
1610 1 20.187400 6.242170 3.531860 
1026 1 14.285000 1.628780 0.162578 
581 1 14.780300 9.099820 4.530440 
1383 2 16.949000 1.027480 3.407930 
551 2 24.907600 12.744200 11.281100 
1203 2 16.892900 1.621360 3.421480 
1263 2 21.470300 11.173300 3.496430 
1622 1 19.859600 2.394890 5.775810 
1001 1 15.778300 1.521090 3.334190 
1611 2 19.770300 6.183050 3.241690 
839 2 16.608400 4.102290 6.640870 
51 2 24.877200 8.088920 11.864200 
373 1 14.705300 1.337770 10.308000 
1315 2 17.426700 6.549030 9.817180 
717 1 18.865000 9.800380 11.240000 
616 2 17.093900 0.221284 7.857630 
1413 1 17.841700 8.644470 0.765844 
706 1 22.959300 4.835790 9.691930 
1698 1 13.710300 2.880830 4.693700 
1224 2 25.795900 7.116570 4.917260 
1454 1 22.836200 3.607230 6.823360 
977 1 14.702200 4.042340 9.855950 
1902 1 25.600900 10.434500 4.958740 
50 1 24.308300 8.463790 11.799500 
1831 2 22.821200 1.736870 3.544930 
1864 2 25.885400 3.099590 3.127160 
621 1 17.393000 10.164800 7.445810 
1262 1 21.575900 10.654900 4.346630 
1474 1 20.916500 7.856770 11.393200 
1032 2 24.583800 0.678674 6.418790 
1414 1 17.355200 7.244110 1.021210 
1892 2 26.260100 4.232880 6.246890 
1314 1 17.741600 6.973110 10.211100 
1249 1 17.776600 12.774000 5.950090 
1903 2 25.836300 10.604600 5.779800 
41 1 24.513500 10.213900 0.195232 
552 2 25.059600 12.732600 11.455800 
685 1 18.420000 7.110760 5.758340 
1463 2 14.268600 11.855300 8.190450 
1490 1 19.622500 4.698050 11.680700 
1843 2 25.862200 3.279750 3.057300 
374 1 13.960000 0.231738 10.384700 
550 1 24.991200 12.703600 11.995600 
1842 1 24.095900 9.420470 1.533270 
1745 1 20.652700 11.753700 6.318310 
687 2 18.541400 6.579360 6.513780 
275 2 22.673600 1.840050 10.175800 
1844 2 24.250000 10.446800 1.307780 
720 2 18.365200 10.353900 11.090300 
1406 1 15.969400 6.306460 3.646590 
403 2 14.969400 10.192700 4.672770 
121 1 24.996300 11.160200 6.942550 
487 2 14.969000 7.962910 7.705450 
1156 2 15.697900 12.534200 12.130200 
1035 2 13.751300 1.623210 7.136680 
1316 2 17.266000 6.350580 9.844630 
1261 1 21.565800 10.972400 2.958290 
1251 2 17.974000 12.738800 5.584520 
1048 2 17.215400 11.017800 1.778750 
1222 1 24.973400 6.846590 5.003970 
1612 2 19.507400 6.064780 3.303550 
298 1 14.031900 9.758380 10.801400 
103 2 25.775300 10.778300 6.009700 
1588 2 21.412900 7.148090 0.892264 
424 2 19.393700 3.943540 8.277310 
299 2 13.655600 9.594490 10.703000 
1739 2 23.804000 10.214800 9.058190 
1204 2 16.794100 1.501440 3.731710 
1639 2 22.275000 3.631110 1.140860 
1621 1 20.227100 3.202470 4.886730 
1029 1 24.520300 1.120000 6.415080 
1154 1 16.188700 12.111400 12.657500 
852 2 19.857300 0.406033 11.045500 
1034 1 13.293600 1.659760 7.023740 
1459 2 25.316500 7.685030 8.462060 
1658 1 17.775200 9.040070 13.204900 
375 2 14.352900 0.963725 10.272500 
300 2 13.612200 9.494020 10.712800 
1700 2 13.518500 2.904270 4.260660 
1776 2 22.842500 0.719802 0.155495 
1209 1 21.647100 7.490370 6.614180 
614 1 17.303200 0.849912 7.588100 
840 2 16.546100 3.907860 6.613500 
583 2 15.004100 9.940820 4.587320 
1250 1 17.903800 12.160000 4.733690 
978 1 13.791900 5.117850 10.376700 
718 1 18.068200 10.876900 10.973800 
622 1 18.201200 9.432200 8.130490 
624 2 17.740300 9.768930 7.627890 
376 2 14.102900 0.547133 10.506400 
1829 1 22.593100 2.222350 3.165850 
851 2 19.785400 0.330761 11.097900 
450 1 25.134500 6.058080 0.055485 
21 1 25.709500 3.096570 3.626790 
1587 2 21.718500 6.800380 1.007430 
773 1 21.275800 12.927300 1.507880 
166 1 26.546200 0.265603 3.545160 
1416 2 17.689900 7.941210 0.927431 
1384 2 16.891800 1.767120 3.431650 
1748 2 21.109100 10.965500 6.523850 
42 1 26.032800 3.074470 2.431520 
795 2 17.240600 0.668952 7.901420 
796 2 17.225700 0.231214 8.173830 
1832 2 23.005100 1.896560 3.627840 
1760 2 20.938400 12.562900 10.051500 
1405 1 15.907700 6.563630 5.098920 
1681 1 17.242100 13.055600 8.946710 
525 1 19.236000 0.144767 0.640289 
404 2 14.680800 10.327100 4.333180 
623 2 17.892100 9.874580 8.048650 
1637 1 21.741400 3.284180 0.449375 
582 1 16.085200 10.401900 4.353320 
719 2 18.336800 10.336500 11.091900 
1253 1 16.581600 2.956510 11.906300 
1252 2 17.962900 12.333400 5.292860 
1256 2 17.118500 3.130170 11.649800 
341 1 21.145600 0.973704 7.825430 
1495 2 22.854100 5.869400 3.528380 
1759 2 20.724600 12.240700 10.019100 
1475 2 20.967900 8.046500 10.710300 
1476 2 20.860500 8.083650 11.002200 
528 2 19.594900 0.530096 0.779393 
1746 1 21.253900 10.467800 6.599060 
273 1 22.881400 1.695630 9.545690 
486 1 14.131400 8.256110 7.594460 
1697 1 13.629600 2.909930 3.471880 
1699 2 13.672500 2.844490 3.975160 
1046 1 17.497100 11.844000 1.715660 
451 2 25.313200 6.280860 0.743459 
1586 1 21.802200 6.247700 1.156650 
274 1 22.563900 2.341900 10.648600 
1624 2 19.943900 2.642400 5.308560 
527 2 19.647000 0.435360 0.761089 
423 2 19.604400 3.992560 8.143380 
1255 2 17.113700 3.232900 11.421600 
837 1 17.311700 3.961240 6.231540 
1460 2 25.398400 7.809320 8.438170 
485 1 15.522100 7.875040 7.758790 
526 1 20.349500 0.791532 0.857126 
642 1 14.396900 7.397880 12.585400 
1234 1 24.866200 8.083630 8.345650 
1623 2 19.983100 2.799930 5.237870 
1126 1 16.704000 -0.017942 12.153900 
1212 2 22.130700 7.864560 6.496910 
1496 2 22.715900 5.720680 3.453950 
245 1 14.960100 4.631790 0.580559 
1904 2 25.814100 10.939300 6.179050 
1830 1 23.270400 1.647830 3.907170 
1415 2 17.844300 8.181270 0.958920 
1457 1 19.004800 8.812280 3.994170 
1211 2 21.998400 8.068970 6.449160 
343 2 21.181700 0.394569 7.675630 
1045 1 17.192700 10.535100 1.921130 
641 1 14.595800 5.864180 12.501500 
1033 1 14.563200 1.335100 7.545640 
1036 2 13.702700 1.296640 7.237360 
1491 2 19.899200 4.349630 11.335700 
1638 1 22.279600 3.949550 1.682480 
1640 2 21.927300 3.484870 1.230620 
584 2 14.779700 10.100500 4.326060 
452 2 25.403400 6.272940 1.067350 
344 2 21.122000 0.304125 7.537030 
421 1 18.836800 3.612830 8.144520 
643 2 14.350600 6.341150 12.679200 
94 1 26.056800 7.430600 8.826490 
1201 1 17.238000 2.322760 3.371660 
1453 1 22.899800 4.688200 6.338780 
101 1 26.413200 10.034600 6.542980 
1464 2 14.187900 11.718200 8.394180 
1492 2 19.944100 4.409000 11.388900 
1473 1 20.929400 8.222750 10.338200 
1455 2 22.904200 4.135830 6.628000 
449 1 25.380900 6.259450 1.415780 
1381 1 17.174900 1.260730 4.512410 
1223 2 25.510700 6.737380 5.029470 
1153 1 15.485800 12.775800 11.651800 
686 1 18.523900 6.468670 7.044180 
1259 2 18.743200 9.158340 4.755540 
1047 2 17.303800 11.351800 2.092340 
1738 1 24.041600 9.807030 9.587460 
1737 1 23.508100 10.513100 8.786070 
850 1 19.510700 1.078980 11.232500 
1585 1 21.518200 7.548600 0.696423 
1989 1 18.931500 6.328370 2.941580 
1407 2 16.062000 6.373730 4.284770 
1757 1 20.801500 12.101300 9.344870 
1313 1 16.671200 5.798270 9.921990 
248 2 15.429900 4.425330 1.110230 
1210 1 22.396100 8.665790 6.196070 
422 1 19.979900 4.261380 8.354760 
1254 1 17.545100 3.418110 11.107700 
95 2 22.852200 5.749380 9.618340 
276 2 22.712700 2.015530 10.092500 
247 2 15.439400 4.318170 0.966880 
1031 2 24.587500 0.546257 6.548170 
246 1 16.122000 4.025860 1.175190 
1456 2 22.895500 4.047540 6.640470 
901 1 14.595900 8.058350 1.593150 
104 2 25.543100 11.121900 6.198030 
1489 1 20.450300 3.890370 10.809500 
488 2 14.866000 8.205330 7.595050 
52 2 24.806100 8.133310 11.883100 
1462 1 14.663300 12.438700 8.665350 
96 2 22.835300 5.392800 9.639440 
838 1 16.046100 4.023820 6.840220 
173 1 21.189600 12.471700 10.875000 
793 1 18.106000 0.030670 8.460130 
93 1 22.791500 6.135840 9.425960 
615 2 17.246200 0.154968 7.645450 
1901 1 26.225200 11.725900 5.922630 
43 2 24.314100 10.336000 1.154970 
1891 2 26.356500 4.110380 6.423700 
44 2 24.048300 10.105500 1.092290 
980 2 14.314700 4.539000 10.154000 
549 1 25.129900 12.770000 10.709900 
237 1 16.435300 0.263273 8.604230 
1382 1 17.299500 0.658128 2.951420 
401 1 14.582900 10.594200 5.241430 
902 1 14.509500 6.742030 1.544750 
644 2 14.612400 6.482890 12.615000 
1155 2 16.037000 12.471000 12.076800 
904 2 14.505500 7.300230 1.755010 
903 2 14.551700 7.350170 1.386030 
705 1 25.672900 4.507770 6.403360 
1601 1 18.737800 4.258110 0.194597 
1660 2 17.615200 8.333520 13.130300 
1398 1 24.081600 4.599380 13.029900 
1709 1 24.427300 0.126107 12.983800 
1200 2 21.410000 0.114288 15.102300 
1838 1 20.311000 10.022600 17.994800 
1603 2 18.817300 3.915700 25.931700 
238 1 23.507300 5.919230 21.297900 
1151 2 16.605600 6.721850 24.568800 
1000 2 15.536000 2.168430 18.844000 
159 2 23.189800 6.429060 20.389100 
1296 2 15.288000 9.915320 25.764400 
309 1 14.559600 9.944840 19.582300 
1188 2 16.434700 2.892090 22.914100 
1979 2 22.190300 10.517100 13.743500 
1654 1 18.373700 11.608700 23.647900 
38 1 20.967300 8.564530 17.074400 
1977 1 23.035400 11.249800 13.755300 
909 1 16.171000 8.518110 18.221900 
1397 1 26.267700 1.705370 26.411900 
1157 1 16.477900 10.034700 21.799600 
813 1 16.407400 1.739950 19.330900 
1219 2 26.368700 1.813400 26.424500 
1520 2 20.307400 1.412090 18.942200 
678 1 19.570300 4.413330 21.255300 
1987 2 18.026400 0.790104 20.988400 
80 2 14.703700 12.824400 16.772500 
956 2 13.649300 4.826740 24.826800 
1160 2 16.175700 9.548170 22.593900 
1257 1 19.116300 3.623680 15.081200 
37 1 21.464100 8.974130 18.456200 
1295 2 15.278100 9.938820 25.628100 
680 2 19.224900 4.502070 21.667400 
312 2 14.015800 9.207620 19.225500 
1604 2 18.780300 3.722800 25.757300 
1827 2 23.302300 4.054130 24.180100 
1537 1 18.755900 7.760910 21.584100 
1692 2 17.386500 10.847700 19.423900 
900 2 19.023600 5.335750 17.863100 
1689 1 17.313000 11.375800 19.349200 
596 2 13.578000 1.823880 14.287700 
305 1 24.700300 7.279980 17.034500 
1781 1 18.325700 4.536310 24.777200 
1470 1 26.522700 5.896980 19.323300 
1957 1 23.247700 1.912160 21.078400 
1656 2 18.604200 11.471400 23.024500 
1805 1 18.388900 0.623051 20.559900 
1394 1 26.051400 1.756150 17.359100 
160 2 23.052200 5.932100 20.470700 
954 1 13.749700 3.895250 24.609500 
1293 1 14.910700 9.538070 25.528200 
1379 2 16.505900 13.244900 21.142900 
1232 2 14.661000 8.786150 14.637400 
594 1 13.302400 1.193880 14.712800 
1186 1 16.382000 2.786030 23.391100 
910 1 16.930500 7.722740 17.098300 
1779 2 26.470100 12.938400 18.638900 
1960 2 23.138900 6.099080 20.537700 
899 2 19.235800 5.589020 17.991400 
157 1 22.828100 5.288210 19.732400 
1022 1 23.132900 10.958000 24.847400 
40 2 20.474200 8.826810 17.647200 
1808 2 17.768400 0.608074 20.996800 
593 1 14.723500 2.269790 15.013900 
690 1 20.636700 8.316200 24.749600 
818 1 15.817900 1.891310 17.496900 
1641 1 23.701100 7.885230 24.252400 
1214 1 24.433000 0.711217 16.930300 
1310 1 14.134800 6.541680 18.863400 
465 1 25.197700 9.416060 22.050800 
1185 1 16.928200 2.877300 22.191200 
955 2 13.618400 4.574460 24.730300 
26 1 22.822700 5.045650 24.366000 
1220 2 23.866400 4.070910 13.345500 
1828 2 23.449900 4.112220 24.361500 
39 2 20.891500 8.960260 17.963800 
1837 1 19.827400 8.133430 18.330400 
479 2 23.946200 10.533200 18.544400 
1235 2 19.488300 3.375760 14.896300 
1538 1 19.608100 8.453870 21.102800 
1959 2 23.201200 2.082330 21.081500 
117 1 25.004900 6.698900 15.395600 
1655 2 18.627800 11.405700 22.948100 
692 2 20.412700 8.105430 24.073900 
1635 2 24.850200 0.190960 23.216300 
28 2 23.254100 4.307150 24.370000 
310 1 13.726700 9.000890 18.685000 
1532 2 17.994900 11.012100 15.288500 
1396 2 24.985400 1.596130 17.247400 
119 2 24.464700 7.413320 16.234800 
1877 1 14.092800 12.962500 17.435200 
1152 2 16.517300 6.856790 24.400700 
1513 1 25.894300 4.574070 18.393800 
433 1 17.589700 0.196375 15.079200 
1233 1 19.846800 2.666370 14.352300 
435 2 17.487000 0.883171 15.235200 
1839 2 20.427900 8.849870 17.905000 
1229 1 14.357000 9.131480 14.253400 
1642 1 24.961200 7.419110 24.137300 
1131 2 19.597800 13.166800 13.333300 
1893 1 26.103200 6.356170 21.276100 
825 1 17.190200 5.781640 19.744000 
1368 2 14.478600 0.460372 22.859800 
1267 2 21.955300 10.124400 21.828700 
239 2 16.647300 5.550550 15.032100 
1690 1 18.166500 10.082200 19.739000 
998 1 15.957800 3.331810 18.433900 
1230 1 14.785200 7.921960 15.102200 
468 2 25.644000 9.413630 21.968500 
1519 2 20.374100 1.477820 18.985100 
306 1 20.994400 12.617800 18.033100 
78 1 14.122000 13.203200 15.583000 
436 2 17.371000 0.809448 15.252900 
118 1 23.594500 7.583390 16.018100 
1531 2 17.928700 10.965400 15.400100 
1149 1 17.004300 7.014100 24.097000 
1023 2 23.344100 10.389800 24.657200 
1517 1 21.008300 12.319300 16.817800 
817 1 14.661800 2.320850 18.700400 
679 2 19.321000 4.598140 21.649000 
898 1 18.561100 5.642870 17.813700 
1516 2 20.800700 6.636740 14.061800 
308 2 21.013300 12.368600 17.354600 
819 2 15.577400 2.285490 18.492400 
1644 2 24.105000 7.645740 24.070800 
1311 2 13.579800 6.086900 18.435300 
1773 1 22.991600 0.749227 26.019900 
953 1 13.318100 5.266330 24.697200 
1758 1 19.999300 1.909110 19.054700 
467 2 25.828000 9.521390 21.751000 
1437 1 22.047800 3.906710 17.598300 
1215 2 24.750600 2.108710 17.298000 
120 2 24.581500 7.606870 16.062400 
25 1 24.213500 4.276590 23.607400 
1150 1 15.927800 6.495060 24.779100 
1780 2 26.423200 12.745200 18.969000 
27 2 23.341100 4.084850 24.532900 
1918 1 24.984400 8.846490 16.060600 
98 1 24.486500 12.566400 22.332100 
1290 1 16.134400 13.053100 24.831900 
1514 1 20.252400 6.495220 13.543700 
1770 1 21.281800 13.066500 24.194900 
1997 1 16.975000 5.238520 14.219500 
1365 1 14.351000 0.904256 23.098900 
677 1 18.653200 4.669210 22.296200 
826 1 16.072000 5.541700 20.505600 
1265 1 22.101400 10.760000 22.277300 
1268 2 21.837900 10.212100 21.659000 
1021 1 23.657100 9.858500 24.344900 
689 1 20.435400 7.939500 23.357900 
999 2 15.639800 2.454180 18.458000 
827 2 16.370000 5.704200 20.204200 
1024 2 23.498300 10.563900 24.521200 
217 1 16.539300 5.354970 15.560500 
1653 1 18.902400 11.188100 22.507900 
1400 2 23.848200 4.186990 13.567800 
1518 1 20.808500 0.620737 18.872600 
1158 1 16.076600 9.193010 22.999300 
1439 2 22.198900 4.415180 17.380400 
1879 2 14.634600 12.988000 16.513100 
1783 2 18.901500 3.967210 25.711400 
1367 2 14.436900 0.429756 22.876800 
1027 2 14.470900 1.053210 26.468200 
1917 1 21.330400 7.084280 14.160700 
1840 2 20.775400 8.844660 17.906100 
1602 1 19.612600 4.088230 25.575900 
1986 1 17.595400 0.453872 21.440600 
179 2 22.367400 10.440900 13.955900 
897 1 19.624500 5.381410 18.019100 
1769 1 20.107000 13.194200 24.114700 
1426 1 23.341800 10.662700 17.715400 
1539 2 19.096700 8.235790 21.379800 
478 1 24.032000 10.640500 19.051200 
1216 2 24.737200 1.738270 17.340700 
1187 2 16.683100 2.840070 22.897200 
1380 2 16.320100 13.132200 21.085300 
466 1 26.369800 9.575320 21.565600 
1395 2 24.706200 1.679760 17.564000 
1291 2 16.513700 13.142400 25.182500 
691 2 20.553100 7.895820 24.426100 
1826 1 23.793000 3.812010 25.219700 
1440 2 22.006100 4.307570 17.329300 
911 2 16.661000 8.176370 17.565900 
1540 2 19.389300 8.161450 21.126500 
415 2 13.591100 2.197070 14.475100 
1920 2 24.278200 7.462930 16.165000 
178 1 21.951400 10.258800 14.611200 
1236 2 19.398100 3.265260 14.528400 
180 2 22.389200 10.471800 13.593000 
1782 1 18.408800 2.761670 25.682700 
1530 1 18.153700 10.608000 15.899000 
1025 1 14.388000 0.476512 26.059500 
1213 1 24.645800 1.941670 18.179400 
1159 2 16.219000 9.464970 22.316800 
1294 1 15.495900 10.567000 25.840000 
1393 1 24.779400 2.912080 16.671300 
1643 2 24.397900 7.715850 24.318900 
1266 1 21.881100 9.671970 21.173500 
1629 1 20.345900 1.514900 22.135200 
1630 1 20.213600 1.961160 23.244300 
1631 2 20.189900 1.783040 22.688000 
1632 2 20.293300 1.598350 22.816100 
1825 1 22.580800 3.321590 24.029600 
912 2 16.391600 8.096820 17.641800 
1515 2 20.625500 6.586300 14.185400 
1919 2 24.686300 7.478590 16.070900 
1472 2 26.258800 5.160010 18.224300 
1869 1 13.379000 11.798700 25.686200 
311 2 14.041300 9.799590 19.295200 
1529 1 17.831600 11.116200 14.863200 
1399 2 23.720500 3.684810 13.488100 
1198 1 20.870000 0.097911 14.344700 
1471 2 26.148700 5.019630 18.273400 
820 2 15.667500 2.536760 18.147600 
240 2 16.630500 5.335370 14.900500 
1691 2 17.822800 10.877900 19.542700 
307 2 20.938300 12.306300 17.315400 
828 2 16.616900 5.807290 20.159700 
1245 1 17.488400 0.532436 24.044100 
1132 2 19.667400 13.122500 13.346900 
1784 2 19.039700 3.896190 25.715400 
1794 1 25.639000 12.835600 19.151800 
77 1 14.706300 11.605800 16.195900 
1438 1 22.104500 5.087820 16.943600 
113 1 25.200600 12.657100 15.713500 
480 2 23.743200 10.740600 18.579700 
1231 2 14.561200 8.489250 14.714900 
1880 2 14.500900 12.814400 16.257500 
416 2 13.700600 2.178480 14.082400 
1778 1 23.089400 7.062420 20.070900 
1018 1 23.196200 4.124410 14.429800 
79 2 14.509600 12.604900 16.337200 
629 1 13.794700 6.469680 21.780500 
1980 2 22.312700 10.597300 13.993800 
906 1 20.677100 10.339400 26.211400 
1978 1 21.185600 11.100600 13.293900 
632 2 13.441400 6.733730 21.769000 
595 2 13.577000 2.280980 14.224600 
1657 1 17.482800 7.681220 13.441800 
1633 1 25.308800 0.678342 22.562800 
1218 1 23.947300 3.041860 13.535000 
434 1 17.417500 1.406800 15.302300 
1197 1 21.946000 1.017250 15.726200 
1378 1 17.031100 12.968800 21.142400 
1312 2 13.571100 6.202590 18.588200 
1130 1 19.463200 12.938700 14.130500 
1020 2 21.306000 0.035169 15.489900 
1019 2 21.420600 0.103322 14.754600 
1914 1 23.631500 13.013800 15.155700 
1772 2 20.958100 13.231900 24.117500 
1916 2 24.741500 13.172900 15.050500 
1199 2 21.272000 0.128075 15.509200 
1771 2 20.690600 13.064500 23.937900 
1636 2 24.968300 0.139754 23.250100 
177 1 22.490700 9.671220 13.290000 
1659 2 17.492800 8.495790 13.255100 
1028 2 14.498200 0.976934 26.422300 
908 2 20.204600 10.920900 26.194600 
907 2 20.362000 10.849500 26.482000 
905 1 19.946000 11.436700 26.417700 
413 1 13.415800 2.091450 13.358500 
1594 1 23.446200 18.013100 9.456000 
849 1 20.202600 26.365900 10.745500 
1098 1 17.850300 15.240800 1.286900 
1627 2 14.066700 14.804500 0.519865 
1673 1 21.993300 24.158800 12.075700 
777 1 15.010400 19.115700 12.838500 
257 1 16.599000 16.750600 11.959700 
190 1 19.950700 23.169400 7.192380 
281 1 25.699000 15.254900 9.197870 
1686 1 14.488600 22.208000 1.417400 
334 1 24.279800 16.846300 6.319830 
1579 2 16.029700 19.916500 9.749050 
1942 1 24.063800 24.041600 4.535800 
776 2 21.182700 13.612600 1.769160 
505 1 24.607800 20.701800 0.586911 
1100 2 18.524400 15.195000 0.741882 
143 2 23.782300 23.127400 5.062290 
1930 1 22.922100 13.904100 3.820420 
1789 1 20.781400 21.280300 2.906340 
507 2 24.025000 21.413700 0.814435 
57 1 25.369900 25.401700 9.166360 
893 1 21.874400 15.816300 11.901700 
697 1 13.290400 14.616700 6.397240 
569 1 13.336500 24.902900 7.665030 
1674 1 21.989300 25.352500 11.824800 
1385 1 19.644900 23.732900 3.314330 
1483 2 15.632100 13.705500 2.902040 
1626 1 14.588400 14.800000 0.842864 
1060 2 20.868700 14.785100 6.851540 
1675 2 22.106000 24.846100 11.894100 
1127 2 16.298400 25.687100 12.377000 
1422 1 19.973300 26.443400 4.311470 
154 1 19.366100 16.235600 3.680650 
1848 2 22.755300 23.537300 8.745020 
1059 2 20.717500 14.703600 6.737370 
336 2 23.671900 16.598000 6.129950 
176 2 18.933700 15.713400 3.929860 
378 1 25.477800 22.800400 12.140000 
1011 2 15.922200 22.228800 12.670300 
1788 2 20.014900 18.547000 1.982610 
191 2 19.507100 22.990200 6.476320 
1165 1 13.444200 18.886100 0.373601 
72 2 13.750600 16.085000 12.313100 
752 2 16.192700 17.116700 2.811540 
1572 2 25.202800 19.978100 4.020110 
1723 2 17.071400 20.098800 2.332480 
1721 1 17.152900 19.835800 1.908760 
987 2 13.617800 25.664200 2.548210 
318 1 19.411500 22.672500 10.197400 
926 1 22.535200 19.063000 6.605900 
1347 2 21.024000 15.665700 9.744070 
1099 2 18.492600 15.261800 0.304891 
1012 2 15.778000 22.289100 12.572400 
774 1 21.170100 14.188300 1.840170 
1792 2 21.564400 21.043700 2.965470 
1128 2 16.474300 25.871900 12.384000 
570 1 14.359700 24.153200 8.349470 
333 1 23.030700 15.885500 5.867540 
259 2 17.003500 16.455100 11.322800 
1448 2 26.484100 15.208100 1.772790 
1731 2 18.426500 19.798100 12.294400 
1712 2 24.894600 26.238500 13.248700 
379 2 25.655700 22.898700 11.747000 
141 1 23.349900 22.540200 4.360730 
928 2 22.362500 19.588200 6.316520 
986 1 13.457400 25.008900 2.201100 
721 1 16.426600 24.317900 0.290403 
1546 1 22.510000 20.895100 10.200300 
1807 2 22.364000 24.164900 1.632370 
342 1 21.059200 26.501400 7.035090 
1423 2 20.645100 26.131600 4.596020 
1847 2 22.635200 23.600900 8.611470 
1664 2 19.528100 19.078100 9.026620 
1571 2 25.352600 19.754700 3.949730 
1753 1 16.926900 16.413200 7.381380 
1566 1 24.414800 19.517000 11.861600 
1444 2 15.875600 20.376800 5.750020 
380 2 25.597700 22.838300 11.523800 
1319 2 14.258700 14.599100 9.695260 
1684 2 17.061200 13.500700 8.377420 
283 2 26.472600 15.780700 9.025070 
174 1 18.780800 14.964400 4.034530 
317 1 19.709600 22.541500 11.555300 
1441 1 15.572600 20.932200 5.595190 
1687 2 14.076000 21.993700 2.179170 
1064 2 23.643500 17.448900 2.707330 
47 2 26.243800 16.024200 12.506600 
1846 1 22.751600 23.851000 8.311950 
144 2 23.991200 23.224600 5.024820 
1680 2 25.402200 25.602200 9.578160 
1443 2 16.311500 20.371600 5.806570 
1929 1 24.168100 14.512400 4.041530 
1806 1 22.065400 24.772600 1.803340 
1785 1 19.987200 19.048200 1.794350 
673 1 16.701900 22.605900 9.813540 
1358 1 23.462800 14.078300 8.832210 
833 1 15.669700 23.389600 6.069960 
367 2 19.339300 18.706000 5.263810 
1724 2 16.847500 20.170800 2.661110 
320 2 19.441500 22.744200 10.946000 
1565 1 23.659500 18.140400 12.043100 
1966 1 26.050800 24.965700 3.298190 
751 2 16.060600 16.997500 3.208600 
1320 2 14.217000 14.573500 9.754440 
1682 1 17.004400 14.000200 7.987820 
1548 2 22.694800 21.095900 9.744990 
1665 1 25.312700 17.665700 0.721495 
1593 1 22.825200 17.311300 8.777650 
1318 1 14.727600 14.273700 9.630190 
1359 2 23.769800 13.925900 8.236050 
10 1 20.492800 22.555200 5.839090 
1570 1 25.020600 20.398800 4.024800 
1584 2 18.846700 23.776900 2.849010 
1567 2 23.958500 18.861000 12.058200 
1677 1 25.369000 26.381900 9.919770 
985 1 13.683800 26.112600 2.809490 
368 2 19.301400 18.480700 5.252010 
1346 1 20.180500 16.082000 9.638830 
189 1 18.941300 21.923600 6.489620 
1596 2 23.261900 17.503100 9.094950 
222 1 20.004300 18.218800 5.409580 
175 2 19.179700 15.533900 3.953180 
1063 2 23.302900 17.325600 2.961780 
1428 2 25.927800 21.948700 8.309430 
1688 2 13.865500 21.898100 1.956060 
1581 1 18.462700 23.872000 2.394220 
1445 1 26.444700 15.103500 1.331790 
1756 2 16.530000 16.643900 7.757160 
1988 2 22.309400 24.031600 1.683180 
1943 2 24.216800 23.018700 4.774800 
1148 2 13.434000 17.948200 6.122630 
835 2 15.724300 23.885000 5.608250 
506 1 23.896900 21.770600 1.119380 
335 2 23.859400 16.412700 6.177960 
1425 1 26.091500 21.352200 8.132220 
1722 1 16.771000 20.362900 3.120890 
260 2 17.398400 16.320400 11.242800 
1145 1 13.456800 18.425900 5.270860 
9 1 19.159400 23.964500 5.752990 
1730 1 18.456900 19.124500 12.044400 
895 2 22.966700 15.279000 12.479500 
1941 1 23.724700 23.159900 5.922660 
12 2 19.706000 22.951300 6.298370 
1484 2 15.650100 13.801100 3.167890 
11 2 19.552300 22.734400 6.255400 
1580 2 15.933100 20.112300 9.689390 
1442 1 16.365400 19.711700 6.002520 
1129 1 19.838500 13.637700 12.642200 
1661 1 20.345500 19.118800 8.632350 
1177 1 13.486800 20.810300 7.406370 
377 1 25.805700 23.284000 10.929700 
749 1 15.774900 16.408000 3.084540 
1545 1 23.034500 21.556800 9.257570 
17 1 25.728700 22.618400 8.285320 
1931 2 23.589300 14.126300 3.879420 
1577 1 15.581100 19.846300 9.021470 
142 1 25.011000 22.627700 4.857010 
1360 2 23.737600 14.009700 8.417930 
572 2 14.017400 24.161500 7.985890 
1547 2 22.800800 21.176400 9.818250 
1578 1 16.128700 20.295300 10.234000 
1944 2 24.021000 23.077900 5.105340 
675 2 16.905800 23.177000 10.019200 
834 1 15.859500 24.223400 4.975830 
1685 1 13.632500 21.874800 2.423460 
1663 2 19.766400 19.151400 9.110220 
1481 1 15.313500 13.588000 2.431230 
1167 2 13.279500 18.293600 0.849809 
1790 1 21.873800 20.630100 3.247960 
1317 1 13.702200 15.082700 9.920370 
1662 1 18.966400 19.118100 9.424850 
1676 2 22.097400 24.644500 11.834800 
1061 1 23.988000 17.313600 3.422590 
1387 2 18.853100 23.913200 2.705940 
1729 1 18.294400 20.227200 12.502900 
1569 1 25.512200 19.125500 4.057410 
750 1 16.494000 17.814900 2.996670 
1010 1 15.832800 22.059300 13.205400 
1062 1 23.079000 17.568100 2.431950 
988 2 13.518700 25.276200 2.504540 
1424 2 20.508600 26.128900 4.406920 
1146 1 13.281600 17.709400 6.419820 
1487 2 25.806500 19.000000 7.599440 
925 1 22.540700 20.358100 5.624510 
1421 1 21.214200 25.895400 4.564100 
1486 1 25.736700 18.742000 8.350550 
1568 2 23.762700 18.684300 11.972000 
836 2 16.067000 23.839500 5.301400 
674 1 17.112000 23.609600 9.928270 
365 1 18.873800 19.037900 5.205020 
1147 2 13.483800 17.899900 5.860390 
192 2 19.692100 22.923100 6.072700 
775 2 21.189400 13.563700 1.594080 
676 2 16.771900 23.087500 9.759880 
1679 2 25.335000 25.971700 9.467870 
927 2 22.314200 19.421900 6.073200 
1485 1 25.543100 19.071000 7.047310 
722 1 15.728700 24.368200 1.546140 
700 2 14.134100 14.547500 6.230620 
319 2 19.644700 22.641300 10.679800 
1058 1 21.223200 14.724000 7.419320 
1787 2 19.888300 18.288000 1.928560 
1 1 22.500200 23.219400 9.416400 
1595 2 23.247300 17.625500 9.158520 
1786 1 19.761900 17.766100 1.889610 
698 1 14.616200 14.301400 6.235950 
71 2 13.720700 16.047400 12.331700 
896 2 22.514200 15.472400 12.181900 
1482 1 15.615300 13.908800 3.712220 
1125 1 15.867900 25.490200 12.374300 
1732 2 18.279600 19.484600 12.322900 
1791 2 21.348500 20.792100 3.234360 
1348 2 20.514500 15.869100 9.897500 
1345 1 21.260100 15.444600 9.877690 
1488 2 25.533800 18.820300 7.565450 
1009 1 15.920900 22.532300 11.965700 
508 2 24.074900 21.405800 0.922784 
894 1 23.325700 15.270300 12.330700 
1932 2 23.495700 14.047200 3.933440 
181 1 22.795100 23.446200 1.549460 
1755 2 16.850400 16.931000 7.610990 
1754 1 16.351300 17.205500 8.020010 
45 1 26.091200 16.582300 12.569800 
284 2 26.462500 15.877700 9.249850 
330 1 21.943500 16.932100 0.233826 
1711 2 24.904100 26.460500 13.121700 
699 2 13.944400 14.389600 6.397290 
1057 1 20.275700 14.887100 6.376560 
723 2 15.827200 24.127800 1.061880 
1427 2 25.857800 21.950900 8.249020 
46 1 26.416500 15.428300 12.290400 
258 1 17.663300 16.154300 10.864500 
613 1 16.982500 25.908900 7.008840 
1534 1 23.892200 13.524000 0.616072 
69 1 13.684500 16.670700 12.465700 
1357 1 23.971600 13.841000 7.722780 
724 2 16.107100 24.318200 0.838883 
1628 2 14.184600 14.980500 0.365167 
571 2 13.873400 24.592100 8.251370 
48 2 26.181800 15.984900 12.447500 
70 1 13.548800 15.409000 12.256000 
1030 1 24.840700 26.439400 6.639780 
1683 2 17.117900 13.561300 8.484070 
779 2 15.015500 18.946800 13.216200 
1182 1 18.898700 22.991300 0.108627 
1535 2 23.953800 13.569000 0.095002 
1667 2 25.014100 18.212600 0.080586 
1097 1 19.016300 15.057000 0.142742 
1110 1 20.884500 18.294000 13.253700 
1106 1 15.574700 16.848800 16.354900 
1392 2 15.538000 24.604000 16.133800 
797 1 16.164500 24.699400 19.252500 
100 2 24.540300 13.468900 22.695200 
1865 1 22.425900 20.626500 20.841400 
1109 1 21.306800 17.247400 13.828400 
556 2 13.354500 21.851500 15.021300 
618 1 14.623800 24.878500 19.662700 
1366 1 14.667400 26.432400 22.367700 
1418 1 25.057500 22.807100 16.901000 
1736 2 23.261900 18.287600 16.101600 
1589 1 23.152000 21.810600 23.522600 
798 1 15.038200 23.226500 19.955100 
1391 2 15.571600 24.397400 16.122600 
1002 1 19.809300 24.011100 25.584300 
150 1 26.253300 16.046000 16.140900 
1726 1 20.176500 16.346800 19.011200 
331 2 21.642700 16.390800 26.475600 
1705 1 16.505300 23.332300 23.953200 
1717 1 21.046300 19.058000 17.405400 
1194 1 15.408500 17.752200 23.350700 
1728 2 20.566400 16.669100 18.959100 
152 2 26.170800 16.509500 16.341200 
1332 2 15.058200 21.084800 18.296700 
516 2 24.113300 18.862100 19.295200 
1330 1 15.903300 20.521400 18.177700 
1672 2 15.576100 20.521300 21.255400 
1719 2 20.378200 19.742800 17.652600 
371 2 25.502600 20.320900 13.951100 
1331 2 15.361900 20.852800 18.160500 
1541 1 21.565900 24.996800 23.740000 
99 2 24.453400 13.430500 22.799400 
1004 2 19.473100 23.116200 25.615000 
1727 2 21.038700 16.659300 19.358200 
1616 2 17.103500 15.137000 14.176600 
33 1 18.914800 24.348100 14.560800 
1671 2 15.676000 20.464600 21.096400 
1669 1 15.679000 19.755000 21.129500 
1528 2 20.991700 19.771600 25.505700 
1356 2 19.077900 23.889000 21.661600 
1751 2 18.261500 25.549000 17.925300 
1353 1 19.389700 24.106700 21.794400 
68 2 21.430200 20.493000 21.645000 
1355 2 18.937700 23.509700 21.487100 
1906 1 18.334400 15.316500 23.070900 
1936 2 21.833300 21.660400 13.754200 
1533 1 23.970700 13.956900 25.904200 
135 2 21.998200 21.871400 13.972300 
102 1 21.649200 24.039800 20.314000 
658 1 20.622900 23.481600 16.971200 
114 1 25.280300 13.609200 14.265400 
1897 1 25.089600 13.448900 23.822500 
1271 2 17.587300 20.951600 15.582700 
1735 2 23.191800 18.029800 16.259000 
1907 2 19.169500 16.137800 22.666300 
1217 1 24.963800 23.583700 15.240100 
1947 2 18.254600 19.800900 23.622500 
535 2 25.564400 21.998700 20.157900 
1246 1 18.032500 25.803200 24.403800 
1354 1 18.631900 23.197600 21.246600 
1975 2 25.528600 16.476900 20.589900 
1592 2 23.904900 22.641100 24.138300 
123 2 22.047600 24.609500 20.124800 
1634 1 24.653900 26.409400 23.471200 
1499 2 13.731400 24.733300 13.976400 
513 1 24.334800 18.619900 19.434900 
1525 1 20.653500 19.391800 25.001800 
565 1 25.349000 25.870200 19.446800 
1505 1 21.217800 15.218500 15.292500 
1500 2 13.705000 24.906800 13.956200 
560 2 13.406400 14.396600 22.952000 
568 2 25.958100 25.740700 20.109900 
88 2 23.654100 14.909600 18.909200 
34 1 17.745300 24.130400 13.800100 
536 2 25.736000 22.111400 20.299300 
1597 1 24.667100 24.421400 16.938900 
1504 2 13.792800 20.406800 23.991500 
1183 2 19.350800 22.960400 26.056200 
1139 2 18.513500 17.721600 15.542500 
1299 2 16.989600 17.875800 26.178400 
1272 2 17.083900 21.206700 15.784300 
1590 1 23.632400 23.671000 23.164700 
1055 2 13.594400 19.160100 16.573000 
1559 2 26.174300 19.236900 22.398600 
1741 1 25.958600 25.414300 25.393100 
1498 1 13.846300 25.357800 13.911000 
657 1 21.532000 22.440000 17.087800 
1924 2 21.874600 25.251000 20.370600 
559 2 13.342300 14.258700 22.983800 
35 2 18.520300 24.136300 14.357300 
620 2 15.490700 24.546500 20.050100 
1436 2 15.439300 15.908500 20.402000 
1140 2 18.197300 17.847100 15.597000 
1720 2 20.118800 19.552200 17.700800 
1718 1 19.804900 19.854000 17.773100 
1431 2 23.569000 17.082400 23.421500 
122 1 23.109700 25.431100 20.499200 
1105 1 16.220200 16.152900 17.309400 
406 1 18.375400 21.776900 19.042200 
1193 1 14.563200 17.176300 22.497100 
66 1 21.526100 19.842900 22.326500 
1184 2 19.425600 23.168700 25.747300 
1934 1 22.278200 22.531500 13.518200 
1502 1 13.887900 20.376400 24.643100 
133 1 22.384000 20.718200 13.390500 
65 1 20.839900 19.129100 20.659700 
1625 1 13.619600 14.871400 26.428800 
554 1 13.353100 21.337800 15.164700 
1410 1 23.174800 22.987900 24.819600 
1412 2 23.637200 22.974900 23.919100 
1923 2 21.928100 25.095300 20.223400 
1898 1 25.499300 13.671600 21.895200 
1432 2 23.521900 17.301800 23.507500 
533 1 25.503200 22.591100 20.549400 
1908 2 18.996600 16.434400 22.805600 
1945 1 18.843500 19.827200 23.292200 
1138 1 18.070600 18.114900 15.829700 
1922 1 21.218800 25.782600 20.988600 
1560 2 26.057000 18.971800 22.499300 
87 2 23.500300 14.717400 18.901400 
407 2 18.095500 21.431800 19.581100 
1527 2 21.261000 19.933900 25.601900 
107 2 19.080700 16.439000 23.012700 
1107 2 15.738400 16.475000 16.849300 
1614 1 16.924400 14.909000 13.581700 
1435 2 15.317700 15.756600 20.129000 
67 2 21.223100 19.993400 21.301500 
975 2 16.350300 21.133000 26.128400 
1389 1 15.909600 24.922300 15.687300 
1137 1 18.926000 17.246400 15.084000 
1921 1 21.910700 25.052200 19.070800 
1279 2 19.944400 13.272000 20.292200 
1329 1 14.738600 21.140300 18.181300 
1420 2 24.987100 23.698400 16.326800 
151 2 26.364700 16.661200 16.673200 
1277 1 19.448200 13.277800 20.226800 
1543 2 21.737400 25.664300 23.844800 
1750 1 17.493700 25.475600 17.267500 
1935 2 21.879200 21.663600 13.834300 
1116 2 17.877800 14.418600 18.100300 
1615 2 17.054500 15.050400 14.184000 
567 2 25.910900 25.659900 19.911900 
1868 2 21.318200 20.286100 21.531700 
1591 2 23.556600 22.819500 23.986600 
1933 1 20.772900 21.028800 13.766100 
1411 2 23.828700 22.524500 23.915500 
1417 1 26.119500 23.902300 16.476700 
1734 1 23.344100 17.504800 16.445300 
1866 1 20.685500 21.086500 21.434500 
1666 1 24.564300 18.094800 26.019800 
1867 2 21.389100 20.257200 21.319700 
1300 2 16.921000 17.846400 25.997800 
1558 1 26.176000 19.395900 21.587200 
659 2 20.995200 22.981100 16.923000 
1113 1 17.932100 13.834600 17.764000 
134 1 21.724800 22.046000 15.229400 
1195 2 15.291000 17.481200 22.662000 
1706 1 15.242200 23.152500 23.303900 
1707 2 15.810900 23.317400 23.477500 
1708 2 16.004400 23.152700 23.530400 
1111 2 20.932100 17.903300 13.522800 
372 2 25.393400 20.302600 13.883200 
1430 1 23.181000 16.696200 23.779200 
1526 1 21.420300 20.059400 25.977800 
106 1 18.459000 17.147400 23.392000 
1948 2 18.223900 20.032700 23.331600 
1114 1 18.073700 14.998900 18.515800 
1733 1 22.971800 18.837600 15.839500 
1409 1 24.896300 22.390000 24.375000 
974 1 16.154800 21.556200 26.092800 
1557 1 26.058100 18.758700 22.814100 
1670 1 15.623500 21.109100 21.479800 
1202 1 19.095200 22.686800 24.906200 
1506 1 20.544200 15.578600 16.756700 
1574 1 17.065000 18.121200 19.212300 
86 1 23.675600 14.966600 18.178500 
332 2 21.417700 16.288300 26.274400 
1270 1 17.614800 20.688700 15.163700 
105 1 20.056500 16.517900 23.357900 
1003 2 19.309100 23.266600 25.776900 
115 2 24.631800 13.479200 15.419400 
534 1 25.738700 21.561300 19.735500 
369 1 25.155500 19.760200 14.130300 
1905 1 19.102000 16.448000 21.959400 
329 1 21.024400 15.812700 26.085800 
1725 1 21.525500 16.839900 19.561600 
1576 2 17.230400 18.444400 19.559700 
800 2 15.516900 24.115600 20.107000 
1544 2 21.428000 25.595600 23.876900 
1289 1 17.245200 13.544700 25.400500 
108 2 19.162200 16.355800 22.989800 
1433 1 15.532500 15.512800 19.707500 
1946 1 17.656400 20.117700 23.300000 
1419 2 25.281100 23.628400 16.471300 
124 2 22.273300 24.914200 19.934000 
1115 2 17.996200 14.271900 18.185700 
1899 2 24.829900 13.444200 22.250300 
1599 2 25.205300 23.560100 16.533100 
1429 1 23.931500 17.782200 23.272900 
1600 2 25.199300 23.427900 16.396900 
285 1 26.339800 16.234100 24.918600 
408 2 18.177600 21.556200 19.627000 
1507 2 20.925100 15.380200 15.974100 
136 2 21.631500 21.447900 13.941500 
515 2 23.797200 19.152100 19.135300 
1497 1 13.547000 24.094400 13.927100 
1575 2 17.563200 18.081500 19.541500 
1915 2 24.929600 13.411200 15.239100 
660 2 21.151800 22.862800 16.928800 
617 1 15.767500 24.302600 21.100700 
1297 1 16.417300 17.786900 26.067400 
85 1 23.416600 14.716700 19.489200 
1542 1 21.422300 26.373000 24.029200 
1298 1 17.689700 17.553100 26.263300 
1196 2 15.061300 17.358800 23.212500 
405 1 17.866300 21.331900 20.174700 
1573 1 17.767800 18.478700 20.148500 
1108 2 15.511800 16.449600 16.877400 
1390 1 14.985200 24.341400 16.813500 
1668 2 24.723000 18.072900 26.440600 
553 1 13.585300 22.551900 15.267400 
555 2 13.580400 21.893700 15.111300 
976 2 16.103500 21.123700 26.161000 
514 1 23.602800 19.498200 19.062000 
1269 1 16.776800 21.397300 16.171800 
1292 2 16.724400 13.359600 25.172700 
116 2 24.858500 13.377900 15.376800 
1181 1 20.317700 22.373000 26.108700 
1613 1 17.221500 15.188700 14.711700 
1434 1 15.352700 16.267100 20.899600 
1913 1 24.602100 14.182000 15.692400 
1752 2 18.177200 25.527600 17.951000 
997 1 22.053200 26.056700 14.835300 
1503 2 13.619700 20.365300 24.295900 
36 2 18.390800 24.249000 14.203400 
799 2 15.402900 24.289500 20.123800 
149 1 26.432700 17.062400 16.998000 
619 2 15.279500 24.295800 19.896400 
1900 2 24.821200 13.625000 22.837000 
1743 2 26.057100 24.885500 26.011800 
97 1 23.857200 13.988900 22.677400 
1508 2 20.725600 15.325700 15.874100 
973 1 16.247700 20.355200 26.133500 
1377 1 15.833800 13.432600 21.131800 
1713 1 13.650400 18.650000 19.558700 
1976 2 25.789300 16.103200 20.691400 
1749 1 18.606500 25.444800 18.251700 
1973 1 25.366200 16.611300 21.076900 
1744 2 26.073400 24.851900 26.133500 
1280 2 20.242300 13.516400 20.217700 
1974 1 26.119300 16.048700 20.052200 
1112 2 21.083100 17.838000 13.668800 
557 1 13.864700 13.861700 23.023500 
370 1 25.597700 20.783700 13.805400 
1054 1 13.886200 19.576500 16.294000 
1501 1 13.537800 20.412300 23.315800 
1247 2 17.699600 26.240500 24.339400 
1278 1 20.661100 13.674300 20.379900 
1056 2 13.350600 19.111400 16.519900 
1742 1 26.085300 24.464700 26.501300 
778 1 15.384800 18.304700 14.119800 
1878 1 15.380300 13.332100 16.457900 
1536 2 24.152000 13.746900 26.472400 
1248 2 17.823300 26.348900 24.148000 
1017 1 20.829200 26.354300 16.015700 
780 2 15.228700 18.850500 13.629000 
1710 1 25.515800 25.863600 13.531000 
