id type x y z 
1241 1 6.842090 9.086730 5.388510 
684 2 12.084600 11.807500 4.917060 
651 2 9.555150 9.415120 0.193060 
1013 1 11.560200 7.872720 1.772390 
19 2 3.275600 3.312390 11.375300 
862 1 11.497900 10.450000 8.343090 
1250 1 10.892500 4.300190 12.800800 
588 2 4.746200 3.362670 6.107990 
1999 2 2.944110 3.516050 11.982400 
1696 2 9.605620 7.266290 12.184500 
1445 1 7.172120 10.908100 2.429390 
1284 2 7.965160 5.373910 6.326360 
1817 1 6.263340 3.077430 13.410200 
295 2 4.537340 12.906300 10.212300 
121 1 4.137010 11.731400 4.812070 
446 1 0.893929 11.192500 3.907690 
707 2 1.580680 1.653440 4.309130 
856 2 4.379290 6.590400 7.776620 
2000 2 3.232660 3.371660 11.614600 
547 2 8.201650 12.046500 6.997710 
253 1 5.383780 8.675580 11.218200 
104 2 4.275580 12.660900 5.136710 
812 2 11.132500 10.983300 12.216800 
1249 1 12.031600 4.880330 12.334800 
254 1 4.368990 2.407330 3.420840 
1680 2 6.698930 3.287180 8.437720 
741 1 3.491530 9.096430 6.443060 
612 2 9.777810 13.025000 1.211060 
1695 2 9.311440 7.142130 11.941600 
517 1 5.688510 10.709400 8.441970 
474 1 2.949000 4.769460 10.973500 
810 1 10.850600 10.041000 12.727000 
598 1 7.791210 0.378361 2.064920 
1157 1 2.422620 5.503520 2.963240 
231 2 0.940833 8.420140 1.933330 
232 2 0.777158 8.545520 1.917560 
1459 2 1.979940 12.274600 8.086000 
205 1 4.305430 3.899620 11.874400 
1211 2 4.534160 1.977170 2.743680 
663 2 5.390740 5.852400 0.091983 
611 2 9.551000 13.181100 1.080040 
1902 1 3.410870 12.849900 5.826600 
85 1 2.348770 8.970050 9.558020 
901 1 12.573500 10.388300 1.240440 
789 1 10.448700 12.913300 1.519050 
955 2 10.954400 2.973230 2.454660 
664 2 5.155230 5.476330 0.190638 
1725 1 7.035350 10.702500 10.857900 
1677 1 7.338730 3.133400 8.484280 
585 1 12.428300 5.637820 6.381650 
1903 2 4.461980 13.044700 5.126030 
86 1 2.915830 9.192930 10.739900 
59 2 11.486900 5.657370 6.013160 
1727 2 7.369460 11.198000 11.043000 
1209 1 4.783100 1.724590 2.143670 
1819 2 2.944320 3.305540 11.700900 
343 2 7.850380 3.688770 2.295330 
956 2 10.842700 3.021090 2.520620 
1234 1 1.646250 11.533900 7.784350 
1555 2 9.957210 8.716580 4.509620 
1820 2 3.348540 3.406180 11.969000 
512 2 1.827910 1.811730 0.300220 
1550 1 6.146500 1.025280 4.594870 
681 1 11.559700 11.716800 5.156320 
399 2 7.663050 3.426020 12.821700 
854 1 4.901930 3.430570 6.754240 
488 2 10.107200 4.513460 9.308070 
389 1 9.383080 1.874010 7.044420 
46 1 1.584900 13.218000 10.257300 
916 2 7.704420 8.317780 8.673890 
518 1 4.468880 10.954300 8.009360 
989 1 2.840660 2.493510 9.585450 
256 2 6.197860 8.277050 11.545400 
179 2 0.099053 6.673150 8.671490 
1414 1 11.787000 7.347570 10.018300 
708 2 1.319130 1.138010 4.148150 
1159 2 2.470330 5.748650 2.257730 
397 1 8.090550 2.219180 12.287600 
1556 2 9.767460 8.965960 4.340050 
743 2 2.688530 9.370420 5.944240 
109 1 10.500800 5.557830 6.618310 
429 1 3.938750 2.139830 11.733000 
165 1 2.745430 0.660880 7.088000 
1014 1 11.424700 6.227000 1.821370 
323 2 4.196740 8.880530 3.047000 
914 1 7.636940 8.859430 9.099740 
486 1 10.063700 4.299710 9.839520 
1077 1 13.011100 0.997557 3.209070 
1858 1 11.853400 5.907080 5.005950 
400 2 7.583870 3.241290 13.031900 
915 2 7.797900 8.557840 8.588940 
853 1 4.312030 5.863930 7.579970 
548 2 8.393780 11.955500 7.226180 
90 1 4.282470 12.615300 1.616500 
322 1 4.550200 8.896820 3.474750 
1283 2 7.912930 5.160100 6.446950 
1904 2 4.049180 12.960300 5.280180 
230 1 1.571360 8.547410 1.800250 
864 2 10.913000 11.126500 8.040330 
1553 1 9.594310 9.373660 4.242920 
855 2 4.428840 6.417250 7.919520 
609 1 8.766260 12.858100 1.555890 
652 2 9.382460 9.317260 0.163755 
644 2 -0.022372 6.843200 4.110060 
88 2 2.885570 9.059030 9.976990 
1453 1 2.662570 4.933680 5.779760 
199 2 2.989010 2.928660 11.452400 
1242 1 5.682800 7.924330 5.548730 
103 2 4.347800 12.707400 5.286940 
321 1 3.871620 9.321250 2.193070 
92 2 3.314340 12.524500 1.227360 
324 2 3.979620 9.040400 2.880050 
1448 2 7.268160 11.243400 2.873260 
60 2 11.870700 5.777240 6.149540 
1458 1 1.826940 1.875560 4.531280 
341 1 7.602630 3.951390 2.046830 
1957 1 12.810100 0.479624 0.200281 
861 1 10.456000 11.290400 7.574080 
693 1 6.268670 7.048020 1.981220 
913 1 7.926950 7.957440 8.151680 
519 2 5.159390 10.919800 8.154990 
694 1 7.628500 7.452490 2.060980 
1094 1 10.076100 13.243800 10.571900 
5 1 5.964810 0.210583 11.946700 
219 2 7.856170 3.117140 12.985100 
1416 2 11.524100 8.283910 9.794650 
1281 1 7.332440 5.277540 7.088180 
89 1 2.906340 12.751200 0.983453 
390 1 10.285400 1.043410 5.554050 
1834 1 4.509160 6.946910 8.219980 
445 1 0.497940 9.928350 4.009640 
1160 2 2.540310 5.028290 2.096020 
696 2 7.272220 7.395810 1.963990 
294 1 4.344540 12.610900 10.363000 
1221 1 5.050200 5.298590 4.013290 
1223 2 5.603000 5.612490 4.095740 
682 1 12.580600 12.397500 4.707990 
809 1 11.365600 11.163300 11.940000 
1447 2 7.749370 11.561500 2.973410 
1066 1 11.293500 1.703270 11.298000 
1251 2 11.407700 4.590120 12.516000 
1554 1 10.041500 8.194830 4.604210 
742 1 2.292470 9.022490 5.595490 
1446 1 7.762010 12.019800 3.562120 
91 2 3.743460 12.777900 1.174730 
650 1 9.414460 8.422420 0.013291 
744 2 2.643230 9.052620 6.107900 
255 2 5.988820 8.240900 11.428200 
1101 1 6.470170 9.334220 0.543917 
953 1 11.353400 3.046440 2.953110 
1415 2 11.436400 7.923040 9.873380 
1726 1 8.066570 12.194300 11.281100 
978 1 12.654300 2.922800 9.090710 
1252 2 11.386800 4.762100 12.562100 
94 1 2.058030 12.740000 8.231050 
1243 2 6.408330 8.732150 5.433930 
1901 1 5.137530 12.845200 5.200570 
218 1 7.601740 4.032640 12.212700 
1486 1 7.558280 0.452850 9.302540 
857 1 6.603530 8.083410 11.994200 
1282 1 8.087340 5.240730 5.815780 
1693 1 10.004400 6.654580 12.491500 
1222 1 5.985250 6.270190 4.316660 
1728 2 7.637830 11.264300 10.782000 
392 2 10.076300 1.795640 6.492180 
167 2 3.282590 0.105898 7.452790 
637 1 4.182580 11.182900 13.245200 
1244 2 6.148970 8.601340 5.452100 
220 2 7.818810 2.873600 12.809400 
1212 2 4.487020 2.156110 2.966020 
1015 2 11.369000 6.951500 1.858310 
902 1 12.732100 10.537400 2.494760 
166 1 4.370130 0.748049 7.481270 
903 2 12.669900 10.431600 1.802180 
1967 2 3.477970 0.085748 7.242920 
509 1 1.641190 2.442470 0.705611 
487 2 10.049000 4.553580 9.240740 
586 1 4.615360 3.494770 5.454690 
182 1 0.285674 8.397660 2.002610 
87 2 2.753500 9.071330 9.930190 
954 1 10.454700 2.916010 1.935630 
1456 2 2.155550 5.203840 6.089940 
863 2 11.159000 10.784200 8.000730 
18 1 1.787390 2.505500 11.230000 
1454 1 1.787910 5.601890 6.572660 
695 2 7.269770 7.578010 1.994990 
447 2 0.638416 10.376600 4.051130 
904 2 12.650100 10.455300 1.792170 
587 2 4.812330 3.543150 6.224470 
661 1 4.788460 5.163590 0.738927 
545 1 8.556210 12.224100 6.520390 
1859 2 11.935900 5.641570 5.657910 
641 1 0.335943 7.132550 4.031180 
1158 1 2.060500 5.467630 1.391690 
200 2 2.691620 3.220830 11.692500 
448 2 0.770466 11.009800 3.836240 
1460 2 1.850590 12.021300 7.994630 
1068 2 11.048800 1.334570 11.567700 
1067 2 10.801300 1.412790 11.615100 
1065 1 10.374500 1.325470 11.917400 
1210 1 2.339780 3.675320 12.507500 
344 2 7.805360 3.430840 2.610790 
57 1 5.886210 3.692410 9.232500 
1016 2 11.442300 7.053530 1.722080 
20 2 3.100390 3.560410 11.759900 
211 2 10.178500 1.773910 6.552850 
485 1 9.736110 4.540350 8.638570 
597 1 9.317580 -0.008199 1.746200 
1455 2 2.221850 5.098650 5.723310 
1549 1 7.251430 2.008840 4.889290 
1958 1 8.054780 3.026540 2.912270 
1551 2 6.960910 1.550850 4.858590 
683 2 11.808300 12.053900 4.825020 
791 2 9.745560 13.125100 0.759284 
1977 1 0.975799 6.301390 9.826150 
811 2 11.071700 10.860200 12.215600 
1679 2 6.734810 3.204480 8.857440 
1413 1 11.081900 8.588110 9.847220 
1224 2 5.383880 5.958610 4.300600 
1694 1 9.110910 7.583880 11.547600 
391 2 10.338300 1.426800 6.274770 
212 2 10.549300 2.229060 6.308590 
790 1 9.452880 12.581300 -0.022208 
210 1 11.062400 1.249100 7.168300 
1552 2 6.626860 1.458150 4.557600 
520 2 5.148660 10.830600 8.190540 
546 1 7.879030 11.854400 7.828500 
477 1 1.120860 1.006970 3.917420 
1968 2 3.401550 0.068692 7.259920 
168 2 3.686270 0.225402 7.342630 
197 1 10.509300 2.731390 6.093890 
591 2 0.175321 12.024000 0.827038 
511 2 2.012920 1.845710 0.248215 
592 2 0.274825 11.917400 0.700777 
589 1 0.466478 12.403400 1.378840 
1080 2 13.162900 0.096923 2.888560 
979 2 13.084700 2.676120 9.226020 
541 1 13.182300 8.599480 4.509730 
649 1 9.501060 9.960370 0.439835 
1959 2 12.560600 0.488062 0.318198 
1326 1 12.272700 7.808170 13.107600 
1103 2 5.733190 9.448110 0.142883 
442 1 2.800170 6.711320 13.246500 
1104 2 5.935630 9.380190 0.284009 
284 2 1.136280 0.074677 19.608900 
986 1 10.794800 10.639400 24.635300 
53 1 8.582540 3.314160 18.496500 
1752 2 12.384200 2.462380 14.675400 
1751 2 12.591100 2.223570 14.778500 
910 1 11.523700 4.853520 20.838000 
428 2 12.110100 3.593670 25.296100 
635 2 9.478930 5.091870 15.430000 
731 2 11.374800 12.677900 18.706600 
732 2 11.407700 12.468600 19.051400 
426 1 11.550300 3.186870 25.634600 
1513 1 8.156320 9.726110 14.699500 
1607 2 4.108170 2.209610 23.191200 
531 2 4.899690 3.655010 16.287900 
1134 1 8.981340 9.486050 21.495300 
1870 1 5.871270 2.649560 25.900200 
56 2 7.750450 2.656990 18.769200 
1230 1 5.819490 9.467180 16.579600 
1477 1 1.559320 11.562100 20.629200 
757 1 4.038770 10.621800 20.123700 
425 1 12.649800 3.695380 25.192400 
869 1 5.263710 0.241848 26.146800 
759 2 4.436080 10.617400 19.537600 
998 1 11.460400 2.263810 17.944000 
443 2 2.507970 7.666350 13.119500 
247 2 6.591760 4.908420 23.520700 
411 2 9.875070 1.420420 24.997400 
725 1 9.521500 12.839100 14.139100 
1478 1 1.319360 10.270300 20.982000 
1174 1 1.063470 3.944590 23.720400 
1479 2 1.459240 10.974200 20.888200 
245 1 6.542730 4.167420 24.159100 
74 1 2.931640 11.099900 17.150000 
633 1 9.877460 5.210110 15.231500 
1402 1 3.762600 4.114290 25.175300 
636 2 9.337770 4.655990 15.615300 
985 1 11.006100 12.008400 24.606600 
988 2 10.804400 11.332700 24.589600 
1873 1 2.053220 9.674370 16.187600 
410 1 10.201900 0.631378 25.682500 
758 1 5.020630 10.519100 19.335000 
886 1 7.906580 10.440000 18.369400 
491 2 5.554510 0.731867 15.294800 
1149 1 13.378800 10.618400 21.098900 
228 2 10.766200 6.829370 23.868600 
75 2 1.864140 10.739100 16.815200 
1156 2 8.880220 7.285630 18.516200 
942 1 7.196720 8.522330 24.490100 
1173 1 0.392489 3.472690 22.510300 
1310 1 5.520850 6.216580 14.077700 
1911 2 6.940890 1.493960 22.376400 
1749 1 12.215400 2.585210 14.282400 
889 1 4.550790 3.697940 16.865600 
421 1 10.813000 10.774900 16.099300 
444 2 2.592900 7.800600 13.533400 
874 1 2.502870 7.622590 20.986300 
730 1 11.414100 13.133900 19.004200 
887 2 7.906090 10.539800 17.732000 
1000 2 11.986000 1.424250 18.598700 
1810 1 4.480820 3.248140 19.909400 
660 2 9.429720 0.267287 15.111900 
1273 1 5.131170 6.242260 18.517500 
944 2 7.577570 8.586700 24.068400 
747 2 9.196660 5.288620 21.892400 
911 2 11.494200 5.282080 20.105400 
718 1 12.460700 5.752530 16.637800 
726 1 8.150140 12.612800 14.613700 
500 2 4.321820 10.540000 23.094100 
1372 2 12.130500 8.283340 18.881400 
756 2 9.247290 4.939850 25.800900 
1102 1 5.252030 9.683600 26.364400 
1291 2 11.420400 2.562340 22.063000 
226 1 10.594800 6.828040 23.270600 
431 2 0.462558 4.857380 19.208800 
441 1 2.457570 8.472430 13.534000 
1286 1 5.121660 7.934560 20.706800 
662 1 5.466050 6.120940 26.497100 
745 1 9.928680 5.265410 20.798500 
1296 2 7.029100 11.140100 21.261900 
1371 2 12.071400 8.512620 18.957000 
1232 2 5.456210 9.198830 16.399400 
1136 2 9.217690 9.173510 21.452200 
1992 2 3.973240 3.321700 20.348300 
1854 1 7.352000 3.285010 19.606300 
497 1 3.925980 10.619500 23.549100 
659 2 9.780480 0.574187 15.153900 
1274 1 6.087120 6.502590 17.555900 
1626 1 7.923650 11.930500 24.287000 
229 1 2.182710 0.198279 14.871000 
427 2 11.945100 3.395830 25.412700 
817 1 12.431200 2.049570 19.288400 
639 2 3.714370 11.519000 13.330500 
1312 2 5.813890 6.299540 14.612200 
755 2 9.065110 5.465060 26.090200 
1063 2 2.556030 10.038500 25.657200 
727 2 8.840100 12.686500 14.200800 
1153 1 8.372210 6.550450 18.943900 
55 2 7.450580 2.902260 18.436700 
1276 2 5.788540 6.245010 17.798500 
1287 2 5.851820 7.873490 21.226300 
1910 1 6.447400 1.234260 22.156700 
875 2 2.319350 7.402940 20.315500 
539 2 4.013050 7.172990 23.856300 
943 2 7.436500 8.661550 24.109200 
282 1 0.995317 0.486775 19.219900 
227 2 10.718900 7.157720 24.100300 
818 1 11.006100 0.918443 19.052700 
73 1 1.634740 10.369000 18.181300 
162 1 13.162600 0.624890 23.058800 
492 2 5.679520 0.787243 15.455800 
462 1 5.296520 12.170800 15.907000 
1606 1 3.300180 2.287100 23.340000 
498 1 5.088310 10.729400 22.747000 
832 2 2.648050 6.648150 16.792200 
1909 1 7.536840 1.785880 21.877800 
753 1 9.969330 5.371320 25.889100 
1605 1 4.679040 2.292220 23.456400 
54 1 6.666610 3.423020 17.903200 
941 1 7.897780 8.547100 23.576000 
489 1 5.484320 1.345960 15.547500 
469 1 4.045510 0.198251 21.447600 
658 1 9.588750 0.973102 15.517900 
1041 1 -0.035201 6.441360 22.452800 
423 2 11.404200 11.090300 15.733000 
1990 1 3.965070 3.014850 21.441800 
1876 2 2.164370 10.791800 17.169600 
1325 1 12.431700 7.978150 14.556400 
1155 2 8.853960 7.058910 18.911400 
1290 1 11.115900 2.984760 22.837400 
1135 2 9.315460 9.019550 21.609900 
409 1 9.903680 1.450570 24.332400 
1797 1 2.163320 2.975280 17.376500 
529 1 5.152190 3.686380 15.860400 
912 2 12.005100 5.102960 20.074000 
537 1 3.591470 7.472900 23.581000 
885 1 7.960840 10.770500 17.095400 
1480 2 1.680850 10.735500 20.913700 
728 2 8.737000 12.747800 14.503200 
248 2 6.613760 4.603210 23.491200 
424 2 11.638800 11.110000 15.785600 
1853 1 7.450930 1.977000 18.333700 
463 2 5.417010 12.907300 16.047500 
490 1 5.933870 0.036449 15.093900 
1133 1 9.724230 8.530090 21.674000 
1855 2 7.551420 3.018680 18.462300 
909 1 12.075900 5.298580 19.463000 
729 1 11.403100 11.981100 18.676800 
858 1 9.077430 8.723600 14.594200 
820 2 11.693800 1.623860 18.415600 
1796 2 1.676190 3.035040 17.154700 
422 1 11.985600 11.380000 15.330800 
532 2 4.810190 3.647930 16.507600 
137 1 2.734350 13.053500 24.070000 
876 2 2.194910 7.511800 20.518700 
1292 2 11.472300 2.835560 22.216000 
499 2 4.327500 10.714300 23.277000 
1403 2 3.657420 4.135310 25.015900 
1795 2 1.573710 3.221890 17.006400 
626 1 0.400953 0.631385 23.323800 
1874 1 1.386640 11.109300 16.391800 
289 1 0.906002 5.023850 19.330100 
1328 2 12.264800 7.631840 14.033300 
225 1 10.646400 7.556740 24.662300 
1293 1 6.402030 10.848800 21.012100 
640 2 3.955230 11.736700 13.376000 
628 2 0.980323 0.447373 22.938700 
1064 2 2.530870 10.007300 25.840900 
1175 2 0.738248 3.478240 23.028600 
1872 2 6.664570 2.781600 25.847900 
1991 2 3.638110 2.854680 20.351300 
1628 2 7.826390 12.515000 24.467600 
538 1 4.667220 6.815010 23.859100 
819 2 11.802700 1.500220 18.325700 
1793 1 1.092650 3.469930 16.811400 
1912 2 7.091790 1.623030 22.149000 
754 1 8.483290 4.957560 25.974000 
1061 1 2.545790 9.411320 25.898400 
830 1 2.777670 6.708290 17.220200 
873 1 1.560120 7.216350 19.985100 
1275 2 5.702870 6.542050 17.885400 
1608 2 3.888880 2.196310 23.547000 
1856 2 7.658920 2.941850 18.628000 
1288 2 5.656570 7.748300 20.741800 
1809 1 3.157060 4.090320 20.359300 
1289 1 11.694500 2.460180 21.618500 
860 2 8.699450 9.230630 14.826200 
829 1 2.352660 6.135060 15.788300 
634 1 8.931530 4.440900 15.796700 
1369 1 12.045200 8.190550 18.323300 
746 1 9.080040 5.293050 22.412800 
831 2 2.367450 6.229290 16.053900 
1294 1 7.393600 11.431000 21.446300 
1625 1 7.775630 13.311400 24.358800 
1812 2 3.875870 3.347890 20.255100 
888 2 7.859030 10.669800 17.592700 
1154 1 9.370950 7.802920 18.617000 
999 2 11.798600 1.424400 18.523300 
386 1 3.154270 2.479050 20.094900 
412 2 10.141300 1.189370 25.013500 
987 2 10.966600 11.041900 24.509500 
1869 1 7.141890 2.880070 25.629200 
1311 2 5.613980 6.264800 14.586800 
859 2 8.799470 9.225710 14.612900 
1370 1 12.322600 8.582400 19.614200 
1627 2 7.785180 12.535800 24.278900 
1285 1 6.468540 8.061340 20.811000 
1231 2 5.466440 9.051510 16.375300 
1309 1 5.761530 6.220000 15.337400 
540 2 4.109920 7.228380 23.861400 
1750 1 12.775300 1.752610 15.153300 
1176 2 0.965802 3.677940 23.151900 
246 1 6.325440 5.323320 23.095700 
216 2 0.300070 6.398220 26.199400 
1229 1 4.860220 8.772750 16.250200 
748 2 9.385290 5.647810 21.701600 
1811 2 3.495520 3.242250 20.414600 
1295 2 6.853350 11.086300 21.111600 
760 2 4.528690 10.805500 19.734500 
1875 2 2.075590 10.223700 16.651700 
813 1 12.246000 0.765377 17.713900 
76 2 1.847790 10.433700 16.963500 
1871 2 6.608110 2.886710 25.792300 
510 1 2.211990 1.295580 26.275900 
1327 2 12.305300 8.082690 13.973700 
1152 2 12.730000 10.595400 21.624800 
1151 2 12.811900 10.491400 21.608100 
432 2 0.279109 4.956580 19.264400 
700 2 0.269742 11.127600 13.816700 
1150 1 12.387900 10.514900 22.119600 
464 2 5.603250 12.569700 16.059400 
720 2 13.227600 5.738720 16.738300 
278 1 0.105369 4.508660 13.979500 
697 1 0.390104 11.762900 13.489400 
1821 1 0.313842 10.298500 24.197800 
638 1 3.389510 12.224200 13.867800 
398 1 8.154570 3.116780 13.823800 
719 2 13.169000 5.805350 17.153100 
1062 1 2.635930 10.544000 25.557600 
214 1 0.311696 7.132370 26.234600 
871 2 4.917750 -0.221016 26.282400 
530 1 3.322740 1.805100 13.486800 
201 1 1.841000 24.418000 3.804600 
549 1 5.930790 21.338200 10.415300 
1191 2 3.157370 16.777500 4.735300 
1649 1 3.229210 23.271700 9.218970 
1382 1 12.610800 21.949600 4.737000 
473 1 7.391300 15.939500 2.183290 
1557 1 0.570234 20.580000 0.611385 
877 1 1.337060 17.712100 1.579110 
1169 1 9.713360 24.094100 12.932000 
1178 1 9.593400 15.666400 5.738680 
243 2 12.609400 25.307000 12.674600 
1051 2 10.566200 19.166200 6.971150 
1652 2 3.370200 23.273900 9.909690 
203 2 2.450390 24.762100 3.039740 
787 2 12.189800 22.786000 10.891300 
1361 1 0.745390 14.528300 3.225390 
600 2 8.257610 26.350100 1.854370 
870 1 4.320690 25.999000 0.288471 
1122 1 6.084060 23.586600 1.329170 
1119 2 1.746270 25.978300 11.384700 
580 2 6.572860 17.684900 5.490500 
371 2 0.604220 17.263800 12.704000 
1096 2 9.601790 13.663300 10.552600 
522 1 5.553760 22.073000 5.125610 
418 1 8.348840 25.472700 1.919010 
1323 2 10.535200 24.380900 4.565560 
1052 2 10.680800 19.419300 6.806470 
786 1 11.776400 23.098700 10.658600 
1595 2 3.740820 20.203400 7.006240 
381 1 2.553660 25.952200 3.522440 
1333 1 12.837100 24.973200 5.493150 
564 2 7.041470 19.735600 8.141180 
153 1 5.575090 18.849000 1.593020 
523 2 5.694120 21.737900 4.838060 
1566 1 0.056551 21.878300 10.680100 
879 2 1.258620 18.144100 1.272560 
561 1 6.968140 19.203300 7.698570 
204 2 2.803300 24.118600 3.265150 
1773 1 1.995450 19.566200 4.188490 
482 1 6.615710 14.446400 8.596650 
1954 1 3.775670 19.568800 1.225450 
1095 2 9.607590 13.705100 10.670500 
380 2 2.074440 23.046400 6.782230 
1558 1 1.537820 21.744600 1.526430 
112 2 10.063300 19.721200 10.190900 
1321 1 10.493200 24.612800 3.819310 
1565 1 0.891334 21.409600 9.699160 
304 2 4.186060 16.345900 1.680600 
82 1 9.286640 21.558700 3.517310 
670 1 5.828540 18.272000 10.280700 
302 1 4.243310 15.611700 1.834190 
880 2 1.514280 18.117900 1.242690 
296 2 4.622880 13.100100 10.081000 
1847 2 2.966350 15.563900 7.869720 
1192 2 3.048000 16.974600 4.391250 
513 1 3.916320 15.862500 11.831800 
484 2 6.501640 14.766000 8.067620 
951 2 12.132900 22.381000 7.865250 
878 1 1.526420 18.723900 0.914485 
291 2 8.747930 22.731100 10.623200 
187 2 6.150110 25.612900 11.955200 
1086 1 6.846430 18.231700 12.563500 
1488 2 7.662770 26.314300 8.919400 
1373 1 10.967100 25.278900 9.794340 
1881 1 9.099000 20.414000 4.584680 
1848 2 2.973520 15.507500 7.680200 
1352 2 6.744400 14.907100 11.534200 
1882 1 8.377850 20.346500 3.126150 
1007 2 9.048010 23.107500 7.458610 
1302 1 1.675880 25.207900 0.404655 
110 1 9.524440 19.566000 9.843180 
1442 1 11.543300 13.882400 8.472700 
1374 1 11.495700 25.216100 8.432340 
521 1 6.526220 21.405000 4.402520 
1351 2 6.812960 15.033900 12.052800 
563 2 7.083980 19.994700 8.301630 
1038 1 12.946200 17.614900 12.965700 
1350 1 6.632520 14.399000 11.442000 
1005 1 8.424420 23.117500 7.509590 
1049 1 10.021900 19.631300 7.453890 
515 2 3.365990 16.196300 12.407900 
379 2 1.686150 22.804500 6.519780 
47 2 1.341310 13.917200 10.687700 
378 1 1.539070 22.494400 6.125470 
1770 1 9.033760 17.261100 2.457590 
1 1 1.542690 26.017700 11.070000 
1769 1 10.070300 16.807600 2.164300 
420 2 8.399100 26.232000 1.397950 
1001 1 12.839400 20.213000 4.786760 
734 1 6.322430 24.168200 8.115910 
562 1 7.153600 20.276200 8.584230 
1085 1 8.167840 18.231100 11.824600 
606 1 2.538930 15.905200 7.523190 
1998 1 6.528190 15.094300 1.285870 
1521 1 11.016100 22.654400 1.455790 
1622 1 0.050299 25.261600 9.628860 
417 1 8.099140 26.261200 0.423265 
1444 2 12.022000 14.406600 7.965070 
526 1 12.948400 18.111600 3.317120 
1179 2 9.832150 15.270600 5.225210 
550 1 5.024450 21.062200 11.472400 
1324 2 10.922700 24.451900 4.825160 
301 1 3.958960 16.941400 1.551020 
823 2 11.169700 16.550200 10.827800 
45 1 1.035240 14.224100 11.093700 
1567 2 0.321536 21.593100 10.314300 
185 1 7.069270 25.165700 11.530400 
1443 2 11.859200 14.566700 8.317870 
733 1 5.712610 23.010400 8.155570 
1509 1 9.166510 15.832600 7.840690 
1376 2 11.228700 25.290300 9.381220 
952 2 12.028900 22.308500 7.713380 
1772 2 9.538980 17.354000 2.476530 
1651 2 3.142210 23.471800 9.587360 
1487 2 7.772460 26.464300 8.764840 
1006 1 9.946610 23.274300 7.349070 
483 2 6.451890 14.904400 7.895660 
792 2 9.711840 13.241700 1.086970 
1190 1 2.725910 17.000700 4.075320 
1512 2 9.098300 16.255400 8.135300 
867 2 6.201300 24.891000 4.747950 
950 1 12.080600 21.788600 8.069210 
270 1 8.244010 22.995400 10.129000 
785 1 12.379200 22.134400 11.337300 
1093 1 9.585360 14.294300 10.551900 
1088 2 7.776970 18.158300 12.349300 
1559 2 1.177770 21.658500 1.339050 
672 2 5.596620 17.637300 9.682340 
821 1 11.239200 16.288500 11.282200 
1522 1 11.034000 23.836100 1.225310 
868 2 6.373860 24.833400 4.603370 
721 1 0.810245 18.227500 6.806500 
1771 2 9.759430 17.198100 2.228170 
1087 2 7.458900 18.108100 12.308100 
1189 1 3.425260 16.734800 5.174680 
384 2 2.652590 24.635700 3.387820 
1953 1 5.283990 19.666800 0.283275 
1078 1 13.100500 26.224800 2.764900 
241 1 12.908700 24.901700 12.492200 
372 2 0.357116 17.025200 12.944900 
158 1 5.003990 20.532700 2.002370 
1050 1 10.880000 19.117900 6.533720 
1965 1 3.430090 26.088800 8.212750 
579 2 6.689490 17.724600 5.454890 
1883 2 9.191700 20.656800 3.779050 
1120 2 1.819680 25.930600 11.819500 
1349 1 7.225080 15.543900 11.909500 
865 1 6.124160 24.293800 3.964810 
1121 1 6.031350 23.056000 2.285860 
735 2 5.882820 23.479400 8.110510 
578 1 6.743040 17.398100 5.822830 
290 1 9.314000 22.476500 10.483800 
577 1 6.043140 18.204500 4.859320 
84 2 9.254290 20.723500 3.797420 
48 2 1.575050 13.742600 10.692500 
722 1 0.816685 17.058600 6.703710 
1441 1 12.205500 14.774500 7.653810 
1774 1 1.783580 20.966300 4.124290 
383 2 2.740970 24.483900 3.630630 
481 1 6.277270 15.302400 7.450750 
1375 2 11.177300 25.420500 8.896840 
1846 1 3.721540 14.865000 8.229500 
525 1 12.149400 17.020400 3.336360 
1776 2 2.193600 20.284700 4.197650 
788 2 12.240800 22.763700 11.049800 
924 2 12.931300 14.082800 13.043800 
1322 1 10.914700 24.197600 5.065880 
1593 1 4.047490 20.488300 7.693450 
1510 1 9.006690 16.396000 8.840780 
922 1 12.849000 14.819900 12.374100 
528 2 12.497700 17.630600 3.303200 
242 1 12.297000 26.046300 13.040500 
736 2 5.951850 23.500800 8.019870 
1560 2 1.150720 21.383100 1.373930 
303 2 4.112380 16.147400 1.620930 
244 2 12.736000 25.523100 12.931900 
923 2 12.894400 14.394000 12.734100 
542 1 10.622000 19.715500 10.689800 
101 1 4.276500 13.923900 4.434300 
822 1 11.564800 16.822200 10.025700 
1362 1 1.596620 13.679500 2.705900 
1384 2 13.159500 21.260300 4.791520 
514 1 3.085340 16.567200 12.611800 
824 2 11.475900 16.468500 10.717800 
1511 2 9.144500 16.326700 8.285010 
1524 2 10.956200 23.307900 1.371150 
1719 2 1.786710 18.788500 9.908120 
724 2 0.815991 17.434800 6.792380 
516 2 3.719320 16.335700 12.513700 
1523 2 10.929600 23.160400 1.407910 
1008 2 9.197000 23.110300 7.484450 
7 2 6.141790 25.498000 11.985900 
552 2 5.795950 21.513600 10.582100 
293 1 4.847510 13.602600 10.002300 
1364 2 1.248460 14.230000 3.180420 
1956 2 4.896360 19.731400 1.235570 
551 2 5.231640 21.093100 10.968800 
1884 2 9.032640 20.588500 3.551970 
669 1 4.986640 17.212500 9.451710 
83 2 9.067350 20.570700 3.422630 
1124 2 6.204870 23.405800 1.843340 
1720 2 2.006390 18.653100 9.858820 
723 2 0.726009 17.518700 6.633020 
292 2 8.716580 22.740400 10.413900 
527 2 12.541300 17.674800 3.395580 
949 1 11.985700 22.756000 7.288470 
1363 2 1.192190 13.951100 2.905650 
476 2 6.890210 15.561000 1.705290 
1177 1 10.518900 14.657500 4.797510 
155 2 5.049230 19.869500 1.151090 
8 2 6.052790 25.427600 12.286500 
1966 1 3.963820 26.009000 6.360020 
599 2 8.677600 26.290100 1.601580 
1594 1 3.516130 20.359500 6.459720 
866 1 6.354430 25.134200 5.101350 
370 1 0.794190 16.912000 12.179000 
1775 2 1.828840 20.142300 4.226390 
475 2 7.211170 15.732500 2.209900 
524 2 6.088180 21.537000 4.628660 
610 1 9.775170 13.976900 0.756381 
1180 2 10.190800 14.907500 5.211480 
1596 2 3.849120 20.365800 7.311220 
156 2 5.094510 19.815600 1.527230 
111 2 10.070700 19.600000 10.317900 
81 1 10.084500 19.877100 3.120150 
671 2 5.267510 17.607200 9.745720 
1955 2 4.999330 19.421700 1.207270 
1718 1 2.311980 18.386200 9.181720 
1123 2 6.050500 23.106400 1.982190 
1568 2 0.447231 21.448300 10.231900 
377 1 2.425770 23.316400 6.839280 
1118 1 2.042190 26.008100 12.057900 
202 1 2.607630 24.225900 2.294750 
369 1 3.358580 23.357500 10.695600 
382 1 3.456490 24.367200 3.726740 
1717 1 1.576470 18.977200 10.416100 
419 2 8.531170 26.241300 1.581350 
61 1 5.028850 25.375800 11.306100 
1570 1 0.450850 26.161800 5.982360 
1485 1 8.083690 25.898200 8.378610 
1669 1 12.951000 18.936000 1.070450 
6 1 5.952450 25.204400 12.869000 
188 2 5.824030 25.709900 12.056000 
1335 2 13.074200 25.145600 5.986670 
346 1 7.658960 22.044000 13.053500 
872 2 4.813280 26.396200 0.147184 
921 1 12.993000 13.662700 13.208800 
973 1 12.621000 16.727500 0.013314 
1927 2 3.897040 22.581100 20.758200 
1764 2 2.797560 24.006900 17.186600 
149 1 3.373580 13.839500 19.753000 
1926 1 4.352030 22.239000 20.539700 
151 2 3.186610 13.918800 18.872600 
655 2 8.057940 22.417400 25.919200 
1138 1 6.593250 24.076100 15.155300 
1228 2 6.778730 14.600600 18.828400 
1713 1 12.157200 22.169200 25.000700 
1710 1 0.614471 19.749600 15.605300 
1248 2 10.059700 25.867100 21.438600 
206 1 3.602830 26.394000 15.257500 
449 1 2.109430 23.521500 17.004000 
1763 2 2.785180 23.892700 17.185900 
207 2 2.719120 26.569200 15.035300 
604 2 5.318610 19.700000 22.890400 
573 1 7.548280 17.998600 20.304500 
1449 1 7.517000 24.779000 24.868200 
833 1 13.492400 13.979500 16.092000 
1833 1 8.704640 25.864700 17.522500 
1971 2 3.563570 16.759600 16.820900 
13 1 0.513130 16.967900 20.797100 
844 2 12.415300 24.404600 16.397500 
1667 2 3.772770 19.535300 19.335800 
393 1 13.312200 21.367800 18.978000 
992 2 8.925080 25.228400 17.809500 
1105 1 9.352340 21.311000 22.543800 
169 1 3.275350 15.978500 16.128600 
267 2 7.843620 19.112300 16.529000 
576 2 7.358830 18.147600 19.487300 
265 1 7.615630 18.971100 16.953500 
557 1 8.499870 16.713700 26.255900 
1337 1 11.702100 23.248900 19.624100 
504 2 11.019600 16.203300 18.601600 
126 1 9.335920 14.278100 17.358600 
1226 1 5.930750 14.234200 19.157200 
948 2 12.896600 19.255800 16.615700 
313 1 11.359700 25.591900 25.601600 
135 2 0.202810 22.844800 20.835100 
1340 2 11.923700 23.712100 19.900500 
1092 2 5.382310 13.372400 22.043100 
327 2 9.795090 19.464900 26.287200 
1425 1 1.340320 21.484200 24.456800 
601 1 6.127030 20.195100 24.173400 
1936 2 0.255420 22.956300 20.408000 
536 2 0.794378 19.900100 18.246900 
574 1 7.304340 18.356000 18.854100 
150 1 2.393990 13.642100 18.668600 
1668 2 4.020680 19.219300 19.369100 
827 2 7.124290 15.908200 15.090400 
1140 2 6.223750 24.074200 15.826100 
771 2 5.376090 26.117200 18.992200 
1171 2 9.833450 24.077800 13.509800 
1397 1 12.656900 21.587600 22.138700 
1304 2 1.433250 25.043800 26.115100 
1937 1 1.399380 13.611700 25.353500 
602 1 4.591140 20.477800 23.258900 
128 2 9.279460 14.223500 17.041100 
826 1 7.809510 15.613100 15.427200 
338 1 6.788320 16.923200 22.516100 
125 1 8.900540 13.511900 16.478800 
1344 2 9.304090 13.709300 21.192000 
1993 1 0.802943 16.144300 22.803100 
326 1 9.476230 19.776600 26.686500 
1247 2 9.971290 25.736800 21.349700 
385 1 12.741900 18.411200 20.005300 
575 2 7.215800 18.418300 19.461000 
932 2 10.261300 20.054600 19.928300 
930 1 10.404000 20.222400 19.906300 
146 1 3.655360 22.837700 25.578600 
1791 2 0.410390 15.695200 26.217800 
1646 1 5.391940 15.286400 25.705200 
17 1 2.106710 20.772000 23.654700 
825 1 6.576080 16.007100 14.564400 
712 2 7.769180 21.792900 19.225900 
339 2 7.535210 16.661400 22.357700 
1338 1 11.837400 24.258200 20.332200 
1341 1 8.478940 13.658300 21.016000 
325 1 10.257600 18.904200 25.947200 
603 2 5.747240 19.981900 23.315700 
1815 2 1.985820 13.932500 14.387900 
1450 1 7.575640 25.956800 24.429500 
1502 1 11.500700 15.711100 15.605000 
266 1 8.491410 19.461400 16.098600 
1245 1 10.398900 25.882000 21.869200 
258 1 4.809340 19.897400 16.135500 
656 2 8.187590 22.400000 25.780000 
1666 1 3.963350 19.716400 19.919800 
1246 1 9.374160 25.736500 20.924200 
1972 2 3.742670 16.918500 16.677500 
1969 1 3.236820 16.986600 17.700400 
347 2 7.181640 21.512500 13.522100 
1645 1 5.599910 14.534800 24.516000 
259 2 4.788780 20.426000 16.293200 
841 1 12.497500 23.947900 16.446300 
501 1 11.520400 16.145900 19.150900 
502 1 10.482700 15.787600 18.142700 
503 2 10.993500 15.839200 18.789100 
314 1 10.380000 24.653900 25.193200 
271 2 2.847020 22.629700 13.421800 
843 2 12.399100 24.447600 16.401900 
1108 2 8.995750 21.815200 22.809800 
711 2 7.627610 21.948700 19.195800 
268 2 8.087800 19.343000 16.594300 
935 2 10.726400 17.454200 22.751800 
1339 2 11.969700 23.768900 19.952500 
58 1 2.459730 22.517000 13.228100 
257 1 4.717510 21.218800 16.579800 
198 1 6.375600 23.820500 21.566300 
1712 2 0.987639 20.351800 15.163800 
560 2 8.513770 16.697100 25.457200 
1428 2 1.636690 21.004100 24.056500 
170 1 3.741240 17.511700 16.190400 
1790 1 0.830720 15.658900 26.094100 
134 1 1.283960 22.495100 20.548000 
472 2 4.220780 26.177700 21.954800 
842 1 12.691500 25.366700 16.139400 
1342 1 9.708300 13.397500 21.409600 
654 1 8.240640 21.584800 26.093300 
1451 2 7.472990 25.352000 24.725700 
782 1 5.281230 18.750000 23.222300 
1709 1 1.022270 20.652400 14.592800 
533 1 0.200127 19.989400 18.483900 
1939 2 2.167570 13.961100 24.108300 
1564 2 4.322590 16.480500 21.256000 
1161 1 10.618000 21.111700 17.515700 
1227 2 6.804160 14.577600 18.978000 
653 1 8.209830 22.912300 25.876500 
931 2 10.419400 19.345900 19.802400 
991 2 8.746740 25.064800 17.809800 
1665 1 3.855630 19.386500 18.680300 
281 1 1.708240 25.867500 19.664000 
556 2 10.618600 20.124200 14.265200 
1163 2 10.350300 21.584300 17.304600 
1503 2 11.216900 16.162600 15.231700 
1711 2 1.129880 20.243800 14.906100 
348 2 7.136880 21.529100 13.559500 
1303 2 1.745500 25.086400 25.839100 
1952 2 4.082520 19.378500 13.663000 
1835 2 6.789810 24.167300 21.973800 
1940 2 1.859510 13.990000 24.197400 
337 1 8.101850 16.658200 22.141100 
1715 2 11.600300 22.064800 25.243900 
558 1 8.852910 16.320700 24.910300 
315 2 10.716400 25.045200 25.518400 
1452 2 7.618410 25.447900 24.722500 
1164 2 10.519100 21.658400 17.160700 
534 1 1.424450 20.299700 17.713800 
152 2 3.149930 13.761800 19.456000 
1836 2 6.725950 24.231600 21.870300 
340 2 7.517320 16.942300 22.467500 
145 1 4.762750 23.680700 25.110700 
1818 1 7.273210 24.517200 22.244700 
127 2 8.997050 14.022900 16.730200 
975 2 12.146300 16.193100 25.716200 
535 2 1.178130 20.213100 17.819200 
172 2 3.723000 16.438100 16.589000 
934 1 10.414700 17.596500 22.497800 
1501 1 11.223400 16.576900 14.568400 
1137 1 5.669670 23.903900 16.185100 
133 1 0.230043 23.487500 21.216300 
1107 2 9.160780 21.676600 22.772700 
976 2 12.218300 16.383100 26.151300 
272 2 2.920590 22.891800 13.552100 
784 2 5.589740 19.736400 23.400300 
625 1 1.098180 26.084000 22.504800 
783 2 5.560730 19.872100 22.934400 
461 1 5.813160 13.293500 16.301000 
559 2 8.529160 16.627500 25.551500 
1935 2 0.250068 22.603000 20.618700 
1504 2 11.158000 16.025600 15.121600 
342 1 0.295635 17.403000 13.428800 
136 2 0.194314 22.571800 20.821800 
1945 1 12.640200 19.996600 24.282200 
328 2 10.004400 19.339800 26.108800 
1970 1 4.650260 16.098600 16.783600 
236 2 3.231150 17.399200 24.959600 
1139 2 6.118260 23.858200 15.780400 
938 1 12.509200 13.606100 23.535900 
148 2 4.180230 23.283200 25.334200 
937 1 11.302000 14.655000 22.992200 
1162 1 10.408100 22.281700 17.040400 
233 1 3.432600 16.847400 25.650400 
260 2 4.811840 20.592400 16.553700 
283 2 1.393890 26.529600 19.392400 
781 1 6.398000 20.181200 22.220200 
1561 1 4.338590 15.893700 21.474600 
139 2 1.836590 13.908000 24.170100 
235 2 3.020050 17.652200 24.872500 
1647 2 5.693790 14.777100 25.168000 
1562 1 4.417440 17.177100 20.859900 
195 2 0.046275 17.651200 21.668400 
1816 2 2.109160 14.435600 14.403700 
316 2 11.036000 25.264000 25.594400 
470 1 4.047170 25.555200 22.317100 
1089 1 6.110890 13.418100 22.094200 
709 1 7.539240 21.039100 19.285100 
1563 2 4.502450 16.450500 21.123600 
171 2 3.923790 16.449800 16.469200 
1225 1 7.208640 14.919400 18.675200 
234 1 2.982400 17.927700 24.456500 
933 1 11.301600 17.145200 23.048400 
769 1 5.923100 26.485100 19.248900 
471 2 3.968170 25.889500 21.990300 
147 2 4.309310 23.512700 25.413600 
990 1 8.712680 24.638500 18.172000 
1470 1 3.251330 24.406100 17.185800 
710 1 7.748980 22.372200 19.114600 
1106 1 8.762160 22.305500 23.255400 
1343 2 9.138140 13.401700 21.221700 
1648 2 5.472690 14.919200 24.989300 
947 2 12.963400 19.384000 16.388800 
945 1 12.769700 18.876300 16.851900 
193 1 0.973515 18.215000 21.608600 
1814 1 2.696760 14.650300 13.741100 
962 1 12.718300 21.637100 14.282400 
1938 1 2.294250 14.763200 23.867000 
929 1 10.098600 18.973700 19.853800 
772 2 5.054370 26.044800 19.023100 
1427 2 1.724560 21.003200 24.076000 
62 1 -0.062537 17.720900 16.480000 
936 2 10.753000 17.201600 22.756700 
1928 2 3.713370 22.438100 20.736200 
828 2 7.198710 15.877900 14.902200 
1170 1 9.767710 24.019000 14.142400 
1925 1 3.224510 22.880400 21.007400 
946 1 13.276600 19.885000 16.173600 
1716 2 11.576200 22.115200 25.361400 
269 1 3.552250 23.186300 13.509300 
627 2 1.005000 26.433200 22.854500 
1995 2 0.209798 17.230600 21.715400 
1813 1 1.718780 14.250900 14.803500 
140 2 1.870230 13.636300 24.074300 
940 2 11.968300 14.158400 23.345700 
939 2 11.486700 14.051900 23.159500 
553 1 10.952300 19.424900 14.535400 
1172 2 9.675130 24.020000 13.495200 
657 1 9.627020 26.242300 14.891500 
138 1 1.185650 13.712200 23.452600 
208 2 2.769350 26.333800 14.937000 
1951 2 3.961110 19.420400 13.647500 
1947 2 13.094000 19.522000 23.806600 
770 1 4.672520 26.036200 18.537800 
1090 1 4.982790 13.557300 21.790900 
1714 1 10.710400 22.329400 25.358700 
1091 2 5.525880 13.537100 22.006200 
345 1 6.948860 21.132700 13.823500 
1301 1 1.482730 24.851900 25.493000 
1949 1 4.024510 19.953000 14.116800 
974 1 11.742700 16.073000 25.508200 
554 1 10.167900 20.328500 13.822200 
555 2 10.504600 19.977900 13.931000 
387 2 13.142100 17.880800 20.164100 
1219 2 12.560400 21.529100 21.987700 
388 2 12.875000 17.964800 20.129900 
963 2 13.275600 21.645200 14.000100 
161 1 13.242600 25.304000 23.454500 
1950 1 4.226220 18.841500 13.276500 
1040 2 13.191600 18.006200 13.229800 
1588 2 23.408500 4.718680 9.259470 
1168 2 20.772600 7.613220 0.386164 
1367 2 17.828700 3.767390 2.451520 
1166 1 21.513900 7.029100 0.576721 
1236 2 22.452500 11.034800 13.343400 
1208 2 15.668900 8.948720 12.116600 
1860 2 24.090400 6.663860 2.201740 
1024 2 19.608000 10.765400 5.118630 
1022 1 19.507100 10.339500 4.417170 
273 1 16.549200 12.119300 12.044200 
1643 2 21.568200 3.597280 2.178520 
749 1 15.926400 12.505200 3.677690 
1585 1 23.501300 4.266490 8.794400 
544 2 13.953700 8.978180 4.539580 
1408 2 15.057100 7.975430 1.662570 
1586 1 23.057900 4.873950 9.753480 
680 2 14.439600 5.164250 3.408830 
1852 2 20.817700 11.815700 1.733260 
318 1 14.132900 4.811880 9.299410 
616 2 15.635100 2.002500 12.175000 
42 1 19.130600 3.569060 4.750250 
176 2 21.745300 10.020700 7.265330 
1059 2 23.951700 9.762030 1.611690 
582 1 17.719300 8.902270 8.669010 
36 2 25.910200 3.316150 6.056580 
1843 2 19.615100 3.631190 5.529500 
478 1 20.342100 12.440200 9.978520 
1673 1 21.839400 2.744000 8.046170 
1978 1 25.232800 6.514790 9.723130 
1701 1 18.302200 0.509575 8.010020 
613 1 15.115000 2.241940 11.672000 
1611 2 21.838300 1.278510 11.061100 
1060 2 23.727900 9.911520 1.931360 
1515 2 25.620500 7.663100 12.471300 
614 1 16.133500 2.920980 12.812500 
543 2 14.118300 9.037510 4.289170 
1973 1 19.282500 9.103130 12.602200 
1610 1 22.299600 0.947585 11.867200 
1468 2 15.053900 3.762690 0.463972 
1976 2 19.682900 9.516040 12.808900 
1850 1 23.422300 12.022100 5.021530 
1259 2 22.746600 9.124460 10.900800 
1143 2 14.682000 2.370450 5.637220 
980 2 13.159900 2.255300 9.059830 
1916 2 25.264200 11.640800 9.874840 
33 1 18.571900 6.770400 4.368720 
1520 2 23.217600 1.252030 5.106920 
897 1 14.779100 7.966290 7.859320 
1849 1 20.678300 12.136400 1.561670 
141 1 24.527400 1.648110 8.963510 
1457 1 22.871200 8.492820 11.063200 
1030 1 25.269500 4.059490 3.024880 
1407 2 14.989400 7.955190 1.521080 
28 2 20.232700 6.793960 7.756500 
1702 1 18.483100 0.706917 6.686690 
26 1 19.758600 6.984380 7.271650 
737 1 15.496800 12.014300 6.277110 
116 2 24.789200 11.493200 9.799080 
1703 2 18.126200 0.482851 7.450380 
571 2 19.353200 3.402450 10.070500 
495 2 18.518000 8.808490 2.180820 
1676 2 21.442300 2.338130 8.004500 
1260 2 22.600000 8.836180 10.825800 
21 1 20.048200 3.487320 5.906270 
1917 1 25.284700 7.985590 13.169500 
1058 1 23.548700 9.375470 2.372070 
174 1 22.499500 10.110200 7.842080 
1116 2 26.200300 13.394900 6.179440 
1641 1 21.150800 3.533630 2.788280 
1891 2 17.839600 6.739450 10.098400 
1675 2 21.377300 2.108750 7.815460 
35 2 25.698400 3.560460 5.833000 
143 2 25.273200 1.800480 9.389860 
1388 2 15.410700 8.292980 12.003900 
274 1 16.402100 12.968100 13.073000 
1385 1 21.738800 8.677670 4.666000 
1828 2 20.661300 6.690530 7.888090 
605 1 26.069100 3.100640 5.133090 
451 2 22.934700 12.120200 4.684290 
479 2 20.038700 12.665800 10.318900 
1426 1 19.473700 13.136800 10.653900 
402 1 18.031900 10.325900 7.682940 
677 1 14.365400 4.492200 2.976640 
1167 2 21.029800 7.481200 0.749868 
642 1 26.051100 6.490970 4.889750 
1639 2 16.262000 7.037840 6.247560 
1914 1 24.404600 10.903700 9.459170 
572 2 19.267200 3.572520 10.178000 
1644 2 21.454400 3.720090 2.044310 
1700 2 20.880800 6.335300 11.904300 
1826 1 21.007400 7.484390 8.150980 
175 2 22.056300 9.724120 7.432420 
1144 2 14.719900 2.682410 5.479210 
1765 1 14.049200 13.285300 0.929570 
320 2 14.189100 5.690690 9.828070 
1942 1 25.003000 1.416390 10.232200 
1851 2 20.824000 11.085000 1.579330 
1029 1 26.018800 3.205310 2.227690 
1864 2 19.588100 3.346060 5.379780 
679 2 14.533900 5.251180 3.255130 
1985 1 24.200700 2.478470 0.226062 
1113 1 26.272600 13.057200 6.623020 
1165 1 23.586200 6.443740 2.489740 
154 1 21.352400 10.007100 6.972670 
1258 1 22.244700 9.525040 10.816900 
276 2 16.553900 12.572100 12.448000 
25 1 20.965700 6.059490 7.208080 
467 2 23.875000 4.007600 12.011000 
27 2 20.636900 6.428450 7.823700 
751 2 15.542900 12.050300 2.894840 
1141 1 15.350900 2.117520 5.416760 
1023 2 19.259600 10.915400 5.244410 
569 1 18.957500 3.305510 10.738700 
1257 1 22.607000 12.025800 13.180700 
977 1 13.804200 1.803450 9.002270 
34 1 25.713200 3.625360 6.490670 
1587 2 23.180600 4.536070 9.180010 
678 1 14.606300 5.753170 3.403450 
1740 2 18.747200 6.342290 3.908270 
1114 1 26.007800 13.080300 5.250910 
506 1 16.699000 6.843380 0.573279 
142 1 25.700700 2.845140 9.440870 
1974 1 20.551900 10.158700 13.014900 
1941 1 25.832200 1.050340 8.866590 
1739 2 18.681600 6.355480 3.897800 
1519 2 23.013300 1.479280 4.870640 
458 1 22.718000 5.818780 5.446270 
1637 1 16.219200 7.429880 5.736850 
1989 1 21.794000 1.701570 10.616700 
144 2 25.376800 1.511640 9.217240 
793 1 16.417600 1.706470 11.720800 
1584 2 22.217000 8.310860 3.944310 
1758 1 22.545800 1.575640 4.478900 
1581 1 22.242600 8.116950 3.563300 
401 1 18.889000 10.158100 9.363800 
1737 1 19.020000 6.023660 3.619340 
1915 2 24.884400 11.631000 10.049300 
1893 1 19.628500 0.133291 4.615450 
898 1 13.577400 9.135240 8.605770 
1188 2 19.347700 1.044390 0.605772 
1762 1 20.955600 10.707000 2.005380 
1032 2 25.651000 3.535370 2.607520 
1186 1 19.070900 1.276570 0.623285 
480 2 20.054500 12.613700 10.236900 
848 2 24.952000 9.181570 6.238850 
1674 1 20.995900 1.772940 7.719100 
1406 1 14.859200 7.726000 0.954416 
1979 2 26.593300 6.839860 9.120260 
466 1 23.652300 4.438030 12.500400 
319 2 14.259700 5.821000 9.677640 
275 2 16.523400 12.701900 12.614000 
581 1 17.150200 10.481700 8.998500 
1514 1 25.790700 7.217030 12.050400 
738 1 14.431100 11.737200 5.956430 
178 1 26.638800 6.296120 8.460370 
115 2 25.293300 11.508000 9.956100 
1518 1 23.738600 1.298100 5.251410 
900 2 13.848100 8.854800 7.811700 
796 2 15.795500 2.209040 12.435700 
849 1 17.451900 4.743660 8.299990 
403 2 17.513100 10.078600 8.427810 
583 2 18.135900 10.158300 8.788340 
1368 2 17.975200 3.733880 2.447360 
1697 1 20.379700 5.596420 11.481700 
584 2 17.849300 9.655440 8.681680 
1698 1 21.305500 6.910660 11.889100 
1857 1 24.602800 6.673380 1.688040 
1678 1 13.583200 8.891460 7.112100 
852 2 17.081100 4.061140 7.703110 
1115 2 26.028400 12.794200 5.867330 
739 2 14.925200 11.949200 6.374430 
590 1 26.453500 11.585200 0.388038 
1205 1 15.511800 7.799560 12.146200 
1021 1 19.501200 11.537000 5.632320 
1638 1 16.122600 6.143400 6.539670 
1640 2 16.137200 6.996390 6.454520 
1387 2 21.976300 8.420700 3.955410 
1366 1 17.363100 4.279930 2.617280 
493 1 18.789900 8.047300 2.159450 
459 2 22.707800 5.305440 5.213630 
1516 2 25.250600 7.928160 12.889400 
1975 2 19.588100 9.280150 12.631600 
1980 2 26.112200 6.870840 9.139980 
847 2 24.894600 9.306270 6.267310 
1687 2 16.921600 0.643260 2.802290 
465 1 24.326800 3.779480 11.658800 
1890 1 18.118900 6.851790 10.256200 
750 1 15.311100 11.674700 2.444630 
851 2 16.939600 4.312020 7.996520 
494 1 18.230600 9.544220 2.157720 
1825 1 20.268000 6.222410 8.452920 
1845 1 14.554500 9.063250 4.261310 
570 1 19.685300 3.700450 9.700770 
1612 2 22.076700 1.061080 11.153000 
457 1 23.003900 4.568710 4.959900 
1943 2 24.898300 1.701570 9.387870 
1699 2 21.043800 6.285440 11.690500 
460 2 22.837800 5.135690 5.049090 
850 1 16.715000 3.626980 7.724620 
1031 2 25.692300 3.790180 2.554630 
63 2 24.055000 6.611860 1.983200 
899 2 13.865200 8.788270 7.940860 
846 1 24.364200 9.440160 6.144990 
452 2 22.625300 12.040900 4.594100 
1913 1 25.485100 10.936700 10.537700 
1466 1 15.153900 3.295010 0.108077 
1944 2 25.415600 1.908030 9.387180 
404 2 17.795800 9.911680 8.840930 
615 2 15.687100 2.057310 12.012500 
883 2 14.044800 11.582300 10.319700 
752 2 15.477000 11.808900 3.009310 
1827 2 20.221900 6.671750 7.835110 
1386 1 15.367600 9.519680 12.690800 
1187 2 19.426800 0.473716 0.789442 
1892 2 17.503600 6.286340 10.325900 
1262 1 24.934400 0.249337 2.989880 
884 2 13.678600 11.607100 10.504700 
237 1 15.715700 1.233210 12.961400 
468 2 23.983100 4.146160 12.380600 
1206 1 16.349200 9.143240 11.446200 
1685 1 17.070400 1.006880 2.625770 
1642 1 21.860100 3.743350 1.561980 
1365 1 18.345500 3.306560 2.257450 
1185 1 19.651100 0.216898 0.680409 
1057 1 23.822700 10.151700 1.385160 
1738 1 20.408000 8.066530 0.211956 
450 1 22.438300 11.980600 4.303970 
496 2 18.496900 9.126160 2.479500 
845 1 25.582300 8.851280 6.346870 
705 1 16.904800 5.925140 10.462600 
1467 2 14.656000 3.746960 0.156054 
1207 2 15.812500 8.801670 12.209200 
740 2 14.974400 12.006000 6.181640 
795 2 15.766000 1.934190 12.281000 
114 1 24.646900 12.349300 10.169300 
1704 2 18.464700 0.662558 7.086070 
1079 2 13.200200 0.269012 3.030810 
113 1 26.149000 11.768000 9.324270 
1142 1 14.171000 2.903900 5.730790 
1217 1 24.837800 2.151660 13.116200 
1405 1 15.358200 8.283600 2.078830 
881 1 14.433800 11.866400 9.865260 
317 1 14.267900 6.272700 10.056400 
1465 1 14.240200 4.325760 0.568117 
1721 1 18.114600 13.184700 1.760050 
177 1 26.254200 7.813250 9.059580 
1688 2 16.878700 0.390023 2.782100 
882 1 13.482800 11.363500 10.865800 
643 2 26.262800 6.832620 4.543900 
180 2 26.230200 6.886680 9.536090 
1896 2 19.519200 0.200746 3.954560 
1437 1 19.672500 0.108972 10.947400 
1418 1 25.600100 0.558956 13.159100 
508 2 17.085400 6.523720 0.141789 
1235 2 22.653000 11.281400 13.165500 
1216 2 19.455300 2.542210 14.392200 
1838 1 18.767900 10.973400 22.627100 
567 2 21.409000 1.029050 20.261700 
1278 1 15.126900 12.392000 20.083300 
1618 1 21.627200 7.124780 24.657600 
38 1 19.111700 10.760200 20.995600 
1417 1 25.138700 1.449290 14.789800 
686 1 13.921100 10.912100 17.334100 
1500 2 17.510900 1.019360 17.428100 
1473 1 21.592700 10.785100 15.915300 
1499 2 17.506800 1.250790 17.387000 
1654 1 24.083300 10.681400 16.928700 
716 2 14.229900 9.560520 24.980600 
186 1 23.606600 0.693544 26.209100 
1490 1 15.346500 3.668900 15.884100 
1474 1 20.981200 9.526590 16.031600 
1497 1 16.829000 1.247670 16.592300 
252 2 25.117100 0.763243 17.973100 
1042 1 25.412700 5.584170 21.895400 
331 2 25.553200 7.264270 16.830700 
1476 2 21.397500 10.218000 16.021400 
1861 1 20.537600 3.916880 25.840000 
1779 2 22.174000 6.760240 15.310500 
1237 1 15.429400 8.054940 22.460200 
1781 1 13.746300 5.844250 23.651700 
967 2 14.799300 0.073640 15.774900 
298 1 13.839000 11.718900 13.422600 
1922 1 15.106400 1.616900 19.955700 
629 1 14.479900 6.938690 20.175700 
366 1 18.970600 4.568230 22.139200 
1472 2 23.331400 11.615100 20.147800 
1984 2 24.082100 1.666090 25.631900 
1537 1 20.197600 4.235230 18.234100 
840 2 17.714100 10.865900 15.722000 
566 1 21.882800 1.390760 19.980600 
1044 2 26.082900 6.171670 22.144700 
1601 1 14.764300 5.308630 24.400200 
763 2 17.817000 1.119260 21.171500 
251 2 25.455800 0.770226 17.983500 
1603 2 14.612800 5.649930 23.655000 
920 2 15.233200 5.461530 13.573300 
1656 2 24.496800 10.856700 16.623900 
1213 1 18.913800 1.791130 13.601700 
1921 1 15.421300 2.914350 21.015400 
713 1 14.527200 8.776230 24.758400 
362 1 22.118000 0.220680 18.001200 
1074 1 23.957200 2.656230 24.304800 
1534 1 17.482500 11.469000 25.592000 
1794 1 22.558500 6.618040 15.449300 
305 1 20.679000 8.914040 19.640600 
971 2 25.543100 2.466820 20.497100 
1801 1 22.440500 2.068420 25.771800 
279 2 26.320300 4.671460 14.238300 
905 1 23.258200 3.935260 17.119200 
124 2 15.125600 2.795880 20.129400 
1419 2 24.982600 1.048560 14.128300 
1981 1 26.297100 9.086660 23.655400 
40 2 19.527200 11.365700 22.132100 
1536 2 17.320800 11.158300 26.066700 
1238 1 16.537300 8.961390 22.612800 
690 1 18.562000 6.292800 21.367900 
1841 1 25.811900 9.657220 25.305000 
565 1 20.774900 0.685557 20.849100 
908 2 23.304300 3.661390 17.199900 
714 1 16.973800 3.671370 24.274100 
1313 1 17.532900 8.733310 19.192500 
1756 2 19.517800 13.355300 13.779700 
1254 1 19.132600 9.326110 24.119500 
1117 1 23.435800 4.431210 20.742200 
3 2 24.175400 1.908980 25.458700 
1491 2 15.640200 3.560420 16.275000 
39 2 19.457900 11.324100 22.179700 
102 1 14.482200 3.324630 19.505600 
1689 1 16.834900 13.263500 17.748300 
1535 2 17.383600 11.305500 26.087600 
1538 1 19.406600 3.155170 17.984100 
1277 1 16.519400 12.057500 20.647200 
117 1 21.611800 7.591680 20.433300 
1655 2 24.475900 10.979600 16.635200 
692 2 18.272700 5.624340 21.017800 
630 1 15.183300 7.560420 19.196700 
277 1 26.334000 4.886160 15.172900 
1239 2 15.947100 8.524510 22.421800 
1430 1 17.826300 6.505890 14.748300 
334 1 22.016000 11.525200 23.914300 
119 2 21.103000 8.235050 19.360000 
1073 1 17.853100 2.799080 23.673700 
1018 1 18.124200 5.708610 17.314800 
1630 1 20.821300 4.177550 21.711500 
689 1 17.852800 5.113840 20.351800 
349 1 21.191200 0.870824 23.449700 
1314 1 17.665500 9.239940 17.762700 
1839 2 19.390700 11.136300 21.754800 
972 2 25.297200 2.614590 20.690100 
1026 1 15.227800 1.075530 25.536100 
332 2 25.356600 7.260910 16.392900 
1609 1 23.999400 0.949350 24.362600 
715 2 14.429000 9.563110 25.146100 
1395 2 19.473800 2.691500 14.210400 
1267 2 20.544000 4.041540 22.591400 
907 2 23.140000 3.259990 16.989400 
1469 1 22.646500 11.079000 20.272100 
1604 2 14.543800 5.370340 23.788000 
891 2 23.237000 4.911170 20.204500 
505 1 17.084400 5.918120 25.951400 
1255 2 18.776400 8.623360 24.447600 
430 1 26.443400 4.456200 18.846800 
1439 2 17.497800 5.925060 17.547900 
23 2 26.078000 9.520060 24.416400 
118 1 20.560100 7.392070 19.073100 
970 1 25.920900 2.879030 20.159100 
645 1 14.101100 10.258900 25.092900 
363 2 21.975300 0.234445 17.344600 
1799 2 22.191000 7.210070 23.877200 
1215 2 19.600200 2.405340 14.148400 
1658 1 14.686100 8.699780 16.411700 
122 1 15.829600 2.921510 19.510900 
1396 2 19.819500 2.518000 14.465700 
330 1 26.233900 7.222230 15.932900 
1256 2 18.697500 8.720700 24.253400 
1923 2 15.138700 2.866430 20.124400 
215 2 26.493600 6.294160 25.781500 
1471 2 23.395700 11.605400 20.448200 
1632 2 19.938000 4.022060 25.964800 
297 1 14.208100 11.493000 14.604600 
1280 2 15.820500 11.993500 20.381500 
892 2 22.942100 4.940670 20.048400 
1619 2 21.984300 7.030360 23.652900 
120 2 21.219400 8.370630 19.554200 
1315 2 17.546300 8.957800 18.704500 
183 2 24.495400 1.907360 25.394300 
632 2 14.801500 7.343300 19.559800 
1617 1 21.622800 7.146030 23.107800 
1918 1 21.968100 8.390650 18.638100 
667 2 25.419700 8.649070 20.223500 
364 2 21.934700 0.346284 17.206200 
250 1 25.193600 0.192851 18.369500 
687 2 14.610600 10.820400 17.775700 
1657 1 15.608100 8.733340 15.540500 
1438 1 16.990200 6.061400 17.515600 
717 1 13.936600 5.416900 17.175100 
906 1 23.137200 2.583830 17.277800 
1265 1 25.457700 0.931389 25.869100 
1268 2 20.367200 4.119580 22.032500 
1316 2 17.529300 8.934560 18.359100 
969 1 25.195200 2.132400 20.948800 
336 2 22.379200 11.347600 24.360400 
1279 2 16.091500 12.197200 20.324600 
1983 2 24.061300 1.637060 25.138700 
333 1 22.629200 11.459800 25.069000 
1653 1 24.928500 11.058100 16.152600 
1837 1 20.506700 10.897400 22.118600 
1629 1 19.017800 3.987200 26.318500 
1240 2 15.955400 8.588480 22.316300 
1782 1 14.628200 4.556580 22.752200 
1597 1 24.140300 0.462381 14.218100 
837 1 17.951700 11.316500 16.405600 
1214 1 19.240500 3.594690 14.263600 
1599 2 24.969800 0.971599 13.926100 
507 2 17.049800 6.190630 26.061000 
1840 2 19.038000 11.136500 21.904100 
1824 2 25.810000 9.840150 24.354800 
1435 2 19.782500 12.340300 17.718800 
335 2 22.297200 11.376900 24.444700 
1802 1 25.326600 3.168980 25.307600 
1803 2 23.890900 1.800400 25.335100 
666 1 24.905200 8.751420 21.074700 
1539 2 19.969300 3.902370 18.046500 
329 1 25.134000 7.229900 17.137600 
838 1 17.977500 10.455600 15.219600 
1784 2 14.641600 5.281820 23.010000 
1924 2 15.310400 3.036840 19.665800 
919 2 14.898200 5.512140 13.502200 
1602 1 15.322800 5.971370 22.905400 
1600 2 24.751300 1.328390 13.511300 
691 2 18.129600 5.280680 21.053200 
351 2 20.515200 0.451709 23.516600 
1533 1 17.023000 10.884500 26.650400 
300 2 14.265800 11.639700 14.124900 
1540 2 19.699500 3.583360 18.274700 
1659 2 15.238600 8.626320 15.928100 
1920 2 20.997600 8.247100 19.130500 
280 2 26.618400 4.744740 14.624300 
352 2 20.502300 0.189744 23.479700 
1598 1 22.968200 7.926930 23.920500 
1620 2 21.971500 7.156920 23.856200 
1436 2 20.185000 12.741700 17.748300 
1432 2 18.144700 6.329420 14.244700 
1823 2 25.712900 10.005300 24.212800 
4 2 24.164200 1.791900 25.958400 
1420 2 25.231900 1.105570 13.834800 
1253 1 18.424000 8.188530 24.586200 
249 1 25.303200 1.214740 17.850600 
1266 1 20.485900 3.693620 23.228000 
966 1 14.801000 0.666224 15.402300 
1393 1 19.718300 2.139580 15.309300 
1631 2 19.740000 4.005810 26.218400 
1394 1 20.831500 2.921770 13.730200 
1822 1 25.191300 10.439700 23.955700 
764 2 17.735900 0.861149 21.425400 
1798 1 22.974700 6.133320 24.006600 
1919 2 21.468000 8.108010 19.405500 
1783 2 14.721400 5.529870 23.268300 
698 1 26.119700 10.672300 13.807900 
1043 2 25.864400 6.098090 22.223500 
890 1 22.911100 4.946190 19.308000 
761 1 17.966700 1.704480 20.970000 
1440 2 17.503700 5.886480 17.427100 
1804 2 23.789100 2.348520 24.760200 
1660 2 15.179700 8.508660 15.996100 
361 1 21.746300 0.292125 16.540200 
1489 1 16.450700 3.587930 17.029100 
123 2 15.112500 2.677490 19.960900 
668 2 25.190400 8.829130 20.171300 
1075 2 17.503400 3.429910 24.022900 
1761 1 23.992700 12.028700 20.329400 
685 1 15.175800 10.692800 18.003500 
37 1 19.152500 12.429800 21.869500 
184 2 23.867200 2.012330 25.520900 
1492 2 16.071000 3.466190 16.429200 
1777 1 21.408100 6.884920 14.457900 
1800 2 22.432500 6.981950 23.853200 
631 2 14.877300 7.209110 19.897500 
1429 1 18.196900 6.590170 13.375400 
24 2 25.854700 9.935070 23.854400 
1434 1 19.724100 11.934200 17.306300 
1475 2 21.247200 10.002800 15.765500 
299 2 14.161900 11.593600 13.889900 
1076 2 17.339600 3.216000 23.892800 
1754 1 19.469400 12.624900 13.740000 
917 1 14.901200 4.953080 13.476400 
1433 1 20.344000 12.948900 18.059100 
665 1 25.629200 8.510800 19.479000 
568 2 21.467600 0.785089 20.290700 
839 2 17.914900 10.645300 15.580800 
1780 2 21.977200 6.570910 15.052600 
918 1 15.224600 6.179100 13.725100 
688 2 14.544500 10.866900 17.594300 
1431 2 18.005800 6.786750 14.033100 
762 1 17.226500 0.685500 21.656400 
1025 1 16.378000 0.808891 26.004000 
1027 2 15.610400 0.945107 25.716600 
1028 2 15.892600 1.060130 26.010900 
1498 1 17.921400 1.093340 17.573900 
968 2 14.868400 0.179748 15.934400 
181 1 20.113900 12.885800 25.211000 
699 2 26.199700 11.028200 13.788000 
213 1 26.238500 5.754340 25.603100 
1233 1 22.829400 10.615800 13.484100 
1348 2 18.288600 15.605600 11.704600 
93 1 21.347500 13.922100 3.454460 
981 1 13.592800 23.155200 0.281350 
1742 1 21.657500 26.203100 2.366150 
263 2 25.353300 14.409400 12.704000 
1542 1 21.374900 19.373500 2.113700 
1347 2 18.192800 15.288700 11.780400 
190 1 14.750000 16.256500 7.448840 
1383 2 13.386000 21.025200 4.700790 
261 1 25.444000 14.919800 12.963800 
22 1 23.097800 13.452400 1.409560 
1110 1 25.038600 15.140300 8.784780 
436 2 16.641300 24.705800 13.362000 
1220 2 19.136300 26.048200 10.883400 
1684 2 20.497700 17.798100 12.789000 
1039 2 13.702800 18.094100 13.291900 
1832 2 18.309800 19.788600 5.975680 
1888 2 23.444800 16.930400 6.212440 
434 1 16.957700 24.704000 13.264300 
43 2 23.242600 13.999500 0.713754 
1109 1 26.117600 15.568100 9.552670 
814 1 15.456200 24.755400 8.469480 
802 1 14.661200 24.745900 0.731700 
982 1 14.357500 23.675000 1.908880 
1421 1 21.420700 23.217200 5.510530 
994 1 15.800100 24.621400 10.214700 
1748 2 17.338500 13.901400 5.064440 
1573 1 19.248300 13.697600 7.172930 
1844 2 23.410800 14.240100 0.681686 
376 2 15.350000 21.495700 8.185930 
1887 2 23.554800 16.838500 5.906250 
1589 1 19.994000 23.395600 0.887796 
1543 2 21.130700 18.930000 2.703820 
374 1 14.935000 21.334000 7.902140 
648 2 16.465900 13.543300 8.719780 
1201 1 13.907600 21.090200 5.719010 
360 2 15.572300 21.810700 11.175400 
706 1 21.587300 15.295900 3.836090 
676 2 23.566900 17.852000 1.183310 
1592 2 19.396500 22.966700 1.138330 
191 2 14.544000 17.029500 6.944800 
310 1 22.437700 14.412800 7.119880 
1670 1 14.204400 19.889400 1.094170 
774 1 23.478900 22.142900 8.152970 
96 2 21.434200 14.765500 3.644570 
776 2 23.809100 22.834700 8.077560 
596 2 19.518900 21.643300 12.213600 
1960 2 16.480100 23.974400 5.501540 
1319 2 16.573800 18.932800 11.687200 
1708 2 16.766400 19.970000 2.397290 
1345 1 18.629700 15.714500 11.029200 
993 1 14.896100 26.007200 10.333800 
1128 2 22.119200 25.442600 7.587360 
264 2 25.212300 14.309000 12.701800 
675 2 23.834800 17.735100 1.173430 
1193 1 25.275600 16.026800 3.027870 
44 2 23.359900 13.935100 0.858939 
1263 2 25.608800 26.239200 2.541980 
804 2 14.607300 24.045800 0.561017 
1392 2 22.214400 15.266700 11.002000 
1045 1 23.948700 20.855300 3.723700 
1760 2 20.643500 16.360900 8.437840 
1009 1 22.350700 19.990500 5.699050 
1010 1 21.289600 20.387900 6.393810 
1048 2 24.021500 20.297700 3.454610 
30 1 20.641800 16.708900 0.115723 
1886 1 24.038000 16.723500 6.326720 
1546 1 18.163000 18.644600 8.303220 
1580 2 23.639100 21.164200 12.003400 
1786 1 24.063600 22.135800 1.188460 
1424 2 21.630400 23.038000 4.631460 
1736 2 25.636900 23.305200 4.560380 
1706 1 15.952700 19.763000 2.424160 
358 1 15.941300 21.603700 11.438000 
773 1 24.329300 23.209200 7.890670 
1743 2 22.225000 25.956200 2.465620 
1767 2 13.492400 13.326800 0.384220 
1576 2 19.850100 13.582200 6.510750 
1112 2 25.526700 15.329700 9.296990 
1125 1 22.768000 25.570100 8.470370 
1423 2 21.672300 23.412500 4.798490 
1146 1 23.200200 24.197900 11.916400 
1544 2 21.265500 18.884800 2.934180 
646 1 16.693700 13.577300 9.351300 
1412 2 19.142000 22.774800 1.197860 
1831 2 18.187600 19.889700 5.998650 
50 1 24.977200 18.083400 10.703000 
306 1 16.480400 16.711300 0.982643 
1410 1 19.050700 22.182800 0.823054 
1011 2 21.850500 20.178300 6.114720 
312 2 23.018200 13.954200 7.354600 
1200 2 19.756800 23.035800 8.331220 
1020 2 19.756700 23.046700 8.140520 
1787 2 23.874400 22.700900 1.158230 
1147 2 23.382600 24.688000 11.624800 
1409 1 19.280900 22.487600 2.532550 
1346 1 18.109500 15.172400 12.407200 
373 1 15.918000 21.406500 8.488230 
1399 2 19.209600 25.872100 10.862800 
1829 1 18.768100 20.153800 5.661270 
1766 1 13.115000 13.932000 0.050224 
1145 1 23.294400 25.719900 11.467700 
997 1 20.422000 24.248500 8.150910 
1785 1 23.727300 23.318900 1.395520 
367 2 16.110800 16.943400 3.740660 
1548 2 17.609800 17.957200 8.627700 
375 2 15.344700 21.291500 8.188880 
1830 1 17.630600 19.747500 6.280870 
1148 2 23.215500 24.803100 11.875800 
365 1 16.416700 17.599100 3.856530 
10 1 14.011900 17.840000 7.717470 
1575 2 19.827400 13.569500 6.938830 
673 1 23.976400 17.858000 1.675070 
1578 1 23.270400 20.814500 11.534400 
622 1 19.401900 16.836500 5.040930 
607 2 26.220300 22.983700 13.190900 
414 1 19.063900 21.946900 11.247200 
594 1 20.440300 20.684000 12.016500 
189 1 15.931300 17.771800 6.973130 
1683 2 20.441000 17.942800 12.559000 
815 2 15.128300 25.124100 9.752410 
359 2 15.222600 21.954800 11.443900 
1931 2 25.592600 19.851500 7.344310 
1047 2 24.343300 20.174500 3.521510 
1320 2 16.359300 18.922600 11.837200 
1334 1 13.465800 25.680900 6.527690 
1932 2 25.647400 19.866900 7.240430 
1929 1 25.326300 19.368300 6.861210 
1391 2 22.322500 14.968500 11.036500 
1197 1 18.739200 23.277500 8.239140 
416 2 19.239300 21.279100 12.019800 
221 1 21.819800 20.068900 8.945920 
1590 1 18.357200 23.604500 1.222140 
1734 1 25.877000 22.834100 4.130730 
1389 1 22.635300 15.905100 10.938100 
1541 1 21.520100 18.454500 3.258100 
816 2 15.099100 25.035800 9.988010 
311 2 22.867600 13.766500 7.725220 
9 1 14.265300 17.450300 6.045300 
1317 1 16.924400 18.345600 11.898500 
1196 2 25.243500 15.910700 3.638920 
413 1 19.518600 21.763300 12.967000 
12 2 14.816200 17.213500 7.357970 
173 1 20.197400 16.027600 7.950560 
11 2 14.973900 17.290400 7.205900 
1733 1 25.361100 23.775200 5.012420 
1747 2 17.423100 13.911400 5.174060 
1411 2 19.113000 22.682300 1.393990 
308 2 16.183300 16.775200 0.119234 
1664 2 13.670400 14.418100 4.062440 
1017 1 20.076400 22.535100 9.039410 
1757 1 20.899700 16.359700 8.862340 
1545 1 17.426300 17.613500 8.705130 
224 2 21.359600 19.725600 9.242980 
621 1 19.767600 18.224800 3.962340 
1506 1 24.393400 18.078700 13.093200 
1623 2 26.084400 24.901600 9.496160 
1569 1 25.609000 25.982400 6.353010 
984 2 14.321300 23.581000 1.574020 
1547 2 17.934400 18.063700 8.627490 
1591 2 19.212500 23.174600 1.408060 
624 2 19.700500 17.086800 4.765170 
1381 1 14.012700 21.152300 3.936390 
775 2 23.825400 22.580000 7.815810 
222 1 15.532900 16.644200 3.890550 
995 2 15.229800 24.950700 9.505080 
1741 1 22.827800 25.858000 3.052630 
49 1 23.621400 18.026400 10.180300 
1198 1 20.017500 22.655400 7.279050 
1778 1 15.418200 24.256100 6.180040 
1745 1 17.763900 14.656400 4.936470 
1390 1 22.071500 14.379800 11.198900 
996 2 15.078700 25.209000 9.368330 
1661 1 14.093900 13.877400 3.359220 
368 2 15.999100 16.978400 3.834470 
1126 1 21.960300 25.565800 7.401190 
51 2 24.198700 18.047800 10.266000 
209 1 19.458200 24.990500 10.266900 
1621 1 25.677300 24.159600 9.656670 
1012 2 21.597100 20.168000 6.226370 
608 2 25.932500 23.130400 13.141600 
1422 1 21.895900 23.330100 4.097520 
157 1 16.406600 24.009400 4.758300 
1723 2 18.064000 13.919100 2.022700 
1484 2 13.651500 19.382600 9.908000 
1885 1 22.811300 16.925500 5.846320 
1681 1 21.158000 18.154500 12.551900 
803 2 14.983800 23.476100 0.833845 
159 2 16.183200 24.285200 5.583340 
1759 2 20.653600 16.216500 8.473430 
983 2 14.404200 23.679000 0.920293 
192 2 14.110900 17.335500 6.894650 
31 2 20.114100 16.536200 0.905392 
1199 2 19.617900 23.086100 8.171840 
674 1 23.231400 17.631900 0.519504 
309 1 23.297000 13.346900 7.810940 
1203 2 13.241900 21.067100 4.972030 
1127 2 22.318000 25.464000 7.987100 
1579 2 23.601400 21.327900 11.946600 
1305 1 14.751700 15.027000 10.646300 
223 2 21.116200 19.527300 9.413970 
1336 2 13.299500 25.515800 6.233430 
32 2 20.144800 16.717500 0.574503 
1306 1 14.885000 16.448300 10.129200 
1895 2 19.350400 26.290100 4.297120 
1571 2 25.772200 26.004700 6.167190 
160 2 16.594300 24.498200 5.885310 
1788 2 23.699800 22.915900 1.338550 
29 1 19.680000 16.569700 1.186440 
1046 1 24.445900 19.720300 2.937060 
1318 1 16.108900 19.221200 11.566600 
593 1 18.569100 20.398000 11.854700 
801 1 15.433000 23.311600 0.686609 
52 2 24.164300 17.998400 10.324500 
1707 2 16.766800 20.254700 2.543340 
1624 2 26.220200 24.768400 9.653290 
1930 1 25.888900 20.188000 7.755390 
1663 2 13.736700 14.226300 3.826060 
1019 2 19.774200 22.862500 8.012600 
238 1 17.310200 24.565100 6.268130 
2 1 16.099100 14.220400 8.199750 
1111 2 25.538900 15.443500 9.123190 
1650 1 20.762800 19.186400 9.324870 
1735 2 25.804100 23.292500 4.382640 
95 2 21.274700 14.671200 3.707520 
41 1 22.827800 14.362200 0.402796 
794 1 14.156600 24.877900 9.701190 
623 2 19.391100 17.389300 4.460450 
1195 2 25.200100 15.911800 3.489730 
1768 2 13.777400 13.567900 0.344214 
1577 1 24.160300 21.697600 12.286000 
415 2 19.498900 21.250400 12.052100 
1574 1 20.354200 13.615200 6.240210 
1662 1 13.443600 14.728300 4.305720 
647 2 16.645800 13.966300 8.946420 
1261 1 25.550900 26.049800 1.952820 
1308 2 15.167700 15.671300 10.599700 
1724 2 18.232000 13.592100 2.099060 
1722 1 18.319800 14.400200 2.399330 
595 2 19.269400 21.459700 11.912700 
1705 1 17.107000 20.443000 2.198980 
1398 1 26.079100 23.834800 12.690600 
1307 2 14.830200 15.886500 10.538100 
1481 1 13.894600 19.565900 9.382790 
262 1 25.053300 13.869800 12.143300 
1842 1 24.197300 14.394300 0.425124 
1400 2 19.090400 25.984300 10.588800 
1744 2 22.242900 26.213600 2.657560 
1483 2 13.709800 19.384000 9.884620 
357 1 14.759400 22.462700 10.708700 
1482 1 13.688800 19.036800 10.446400 
1194 1 24.965800 15.826200 4.292040 
1204 2 13.644400 20.801100 4.894320 
1671 2 13.826800 19.466200 1.100920 
1264 2 25.446600 26.492500 2.465500 
1746 1 17.213900 13.541900 5.182500 
1682 1 20.003200 17.595400 13.093000 
1572 2 26.199500 26.127700 6.157540 
1672 2 13.584700 19.373200 0.963376 
1894 1 18.997700 26.185100 3.380150 
1686 1 16.656400 26.224000 3.036820 
1218 1 18.515900 25.721400 11.043500 
131 2 18.908900 16.766500 24.054600 
1299 2 25.944000 13.811700 19.805800 
703 2 22.035000 24.032800 25.239300 
394 1 14.531800 21.768800 18.731900 
1865 1 20.354400 22.122900 18.603000 
925 1 21.197300 18.913700 16.054900 
1034 1 18.168600 25.142900 24.229900 
806 1 21.905000 17.512100 24.414000 
1070 1 22.723600 14.519200 22.288100 
1731 2 22.054100 22.465800 14.828800 
1331 2 19.175200 23.501000 15.623300 
1805 1 21.585000 23.110000 21.459500 
1379 2 22.125600 14.891900 18.590800 
64 2 26.091000 17.598100 15.923100 
1691 2 16.847000 13.533200 17.150600 
1298 1 25.425100 13.975300 19.081400 
1332 2 18.986100 23.389800 15.616900 
1083 2 19.359200 24.550000 18.809400 
1300 2 25.734300 13.837300 19.921200 
1054 1 14.832300 25.283000 19.077700 
768 2 14.486400 16.976500 22.853000 
405 1 23.096100 23.533400 18.175100 
438 1 22.178300 14.713900 14.330200 
797 1 17.436700 20.115900 20.710800 
454 1 24.685700 13.471500 16.720000 
1360 2 15.689700 15.640300 14.096500 
928 2 22.046900 18.377700 15.927500 
1614 1 24.201000 20.476500 15.915700 
1946 1 13.507200 19.642300 23.314300 
1808 2 20.720900 23.555200 21.604400 
100 2 17.855800 15.605600 20.749400 
1033 1 16.749100 24.797200 24.643600 
894 1 25.203700 13.083400 22.835000 
1753 1 19.203200 14.072900 14.005600 
765 1 14.693900 16.590700 22.936300 
106 1 22.510200 20.686900 24.412400 
395 2 13.750700 21.475400 18.740500 
286 1 25.408000 19.433100 26.297500 
1528 2 21.908500 18.125400 21.422900 
1634 1 24.596500 22.357500 23.727000 
1507 2 23.646900 17.874400 13.526000 
453 1 25.342300 14.750600 16.692100 
68 2 20.986400 21.346800 18.058200 
130 1 18.805800 16.045700 23.375600 
1099 2 15.738800 13.662100 24.448400 
1994 1 25.761000 18.179700 21.144900 
440 2 22.369400 15.100500 14.739400 
958 1 15.286500 22.868200 16.424500 
1380 2 21.942100 15.213200 18.743800 
1636 2 24.950700 22.991700 23.931500 
1184 2 16.955000 20.569000 24.469900 
1889 1 26.152000 22.319800 13.586600 
1271 2 19.506200 19.850800 21.919000 
805 1 23.316800 16.498800 23.954000 
1907 2 21.853500 20.790400 25.383100 
800 2 16.956200 19.825000 19.849900 
433 1 15.738700 24.002200 13.338000 
354 1 23.380800 25.963900 21.445000 
1463 2 20.147700 18.077800 18.767600 
196 2 26.484600 17.321500 21.810200 
1729 1 22.729900 22.437700 14.765400 
835 2 13.627400 13.786000 16.311700 
1072 2 22.003200 14.409500 22.012900 
896 2 24.661900 13.404500 23.352200 
766 1 14.273500 17.884700 23.114800 
1755 2 19.263400 13.196300 13.934600 
1525 1 22.205100 18.194400 21.888400 
1899 2 18.339200 15.664000 20.537700 
704 2 21.932100 24.344700 25.438100 
798 1 15.940900 19.844600 19.957600 
1863 2 26.083400 17.448700 16.143700 
1508 2 23.639900 17.751800 13.412300 
129 1 18.578400 17.029300 24.715000 
799 2 16.685200 19.807300 19.850000 
1988 2 20.150900 13.402000 25.199200 
701 1 22.574300 24.023500 25.166100 
1269 1 19.675700 20.490500 21.834800 
1356 2 16.181400 23.176600 21.718700 
1613 1 24.918200 21.394700 16.215500 
1530 1 23.815900 20.511300 21.514100 
1272 2 19.338800 19.799000 21.888900 
1934 1 26.369800 21.883100 21.082500 
1202 1 16.215100 21.441100 24.062200 
408 2 23.614400 23.947900 18.459900 
1036 2 17.086700 24.881800 24.397600 
702 1 21.319000 24.397200 25.477600 
1003 2 16.712600 20.647800 24.527600 
893 1 24.228400 13.669000 23.774100 
439 2 22.399000 15.121900 14.902400 
836 2 13.966400 14.105200 16.558000 
1353 1 16.436800 22.357000 21.147000 
1962 1 14.517600 26.271000 22.678200 
1517 1 16.268500 16.704500 26.146300 
99 2 18.084800 15.744900 20.513900 
1616 2 24.481200 21.188800 16.039400 
1582 1 14.747200 16.194800 17.294400 
1461 1 19.791100 18.347100 19.203000 
437 1 22.594900 15.548200 15.170400 
1181 1 17.463200 21.210200 25.138900 
1183 2 16.429700 20.772400 24.807900 
66 1 20.837900 21.354900 17.112900 
1182 1 16.977300 19.946200 24.147500 
1898 1 18.969200 15.842400 20.857000 
435 2 16.256000 24.386400 13.487700 
1690 1 16.754700 13.568700 16.367300 
65 1 20.994100 20.632000 18.742200 
1494 1 19.141400 15.976300 15.445500 
356 2 23.843700 25.635100 21.756100 
1377 1 22.697800 14.741100 18.672000 
1297 1 26.068300 13.610200 20.201300 
69 1 24.732500 18.508300 18.147900 
1963 2 13.621900 26.258500 22.916300 
895 2 24.984900 13.196500 23.139000 
70 1 23.549500 18.287500 18.722500 
1908 2 22.153900 20.763500 24.893700 
350 1 20.232900 26.450800 23.428500 
1997 1 14.048300 15.012000 19.877300 
1878 1 16.122300 20.603400 14.469200 
1330 1 19.200300 23.044500 15.219600 
617 1 16.954200 20.192400 18.648700 
1531 2 23.564600 20.847000 21.556400 
1527 2 21.952400 17.823500 21.332000 
107 2 21.823900 20.615900 25.153600 
1633 1 25.355200 23.652000 24.365600 
1961 1 13.270100 26.223800 21.543500 
1730 1 21.499200 22.736400 15.020600 
67 2 21.320100 21.532800 18.286800 
1053 1 15.917400 26.219500 18.880600 
960 2 16.000800 23.268000 17.204800 
1635 2 25.150000 22.896300 24.177600 
620 2 16.693400 19.660600 19.765700 
72 2 24.118600 18.140500 18.473600 
1097 1 16.678000 13.726300 24.386700 
1964 2 13.369800 26.394200 22.693400 
1583 2 14.604200 16.752300 17.501000 
1462 1 20.217300 17.746400 18.128300 
618 1 16.739500 18.734600 19.817400 
1358 1 15.912900 15.446600 14.438700 
1404 2 14.660800 17.136100 17.400600 
1877 1 17.524600 20.650300 15.134200 
1495 2 18.748600 16.244300 15.309000 
455 2 25.057400 14.123500 16.756800 
1868 2 20.868000 21.417100 18.544900 
1900 2 18.176500 15.413900 20.790500 
767 2 14.560900 17.025200 23.075700 
1880 2 16.507100 20.094600 15.318200 
1529 1 23.105200 21.756200 21.760600 
1082 1 18.774600 24.920500 18.118500 
1866 1 21.734600 21.521300 18.197900 
1464 2 20.071500 18.098300 18.564900 
1867 2 21.005400 21.574600 18.190000 
619 2 16.655200 19.365500 19.867600 
406 1 24.016300 24.153200 18.808000 
780 2 20.622600 25.338000 14.180300 
355 2 24.263600 25.612500 21.704000 
927 2 21.457100 18.611100 15.976100 
926 1 22.345000 18.160400 16.322200 
1329 1 18.979700 23.890500 15.866500 
1615 2 24.332500 20.954600 16.132500 
1496 2 18.619900 16.253500 15.206200 
15 2 26.345800 17.429000 21.749600 
777 1 21.249500 25.693700 13.681800 
808 2 22.857500 16.775100 24.205600 
1526 1 21.682200 17.536200 20.952700 
77 1 16.809800 18.971500 15.284700 
1035 2 17.328700 24.943200 24.551900 
1493 1 18.220400 16.917300 14.955800 
961 1 13.555100 21.862000 13.315600 
240 2 13.696000 14.606800 20.186300 
1987 2 20.881000 23.580300 21.922800 
97 1 18.020200 15.640000 19.219500 
1401 1 14.580600 17.495300 17.407600 
98 1 17.501300 14.707300 20.822500 
834 1 14.368600 13.262000 16.819900 
285 1 26.366100 20.194300 25.374300 
407 2 23.819100 23.871300 18.371400 
1879 2 16.571100 19.913900 15.529700 
1270 1 19.241100 19.139600 21.992000 
105 1 21.180600 20.266200 24.960500 
194 1 25.530400 16.766400 21.780800 
1355 2 16.384400 23.078300 21.368200 
79 2 16.650200 20.196100 15.480300 
217 1 13.274100 14.138500 20.721800 
1905 1 21.594100 21.831300 24.965000 
164 2 13.608200 26.328300 22.703600 
1071 2 22.042500 14.463000 22.084900 
957 1 16.381800 23.472700 17.630700 
959 2 15.798300 23.442700 17.067100 
1996 2 26.392000 17.733500 21.860500 
1084 2 18.827800 24.848000 18.525000 
108 2 22.045300 20.880000 25.214900 
1130 1 25.873900 24.768900 15.510300 
132 2 18.896800 16.822100 24.282000 
1732 2 21.990900 22.775900 15.132500 
1098 1 15.336100 13.670100 24.468300 
1037 1 13.954500 18.325800 13.613500 
14 1 26.150200 18.211900 22.930100 
807 2 22.963800 17.145300 24.236800 
778 1 20.298700 24.994700 14.278500 
1004 2 16.479400 20.733600 24.810300 
1378 1 21.581200 15.555500 18.625600 
1505 1 23.157300 17.635600 13.679000 
1982 1 13.484800 17.446300 20.357000 
1056 2 15.400000 25.483700 19.011400 
456 2 25.243600 14.132100 16.764100 
1806 1 20.454300 14.129800 25.066800 
1081 1 19.500700 24.344300 19.306200 
1532 2 23.416300 21.257700 21.440400 
1132 2 26.059200 24.731500 16.178500 
1986 1 20.298200 23.931400 21.859600 
1055 2 15.297400 25.951400 19.029900 
1069 1 21.494500 14.473000 21.922700 
1002 1 16.206000 20.140400 25.418700 
80 2 16.722700 19.996800 15.552600 
1807 2 20.305700 13.590400 25.210000 
779 2 20.850900 25.360600 13.847400 
1354 1 15.865400 23.648600 21.656600 
353 1 24.779800 25.537200 21.934500 
1692 2 16.921600 13.555000 17.159000 
396 2 13.676500 21.439500 18.915800 
1906 1 22.354700 20.746800 25.968400 
1359 2 15.572800 15.682100 14.093900 
71 2 23.953500 18.484700 18.365300 
1897 1 17.504300 16.651000 20.992100 
78 1 15.965100 20.241900 16.477700 
965 1 15.023400 26.150800 16.137000 
1100 2 16.099200 13.755400 23.975400 
1933 1 26.216700 22.878200 19.872000 
287 2 26.033600 19.810300 25.821200 
163 2 13.524000 26.538000 22.593400 
1862 1 25.591200 17.166900 15.598300 
1129 1 26.141200 24.756800 16.880900 
288 2 25.928500 19.925100 25.959000 
239 2 13.763100 14.385100 20.207600 
1131 2 26.096900 24.791300 16.179400 
16 2 26.437700 17.529400 21.685800 
964 2 13.613200 21.652900 13.744800 
1948 2 13.234100 19.682100 23.564300 
1357 1 15.343200 16.255300 13.455500 
1792 2 26.368400 15.696700 26.191600 
307 2 16.135900 16.666000 26.579100 
1789 1 25.919400 15.855000 26.268100 
