id type x y z 
1241 1 5.870950 8.298300 4.393750 
319 2 13.290200 5.605880 10.292000 
651 2 9.723110 11.278400 1.301290 
1013 1 10.999300 8.416920 3.998810 
19 2 3.960650 3.176510 12.186600 
862 1 11.248900 10.145500 7.654190 
1552 2 6.094860 -0.174472 5.965470 
588 2 2.979640 2.962210 6.822480 
1999 2 3.653350 3.179780 12.244000 
1696 2 7.630760 5.466570 11.146700 
1902 1 6.513730 12.996200 5.172760 
1284 2 9.224110 6.064200 4.219080 
684 2 11.779100 12.956300 5.390900 
295 2 4.486240 12.494200 10.460800 
1079 2 12.178200 0.554279 4.144040 
1096 2 8.928830 12.019900 10.477800 
707 2 0.034042 1.532270 5.787740 
856 2 6.515210 4.997740 7.430020 
2000 2 3.605630 3.131460 11.952700 
547 2 6.803640 11.168600 7.876110 
253 1 3.531970 6.961120 10.499400 
977 1 12.303200 2.553490 9.028920 
446 1 0.381496 10.852400 3.260100 
1249 1 10.460800 5.565290 12.741000 
254 1 3.215090 1.006850 3.465250 
1680 2 7.178670 2.293820 9.465580 
741 1 0.985060 8.167110 6.402140 
1014 1 12.058000 8.403020 2.895830 
1695 2 7.553790 5.543220 10.729000 
517 1 3.861640 9.986800 7.987180 
474 1 3.700830 1.122960 12.048100 
121 1 5.240210 11.577400 4.982310 
598 1 8.637300 1.783160 2.064170 
1157 1 1.688770 5.790240 3.423030 
231 2 0.928470 7.747290 0.624118 
232 2 1.232290 7.606090 0.571302 
1459 2 1.516430 11.930700 7.683930 
205 1 3.439890 2.702090 10.984200 
1211 2 3.300110 1.510850 4.111210 
1872 2 4.614830 3.446360 0.481903 
1904 2 5.501910 12.617700 4.874050 
104 2 5.923400 13.074600 4.501610 
85 1 2.275570 10.369900 10.571300 
901 1 13.181200 11.664300 2.690020 
1113 1 0.577176 12.992100 4.952330 
955 2 11.771400 4.394140 3.187010 
1549 1 6.513380 -0.026619 5.694410 
1725 1 6.038710 8.466440 11.016800 
1677 1 5.620330 2.651120 10.942600 
1094 1 9.813210 11.810800 10.383000 
1903 2 5.380070 12.963400 4.843070 
86 1 1.389570 10.028000 11.704100 
59 2 12.596900 6.593070 6.481320 
1727 2 6.640090 9.082270 10.610600 
1209 1 3.319690 1.655770 4.790970 
1819 2 4.103920 2.979230 12.128800 
343 2 6.964530 2.717580 4.208050 
956 2 11.821000 4.632160 3.331080 
1234 1 1.543430 12.272300 7.217570 
1555 2 9.409310 10.666800 5.361930 
1820 2 3.238630 3.004990 11.497500 
512 2 1.094290 2.526710 1.265720 
297 1 11.463100 12.033400 11.771400 
48 2 -0.063703 13.159500 11.380400 
1104 2 6.256120 11.046800 0.749600 
854 1 2.868210 3.176280 6.317330 
488 2 10.119900 4.980410 9.622620 
389 1 9.588240 2.971310 6.018670 
510 1 1.383820 2.696100 1.877480 
916 2 8.283790 8.011440 7.422300 
518 1 3.215510 8.852150 7.328350 
989 1 4.075630 2.709320 13.122500 
256 2 3.422780 7.277910 10.419700 
1095 2 9.163280 11.706900 10.492600 
1414 1 11.572400 8.353070 9.992590 
708 2 0.067638 1.486840 5.651850 
1159 2 2.073980 5.628100 2.792550 
1363 2 2.408150 12.719200 1.976820 
1556 2 9.627820 10.754700 5.403940 
743 2 1.102320 8.908250 6.110650 
109 1 10.671400 4.613010 9.649990 
443 2 1.335830 7.084350 12.812200 
417 1 10.252800 2.188360 1.537590 
870 1 3.112110 0.344708 -0.180193 
323 2 2.793820 9.129560 3.469160 
914 1 8.271250 8.700230 7.770880 
486 1 9.596960 5.554240 9.489940 
509 1 0.743022 2.125120 0.671667 
1858 1 12.471700 5.168720 7.165270 
1871 2 4.510250 3.954530 0.576259 
915 2 8.331350 7.791850 7.687020 
853 1 6.703490 3.887110 6.988220 
548 2 7.183740 11.308100 7.907970 
1093 1 8.435830 11.498000 10.607600 
322 1 3.240060 9.727310 3.293850 
1283 2 9.092630 6.210670 4.438590 
753 1 7.654980 5.192070 2.056970 
230 1 1.205200 7.315000 1.120160 
864 2 10.677300 10.170900 8.107040 
1553 1 10.098100 10.976400 5.611210 
855 2 6.388260 4.788630 7.485180 
1103 2 6.235430 10.833000 0.823367 
652 2 9.733320 11.232800 1.143730 
1077 1 11.884700 0.904735 4.657700 
88 2 1.958100 10.091000 10.937100 
1453 1 3.688640 6.379980 6.642460 
199 2 3.790610 3.519860 11.592500 
1242 1 5.178450 8.848470 5.682350 
103 2 5.538510 12.663600 4.781350 
321 1 2.460910 8.666210 3.240830 
444 2 0.879458 7.426730 13.061800 
324 2 3.009320 9.507480 3.292690 
141 1 0.590955 0.136034 8.899030 
60 2 12.867900 5.766690 6.566740 
597 1 9.179720 1.692040 0.512010 
341 1 7.624720 2.740650 4.229740 
605 1 1.267000 4.844630 6.089430 
861 1 10.189600 10.296100 8.418850 
693 1 8.240770 8.450890 3.505140 
913 1 8.450930 7.309350 7.332390 
519 2 3.722300 9.576280 7.426550 
694 1 8.492690 9.265320 2.436810 
812 2 9.147370 10.004500 13.330400 
1250 1 9.735100 6.725590 13.259600 
298 1 12.719300 12.177100 12.184900 
1416 2 11.685200 8.609770 10.665900 
1281 1 9.362900 5.826330 3.534990 
664 2 5.244180 8.039510 1.848150 
390 1 9.067970 2.954650 7.836360 
1834 1 6.139520 5.350240 7.472930 
638 1 4.509180 10.687700 12.483300 
1160 2 2.288480 5.173630 2.657470 
696 2 8.362010 8.803270 2.686410 
294 1 3.930680 12.252600 10.474000 
1221 1 5.643210 5.212890 3.912550 
1223 2 5.109480 5.308980 4.011390 
682 1 11.532900 12.443100 4.849100 
980 2 12.875400 2.644490 8.968040 
1210 1 2.235650 3.150140 12.675900 
1066 1 10.121700 0.829453 11.091400 
1251 2 10.127300 6.363730 12.869000 
1554 1 9.073700 10.560800 5.203250 
742 1 1.120290 9.573610 6.287040 
810 1 8.974940 9.488150 12.620800 
94 1 0.834847 11.769000 8.238560 
296 2 4.367910 12.621600 10.309200 
744 2 1.127340 8.919960 6.355320 
255 2 3.432590 7.622850 10.316900 
599 2 9.320010 2.073890 0.890700 
953 1 11.562500 4.680520 2.726660 
1415 2 11.568000 8.749910 10.741700 
1726 1 7.051570 9.210340 10.371000 
639 2 4.243750 10.325000 13.420400 
1252 2 10.522500 5.831910 12.793400 
755 2 7.517280 5.639390 1.928290 
1243 2 5.681870 8.618930 5.080580 
447 2 -0.279781 10.697300 2.441410 
1362 1 1.846270 12.246900 1.913340 
1080 2 12.155600 0.297173 4.338490 
857 1 3.215440 8.114830 10.462900 
1282 1 9.059810 6.174970 4.944700 
1693 1 7.809060 5.135090 11.581400 
1222 1 4.414620 5.733010 4.170420 
1728 2 6.790860 8.693100 10.762500 
392 2 9.533600 2.455820 6.931380 
756 2 7.473150 5.693680 2.058360 
317 1 12.822700 5.771390 10.919800 
1244 2 5.694720 8.382220 5.002190 
979 2 13.075900 2.540510 8.945980 
1212 2 3.561000 1.283050 4.045610 
1015 2 11.557200 8.499030 3.383450 
661 1 5.828440 8.311320 2.199810 
142 1 0.551469 1.899820 9.534700 
903 2 13.333200 11.239500 2.132960 
1102 1 6.519690 10.520600 0.921795 
1361 1 2.805460 13.163200 2.115490 
487 2 10.137500 4.904310 9.500310 
586 1 3.119320 2.647560 7.403620 
182 1 0.865308 8.408240 0.082845 
87 2 1.937310 10.081700 11.231800 
954 1 12.114700 4.643750 4.075910 
1456 2 3.319620 6.481320 7.035940 
863 2 10.988000 10.227200 7.952250 
18 1 2.612940 4.388720 11.626800 
1454 1 3.153980 6.555920 7.671090 
695 2 8.383770 8.634410 2.944000 
1817 1 8.617330 2.443110 13.366200 
904 2 13.413700 11.409200 2.073440 
587 2 3.141730 2.738420 6.769840 
420 2 9.067170 2.011450 1.155870 
545 1 7.061260 11.358700 8.742720 
1859 2 12.619800 6.013780 6.769830 
663 2 5.149810 8.356620 2.105260 
1158 1 2.423390 4.798670 2.222480 
200 2 3.331670 3.111590 12.001800 
1901 1 5.611890 12.773600 3.712360 
1460 2 1.002500 12.054000 7.810000 
1068 2 9.955300 1.432020 10.780500 
1067 2 9.907320 1.160370 10.871100 
1065 1 9.623720 1.908300 10.766000 
600 2 9.533050 2.296010 1.067500 
344 2 6.781190 2.439870 4.113040 
57 1 7.318850 2.801200 9.569570 
1016 2 11.742300 8.678080 3.378060 
20 2 3.358280 3.607500 11.833100 
211 2 9.289300 2.588510 6.856090 
485 1 7.234530 1.490450 9.232670 
1078 1 12.447600 -0.147216 3.844760 
1455 2 3.233490 6.532320 7.414860 
662 1 4.687730 8.122810 1.732760 
1958 1 6.225340 2.418920 4.074540 
47 2 0.099400 13.225500 11.162900 
683 2 11.841200 12.943600 5.246360 
649 1 9.410570 11.763000 0.791950 
530 1 4.295390 4.172850 11.040300 
36 2 0.375123 4.413010 6.262000 
1679 2 7.187030 2.142610 9.501470 
1413 1 11.806000 9.133620 11.170500 
1224 2 5.048280 5.603530 3.961760 
1694 1 7.162640 5.821670 10.486600 
391 2 8.994780 2.151510 6.898770 
212 2 8.805100 2.408040 6.758030 
418 1 8.896400 3.301370 0.642875 
210 1 9.808820 1.683500 7.028880 
300 2 12.014900 12.155200 11.967300 
520 2 3.751440 9.848710 7.808000 
546 1 6.764110 11.093900 7.099260 
477 1 0.820430 1.033490 6.292830 
35 2 0.597887 4.778750 5.856980 
754 1 7.133080 6.256560 1.723140 
197 1 8.170630 1.930000 6.563580 
1870 1 4.587430 4.310000 0.779677 
511 2 1.273300 2.709400 1.120590 
650 1 10.075700 11.027000 1.523900 
419 2 9.124360 2.505950 0.963625 
441 1 0.421008 7.388230 12.993800 
1364 2 2.389830 12.894900 2.005650 
1869 1 4.740970 3.085730 0.375472 
1101 1 6.077220 11.528500 0.397591 
320 2 13.183600 5.512910 10.309700 
897 1 12.174300 7.086440 6.710970 
299 2 12.192700 11.965600 11.868100 
293 1 5.222910 12.963500 10.512500 
872 2 2.749210 -0.205639 0.453729 
45 1 -0.073285 12.693200 10.980100 
178 1 0.023435 7.211010 9.448240 
429 1 4.493930 4.239160 13.180500 
1944 2 -0.365144 0.487181 8.972400 
1062 1 2.693130 9.914510 0.451970 
811 2 9.234570 10.030800 13.150300 
713 1 11.624800 11.247900 25.965700 
986 1 8.100970 10.701800 23.634100 
53 1 8.797600 2.264870 17.703400 
1752 2 12.140400 2.225050 13.610800 
1751 2 12.387100 2.200180 13.703000 
910 1 13.270100 6.165670 18.620000 
428 2 10.086600 5.031180 24.514800 
635 2 7.515520 5.983460 14.540800 
731 2 11.582800 12.029500 19.217700 
732 2 11.464400 11.934000 19.145900 
426 1 10.290900 5.562060 24.242200 
1513 1 6.030570 11.221600 15.249100 
1607 2 2.652350 2.807800 24.862000 
531 2 5.254850 2.590270 16.285800 
1134 1 10.371900 7.787150 22.471300 
1813 1 2.209270 12.028600 16.153800 
56 2 8.109100 2.534040 18.407300 
1230 1 4.537700 9.985310 17.169200 
1477 1 3.416550 11.554400 20.927500 
757 1 6.038720 11.886900 19.383300 
425 1 10.038400 4.360250 24.973800 
645 1 12.714700 11.556900 25.193100 
759 2 5.432130 12.028600 19.095900 
1959 2 13.012500 2.012910 25.658500 
220 2 8.573180 2.737930 14.446200 
247 2 6.252830 3.817130 24.157700 
411 2 9.401330 1.064840 23.833400 
1343 2 9.112460 12.679800 21.745000 
1478 1 2.413760 10.477800 20.523800 
1174 1 0.447336 3.083530 22.271500 
1479 2 2.799780 11.081400 20.811100 
245 1 6.400480 3.129080 24.258900 
74 1 0.328442 8.220230 16.922100 
633 1 7.790610 5.729710 14.641300 
431 2 0.240534 2.875160 18.510900 
636 2 7.429080 6.148320 14.490100 
985 1 9.033210 9.691940 23.862600 
988 2 8.512260 10.173700 23.764700 
1309 1 5.298380 7.527310 13.992700 
410 1 9.505770 0.451546 23.829100 
758 1 4.662030 11.900400 19.255600 
886 1 9.330710 9.191650 16.919000 
637 1 4.483850 10.314800 13.653500 
1957 1 12.902200 2.048890 25.914600 
813 1 13.027500 1.040690 16.667600 
75 2 0.823463 8.245960 16.390600 
1156 2 8.304340 6.653320 18.556300 
942 1 6.640820 6.740090 24.911200 
1173 1 1.499240 4.119360 22.260500 
1310 1 4.190040 7.288960 13.281800 
1911 2 5.985100 1.168160 22.147500 
398 1 9.344760 1.720040 14.454800 
889 1 4.812040 1.829740 16.257900 
421 1 10.958800 12.073700 16.106400 
1816 2 2.206040 11.851600 15.624900 
874 1 3.306480 7.792850 19.154000 
730 1 11.908700 12.598300 18.763900 
887 2 9.014920 9.331180 16.757500 
1000 2 12.602100 0.161108 17.222600 
1810 1 4.922410 3.706750 20.324600 
1092 2 5.567440 12.916300 22.922000 
1273 1 5.173020 6.302870 17.337500 
944 2 7.054720 7.189340 25.463400 
747 2 8.131410 4.609440 21.689000 
911 2 13.362200 5.697520 19.015900 
1325 1 11.680900 7.620730 14.444600 
715 2 11.838400 11.605900 25.452500 
500 2 4.631300 9.197780 24.231400 
1372 2 11.357200 8.290810 18.786600 
1910 1 5.811900 0.820351 21.513900 
1043 2 0.614379 6.272290 19.934200 
1291 2 12.069400 3.448220 21.368600 
1044 2 0.808046 6.357960 19.831900 
228 2 10.488400 7.918770 25.572900 
1749 1 12.788800 1.756930 13.675300 
1286 1 5.499370 6.659530 21.415200 
218 1 7.627760 2.422060 14.704300 
745 1 7.698680 4.570810 21.294100 
1296 2 7.840120 10.390100 19.991200 
1371 2 11.246800 8.039540 19.032700 
1232 2 4.291720 9.344950 16.759500 
1136 2 10.267800 7.447810 21.803500 
1992 2 4.179820 3.735120 19.925100 
1854 1 8.227930 1.455130 19.077300 
497 1 5.128960 8.804010 24.330400 
716 2 12.234800 11.483900 25.530000 
1274 1 5.845540 5.682140 16.406700 
628 2 2.405040 0.246804 21.384700 
1814 1 2.164800 11.503900 15.076100 
427 2 10.178700 4.826660 24.636800 
289 1 0.628386 3.062120 18.784000 
720 2 11.484800 4.799900 15.964700 
1312 2 4.643620 7.397640 13.658800 
1090 1 5.751390 12.086500 23.573400 
1063 2 2.858160 10.453400 26.508900 
718 1 11.831600 5.751660 15.847100 
1153 1 8.335820 7.303620 18.357100 
55 2 8.270800 2.477200 18.631500 
1276 2 5.435020 5.686590 16.799900 
1287 2 6.205300 7.295440 21.780100 
1824 2 0.321155 9.525740 23.766800 
875 2 3.319090 7.995650 19.894400 
539 2 3.042660 5.980690 23.114400 
943 2 6.804410 7.000120 25.478300 
627 2 2.242820 0.432385 21.245300 
1042 1 0.730170 5.812060 19.634200 
818 1 11.483800 0.121846 16.955700 
1041 1 0.892735 6.867880 20.338900 
400 2 8.578950 2.505910 14.113700 
1449 1 5.294430 0.276385 25.002100 
1815 2 2.104570 11.919400 15.749700 
1606 1 2.169130 3.004990 25.431600 
498 1 3.960000 9.766130 23.818300 
832 2 2.053640 4.738810 15.788000 
1909 1 6.425190 1.372980 22.621500 
1247 2 11.484400 0.027769 21.076800 
1605 1 3.129100 2.897770 24.443400 
54 1 8.718830 3.309540 19.138800 
941 1 7.353700 7.193130 26.238000 
1091 2 5.661300 12.551100 22.800200 
1061 1 2.965360 11.118900 26.042700 
225 1 10.346300 7.228110 25.357900 
640 2 4.396990 10.499300 12.895200 
423 2 11.763200 11.904000 15.781500 
1990 1 3.164430 3.808460 20.285700 
1876 2 0.992940 8.314620 16.282800 
1342 1 8.848640 12.882200 22.035100 
1155 2 8.396910 6.350420 18.236800 
1290 1 12.262000 3.570470 21.541500 
1135 2 10.104800 7.515210 21.927100 
409 1 8.913550 1.734250 23.648300 
1797 1 0.706284 1.091150 16.178300 
529 1 5.509180 3.033430 16.578000 
912 2 13.283900 5.524520 19.039400 
537 1 3.180770 5.458280 23.207300 
885 1 8.174080 9.162890 15.977900 
1480 2 2.744730 11.069600 20.809700 
432 2 0.307992 2.803890 18.397600 
248 2 6.418620 3.783420 23.827600 
424 2 11.488100 12.031300 15.729000 
1853 1 7.218650 2.846860 18.419500 
399 2 8.574520 2.654590 13.859500 
126 1 9.475930 12.810200 17.972400 
1133 1 9.900180 6.927800 21.599500 
1855 2 8.098770 2.168710 18.768900 
909 1 13.334000 5.084600 19.475100 
1149 1 11.594200 9.976350 21.795800 
858 1 7.192020 11.412700 15.065200 
820 2 12.478700 0.547087 17.472700 
1796 2 1.063250 1.118220 15.705900 
422 1 12.122400 11.873500 15.597700 
532 2 5.033590 2.192080 16.231200 
1326 1 12.067000 9.005790 14.782700 
876 2 3.319580 8.374030 19.830000 
1292 2 12.045600 3.120960 21.223100 
499 2 4.601140 9.335880 23.924600 
23 2 0.258619 9.303550 23.355500 
1795 2 1.272660 1.064680 15.314000 
1150 1 11.435300 10.656100 23.062800 
24 2 0.170524 9.818960 23.352200 
1089 1 5.483710 13.110800 22.427800 
1328 2 12.000500 8.316850 14.807500 
1246 1 10.975600 -0.367554 20.507100 
1293 1 8.048510 10.209400 20.737400 
1151 2 11.560600 10.480800 22.500100 
219 2 8.650350 2.497440 14.331000 
1064 2 3.035420 10.593600 26.325100 
1175 2 1.032840 3.454160 22.205900 
1245 1 11.982100 0.429890 21.296900 
1991 2 4.046390 3.950860 19.898600 
729 1 11.231700 11.400100 19.516600 
538 1 3.319790 6.696880 23.183500 
819 2 12.672400 0.502643 17.393600 
1793 1 1.305700 0.871010 14.900500 
1912 2 6.044740 1.066690 21.793900 
128 2 8.942710 13.322900 17.410400 
442 1 2.007130 7.074090 12.954300 
830 1 1.756690 4.554360 16.184500 
873 1 3.544680 8.410800 20.206400 
1275 2 5.288190 5.884160 16.893700 
1608 2 2.883340 3.166480 24.554100 
1856 2 8.198500 2.456270 18.473000 
1288 2 6.335040 7.325000 21.777400 
1809 1 3.929180 4.620150 19.140600 
1289 1 10.959200 2.730020 21.227500 
860 2 6.642200 11.341400 15.180600 
829 1 2.685150 4.853590 15.418100 
634 1 6.817980 6.319610 14.177600 
1369 1 11.426600 7.210950 19.140100 
746 1 8.752400 4.087690 22.263700 
831 2 2.234940 4.676950 16.035000 
1294 1 7.847320 10.078300 19.379200 
719 2 11.678700 5.137230 16.028200 
1812 2 4.161530 3.726730 19.636700 
888 2 8.826320 9.178130 16.644300 
1154 1 8.520790 5.971990 18.686000 
999 2 11.957000 0.447055 17.221700 
386 1 4.094960 3.064080 19.254000 
412 2 9.040580 1.397110 23.807000 
987 2 8.493230 10.191800 23.756400 
1841 1 0.907568 8.483280 23.187400 
1311 2 4.534860 7.450970 13.561900 
859 2 6.751440 11.148800 15.087600 
1370 1 11.197300 8.587670 18.533800 
282 1 2.712040 1.300060 18.622900 
1285 1 6.437390 7.823760 21.940100 
1231 2 4.290820 9.571500 16.762600 
73 1 1.513130 9.120070 16.134200 
540 2 3.255670 6.147090 23.120400 
1750 1 11.837000 2.792520 13.688800 
1176 2 0.735634 3.633890 21.985400 
246 1 6.399520 4.497030 23.678500 
770 1 4.965350 -0.107095 19.625300 
1229 1 4.241240 9.067470 16.129100 
748 2 8.594620 4.455100 21.733600 
1811 2 3.856320 3.911390 19.628200 
1295 2 7.984130 10.056600 20.109200 
760 2 5.421830 11.760900 19.391500 
1875 2 0.489324 7.911730 16.405600 
1344 2 9.090890 12.502100 21.492300 
76 2 0.876282 8.051540 16.729300 
1341 1 9.353450 12.487100 21.122800 
809 1 9.632200 10.467200 13.581000 
1327 2 12.156000 8.483890 14.614300 
1152 2 11.529700 10.337200 22.287300 
1981 1 0.784511 10.120200 24.009000 
1874 1 1.535540 7.474400 16.387800 
1403 2 3.572470 7.133610 25.883000 
717 1 11.676300 4.338430 16.052200 
1823 2 0.318252 9.506950 23.549400 
283 2 2.271510 0.585963 18.281300 
397 1 8.899440 3.476540 14.268500 
1452 2 5.021030 0.987996 25.208600 
625 1 2.458670 0.775130 20.934100 
998 1 12.086400 1.217350 18.331000 
284 2 2.639170 0.817095 18.539200 
1248 2 11.383700 -0.066143 21.140400 
1450 1 5.018320 1.501390 25.553300 
1451 2 5.092040 0.660637 25.190900 
1601 1 12.676500 5.203270 23.583700 
1402 1 3.782280 7.249190 25.954200 
127 2 8.868690 13.102700 17.191100 
227 2 10.309100 7.983310 25.778400 
125 1 8.399520 13.310200 16.955200 
277 1 0.000070 4.693570 14.044900 
226 1 10.539900 8.583830 25.972300 
201 1 4.407630 22.929500 4.120570 
549 1 3.383470 20.312400 10.314900 
1191 2 3.140730 16.415400 4.464350 
1649 1 1.272460 22.332200 10.966800 
1086 1 6.926880 17.329400 11.225400 
473 1 6.689330 15.930800 2.086670 
89 1 4.747220 14.269900 0.457038 
1 1 1.197310 25.569400 12.161300 
791 2 11.138900 15.369700 0.224785 
1178 1 10.001200 15.976200 4.953390 
611 2 11.198700 14.716300 0.516283 
1051 2 10.245200 19.590300 5.643560 
1652 2 1.703140 22.675400 10.688000 
203 2 3.660340 23.348800 3.226810 
1448 2 9.060330 13.663900 3.403990 
1568 2 0.691579 18.556900 10.703100 
1115 2 0.745737 13.404800 4.735140 
869 1 2.626620 26.132600 0.911766 
1122 1 6.716280 25.979800 1.995530 
1119 2 1.391740 25.221900 12.848400 
580 2 7.105880 18.032900 4.694760 
722 1 0.412151 18.449400 5.042550 
46 1 -0.047302 13.775100 11.778900 
522 1 5.275960 20.355600 4.881110 
1570 1 0.770495 24.845700 5.839810 
1323 2 9.192420 25.032100 5.205290 
1052 2 10.146600 19.711500 5.684850 
371 2 1.733120 16.423300 13.053400 
1595 2 2.635060 18.691600 7.875500 
381 1 4.218540 23.659600 2.445240 
1333 1 10.708100 26.311200 8.064870 
564 2 7.184210 19.207100 8.242050 
153 1 3.697080 19.465200 1.932370 
523 2 5.123900 20.092200 5.684800 
1965 1 2.797540 25.024600 9.227900 
1203 2 12.677500 22.873400 5.104840 
561 1 7.540110 18.913900 8.301810 
204 2 3.844070 23.629800 3.792420 
1773 1 2.257530 20.387800 5.068780 
482 1 7.493010 14.950600 6.575080 
1954 1 5.402500 19.363100 2.643870 
10 1 13.145600 17.695100 7.913610 
380 2 3.279520 22.304500 7.295820 
974 1 12.794800 17.866300 0.607909 
112 2 9.924960 20.065500 11.327500 
1321 1 8.762730 24.972400 4.662220 
1116 2 1.022570 13.271100 4.594810 
304 2 2.138620 16.161800 1.085210 
82 1 7.377250 22.420700 2.466750 
670 1 5.129880 16.008400 7.771420 
302 1 2.039330 16.287400 1.689940 
1572 2 0.478148 24.891300 5.442950 
1336 2 11.346400 26.072800 7.731480 
1847 2 2.744000 14.843400 7.240280 
1192 2 3.120740 16.391500 4.054080 
1087 2 7.067540 17.605600 10.970300 
484 2 7.949670 14.668800 6.463970 
951 2 12.661900 21.370400 8.873030 
1204 2 12.942500 22.892900 5.313160 
291 2 7.057490 21.006500 12.072800 
187 2 6.851140 25.671200 12.026100 
789 1 11.985900 14.216100 0.817381 
790 1 10.393700 15.119800 1.229230 
1373 1 9.592210 23.356100 10.858300 
1881 1 8.330200 20.721400 2.867580 
1848 2 2.853710 14.494600 7.731690 
1352 2 7.621840 14.750400 9.928590 
1882 1 9.112660 22.681400 2.617350 
1007 2 9.369950 22.317100 7.579300 
1445 1 8.601230 13.343800 3.069780 
110 1 9.907670 19.847800 11.982000 
1442 1 10.129800 14.311300 8.363670 
1374 1 10.535800 23.588500 10.038700 
521 1 4.813310 19.735200 5.970420 
1351 2 7.624660 14.809000 10.102200 
563 2 6.858900 19.558100 8.530860 
1567 2 0.821177 18.480100 10.530500 
1350 1 7.398420 15.629800 9.975240 
1005 1 9.798940 22.417700 7.200220 
1049 1 10.260600 20.059400 5.154420 
871 2 2.915580 26.541400 0.480395 
379 2 3.404800 22.302100 7.663430 
950 1 12.251400 21.640700 8.614700 
378 1 3.067440 22.863900 7.118520 
1770 1 9.782070 18.856600 2.152080 
325 1 12.015200 21.625900 0.363237 
1769 1 8.281730 18.724900 2.213990 
1088 2 6.941810 17.781700 10.728400 
1571 2 0.483995 24.505800 5.283230 
734 1 6.404940 22.904200 8.622750 
562 1 5.997690 19.501600 8.378620 
1929 1 0.353413 20.772100 8.334850 
606 1 2.781450 15.186600 7.294170 
1998 1 7.487860 17.079800 1.775740 
1521 1 10.742600 25.634000 1.184480 
301 1 2.055060 16.117600 0.205642 
612 2 11.502700 15.032800 0.448894 
1444 2 10.957700 14.447100 8.251740 
526 1 12.069700 19.367200 3.164990 
1179 2 10.629800 16.337000 4.541830 
550 1 4.230900 19.702400 11.242700 
1324 2 9.069040 25.374000 4.905660 
657 1 11.014200 24.474200 13.249100 
823 2 11.092200 16.439100 11.727500 
1482 1 12.736500 18.683600 11.240200 
723 2 0.259210 17.940000 5.649560 
1382 1 12.487800 21.732900 4.879770 
1443 2 10.899000 14.367300 8.271220 
733 1 6.339860 22.335200 9.807410 
1509 1 9.917630 18.057700 9.215220 
1376 2 10.164000 23.656600 10.555000 
952 2 12.781100 21.309500 8.963570 
1772 2 8.743120 18.757700 2.242010 
1651 2 1.794390 22.596400 10.542700 
1558 1 0.956528 21.720600 0.667123 
1006 1 8.928710 22.199200 7.866370 
483 2 8.167630 14.634600 6.449580 
792 2 11.053700 14.850700 0.583496 
1190 1 3.751130 16.201200 3.807580 
1512 2 9.797560 17.666000 8.650740 
867 2 6.611140 23.004600 6.351580 
1383 2 12.758400 22.768400 5.424140 
270 1 7.609510 20.951600 11.851200 
92 2 5.206170 14.345500 -0.176998 
188 2 6.846720 25.526100 12.299700 
1551 2 5.668770 26.635800 5.846190 
1559 2 1.501060 21.345700 0.617953 
672 2 5.867400 16.409600 7.558830 
821 1 11.343800 16.827000 12.571000 
1522 1 10.501300 24.640700 2.120180 
868 2 6.523890 23.184600 6.330640 
1335 2 11.183500 26.229800 7.989570 
1771 2 9.101270 18.680800 2.147070 
1967 2 3.535770 25.477400 8.820090 
1189 1 2.669640 16.742900 4.656160 
384 2 3.650160 23.526300 3.675770 
1953 1 4.920170 20.240100 1.370290 
1447 2 9.098880 13.822200 3.336060 
167 2 3.915570 25.342000 9.020780 
681 1 12.093900 13.601500 5.742490 
158 1 4.983360 18.641000 1.139100 
1050 1 9.719430 19.167900 6.069990 
1550 1 5.138300 26.477800 6.021180 
579 2 7.148640 17.781100 4.844000 
1883 2 7.718350 22.192500 2.470710 
1120 2 1.586980 25.130900 12.851300 
1349 1 7.749660 14.074700 10.097500 
865 1 6.422360 22.353200 6.465590 
1121 1 6.882870 26.592000 3.292220 
735 2 6.266990 22.560300 9.471520 
578 1 7.080140 17.283200 4.044780 
290 1 6.309300 21.087100 12.170600 
577 1 6.858760 18.172600 5.044090 
84 2 8.384210 21.986700 3.082910 
372 2 1.833300 16.417400 13.205200 
327 2 11.175500 21.169000 0.227434 
1441 1 11.401200 14.460800 8.175470 
1774 1 1.744970 21.312500 4.435320 
383 2 4.066740 23.779100 3.926740 
481 1 8.463100 14.343300 6.187840 
1375 2 10.165500 23.550500 10.541400 
1846 1 3.306820 13.807700 7.630690 
525 1 12.650100 19.239300 4.482890 
1776 2 1.770240 20.737000 4.677280 
1262 1 0.197314 25.300100 1.939080 
1485 1 7.329310 25.914000 7.893870 
1322 1 9.793150 25.410000 5.495740 
1593 1 2.984600 18.337400 7.285400 
1510 1 9.706460 17.545400 7.904480 
101 1 5.063310 13.705500 5.072390 
528 2 12.295800 19.260600 3.621710 
1109 1 0.724200 15.142600 8.257290 
736 2 6.413970 22.568000 9.086310 
1560 2 1.692650 21.455500 0.706989 
303 2 2.084360 16.172200 0.988875 
185 1 7.430570 25.667600 10.403600 
1384 2 12.479300 22.737300 5.150880 
542 1 10.148400 20.414100 10.754900 
1488 2 7.994180 25.906100 8.435320 
822 1 10.950400 16.414500 11.077400 
1486 1 8.612480 25.808400 8.558270 
1001 1 11.888000 23.032100 5.697970 
949 1 13.201300 20.882500 9.231030 
824 2 11.147500 16.877500 11.799200 
1511 2 9.811880 17.677500 8.240400 
1524 2 10.363300 25.023200 1.618630 
1719 2 4.186820 16.275700 10.606000 
724 2 0.356308 17.843200 5.450450 
269 1 4.914020 23.298700 13.122700 
1523 2 10.556600 25.148000 1.635840 
1008 2 9.458260 22.250100 7.447530 
7 2 6.989680 25.545600 12.253600 
552 2 3.989840 19.960900 10.873000 
1334 1 11.887300 25.812800 8.132110 
1566 1 0.345147 18.307900 10.372100 
1956 2 4.873080 19.702900 1.894720 
551 2 3.570820 19.831100 11.138200 
1884 2 8.540360 22.051800 3.264190 
669 1 6.366190 16.452000 7.608890 
83 2 8.495320 22.199500 2.937740 
1124 2 6.685980 26.220400 2.543110 
1720 2 4.387840 16.313400 10.295600 
342 1 1.143260 16.449500 12.988900 
292 2 6.910430 21.005200 11.984900 
527 2 12.262600 19.199900 3.704930 
1966 1 4.020930 24.829700 7.850910 
165 1 3.467650 26.561200 8.422610 
476 2 6.842560 16.365900 2.059650 
1177 1 11.002600 16.937700 4.172720 
155 2 4.867260 19.386200 1.594780 
8 2 6.757800 25.325600 11.816700 
189 1 12.549500 18.196000 6.203830 
1487 2 7.969580 25.900400 8.483970 
1594 1 2.077940 18.494700 8.368270 
866 1 6.774830 23.625800 6.314030 
370 1 2.349910 16.123300 13.283700 
1775 2 2.115780 20.615500 4.707870 
475 2 7.168320 16.574100 2.123790 
524 2 4.947450 19.964000 5.640960 
61 1 6.251800 26.182800 12.266700 
1180 2 10.426400 16.561100 4.327080 
1596 2 2.894180 18.192300 7.494130 
156 2 4.757380 19.359200 1.954270 
111 2 10.108600 20.227000 11.256100 
81 1 8.464160 22.442300 3.984410 
671 2 5.923500 16.257300 7.656560 
1955 2 4.564990 19.561000 1.767800 
1718 1 4.286520 16.729800 10.381900 
1123 2 6.793820 26.422600 2.463010 
877 1 1.193110 19.276200 1.926070 
377 1 3.555230 21.759700 7.828980 
1118 1 1.807290 24.764300 13.284300 
202 1 3.766560 24.568900 3.874070 
369 1 2.338850 22.945500 10.451800 
382 1 2.762860 23.078700 3.403590 
1717 1 4.357500 15.458000 10.552800 
879 2 0.453497 19.086800 2.006020 
880 2 0.518808 19.002800 1.742800 
1569 1 0.272175 24.606400 4.652930 
6 1 6.661890 24.700600 12.041500 
1565 1 1.309360 18.656400 11.238400 
1085 1 7.170790 18.110200 10.259600 
1484 2 13.304200 19.118200 11.298600 
1114 1 1.360650 13.714800 3.936720 
1661 1 12.878600 15.046300 2.937350 
166 1 4.370670 25.020800 9.543450 
328 2 11.292100 21.363100 0.358677 
168 2 3.549890 25.566300 8.528180 
1968 2 3.617560 25.531600 8.977530 
5 1 7.723410 26.094200 12.925800 
721 1 0.382558 17.382100 6.017730 
1446 1 9.838920 14.351700 3.319480 
726 1 8.995490 13.353600 12.959600 
145 1 4.906590 23.214600 0.467755 
607 2 -0.055241 22.499300 13.311000 
326 1 10.780000 21.050300 0.384885 
271 2 4.375430 22.769900 13.037800 
1557 1 2.229590 21.087100 0.240746 
975 2 12.649200 18.413300 0.004037 
1927 2 4.918820 23.764500 21.858500 
1764 2 3.300640 23.882100 18.739300 
149 1 3.466420 14.335200 19.174600 
1926 1 5.164670 23.716400 21.017400 
610 1 10.896100 14.274000 26.182000 
151 2 3.298200 14.673900 19.608600 
1138 1 6.249730 23.569900 17.223000 
1228 2 7.349710 14.717300 19.947400 
135 2 0.299276 23.290100 21.117500 
16 2 0.631403 18.675800 20.803300 
206 1 3.466360 25.715500 15.230000 
1129 1 1.078320 24.988700 16.422300 
449 1 2.828480 23.882400 19.166200 
1763 2 3.482300 24.211400 18.950300 
553 1 12.631000 20.268500 13.478300 
604 2 6.400770 20.508100 23.723500 
573 1 7.985280 19.190200 21.365000 
195 2 0.505948 18.927300 20.484400 
346 1 6.727040 20.074300 14.916100 
1833 1 7.827860 25.795800 19.729400 
1971 2 1.759810 15.592500 16.862900 
653 1 8.200970 24.718500 26.461600 
656 2 7.876180 24.711100 25.624600 
1667 2 4.613660 21.004000 20.194400 
491 2 8.086280 25.712200 15.978800 
992 2 8.469810 25.378400 19.783200 
1105 1 10.801000 21.246200 23.342100 
169 1 2.638980 16.368500 16.445700 
267 2 9.345030 19.465700 17.008200 
576 2 8.752170 19.176700 20.821900 
265 1 8.926700 19.709100 17.567900 
557 1 9.640320 19.001800 24.980400 
1337 1 11.993300 23.449700 21.075600 
504 2 9.833900 16.762100 18.494000 
945 1 12.518200 18.156200 16.622300 
1226 1 7.769760 14.360400 19.678600 
147 2 4.640890 23.143600 26.556700 
313 1 11.549400 24.962000 23.737700 
921 1 11.648200 14.733600 14.605800 
513 1 5.758250 13.374400 13.533200 
1627 2 8.451160 13.882100 25.389200 
973 1 12.896200 19.049800 26.033500 
1425 1 1.773480 21.512400 24.135100 
601 1 5.954780 19.813200 24.577600 
1710 1 3.435160 20.206800 14.905800 
536 2 1.705450 21.788000 16.806600 
574 1 9.411510 18.969600 20.463100 
1628 2 8.146620 13.906500 25.121500 
1668 2 4.529460 21.174200 20.265200 
827 2 6.622970 17.609400 17.693000 
1140 2 6.011950 22.801200 16.923200 
937 1 11.443000 14.009300 22.137500 
1171 2 9.025580 22.299900 14.890700 
196 2 0.522025 18.908400 20.547500 
1304 2 0.274456 23.740400 25.218500 
727 2 8.635450 13.587400 13.596000 
602 1 6.894930 19.798000 23.266100 
1997 1 13.390800 14.524400 20.587700 
826 1 7.130720 17.930900 17.279000 
338 1 7.352240 15.452900 22.897900 
489 1 8.004260 25.906800 16.417700 
728 2 8.721540 13.414900 13.543500 
1950 1 6.124160 16.734500 13.715500 
133 1 0.345694 23.183900 20.118900 
14 1 1.394240 17.906500 20.305500 
948 2 13.301900 18.389600 16.881400 
575 2 9.076820 19.015200 20.795500 
932 2 11.532400 20.887000 19.319500 
930 1 11.359800 21.251400 19.838300 
1131 2 0.692360 24.838200 16.482600 
1132 2 0.317401 24.717300 16.423700 
1646 1 4.860610 17.008200 25.218400 
17 1 3.067370 21.895500 23.973100 
825 1 6.006640 16.911300 17.765100 
712 2 7.902610 21.900100 19.594400 
339 2 7.605930 15.818400 22.883900 
923 2 12.168500 14.655500 14.069900 
817 1 12.883100 25.866300 17.747700 
516 2 4.812470 13.528000 13.585100 
603 2 6.566340 20.580100 23.843100 
152 2 3.271880 14.724300 19.607700 
1626 1 8.383060 13.580200 24.827000 
1502 1 8.892050 17.751400 14.589100 
266 1 9.522340 19.466600 16.635900 
492 2 8.303010 25.451900 15.903000 
258 1 4.119380 18.954000 17.505000 
150 1 3.103560 15.345100 20.144900 
1666 1 4.429960 20.855100 20.685400 
1947 2 12.870900 19.091500 23.118900 
1972 2 1.910970 15.386000 16.567500 
1969 1 1.127260 16.184900 16.259100 
347 2 6.297900 19.541500 14.973500 
1645 1 6.230080 17.012800 24.544400 
259 2 3.694720 19.112100 17.765900 
281 1 2.321010 26.577700 18.253800 
501 1 9.774590 16.626200 17.715600 
502 1 9.806710 16.738700 19.294000 
503 2 9.891400 16.431400 18.377900 
314 1 11.235400 25.356500 25.120200 
15 2 0.741398 18.645400 20.526600 
655 2 7.775760 25.128200 25.642200 
1108 2 10.972400 21.849300 23.192600 
711 2 7.921740 21.657700 19.087000 
268 2 9.072210 19.735000 17.134100 
935 2 10.671700 16.919500 21.959200 
1339 2 12.157600 23.584200 21.111300 
769 1 5.575100 26.488100 18.512700 
257 1 2.934610 19.471600 18.023500 
198 1 8.454470 24.698800 22.246200 
1712 2 3.077030 19.796200 14.309200 
560 2 9.991850 18.645200 24.612200 
1428 2 2.512220 21.434800 24.101600 
170 1 1.782800 15.443700 17.669600 
554 1 11.742200 19.807500 14.541200 
1300 2 -0.201961 14.157600 20.741100 
472 2 2.311110 25.270400 23.918500 
134 1 0.597778 22.592800 21.529600 
1625 1 8.017770 14.393900 25.855100 
842 1 13.309900 22.173500 16.766400 
1935 2 0.719639 23.380800 21.101600 
782 1 7.204540 21.310100 24.373500 
91 2 5.075510 14.342800 26.494100 
836 2 12.626000 14.815100 17.185600 
1130 1 -0.316978 24.668100 16.544100 
1564 2 4.942790 17.401400 20.838000 
1161 1 10.373100 22.936900 18.006800 
1227 2 7.258030 14.619000 20.008600 
208 2 4.125330 25.291800 15.537300 
931 2 11.375200 20.825900 19.432600 
991 2 8.388130 25.205800 19.861300 
1665 1 4.836820 21.414400 19.568000 
461 1 4.433000 14.511600 16.578800 
556 2 11.993900 20.219500 14.156400 
1163 2 10.467500 23.578400 17.527100 
1503 2 9.032910 16.987100 14.836700 
1711 2 2.988960 19.531900 14.296800 
348 2 6.282710 19.706600 14.884100 
1303 2 0.342425 24.087300 25.799200 
1952 2 5.405700 16.952500 14.086300 
1835 2 8.475720 24.185800 22.389200 
1940 2 2.215810 14.649300 23.922900 
337 1 8.265450 16.296700 22.673000 
1298 1 0.505836 13.699800 20.484300 
558 1 10.252000 18.244100 24.450300 
315 2 11.240800 25.263600 24.705200 
136 2 0.774990 23.348300 20.893600 
1164 2 10.490000 23.327400 17.566200 
534 1 1.432810 21.408300 16.262500 
1714 1 13.629400 23.477200 25.042500 
1836 2 8.241500 23.886600 22.431200 
340 2 7.624860 15.976100 22.850600 
146 1 4.212800 23.278100 25.694400 
1818 1 8.065620 23.368900 22.684100 
1994 1 0.409001 17.967500 21.981800 
1948 2 12.843300 18.964000 23.346800 
535 2 1.698120 21.586500 16.707800 
172 2 1.722610 16.099700 16.809700 
934 1 10.647000 17.700400 21.809900 
1501 1 8.893840 16.242700 14.945300 
1137 1 5.997130 22.297700 16.799600 
1937 1 3.391000 14.019500 23.511800 
1107 2 10.600500 22.224400 23.076100 
1993 1 0.868183 19.233900 19.247500 
555 2 11.937700 19.860000 14.198600 
784 2 6.498930 20.150100 23.601800 
207 2 3.974110 25.196500 15.524900 
783 2 6.203110 20.880000 23.679600 
1949 1 4.992650 17.175100 14.241300 
559 2 9.779380 18.660100 24.762400 
1938 1 2.402500 15.670600 23.534300 
1504 2 8.916760 17.069500 14.717500 
725 1 8.774860 14.079700 14.184400 
924 2 11.999000 14.812300 14.151900 
660 2 10.629200 25.331600 13.728700 
148 2 4.602190 23.255500 26.615900 
1970 1 1.811280 15.006300 15.950500 
236 2 2.431850 18.083800 24.758000 
1139 2 6.125120 22.801300 16.753600 
938 1 12.500400 13.889300 23.125200 
1996 2 0.872409 18.821000 20.273100 
1936 2 0.262357 23.764300 21.218100 
1162 1 10.647700 24.030700 17.142900 
233 1 3.089460 18.830400 24.377000 
260 2 3.635230 19.130700 17.495300 
272 2 4.109800 22.832500 13.128100 
781 1 5.685010 21.547000 23.261100 
1561 1 4.219460 17.562800 21.499100 
139 2 2.367990 14.604900 23.444400 
235 2 2.332560 18.471900 24.772900 
1647 2 5.576090 17.022300 25.089100 
1562 1 5.409560 17.107700 20.673300 
654 1 7.575100 24.990300 25.352200 
469 1 2.856760 26.238600 23.937000 
316 2 11.229100 25.147100 24.624900 
470 1 1.991890 25.211500 23.883100 
1939 2 2.417920 14.677200 23.863900 
709 1 7.764990 21.672000 18.804400 
1563 2 4.645940 17.238600 21.035000 
171 2 1.811790 15.924500 16.360100 
1225 1 7.001600 14.901000 20.329200 
234 1 1.845520 18.231000 25.110900 
933 1 11.012000 16.372900 21.996800 
90 1 5.315130 14.645700 25.833500 
471 2 2.250780 25.906500 23.870500 
1945 1 12.589000 18.722800 23.854900 
990 1 8.828300 24.674800 19.566300 
1470 1 3.881270 24.085100 18.419200 
710 1 8.214480 22.015500 20.123100 
1106 1 10.664000 22.665700 23.086800 
462 1 5.873240 14.195000 16.840400 
1648 2 5.669130 17.000200 25.173900 
658 1 10.367100 25.730800 13.748900 
533 1 2.041230 22.052100 17.070700 
193 1 1.619510 19.402900 20.903200 
1995 2 0.726278 18.327800 20.794500 
229 1 4.557710 24.721300 15.849300 
464 2 5.570790 14.499200 16.488700 
929 1 11.535600 20.352900 18.557900 
922 1 12.713000 14.636600 13.534300 
1427 2 2.428280 21.839300 24.098100 
58 1 3.925560 22.072400 13.085300 
936 2 10.906200 17.090500 21.854100 
1928 2 4.801050 23.721300 21.850800 
828 2 6.308340 17.168800 17.770800 
1170 1 9.153620 22.035900 15.563300 
1925 1 4.637470 24.012200 22.170800 
835 2 12.808200 14.916300 17.053100 
659 2 10.626400 25.414200 13.711900 
771 2 5.348380 26.300600 19.157500 
345 1 5.937570 19.181100 15.038300 
137 1 1.465740 14.127000 22.510900 
834 1 12.274800 14.624800 17.492300 
140 2 2.263730 14.158800 23.721800 
940 2 11.925600 14.100800 22.633800 
939 2 11.681100 14.018600 22.673500 
463 2 5.212620 14.409300 16.805900 
1172 2 8.941470 22.249800 14.807400 
490 1 8.301010 25.097600 15.386500 
138 1 2.009670 14.000700 24.511600 
1934 1 1.239750 24.039200 21.187400 
1951 2 5.525760 16.830500 13.965900 
1169 1 8.637220 22.670700 14.331500 
1299 2 0.032816 14.354400 20.335200 
1613 1 0.283656 18.928700 14.440000 
1054 1 13.248100 24.034400 19.864400 
1709 1 2.888910 19.543400 13.743600 
772 2 5.384990 26.127700 19.091700 
626 1 2.325250 26.394000 21.728800 
1302 1 0.688272 24.023400 25.798300 
515 2 5.287220 13.399100 13.506500 
609 1 11.696500 15.806900 26.636600 
976 2 13.088800 18.530100 26.466100 
514 1 4.340350 13.584400 13.699400 
1588 2 24.058500 4.443610 6.925740 
1168 2 18.813900 7.016000 2.301920 
1367 2 16.847400 4.167320 1.123700 
1166 1 18.385900 6.453100 2.388460 
698 1 25.098900 10.694800 11.965800 
1208 2 14.716500 9.026530 12.214100 
1860 2 22.363800 5.221180 0.103342 
1024 2 18.629800 9.367420 4.525550 
1022 1 19.142000 9.195980 4.826220 
273 1 16.320800 12.451200 11.283400 
1643 2 20.817400 3.021260 2.549930 
749 1 15.615200 12.174500 4.351380 
1585 1 23.506100 4.883070 6.910050 
544 2 14.246600 10.170100 5.266490 
1437 1 19.753300 -0.087474 12.051800 
1586 1 24.745800 4.189210 7.020180 
680 2 14.963000 4.839280 3.821060 
1852 2 21.087700 10.646000 1.662590 
318 1 13.351600 5.529140 9.790680 
616 2 16.142100 2.129940 11.205900 
42 1 16.700500 2.450130 3.778280 
176 2 21.240700 10.407100 6.258650 
1466 1 13.909800 5.206660 0.419070 
582 1 16.953300 10.485700 7.043040 
1756 2 18.173100 11.375200 13.137800 
1843 2 17.277500 1.753270 4.031840 
478 1 20.998000 12.358000 10.850200 
1673 1 20.512900 3.057070 7.486560 
1978 1 25.073900 6.969780 10.130300 
1701 1 17.290400 0.802793 8.786100 
613 1 15.791400 1.220530 11.799000 
1611 2 22.445100 2.127500 9.324240 
1535 2 17.170200 10.738100 0.553880 
180 2 25.801500 7.434220 9.430470 
614 1 15.607800 2.957190 11.295800 
543 2 14.237100 10.107600 5.446980 
1973 1 18.709400 8.365610 11.635900 
1610 1 22.531200 2.501490 9.612440 
1468 2 13.567100 5.870760 1.043920 
1976 2 19.023500 8.890440 11.802000 
1850 1 23.105200 11.890600 3.869040 
1259 2 22.583900 8.822040 11.022700 
1143 2 14.270600 2.054420 5.993760 
643 2 25.208600 6.909710 3.115490 
1916 2 24.206800 11.283600 8.069310 
33 1 17.667600 4.933290 5.447770 
1520 2 23.105800 1.712310 5.677590 
883 2 13.976000 11.657400 9.014220 
1849 1 20.490200 11.213400 2.055450 
1977 1 25.544900 8.381080 9.393160 
1457 1 21.866400 8.843400 10.978400 
1030 1 24.963100 2.971460 1.807280 
448 2 26.586000 10.687400 2.739650 
28 2 20.559400 7.259030 7.791620 
1702 1 18.615300 0.866212 8.491840 
26 1 19.994900 8.140850 7.889260 
1465 1 13.553500 6.136720 1.348880 
116 2 24.149600 11.538500 8.425260 
1703 2 17.613500 0.767749 8.590170 
571 2 19.133900 3.923290 10.165400 
495 2 15.494800 8.358060 2.681870 
1676 2 20.363600 3.394640 6.853460 
1260 2 22.556900 8.992310 11.153900 
21 1 17.729200 1.498240 4.141690 
898 1 13.783300 8.020170 8.570760 
699 2 25.503500 10.248400 12.535400 
174 1 21.597600 10.677200 5.567920 
541 1 14.590800 9.561380 5.433670 
1641 1 21.190800 2.596870 1.751820 
1891 2 16.778000 7.339970 10.419000 
1675 2 20.142400 3.371820 6.823500 
1058 1 23.658100 9.824600 0.178622 
143 2 26.670000 0.904032 9.278410 
1388 2 15.006200 9.077510 11.735400 
274 1 15.542500 13.043000 10.358800 
1385 1 22.493300 8.474090 3.752260 
1828 2 20.541500 7.162240 8.022020 
1233 1 22.884800 12.908900 12.331600 
451 2 23.464700 11.987700 3.967780 
479 2 20.855500 12.417300 9.777130 
641 1 25.500700 7.088000 2.501850 
402 1 17.468600 11.824800 8.278580 
677 1 14.487000 4.711910 3.540460 
1167 2 18.627500 6.789070 2.380830 
642 1 24.467700 6.440660 3.526080 
1639 2 16.571700 6.803260 6.293050 
1914 1 24.707100 11.627400 7.255200 
572 2 18.977300 3.976110 10.212200 
1644 2 20.999400 3.010780 2.439660 
1700 2 21.494000 6.261530 11.909200 
1826 1 21.533100 7.569830 8.128580 
175 2 21.059600 10.407000 6.025570 
1144 2 14.500000 2.208730 5.846740 
644 2 24.998500 6.879510 2.837790 
1742 1 22.249800 0.439902 3.060760 
881 1 13.610600 11.142800 9.466610 
1851 2 20.746400 10.988400 1.667370 
1029 1 24.640500 2.897380 3.235770 
1864 2 17.257000 1.856410 3.864720 
679 2 15.053200 5.164630 3.790020 
1218 1 20.190800 0.342884 10.664900 
177 1 25.349300 6.899100 8.119130 
1165 1 22.949800 4.881850 0.693543 
154 1 20.838000 10.026500 6.641840 
1258 1 23.288200 9.039790 11.401400 
276 2 16.046000 12.661000 10.904400 
25 1 20.638400 7.045060 6.762390 
467 2 24.066400 3.707920 10.987300 
27 2 20.683100 7.142830 7.878110 
751 2 16.064500 12.516000 4.104310 
1141 1 14.103200 2.412750 5.372610 
1023 2 18.574900 9.461750 4.395820 
569 1 18.892500 4.353870 9.782420 
209 1 21.169400 0.767260 11.872000 
1536 2 17.573400 10.429900 0.460238 
34 1 26.483000 4.408580 5.950180 
1587 2 24.190000 4.834910 6.997080 
678 1 15.569800 5.286970 4.098110 
1740 2 18.019500 4.313210 5.482280 
1518 1 22.302200 1.919720 5.834950 
179 2 25.567400 7.357840 9.753640 
884 2 13.536900 11.734500 8.914770 
1974 1 19.684900 9.507270 12.171600 
1941 1 25.607900 0.557187 9.848710 
1739 2 17.924100 4.521020 5.531790 
1519 2 23.146900 1.558150 5.613750 
458 1 21.860300 5.034900 3.331170 
1637 1 16.614700 6.415220 6.830750 
1989 1 22.302600 1.739100 8.857330 
1458 1 26.477200 1.776370 5.406260 
793 1 16.477000 1.832600 10.542300 
1584 2 21.904600 8.247100 3.079590 
1758 1 23.661100 1.354390 5.229170 
1581 1 21.716800 8.400730 2.505110 
401 1 18.773800 11.286700 7.236430 
1737 1 18.383700 3.769210 5.445210 
1915 2 24.271900 11.308700 8.299420 
1766 1 15.503000 12.906000 0.047708 
591 2 25.866700 13.349800 0.045229 
1754 1 17.678700 10.998600 12.503000 
1762 1 21.399400 10.637400 1.528660 
1032 2 24.830800 2.910390 2.572450 
1979 2 25.892400 7.647060 9.375580 
480 2 20.611000 12.401100 10.148700 
848 2 24.252900 8.970730 5.781520 
1674 1 20.210100 3.676440 6.351000 
113 1 25.186600 11.263900 8.761540 
1142 1 14.681100 1.886750 6.516890 
466 1 24.474800 4.289270 10.668800 
700 2 25.598300 10.491900 12.691600 
275 2 15.893800 12.878200 10.782200 
581 1 17.875400 10.157700 8.618520 
1235 2 22.547100 12.608800 12.864500 
1893 1 20.584500 -0.061820 5.548760 
1755 2 17.757600 11.515000 13.047100 
115 2 24.294800 11.807800 8.281240 
1686 1 14.662200 1.961850 2.680730 
900 2 13.872000 8.523450 8.482570 
796 2 16.397600 1.953830 11.652900 
849 1 16.321000 4.637080 8.764160 
403 2 17.620700 10.986400 7.665820 
583 2 17.995000 10.805200 7.831790 
1368 2 17.056800 4.069700 1.096080 
1697 1 21.094100 6.018520 12.232400 
584 2 17.635400 10.954000 7.934130 
1698 1 21.818000 6.433950 11.139800 
144 2 26.230600 0.900382 9.185780 
1678 1 13.971400 9.180590 8.176550 
852 2 16.459300 4.338830 8.122040 
1688 2 14.556900 1.877360 1.989140 
1060 2 23.639400 9.742340 0.656556 
1534 1 17.050100 10.719500 1.057750 
1205 1 15.770600 8.683430 12.002900 
1021 1 18.058600 9.549340 4.226230 
1638 1 16.534800 7.169940 5.511400 
1640 2 16.383700 7.004350 6.097770 
1387 2 22.066700 8.625550 3.281410 
1366 1 16.681700 4.379340 1.433510 
493 1 15.460200 9.301210 2.814490 
459 2 22.279400 5.430230 3.826330 
1426 1 20.572100 12.411000 9.485410 
1975 2 19.454400 8.682260 11.535500 
1236 2 22.384800 12.373800 12.970200 
847 2 24.147200 8.666430 5.911610 
1687 2 14.417100 1.820320 2.295290 
465 1 24.001400 3.236140 11.314600 
1890 1 16.042900 6.700860 10.455500 
750 1 16.692800 12.790900 3.936700 
851 2 16.282400 4.263210 8.202230 
494 1 15.679100 7.796110 2.573660 
1825 1 20.209100 6.485080 8.495930 
1845 1 13.961000 10.736900 5.046330 
570 1 18.982100 3.452890 10.796900 
1612 2 22.182900 2.104400 8.955550 
457 1 22.359900 5.843720 4.389070 
738 1 14.640000 13.108000 6.893770 
1699 2 21.625900 5.973910 11.785600 
460 2 22.205900 5.362370 4.451600 
850 1 16.293400 3.692410 7.769580 
1031 2 24.699000 2.955120 2.716470 
63 2 22.526600 5.457740 0.055655 
899 2 13.903400 8.442890 8.426000 
846 1 23.870500 9.294680 6.756440 
452 2 23.787500 12.146000 4.115720 
1913 1 23.306800 10.970200 8.358580 
445 1 26.023000 10.852800 2.137450 
1399 2 20.210100 0.246972 11.529000 
404 2 17.934900 10.923100 7.813500 
615 2 16.037900 1.800020 11.421900 
114 1 23.775800 12.720400 8.710450 
752 2 16.196300 12.300300 4.204650 
1827 2 20.946900 7.438110 7.664030 
1386 1 14.412300 9.282530 11.112400 
1400 2 20.330200 0.593655 11.361500 
1892 2 17.026100 6.926110 10.464500 
1059 2 23.642800 9.422720 0.848573 
795 2 16.164600 2.002670 11.269700 
237 1 17.117800 2.101320 12.022100 
468 2 24.143500 3.522100 10.913100 
1206 1 14.440000 9.320700 12.736300 
1685 1 14.180700 1.578710 1.576840 
1642 1 20.697300 3.178050 3.053580 
1365 1 17.144200 3.484950 0.548087 
1220 2 20.149000 0.355222 11.568900 
1057 1 23.829700 9.087970 1.518400 
1738 1 19.440900 7.346790 2.526070 
450 1 24.157900 12.280600 4.260650 
496 2 15.536500 8.484780 2.667870 
845 1 24.353300 8.334440 5.699070 
705 1 17.257700 7.289400 10.081700 
1704 2 18.039500 0.852204 8.589110 
1207 2 14.960600 8.985890 12.054500 
1980 2 25.375300 6.973000 8.822430 
882 1 13.630000 12.146800 8.691530 
1942 1 25.680700 1.344760 8.103860 
1467 2 13.672600 5.871970 0.797479 
585 1 13.483100 6.019960 6.110110 
902 1 13.281900 10.921300 1.618920 
978 1 13.452600 2.633570 8.932270 
1943 2 26.209600 0.501413 9.049380 
589 1 25.383400 12.533300 -0.051118 
1254 1 20.653100 8.600550 0.314359 
278 1 25.748200 4.218640 13.059900 
1185 1 19.225600 2.655150 0.309856 
1187 2 19.661500 2.465480 -0.135325 
1216 2 17.641000 4.182800 14.978500 
1838 1 20.581600 9.594010 21.742600 
567 2 21.815300 0.774631 20.318400 
1278 1 15.229000 11.880400 21.755800 
1618 1 23.759000 6.086110 21.821100 
38 1 20.061400 10.860500 22.611600 
506 1 16.703500 7.016140 25.741600 
686 1 13.799500 9.828590 17.253900 
1500 2 19.551900 1.934890 18.770500 
1473 1 21.679000 9.425040 14.672700 
1499 2 19.368000 2.416780 18.550100 
1654 1 24.241200 11.181200 15.089200 
1873 1 26.752500 7.821430 15.695000 
186 1 23.805400 2.105960 23.751300 
1490 1 14.181900 3.228030 15.756000 
1474 1 20.679100 10.389900 14.943400 
1497 1 19.807000 1.559740 18.901600 
252 2 24.481500 1.960900 15.807600 
1406 1 14.656900 8.895470 26.550000 
331 2 25.289700 5.293510 16.905800 
1476 2 21.107000 9.804210 14.666200 
1861 1 19.243900 6.033150 26.057800 
1779 2 21.183500 5.830550 15.236300 
1237 1 16.450000 8.206290 23.228800 
1514 1 24.094200 6.973380 13.939700 
455 2 26.349000 12.338300 17.928800 
1690 1 16.631500 12.801500 17.613500 
1922 1 16.501200 4.367250 19.845100 
629 1 15.223400 8.697780 20.509500 
366 1 21.493400 3.486530 22.012500 
1472 2 23.784900 11.593200 21.479900 
1984 2 23.682600 1.792910 25.001000 
1537 1 22.023700 4.054100 18.848200 
840 2 15.539600 10.263200 15.223300 
1380 2 22.617100 13.017800 18.372400 
1188 2 19.731100 2.558260 26.526700 
777 1 17.063500 0.431560 15.624900 
1436 2 19.877400 11.801200 16.178800 
251 2 24.775500 2.077700 15.838300 
1603 2 13.420600 6.215290 23.984400 
213 1 25.049500 5.516660 25.411800 
1656 2 24.002500 10.984900 15.711000 
1213 1 17.276300 4.446530 16.069800 
1921 1 15.424600 3.319530 19.419000 
1781 1 14.322400 5.696650 23.793200 
430 1 26.381600 2.455410 18.025100 
1074 1 23.526400 2.380330 25.750600 
1357 1 16.128500 13.329600 13.654600 
1794 1 21.078000 6.108710 15.874800 
305 1 22.501700 9.475980 19.157300 
971 2 24.946400 0.223680 19.631300 
1801 1 25.052600 0.626284 25.747200 
1692 2 16.499700 12.475600 17.954800 
905 1 21.218000 2.151730 14.144100 
124 2 15.802100 3.542260 20.399200 
1917 1 23.718800 6.903090 15.158000 
1753 1 18.256200 11.624400 13.751300 
40 2 20.126900 10.502700 21.756400 
350 1 18.897000 1.734500 23.185300 
1238 1 16.493500 9.539470 23.101400 
690 1 18.487900 6.518310 22.884100 
1962 1 15.086700 0.615433 22.094500 
1782 1 13.516800 6.906340 25.029500 
908 2 21.691100 2.957980 13.570800 
714 1 16.936500 3.704680 24.128300 
1313 1 18.005000 8.972250 18.699700 
1784 2 13.604600 6.052070 23.385400 
1609 1 24.471100 0.219875 23.773800 
1117 1 24.726800 3.693860 20.292200 
3 2 24.024400 1.365180 24.454400 
1491 2 14.619200 3.163550 16.365900 
39 2 20.048000 10.725100 21.664100 
102 1 15.524300 4.095740 20.993700 
1028 2 16.611500 0.109909 25.710400 
1985 1 22.346500 0.775921 24.361500 
1538 1 21.663900 5.105450 18.094500 
1277 1 13.756600 12.169400 21.354400 
117 1 22.587900 9.131930 17.167600 
1655 2 24.248800 11.238800 15.902600 
692 2 17.962500 6.527870 22.227400 
630 1 14.154400 9.111740 19.238600 
1378 1 22.173900 12.585700 18.173800 
1239 2 16.521200 9.033000 23.056000 
1430 1 17.800900 7.746070 15.642100 
334 1 23.152300 12.128700 24.332200 
119 2 22.086300 9.045680 18.510800 
1073 1 16.106200 2.481650 24.259700 
1018 1 19.403800 5.723070 18.012000 
1630 1 20.049600 2.837900 21.192600 
689 1 17.725900 6.201600 21.705500 
349 1 20.104200 1.345250 22.703600 
1314 1 17.200600 10.123600 17.956500 
1839 2 19.901000 10.101900 22.061100 
668 2 26.029300 9.520900 19.698900 
666 1 25.549800 9.683650 18.968200 
332 2 25.361500 5.261280 16.895500 
1407 2 14.298000 9.403120 25.819700 
364 2 21.397900 1.151740 16.670200 
1395 2 17.862100 4.564720 15.179500 
1267 2 20.758900 4.007590 21.546100 
907 2 21.615700 2.510430 13.632200 
1469 1 24.115600 11.632100 21.886300 
1604 2 13.487400 6.246050 23.889400 
891 2 24.326200 4.397350 20.370400 
1099 2 16.897400 11.940300 23.922500 
1255 2 20.437300 8.267570 25.862400 
508 2 17.091100 7.203280 25.815700 
1439 2 19.002800 5.862580 18.568900 
1394 1 16.761800 3.734690 14.529700 
118 1 22.455400 7.775540 18.400400 
456 2 26.468000 12.326300 17.659000 
1516 2 23.866600 7.068360 14.247700 
214 1 26.207500 6.004350 25.822100 
1799 2 23.180100 7.298080 22.446900 
1215 2 17.455100 4.044620 14.588900 
1658 1 15.056300 7.526580 16.342300 
122 1 16.275900 2.841050 20.917400 
1396 2 17.512500 4.279670 15.057400 
330 1 24.726300 5.713320 17.003600 
1256 2 20.408000 8.335090 26.463000 
1923 2 15.926600 3.566080 20.213700 
215 2 25.614700 5.632110 25.537300 
1471 2 23.741000 11.768600 21.347300 
1632 2 19.494000 5.606650 25.156600 
667 2 25.706300 9.563700 19.550300 
1280 2 14.351900 12.106700 21.644100 
892 2 24.295000 4.169880 20.098800 
1619 2 23.153200 7.208780 22.157600 
120 2 22.272800 8.823740 18.030400 
1315 2 18.036500 9.639740 18.491000 
183 2 24.070800 1.731130 24.097800 
632 2 15.106800 8.368390 20.046500 
1617 1 22.240000 7.087460 22.320800 
1918 1 21.024700 9.113600 18.499300 
918 1 14.973300 5.875490 14.277200 
972 2 25.030100 -0.064769 19.892800 
250 1 24.946800 1.625340 15.275100 
687 2 13.438500 10.186900 17.223300 
1657 1 15.053200 7.150020 17.482700 
1438 1 18.764700 5.270680 19.218800 
1807 2 20.435800 12.516500 25.076400 
906 1 22.179000 3.416610 13.401800 
1265 1 25.344900 2.488600 24.572500 
1268 2 20.551900 3.742880 21.636100 
1316 2 17.833700 9.406560 18.302100 
181 1 20.393600 12.853200 24.393000 
336 2 23.881200 12.265900 24.576300 
1279 2 14.585700 12.048700 21.428600 
1983 2 23.959200 1.710570 24.713400 
333 1 24.569900 12.208300 24.737900 
1653 1 23.976100 11.038200 16.242300 
1837 1 19.008200 10.288100 21.512800 
1629 1 19.442500 4.902300 24.992400 
1240 2 16.364400 9.100670 23.238700 
1027 2 17.285900 0.585554 25.735300 
1822 1 26.386900 9.965870 22.643000 
837 1 16.373200 9.715530 15.193400 
1214 1 17.862200 5.321930 14.703700 
1821 1 25.643200 9.288940 23.929800 
917 1 13.868400 5.747050 13.409400 
1840 2 19.953900 10.328100 21.673400 
1100 2 16.906800 11.885200 23.891000 
566 1 21.825800 1.199800 20.262900 
335 2 23.753900 12.257000 24.566000 
1802 1 22.954300 0.147075 25.951200 
1803 2 23.853500 0.728879 25.072400 
507 2 16.989700 7.302070 25.928300 
1539 2 22.061500 4.752590 18.274800 
329 1 25.956700 5.024770 16.956800 
838 1 15.022100 10.706100 15.265900 
1533 1 17.654300 10.631500 26.470900 
1924 2 16.119400 3.431750 20.138400 
920 2 14.617300 5.542650 14.017800 
1602 1 13.204700 6.864270 23.268300 
919 2 14.269800 5.644640 13.594000 
691 2 18.145900 6.320390 22.162500 
351 2 19.509100 1.616940 22.780500 
363 2 21.498900 1.023110 16.609200 
1988 2 20.333800 12.268200 24.948300 
1540 2 21.919100 4.620280 18.597500 
1659 2 15.212200 7.375860 16.847900 
1920 2 22.146900 8.761740 18.245300 
969 1 24.500900 0.300468 19.594900 
352 2 19.396700 1.621160 23.040100 
1598 1 23.600100 7.105070 23.663400 
1620 2 23.403200 6.841060 22.663500 
216 2 25.709500 5.796860 25.563300 
1432 2 17.883200 8.138470 14.969200 
1435 2 19.841300 11.995500 16.000700 
4 2 23.387900 1.064570 24.363900 
279 2 25.864700 4.352650 13.437900 
1691 2 16.308100 12.343200 18.049900 
249 1 24.516900 2.587860 16.352600 
1266 1 20.477900 4.396630 21.485800 
454 1 26.184100 12.260300 18.611000 
1393 1 18.589700 3.721180 14.567500 
1631 2 19.230300 5.310200 25.149300 
1806 1 20.451100 12.004400 25.587300 
1253 1 20.449600 7.795830 25.485100 
665 1 26.056400 9.330710 20.165400 
1798 1 23.659300 8.025410 21.843800 
1919 2 22.162500 8.776670 18.376800 
1783 2 13.162800 6.047000 23.778500 
1257 1 22.316500 12.485900 13.642900 
1098 1 17.120900 11.156100 24.396600 
890 1 24.042800 4.783130 19.892600 
1515 2 24.031600 6.848100 14.529700 
1440 2 18.855900 5.430550 18.498400 
1804 2 24.376200 1.230990 24.563700 
1660 2 15.283100 7.309640 16.914100 
280 2 26.087400 4.427930 13.232700 
1489 1 14.928500 2.847490 16.754400 
123 2 15.899000 3.621370 20.434400 
1498 1 18.975900 2.616120 18.109900 
1075 2 16.730500 3.206150 24.252200 
1761 1 23.272900 11.692800 20.865600 
1405 1 14.327000 9.480160 25.389000 
37 1 20.655200 10.960600 20.832600 
184 2 23.515600 1.429280 25.296100 
1492 2 14.462600 2.907930 16.185700 
1777 1 21.367500 5.600510 14.505900 
1800 2 23.163500 6.870670 22.632300 
631 2 14.604300 8.906220 20.172100 
1429 1 18.431800 8.270940 14.324100 
1097 1 16.741900 12.228900 23.544000 
685 1 13.328900 10.941800 17.325800 
1475 2 21.198600 9.621760 14.532600 
965 1 16.525200 -0.362075 19.745600 
1076 2 16.478000 3.274780 24.283100 
1408 2 14.472800 9.148680 25.934400 
697 1 25.729200 10.199200 13.138800 
565 1 21.271700 0.133510 20.910900 
362 1 21.904100 0.703729 16.508500 
568 2 21.511500 0.838306 20.660800 
839 2 15.504200 10.609100 15.485000 
1780 2 21.164300 6.036930 15.410600 
1433 1 19.950700 12.462300 15.879500 
688 2 13.570200 10.457700 17.524600 
1431 2 17.850600 8.061400 15.081600 
1379 2 22.325700 13.115800 18.505500 
453 1 26.527000 12.448100 17.444200 
361 1 21.028000 1.589520 16.808800 
1434 1 19.297900 11.408700 16.551400 
1025 1 17.458400 0.929326 25.977200 
1857 1 22.087000 5.367270 26.128200 
1689 1 15.990700 12.196300 18.487400 
1186 1 20.253000 2.345660 26.000900 
592 2 26.062400 12.843500 26.651900 
505 1 17.427900 7.760380 26.202100 
1348 2 19.986500 15.194100 11.372200 
93 1 21.424600 16.214200 3.815140 
433 1 18.255900 24.633400 11.502200 
787 2 13.695800 22.931300 12.604600 
22 1 22.508000 14.273900 0.202312 
1542 1 21.620100 23.062400 2.304410 
1347 2 20.244000 15.039400 11.697100 
190 1 14.106800 19.357100 7.541560 
1599 2 23.709100 25.424400 13.242200 
1264 2 26.397700 25.344800 2.433390 
434 1 17.279600 24.233100 12.484500 
436 2 17.624500 24.359600 11.995500 
1721 1 18.960800 13.850800 1.705870 
29 1 19.032600 16.682300 1.313890 
1684 2 21.679400 18.003300 12.254100 
1896 2 20.249400 26.273200 5.697010 
1832 2 17.170400 22.242600 3.862050 
1888 2 23.443100 18.481700 5.725180 
981 1 14.428700 25.431900 1.771260 
1507 2 25.151200 16.303800 12.657300 
1508 2 25.000100 16.309200 12.460000 
814 1 14.111200 24.172200 10.577600 
802 1 14.081300 23.661600 1.922650 
982 1 14.988000 24.086600 0.737731 
1421 1 20.720800 22.100700 4.985220 
994 1 14.292200 24.982600 8.785950 
1748 2 16.787100 15.990800 5.269070 
1505 1 25.083400 16.023800 13.083200 
1201 1 13.128200 23.453300 4.405490 
376 2 15.861300 21.415900 6.867830 
1887 2 23.407900 18.186400 5.727560 
1589 1 19.389500 26.392400 1.556410 
1543 2 22.083400 22.735700 2.115790 
374 1 15.519600 21.199900 7.163910 
648 2 17.311200 15.381600 8.591450 
1320 2 17.648800 17.866000 12.134800 
360 2 16.195500 21.685000 10.669700 
706 1 20.331200 15.845800 4.576230 
676 2 23.193500 19.035900 1.986510 
1592 2 18.713900 25.637400 2.030880 
191 2 13.317600 18.233400 6.907530 
310 1 24.367400 14.320500 4.995820 
1670 1 14.710100 21.084800 1.559040 
774 1 22.668400 21.511600 7.910220 
96 2 20.721100 16.050600 4.305220 
776 2 23.116500 21.088000 8.009720 
1483 2 13.340800 19.088400 11.094700 
1960 2 16.027700 25.255200 6.030020 
1319 2 17.631900 17.608300 12.096200 
1708 2 18.724100 20.759700 0.794688 
1345 1 20.685200 14.747100 12.182200 
993 1 14.509700 25.947400 10.204200 
1128 2 22.591000 25.354000 8.344470 
1419 2 23.757300 25.750300 13.039500 
675 2 22.905500 18.538000 2.157960 
1193 1 25.511000 15.402600 2.463440 
1741 1 22.775100 26.072200 2.162790 
1669 1 15.070600 20.022700 1.280790 
804 2 14.581100 24.132000 1.485050 
1392 2 23.295200 14.446900 10.235000 
1045 1 25.270000 20.387600 4.903650 
1760 2 21.239900 15.534100 7.610460 
1009 1 20.096700 19.290300 3.882200 
1010 1 21.331100 19.766500 4.117900 
1048 2 25.132400 21.064400 4.654630 
30 1 20.008700 17.897100 1.518950 
1886 1 22.982700 18.663500 5.662100 
1546 1 16.520200 19.490700 9.446840 
1580 2 23.943200 20.936700 11.583800 
1786 1 25.443200 22.266000 2.108760 
1424 2 20.869700 22.638200 5.133710 
1736 2 23.820000 24.203300 5.092540 
1706 1 19.414400 20.875500 0.832633 
358 1 16.582700 22.038100 10.234700 
773 1 23.571200 20.496800 8.134970 
1743 2 22.569100 26.558800 2.758730 
1597 1 23.578300 24.541200 13.240500 
878 1 26.205400 18.937800 1.701250 
1418 1 24.583400 25.913400 12.889900 
1125 1 23.787200 25.203800 8.416380 
1423 2 20.887800 22.713500 5.466340 
1146 1 22.398200 23.482300 10.417500 
1544 2 22.243100 22.609900 1.822540 
646 1 17.027800 15.658400 8.315420 
1412 2 18.946700 25.976500 2.175400 
1831 2 17.263400 22.228100 3.961790 
50 1 23.859000 18.521000 9.788280 
1261 1 25.804500 26.089900 2.818540 
1410 1 17.985700 26.193700 2.296970 
1011 2 20.675000 19.644500 3.779760 
312 2 24.109100 14.862300 5.876700 
1200 2 19.026700 22.963300 8.728730 
1020 2 18.931800 23.489300 8.479370 
1787 2 25.168500 21.873800 1.704810 
1147 2 21.996900 23.332800 10.863700 
1409 1 18.853300 24.920400 1.245030 
1346 1 19.974200 15.448000 10.973400 
373 1 16.602100 21.646200 6.330550 
1263 2 26.297500 25.857600 2.392810 
1829 1 17.143600 21.587700 3.537460 
1622 1 25.180500 23.462400 10.024100 
1145 1 21.627800 23.249200 11.652600 
997 1 18.412800 22.408300 8.181400 
1785 1 24.980700 21.709200 1.025310 
367 2 16.373700 18.382600 2.962140 
1548 2 16.533000 18.693500 9.322300 
375 2 15.945100 21.514200 6.863320 
1830 1 17.291000 23.020700 3.936430 
1148 2 22.120300 23.190600 11.229700 
365 1 15.780000 18.749100 2.986030 
1662 1 14.123200 14.579400 3.486590 
1682 1 21.229300 18.313300 12.534500 
673 1 22.487400 18.315700 2.156710 
1578 1 23.914600 21.205500 11.136300 
622 1 18.044500 18.142800 6.219900 
1318 1 18.089800 17.229500 12.088900 
414 1 20.321500 20.930900 11.996000 
1111 2 26.487800 15.576000 8.722810 
1894 1 19.664400 25.579800 5.946770 
1683 2 21.892800 18.304600 12.276400 
815 2 14.265800 24.877700 9.562970 
359 2 16.225900 21.739200 10.805700 
1931 2 26.517300 20.999100 7.959630 
1047 2 25.181300 21.120600 4.602400 
786 1 13.399800 22.512300 12.119700 
1671 2 14.874000 20.704000 1.437490 
1932 2 26.433500 20.619000 7.751420 
1744 2 22.562400 26.604500 2.509930 
1391 2 23.147700 14.712700 10.606000 
1197 1 18.934500 22.958300 9.807670 
740 2 14.441400 14.050800 6.520040 
221 1 19.389900 19.245600 9.415900 
1590 1 19.175500 25.622900 3.009120 
1734 1 23.842900 24.662700 5.949100 
1389 1 22.749500 14.379700 10.307100 
1541 1 22.570500 22.390500 1.646810 
816 2 14.674900 25.238200 9.908920 
311 2 24.317600 14.433900 5.364980 
9 1 14.387600 17.562300 6.503490 
1317 1 17.253400 18.203700 12.615300 
1196 2 25.802400 15.941800 2.609590 
12 2 13.405800 18.230700 7.403000 
1621 1 25.600400 24.340400 9.274300 
173 1 21.099600 16.237100 7.396220 
11 2 13.544700 18.092400 7.002630 
1733 1 24.014400 24.007700 4.772310 
1747 2 16.948200 15.913200 5.780430 
1411 2 18.426300 26.011200 2.054390 
674 1 23.509500 19.540600 1.933510 
1576 2 19.635800 13.682300 5.729990 
1017 1 18.326300 24.235800 8.626490 
1757 1 21.181400 14.890400 7.573560 
1545 1 16.568100 18.320500 9.220950 
224 2 20.195200 19.218200 9.154820 
621 1 17.908200 19.365500 6.432460 
1506 1 25.384200 16.666500 12.045800 
1623 2 25.238900 23.796200 9.709420 
801 1 15.661200 24.665300 2.337610 
984 2 14.795100 24.433800 1.891240 
1547 2 16.458100 18.974300 9.277220 
1591 2 19.185700 25.763400 2.041580 
624 2 17.746600 18.815300 6.187950 
1722 1 17.714500 14.682000 1.355090 
775 2 23.087400 21.180500 8.158210 
222 1 17.240600 18.448600 2.866620 
995 2 14.782900 25.147500 9.526130 
1895 2 20.078800 26.169500 5.676680 
49 1 24.440100 17.315500 8.854980 
1198 1 19.833500 23.214100 8.443440 
1778 1 15.716300 25.055200 6.967540 
1745 1 16.787400 16.028300 4.528610 
1390 1 23.740400 15.002200 11.001200 
996 2 14.663100 24.854000 9.646140 
1930 1 26.105800 20.590000 7.339780 
368 2 16.366100 18.554500 2.983420 
1126 1 22.236700 25.385700 8.273340 
51 2 23.973700 17.979600 9.408490 
1663 2 13.461700 14.826000 3.161650 
43 2 22.731300 14.185400 1.443980 
1012 2 20.749800 19.757700 4.095470 
1110 1 26.009300 15.308900 9.020670 
1422 1 21.302900 23.097700 5.649970 
157 1 16.530200 26.140700 5.997170 
1723 2 18.447300 14.331300 1.462640 
739 2 14.739000 13.479200 6.556930 
1885 1 24.012000 17.596000 5.973830 
1681 1 22.401900 17.871300 11.803400 
803 2 14.525200 24.519300 1.662760 
159 2 16.311700 25.284600 6.010760 
1759 2 21.171700 15.535600 7.515300 
983 2 15.146000 24.640500 1.681160 
192 2 13.595900 18.027900 6.765700 
1381 1 13.590500 22.619100 6.036460 
1199 2 18.992700 23.156100 8.608690 
435 2 17.684800 24.345100 12.041500 
309 1 24.099000 14.872100 6.142410 
1672 2 15.032400 20.603500 1.484000 
1127 2 22.812000 25.288300 8.359530 
1579 2 24.018000 21.050300 11.829300 
1305 1 14.322800 14.923500 9.608540 
223 2 19.845600 19.075800 9.081320 
1889 1 26.439400 22.512400 12.581700 
32 2 19.596500 17.448600 1.417620 
1306 1 14.125800 15.708100 10.542800 
1217 1 23.177300 25.663800 12.008500 
1664 2 13.380800 14.842800 3.166590 
160 2 16.489100 25.471800 6.189030 
1788 2 25.230500 21.986200 1.520310 
737 1 14.424000 14.544700 6.300300 
1046 1 25.040700 21.435600 4.284550 
1842 1 23.445500 14.045200 1.987520 
788 2 13.638900 23.039100 12.808400 
357 1 15.921200 21.494800 11.212700 
52 2 23.933300 17.825500 9.328830 
1707 2 18.634900 21.053300 1.132440 
1624 2 25.233400 23.837000 9.728290 
1573 1 18.826800 13.233900 5.154980 
44 2 22.611900 14.598000 0.998723 
1019 2 19.002200 23.396100 8.759320 
238 1 16.281900 24.897400 5.642600 
2 1 17.825900 14.879300 9.063420 
1746 1 16.927100 15.880700 6.143590 
1650 1 20.666700 19.089100 9.198140 
1735 2 24.042100 24.399200 5.363750 
95 2 21.039900 16.283900 4.154590 
1844 2 22.792000 14.375000 1.699450 
794 1 15.662600 24.870500 9.682400 
623 2 17.998600 18.795600 6.201210 
1195 2 25.612000 15.850300 2.631790 
1575 2 19.426000 13.412600 5.301280 
1577 1 24.091400 20.563000 12.392200 
415 2 19.494700 20.797900 13.289600 
1574 1 19.972300 13.597500 6.067340 
1194 1 25.766100 16.572100 2.777420 
647 2 17.366200 15.206300 8.520520 
1112 2 26.470100 15.412900 8.778460 
1308 2 14.165700 15.288600 10.096100 
1724 2 18.330500 14.184100 1.543410 
41 1 22.209900 14.716700 1.854130 
595 2 20.019500 21.216000 13.213500 
1705 1 18.066900 20.882300 0.858486 
31 2 19.515900 17.352100 1.322620 
1307 2 14.130700 15.206800 9.854470 
1481 1 13.760100 19.441300 11.226100 
1420 2 23.470000 25.746100 12.825200 
1600 2 23.548300 25.388800 12.867800 
131 2 19.069800 16.545600 24.006100 
1716 2 14.161400 22.940600 24.626600 
703 2 21.047000 25.174300 25.574300 
394 1 16.167500 21.033300 18.495800 
1865 1 21.543600 21.540700 17.708200 
925 1 23.083800 18.024800 17.569800 
1034 1 18.745700 24.127100 24.542200 
806 1 22.080900 16.893500 24.360000 
1070 1 20.895000 14.710600 21.638000 
1731 2 22.787200 22.061800 15.339400 
1331 2 20.463600 24.692200 14.660200 
1805 1 20.263900 23.317500 21.979800 
946 1 13.709700 18.916200 16.776400 
64 2 24.707200 15.626500 17.512000 
243 2 14.497600 26.137200 13.838100 
262 1 25.164600 13.612800 14.326700 
1332 2 20.369000 24.488200 14.840600 
1083 2 20.312500 24.847000 18.301900 
242 1 13.795300 26.254000 14.197000 
1026 1 16.414800 26.307100 25.812000 
768 2 15.163300 15.753000 23.394700 
405 1 23.652300 24.769500 16.708100 
438 1 21.850000 14.881700 14.665200 
797 1 18.556600 19.253600 21.081100 
1791 2 25.809000 16.488700 25.616900 
1360 2 15.488600 13.530800 14.005900 
928 2 22.600800 18.159100 16.860200 
1614 1 25.633200 18.714500 14.988500 
1219 2 14.283300 21.202500 21.507400 
1808 2 20.266200 22.642300 22.120700 
100 2 17.763900 14.515300 21.258000 
1033 1 17.221800 23.593400 24.755700 
62 1 25.357100 15.207300 17.773800 
388 2 14.274400 18.106900 19.772900 
765 1 15.059800 15.332700 22.508400 
106 1 22.577500 20.893500 24.322200 
395 2 16.687700 21.585900 18.773300 
286 1 24.965200 20.568900 24.038900 
1528 2 23.735700 16.830600 20.144600 
1634 1 23.427300 22.898200 24.229300 
762 1 18.315500 25.312000 20.587400 
844 2 13.493200 22.481600 16.450900 
68 2 21.137900 21.556500 18.812800 
130 1 19.756500 15.899500 24.533500 
162 1 15.875100 25.786400 22.911300 
307 2 16.176900 16.746400 26.465600 
440 2 22.334800 15.476800 14.319700 
958 1 17.792200 22.617500 16.761300 
1961 1 14.345900 26.041700 23.038800 
1636 2 23.735500 23.220600 24.577900 
1184 2 16.477400 19.895900 24.586000 
896 2 24.824000 14.963100 22.626900 
1271 2 21.357900 18.535800 21.571100 
805 1 23.322600 16.639300 24.822300 
1907 2 21.877800 20.485700 25.229600 
800 2 17.949700 18.416000 20.659800 
1037 1 14.905100 16.337000 14.104400 
354 1 23.421600 25.277600 21.641700 
1463 2 19.817600 15.629000 17.988200 
894 1 24.677200 15.247400 23.291300 
1729 1 22.846400 21.614800 14.618900 
240 2 13.717900 15.215200 20.503200 
1072 2 21.539100 14.557300 21.548200 
947 2 13.255100 18.438900 16.763600 
766 1 15.277900 16.245000 23.844100 
1358 1 15.042900 13.716800 14.204200 
1525 1 23.188700 17.049700 19.850100 
1899 2 18.036900 14.400500 21.653900 
704 2 21.077500 24.961500 25.774500 
798 1 17.655400 17.758700 20.899000 
1863 2 24.904700 15.691900 17.868400 
1946 1 13.066700 19.527800 22.635600 
129 1 18.592000 16.915300 24.263700 
799 2 18.127900 18.319900 20.418600 
1713 1 14.337400 22.782700 24.138500 
701 1 21.488700 24.745400 25.250700 
1269 1 20.636900 17.594400 21.987000 
1356 2 16.991600 22.964400 21.708700 
1768 2 15.069300 13.757900 26.539400 
1530 1 23.922400 20.786000 22.179300 
1272 2 21.434700 18.473000 21.732600 
261 1 26.093300 13.215600 15.305200 
1202 1 17.171300 20.232900 25.274300 
408 2 23.293800 24.692100 17.118700 
1036 2 18.030900 23.871200 24.546800 
702 1 20.527000 25.204600 25.995300 
1003 2 16.331400 19.744300 24.484400 
893 1 25.112400 14.481200 22.379800 
439 2 22.267500 15.193600 14.276300 
1039 2 14.732500 17.089200 14.052000 
1353 1 16.722900 22.660700 21.322000 
1301 1 26.490700 23.680000 24.777900 
194 1 26.202500 18.082400 19.911800 
99 2 17.813600 14.641800 21.107500 
1616 2 26.324900 18.674900 14.629600 
1582 1 15.202000 15.800500 17.869800 
1461 1 20.685100 15.064900 18.639400 
437 1 22.592400 15.714700 13.925600 
1181 1 16.020700 18.827000 24.645200 
1183 2 16.380500 20.000500 24.443300 
66 1 20.050400 20.522900 18.816000 
1182 1 17.038800 19.991600 23.632000 
1898 1 17.013900 14.626600 21.790600 
966 1 16.502700 26.120900 18.225900 
961 1 16.091100 20.590500 13.572400 
65 1 20.364400 22.439400 19.114400 
1494 1 18.039900 14.376100 15.518500 
356 2 23.018300 24.048500 21.360400 
1377 1 23.224300 13.307000 18.809800 
1038 1 14.622200 17.718800 14.106000 
69 1 24.582900 21.355900 18.904500 
1963 2 14.951900 26.232200 22.763900 
1767 2 15.009300 13.686900 26.316900 
70 1 24.878000 20.957300 17.638600 
1908 2 21.593000 20.469500 24.845200 
263 2 25.634200 13.486600 14.714200 
1792 2 25.631400 16.495700 25.841100 
1878 1 17.601900 17.693000 15.903200 
1069 1 22.175900 14.723300 21.261700 
617 1 17.331300 19.098500 20.052700 
1531 2 23.589800 21.007600 21.714500 
1527 2 23.717100 16.991800 20.205300 
107 2 21.527500 20.458300 25.015900 
1633 1 24.129000 23.625900 25.223900 
239 2 13.807500 14.749700 20.443800 
1730 1 23.027900 22.249500 16.151100 
67 2 21.033600 21.346200 18.763300 
1053 1 14.475300 23.678800 19.703100 
960 2 17.764500 23.235500 16.324900 
1635 2 23.605900 23.256000 24.596200 
620 2 17.702600 19.099900 20.369600 
72 2 24.627100 21.271900 18.159700 
761 1 19.135800 25.392000 21.732100 
1964 2 14.921600 26.127600 22.414400 
1583 2 16.097900 15.728900 17.874100 
1462 1 19.538100 15.888200 17.447600 
618 1 18.815300 17.934300 19.773000 
1933 1 26.168100 23.859800 21.459400 
1404 2 15.741800 15.663100 18.029100 
1877 1 18.393900 19.458100 15.571800 
1495 2 18.709300 14.841900 14.633800 
1789 1 25.767200 16.621100 25.188000 
1868 2 20.878200 21.580900 18.437600 
1900 2 18.034300 14.455700 21.272500 
767 2 15.260700 15.793600 23.084200 
1880 2 17.745800 18.688600 16.440700 
1529 1 23.324700 20.657100 21.030100 
1082 1 19.743500 24.912700 18.873600 
1866 1 21.509200 20.974400 19.280000 
1464 2 20.061500 15.442000 17.815100 
1867 2 20.745700 21.162000 18.694700 
619 2 18.060400 18.645600 20.375800 
406 1 23.063500 24.826000 17.961700 
288 2 25.081000 20.076000 24.810700 
355 2 23.197600 24.383400 21.492100 
927 2 22.685300 18.084600 16.938100 
926 1 21.873400 18.301200 16.657200 
1329 1 20.636800 24.786900 13.991900 
1615 2 25.917400 18.912900 15.022900 
1496 2 18.715400 14.619200 14.916100 
1397 1 13.949200 21.605000 21.590800 
596 2 19.840700 20.831400 13.198100 
808 2 22.794800 16.628700 24.596800 
1526 1 24.169400 17.077600 20.912600 
77 1 18.020700 18.380700 17.242700 
1035 2 17.963100 23.907100 24.928200 
1493 1 18.948500 14.731200 14.387800 
387 2 14.113600 17.973000 20.371300 
1330 1 20.639100 24.389500 15.352900 
1987 2 20.371000 22.610600 22.243000 
97 1 18.578300 14.995600 22.181200 
1401 1 16.579600 15.741500 17.930600 
98 1 18.204400 13.554100 20.842100 
895 2 24.937200 14.864200 22.881300 
1765 1 14.690700 14.194600 26.304200 
407 2 23.682800 24.750100 17.587200 
1879 2 17.839600 18.259900 16.415500 
1270 1 21.839200 18.805800 21.318300 
105 1 21.106800 19.554300 24.265000 
244 2 14.386400 26.067600 14.208700 
1355 2 16.887300 22.704700 21.627500 
79 2 17.625400 18.521200 16.441900 
1862 1 24.546000 16.331600 17.403200 
1905 1 20.927500 21.003900 25.070700 
164 2 15.214000 26.074500 22.407600 
1071 2 21.716600 14.683900 21.440200 
957 1 17.685500 23.854800 15.817400 
959 2 17.807500 23.229800 16.001500 
1297 1 26.019400 14.598300 20.682300 
1084 2 20.192600 24.970300 18.362200 
108 2 21.467700 20.558400 24.872900 
843 2 13.578100 22.283900 16.378600 
132 2 19.396900 16.365500 24.222000 
1732 2 22.777800 21.809200 15.392100 
963 2 15.639500 20.654500 13.729000 
285 1 25.403700 19.931300 25.272000 
841 1 13.924600 22.812500 16.106500 
807 2 22.531100 16.747800 24.594400 
306 1 16.321700 17.105300 26.323400 
1004 2 16.625000 19.704200 24.092700 
161 1 14.949500 25.601400 21.507500 
764 2 18.891300 25.413300 21.236400 
1982 1 14.218600 18.289100 20.622000 
1056 2 13.728400 23.937600 19.536300 
1338 1 15.494900 20.668100 21.500400 
964 2 15.628100 20.601000 13.764700 
1081 1 20.555600 25.055600 17.854200 
1532 2 23.638400 20.719000 21.940500 
590 1 26.422200 13.651900 26.516200 
1986 1 20.561200 21.887500 22.413000 
1055 2 13.758800 24.071200 19.618300 
217 1 14.101300 15.533400 20.609600 
1002 1 15.620000 20.448000 24.220900 
80 2 17.763600 18.569500 16.133300 
1340 2 14.342300 21.021900 21.584300 
163 2 15.131700 25.935700 22.326200 
1354 1 17.487300 23.100400 22.216600 
353 1 23.028300 23.359500 21.390700 
962 1 15.170700 20.921700 14.257300 
396 2 16.861700 21.386800 18.909500 
1906 1 22.140000 20.174300 25.813200 
1359 2 15.625500 13.743400 13.898100 
71 2 24.455300 21.281800 18.308000 
1897 1 17.849000 15.016200 20.448600 
78 1 16.765100 18.871600 16.528000 
1040 2 14.752100 17.203500 13.974900 
308 2 16.107600 16.331000 26.523300 
264 2 25.715900 13.592300 14.853300 
287 2 25.265300 20.319000 24.592800 
393 1 17.272800 21.800200 19.270400 
1517 1 15.902400 15.787900 26.570700 
763 2 18.649600 25.322900 21.081500 
1715 2 13.847900 23.163500 24.647600 
594 1 19.525800 22.174000 13.474600 
385 1 14.320200 17.665500 19.395200 
967 2 16.729800 26.293000 19.262800 
1398 1 26.601400 22.347500 13.944300 
593 1 20.544200 20.466200 13.733300 
780 2 17.708300 26.465400 15.573700 
778 1 18.143000 25.782600 15.354800 
608 2 26.286700 22.356000 13.635800 
968 2 16.372500 26.153200 18.676100 
1417 1 22.807600 26.015500 13.720900 
13 1 26.549600 19.485000 20.975000 
833 1 13.245200 15.136400 16.871200 
970 1 25.752700 26.351700 20.179800 
779 2 17.490200 26.327100 15.561900 
416 2 19.976200 20.946900 13.417300 
413 1 18.990800 20.768800 13.423500 
241 1 14.765400 25.789500 13.564400 
785 1 13.849900 23.285600 13.160700 
1790 1 25.484200 16.638100 26.622700 
