id type x y z 
1885 1 3.474750 11.822200 3.722620 
314 1 1.978570 11.982100 9.770110 
1831 2 3.623520 5.743950 5.650140 
1887 2 4.016480 12.413100 3.626930 
517 1 6.797740 10.642400 12.522400 
188 2 0.677275 3.028140 4.725270 
788 2 10.713700 1.786420 5.074280 
297 1 2.645380 9.357760 12.397900 
1822 1 3.207880 6.195330 3.241930 
316 2 2.586860 11.905400 10.145400 
21 1 3.342910 7.018660 1.752780 
613 1 9.065310 0.508044 13.288600 
1823 2 2.797130 6.491940 2.217400 
839 2 11.122200 3.120430 8.828240 
373 1 6.059290 0.093535 10.372700 
681 1 10.548400 7.904400 1.152980 
590 1 8.380380 4.738360 5.775970 
1830 1 4.016140 5.579150 5.322140 
263 2 5.470160 9.326950 2.070230 
859 2 9.754230 4.435480 11.630800 
240 2 3.190290 2.223110 10.813400 
273 1 0.254019 9.728690 10.510900 
1821 1 2.846890 5.504380 1.814910 
1315 2 12.450900 13.082800 9.367180 
206 1 5.804640 6.449940 7.933690 
208 2 6.413400 6.538170 7.601790 
1824 2 2.637240 6.223430 2.283530 
872 2 12.577800 5.724170 1.111150 
433 1 6.072330 3.483970 11.893900 
1057 1 13.135200 6.030310 10.155400 
221 1 5.415280 2.503700 3.085020 
497 1 4.010990 12.655000 13.364900 
229 1 3.102220 5.200340 10.027400 
230 1 4.019570 5.147540 8.694650 
231 2 3.673210 5.089730 9.304930 
232 2 3.557650 5.273860 9.263350 
435 2 5.967960 3.347170 12.575100 
661 1 10.803500 6.500740 3.325770 
1859 2 0.629131 6.097500 11.662200 
187 2 0.769615 3.097200 4.842870 
245 1 9.184680 9.619550 2.561510 
246 1 8.738930 10.473100 3.337340 
247 2 8.863020 10.095800 2.913690 
248 2 9.003830 9.970490 2.844610 
253 1 3.755800 8.520180 9.896820 
254 1 4.981620 8.622070 10.302500 
255 2 4.548260 8.512120 10.086600 
256 2 4.303880 8.596840 10.247000 
398 1 4.386390 0.669083 13.133600 
261 1 4.931660 9.300170 2.159660 
861 1 12.003900 7.906700 5.714300 
217 1 2.229340 2.203930 10.543900 
269 1 4.997340 9.172490 4.988830 
270 1 4.655110 8.406960 6.066840 
271 2 4.884560 8.887710 5.410620 
272 2 4.816500 8.801530 5.559280 
473 1 4.146930 6.798930 12.186300 
660 2 12.380600 3.088740 12.177500 
837 1 10.849000 2.907470 9.363950 
313 1 3.191180 12.065100 10.269200 
488 2 6.607630 12.103000 5.426290 
870 1 12.521500 5.454800 1.566340 
62 1 2.039030 9.660450 3.388560 
1841 1 1.850810 6.772720 2.320900 
185 1 1.922480 2.725690 4.686700 
290 1 2.986910 11.028000 7.183530 
291 2 3.267970 11.160800 6.550180 
292 2 3.083260 11.254300 6.779110 
657 1 12.537100 3.570610 11.721100 
64 2 1.045760 10.146300 3.164850 
222 1 5.357310 3.744740 2.268830 
1815 2 1.340680 2.972110 8.501210 
1814 1 0.820686 2.764000 8.500470 
699 2 7.309970 6.668500 10.649500 
315 2 2.521340 11.949800 9.869360 
795 2 8.856750 0.362633 12.245600 
616 2 8.969610 0.331036 12.148600 
787 2 10.707100 1.963010 5.152090 
421 1 9.880000 3.791910 2.456210 
265 1 5.457360 12.483900 1.069350 
5 1 0.846280 3.957990 3.981580 
904 2 11.659700 12.191000 2.938000 
59 2 0.723230 6.138490 11.542700 
880 2 10.151300 8.655120 11.742100 
1862 1 1.236100 10.564000 2.364440 
52 2 1.910660 7.843400 7.740510 
518 1 5.826180 10.041700 11.975100 
684 2 10.156000 7.688200 0.866740 
390 1 5.441010 2.164070 7.161210 
1832 2 3.513040 5.554360 5.628460 
238 1 3.646870 2.211490 10.149300 
592 2 8.263470 3.991910 5.728070 
57 1 0.180665 5.142800 11.414200 
186 1 0.590348 3.473130 5.712310 
298 1 1.827560 10.205400 13.137700 
6 1 0.206883 2.450430 4.352460 
1313 1 12.181100 12.362100 8.850780 
486 1 6.707650 11.874300 4.927060 
475 2 4.715960 6.248830 12.597500 
476 2 4.760670 6.134660 12.436100 
51 2 1.724910 8.177700 7.637360 
1886 1 4.557990 12.670600 3.588880 
210 1 4.611580 3.072920 6.058610 
841 1 13.200900 9.715340 2.464180 
1858 1 0.576517 6.624020 10.507800 
474 1 5.042460 5.901670 12.700400 
487 2 6.758980 12.113900 5.407200 
609 1 8.289770 -0.220045 7.187010 
493 1 6.772020 10.155300 8.231970 
494 1 6.822130 8.916000 8.076240 
495 2 6.855430 9.566120 8.245880 
496 2 6.767260 9.725900 8.211670 
1080 2 11.881700 9.436230 9.326740 
442 1 6.787150 6.637340 2.227260 
392 2 4.597820 2.134230 6.624190 
207 2 6.261510 6.382830 7.692300 
1120 2 11.255700 12.230900 12.811900 
424 2 9.748690 3.257480 2.137520 
589 1 8.202200 3.390230 5.793860 
591 2 8.237740 4.196840 5.870560 
212 2 4.574290 2.371270 6.535640 
1888 2 4.056490 12.253500 3.655310 
50 1 2.151820 8.636560 7.140310 
223 2 5.389150 3.151740 2.867730 
441 1 7.734250 5.800050 3.102650 
794 1 7.938750 0.811693 11.974000 
239 2 3.097260 2.329560 10.792400 
423 2 9.662170 3.267230 2.194570 
682 1 9.548160 7.428140 0.625132 
389 1 3.734160 2.215650 7.248890 
862 1 12.355900 9.134370 5.647630 
615 2 8.962870 0.290187 12.276000 
633 1 7.476610 2.989640 9.493630 
634 1 7.021290 4.129890 9.869260 
635 2 7.306010 3.386580 9.628590 
636 2 7.266420 3.550600 9.672720 
786 1 10.813100 1.279760 5.530020 
23 2 2.794250 6.420260 2.234300 
1861 1 0.127610 12.473100 3.927360 
1060 2 12.928700 6.299570 11.004700 
901 1 12.114700 12.078700 3.431120 
1829 1 3.166240 5.876650 5.978300 
1863 2 1.233570 9.922800 3.045340 
299 2 2.414500 9.624630 12.808800 
665 1 8.131870 8.806690 5.454170 
666 1 8.771560 7.617470 5.372700 
667 2 8.334680 8.264530 5.413680 
668 2 8.478030 8.171540 5.486060 
673 1 10.269800 6.029250 7.940830 
674 1 10.569900 7.535140 7.975980 
675 2 10.448200 6.806330 7.960780 
676 2 10.470000 6.653280 7.994370 
796 2 8.731130 0.225102 12.178200 
863 2 12.203700 8.617910 5.502460 
1117 1 11.680300 11.688700 12.549700 
683 2 10.041100 7.586020 0.877620 
698 1 6.760860 6.863740 11.184700 
663 2 10.776400 6.124880 4.135540 
785 1 10.658800 2.296550 4.631620 
1813 1 1.845690 3.302210 8.415140 
519 2 6.349780 10.418600 12.217200 
8 2 0.956569 2.988470 4.614650 
58 1 0.740647 6.536880 12.243800 
1078 1 12.088100 9.550420 8.791090 
209 1 4.553910 1.388770 6.060660 
1077 1 11.775700 9.616310 9.931990 
903 2 11.755000 12.296900 2.911470 
61 1 0.183734 9.760390 3.544680 
662 1 10.762100 5.828560 4.592100 
658 1 12.268000 2.527270 12.462000 
1079 2 11.969100 9.522530 9.290660 
641 1 13.417800 4.200820 5.473110 
267 2 5.352700 12.763000 0.373603 
237 1 3.371730 2.320490 11.528300 
838 1 11.640700 3.199630 8.137720 
840 2 11.243000 3.191780 8.640360 
443 2 7.239040 6.280430 2.620020 
1118 1 10.790200 12.584900 13.052300 
858 1 9.717900 4.903330 11.274500 
659 2 12.247300 2.863710 12.292400 
902 1 11.327500 12.478300 2.346010 
205 1 6.941900 6.511650 7.263430 
391 2 4.425870 2.297290 6.622880 
879 2 10.046500 8.745600 11.733400 
436 2 6.059450 3.405870 12.636400 
877 1 9.705660 9.124280 11.797100 
885 1 10.888500 11.664700 6.624580 
886 1 9.938140 10.642900 6.286860 
887 2 10.280500 11.217100 6.440740 
888 2 10.537100 11.200200 6.542300 
871 2 12.542500 5.801750 1.177380 
224 2 5.342230 3.078840 2.846170 
664 2 10.751100 6.169440 4.104740 
24 2 2.859980 6.421350 2.215720 
869 1 12.268400 6.159220 0.399399 
1864 2 1.125460 10.173000 3.102360 
462 1 8.426530 12.958700 1.894490 
60 2 0.653957 5.964240 11.395800 
1816 2 1.360340 2.972060 8.459390 
7 2 0.711559 2.989680 4.840210 
300 2 2.153030 9.750100 12.804600 
264 2 5.530420 9.608830 2.066540 
422 1 9.524150 2.645400 1.802890 
720 2 8.521470 11.526700 10.323100 
782 1 10.976000 0.278306 1.422670 
843 2 13.348300 9.199530 2.425050 
718 1 8.153370 11.188600 10.381400 
262 1 6.235060 9.949560 1.905430 
844 2 13.257800 8.939910 2.483610 
1119 2 11.139200 12.164600 12.746800 
719 2 8.726470 11.554900 10.390300 
864 2 12.207600 8.544410 5.620100 
376 2 5.291360 -0.166767 10.071200 
268 2 5.433460 12.668100 0.406767 
860 2 9.638650 4.435710 11.574500 
700 2 7.190970 6.810950 10.859300 
444 2 7.224660 6.142030 2.791700 
878 1 10.399000 8.217940 11.792000 
614 1 9.619940 0.579635 11.454500 
697 1 7.521420 6.497610 10.158600 
63 2 -0.009453 12.755200 3.990980 
857 1 9.742460 3.903330 11.982700 
520 2 6.359280 10.426300 12.431800 
211 2 4.540060 2.128370 6.715000 
717 1 9.150350 12.003700 10.368300 
382 1 6.831410 0.387839 4.539430 
289 1 3.321870 11.577100 6.032810 
485 1 6.830420 12.364600 6.071330 
829 1 13.143100 0.644475 7.121840 
201 1 8.300070 0.296707 3.780550 
1316 2 12.243800 12.799700 9.402380 
1059 2 12.907200 6.017540 10.646900 
1058 1 12.849800 6.369060 11.404900 
375 2 5.356830 -0.029523 10.073500 
49 1 1.556360 7.406630 7.913970 
642 1 12.863900 5.313480 6.062670 
644 2 13.084900 4.756930 5.673550 
581 1 6.128880 0.614057 0.128913 
621 1 13.026200 2.202570 2.510820 
1870 1 0.079735 10.401300 6.681640 
643 2 12.992300 4.954190 6.039490 
182 1 2.085800 2.121680 0.348753 
538 1 7.895690 12.794000 12.969500 
894 1 5.578270 13.124100 10.004000 
170 1 0.908051 -0.101620 7.921420 
434 1 6.129240 3.340260 13.269900 
1804 2 1.395690 1.627320 25.492600 
397 1 3.984900 0.682336 14.718000 
1848 2 2.391120 3.888480 20.676100 
404 2 6.674250 0.881347 25.941400 
1866 1 1.945060 10.711600 20.007200 
43 2 3.853940 9.223050 24.542600 
638 1 9.641750 2.745060 15.444000 
1075 2 11.398200 5.950750 23.807900 
29 1 3.301260 6.177560 17.980700 
31 2 3.220380 5.634370 17.792500 
739 2 8.257500 12.595500 19.548500 
1053 1 12.955300 3.075380 16.848800 
214 1 2.226460 3.298290 14.481600 
1803 2 1.514730 1.679310 25.569600 
876 2 11.366500 11.390800 19.318500 
686 1 9.904610 12.550400 22.314500 
244 2 6.973200 8.125780 25.973500 
873 1 11.869500 11.684000 19.661100 
70 1 2.949890 6.562280 21.476900 
72 2 2.969640 7.128580 21.193700 
1846 1 2.523960 3.634690 21.441900 
439 2 5.948600 3.119260 15.792100 
1835 2 0.701709 2.418680 16.965300 
737 1 7.912330 12.320400 19.896400 
691 2 6.521690 9.815240 21.910600 
915 2 11.029700 8.021450 17.307800 
279 2 2.363330 10.495800 15.733500 
1038 1 11.941800 5.390100 13.924300 
42 1 0.435814 9.371750 24.248400 
897 1 8.492300 9.130980 18.313700 
696 2 8.159370 6.990430 14.286700 
1834 1 0.387414 3.085560 16.842000 
225 1 2.835050 5.720120 24.890900 
226 1 1.925950 6.575510 24.110800 
227 2 2.508400 5.974970 24.620100 
228 2 2.405930 5.952850 24.443700 
233 1 4.624040 1.885800 17.603700 
1868 2 2.084700 11.211400 20.868300 
235 2 4.102620 1.565190 17.633800 
236 2 4.147360 1.300310 17.692900 
1099 2 9.833710 10.332300 15.284900 
90 1 4.839470 10.202900 18.870500 
900 2 8.031960 8.919960 17.685800 
1867 2 1.945980 11.183600 20.990700 
249 1 9.009700 4.153980 22.206800 
250 1 7.751940 4.056670 22.859000 
251 2 8.335870 4.246930 22.475500 
252 2 8.502160 4.049360 22.639100 
286 1 1.758310 12.383600 23.963700 
1073 1 11.901300 5.963180 23.155100 
22 1 3.502960 9.240660 25.201100 
647 2 5.286020 4.826460 26.239900 
65 1 2.846970 11.743500 21.041500 
598 1 8.202880 0.579580 15.903800 
403 2 6.908940 0.911145 26.110000 
402 1 6.477430 1.716350 25.536500 
277 1 2.924480 10.036400 15.700000 
898 1 7.621570 8.851740 17.243700 
30 1 2.972020 4.997880 17.462000 
406 1 7.148070 0.854814 20.553900 
288 2 1.638280 12.342900 24.869600 
241 1 6.465110 8.560490 26.126500 
266 1 5.428530 12.859500 26.330700 
1100 2 9.710700 10.190800 15.224200 
1809 1 2.545270 0.585707 21.065000 
1865 1 1.369060 11.993600 20.785400 
280 2 2.424740 10.486000 15.791300 
458 1 5.970520 8.499910 14.614500 
183 2 1.236830 1.679950 25.549100 
690 1 6.324150 10.064800 21.180300 
914 1 11.184500 7.635930 17.659900 
680 2 9.759810 6.713580 20.762900 
583 2 6.825850 0.995267 25.964900 
68 2 1.867170 11.454900 20.897300 
916 2 11.101900 7.842380 17.346900 
258 1 0.595273 5.395940 15.337700 
1847 2 2.319430 3.801500 20.650700 
1076 2 11.382700 5.897330 23.603200 
688 2 9.592870 12.032900 22.568900 
477 1 5.308300 12.275500 16.240100 
71 2 2.986390 7.366270 21.244800 
678 1 9.123370 6.513330 20.192600 
1802 1 1.386130 3.696110 25.658800 
32 2 3.209000 5.640950 17.640900 
425 1 5.487530 3.535900 22.097200 
426 1 5.061400 2.739430 23.250200 
427 2 5.326860 3.135410 22.701400 
428 2 5.185820 3.023570 22.736200 
429 1 5.429500 4.027290 19.396000 
430 1 6.358640 2.892210 19.569300 
431 2 5.824610 3.559550 19.444400 
432 2 5.920080 3.515200 19.445300 
848 2 13.350000 0.700448 23.076800 
216 2 2.538030 4.025760 14.154200 
913 1 10.964700 8.415300 16.694100 
438 1 5.836500 3.752270 15.686600 
445 1 6.225450 6.723970 22.740900 
446 1 5.639880 6.095600 23.779900 
447 2 6.027160 6.502180 23.138700 
448 2 5.842710 6.384200 23.282600 
1040 2 11.466800 5.987800 14.287500 
1843 2 0.277715 9.372060 24.308200 
451 2 5.402960 12.864900 23.403000 
452 2 5.445740 12.845600 23.222900 
453 1 6.602010 7.375610 19.317600 
454 1 6.000260 6.364630 19.867900 
455 2 6.146920 6.538430 19.557100 
456 2 6.343850 6.913990 19.701700 
679 2 9.747980 6.884260 20.710000 
401 1 7.762580 1.169500 26.421900 
55 2 0.132018 7.891270 18.335800 
91 2 4.390720 9.677040 18.446000 
465 1 8.141960 11.735700 25.774800 
242 1 7.167570 7.424930 25.835600 
467 2 8.400240 11.122300 25.708500 
468 2 8.491400 11.095000 25.679100 
480 2 6.071310 11.939100 16.433700 
278 1 1.817100 10.923000 15.809200 
287 2 1.617870 12.524400 24.537800 
1039 2 11.511600 5.915690 14.244800 
1037 1 11.066300 6.395220 14.450100 
853 1 8.705420 5.082440 24.905600 
213 1 2.724070 4.297950 13.905200 
1856 2 0.426203 7.852270 18.338300 
1983 2 1.137960 1.865720 25.768300 
1990 1 3.858620 -0.158056 20.196400 
881 1 11.649500 13.072100 26.306700 
1844 2 3.678660 9.288350 24.420800 
640 2 9.400790 2.949240 14.882900 
687 2 9.426160 12.076600 22.341800 
67 2 2.034700 11.398800 20.815800 
693 1 7.693380 6.909420 14.676100 
625 1 10.299400 0.917663 23.232500 
626 1 9.118290 0.932348 23.731300 
627 2 9.731730 0.903797 23.515000 
628 2 9.868400 0.899126 23.430100 
629 1 8.997760 2.839790 18.647100 
630 1 10.260300 2.434520 18.520500 
631 2 9.699920 2.597840 18.574700 
632 2 9.765210 2.550040 18.570500 
637 1 9.059070 3.488600 14.505600 
639 2 9.374810 3.111880 14.942600 
1857 1 2.689800 7.231300 14.820000 
479 2 6.042170 12.043200 16.329100 
44 2 3.842770 9.346350 24.510000 
449 1 5.689320 12.538500 22.759800 
740 2 8.239550 12.638600 19.432900 
694 1 8.708070 7.213200 13.652800 
649 1 11.919000 3.138380 26.054000 
650 1 12.736300 2.993500 24.989000 
651 2 12.309900 3.047320 25.455300 
652 2 12.356000 3.176670 25.303300 
653 1 9.261710 5.976570 16.823200 
654 1 8.249720 5.184250 17.294100 
655 2 8.680360 5.671150 17.072100 
656 2 8.544050 5.459600 17.131700 
889 1 11.948300 9.422460 21.076900 
440 2 6.181730 3.115080 15.800500 
460 2 5.329600 8.582790 14.985500 
685 1 9.119200 11.522200 22.554600 
669 1 9.549380 8.127100 23.262200 
670 1 9.014140 8.314710 24.334200 
671 2 9.184870 8.254620 23.901100 
672 2 9.334850 8.244110 23.926900 
677 1 10.335700 7.006320 21.157600 
234 1 3.600610 1.077370 17.577400 
1098 1 9.367770 9.974160 15.598900 
1 1 0.392394 0.686050 24.081700 
866 1 12.886500 9.722590 25.773000 
646 1 4.697810 4.969900 25.846600 
408 2 7.647160 1.031220 20.618500 
4 2 1.199470 1.804910 25.381200 
1860 2 2.587020 7.173640 14.861100 
584 2 6.686130 0.719826 26.060700 
3 2 1.284490 1.918000 25.496700 
1074 1 10.860500 5.921980 24.083200 
1278 1 13.071200 5.147830 17.863800 
1854 1 0.826191 7.230810 18.750100 
2 1 2.861160 1.339080 25.100400 
834 1 11.198300 3.858100 21.259300 
89 1 4.001820 9.201360 18.309900 
184 2 1.154830 1.991290 25.942700 
884 2 11.719700 12.666100 25.969900 
215 2 2.537610 3.834810 14.213900 
689 1 6.313710 9.510530 22.421100 
692 2 6.274410 9.836070 21.631500 
892 2 12.118800 9.078210 21.784900 
69 1 2.925850 7.965740 20.994200 
181 1 1.207760 2.181540 24.810100 
1842 1 3.995750 8.322290 23.876500 
459 2 5.322910 8.702140 15.057900 
874 1 10.751100 11.301100 19.029100 
92 2 4.457880 9.708410 18.656300 
457 1 4.767160 8.758820 15.213100 
1833 1 1.142100 2.169190 17.186500 
890 1 12.187300 8.723390 22.381900 
899 2 7.991150 8.984900 17.930500 
1106 1 13.195600 11.788000 23.121000 
833 1 12.168900 2.813460 21.033300 
54 1 0.874852 8.630640 17.756600 
835 2 11.621400 3.357210 21.067200 
836 2 11.751200 3.200140 21.013900 
478 1 6.568630 11.683000 16.577600 
648 2 5.443750 4.766630 25.965800 
466 1 8.691390 10.506600 25.552500 
1898 1 0.164764 12.884500 13.248000 
41 1 4.049480 10.167800 24.006600 
405 1 8.321420 1.065320 20.932400 
875 2 11.299600 11.503900 19.170800 
407 2 7.671650 1.035480 20.837200 
582 1 6.921050 0.081979 25.247100 
882 1 11.672000 12.065800 25.544200 
1984 2 1.208700 1.758700 25.548500 
56 2 0.309943 8.092840 18.125000 
540 2 7.920840 13.171000 13.587500 
854 1 8.967380 5.191190 26.405500 
855 2 8.850960 5.249820 25.649000 
856 2 8.843690 5.043870 25.761600 
695 2 8.217170 6.985600 14.095300 
738 1 8.621860 12.861600 18.870700 
437 1 6.440350 2.610180 15.877400 
1845 1 2.226130 3.859870 20.104100 
865 1 12.145500 9.153470 24.837400 
1836 2 0.873668 2.575720 16.838300 
867 2 12.485100 9.393660 25.280700 
868 2 12.585800 9.332790 25.239700 
891 2 12.077100 9.063270 21.676500 
1981 1 1.152660 0.517848 26.123300 
243 2 6.909930 7.913110 26.080600 
1056 2 12.566000 2.817750 16.342800 
617 1 11.496000 0.403088 20.283600 
818 1 12.884000 0.220595 15.124500 
1055 2 12.718800 2.602010 16.476900 
285 1 1.280900 12.479400 25.286400 
1855 2 0.154932 7.861820 18.318200 
66 1 1.757320 10.564600 21.855100 
597 1 7.713290 0.402163 17.565000 
883 2 11.789700 12.588400 25.891000 
1054 1 12.191700 2.440530 15.830100 
1097 1 10.320800 10.591200 15.003900 
399 2 4.008450 0.243986 13.818800 
539 2 7.975360 13.023900 13.423700 
713 1 11.112200 12.822600 16.460400 
420 2 7.710990 -0.276461 16.557900 
219 2 4.085080 0.202328 13.984600 
645 1 5.897860 4.628520 26.366800 
361 1 3.838420 23.699900 0.248229 
1968 2 2.870890 25.513100 3.436160 
323 2 5.493070 18.704700 0.566764 
1170 1 11.253300 22.786600 7.285400 
562 1 6.352500 22.018100 3.012990 
531 2 6.165000 16.317500 9.163990 
1143 2 11.863900 19.746800 1.841540 
790 1 9.808050 26.750400 8.052410 
145 1 2.513340 18.873400 5.011060 
147 2 2.858710 18.876500 4.558250 
1121 1 11.817900 16.030700 2.319450 
1124 2 11.400400 15.876400 1.764160 
378 1 6.227120 20.518200 12.493000 
155 2 1.218320 20.770600 8.139900 
302 1 2.293560 16.720100 1.160530 
593 1 9.011990 21.668300 10.996000 
153 1 1.158670 19.715400 8.245490 
1123 2 11.252200 16.016900 1.666300 
1956 2 1.246590 20.628600 7.947240 
1818 1 0.362388 26.671200 12.066000 
1139 2 12.498000 15.888500 11.710500 
503 2 5.136280 15.422000 2.348960 
917 1 8.628480 13.345800 7.659670 
1965 1 3.666450 25.455400 2.779590 
1141 1 11.512100 19.040400 1.546450 
1955 2 1.253120 20.461000 8.028600 
920 2 8.271940 13.897200 7.715250 
150 1 0.620395 21.116200 4.223220 
729 1 10.439400 14.360100 4.626360 
281 1 2.693800 13.783600 0.756212 
1972 2 1.808510 25.864800 8.037540 
564 2 5.993470 22.761900 2.783410 
502 1 4.931220 15.966400 2.952000 
172 2 1.553340 25.633500 8.062030 
321 1 4.920920 18.474500 -0.091245 
588 2 10.036900 22.701700 3.075280 
1138 1 12.258300 16.497500 11.374500 
1137 1 12.757300 15.025400 11.877700 
156 2 1.198650 20.810500 7.877260 
310 1 1.631710 14.345300 7.959030 
311 2 1.564200 14.289000 7.212890 
312 2 1.531190 14.262600 7.385320 
896 2 5.871180 13.297500 10.515100 
304 2 1.917310 17.364000 1.064060 
526 1 6.823740 16.692200 6.169900 
1966 1 3.091650 25.563400 4.379950 
1766 1 0.953850 23.855500 0.088441 
814 1 12.399100 25.394300 10.188500 
1133 1 10.849400 15.054000 8.385660 
469 1 4.458050 13.568800 7.343100 
333 1 2.222200 16.158300 11.091000 
334 1 1.855410 14.778800 10.897800 
335 2 2.061620 15.426000 10.977900 
336 2 1.963460 15.455300 10.938200 
380 2 5.607880 20.686000 12.947600 
1140 2 12.501200 15.773000 11.561200 
169 1 1.594380 25.375500 8.863610 
343 2 3.022100 20.971800 1.219610 
358 1 2.436110 19.082700 10.872900 
360 2 2.975360 19.115200 11.276100 
895 2 5.763790 13.336600 10.556500 
595 2 8.517950 21.954200 9.947690 
365 1 3.134970 22.171700 5.826150 
366 1 3.772930 22.695400 4.763980 
367 2 3.462720 22.177600 5.205750 
368 2 3.393200 22.393600 5.402890 
369 1 3.950920 23.139300 10.158000 
370 1 5.052060 22.752600 9.222720 
371 2 4.443590 23.059200 9.758160 
372 2 4.505640 22.894800 9.520150 
1767 2 0.774841 23.247000 0.363618 
1925 1 2.399550 16.038400 4.250390 
1765 1 0.449788 22.828700 0.644445 
525 1 7.019560 16.033600 4.858830 
167 2 2.879410 25.569000 3.275770 
563 2 5.859970 22.804300 2.930950 
1954 1 1.665410 20.554300 6.874510 
604 2 11.021400 26.420100 0.846568 
791 2 8.886000 25.909100 7.847000 
1971 2 1.300030 25.896900 7.937920 
731 2 10.002900 14.870700 4.944440 
919 2 8.158350 13.915100 7.816890 
766 1 11.125500 24.731000 5.064510 
416 2 8.255100 21.960200 10.062500 
1979 2 1.464340 23.338800 11.910200 
541 1 8.066930 23.667800 1.057440 
529 1 6.517030 16.855700 9.546820 
783 2 11.008100 26.252700 0.620227 
383 2 7.415110 26.245100 3.984130 
158 1 0.474922 21.462500 8.198420 
765 1 11.949300 25.593900 5.387390 
324 2 5.446900 18.637500 0.414497 
544 2 8.050530 23.421100 0.113755 
168 2 2.811700 25.452500 3.490830 
893 1 6.113890 13.514800 11.214900 
587 2 10.054300 22.670900 3.320970 
527 2 7.098660 16.332700 5.500230 
282 1 1.543180 13.805200 1.488080 
767 2 11.654500 25.104000 5.274700 
178 1 0.547428 23.770600 12.624900 
301 1 1.773350 18.049200 1.016520 
1169 1 11.627100 21.785800 8.083110 
793 1 8.793280 25.819900 12.051000 
461 1 8.349570 13.692800 3.067240 
1970 1 1.388960 25.180700 7.120260 
146 1 3.229140 18.756700 4.018370 
545 1 6.690330 19.312000 4.213100 
546 1 5.706010 20.252500 4.487680 
547 2 6.091030 19.811800 4.461770 
548 2 6.163090 19.865600 4.286740 
549 1 3.169740 17.724400 7.968630 
550 1 3.035310 16.530400 8.013920 
551 2 3.207720 17.067500 8.043080 
552 2 3.206140 17.115000 8.062320 
553 1 8.225410 17.876500 11.862300 
554 1 8.215960 19.184900 11.375200 
555 2 8.144140 18.657700 11.632700 
556 2 8.240130 18.483000 11.571700 
1134 1 11.763700 15.830600 7.699700 
979 2 12.084200 22.093100 12.243000 
561 1 5.655300 23.347100 2.857890 
1144 2 11.644900 19.415000 1.766870 
569 1 6.080430 24.587500 6.885440 
570 1 5.408460 25.578600 7.269050 
571 2 5.728370 25.107800 7.031960 
572 2 5.758500 25.140200 7.093610 
381 1 7.589860 25.452200 4.631210 
743 2 8.150330 20.676000 1.704120 
506 1 8.886930 17.321100 2.695640 
166 1 1.865480 24.784600 3.424360 
1953 1 2.166520 21.056900 8.540560 
359 2 3.189790 19.127300 11.194400 
594 1 9.084430 22.142600 9.359180 
596 2 8.524790 21.873200 10.077100 
918 1 7.853230 14.348400 7.880080 
415 2 8.243400 21.921700 9.874030 
1136 2 11.351500 15.550500 7.875210 
204 2 7.160160 26.424300 3.944290 
1172 2 11.487900 22.199500 7.759230 
1927 2 2.197810 15.597500 4.221260 
784 2 11.031500 26.233200 0.601345 
1967 2 2.834500 25.501200 3.458490 
357 1 3.722880 19.255500 11.616200 
413 1 7.953100 22.838900 9.973510 
543 2 8.123180 23.539100 0.235001 
148 2 2.951640 18.663500 4.554300 
977 1 12.072400 21.472000 12.373500 
1926 1 2.025690 14.872200 4.290500 
1142 1 12.066300 20.098900 2.170570 
379 2 5.731160 20.866000 12.963900 
309 1 1.611830 14.396300 6.644980 
171 2 1.577080 25.932700 8.018210 
284 2 2.239200 13.765500 1.041490 
585 1 10.508800 22.883100 3.566970 
464 2 8.228660 13.193500 2.537460 
507 2 8.140840 17.165400 2.480990 
342 1 3.725090 20.687700 1.727860 
1978 1 1.661260 22.204500 12.243900 
749 1 8.985040 17.833700 7.523080 
750 1 8.831970 19.372800 7.758440 
751 2 8.824040 18.744800 7.627640 
752 2 8.821290 18.377800 7.703270 
179 2 1.428080 23.340600 11.814100 
1928 2 2.147680 15.394100 4.280770 
504 2 5.056510 15.284700 2.568390 
322 1 5.803560 19.124000 0.853049 
463 2 8.273070 13.241400 2.466120 
730 1 9.589900 15.227600 5.154720 
177 1 2.120460 23.761200 11.804600 
501 1 5.070400 14.897900 2.153100 
769 1 6.155940 19.346900 7.809610 
770 1 4.888400 19.933000 7.876730 
771 2 5.525890 19.695500 7.940130 
772 2 5.347020 19.880800 7.894620 
1110 1 12.995100 13.070300 5.597680 
471 2 4.898940 14.027900 7.334070 
202 1 7.018320 26.068500 3.050700 
472 2 5.058090 14.016500 7.436520 
203 2 7.219710 26.368400 3.864800 
530 1 5.937870 15.803900 9.000690 
1122 1 11.045200 15.704900 1.115190 
926 1 11.873100 17.666100 4.995700 
180 2 1.325380 23.273700 11.840500 
1314 1 12.546700 13.395300 9.666170 
414 1 7.867800 21.147300 9.723390 
1146 1 13.007500 21.234000 4.951000 
152 2 0.370398 21.515700 4.052540 
980 2 11.901600 22.081800 12.139400 
1135 2 11.279100 15.424100 8.097880 
151 2 0.342175 21.929200 3.895430 
508 2 8.407850 17.360600 2.625410 
601 1 10.959900 25.153200 1.140000 
768 2 11.501800 25.021200 5.148590 
1171 2 11.296000 22.264700 7.508380 
1709 1 0.016503 17.633800 4.991240 
742 1 8.151590 20.444900 2.033930 
1977 1 0.796665 23.162000 10.966600 
374 1 4.896670 26.044000 9.923100 
978 1 12.052100 22.693100 11.920200 
303 2 1.971290 17.208100 1.096000 
925 1 13.069400 16.952300 5.070080 
949 1 12.278600 19.481400 10.027700 
927 2 12.584300 17.077900 5.029920 
928 2 12.468600 17.301400 4.949950 
933 1 8.905010 15.066800 11.242300 
934 1 9.570630 15.872100 10.373800 
935 2 9.130350 15.445000 10.895700 
936 2 9.141870 15.602600 10.687000 
1980 2 1.266410 23.205800 11.842600 
612 2 8.858420 26.029800 8.140260 
528 2 6.992060 16.307800 5.480600 
586 1 9.528440 22.567700 2.722490 
945 1 9.585560 19.466000 5.014520 
946 1 10.041800 19.650300 3.723160 
947 2 9.847950 19.591900 4.428280 
948 2 9.837430 19.631400 4.371870 
741 1 8.478210 21.219900 0.925132 
950 1 10.947900 19.108200 10.130400 
951 2 11.674900 19.338900 10.104900 
952 2 11.552600 19.338400 9.851230 
732 2 10.081300 14.851000 4.790750 
972 2 8.048810 22.217000 5.883040 
341 1 2.477560 21.239000 1.081030 
971 2 8.008810 22.370900 5.939750 
969 1 8.360480 22.724600 5.669410 
970 1 7.500160 21.624000 6.001100 
532 2 6.286810 16.482400 9.256670 
505 1 7.446220 17.218200 2.337680 
384 2 7.531090 26.461900 4.056110 
344 2 3.023520 20.899600 1.375910 
1768 2 0.698654 23.305700 0.398456 
789 1 9.365760 24.987500 7.861670 
470 1 5.312820 14.369300 7.078190 
318 1 5.498460 16.544600 12.115500 
603 2 11.206000 26.082500 0.908335 
138 1 0.151274 18.360900 12.614500 
149 1 0.163615 22.435600 3.560140 
744 2 8.285270 20.644200 1.607600 
1969 1 2.691120 26.365800 7.815440 
320 2 5.507230 16.785500 12.757000 
319 2 5.554760 16.916100 12.800400 
283 2 2.016230 13.805500 1.158540 
611 2 9.074800 25.836400 7.832020 
602 1 12.109000 26.328900 0.249773 
610 1 8.343960 25.966100 8.744730 
165 1 2.388660 26.496600 3.027140 
792 2 9.246920 26.080000 8.070640 
1504 2 13.185400 17.508600 25.793600 
910 1 10.391200 15.353300 20.902200 
774 1 12.696200 18.372100 14.578600 
524 2 5.997920 18.378800 23.296800 
307 2 5.038160 13.934600 19.154500 
759 2 9.245850 20.456200 14.075700 
599 2 8.009660 26.341200 16.724600 
411 2 8.734550 23.862300 20.408900 
820 2 12.148900 26.073000 14.883600 
1151 2 12.889900 20.100200 19.175100 
491 2 5.162530 15.542300 15.836700 
954 1 11.573000 16.487900 18.272400 
338 1 1.629690 16.141200 14.040900 
921 1 11.338600 14.682000 24.440900 
293 1 2.014130 13.557800 16.794600 
523 2 6.069990 18.353000 23.397700 
580 2 7.294740 23.697600 13.866500 
317 1 5.476570 17.283300 13.455400 
810 1 11.298000 21.642100 22.304700 
960 2 12.744100 21.311300 15.588600 
218 1 4.703540 25.709200 14.141200 
346 1 2.325230 23.611400 24.270900 
776 2 12.319800 18.164700 14.296800 
1949 1 1.260060 21.799200 20.354300 
125 1 2.484870 18.454300 23.946300 
812 2 11.004300 21.362900 21.842000 
195 2 0.498121 24.636100 17.171400 
819 2 12.424900 26.011000 14.722600 
1810 1 2.827370 25.425200 20.971700 
193 1 1.166950 25.482500 18.012600 
941 1 11.944600 21.895400 25.961200 
558 1 8.177520 16.599600 14.346700 
162 1 0.635385 20.349300 23.398600 
943 2 11.541300 22.045100 25.399300 
325 1 3.061890 16.072200 21.627000 
326 1 3.055450 14.658500 21.742200 
327 2 3.170680 15.448800 21.737200 
328 2 3.260860 15.353100 21.785600 
329 1 2.290260 18.896700 20.883700 
330 1 3.552110 18.537400 21.245700 
331 2 3.045360 18.585500 21.132200 
332 2 2.938880 18.764100 20.987300 
953 1 12.084100 16.985700 17.073600 
339 2 2.249430 16.421100 13.862100 
725 1 11.719800 19.611500 23.777100 
955 2 11.876200 16.709100 17.942300 
345 1 2.041460 23.070500 23.020500 
107 2 0.435536 16.065600 24.170900 
347 2 2.140050 23.349500 23.661900 
348 2 2.124380 23.247900 23.620200 
349 1 5.098400 20.852600 17.955200 
350 1 3.606610 20.775000 17.973500 
351 2 4.632910 20.932500 17.999700 
352 2 4.465250 20.825700 17.946900 
353 1 4.093120 22.408100 15.637100 
354 1 4.003520 23.481800 14.774800 
355 2 4.110390 22.897700 15.272800 
356 2 4.012960 22.958800 15.185200 
337 1 2.688520 16.764200 13.772600 
410 1 7.872920 23.933200 20.226900 
811 2 10.760900 21.359600 21.709900 
521 1 6.052650 18.887200 22.928000 
799 2 11.628000 26.019700 19.774400 
393 1 4.808570 24.157300 18.308200 
419 2 7.951910 26.244300 16.604100 
388 2 7.123860 24.698200 23.171100 
394 1 5.560440 25.187500 18.393200 
396 2 5.198540 24.661300 18.492400 
761 1 5.386220 20.925000 24.743900 
1906 1 0.008551 16.839300 23.716400 
702 1 9.253330 18.559600 25.844500 
1905 1 0.984389 16.599600 25.132200 
1893 1 0.174541 15.383600 19.729600 
412 2 8.760410 24.014900 20.405000 
1912 2 0.940460 20.070600 17.551100 
1376 2 9.483490 19.223900 17.232900 
296 2 2.059710 13.655800 17.557700 
911 2 10.618100 14.731400 20.617000 
509 1 3.512820 17.681400 18.024700 
510 1 2.635050 16.694800 17.700800 
511 2 3.029910 17.251200 17.962000 
512 2 2.848880 17.187100 17.768900 
513 1 6.189920 18.009400 16.047700 
514 1 6.106050 19.254700 16.069600 
515 2 6.112610 18.687500 16.017200 
516 2 6.016460 18.669600 16.000500 
340 2 2.162840 16.470100 13.967200 
716 2 10.374300 13.119900 16.423700 
500 2 3.732740 13.372500 13.609400 
758 1 9.205210 19.838800 13.898800 
533 1 3.548770 19.689700 14.506900 
534 1 2.210460 19.984500 15.117100 
535 2 3.190160 19.864900 14.852900 
536 2 2.771580 19.750700 14.822300 
923 2 11.021600 15.118900 24.262500 
557 1 9.421310 16.973700 14.729700 
773 1 11.586100 18.130900 13.843400 
998 1 12.840600 25.225800 14.688300 
715 2 10.371500 13.313300 16.431500 
959 2 12.818000 21.354700 15.602400 
764 2 5.047360 21.400400 24.792200 
607 2 10.290400 24.297200 23.423700 
565 1 5.585490 22.306100 21.795800 
566 1 4.631890 22.305000 20.986100 
567 2 5.143130 22.455300 21.395100 
568 2 5.174500 22.333400 21.246800 
573 1 6.973310 22.182300 16.660000 
574 1 8.010670 21.668300 17.451500 
575 2 7.441230 21.919400 17.068900 
576 2 7.417430 22.085700 16.884500 
817 1 11.353600 25.714600 15.126200 
605 1 10.824100 24.466700 23.348900 
105 1 0.778730 15.341300 23.897900 
578 1 6.670540 23.542300 13.651600 
1911 2 0.939407 20.196100 17.832600 
965 1 13.228700 23.238700 23.104700 
958 1 13.364200 21.693600 15.462300 
608 2 10.139000 24.096300 23.547200 
1375 2 9.521310 19.101000 17.276300 
126 1 2.907150 19.358400 24.776400 
1910 1 0.653814 20.697100 17.572300 
704 2 8.666860 18.705000 25.572500 
498 1 3.490020 14.001500 13.915300 
957 1 12.138100 20.921900 15.832800 
707 2 7.639640 15.188700 25.956100 
708 2 7.721140 15.176600 25.928200 
709 1 7.713030 15.151200 22.400300 
710 1 7.903140 16.322800 22.822000 
711 2 7.735830 15.583500 22.721400 
712 2 7.836780 15.885900 22.581300 
956 2 11.773600 16.765100 17.606900 
912 2 10.693300 14.763700 20.336000 
499 2 3.890450 13.341100 13.730600 
606 1 9.707570 23.941700 23.561100 
196 2 0.501663 24.780700 17.358200 
798 1 12.327500 25.478500 20.196700 
1951 2 1.815000 22.306100 20.394000 
703 2 8.641130 18.727900 25.626000 
733 1 7.907080 15.477500 18.543300 
734 1 8.416240 16.261600 17.401800 
735 2 8.013920 15.861200 18.007800 
736 2 8.109590 15.817400 17.887900 
13 1 1.978800 24.361200 16.692400 
1373 1 9.671230 19.019500 17.928200 
483 2 4.281010 15.430400 24.835200 
395 2 5.127340 24.674600 18.333300 
745 1 5.558570 17.819300 20.275200 
746 1 6.069200 16.745100 19.412500 
747 2 5.758170 17.208700 19.952300 
748 2 5.746090 17.169500 19.823400 
753 1 7.571400 20.784400 20.655500 
754 1 6.866100 20.055600 19.805800 
755 2 7.256120 20.237000 20.308800 
756 2 7.167860 20.397400 20.165300 
714 1 9.933070 13.558200 16.484900 
727 2 11.124400 19.115900 23.824700 
726 1 10.664200 18.907000 23.848700 
1907 2 0.348618 16.156900 24.451800 
777 1 10.654700 23.321500 17.245200 
779 2 10.167000 23.227500 16.992200 
484 2 4.357680 15.492600 24.947100 
780 2 10.155700 23.148500 16.854200 
489 1 4.973070 15.789500 16.376200 
127 2 2.695470 18.936500 24.411000 
809 1 10.636500 21.164800 21.332000 
1952 2 1.787130 22.372100 20.466100 
1950 1 2.349020 22.771900 20.485500 
924 2 11.027200 15.176800 24.316400 
905 1 9.371760 18.023300 20.527900 
906 1 10.707700 18.245300 21.112200 
907 2 9.971490 18.126100 20.679100 
908 2 9.928020 18.092500 20.675300 
1996 2 0.541377 24.667800 17.037100 
762 1 4.595600 22.190000 24.913100 
492 2 5.050250 15.603300 15.925500 
999 2 12.218700 25.945100 14.683700 
778 1 9.600400 23.104600 16.727900 
922 1 10.484000 15.648300 24.159700 
522 1 6.180590 17.633200 23.666700 
294 1 1.852960 13.778100 18.192400 
490 1 5.227810 15.322200 15.146900 
1908 2 0.026522 16.175700 24.420900 
482 1 3.860050 15.487000 24.465000 
385 1 6.836150 24.934700 23.905500 
929 1 7.718200 21.865800 23.851300 
930 1 8.761350 21.290300 23.972600 
931 2 8.088720 21.685000 23.908300 
932 2 8.260720 21.451600 23.902700 
1982 1 7.169160 24.802800 22.613400 
362 1 3.598210 24.554200 25.875700 
1993 1 0.547519 23.759000 18.006300 
797 1 11.825700 26.276300 18.696100 
577 1 7.782190 24.144100 14.167000 
763 2 5.060170 21.501800 24.705300 
1994 1 0.311927 25.842700 16.170900 
481 1 4.740790 15.536400 25.508000 
728 2 11.182800 19.234800 23.763300 
757 1 9.039500 21.116600 14.652200 
417 1 8.631220 25.632100 16.753300 
387 2 6.863530 24.933600 23.405400 
418 1 7.120130 25.854800 16.285400 
108 2 0.370717 16.065300 24.239900 
706 1 7.327930 15.153900 26.509900 
559 2 8.906870 16.688200 14.449900 
1909 1 1.442510 19.338800 17.930500 
705 1 8.021040 15.487400 25.291700 
409 1 9.467450 23.969500 20.536300 
760 2 9.240700 20.568800 14.378400 
1000 2 12.382900 25.949000 14.728200 
1150 1 12.192300 20.156600 19.146300 
542 1 7.878230 23.487300 26.059000 
128 2 2.675650 19.003100 24.391800 
560 2 8.759400 16.869000 14.452500 
1992 2 3.172580 26.458200 21.250000 
1374 1 9.289870 19.279800 16.684600 
579 2 7.298200 23.757700 13.882300 
800 2 11.637800 26.024300 19.717800 
295 2 1.879570 13.805700 17.441800 
97 1 0.090193 13.764800 14.813300 
909 1 10.679700 14.211500 20.256600 
813 1 12.021400 26.475100 13.674600 
619 2 11.490200 26.098400 19.835600 
701 1 8.017420 18.875500 25.396500 
1806 1 0.007220 24.763200 21.308000 
16 2 0.659268 24.661100 16.975200 
305 1 4.679280 14.203200 19.607800 
1817 1 3.207680 26.081400 13.950800 
618 1 10.788600 25.517100 19.757000 
386 1 3.754860 26.461700 21.997800 
620 2 11.669000 25.980300 19.844000 
944 2 11.565500 22.223400 25.534700 
942 1 11.154100 22.502600 25.138100 
775 2 11.993400 18.176000 14.214200 
600 2 8.010070 26.469900 16.742800 
1812 2 3.180520 26.323500 21.101200 
363 2 3.835380 24.215400 26.178000 
1811 2 3.170720 26.350800 21.020000 
1991 2 3.304680 26.329200 21.035800 
1321 1 12.501700 16.300900 21.903700 
15 2 0.492806 24.655600 17.117400 
1995 2 0.559251 24.569600 17.198100 
1152 2 12.756100 20.317900 19.143700 
1501 1 12.767100 17.631400 25.259200 
973 1 13.001100 23.370300 17.707400 
308 2 5.134480 14.001700 19.022900 
364 2 3.824500 24.199000 26.228100 
1324 2 13.181500 16.496100 21.784900 
400 2 4.089560 26.377800 14.151500 
450 1 5.236300 13.400700 23.779400 
306 1 5.618040 13.786300 18.655500 
220 2 4.002620 26.545100 14.071400 
537 1 7.979030 13.259200 14.328500 
377 1 5.327570 20.939200 13.301800 
781 1 10.335800 26.351100 26.522800 
1298 1 16.510300 7.889510 11.451000 
1246 1 17.279700 0.528646 1.228550 
33 1 22.773600 4.447740 11.050100 
1699 2 18.023500 8.729970 8.086490 
1094 1 14.202000 7.489240 7.774220 
1463 2 19.658500 11.844500 4.410740 
1095 2 14.911300 7.608490 7.971990 
48 2 26.287700 6.971640 4.271550 
1687 2 23.511500 11.748000 4.353700 
1460 2 19.621600 2.440500 10.596900 
197 1 25.161700 1.022720 11.086500 
1444 2 23.926700 8.760780 2.523990 
94 1 23.725300 7.430200 10.585900 
1002 1 16.284500 3.356280 0.395298 
1662 1 21.290100 5.153570 1.763090 
1516 2 18.845400 10.669600 10.915900 
1481 1 21.371200 10.085000 0.794443 
113 1 22.553400 11.202200 10.476600 
1238 1 15.053700 1.945020 11.169500 
1515 2 18.898900 10.841000 10.629000 
1494 1 19.771600 12.996500 7.794560 
1033 1 14.983800 3.973660 8.704820 
19 2 25.714200 1.117080 12.354200 
1789 1 23.016300 4.708300 4.542110 
1689 1 22.397500 12.793500 6.309420 
1087 2 15.930500 13.058300 3.746930 
1281 1 18.949000 13.176400 0.987526 
1690 1 22.191900 13.117400 7.532230 
1029 1 15.441800 2.444660 4.520570 
1030 1 16.421000 3.121060 5.438320 
1031 2 15.883000 2.817280 5.017160 
1032 2 15.790300 2.681210 5.010240 
1408 2 21.442500 0.755859 4.341560 
1035 2 15.081000 4.496310 8.453610 
1520 2 14.734000 12.947800 12.284200 
1406 1 20.979700 0.603608 3.835660 
1247 2 17.877700 1.069240 1.304550 
275 2 26.139600 9.890940 10.195600 
116 2 22.948100 11.572400 11.418200 
276 2 26.297100 9.789240 10.125500 
46 1 25.727700 7.110940 4.630660 
1088 2 15.952500 12.681300 3.706260 
1608 2 24.712400 0.420539 2.671360 
832 2 13.414800 1.080920 6.903610 
1820 2 25.669000 1.243440 12.475800 
1474 1 19.696000 7.448230 12.147700 
1462 1 19.904200 11.778100 5.126680 
1210 1 18.912300 3.382990 3.887430 
2000 2 25.882400 1.271210 12.461700 
1283 2 18.383100 12.687600 1.010440 
1045 1 15.560500 7.560870 0.857878 
831 2 13.381200 1.383810 6.722450 
1914 1 22.070800 11.940600 11.663200 
1405 1 22.069500 1.077530 4.787430 
189 1 24.402500 2.311830 8.303590 
1464 2 19.817400 11.741100 4.643790 
1606 1 24.689100 -0.046220 2.911830 
199 2 25.686100 1.198280 12.987300 
624 2 13.466600 2.649890 2.673870 
9 1 23.034500 1.561690 7.891920 
1459 2 19.499800 2.219430 10.270700 
1086 1 15.869000 12.330800 4.176950 
1484 2 21.108700 10.072300 1.306610 
1791 2 22.939600 4.858270 5.024340 
1209 1 19.239400 4.432340 3.028780 
1211 2 19.127500 3.943920 3.431730 
1700 2 17.932400 8.642570 8.173540 
1664 2 21.602600 5.238960 1.994310 
1819 2 25.836400 1.407510 12.697700 
1514 1 19.030100 10.462900 11.208800 
991 2 16.666400 1.578320 8.321820 
190 1 24.319300 1.829670 6.760860 
1495 2 19.056000 13.059500 7.774310 
1441 1 23.177800 8.416960 2.479510 
623 2 13.647400 2.975580 2.613570 
993 1 13.809800 -0.017781 9.668400 
1692 2 22.324600 13.003700 6.994890 
1482 1 20.851100 9.846920 1.979710 
1249 1 18.175900 6.375680 5.025540 
1250 1 18.400000 6.632640 6.416960 
1251 2 18.366000 6.407940 5.890240 
1252 2 18.363800 6.556980 5.619230 
191 2 24.064900 1.600790 7.758280 
1237 1 16.340900 2.543160 11.350600 
1261 1 20.364500 8.299230 4.594970 
1639 2 21.156700 6.453240 8.043410 
1269 1 14.935500 9.507150 5.641970 
1270 1 15.699100 10.562600 5.933320 
1271 2 15.399500 10.129500 5.951820 
1272 2 15.279100 10.004600 5.709910 
192 2 24.069200 1.480830 7.728960 
622 1 14.124600 3.439130 2.687510 
1043 2 15.192800 6.435570 3.692210 
1101 1 14.920800 10.864800 1.132870 
1282 1 17.746800 12.334900 0.955327 
1300 2 16.221500 7.290510 11.550800 
1685 1 23.202900 12.100500 3.782160 
1605 1 24.929100 1.109110 2.487360 
1245 1 18.362100 1.455660 1.318920 
1263 2 20.999000 8.660930 4.614700 
114 1 23.917100 12.289700 11.137000 
115 2 22.844700 11.472500 11.194800 
1688 2 23.511500 11.933100 4.387140 
36 2 22.748500 4.347690 10.269600 
1264 2 20.904500 8.621810 4.610270 
1034 1 15.013100 5.045780 8.053030 
1425 1 24.675500 5.856890 8.815520 
1426 1 25.422300 5.627590 7.541680 
1427 2 25.200700 5.810960 7.831830 
1428 2 25.042200 5.734840 8.234040 
1047 2 16.008900 7.815080 0.573370 
1626 1 25.285100 4.694290 1.348560 
1063 2 17.180100 9.608010 3.166380 
1517 1 14.359000 12.615600 12.080100 
1445 1 18.215300 7.112640 1.845780 
1446 1 19.562000 7.098330 2.080570 
1447 2 18.891000 7.053630 2.107860 
1448 2 18.921200 7.087370 1.914500 
1449 1 24.373700 9.063340 6.701330 
1450 1 23.628000 7.909580 6.475140 
1451 2 23.946000 8.709430 6.571980 
1452 2 23.965800 8.369070 6.596980 
1453 1 19.801300 3.030570 6.070960 
1454 1 18.713600 2.468320 6.859980 
1455 2 19.323400 2.784590 6.448860 
1456 2 19.499800 2.911690 6.426320 
1916 2 22.707900 11.486100 11.358100 
1637 1 21.361500 6.715570 8.739740 
1461 1 19.514500 11.835000 3.849410 
1239 2 15.754500 2.278680 11.150500 
1469 1 20.567200 9.746500 8.139780 
1470 1 21.589200 10.517400 7.549910 
1471 2 21.117400 10.142900 8.034760 
1472 2 21.199000 10.216600 7.880380 
1603 2 21.476500 1.967000 0.115592 
1442 1 24.380000 9.295770 2.614770 
1475 2 20.209700 7.572930 11.753300 
1476 2 20.178700 7.534950 11.574500 
1104 2 15.084900 11.366600 0.843078 
1663 2 21.643600 5.635470 1.991000 
20 2 25.528800 1.455520 12.401000 
10 1 24.317000 0.594729 8.062450 
1913 1 23.180300 10.655000 11.759400 
1607 2 24.799600 0.623618 2.532600 
1686 1 23.758300 11.545000 4.720390 
1642 1 26.131500 7.708150 0.612844 
1489 1 15.841500 10.445400 9.328080 
1490 1 15.419500 10.592500 10.525200 
1491 2 15.606400 10.631400 9.881180 
1492 2 15.671800 10.630500 9.884770 
1182 1 15.828300 4.855590 0.338945 
1240 2 15.887000 2.373680 11.193900 
1915 2 22.904400 11.368900 11.359500 
1103 2 15.201100 11.419400 0.779913 
34 1 22.734100 4.112730 9.771180 
1496 2 18.970900 12.980700 7.942920 
1299 2 16.270800 7.320020 11.823700 
95 2 23.340400 7.952990 10.267400 
1184 2 16.750100 4.351160 0.117514 
992 2 16.701100 1.642160 8.308970 
1234 1 19.890000 2.782700 10.058200 
47 2 26.343900 6.914110 4.218560 
1519 2 14.741300 13.001800 12.254200 
1872 2 26.303400 10.884900 6.842510 
1999 2 25.624400 1.159310 12.516500 
1513 1 18.532500 11.297300 10.256900 
1061 1 17.127500 10.119700 2.555500 
93 1 23.265700 8.472180 10.019700 
1262 1 21.678000 8.963120 4.696210 
11 2 24.035500 1.425000 7.809520 
1044 2 15.473400 6.636240 3.703780 
83 2 24.342800 12.059800 0.185326 
1627 2 24.922800 4.294410 1.986690 
1628 2 24.926600 4.328440 1.909160 
1638 1 20.953600 6.121230 7.508760 
1640 2 21.148400 6.415420 8.165290 
1443 2 23.788200 8.878440 2.616170 
1881 1 24.727700 12.696400 0.850046 
1115 2 13.219900 9.616930 13.007500 
200 2 25.523100 1.340280 12.774500 
1661 1 22.166500 5.552210 2.372770 
1697 1 17.795700 8.850860 7.597870 
1673 1 17.323600 5.408720 9.760570 
1674 1 18.486100 5.332070 9.169300 
1675 2 17.954600 5.305280 9.286540 
1676 2 18.097200 5.436110 9.442350 
1062 1 17.214600 9.367250 3.506850 
1473 1 20.709300 7.793910 11.180700 
1064 2 17.210300 9.739230 3.066770 
1093 1 15.548500 7.605690 8.251950 
1096 2 14.849600 7.494220 7.982250 
1625 1 24.695100 4.025710 2.238940 
1483 2 21.082300 9.930180 1.345310 
1602 1 22.786400 1.645380 0.206098 
1493 1 18.387200 12.778100 7.954840 
990 1 16.665800 1.596920 9.045190 
1041 1 15.070700 6.071350 3.790360 
1113 1 13.574200 9.010680 12.547500 
1698 1 18.141100 8.370470 8.719480 
1869 1 26.126600 11.492900 6.964270 
1790 1 22.751100 4.810450 6.067900 
1792 2 22.933800 4.797360 5.232940 
1036 2 14.906900 4.440850 8.570180 
1248 2 17.989500 1.046510 1.240740 
1004 2 16.547100 4.341910 0.054903 
1871 2 26.516900 10.950500 6.917030 
1212 2 19.157100 3.948170 3.278840 
35 2 22.682600 4.245190 10.171800 
1003 2 16.593800 4.418110 0.170873 
198 1 24.491900 1.845440 12.567300 
45 1 26.672200 6.638960 3.680420 
1458 1 19.230400 2.017410 10.816600 
1407 2 21.635400 1.067880 4.239840 
1297 1 16.182000 6.712160 11.818700 
989 1 16.376000 1.620560 7.771840 
830 1 13.607600 1.787510 6.481990 
96 2 23.631600 7.749900 10.337000 
12 2 23.974400 1.515420 7.837810 
1112 2 13.329400 12.701100 6.079260 
1042 1 15.677400 7.420960 3.530710 
842 1 13.440600 8.466450 2.553030 
1601 1 21.097400 1.140560 0.086318 
1691 2 22.161300 12.868600 7.140690 
1048 2 15.981200 7.931240 0.561052 
1781 1 21.437600 2.508000 1.171840 
1784 2 21.571900 1.807870 0.008211 
1116 2 13.306100 9.538490 13.097700 
1284 2 18.297100 12.794700 0.988926 
1111 2 13.396400 12.806700 6.048020 
1783 2 21.723800 1.870210 0.135433 
1233 1 19.149500 4.356130 13.049400 
1883 2 24.605100 12.110300 0.228594 
1797 1 20.747600 2.038200 12.760200 
1046 1 16.375900 8.287860 0.174307 
1882 1 24.259700 11.027800 0.379838 
1604 2 21.811900 1.962200 0.232191 
1102 1 15.328900 11.834700 0.308193 
1202 1 17.395400 4.405970 0.588094 
1997 1 26.395800 2.071520 11.921300 
274 1 25.627600 10.077700 9.867000 
1018 1 20.079700 0.286583 8.679170 
1201 1 17.786200 0.071370 5.091070 
1109 1 13.829200 12.557500 6.558190 
84 2 24.478500 12.130200 0.267845 
1643 2 26.053200 7.119870 0.005593 
1241 1 18.872100 9.620800 0.027751 
82 1 23.440100 12.397100 -0.085540 
1884 2 24.511600 11.996100 0.190083 
1658 1 17.156900 10.424100 13.199600 
1849 1 23.279900 8.816590 20.382100 
1023 2 17.582100 6.599780 23.026700 
805 1 15.205500 2.242170 19.461900 
1617 1 23.079200 1.060300 16.560900 
1317 1 13.514300 10.698600 16.523400 
1880 2 25.434000 9.085910 14.082900 
1998 1 26.485400 1.015590 13.590000 
1318 1 13.777500 11.739600 15.429600 
1660 2 16.738900 9.938960 13.448300 
73 1 25.872800 12.541400 18.233800 
1277 1 13.812200 6.065200 17.556500 
828 2 16.107900 3.417490 22.905600 
1082 1 15.215800 9.207880 23.756800 
847 2 13.165800 0.622542 23.154300 
849 1 15.896800 -0.027833 17.671800 
1214 1 19.152600 0.797505 15.220400 
1989 1 25.263300 2.346200 19.627200 
1243 2 18.404000 9.598530 25.791000 
1497 1 14.926000 7.217460 14.745400 
1395 2 18.967800 -0.235158 15.981700 
1782 1 21.238200 2.500070 25.870300 
1466 1 21.375000 12.044100 23.946700 
1875 2 25.024500 11.806500 18.204700 
1795 2 21.164800 1.803190 13.415100 
1424 2 19.800700 3.870840 23.613900 
827 2 15.935300 3.456900 22.760300 
1609 1 23.533900 1.836470 23.626100 
826 1 16.363100 3.164500 22.276700 
983 2 17.938600 0.037802 24.252800 
1787 2 23.504300 2.851350 23.451200 
1257 1 18.091300 4.108720 13.739000 
1222 1 20.094900 7.109040 25.800600 
1840 2 22.576500 5.691560 14.410500 
1610 1 25.937500 2.361770 20.874800 
1235 2 18.688300 4.344920 13.179200 
74 1 25.380700 11.131700 18.642800 
1468 2 20.961500 11.724600 24.504400 
1072 2 14.385100 8.733640 18.898400 
982 1 18.624100 0.337816 23.657600 
806 1 15.017700 3.525230 19.849400 
1319 2 13.638700 11.170500 15.905900 
80 2 25.427600 9.424700 14.215700 
1413 1 21.220200 2.640750 20.750400 
17 1 25.859100 2.586450 13.634900 
28 2 25.539900 5.929250 22.452000 
1242 1 18.068200 9.789430 25.227100 
1187 2 18.478300 1.026130 20.080400 
1897 1 25.256600 12.970900 14.034700 
26 1 26.160700 5.525110 22.905500 
1181 1 16.949400 4.384520 25.759100 
1051 2 14.095400 6.043120 21.106300 
1052 2 14.301300 5.986440 21.150800 
40 2 22.400900 5.554440 14.451000 
1852 2 23.560200 9.044190 20.794200 
1622 1 23.978000 5.690170 25.775000 
1618 1 22.356400 2.371650 16.873500 
1258 1 15.260300 4.808410 14.681600 
1619 2 23.339500 1.989120 17.010900 
1021 1 17.503900 7.248900 23.053200 
1585 1 18.785900 4.043670 21.087200 
1065 1 14.044400 6.108680 24.858600 
1070 1 14.693500 9.286940 19.195500 
1067 2 14.381200 6.215560 24.647100 
1068 2 14.451400 6.209120 24.659800 
824 2 14.988000 0.726944 26.103900 
823 2 14.948400 0.802277 26.174900 
39 2 22.495600 5.716190 14.415100 
1320 2 13.617800 11.093300 16.106900 
1394 1 19.101700 0.246211 16.825700 
1879 2 25.633500 9.280470 14.286700 
1092 2 15.222200 11.841400 20.017200 
1223 2 20.567400 6.840810 25.506100 
1421 1 19.426400 3.524070 23.810000 
79 2 25.400000 9.066970 14.275800 
1089 1 15.367800 11.454300 19.359600 
1022 1 17.725000 5.835820 22.941000 
1839 2 22.695300 5.808640 14.128100 
1049 1 14.066300 6.464440 20.627400 
1457 1 14.818100 4.330380 13.428900 
846 1 13.012000 0.892622 23.793300 
852 2 15.223600 -0.087137 17.940400 
257 1 25.994700 5.026000 15.788200 
1588 2 18.664700 4.592800 20.588600 
1083 2 15.393300 9.439660 23.551200 
825 1 15.675000 3.511370 23.513100 
1188 2 18.498200 1.050550 20.162100 
1478 1 18.824700 6.541480 14.743800 
1084 2 15.387900 9.792570 23.406500 
1853 1 26.091000 8.287220 18.850000 
1539 2 19.547300 13.004200 14.369600 
38 1 22.518700 6.104780 15.290900 
1788 2 23.593500 2.727410 23.540700 
76 2 25.165600 11.752400 18.374300 
1799 2 23.241000 1.941250 16.945400 
1225 1 17.426300 8.563980 20.122800 
1226 1 17.080600 9.338680 21.013600 
1227 2 17.257900 8.976470 20.454600 
1228 2 17.357900 9.026560 20.613700 
1229 1 16.875700 3.519740 16.280300 
1230 1 16.497200 4.035980 17.558600 
1231 2 16.786500 3.679030 16.818800 
1232 2 16.750000 3.801110 16.869100 
1114 1 13.310400 10.050500 13.437300 
78 1 25.576500 9.561270 13.203100 
53 1 26.183600 7.590010 17.367700 
1537 1 19.264000 12.369800 14.571900 
1499 2 14.992800 7.537380 15.473100 
1013 1 15.726400 1.536200 15.119800 
1877 1 24.754500 8.465530 14.195100 
1717 1 22.590100 11.432800 15.141300 
1253 1 17.510000 6.518980 17.533700 
1254 1 16.609900 6.984120 18.726700 
1255 2 17.067000 6.671100 17.923200 
1256 2 17.107900 6.877190 18.207900 
1587 2 18.915400 4.581570 20.576400 
1415 2 21.510900 2.193120 20.753300 
1294 1 16.528900 12.767600 15.212800 
1876 2 24.939500 11.843900 18.098300 
1265 1 17.992400 12.103300 23.029200 
1266 1 16.918500 12.555200 23.742000 
1267 2 17.487000 12.280800 23.306300 
1268 2 17.501300 12.366000 23.371600 
1273 1 16.938200 9.521190 17.374000 
1066 1 15.215700 6.273110 24.383500 
1718 1 23.257100 12.371800 15.620700 
1276 2 17.275400 10.174000 17.153000 
1259 2 15.109800 4.626310 13.822200 
1015 2 15.987100 1.497500 14.487400 
808 2 15.077600 2.770480 19.661900 
1081 1 15.642900 10.312500 23.133600 
1467 2 21.116300 11.623100 24.444600 
1793 1 21.270100 1.771690 14.073200 
27 2 25.668100 5.986980 22.246900 
1828 2 25.707200 5.873100 22.156000 
802 1 17.059200 0.026229 23.577700 
1224 2 20.456500 6.878790 25.384800 
1465 1 20.631500 11.277900 24.797800 
1500 2 15.107200 7.439570 15.471200 
1275 2 17.340700 10.036700 16.965500 
1720 2 22.879500 11.979100 15.340500 
1016 2 16.018800 1.456170 14.593800 
1292 2 18.528700 11.811400 19.655200 
1186 1 18.662600 0.406282 20.394500 
1666 1 24.153000 12.367200 22.769000 
1498 1 15.091600 7.554470 15.971300 
1479 2 19.074200 6.837700 15.145800 
1423 2 19.609000 3.884390 23.689400 
259 2 26.469400 5.201310 15.627500 
807 2 15.093900 2.925130 19.737700 
1274 1 17.623900 10.517200 16.834500 
1798 1 23.754500 1.933290 17.890800 
1851 2 23.558700 8.997680 20.810900 
1050 1 14.184100 5.629500 21.695400 
1667 2 24.724400 12.274900 22.446100 
1414 1 22.025300 1.415850 20.456900 
1416 2 21.754900 2.300160 20.731500 
1422 1 20.148600 4.601740 23.513100 
1696 2 20.777900 11.006600 17.485200 
1429 1 19.659800 8.885160 22.631300 
1430 1 20.547400 9.717440 22.302700 
1431 2 19.903200 9.298790 22.451400 
1432 2 20.113100 9.348180 22.580400 
1433 1 20.230700 3.964880 17.980000 
1434 1 20.085200 4.589440 16.820300 
1435 2 20.211700 4.332760 17.458400 
1436 2 20.216600 4.309590 17.370300 
1695 2 20.822300 11.242100 17.657900 
1873 1 24.095600 12.188800 18.847200 
1719 2 22.905400 12.074600 15.324100 
1826 1 24.683200 6.294670 22.621800 
1874 1 24.803400 11.612000 17.375800 
1694 1 20.879300 11.844200 17.266900 
1480 2 19.120100 7.016830 15.350200 
1260 2 15.043300 4.656800 13.987000 
1693 1 20.681500 10.607900 17.692500 
75 2 25.100200 11.916000 18.201100 
1624 2 23.210700 5.242400 25.456900 
1014 1 16.285300 1.374200 14.001000 
1477 1 19.183700 7.577710 15.631600 
1827 2 25.812300 5.790960 22.329000 
1091 2 15.048400 11.775500 19.781600 
1611 2 25.432000 2.466170 20.265400 
1612 2 25.561700 2.282000 20.309300 
1279 2 13.555800 5.735710 17.677800 
1586 1 18.786800 5.014400 20.068700 
1800 2 23.178500 1.852650 16.904000 
1289 1 18.533900 11.362600 19.222000 
1024 2 17.545400 6.582680 23.054600 
1620 2 23.260100 1.843990 16.976700 
1659 2 17.065500 9.764650 13.429800 
1878 1 25.206000 9.987790 14.889700 
1850 1 23.981800 9.133140 21.446100 
260 2 26.354400 5.218020 15.584000 
1672 2 21.800800 11.856400 20.989400 
1629 1 21.900100 5.724340 21.938700 
1630 1 20.953800 6.550140 22.177900 
1631 2 21.454400 6.131740 21.998700 
1632 2 21.532700 6.047050 22.138400 
1633 1 24.280900 5.543990 18.857100 
1634 1 22.881600 5.377410 18.496600 
1635 2 23.636600 5.643120 18.520000 
1636 2 23.628600 5.498000 18.713300 
1668 2 24.911600 12.194300 22.423000 
1671 2 21.836400 12.076400 20.829500 
1598 1 23.884100 2.452170 16.209800 
1670 1 22.162600 11.244200 20.960900 
1645 1 23.876800 8.725460 25.024600 
1646 1 22.603000 8.799840 24.614900 
1647 2 23.293100 8.817550 24.798500 
1648 2 23.168000 8.666590 24.816100 
1649 1 20.185300 7.387100 18.556300 
1650 1 20.446600 8.106760 19.651100 
1651 2 20.395300 7.802430 18.999800 
1652 2 20.421900 7.781830 19.274900 
1653 1 22.870400 8.103160 16.894200 
1654 1 23.131200 9.264170 17.366100 
1655 2 22.921000 8.721430 17.223300 
1656 2 22.994300 8.504100 17.044600 
1785 1 23.172700 2.995240 22.846500 
25 1 25.607900 5.011260 21.496700 
1090 1 15.025900 12.367100 20.428900 
1669 1 21.550300 12.520700 20.868500 
1665 1 25.423400 12.104800 22.139200 
81 1 25.107100 12.139500 25.946300 
1838 1 22.397300 4.610650 14.715500 
1244 2 18.556700 9.695500 26.015500 
1641 1 26.148000 6.674000 26.142400 
37 1 23.489400 5.926660 13.797800 
1071 2 14.429900 8.697740 18.956600 
1221 1 21.129100 6.463560 25.323000 
1290 1 18.687300 12.588300 19.894900 
1677 1 20.389800 10.070100 14.573500 
1280 2 13.571900 5.591710 17.624700 
1105 1 13.693800 13.010900 23.045800 
1291 2 18.575100 12.012300 19.598500 
981 1 17.773500 0.434869 25.032700 
1786 1 23.949300 3.246710 24.085900 
1680 2 20.812800 9.958440 14.269700 
77 1 26.437900 8.774430 14.596400 
1069 1 14.099100 8.068290 18.907900 
1623 2 23.428700 5.201500 25.431000 
1657 1 16.603100 9.245820 13.644700 
1540 2 19.637300 13.013800 14.421000 
18 1 24.986000 0.065867 13.159200 
1679 2 20.933700 9.755230 14.240600 
1185 1 18.292500 1.538620 19.972500 
1796 2 21.099300 1.828000 13.316100 
1837 1 21.732000 5.971920 13.734400 
1678 1 21.344500 9.582010 13.973300 
1621 1 22.842800 4.930290 25.268800 
845 1 13.525300 0.505141 22.401300 
821 1 15.586900 0.491073 25.819200 
1801 1 26.405300 2.054890 26.339300 
1825 1 26.201300 6.679090 21.908300 
1108 2 13.235900 12.494100 23.021700 
1107 2 13.576900 12.271600 23.063800 
1183 2 16.765400 4.005260 26.793400 
822 1 14.525600 0.981692 26.161400 
1236 2 18.551400 4.203550 13.443100 
1644 2 26.052600 7.032520 26.656300 
1594 1 23.230700 22.588100 2.645540 
1935 2 21.955800 15.533300 9.927750 
1196 2 16.952500 24.249300 9.156780 
1960 2 23.667700 21.979400 12.339700 
1505 1 20.749300 15.042200 4.124670 
104 2 25.275300 15.770600 2.087480 
1345 1 15.422200 19.578700 3.102720 
1704 2 21.324600 13.899800 0.890198 
1702 1 21.219500 13.299200 0.541228 
1703 2 21.289100 13.748000 0.991500 
1340 2 17.735200 13.863400 11.892500 
1889 1 25.456000 13.419500 9.054360 
1933 1 22.470300 15.687800 9.085180 
1154 1 15.103000 17.644300 9.712470 
1338 1 17.445800 14.002600 11.274600 
176 2 24.874500 24.210500 8.894360 
133 1 22.483800 16.202300 10.714300 
135 2 22.014000 15.386400 9.983090 
816 2 13.571200 25.900800 10.105000 
1333 1 15.435500 14.892600 8.589250 
1361 1 18.018100 24.079200 0.736188 
1339 2 17.936800 14.097200 11.845900 
1360 2 18.006000 20.497500 10.463400 
1566 1 20.150300 24.862400 2.229980 
1159 2 15.926700 16.729800 13.187200 
1760 2 23.888500 19.775500 8.926000 
1772 2 25.609200 24.602000 5.628490 
1902 1 25.152900 14.887200 2.800760 
139 2 25.700000 18.463500 12.397600 
1771 2 25.436900 24.814000 5.397120 
815 2 13.402900 25.547100 10.138100 
1192 2 14.483100 23.848100 6.360020 
996 2 13.521300 25.866900 9.985730 
1488 2 18.421600 15.702700 3.134050 
1027 2 14.222700 25.908200 3.118860 
1777 1 21.994400 24.603200 11.049600 
1600 2 19.770000 22.809000 13.040300 
98 1 25.924800 14.403700 13.227800 
1721 1 20.927100 17.407500 -0.003235 
1364 2 17.316100 24.149000 1.284230 
110 1 24.298100 14.548900 5.638960 
1007 2 16.908400 21.989300 4.055880 
1156 2 15.187100 18.116400 9.665220 
1190 1 14.306700 24.031400 7.106320 
1758 1 23.084100 21.733800 12.157500 
1005 1 16.883500 21.894400 3.334630 
1357 1 17.675300 20.676600 10.998300 
141 1 26.017000 20.225300 0.521229 
1509 1 19.127200 15.242300 6.790560 
1399 2 20.335300 25.891400 8.511230 
1518 1 15.238500 13.423000 12.663500 
1904 2 25.029900 15.824700 2.059350 
112 2 24.904300 14.603800 6.039310 
134 1 21.975600 14.410400 10.324400 
1346 1 16.230900 18.463000 3.671310 
1759 2 23.764000 19.495000 8.933180 
1176 2 14.249500 21.823500 9.301810 
1368 2 18.136800 20.702900 1.276470 
1195 2 17.084100 24.215000 9.280370 
103 2 24.989700 15.943700 2.207330 
1560 2 20.727800 18.976400 11.723500 
1174 1 13.607100 22.116000 9.403250 
1220 2 20.384600 25.813400 8.445470 
995 2 13.602400 25.584800 10.152700 
1757 1 23.407700 19.087700 9.005000 
1006 1 16.991300 22.346200 4.516500 
1367 2 18.413700 20.687900 1.338740 
1383 2 17.648200 25.641700 4.930350 
1722 1 21.594400 17.473600 1.316140 
1219 2 21.731300 24.600400 5.618340 
1194 1 16.870600 23.796400 9.689790 
1203 2 17.558400 25.487900 5.032470 
1944 2 25.220200 20.003700 0.953912 
143 2 25.115200 19.857800 1.039300 
1397 1 21.504800 24.580500 5.473480 
1934 1 20.978300 15.758100 9.911950 
137 1 25.497700 18.971700 11.401000 
1903 2 25.023200 15.679400 2.144960 
961 1 13.417900 22.914800 1.471270 
1779 2 22.128500 25.315000 11.193400 
994 1 14.152100 24.993100 10.473700 
1938 1 25.240200 17.524100 12.271200 
1420 2 19.688200 23.023300 12.923100 
1712 2 26.055700 18.246200 5.079540 
964 2 13.549900 22.717200 1.819440 
174 1 24.526900 23.611200 9.169910 
1025 1 14.583600 26.253600 2.531430 
1193 1 17.069200 24.849500 8.817840 
1191 2 14.459300 23.871100 6.347150 
1577 1 22.090300 21.701100 9.603740 
1189 1 14.572800 23.554700 5.857660 
154 1 25.042900 24.784000 8.584220 
1178 1 15.446000 19.476900 13.058100 
144 2 25.226100 19.982700 0.929208 
1437 1 17.581500 26.383100 11.437900 
962 1 13.823400 21.999500 2.527870 
175 2 24.735000 24.034700 9.000750 
136 2 21.793800 15.799000 9.990090 
1301 1 14.128800 15.160000 2.270550 
1303 2 14.411500 15.609000 2.767220 
1309 1 15.993100 16.525800 6.244620 
1310 1 15.910500 15.213300 5.740030 
1311 2 15.889400 15.964800 6.035430 
1312 2 15.831600 15.953600 5.983500 
1365 1 18.086700 19.971900 1.231190 
1382 1 16.681100 25.493800 4.442020 
1179 2 15.204800 20.130700 12.803300 
1028 2 14.265200 25.762900 3.044390 
173 1 24.248000 19.996500 8.744220 
1940 2 25.789300 18.616900 12.319700 
121 1 26.039900 16.009400 1.457410 
1359 2 17.900800 20.458200 10.293200 
140 2 25.655300 18.549700 12.290100 
1334 1 14.739700 14.084100 9.301110 
1335 2 15.188300 14.653300 8.788280 
1336 2 15.136000 14.396000 9.064400 
1579 2 21.744200 22.225700 9.464950 
1711 2 26.124800 18.248200 5.227080 
1175 2 14.155100 21.575200 9.120670 
1596 2 23.599500 23.062000 2.843250 
1901 1 25.032400 16.578000 2.729620 
1085 1 15.903100 13.320600 3.333270 
1347 2 15.957300 18.809700 3.437540 
1348 2 15.793500 19.036100 3.292680 
1349 1 16.918800 19.770000 6.542960 
1350 1 16.447400 18.887400 7.345330 
1351 2 16.619700 19.216700 7.009990 
1352 2 16.786300 19.412200 6.890020 
1358 1 18.271100 20.261200 9.753540 
1148 2 13.321400 20.874100 5.219600 
1943 2 25.408900 20.164200 1.250060 
1304 2 14.397000 15.577600 2.567780 
109 1 25.401200 14.734400 6.119850 
1780 2 22.080500 25.406400 11.145400 
1941 1 24.754500 20.884700 1.315950 
1160 2 15.726100 16.733800 12.934200 
1369 1 18.710400 22.241800 7.730150 
1370 1 19.215100 22.160000 6.353250 
1371 2 19.043500 22.164500 7.083050 
1372 2 19.124700 22.158200 6.930630 
1546 1 21.508400 21.322900 0.440245 
1524 2 17.337700 17.350600 0.349181 
1485 1 18.506200 16.317200 3.552340 
1363 2 17.242200 24.081000 1.028000 
1177 1 15.051500 20.727500 12.531800 
1508 2 21.391300 15.257200 3.943320 
1724 2 21.235000 17.623600 0.545452 
1776 2 23.966000 21.432100 6.312160 
1930 1 26.385500 16.660700 8.836790 
1506 1 22.126600 15.278100 3.639000 
1218 1 20.986600 25.703700 7.815020 
111 2 24.746200 14.911700 5.786320 
1026 1 13.886100 25.375400 3.601230 
1155 2 15.002800 18.412100 9.631080 
1511 2 19.481000 15.672400 6.405980 
1512 2 19.474900 15.855200 6.329290 
101 1 24.488200 15.688200 1.537890 
1145 1 13.674100 20.299600 5.675310 
1939 2 25.846300 18.516900 12.318200 
1204 2 17.494800 25.563400 4.879550 
1597 1 18.830100 23.273100 12.357500 
1775 2 23.994800 21.540500 6.154020 
1384 2 17.500800 25.488600 5.084960 
1774 1 23.535300 21.945300 6.073230 
1525 1 19.683600 18.119300 4.508700 
1526 1 18.972500 19.473900 3.874370 
1527 2 19.389700 18.637900 4.167440 
1528 2 19.301700 18.628900 4.210670 
1529 1 18.907900 16.641700 9.132640 
1530 1 17.609400 16.479300 9.632450 
1531 2 18.233000 16.459800 9.389540 
1532 2 18.141600 16.694100 9.507840 
1559 2 20.598700 18.894200 11.949400 
1439 2 18.215600 26.235800 11.713800 
1522 1 17.439100 16.926300 1.016690 
1173 1 14.677600 21.397500 8.849730 
1147 2 13.434800 20.660100 5.281410 
1756 2 22.983800 17.161000 6.723540 
1008 2 16.863100 22.043400 3.901910 
1891 2 25.590600 13.602700 9.780920 
1958 1 24.584700 22.142300 11.889200 
1937 1 25.358500 19.268100 13.165800 
1932 2 25.920300 17.169200 8.635350 
1778 1 21.450000 25.948000 10.874000 
1553 1 19.870200 18.786100 7.939340 
1554 1 21.044700 19.197000 8.779930 
1555 2 20.501400 19.045400 8.435290 
1556 2 20.291000 18.982600 8.084320 
1507 2 21.575900 15.067100 3.913970 
1773 1 24.511900 21.132400 6.298990 
1755 2 22.707300 17.088000 6.794090 
1180 2 15.274400 20.071200 12.807400 
1565 1 21.423100 24.656700 1.747430 
1701 1 21.400200 14.363100 1.405820 
1567 2 20.569400 24.719400 1.924140 
1568 2 20.453200 24.822400 2.191260 
1569 1 20.641400 21.457300 4.346120 
1570 1 20.398600 22.481000 3.650200 
1571 2 20.492600 21.936800 4.008430 
1572 2 20.475200 21.820700 3.935770 
1578 1 21.175400 22.667800 9.100890 
1580 2 21.375400 22.295100 9.292340 
1593 1 24.057900 23.634500 2.934070 
1595 2 23.561800 23.123400 2.564690 
1157 1 15.195800 16.512800 12.802100 
1754 1 22.427500 17.562000 6.892220 
1017 1 14.816600 24.961500 13.433800 
1366 1 18.439800 21.176200 1.424080 
1381 1 18.255500 25.060500 4.550700 
1153 1 14.981100 18.955900 9.740610 
1710 1 25.543000 18.704800 5.268780 
1217 1 20.443600 22.327400 12.254700 
1001 1 17.246300 25.128900 5.915070 
1770 1 25.112400 24.182900 5.656740 
1523 2 17.307900 17.589900 0.156613 
1400 2 20.332200 26.117500 8.209680 
1936 2 21.950800 15.704700 10.133800 
1362 1 16.820200 24.184200 1.540680 
1723 2 21.358900 17.375900 0.575813 
1557 1 20.845000 18.278400 11.861700 
1745 1 22.825900 19.590800 3.908790 
1746 1 22.784500 18.143400 4.130510 
1747 2 22.830400 18.826200 3.958140 
1748 2 22.770000 18.735100 3.966020 
1753 1 23.300400 16.807000 6.638220 
1931 2 26.069600 17.198000 8.611300 
1302 1 14.700500 15.994400 3.181290 
1942 1 25.483000 19.537400 1.824320 
1510 1 19.929200 16.249400 6.053140 
1486 1 18.148900 15.179500 2.907420 
1419 2 19.767500 22.705600 12.932000 
1398 1 19.660100 25.173700 8.474590 
1487 2 18.222600 15.793900 3.179680 
1892 2 25.743400 13.695900 9.785180 
1794 1 22.853600 25.775400 11.347500 
1769 1 25.920000 25.199500 5.499630 
1558 1 20.559700 19.690500 11.868600 
1337 1 18.172600 13.765900 12.498100 
1548 2 21.595700 20.831000 0.375219 
1440 2 18.381500 26.220000 11.675900 
159 2 23.886900 22.228500 12.468000 
1547 2 21.553500 20.712800 0.331190 
1890 1 25.916500 13.878400 10.299600 
160 2 23.777800 21.958000 12.289500 
157 1 23.868400 22.678300 13.423800 
1438 1 18.882600 26.047400 11.795700 
1929 1 25.746100 17.832200 8.384810 
1599 2 19.705000 22.850000 12.741200 
963 2 13.769600 22.285600 2.010950 
1545 1 21.663600 19.917600 0.291397 
142 1 24.564200 19.225600 0.560864 
1198 1 15.829000 23.307200 13.102300 
1502 1 13.589500 17.525600 26.378800 
1206 1 17.446000 21.568600 20.177900 
117 1 24.935100 16.816100 15.353500 
1149 1 13.497700 20.323700 18.956600 
1681 1 23.528300 14.541800 24.471700 
974 1 14.107500 23.991200 18.299500 
1019 2 15.660500 24.166600 13.736000 
1199 2 15.722800 24.197000 13.777000 
1409 1 22.308700 24.861100 19.209300 
1386 1 17.163300 21.233600 21.645000 
87 2 23.158500 15.214300 20.824900 
120 2 25.397100 16.796800 16.409900 
1168 2 16.853000 22.553600 24.326900 
1011 2 15.430200 26.166400 20.761700 
1921 1 21.770600 18.720000 23.147700 
1561 1 20.933100 20.971000 19.175100 
1986 1 25.438600 24.915200 22.515700 
1615 2 22.982100 24.503200 15.410800 
1705 1 19.467300 14.396000 24.963400 
1744 2 22.685500 22.570300 23.773300 
1166 1 16.510000 22.900100 23.934700 
100 2 26.157400 13.508700 13.798300 
1805 1 24.842400 24.152600 21.074400 
161 1 25.578100 20.469100 24.227900 
102 1 23.043200 17.921500 24.030700 
801 1 18.095200 25.486800 24.307500 
1385 1 20.576800 23.111800 25.995700 
1164 2 15.049600 20.707600 26.124900 
1127 2 14.210700 14.244100 18.317900 
1286 1 16.013300 14.872700 25.292600 
1129 1 15.778900 21.185300 16.102500 
1130 1 16.391600 21.019400 17.197100 
1131 2 16.181000 21.095400 16.708400 
1132 2 16.093600 21.046800 16.758200 
1009 1 15.522300 26.567800 20.180900 
1215 2 19.178900 26.359200 15.955100 
86 1 22.603000 15.130500 21.356300 
1388 2 16.974900 21.394400 20.626500 
1737 1 21.960900 16.092000 14.218200 
1401 1 22.811800 25.786200 23.110600 
1538 1 19.975400 13.634500 14.234800 
1739 2 22.334100 15.539200 13.895000 
85 1 23.665700 15.333400 20.582500 
1582 1 21.733400 26.434600 23.782700 
1920 2 25.205900 17.083800 16.431000 
1126 1 14.493700 13.683300 18.379100 
14 1 25.852800 25.104300 17.632100 
1535 2 19.007000 16.322700 14.536100 
129 1 25.742800 18.301200 20.892600 
1743 2 22.851400 22.399200 23.601500 
1125 1 13.828800 14.922600 18.276900 
1197 1 16.594300 24.653800 13.560300 
123 2 22.682000 18.206400 23.081700 
1761 1 24.220100 25.712900 26.293400 
1762 1 23.854300 24.333700 25.902300 
1899 2 26.263900 13.512900 13.634700 
1947 2 24.051400 21.444000 19.536200 
1207 2 16.917600 21.394900 20.566900 
1167 2 16.852600 22.365400 24.130900 
1988 2 25.604600 24.955200 21.666600 
1200 2 15.813300 24.193800 13.635400 
1592 2 21.184400 25.062800 19.559300 
1764 2 23.997700 24.836500 26.138800 
1404 2 22.326900 26.263100 23.469300 
1305 1 16.893900 14.834500 21.256700 
1306 1 15.609400 14.350000 21.597500 
1307 2 16.325100 14.548500 21.406600 
1308 2 16.098200 14.543200 21.441100 
1985 1 25.490800 26.000100 21.326300 
1742 1 22.241900 22.839600 23.668300 
1396 2 19.242400 26.406900 15.999800 
1503 2 13.285200 17.402100 25.850800 
1325 1 19.508800 17.792900 21.343100 
1326 1 18.271500 18.136800 21.506500 
1327 2 18.814100 18.153200 21.320700 
1328 2 18.617000 18.001700 21.362800 
1329 1 18.280800 14.746100 18.197100 
1330 1 18.056500 16.069600 18.452900 
1331 2 18.122700 15.321500 18.331300 
1332 2 18.178200 15.328100 18.327300 
940 2 13.792500 14.690400 14.833100 
939 2 13.988000 14.568400 15.094400 
1020 2 15.554700 24.030600 13.678100 
966 1 14.074800 23.494600 21.919400 
1353 1 15.490200 17.314500 15.968800 
1354 1 15.254900 18.491300 16.701500 
1355 2 15.361100 18.040200 16.432700 
1356 2 15.389200 17.648900 16.408700 
1895 2 26.370800 15.131700 20.238000 
1613 1 23.359600 24.837700 15.303700 
1377 1 18.335300 19.711800 13.930800 
1544 2 18.945400 19.726900 24.975500 
804 2 17.857800 26.658300 24.222500 
851 2 15.381400 26.556900 17.761000 
987 2 14.065300 24.196700 25.646000 
1583 2 22.185100 26.137900 23.418800 
984 2 17.888500 26.363200 24.087200 
1961 1 26.134600 21.619300 23.210000 
722 1 13.987500 20.209900 22.388200 
1012 2 15.433100 26.165100 20.798300 
1296 2 16.601000 13.359200 15.123600 
985 1 13.865900 24.503300 25.321900 
1389 1 17.890500 24.613200 18.915300 
1391 2 17.518500 23.941400 18.871200 
131 2 25.472400 18.320300 20.122100 
1010 1 15.424500 25.794200 21.278500 
1741 1 23.298000 22.033100 23.670200 
1683 2 23.072000 14.754200 24.572200 
1410 1 21.260100 25.397400 20.367800 
1412 2 21.550600 24.778400 19.487100 
1924 2 22.493200 18.342600 23.074700 
1590 1 20.672400 25.256900 18.535800 
937 1 13.590600 14.766400 14.322500 
1343 2 16.681300 17.532300 23.486900 
1533 1 18.662700 16.168800 15.255700 
1945 1 24.065800 21.597700 19.005800 
1974 1 23.551200 20.288100 15.686100 
1740 2 22.459400 15.580900 13.823000 
1387 2 20.149300 23.413800 25.524900 
803 2 17.884000 26.646400 24.077100 
1128 2 14.090300 14.414600 18.327800 
1295 2 16.576500 13.379800 14.990000 
997 1 15.400200 23.872100 14.683800 
1402 1 19.443300 23.053300 22.165800 
1549 1 15.367300 18.340200 19.761300 
1550 1 15.463600 17.176900 19.253700 
1551 2 15.274000 17.808100 19.717700 
1552 2 15.440000 17.761900 19.595200 
1393 1 18.135400 26.013300 15.642800 
986 1 14.551300 23.880200 26.082900 
1562 1 20.654000 20.710100 20.571700 
1564 2 20.829400 20.829300 20.004300 
1573 1 19.744200 22.613600 17.028800 
1574 1 20.500600 21.873900 16.316400 
1575 2 20.167800 22.173000 16.667300 
1576 2 20.247400 22.250500 16.872700 
1975 2 23.399100 21.115800 15.464400 
1165 1 17.276000 22.011700 24.800700 
1162 1 14.808100 20.433000 25.313700 
1341 1 16.396500 17.635000 24.276200 
119 2 25.605100 16.921800 16.346200 
968 2 13.641900 23.468500 22.326000 
1589 1 21.000900 23.944800 19.593000 
1591 2 21.354700 24.910700 19.368800 
1208 2 16.935900 21.589300 20.554900 
1411 2 21.358700 24.924100 19.470400 
1390 1 17.072200 23.611600 18.606800 
850 1 14.686000 26.214200 18.155200 
1900 2 26.121200 13.632300 13.792400 
1957 1 26.535400 21.158800 14.721400 
1614 1 22.385100 23.927300 15.490500 
1616 2 22.812800 24.414600 15.288200 
1541 1 19.199400 19.602500 25.511600 
1563 2 20.719200 20.702700 19.976600 
1922 1 23.177300 18.949300 23.034700 
1344 2 16.601500 17.607100 23.678500 
194 1 26.667100 23.833000 15.998500 
1706 1 18.913500 15.860700 24.830200 
1707 2 19.191600 14.996700 24.752700 
1708 2 19.202200 15.149000 24.834300 
1322 1 13.681100 16.952500 21.731100 
1293 1 16.673400 14.118400 14.829900 
1715 2 21.684000 14.639600 17.511300 
1716 2 21.905700 14.795500 17.236100 
118 1 26.276700 16.514700 16.329100 
1948 2 23.991200 21.542300 19.678100 
1205 1 16.035900 21.280700 20.427900 
1682 1 22.280900 15.258500 24.775600 
1725 1 21.944100 18.839800 18.987600 
1726 1 22.262100 17.579600 18.798300 
1727 2 22.071000 18.191900 18.762700 
1728 2 22.209200 18.226200 18.806400 
1729 1 20.247300 15.089200 20.883100 
1730 1 19.736700 14.979600 22.169200 
1731 2 20.057700 14.937700 21.465000 
1732 2 20.091400 14.917400 21.317700 
1733 1 21.269200 18.663500 15.099900 
1734 1 21.880000 18.367400 16.232800 
1735 2 21.530700 18.411400 15.589800 
1736 2 21.675900 18.501700 15.769200 
1392 2 17.566100 24.193600 18.587100 
1976 2 23.352400 21.042500 15.760300 
1581 1 19.890500 23.789400 24.997400 
1287 2 15.605700 14.930300 25.622400 
1749 1 19.364900 18.321600 17.473600 
1750 1 18.649200 18.920400 18.363300 
1751 2 18.886000 18.667900 17.821600 
1752 2 18.900300 18.680600 17.893400 
1738 1 22.606300 14.934700 13.634400 
1918 1 25.405700 17.914200 16.792000 
130 1 24.954300 18.367500 19.660500 
975 2 13.628000 23.692600 17.904500 
1946 1 23.826400 21.202300 20.313400 
1896 2 26.397400 14.982200 20.196300 
1543 2 18.946800 19.761200 24.764400 
967 2 13.769800 23.293800 22.301100 
1342 1 17.064000 17.442700 23.130400 
122 1 22.528300 17.673600 22.312400 
1323 2 13.005300 16.580400 21.755800 
1808 2 25.548100 24.933400 21.682100 
1763 2 24.019300 24.977000 26.197000 
1807 2 25.525900 25.105300 21.692800 
723 2 14.318200 19.812900 22.813000 
1973 1 23.307000 21.668800 15.689200 
938 1 14.066900 14.707200 15.591500 
1684 2 22.904700 14.901200 24.682200 
724 2 14.349600 19.740400 22.827000 
1288 2 15.295200 14.789900 25.458700 
1403 2 19.379900 23.051600 22.280500 
1919 2 25.341700 16.959200 16.361000 
1713 1 22.334200 15.026000 16.728300 
124 2 22.505700 18.360900 22.922600 
1378 1 17.992200 19.588300 15.335600 
988 2 14.254000 24.211900 25.749800 
1216 2 19.046300 26.531600 15.874600 
1536 2 18.996700 16.434000 14.498300 
976 2 13.597900 23.632000 17.977400 
1379 2 18.297700 19.697200 14.443400 
88 2 23.278600 15.266200 21.009400 
1964 2 26.141900 20.472000 23.330000 
1542 1 18.724200 19.807200 24.368700 
1584 2 20.168900 23.508800 25.410800 
1923 2 22.637400 18.504700 23.349700 
99 2 26.266500 13.559400 13.750100 
106 1 25.717000 15.793200 24.905300 
1987 2 25.510800 25.079500 21.743400 
1534 1 19.140000 16.587300 13.886500 
132 2 25.616400 18.279300 20.436000 
1917 1 24.800700 16.217500 17.197000 
1163 2 14.914600 20.615300 25.951500 
1285 1 14.740800 15.028900 25.715400 
1380 2 18.221600 19.606700 14.612800 
1714 1 21.487700 14.543500 17.755800 
1959 2 26.622500 21.214600 14.772000 
1213 1 19.902200 25.671800 15.712800 
721 1 14.670500 19.280600 23.103700 
1417 1 20.211800 23.565500 13.463500 
1963 2 26.040700 20.574700 23.380800 
164 2 26.269500 20.565300 23.171400 
1894 1 25.966800 14.847100 20.688900 
1962 1 25.741300 20.132500 22.771500 
163 2 26.028500 20.611400 23.420100 
1161 1 15.137100 20.959500 26.590900 
1158 1 16.393700 17.010500 13.098000 
1521 1 17.193500 17.880100 26.389500 
1418 1 19.240400 22.033400 13.523400 
