id type x y z 
625 1 5.690020 12.343800 7.193720 
471 2 8.022510 6.325890 11.169900 
1440 2 2.099160 1.654330 2.567010 
792 2 1.742420 0.834209 7.190940 
1003 2 2.610600 6.244610 1.932680 
1644 2 11.491200 1.830130 7.677700 
990 1 9.567000 2.617810 3.751220 
702 1 5.406020 4.854330 11.030300 
424 2 13.271600 1.500040 4.065720 
1259 2 5.616770 6.819620 4.622950 
1557 1 9.150790 11.840800 12.350900 
503 2 8.346890 3.149360 10.888600 
1988 2 9.857510 6.628830 13.073400 
243 2 8.448000 6.270890 8.378150 
1971 2 13.227500 5.121150 9.983200 
1001 1 2.099080 3.553990 7.463070 
704 2 1.618770 5.462500 10.422700 
399 2 7.210950 1.612000 8.496430 
1794 1 13.151400 1.353270 2.954200 
653 1 7.389890 5.978300 11.995100 
248 2 12.796500 2.973610 8.521220 
1382 1 0.741164 2.248220 9.474520 
999 2 3.082640 1.221050 4.807630 
936 2 1.357260 0.742185 9.665500 
66 1 3.205490 3.938400 1.962720 
854 1 8.361860 1.043320 12.942300 
1114 1 10.095400 1.667240 9.627090 
211 2 9.839490 9.543310 3.474740 
1274 1 0.626336 11.644300 12.398900 
151 2 2.162080 10.079600 8.252060 
905 1 0.755267 3.537680 2.423020 
1251 2 4.487440 9.695910 4.331500 
1089 1 4.053420 11.677100 12.334900 
1924 2 2.067330 5.859680 6.341190 
738 1 10.988600 10.988400 8.747460 
1456 2 3.603550 4.890480 12.801600 
1987 2 4.276650 5.179970 6.566640 
1943 2 9.483070 4.282070 12.503200 
453 1 8.804070 8.097220 11.053200 
1197 1 3.359980 8.646880 0.934393 
563 2 9.852000 1.961740 1.493160 
1795 2 9.978660 4.027830 6.428180 
493 1 5.200490 8.789850 4.357740 
387 2 8.285300 8.698220 12.408800 
910 1 4.969580 6.026120 11.893500 
784 2 3.415470 5.361990 2.822570 
887 2 1.977740 10.610600 0.450535 
1016 2 8.556420 6.906130 9.624320 
1946 1 3.698810 6.734110 2.825930 
1631 2 1.355600 8.370620 4.286520 
1205 1 6.955000 7.942740 11.792200 
642 1 7.606670 1.791250 10.161000 
532 2 4.566610 8.371420 5.116440 
1498 1 12.875400 12.616000 7.293520 
889 1 4.165030 7.479980 5.856950 
1818 1 0.094910 7.774880 4.716720 
194 1 0.774231 5.175220 11.052600 
155 2 1.190600 5.281350 10.696700 
1945 1 12.365600 6.309730 10.129700 
535 2 -0.091970 1.015230 11.386200 
1812 2 10.882800 0.471014 1.585430 
740 2 5.557320 12.084100 4.696300 
588 2 2.123710 9.227320 3.116680 
230 1 10.347000 0.778733 12.687900 
1022 1 1.210670 9.830040 5.156280 
1303 2 9.033610 0.089913 1.731990 
111 2 3.434570 0.478014 7.995720 
268 2 10.728900 8.078440 5.558390 
1596 2 7.196200 9.002870 12.002400 
1753 1 7.237470 5.047570 0.138217 
1541 1 10.394500 0.320500 0.802826 
1293 1 12.782900 10.229600 8.423980 
1297 1 11.795000 11.696800 4.743950 
1533 1 12.269800 2.568170 9.862730 
1149 1 11.117200 3.736400 4.267650 
347 2 7.724790 10.903600 8.054610 
1438 1 6.543690 6.527450 4.600550 
1257 1 8.411130 1.580940 7.422590 
675 2 9.503190 11.071600 3.355980 
954 1 9.052210 1.422100 1.840470 
1198 1 1.481290 10.495700 3.706300 
1996 2 12.081300 3.651810 10.871400 
1921 1 13.194400 8.980060 6.099590 
150 1 12.403200 8.825150 0.759761 
520 2 7.019050 7.500910 3.140770 
1292 2 5.711550 5.779250 11.534800 
359 2 1.208240 5.622350 5.653750 
1760 2 9.936400 3.854890 13.010100 
1081 1 5.972560 8.246650 9.792490 
892 2 9.646770 9.976920 0.250412 
126 1 1.422560 6.087740 3.354940 
1086 1 3.967010 5.769030 7.323000 
1843 2 5.593020 3.249560 4.137450 
1736 2 7.229130 10.675600 8.091700 
1423 2 11.789100 0.943938 7.628900 
806 1 5.756450 5.290050 6.606410 
353 1 6.142940 2.789710 10.110900 
1065 1 11.142400 8.819980 11.123800 
1327 2 0.439021 2.207460 12.015400 
1671 2 10.675400 9.055200 5.357810 
36 2 2.289670 12.647800 7.580480 
1837 1 11.995100 4.449660 0.937803 
1880 2 2.880570 8.257190 11.033400 
1962 1 1.150620 0.862787 10.830100 
1629 1 2.050590 8.304120 7.572390 
130 1 10.776200 2.752250 0.135969 
1407 2 5.343380 7.193940 10.659100 
1195 2 4.646430 2.587910 11.451000 
1686 1 0.894743 6.261720 5.209070 
522 1 7.598120 5.137030 8.295720 
688 2 1.152200 12.424300 11.070400 
171 2 11.350200 11.870300 12.429700 
1745 1 10.441600 5.863130 12.761800 
929 1 10.609500 5.467720 10.984800 
1646 1 2.156260 5.187200 6.115190 
348 2 8.020670 5.008140 1.857240 
1618 1 2.626350 8.948450 4.761730 
374 1 7.252990 5.511280 2.017200 
544 2 12.225100 3.972140 2.781850 
733 1 6.767770 9.744230 4.660550 
985 1 9.997050 8.821690 5.522530 
1484 2 6.852000 10.576600 1.262520 
1755 2 7.232750 9.208540 8.355060 
802 1 4.018110 3.785540 6.659170 
846 1 7.666970 7.160700 2.240580 
491 2 2.262890 12.744500 6.894300 
304 2 3.995850 3.991290 6.764800 
1937 1 1.761640 10.777300 6.863300 
266 1 8.061590 10.287400 7.727710 
1421 1 12.618200 3.730040 8.108960 
723 2 12.347600 2.293650 3.579740 
1595 2 7.740220 5.982410 2.067130 
293 1 9.057660 0.517479 7.500800 
1688 2 11.105200 0.039969 10.320400 
1599 2 4.186470 12.402800 12.510100 
1980 2 7.259100 8.942020 4.911110 
1112 2 10.185000 3.113340 3.981020 
1785 1 7.981490 8.232120 4.225110 
1827 2 10.355200 6.645070 13.347700 
1181 1 12.277100 5.725560 11.775400 
1370 1 2.626840 9.117550 12.906600 
1750 1 13.262100 12.386500 0.895607 
1677 1 1.276960 5.449070 10.054000 
579 2 5.539420 4.586340 9.530140 
600 2 8.905170 1.248400 7.964430 
99 2 10.139900 7.746060 10.102100 
324 2 2.986370 11.549000 2.231800 
246 1 11.943200 2.071240 2.664690 
1441 1 6.793850 3.438110 3.479840 
1645 1 7.810000 11.669000 8.562610 
826 1 3.600490 0.780907 4.833800 
1878 1 10.912000 12.624000 12.100900 
551 2 11.979800 8.150570 0.394546 
389 1 10.204000 0.405705 4.201070 
1029 1 9.072500 5.408120 3.111870 
1977 1 2.456640 0.234528 6.421820 
673 1 11.522800 7.087820 1.756790 
1856 2 11.914100 10.816500 8.961650 
357 1 1.419000 6.546820 0.631314 
1408 2 9.505040 4.099150 7.232520 
1594 1 5.936300 10.052300 0.680532 
981 1 5.457520 4.141820 3.668490 
1221 1 3.336430 0.439623 9.754750 
636 2 4.554260 5.304780 9.264920 
1165 1 10.764100 7.981330 9.426580 
523 2 12.179200 4.691750 10.160000 
1334 1 5.477440 3.115170 5.309680 
1244 2 6.318150 5.857790 5.959510 
423 2 11.912500 4.971950 1.450550 
351 2 5.026790 4.084280 0.763978 
1155 2 0.204851 1.328500 3.019790 
231 2 11.555300 12.385900 5.743680 
154 1 4.147850 6.481150 9.730970 
1663 2 7.865680 8.815910 4.032360 
1350 1 11.502700 11.574100 6.728560 
1076 2 0.815377 10.863200 0.788823 
997 1 1.907770 10.791400 9.690170 
148 2 0.531404 2.291180 10.113400 
365 1 6.805880 10.650000 6.700180 
1008 2 1.020830 4.064130 1.402920 
1524 2 10.671100 0.872194 2.149370 
1461 1 5.667280 0.612712 8.352090 
1153 1 10.000400 2.388640 6.675480 
893 1 3.366220 4.486030 12.594200 
64 2 10.154600 11.045500 7.166150 
1741 1 4.128160 11.099000 3.962030 
1536 2 8.369270 1.594260 12.409000 
63 2 4.253040 11.710900 3.422130 
1882 1 9.181240 4.537510 5.747100 
1554 1 7.636090 6.948770 9.196880 
1506 1 2.460720 12.196500 6.348960 
372 2 10.149700 11.466500 12.717000 
1185 1 0.666631 11.030600 0.875652 
238 1 13.285800 7.507350 6.339560 
776 2 6.238070 1.754450 10.830200 
862 1 10.714100 8.896280 3.954850 
1528 2 10.481300 10.496300 4.008610 
257 1 9.738440 9.749610 0.034707 
882 1 12.140200 0.073127 1.231820 
182 1 2.907050 11.870600 2.145940 
306 1 8.913590 12.845800 0.760420 
1323 2 8.674530 0.517817 5.868450 
1941 1 3.263750 11.417000 8.213850 
427 2 6.448710 6.639220 0.458364 
868 2 12.158300 11.860800 1.041750 
1468 2 4.485520 6.808970 1.244150 
1458 1 1.629370 3.629240 9.762560 
1122 1 5.903370 7.089690 1.639730 
615 2 5.642030 11.603000 7.296150 
1876 2 6.289020 4.174710 3.372530 
1546 1 5.430890 12.645100 12.640100 
1560 2 11.824200 6.128470 10.982300 
1717 1 10.264200 12.693300 8.968240 
1109 1 9.520490 11.257900 3.944970 
1624 2 2.333520 0.948972 5.767740 
1219 2 2.677880 8.241540 7.451940 
469 1 2.681350 1.749210 2.662760 
944 2 3.754950 12.401400 10.870000 
121 1 11.146700 6.980710 4.062580 
1572 2 10.691900 7.555630 2.633540 
621 1 7.142410 9.127980 13.087700 
1154 1 8.356790 10.395300 2.365960 
545 1 3.416630 7.783970 11.157900 
779 2 1.449980 11.413000 11.219500 
1865 1 1.552500 11.201000 11.233200 
40 2 7.225150 1.847410 3.791990 
782 1 4.625330 2.345550 11.728400 
1648 2 4.343020 1.727660 11.746400 
695 2 10.175800 1.119330 10.935700 
722 1 3.037410 9.845020 0.134430 
442 1 8.454700 10.137600 0.352042 
47 2 4.490530 8.024070 10.707100 
1497 1 9.086170 3.876170 11.920500 
1230 1 13.254300 1.803760 10.709000 
1508 2 0.412205 10.284300 0.420126 
1527 2 1.617830 10.940100 5.223070 
1077 1 3.879550 5.558980 0.683057 
1550 1 7.386780 9.875380 11.359800 
1000 2 7.261520 2.489980 1.637070 
1502 1 0.962345 12.319800 9.788490 
922 1 11.968600 2.270480 6.519320 
1131 2 7.436660 11.342700 12.529000 
1875 2 8.307170 11.581700 1.837740 
1052 2 5.691730 11.729500 12.284900 
1426 1 11.224300 11.192400 2.247060 
428 2 1.209180 10.432400 11.960100 
340 2 0.237454 7.852780 12.315700 
1163 2 12.314700 9.730760 8.888480 
976 2 0.820419 9.186240 5.330010 
1386 1 3.979780 13.131800 0.023866 
785 1 4.901810 3.960710 0.204158 
1308 2 3.442030 8.906250 0.221286 
1570 1 10.517600 3.309790 12.603500 
861 1 10.356500 10.375500 13.196500 
1449 1 12.968100 4.014450 13.209100 
1652 2 4.990590 4.697980 16.479800 
1773 1 9.420420 6.599590 24.151100 
898 1 7.078360 1.921740 17.568200 
1115 2 10.846800 3.906060 22.508800 
1120 2 9.130990 0.147008 22.924300 
1398 1 0.347318 1.161560 24.924800 
1457 1 6.883740 12.017200 14.983900 
1655 2 1.354450 4.077800 20.790200 
1404 2 12.758200 8.825540 19.718500 
448 2 7.549570 5.892560 15.450900 
1761 1 12.069400 7.583470 17.164200 
1911 2 9.094450 4.199870 18.564500 
577 1 10.520700 8.956890 17.781100 
607 2 7.442510 1.115210 20.082200 
1316 2 8.322980 2.616240 16.254200 
1038 1 5.957490 9.197720 18.264900 
1903 2 6.689050 8.800260 23.255500 
1835 2 8.096850 12.040600 21.711700 
1406 1 10.931400 3.414440 22.464300 
1117 1 3.726810 10.616200 23.647100 
489 1 3.067420 1.726000 19.347800 
1569 1 12.274000 1.485250 14.982400 
1817 1 4.396140 11.669900 15.054800 
1744 2 1.188740 3.511170 13.338000 
772 2 8.913120 1.861910 16.534800 
1626 1 12.880800 7.140460 14.173000 
1401 1 9.023380 12.568100 24.401300 
446 1 5.693230 0.812070 18.258600 
193 1 6.523070 2.384850 25.746100 
1217 1 1.674940 8.076010 21.406800 
220 2 11.456300 7.349410 13.540100 
632 2 6.595410 11.454500 21.526600 
27 2 10.567700 2.172420 21.367900 
1135 2 3.342390 2.575290 18.146600 
718 1 7.033210 5.923980 18.459800 
951 2 8.685510 10.819300 14.670800 
1519 2 7.663940 11.303100 13.587200 
759 2 5.376080 12.991700 18.630900 
842 1 5.509260 12.910600 18.784100 
555 2 8.830160 0.758923 23.187200 
745 1 5.873790 4.773100 18.749800 
989 1 3.710130 8.350410 19.880200 
421 1 7.922010 7.554840 24.866000 
1202 1 5.606970 11.211900 16.621600 
1397 1 8.059000 4.131310 13.488600 
1907 2 4.106610 7.635080 20.851300 
358 1 4.507250 7.647360 14.401600 
76 2 1.783810 11.784000 15.237500 
708 2 10.731700 2.773070 25.991300 
1372 2 4.986900 7.292360 22.752400 
1138 1 12.351200 12.633100 13.614000 
1172 2 4.535020 11.121100 23.289900 
788 2 10.392900 3.342110 16.035200 
462 1 11.635400 2.783200 18.785900 
400 2 4.153510 2.128500 15.622300 
904 2 0.962295 12.953900 22.388700 
4 2 1.521600 6.406990 15.702500 
1791 2 4.227830 7.601330 15.436400 
1409 1 1.697820 4.741720 24.989700 
1676 2 7.267040 5.265890 22.044100 
367 2 0.134396 1.107340 23.832200 
1369 1 5.262390 5.235810 19.551200 
670 1 5.146540 7.551590 22.036500 
1526 1 7.409650 9.823200 20.906800 
1091 2 6.682610 4.624650 14.075300 
1797 1 3.940640 8.536710 24.987600 
1853 1 7.634780 6.307940 15.572800 
488 2 10.834500 5.544120 19.162400 
1330 1 12.607500 5.565000 25.281800 
1574 1 0.306260 7.929910 22.372100 
141 1 7.845070 8.492720 17.335200 
1713 1 4.439800 2.804000 18.684400 
692 2 3.986390 1.796910 19.478200 
1028 2 5.652980 8.716300 17.389500 
1196 2 0.147063 1.448720 23.562300 
1161 1 12.467000 2.535200 21.913400 
1951 2 5.936810 10.582600 19.470300 
1200 2 1.466000 7.598140 21.554100 
703 2 12.989100 7.136100 16.812300 
698 1 6.474650 12.470800 26.069500 
1967 2 0.126587 6.784460 17.086200 
1367 2 4.358290 0.618277 16.986200 
684 2 6.345800 12.618800 26.126900 
1234 1 1.326340 12.803000 17.038800 
576 2 9.029810 7.707420 15.769000 
1518 1 8.740240 0.247794 23.024600 
454 1 7.545590 11.911400 22.549600 
1338 1 8.766720 8.096220 21.538600 
262 1 4.133900 12.944600 17.407100 
1469 1 10.018600 5.029900 22.495200 
927 2 9.719730 8.883480 25.769900 
1584 2 5.119460 3.780800 18.531700 
260 2 9.613080 11.458200 23.383000 
1049 1 9.356480 11.019600 18.180500 
635 2 5.095230 10.477300 16.385300 
254 1 9.117380 0.488610 17.568100 
1861 1 1.559020 6.943570 18.957700 
1532 2 1.717360 0.114570 19.733100 
1916 2 12.834000 1.403900 25.497400 
931 2 10.756400 8.171680 16.688300 
1476 2 11.848500 8.938620 26.265300 
578 1 0.148952 6.591720 18.621800 
1636 2 12.216700 11.328700 22.817900 
1887 2 3.081300 1.135140 24.321200 
163 2 0.317099 2.782140 15.273900 
907 2 7.424820 1.096730 17.279000 
1475 2 10.703900 0.357622 17.610500 
1715 2 8.796200 8.974950 20.912300 
426 1 6.479250 4.472650 15.599900 
1665 1 7.904350 13.075500 17.296700 
1829 1 11.953800 12.359500 23.135700 
1788 2 5.440030 12.067700 16.705600 
1691 2 8.009010 4.748910 19.032400 
1766 1 11.488600 0.516001 17.454500 
1889 1 0.611316 6.694890 13.398700 
236 2 11.736000 2.745910 20.704900 
19 2 7.314460 7.676680 16.760500 
1425 1 10.103700 5.189560 25.814100 
1474 1 9.517800 6.891570 16.327700 
244 2 4.585340 5.373670 24.879400 
1664 2 12.283100 4.057760 22.017700 
891 2 5.789130 2.264940 20.685200 
94 1 11.672500 8.311430 20.643600 
1191 2 1.589190 4.064430 14.152800 
1730 1 1.872200 5.264230 22.688500 
1419 2 7.310220 1.456610 16.620200 
1396 2 12.718500 6.564750 22.920000 
439 2 11.427200 9.627360 13.278600 
871 2 1.078550 8.383810 21.820400 
308 2 1.883410 3.099190 18.388400 
123 2 9.065590 12.024800 23.715600 
275 2 9.992940 5.672700 25.366500 
60 2 9.039960 10.485400 20.017600 
950 1 12.625100 8.299020 24.012900 
1763 2 12.785900 10.331100 18.176400 
1846 1 4.513580 12.286200 21.418500 
1874 1 8.947450 5.785940 20.587500 
986 1 8.411050 11.825900 20.480000 
681 1 0.964539 2.310270 23.669900 
276 2 11.658100 11.886200 19.042500 
1769 1 1.133640 0.612036 19.113900 
31 2 3.727060 8.905420 18.596700 
1538 1 12.453700 9.785320 18.657700 
747 2 5.718760 3.784840 23.515700 
1393 1 8.231480 11.105500 15.069100 
1463 2 11.768700 9.541110 22.129300 
1727 2 9.753630 6.270460 15.766000 
837 1 9.648750 2.609750 17.664500 
1281 1 11.805900 4.112360 23.949900 
1606 1 10.212200 10.616700 24.038400 
202 1 5.266590 0.314361 20.906600 
386 1 3.787300 2.183530 17.503000 
413 1 6.965470 3.396340 23.318900 
129 1 2.909460 4.807610 17.866500 
1387 2 4.703110 7.299950 14.348300 
575 2 2.371820 4.804020 23.238700 
839 2 3.219370 0.988934 14.369900 
506 1 5.311800 11.303800 22.886300 
699 2 0.388071 6.871130 20.668400 
1445 1 2.024820 10.186800 14.266700 
1182 1 8.597070 9.293500 14.893200 
1922 1 8.657400 0.844222 20.834600 
1728 2 2.252090 7.242370 19.514300 
568 2 4.661810 7.456750 16.607500 
881 1 1.483250 0.996737 15.531500 
853 1 11.743100 6.416040 20.117500 
349 1 0.561369 6.658780 20.545200 
619 2 3.935660 10.811600 24.387400 
875 2 2.309200 5.368100 17.623300 
1214 1 7.672980 5.143270 21.961200 
105 1 10.932000 7.242200 25.502900 
1236 2 7.089330 5.748280 18.519300 
110 1 4.648270 11.349400 24.401300 
1286 1 1.287420 3.312030 14.992700 
1702 1 5.360970 5.721110 24.341000 
1588 2 9.362510 5.879480 21.726100 
181 1 0.115331 9.571610 16.612000 
970 1 11.594500 5.544540 14.391500 
1774 1 2.361240 1.984820 21.718500 
1157 1 10.661300 6.385490 18.650600 
1894 1 0.883596 11.661700 21.557600 
251 2 6.755770 2.502540 25.921900 
896 2 5.051570 13.180700 20.766800 
1263 2 8.982020 11.257900 17.846800 
1045 1 6.744390 4.753490 17.390600 
1842 1 3.936380 8.009490 15.549300 
1912 2 2.904040 1.619010 25.025900 
395 2 5.262270 5.741220 18.688200 
707 2 11.533600 6.431970 19.840900 
438 1 2.506720 10.596200 18.750600 
1241 1 3.986320 7.531880 20.602700 
1321 1 3.115030 5.123380 15.093400 
1651 2 11.144900 2.397280 16.108300 
1394 1 1.205320 7.296910 16.819500 
857 1 11.999800 1.386410 25.663800 
1159 2 3.015580 6.942140 24.597400 
338 1 4.151970 8.839390 17.768200 
716 2 0.831582 10.390200 19.691600 
1998 1 5.225720 4.763320 16.193900 
1254 1 1.066350 11.767300 24.888500 
369 1 11.033600 7.547980 15.149400 
1317 1 11.241100 0.314863 22.511400 
1064 2 4.387360 10.092000 20.661300 
1986 1 8.399350 3.472040 15.897100 
1984 2 11.333000 5.212830 24.946400 
108 2 12.146000 0.957137 15.058000 
328 2 2.345000 9.780660 23.277800 
1266 1 8.092400 1.012080 16.017700 
781 1 6.260440 10.528400 19.374500 
1900 2 2.588960 11.024100 17.699600 
1821 1 1.331150 8.619620 23.189500 
851 2 4.013140 6.923820 26.147600 
1708 2 10.687300 11.952800 14.307000 
39 2 5.821350 4.483640 16.402700 
518 1 4.136680 5.219550 23.369300 
97 1 3.204560 1.731210 24.760300 
265 1 12.062300 9.599810 21.425200 
1620 2 1.704290 6.453810 18.173900 
778 1 4.324100 6.201730 17.511700 
1262 1 11.773800 2.397480 16.520800 
1697 1 0.434697 5.497970 15.759300 
1322 1 12.328600 9.783390 16.384800 
1358 1 4.861620 5.334120 21.377100 
1279 2 4.406400 6.210680 20.546600 
1525 1 2.337190 0.255536 16.890600 
678 1 8.292870 3.899910 19.406300 
1448 2 7.719940 8.186380 24.179600 
928 2 10.354700 7.859520 17.123000 
267 2 5.227980 11.813100 22.182100 
368 2 7.288990 3.566870 20.486400 
414 1 4.021540 1.906850 15.736000 
1999 2 12.840000 6.159270 24.605100 
1864 2 3.222850 3.596230 25.352800 
69 1 5.598970 8.238020 15.378100 
1759 2 9.296390 5.543450 22.576400 
1602 1 12.840000 3.664740 20.718100 
1823 2 3.095720 8.466040 13.631500 
769 1 9.810680 6.575440 13.664500 
937 1 0.912672 10.122700 26.452000 
1944 2 7.902150 6.027640 26.318200 
685 1 3.813120 14.014600 8.712890 
255 2 5.619080 24.756300 1.434290 
337 1 9.559050 20.705000 3.188590 
1609 1 0.902668 19.121200 4.517820 
572 2 4.226150 23.680500 0.378143 
485 1 10.287000 15.579500 2.810960 
1478 1 4.453840 20.593700 3.252150 
1097 1 3.127570 17.892800 1.025600 
1814 1 0.058722 15.619100 1.147170 
16 2 2.375670 17.973700 9.355930 
1684 2 4.232950 22.481400 6.057240 
855 2 10.940900 17.549000 12.095100 
1032 2 12.175200 21.502600 3.660300 
1746 1 0.840990 16.062800 8.490000 
1307 2 7.533810 23.975500 10.146400 
1344 2 7.859140 19.036700 9.579050 
982 1 7.403830 22.572200 12.304700 
325 1 0.882400 14.050400 3.276890 
440 2 2.795010 15.274200 12.585300 
768 2 6.011760 15.423900 1.855980 
318 1 3.437420 24.699700 8.465740 
1534 1 12.975200 24.283200 9.653880 
1452 2 12.935900 15.546700 12.194000 
261 1 10.946400 17.575000 12.170400 
1965 1 3.597300 25.538800 0.381512 
134 1 7.003550 23.586300 3.595770 
437 1 11.772600 20.640400 0.663154 
725 1 4.531210 19.919300 12.191900 
370 1 4.788950 22.531800 0.967791 
1212 2 0.347382 19.360100 4.017000 
1145 1 6.199760 13.539300 10.853000 
35 2 0.658459 18.956500 5.430110 
1910 1 6.282010 18.339900 6.224910 
226 1 7.768940 18.358200 9.137690 
541 1 6.452360 14.503700 8.611320 
321 1 11.888500 15.297200 7.160040 
1152 2 9.513890 14.431000 0.941721 
1087 2 11.988900 21.357200 4.143250 
1268 2 -0.028288 22.392900 5.670140 
405 1 11.761900 15.610300 1.106960 
1765 1 4.692050 13.695900 2.758480 
341 1 3.397830 22.063300 8.556840 
1465 1 5.632250 15.078600 0.651736 
547 2 4.321050 14.294200 4.303150 
1253 1 12.515100 18.479600 10.584900 
1786 1 8.449640 25.821900 4.091840 
1851 2 5.708660 20.286400 0.623326 
894 1 3.131130 16.793100 4.492650 
1747 2 1.850430 13.816200 12.722100 
596 2 9.086790 15.558000 4.517960 
1617 1 7.781640 26.439100 1.478740 
1102 1 8.539610 18.579700 4.323740 
383 2 7.863230 23.556600 7.731640 
284 2 12.539900 18.690600 9.408140 
149 1 1.215070 14.281700 0.501027 
192 2 0.622788 17.651800 0.123998 
690 1 5.147490 22.306900 4.783810 
1108 2 8.971160 22.227200 8.211470 
273 1 11.368200 25.200700 9.326620 
43 2 12.617800 19.311600 1.441120 
100 2 10.903400 22.243300 6.192810 
938 1 0.959757 17.404700 2.355830 
184 2 4.438830 18.371300 10.448600 
1742 1 2.652830 20.179800 0.968364 
200 2 4.776780 15.542700 7.822040 
1176 2 10.633200 20.741100 10.282500 
1351 2 7.293220 16.126900 4.173440 
933 1 2.702450 13.967500 7.235130 
847 2 1.759080 22.949200 12.556800 
1061 1 10.225300 22.397300 9.950280 
583 2 11.067400 15.237100 0.699337 
1126 1 10.279600 17.786700 0.207024 
1563 2 5.403460 19.366700 9.371410 
445 1 8.108940 17.891400 10.124400 
1433 1 11.838800 18.013300 4.834160 
1585 1 4.180550 18.949500 4.166860 
1579 2 3.090770 21.391600 7.714170 
1133 1 5.521930 25.860600 12.094500 
112 2 6.812840 23.695200 8.390460 
1391 2 3.221340 21.320700 2.157260 
536 2 1.269740 21.337000 11.516200 
6 1 9.812740 17.229700 2.858260 
1336 2 3.833030 18.061100 1.340250 
52 2 13.294000 15.314500 7.882050 
1831 2 1.050670 19.656500 9.926340 
599 2 1.046150 16.041600 9.033400 
1329 1 11.046100 17.060000 4.852460 
1125 1 8.553680 23.562000 9.021520 
591 2 0.100472 14.219800 1.051700 
1718 1 10.007600 15.073300 1.246420 
330 1 6.742460 19.514200 10.338600 
166 1 9.774520 16.576100 6.100400 
213 1 1.826890 22.467000 12.345900 
763 2 5.336710 26.306200 12.553700 
1975 2 4.076610 22.855300 8.889760 
1255 2 7.970100 23.999400 3.013960 
1692 2 6.179900 22.614000 3.266770 
1679 2 8.194050 18.240800 7.097860 
1913 1 11.886600 20.854500 4.125230 
626 1 1.209950 15.944300 11.119100 
1079 2 4.378170 20.610100 11.184500 
627 2 2.252970 16.745000 2.347830 
1301 1 12.225500 20.878000 12.201300 
962 1 2.696840 17.710800 9.097580 
731 2 7.180080 14.881700 8.610400 
1151 2 7.144100 24.244800 11.337200 
525 1 6.042240 25.581700 5.712370 
500 2 5.178550 24.081900 12.274100 
98 1 12.027100 18.938400 9.089570 
919 2 3.290030 21.898200 4.021300 
74 1 9.746090 21.968300 12.258300 
240 2 8.569770 18.531700 1.423310 
791 2 8.493640 17.614400 10.843500 
1377 1 10.910400 22.089700 4.876260 
859 2 6.597220 17.804800 3.393390 
309 1 13.264400 21.075600 6.362760 
1793 1 9.414830 18.401700 7.196570 
1204 2 13.190000 16.366900 2.844020 
1935 2 7.521940 19.424300 3.295850 
1960 2 4.709780 21.381000 2.757450 
603 2 0.155272 17.628200 2.154110 
1260 2 3.810940 20.937200 10.361600 
87 2 12.415300 15.189600 11.974700 
609 1 0.766136 14.397000 8.034840 
1371 2 11.225800 24.666500 9.863510 
1004 2 1.762640 23.516400 12.650300 
332 2 2.310650 15.577000 2.856890 
1784 2 13.077300 24.964400 11.216100 
34 1 7.150770 23.531100 7.796750 
1603 2 0.489809 18.340500 12.461300 
409 1 7.184110 25.963200 12.482000 
1625 1 10.805000 23.732600 7.229520 
529 1 3.651250 16.621200 2.006460 
1489 1 7.992490 19.084800 2.060050 
1188 2 9.686410 22.278100 10.902800 
207 2 3.056700 16.813700 1.903950 
1395 2 11.092400 21.296000 12.851600 
502 1 4.838930 15.850100 12.934700 
344 2 4.701840 26.228000 5.915190 
1444 2 9.555020 21.444100 2.793350 
143 2 10.793800 23.327400 5.788150 
841 1 12.199300 22.640200 12.962200 
940 2 9.087840 15.629100 7.561380 
808 2 1.050550 24.567900 3.626670 
1548 2 0.133938 18.165600 9.887400 
2000 2 12.566500 21.910700 12.846400 
935 2 5.064720 24.448000 5.812790 
592 2 3.514200 18.517300 4.236840 
1819 2 8.035710 20.296000 4.694410 
715 2 11.293600 25.518500 2.087800 
1472 2 10.574300 15.268000 1.242660 
1582 1 6.783140 21.641800 1.808720 
9 1 1.383750 19.138800 10.154900 
75 2 10.986400 21.618000 0.154742 
1844 2 8.536020 14.787300 5.198290 
656 2 8.826970 23.007300 11.135100 
921 1 1.521390 24.706000 4.922560 
133 1 12.488900 25.689400 4.547430 
550 1 9.844980 15.362000 8.049760 
1070 1 2.305540 19.665400 7.264620 
1632 2 12.618700 20.533500 0.849889 
993 1 8.852460 22.069200 6.733420 
498 1 8.877580 19.180300 10.706900 
215 2 9.908360 13.434000 7.987330 
1118 1 12.459400 23.490900 3.532910 
1040 2 10.496700 23.768000 1.404810 
122 1 4.115090 20.399800 9.656030 
53 1 4.973650 21.869700 10.763500 
1593 1 9.588340 13.898000 5.785540 
1877 1 1.343630 24.678000 9.554370 
1798 1 4.421970 17.963200 10.935300 
1364 2 9.699020 23.912400 13.182000 
153 1 6.602240 19.134800 0.796358 
1194 1 3.242920 15.164300 8.365030 
1348 2 4.115800 13.951300 1.088460 
620 2 12.781700 16.752400 10.855300 
1041 1 10.760200 24.268500 0.257642 
1339 2 1.808760 25.091600 9.829700 
630 1 4.357010 21.990700 2.810700 
288 2 4.146680 15.438600 4.603030 
1447 2 13.089200 20.438800 8.847920 
1586 1 8.954590 14.022300 10.986900 
41 1 6.499200 17.312300 2.360310 
561 1 6.331050 23.502500 11.879900 
339 2 10.366500 25.925500 4.531530 
977 1 2.385720 14.820000 1.241680 
543 2 11.260000 16.122500 6.466680 
1412 2 9.877820 24.178700 4.861690 
259 2 4.424440 21.634300 2.947780 
1807 2 12.636300 13.766800 7.607530 
998 1 10.956400 19.739000 13.258500 
1059 2 8.027080 18.022300 10.350400 
317 1 3.181520 21.782400 2.002460 
392 2 3.850950 24.190800 8.346270 
1926 1 0.524991 26.336800 2.377300 
1104 2 1.301000 14.692300 8.205450 
662 1 8.996160 21.602100 4.924170 
828 2 9.495640 16.027600 13.004900 
1738 1 8.035010 15.597400 8.431800 
1483 2 11.565500 17.678800 4.756330 
472 2 6.621550 14.248800 8.660080 
1092 2 5.490910 17.975300 6.830180 
903 2 5.131470 16.076600 10.334200 
334 1 2.115170 13.450300 11.910600 
1615 2 13.244400 25.903700 0.236217 
1353 1 8.076670 16.047600 13.132200 
900 2 9.384930 13.529900 9.945450 
758 1 8.444890 15.455300 5.284070 
1084 2 11.842300 17.636100 4.120590 
1792 2 2.777280 20.804600 6.757170 
197 1 7.668570 20.185800 8.831200 
1482 1 1.073580 22.817800 7.996980 
430 1 4.949940 17.447800 6.899090 
795 2 1.644160 24.786100 7.111200 
186 1 9.947600 24.221600 3.835880 
589 1 4.152950 23.435400 6.186330 
1581 1 11.748800 21.071800 2.393950 
402 1 4.975070 25.360500 6.289470 
1380 2 9.774240 15.117600 5.016200 
1906 1 -0.097549 19.719400 3.916280 
1949 1 6.883220 19.996600 7.195020 
963 2 3.619240 14.105100 8.536120 
843 2 9.920650 16.051400 3.924940 
204 2 13.245900 21.256900 7.565020 
1275 2 2.322540 23.606800 4.292620 
1608 2 8.712380 19.204800 4.234860 
1662 1 5.534550 14.869300 2.619250 
810 1 0.225988 19.030800 9.641990 
50 1 3.265050 25.581800 3.060890 
573 1 4.710980 24.393200 1.027530 
1206 1 6.354750 15.198100 3.859140 
95 2 8.428380 21.081400 8.684730 
54 1 3.736300 15.145000 4.308750 
1019 2 3.435890 17.632500 6.780900 
598 1 10.302600 24.846200 10.911100 
1725 1 3.561630 21.530800 7.199200 
305 1 2.044140 15.012200 13.177200 
1561 1 11.728400 15.208100 10.974700 
1023 2 10.609200 14.502600 10.075800 
497 1 2.297240 25.661800 12.840000 
742 1 2.109050 25.132800 6.295680 
1929 1 4.853230 15.615100 9.950280 
1899 2 7.311020 13.324000 11.005400 
1813 1 12.720000 14.066800 9.219790 
407 2 3.329860 25.868200 2.605780 
1515 2 3.187500 24.638500 0.624438 
115 2 5.408610 19.526300 0.587772 
1302 1 13.060400 15.995900 3.166280 
767 2 6.212600 14.780800 0.125367 
394 1 8.007700 18.258500 0.270264 
178 1 5.316050 20.481700 0.300733 
803 2 0.051466 25.530500 0.138844 
343 2 2.208600 14.209500 0.056954 
1232 2 4.726500 20.933900 12.996600 
1838 1 0.234926 18.366900 0.618550 
1510 1 5.088810 13.886700 25.215900 
119 2 8.891810 19.093200 20.881500 
958 1 2.111530 19.736600 25.571700 
947 2 5.586790 16.152900 20.411900 
388 2 13.015600 24.628300 25.721500 
28 2 11.468000 17.865600 16.045100 
1093 1 0.300009 26.121700 19.971300 
867 2 3.876810 24.750400 18.252800 
3 2 10.114100 14.698000 16.375500 
1160 2 10.349700 25.239300 21.045000 
474 1 3.389720 17.950300 25.310100 
1616 2 4.983030 21.173600 25.335900 
549 1 2.003350 21.534600 19.771000 
1790 1 9.510070 23.137800 22.234800 
1443 2 2.790910 26.370600 16.589500 
312 2 2.698860 23.801500 19.420600 
1034 1 11.901900 14.237000 13.837800 
320 2 10.525200 20.844100 24.240200 
1749 1 11.919500 13.834800 25.467700 
1479 2 4.002220 18.810900 24.249800 
1719 2 5.156320 15.288000 16.475900 
296 2 4.499950 24.218300 15.213200 
618 1 1.769040 18.886500 15.845900 
476 2 3.567320 14.471700 14.693600 
1641 1 2.387010 18.049900 13.334000 
482 1 2.452310 23.172400 26.383000 
1057 1 6.213990 26.395800 14.031900 
120 2 4.749840 20.056800 19.679400 
663 2 2.145830 22.207200 19.758700 
680 2 3.387740 18.141700 24.278800 
331 2 6.467060 25.871000 26.442500 
548 2 2.650860 26.385000 16.559200 
972 2 4.914510 23.659500 20.259500 
1680 2 8.660200 17.126000 20.099800 
1492 2 8.294240 26.400600 23.103300 
1010 1 2.080390 15.698500 18.265400 
1127 2 3.792900 19.779600 19.443400 
366 1 5.300520 24.356700 20.106400 
832 2 5.336460 17.052200 20.932500 
705 1 7.902820 18.246200 22.696900 
1216 2 11.836500 22.991600 17.746800 
1771 2 7.363860 23.556600 16.420700 
787 2 6.305700 22.728400 20.988900 
1748 2 7.682660 21.799100 26.381400 
953 1 10.672300 20.712000 23.808200 
1804 2 6.137730 24.459700 19.270400 
1575 2 1.102290 26.366700 21.840300 
1555 2 8.871470 13.235600 24.648200 
307 2 3.899850 21.551800 23.543700 
1902 1 12.086400 17.440700 16.954000 
1305 1 10.815700 23.704600 16.212900 
1074 1 8.933390 19.077100 16.402000 
23 2 11.421400 13.359700 14.968200 
356 2 6.751690 25.427400 13.192400 
751 2 9.814020 21.086100 22.950800 
319 2 7.962830 19.456000 16.740400 
282 1 13.346800 21.803100 22.023400 
650 1 12.463500 18.741700 24.530800 
1847 2 3.277970 13.794500 26.066500 
710 1 4.946900 25.222800 17.261900 
895 2 5.733650 25.073200 21.647200 
824 2 5.310120 24.140900 23.645400 
1521 1 12.702000 17.516900 15.909400 
519 2 8.907150 18.893000 26.488600 
206 1 11.285200 18.440000 18.701300 
1811 2 1.839640 19.127700 23.564300 
1516 2 2.709560 14.525200 26.020000 
1896 2 1.371690 24.447800 25.399500 
1017 1 10.811800 13.906500 15.812500 
726 1 5.547490 22.271300 19.748900 
1693 1 11.619900 16.785200 21.559700 
1090 1 6.083230 18.121000 13.477500 
639 2 0.399174 20.389500 23.588500 
1141 1 11.156900 19.554600 20.693400 
221 1 11.506400 21.635600 18.613800 
1841 1 9.164980 20.350000 21.606300 
1285 1 12.746400 20.414900 26.716900 
1018 1 0.881686 21.025500 14.705400 
755 2 8.325810 18.514400 26.490500 
1430 1 3.642630 26.291000 16.580500 
287 2 2.065420 14.827700 18.922000 
1751 2 2.587150 22.136900 15.346400 
814 1 12.507900 22.779900 17.802000 
83 2 9.624680 23.833400 23.030000 
1283 2 5.826910 16.832000 19.562700 
137 1 6.120930 14.219100 21.289600 
451 2 0.751258 25.067700 26.472200 
959 2 9.347190 21.089400 16.728500 
729 1 0.225348 25.756200 14.875700 
557 1 5.378780 21.214600 16.966400 
1249 1 12.071800 25.758300 13.773600 
1306 1 7.140100 14.304800 16.168600 
1733 1 3.542310 15.207800 26.329600 
850 1 0.097505 14.921100 15.510500 
996 2 12.818800 16.946200 19.658500 
1190 1 7.805040 23.290600 14.443300 
1043 2 5.918560 22.908400 24.582300 
820 2 10.657800 13.294900 13.737600 
1480 2 7.650940 22.775700 14.541000 
809 1 7.436960 26.427500 19.102600 
829 1 10.848700 26.151100 24.575700 
470 1 1.719870 18.177500 18.413500 
239 2 8.259480 14.267500 17.223800 
952 2 1.403290 25.897500 13.745500 
668 2 2.145610 19.872400 25.774300 
1287 2 10.271200 25.520600 14.013900 
863 2 0.287964 23.392900 16.017300 
188 2 11.758600 15.757300 21.287100 
1647 2 12.119800 16.603100 18.772600 
1201 1 9.174160 21.450100 26.505200 
311 2 12.886100 21.828900 21.855800 
852 2 12.648200 18.795600 25.332500 
465 1 1.379970 25.294800 26.102200 
955 2 5.721530 17.125400 21.631900 
876 2 0.729993 20.404600 14.746300 
176 2 7.680230 26.365900 17.493100 
216 2 1.748160 23.378000 18.348900 
45 1 1.575910 15.000600 21.676200 
1659 2 6.597010 15.249200 13.408400 
242 1 4.112340 25.172300 18.573500 
1053 1 9.924320 25.955300 16.782000 
1148 2 4.683420 25.771300 19.778200 
1192 2 13.182400 22.077200 22.634900 
301 1 3.782210 18.407500 13.393000 
878 1 6.987620 24.010000 19.022100 
1247 2 9.266220 19.126900 22.628500 
412 2 6.175010 15.636500 23.590100 
833 1 7.307210 21.956200 25.675700 
313 1 5.614830 19.630800 14.032800 
1649 1 12.303500 21.731900 24.756800 
1633 1 2.550520 26.501800 23.403800 
1113 1 9.266670 20.091900 13.866600 
1667 2 4.915850 19.189200 16.751200 
1883 2 0.667787 25.618500 15.225700 
475 2 9.774600 24.223700 19.218100 
753 1 0.248255 19.697100 13.907400 
1801 1 10.908600 15.139200 21.397200 
80 2 12.663600 13.808600 23.710700 
1026 1 6.139470 21.750400 24.579700 
310 1 2.911550 24.082700 18.151800 
477 1 8.891430 14.010900 22.229600 
270 1 9.852960 24.816200 20.824500 
1144 2 9.939920 20.038800 13.362900 
1859 2 0.590821 26.455200 19.346000 
290 1 0.157646 13.902400 24.077500 
1199 2 1.885110 15.635700 23.620800 
1724 2 7.386320 16.381600 16.139100 
1384 2 11.195600 26.205400 16.287600 
1078 1 4.450030 16.824900 16.070800 
1638 1 5.176870 17.341800 20.985000 
1272 2 5.435860 20.270900 16.334700 
584 2 8.885650 19.197500 26.392500 
1740 2 7.621280 23.266900 19.036700 
1485 1 9.550230 18.773000 23.465200 
258 1 3.367660 26.231000 21.221100 
5 1 5.351660 19.255200 19.212100 
1694 1 8.524210 22.838700 16.728200 
44 2 12.121300 17.732800 17.213900 
1870 1 1.313490 16.244500 19.594900 
1179 2 12.789900 18.438200 15.956400 
793 1 10.468600 23.796500 24.280100 
158 1 6.475190 16.771400 19.804000 
542 1 3.905460 17.012700 20.677800 
1832 2 4.407900 17.874200 16.126300 
281 1 7.285910 25.972600 24.161400 
1178 1 2.498850 20.159800 23.063700 
1789 1 1.541460 26.018000 22.491300 
1428 2 0.777528 20.070200 22.730700 
1576 2 8.809570 20.658100 18.429700 
794 1 5.529880 22.860300 16.357400 
509 1 2.850400 26.596700 13.874100 
342 1 5.094600 25.242700 26.154500 
811 2 5.166790 22.707900 16.192600 
1101 1 0.541861 20.479800 21.413600 
1488 2 11.926300 14.291500 24.895200 
139 2 11.905800 16.514900 22.296200 
1860 2 5.669940 22.397300 16.338100 
185 1 2.535310 21.756300 16.135500 
136 2 3.374030 16.274000 20.978300 
432 2 1.976490 25.625900 22.230600 
610 1 1.414270 13.671100 19.784900 
1493 1 6.657920 18.502900 20.885500 
292 2 10.587400 20.062600 21.500500 
1186 1 6.929730 21.594300 15.191900 
505 1 9.001030 19.163100 25.881800 
1129 1 0.133546 19.899400 23.921700 
1256 2 0.680816 23.178000 16.293200 
1513 1 2.658480 21.747400 24.521400 
817 1 11.891400 16.387800 23.254700 
189 1 2.105270 23.079800 15.102400 
333 1 9.329810 14.875200 17.018900 
1758 1 4.183210 14.001800 13.551600 
980 2 11.176000 22.170500 16.532500 
717 1 6.516630 15.929800 17.986200 
1326 1 5.118670 18.558500 26.014000 
1355 2 11.568900 22.022000 17.752500 
1356 2 12.300100 13.756100 14.142000 
11 2 6.709340 14.294400 21.202400 
78 1 4.912030 23.243400 24.195800 
1343 2 10.080400 25.151200 20.688800 
1496 2 10.753900 17.214600 23.933000 
786 1 4.172820 20.045900 16.542200 
1614 1 10.159800 15.260000 24.722500 
1505 1 7.698610 15.625500 24.963400 
1446 1 12.710000 25.107800 24.495800 
1167 2 8.875240 16.244000 25.071900 
677 1 3.233850 17.123100 22.308900 
969 1 11.057600 20.741200 17.243900 
1590 1 0.921213 24.476700 15.724100 
1803 2 1.947250 15.886300 18.589300 
1042 1 3.219900 15.326900 23.694300 
461 1 10.086000 23.633500 13.492500 
835 2 0.711238 14.183700 18.094900 
1031 2 10.222900 25.102700 25.423300 
801 1 6.738020 23.974000 21.371100 
1696 2 3.437160 14.939900 24.319500 
1002 1 8.497680 17.378300 20.858200 
1220 2 11.465100 24.395000 23.862600 
1422 1 1.773470 23.482100 13.315400 
1993 1 5.037760 23.922400 14.931900 
530 1 2.332500 23.608500 19.198100 
1901 1 4.612020 15.119600 21.845800 
1623 2 0.305089 26.310800 15.237500 
1295 2 8.695250 20.653000 14.306600 
1668 2 8.453470 14.910800 16.447700 
790 1 4.850660 18.238000 17.027400 
613 1 8.230180 20.472800 17.665000 
1898 1 9.825580 24.500100 23.171600 
379 2 2.706840 24.538200 21.859300 
1928 2 9.836830 14.411000 26.190500 
1088 2 0.427064 13.941000 17.694200 
1778 1 11.663800 24.494500 18.623600 
1491 2 2.048360 16.614000 15.794600 
1862 1 12.661100 18.570800 14.989000 
198 1 8.601730 22.920400 25.148500 
760 2 5.946180 18.386200 25.458600 
33 1 9.185360 21.063700 19.410600 
378 1 2.582070 23.324200 21.242500 
118 1 12.615900 15.389000 19.206600 
1080 2 2.624270 14.430700 22.106500 
1917 1 13.224200 20.785600 22.500700 
1248 2 7.642340 17.803200 22.006100 
1183 2 7.624070 22.112600 24.842800 
1399 2 10.113700 14.419700 21.812200 
1233 1 10.251800 17.093200 24.808000 
1872 2 0.828418 14.115100 18.296900 
1978 1 6.840690 17.521300 24.063700 
303 2 12.478600 25.517400 14.200700 
68 2 0.773989 19.769800 17.304300 
1535 2 4.558770 13.492200 15.994100 
1046 1 3.913290 14.555900 16.942700 
67 2 11.198300 15.019400 20.521900 
117 1 11.059400 13.227400 19.843700 
1716 2 3.753140 18.321900 13.517300 
1800 2 6.045220 17.974800 13.433300 
897 1 10.831400 15.463500 13.665200 
727 2 3.939510 15.803600 13.774800 
1039 2 3.532670 18.086500 13.635600 
1107 2 21.753100 1.618370 0.361532 
1685 1 24.677900 12.766000 11.205300 
1123 2 21.711800 7.054770 5.457300 
169 1 16.295100 12.304000 4.101180 
1683 2 26.424700 9.027310 12.251200 
1166 1 21.232000 9.633060 8.681140 
516 2 17.739600 9.312750 4.422890 
1711 2 25.447600 8.757670 3.812830 
805 1 20.521300 0.855591 7.751810 
82 1 17.806300 6.784410 1.789590 
252 2 23.161400 7.728780 2.133170 
1495 2 17.777400 1.019370 0.675646 
1976 2 24.152700 10.757300 12.066900 
1375 2 23.281200 1.189870 10.568800 
1312 2 23.367400 6.060040 9.635710 
1258 1 25.804500 2.370580 11.659200 
1573 1 23.414100 12.212200 5.718660 
382 1 19.898100 7.763210 4.513490 
1335 2 26.219600 5.451260 0.670121 
1420 2 25.395100 10.065100 8.297630 
1100 2 17.245900 6.823550 3.176070 
1556 2 20.813300 12.640800 1.196680 
696 2 20.136700 9.470630 7.584070 
422 1 17.888600 2.811970 7.851330 
459 2 17.088900 7.414880 2.558000 
1124 2 26.095900 5.879760 3.507030 
1296 2 14.903300 2.711300 0.751417 
1611 2 16.780800 6.237790 7.757460 
1714 1 14.038000 7.158380 8.156550 
1252 2 18.835400 6.342680 9.039700 
1567 2 15.589500 1.740360 9.253540 
1128 2 17.648100 13.181900 6.284260 
73 1 20.090800 3.724880 5.382460 
1687 2 21.487500 3.131130 11.212000 
1238 1 19.175500 2.568420 6.307500 
1481 1 17.154100 0.680993 8.346250 
1211 2 15.567000 11.471300 2.311120 
1402 1 24.596500 5.014540 12.933100 
637 1 22.862100 1.956110 -0.059297 
1162 1 17.936000 7.509500 5.036440 
880 2 16.002800 6.046680 1.752440 
396 2 15.251100 0.841186 9.674250 
46 1 24.659000 8.463430 4.383000 
272 2 20.015200 4.844460 11.809700 
1558 1 18.826100 2.775950 12.356000 
1209 1 21.768900 1.119680 12.252800 
1897 1 19.692100 7.724830 1.545760 
1143 2 19.035600 7.378440 4.961580 
101 1 20.124100 6.096380 6.418700 
274 1 18.951700 0.117299 2.598620 
728 2 18.531200 3.250870 4.042820 
135 2 24.475100 5.251090 3.896590 
1072 2 13.447800 8.096350 4.185260 
597 1 18.318500 4.529960 6.873300 
1011 2 25.173300 1.890730 5.804790 
1150 1 25.513600 2.399880 5.893800 
899 2 19.009600 10.795100 4.558880 
1869 1 22.156100 12.462600 4.575340 
1955 2 14.112000 10.626000 6.873060 
326 1 14.422100 5.236500 5.675230 
1294 1 25.639200 5.781940 2.485960 
633 1 13.715000 13.007600 2.593720 
531 2 18.310500 12.062200 12.402600 
219 2 24.931900 8.580350 1.985360 
1610 1 25.308200 10.876500 7.198520 
1674 1 25.118600 12.436600 4.849800 
1158 1 24.892000 5.449580 5.947260 
1173 1 22.140000 2.375020 11.822600 
631 2 14.235200 7.559780 6.570860 
602 1 17.163000 11.016200 10.676800 
1591 2 16.911500 4.754860 0.876017 
62 1 22.495800 5.118720 3.563910 
65 1 21.139400 8.771120 10.133200 
416 2 24.931300 8.302660 5.693260 
418 1 15.773700 11.256400 2.113400 
580 2 22.908400 4.966270 2.305870 
949 1 24.184600 6.338160 1.553360 
773 1 24.560300 10.920700 11.674600 
734 1 17.831800 10.350800 8.060920 
241 1 25.228800 9.066870 8.815380 
81 1 17.274100 3.186200 3.757970 
605 1 18.593000 4.477960 10.184100 
1754 1 21.801400 7.776430 6.282780 
1796 2 20.304600 12.665700 8.689320 
874 1 19.854000 2.610160 3.906300 
85 1 20.106200 10.860900 2.971990 
1756 2 18.269200 12.151700 12.564600 
569 1 22.095800 12.496900 0.281860 
906 1 19.022000 9.490870 4.126900 
1994 1 23.035200 1.990290 4.247600 
13 1 19.921500 7.624000 10.160500 
88 2 16.654400 2.531350 13.109100 
1764 2 14.769800 0.187311 0.988077 
1757 1 14.490200 1.860420 9.681590 
1970 1 24.655600 5.011120 4.212880 
504 2 15.108100 8.815940 1.268190 
798 1 15.026500 6.476560 1.443110 
1099 2 23.317500 7.619980 5.490920 
1012 2 21.422300 9.789460 10.833700 
1783 2 13.777800 10.997200 10.490200 
1442 1 23.032400 9.504200 2.276120 
752 2 18.479800 2.006430 3.805800 
939 2 25.085900 11.756100 4.450870 
283 2 15.705600 4.347580 5.069650 
1208 2 22.429800 0.599305 10.228700 
195 2 25.707400 3.973180 8.782630 
1621 1 21.146200 12.929300 11.363100 
1957 1 14.224800 5.877660 10.108500 
869 1 25.076000 3.204840 7.901510 
1169 1 16.688400 12.306600 6.200020 
764 2 23.998600 11.997800 1.899230 
590 1 17.613200 6.735130 9.686380 
511 2 17.771900 0.131535 3.112330 
1414 1 22.210700 2.872120 2.521440 
1315 2 22.649500 9.366520 0.783769 
1682 1 24.322000 6.191070 3.343700 
363 2 17.177600 12.528000 7.501300 
683 2 22.547600 2.393550 3.712940 
223 2 20.495100 8.157230 9.637460 
104 2 15.339900 6.047310 5.861070 
1235 2 24.547500 13.319400 2.073870 
1939 2 14.462700 6.998290 9.513700 
1264 2 25.112800 6.445370 13.029600 
164 2 25.227800 5.727030 6.298150 
397 1 15.098300 0.909886 0.543746 
667 2 26.201300 8.789840 7.837380 
1379 2 20.481600 1.217460 6.420720 
419 2 15.136800 7.417720 1.902030 
1983 2 18.784500 8.832300 10.705400 
743 2 24.114400 0.072413 1.360870 
1240 2 17.259600 12.707400 2.769240 
299 2 24.746000 9.742990 11.240800 
300 2 23.460400 5.812770 3.963430 
487 2 19.164700 4.304060 5.742660 
32 2 14.006600 7.881710 12.432400 
15 2 22.417600 10.335300 8.324670 
559 2 20.259400 7.452180 1.536440 
1310 1 18.876200 5.871820 8.553160 
836 2 22.642600 9.843500 7.170310 
263 2 22.520400 9.791800 12.953300 
823 2 24.367900 12.551800 8.130900 
1852 2 20.856500 7.680750 9.947000 
1054 1 18.428500 12.049900 12.972100 
652 2 17.308800 7.238930 12.504600 
1895 2 24.819200 5.496650 12.955000 
1909 1 17.140400 4.469430 4.766100 
1139 2 14.668800 1.329140 3.408410 
1607 2 15.527600 2.401670 2.202040 
209 1 23.607000 4.786980 11.157700 
86 1 15.224200 7.445750 9.581790 
2 1 14.669900 9.337850 2.533890 
302 1 14.725900 10.412400 0.078011 
1915 2 13.365500 1.428140 10.140800 
701 1 20.930600 11.601300 8.982240 
160 2 20.124800 8.003220 3.925200 
1712 2 16.691300 11.779900 8.750650 
1709 1 16.992400 9.944460 1.971390 
730 1 13.889600 3.310530 4.092010 
1770 1 15.339400 2.396490 2.369390 
872 2 23.545400 12.165900 5.647920 
1972 2 21.321300 2.657280 4.795940 
1500 2 24.509800 13.181900 10.963900 
877 1 23.185000 7.486790 5.851670 
1487 2 18.023900 1.905870 8.071770 
943 2 19.214200 4.018470 10.072900 
56 2 14.640400 8.120740 1.135310 
71 2 24.423800 12.705700 11.708300 
655 2 22.438800 5.781120 2.856250 
645 1 20.714800 4.665630 12.839000 
478 1 14.752300 8.362440 12.122200 
783 2 17.548800 10.998400 1.081040 
807 2 18.199900 6.898620 7.794460 
1549 1 21.476100 5.762070 8.978840 
1938 1 13.461100 11.517600 12.070800 
1314 1 17.956300 0.456515 10.612300 
425 1 24.628300 0.489774 10.989700 
812 2 15.053100 11.177100 1.914790 
1389 1 20.792600 1.670360 0.193629 
1036 2 22.225700 6.202340 8.244030 
61 1 20.617400 7.317640 1.460670 
18 1 22.381600 9.943320 11.579200 
1300 2 21.566800 1.897590 11.747000 
1416 2 17.607000 1.741150 10.350100 
1218 1 18.599700 2.088640 4.224810 
1923 2 14.358600 11.164700 2.249180 
1471 2 16.228600 8.217730 10.711200 
1342 1 18.215500 9.369460 11.728800 
1908 2 22.371000 10.264600 3.029810 
278 1 20.780200 12.634700 0.336922 
1992 2 17.409200 8.919520 8.434060 
515 2 22.163100 5.019610 8.926180 
554 1 25.814200 7.997110 6.754240 
737 1 16.396900 8.314230 10.833100 
1385 1 14.816900 2.862570 0.285194 
1828 2 18.293100 2.072000 4.908610 
1278 1 15.731800 3.088440 9.734180 
1734 1 18.075800 12.229300 8.188610 
965 1 19.860800 9.310210 7.618780 
992 2 16.847500 9.855740 13.141400 
566 1 13.376700 10.384400 10.446300 
113 1 22.499000 6.844710 9.924890 
1400 2 16.995300 4.642780 8.909580 
1670 1 22.347000 7.008830 3.385330 
173 1 20.994500 13.172500 5.027760 
1462 1 22.030700 10.005600 6.499280 
250 1 24.677500 7.273390 9.543460 
651 2 21.984300 12.704400 0.750856 
1703 2 20.719400 12.627200 8.486680 
1324 2 23.126700 0.456728 10.928100 
486 1 26.282000 8.777560 12.280200 
1592 2 13.796600 11.259000 10.246900 
528 2 25.380200 3.350680 3.418830 
1177 1 16.486100 7.695640 2.712850 
888 2 14.605700 8.117250 8.780000 
1352 2 15.947000 12.108000 6.514530 
1013 1 25.174200 9.413700 3.002650 
721 1 14.439900 7.798400 2.879360 
373 1 14.722700 13.239600 5.691330 
971 2 20.277100 10.709600 0.946470 
1459 2 19.623400 2.962530 3.841200 
1698 1 15.635100 11.428700 9.578000 
1673 1 20.831700 2.663070 11.185000 
401 1 15.282400 11.242700 7.149780 
1511 2 26.425700 13.418600 8.356000 
1958 1 21.998700 11.957800 1.736000 
1096 2 13.649400 12.588200 3.734990 
883 2 21.476400 12.394000 5.064090 
1110 1 22.343100 0.774904 10.194900 
1424 2 22.824100 1.264000 0.113609 
558 1 14.221100 0.815212 7.232130 
1473 1 26.125800 0.212165 7.222330 
968 2 20.640300 8.723300 0.137452 
1779 2 18.827600 5.884310 13.130100 
1597 1 16.344600 4.953710 0.645751 
479 2 14.714000 5.446710 13.045300 
1470 1 15.598300 4.578120 19.713000 
918 1 24.863500 0.098947 20.818300 
1891 2 20.490900 11.163600 24.804300 
1047 2 25.812200 7.017480 25.482800 
70 1 13.482700 5.051600 22.655600 
924 2 23.742100 11.274100 25.267700 
1961 1 22.972900 6.609080 17.622800 
1311 2 22.501300 11.958100 22.007600 
1376 2 23.205700 4.012480 14.473200 
1328 2 26.008000 6.834130 26.221500 
404 2 13.317400 3.780400 13.274000 
196 2 14.723600 3.848840 15.831400 
848 2 22.109400 12.829500 14.265100 
1514 1 23.172000 0.173732 13.632200 
162 1 16.739000 9.293830 18.007000 
1991 2 13.679200 2.336440 25.643100 
957 1 19.409500 4.914310 16.875100 
825 1 26.176600 0.129087 17.905000 
1630 1 14.898600 10.085800 23.084400 
205 1 21.749800 5.013600 14.434600 
884 2 20.684000 11.250500 20.431600 
20 2 13.845100 9.808960 24.717300 
1273 1 24.250600 9.055030 21.363700 
1762 1 22.109300 5.996500 25.417200 
1467 2 13.576900 3.131230 22.282500 
1015 2 16.445600 1.539230 22.427800 
1601 1 23.786000 0.539901 19.169800 
1269 1 24.869500 12.082800 22.039900 
51 2 15.409700 9.483490 22.725000 
458 1 19.814700 4.715120 14.920300 
345 1 17.078100 7.631730 24.081500 
1225 1 21.986800 6.321210 21.349400 
956 2 16.217100 9.746200 18.826000 
604 2 21.133900 7.400770 17.773400 
1373 1 15.494700 3.443560 16.185500 
1289 1 21.055600 7.470230 16.872000 
25 1 13.985200 8.394620 13.668000 
408 2 14.942000 13.136500 22.722600 
827 2 19.289100 3.975580 21.715600 
1974 1 19.717100 4.942670 20.047500 
914 1 22.437400 3.303200 16.722200 
706 1 21.789300 9.820170 24.453600 
247 2 21.778900 5.903470 21.930500 
1587 2 24.086400 3.872300 17.364800 
1094 1 17.789100 4.791990 17.558400 
1544 2 21.672300 5.325260 25.523900 
449 1 19.717100 2.879340 25.477500 
608 2 19.201300 2.182430 23.004900 
480 2 14.918800 12.382500 21.308900 
1051 2 24.558900 9.738510 23.754500 
466 1 21.874000 10.769100 22.674300 
1729 1 15.889200 9.428360 21.890800 
1660 2 25.502200 9.491240 16.077200 
1067 2 13.928000 13.019500 25.042400 
417 1 18.104400 13.086400 17.125300 
1881 1 19.300100 9.872920 17.447800 
1512 2 13.747000 8.500280 15.035000 
79 2 19.130600 11.152400 17.363300 
1542 1 22.021000 12.876300 14.201800 
617 1 24.955800 10.642400 26.094800 
1772 2 18.339700 9.778770 17.167200 
1499 2 24.667000 12.972400 23.991200 
838 1 16.101800 9.771880 13.572600 
291 2 25.327600 9.785060 16.513100 
1816 2 19.615300 4.633800 15.818700 
1885 1 25.038200 8.152210 15.341600 
1799 2 15.547500 12.331200 22.876500 
946 1 16.708300 7.088670 25.888200 
510 1 23.329800 12.157900 13.632300 
1085 1 17.612200 1.864240 17.148700 
1290 1 17.954100 4.341200 15.255900 
1298 1 25.905400 1.767950 16.425100 
1501 1 26.438800 4.118270 20.301200 
1229 1 20.027700 11.206400 16.968600 
879 2 21.419100 0.341242 19.363700 
1695 2 14.484300 6.326070 20.456500 
89 1 21.353200 4.793190 18.136800 
1142 1 20.703700 11.216900 24.590500 
431 2 23.505100 7.426900 17.247600 
987 2 18.648900 9.410580 14.531600 
1598 1 15.516300 12.938600 20.108400 
214 1 14.553500 0.505340 23.977900 
664 2 16.896100 3.367100 20.762900 
634 1 26.079100 0.440387 13.918800 
1082 1 19.880800 4.923030 24.220900 
1925 1 14.724500 2.263930 22.117400 
587 2 13.334900 7.630480 22.015800 
873 1 26.019200 6.071560 26.370200 
1666 1 15.096000 7.420610 17.752600 
1383 2 14.337900 2.569180 19.020600 
1466 1 21.225800 4.697260 22.940300 
1130 1 20.218500 9.172040 22.226800 
1990 1 25.427100 2.039480 23.157800 
1203 2 20.485400 8.883220 22.140200 
1368 2 19.479100 8.158440 26.278000 
1288 2 24.579800 2.922430 25.032800 
1020 2 15.160400 10.277000 14.278000 
142 1 13.412700 3.512190 25.405000 
1187 2 23.404400 12.303500 14.166600 
1243 2 18.961400 3.717840 24.768400 
102 1 17.768200 9.315390 16.002500 
1282 1 14.647000 8.283800 25.687800 
762 1 25.011500 12.627400 18.701400 
1825 1 17.811600 13.075300 26.599600 
501 1 17.099000 13.188400 13.571800 
1434 1 23.062100 12.094700 23.652700 
1320 2 21.983600 5.982210 21.230400 
103 2 19.791900 0.884203 19.212500 
932 2 15.138400 5.232160 17.879200 
815 2 20.033400 11.030800 17.626300 
1014 1 16.641800 4.296720 25.014500 
1413 1 14.194000 12.968100 23.813600 
984 2 17.224100 7.101350 24.205600 
1378 1 21.188700 5.736090 26.337400 
1044 2 23.325500 11.283400 19.353500 
1116 2 20.312400 4.584440 19.176200 
1722 1 13.804400 12.231400 18.064000 
177 1 21.251200 5.437880 19.171000 
391 2 17.158900 9.227090 14.893800 
1737 1 18.637400 3.672610 20.397900 
1261 1 21.329300 10.413700 16.855900 
191 2 20.486600 -0.007763 25.822000 
1529 1 13.746000 12.720400 25.083600 
948 2 22.621000 8.078720 14.705100 
960 2 16.252800 4.251640 25.307300 
1410 1 26.400500 12.358200 21.181500 
1390 1 19.444700 10.811500 20.338500 
644 2 14.024800 0.461939 23.255700 
915 2 18.406200 6.091450 20.521200 
606 1 24.094800 8.538920 23.404900 
1815 2 18.928600 1.563920 14.342700 
1392 2 13.613600 3.935790 25.368800 
1106 1 20.919700 0.699986 17.022400 
1707 2 21.385300 5.231150 18.471500 
1403 2 13.893600 0.035525 14.891800 
30 1 25.407100 6.463440 21.399800 
1836 2 24.052100 0.706911 19.310600 
686 1 22.121400 1.144400 21.205600 
694 1 23.045500 5.582220 20.949400 
679 2 22.774000 7.505850 13.992100 
1672 2 17.137900 10.542400 25.059800 
593 1 19.010100 4.675040 21.876800 
1699 2 20.621100 4.597730 14.733000 
570 1 15.141400 2.792080 18.951100 
1213 1 17.015200 5.809280 23.107100 
229 1 23.238800 10.211900 13.262100 
1654 1 20.867500 7.304470 23.382600 
1782 1 14.785500 13.129400 16.400000 
973 1 22.220000 8.125960 14.867100 
713 1 22.496000 1.012950 16.127000 
463 2 24.569700 8.618410 19.495000 
1360 2 22.167200 12.292500 23.713700 
1095 2 17.005200 6.071790 26.107800 
355 2 22.240600 1.307230 23.830500 
1460 2 16.265900 0.162756 24.492700 
775 2 25.128800 3.415250 19.865900 
237 1 19.349100 1.713070 18.250400 
146 1 18.055700 11.013100 13.542900 
1429 1 19.069400 0.464644 24.733500 
352 2 21.108800 11.076200 16.580300 
1267 2 25.290500 4.464660 23.587100 
12 2 14.808400 0.429550 20.151200 
1210 1 24.548300 3.782020 15.656900 
697 1 24.943200 2.698160 25.473300 
864 2 25.593600 11.956300 22.393900 
920 2 26.286600 5.195490 24.317600 
911 2 18.532800 3.627050 16.575900 
1362 1 24.680900 3.544410 19.029300 
1966 1 15.258900 0.862167 19.475700 
934 1 15.037400 3.764110 14.079100 
464 2 21.310000 8.774730 23.027000 
612 2 24.458200 3.670010 15.119600 
994 1 20.217700 8.904250 26.518800 
1956 2 25.343500 9.161050 21.065200 
443 2 16.875100 6.339410 18.495300 
676 2 23.425600 3.852460 20.793000 
1451 2 23.599100 3.415030 25.943000 
1066 1 16.492300 1.486930 21.179500 
29 1 14.121300 8.050500 22.747600 
109 1 25.390000 4.648770 23.529200 
856 2 14.800100 3.913060 17.974000 
1834 1 13.659100 7.681240 15.593600 
1439 2 26.389800 11.323000 21.412700 
1809 1 24.264900 6.594950 16.606100 
1140 2 19.669800 1.556480 18.153100 
1867 2 17.184100 3.740000 23.111900 
1058 1 17.044400 3.040150 23.328900 
1021 1 17.551100 6.221770 20.164700 
256 2 15.396900 0.641621 17.629100 
84 2 26.095800 4.550510 18.097400 
1950 1 14.030600 4.524990 18.127000 
138 1 15.701700 5.854950 16.979400 
1005 1 14.310300 7.319780 20.034200 
1226 1 14.595300 13.305800 22.240100 
1146 1 17.432500 6.691130 14.305700 
1083 2 13.477700 8.041920 14.436400 
314 1 26.491100 9.642810 20.648300 
1731 2 21.126700 5.588330 25.855300 
441 1 16.442900 10.504900 26.016100 
562 1 22.207900 1.512730 23.127100 
269 1 18.671500 7.205030 20.031200 
574 1 22.776500 10.381400 18.916900 
901 1 21.561300 11.943600 21.439500 
455 2 20.664800 9.938510 16.699300 
481 1 18.159400 12.233700 18.854300 
1995 2 17.360900 10.407900 20.058700 
1927 2 16.283500 3.731770 17.107600 
796 2 17.004000 3.952880 16.536500 
72 2 16.146400 6.395260 18.372000 
114 1 25.453400 10.027600 16.164300 
1879 2 24.608900 0.887611 21.718900 
845 1 16.666500 10.428200 19.853700 
1824 2 18.337400 12.191600 18.314100 
724 2 20.355400 4.813280 24.057600 
1657 1 16.974500 9.856560 23.414200 
860 2 25.666700 7.855930 22.845600 
1540 2 13.770200 12.545400 18.201100 
789 1 14.278100 11.520800 15.001600 
1284 2 25.041800 4.682210 20.185200 
483 2 18.315200 6.358880 19.774600 
1723 2 23.666700 5.635190 14.468200 
1250 1 20.005200 0.920971 19.777800 
560 2 18.770300 7.405980 19.658700 
436 2 22.423500 2.186210 16.432200 
1239 2 14.888500 3.280360 16.182800 
42 1 23.882300 3.695950 26.040300 
1675 2 17.373100 7.625210 24.170400 
152 2 16.855200 9.145350 23.075500 
1920 2 25.176700 5.748120 13.671400 
858 1 23.304100 11.784100 17.693800 
1787 2 26.074100 10.374100 26.218600 
93 1 26.233400 7.830530 25.831000 
902 1 14.492400 13.247300 13.936100 
628 2 14.684400 12.783900 15.620300 
1808 2 25.117900 0.147780 14.462500 
622 1 21.735400 0.103057 15.442200 
1180 2 24.020600 13.098500 17.761000 
614 1 18.018100 7.785070 26.366300 
1450 1 15.863700 1.566820 13.698700 
534 1 26.335000 4.614080 13.298000 
1678 1 23.284700 7.698350 26.495000 
1650 1 23.499500 6.647180 13.550100 
1277 1 20.695000 7.936350 13.424700 
1551 2 23.203600 0.879829 13.360100 
623 2 21.563400 23.272600 6.236210 
719 2 16.859600 20.592100 12.160500 
1669 1 18.145800 15.646600 4.243780 
1964 2 24.919900 26.151900 3.754330 
1381 1 22.293000 16.498800 10.260900 
350 1 15.573100 23.607100 9.703090 
208 2 15.936200 21.382800 8.320310 
1805 1 24.332700 23.958000 1.628530 
1366 1 25.960400 15.126900 10.884700 
492 2 21.167600 22.896100 2.660800 
1871 2 14.824200 19.911100 6.110970 
1701 1 25.005300 15.159500 5.342130 
682 1 13.363200 25.826000 11.819100 
1605 1 25.406100 17.175900 4.798250 
538 1 19.903000 21.362200 1.436390 
1060 2 20.301700 22.737000 0.688667 
1325 1 17.506700 21.240400 4.564270 
411 2 20.694300 17.391700 12.310200 
658 1 25.566800 21.786300 4.238310 
1613 1 21.762300 17.871500 2.854770 
746 1 24.956200 13.409900 6.732510 
1933 1 23.672200 24.746100 8.142350 
1547 2 22.619700 17.703200 1.768870 
1583 2 24.606200 21.017800 1.698620 
1543 2 20.963400 25.123000 4.631210 
1858 1 18.964900 25.928100 6.228650 
749 1 22.606100 23.827600 10.542800 
720 2 16.895800 15.261800 1.519330 
1893 1 19.067900 23.751200 11.637400 
1866 1 19.394300 16.664800 7.823540 
1537 1 15.612400 14.379900 10.628800 
1589 1 14.326000 21.971000 12.022200 
1973 1 13.229600 15.905600 10.999200 
1 1 26.346600 26.314800 0.707403 
754 1 24.682900 13.663600 2.044640 
1069 1 20.775200 16.867500 2.142940 
1810 1 23.237300 21.571400 2.451570 
1215 2 13.347200 25.476600 6.012720 
1048 2 23.414500 25.211400 7.574840 
212 2 21.939500 26.170800 1.341680 
127 2 25.596700 15.178700 5.511360 
499 2 20.701400 16.632000 1.950750 
1027 2 14.969000 14.992900 4.110430 
1739 2 19.427400 24.566300 12.271900 
1361 1 18.024100 14.855200 9.728420 
8 2 18.134600 14.409000 10.125500 
37 1 18.185400 21.586000 8.153700 
849 1 26.193300 18.454300 8.045630 
524 2 21.243300 21.506700 4.804520 
1417 1 24.448300 13.562000 11.634100 
452 2 13.262000 26.001400 6.086940 
1552 2 26.011000 25.689700 0.434335 
831 2 24.067300 24.148000 1.362830 
1982 1 21.503400 20.001700 2.557770 
156 2 19.415400 24.134300 6.407240 
1024 2 21.801900 20.104300 1.938860 
1504 2 22.888400 23.414600 10.229100 
1365 1 13.833700 19.709800 0.041565 
995 2 17.618900 23.474800 6.063430 
222 1 23.517300 23.004100 2.433960 
521 1 15.723500 18.529400 4.717340 
748 2 23.630500 17.983200 1.784850 
671 2 22.689100 21.834300 2.095150 
700 2 15.471800 15.400800 13.194000 
601 1 16.768500 16.850700 2.447250 
978 1 13.554200 25.768100 6.370610 
537 1 13.850500 14.844800 0.291903 
797 1 23.250200 15.212200 10.653200 
217 1 17.247000 22.788100 5.442260 
116 2 13.332500 25.699100 12.421300 
1848 2 19.557900 15.824400 6.824680 
546 1 19.533100 19.123200 6.565510 
494 1 14.418700 24.096200 3.018370 
1892 2 18.368900 24.492000 13.162800 
157 1 13.885300 25.195600 0.805136 
508 2 21.488500 15.583700 11.955700 
771 2 24.843500 20.439200 12.633200 
941 1 14.118000 16.286200 2.119410 
183 2 18.660100 22.351500 2.444490 
539 2 25.029200 24.112800 9.308240 
1313 1 21.922700 21.577200 1.905850 
1503 2 16.240300 15.334000 1.170640 
1174 1 16.307900 22.000800 7.613770 
1349 1 22.394800 21.568500 8.312280 
1270 1 25.732600 18.908400 2.223760 
966 1 20.567900 22.014600 5.332470 
1968 2 23.787700 19.807000 10.934100 
187 2 24.319400 15.509500 2.202810 
1523 2 18.407800 23.923700 3.296200 
1802 1 23.990300 23.726500 4.192380 
1820 2 26.090900 15.886600 5.390950 
1577 1 14.431100 25.923200 9.898260 
818 1 18.588500 13.205600 5.059790 
1030 1 18.087000 23.145900 2.474190 
1627 2 21.380200 21.106900 3.188240 
586 1 14.202000 15.153700 8.291630 
741 1 17.910900 26.562900 1.352850 
1826 1 23.625300 15.224300 1.021450 
765 1 25.642300 16.505500 9.528560 
1147 2 17.900300 25.512700 7.843670 
1346 1 15.311900 13.776200 4.201230 
1656 2 25.395100 18.490800 13.108100 
375 2 24.051200 21.634200 8.490120 
1222 1 15.678000 16.518000 10.211100 
821 1 22.031700 22.577700 5.465030 
58 1 20.543300 17.020700 13.277300 
1405 1 19.732400 17.064900 12.018300 
429 1 19.196800 22.858700 9.417840 
1768 2 16.766100 20.765600 2.460600 
1743 2 19.322800 22.737900 8.920580 
912 2 19.950800 16.743700 0.342319 
648 2 20.805400 13.566800 5.601390 
908 2 15.719200 16.311400 10.092700 
235 2 14.941800 24.268600 8.438470 
201 1 16.970300 19.827100 2.332780 
1571 2 14.788400 23.497500 3.851400 
1752 2 19.319000 26.124300 2.908900 
1388 2 17.339900 18.611700 0.513634 
327 2 18.268600 26.110900 12.771700 
744 2 17.068500 22.632400 6.009650 
660 2 17.434200 22.780700 4.365080 
322 1 16.437100 26.296300 3.654110 
1600 2 19.871800 25.410300 10.913700 
659 2 15.154900 16.552300 10.140600 
1568 2 14.777500 23.766100 4.369600 
661 1 14.587700 15.721700 13.100500 
456 2 26.545400 15.261300 10.608100 
1477 1 18.754200 25.946400 12.193100 
581 1 15.983500 14.966300 0.786726 
1121 1 19.035400 19.627700 8.426320 
517 1 19.638200 15.543300 7.166860 
649 1 15.083300 22.246200 3.647640 
490 1 21.617800 25.792700 12.781700 
611 2 13.749300 16.269300 2.833870 
234 1 14.646300 24.665300 4.782040 
92 2 24.888200 18.626800 4.030800 
834 1 23.946300 21.508700 12.682400 
1435 2 23.980200 23.780200 4.531330 
780 2 23.160500 14.585400 2.903570 
457 1 18.886500 18.453300 10.142900 
91 2 21.742700 13.792900 11.595400 
582 1 16.007100 21.859500 12.800200 
1969 1 20.679800 22.753400 7.508500 
799 2 19.106500 19.261400 9.140570 
1545 1 25.439800 22.478200 6.945920 
804 2 15.920900 18.085800 12.097900 
1068 2 18.641900 19.036200 7.968070 
179 2 14.080500 23.111300 11.802800 
346 1 16.866700 19.137900 0.154654 
1661 1 17.698600 23.749000 10.986000 
1170 1 14.854600 23.557800 8.193580 
1653 1 22.048100 14.328800 11.955700 
203 2 25.936000 22.409600 12.884100 
886 1 22.816200 18.825900 7.789890 
643 2 16.903900 19.157800 0.767770 
1340 2 19.893100 22.344600 10.524500 
180 2 23.437600 24.821400 4.978060 
1246 1 19.497600 17.346900 3.571000 
147 2 20.950800 24.501200 0.794824 
55 2 17.167700 21.865200 6.468610 
1242 1 16.505000 23.622700 0.018218 
1522 1 22.522300 17.430900 0.685601 
277 1 26.294400 16.481500 3.149760 
1245 1 23.671800 19.235500 10.235300 
1063 2 22.842900 15.894900 10.246200 
1830 1 13.983800 19.081200 4.456310 
714 1 20.409000 15.806000 9.633540 
513 1 16.672800 18.814000 9.825940 
1363 2 18.417500 18.990400 6.163810 
434 1 19.988100 25.567300 9.938340 
1237 1 22.446100 19.162700 13.198400 
689 1 25.348000 18.060100 7.133610 
286 1 26.458700 22.360800 12.793500 
830 1 18.234800 23.987600 5.394750 
1265 1 15.985700 13.716900 7.356920 
1062 1 22.577800 14.236900 7.331890 
1612 2 18.865000 20.085500 10.267600 
335 2 22.921200 20.150800 5.983510 
666 1 21.135200 18.075000 4.067080 
1930 1 24.164900 19.827800 12.058800 
1833 1 13.434200 20.534200 8.499040 
1415 2 23.049500 18.658400 9.845250 
17 1 15.621600 20.450800 8.807790 
979 2 14.218300 15.897100 5.182470 
159 2 15.721900 13.748600 10.771300 
1227 2 19.983700 16.340900 8.925670 
24 2 20.389500 17.830800 3.141900 
218 1 20.744200 26.060700 3.277930 
1033 1 22.264600 16.252200 6.383440 
1291 2 23.166200 25.347500 3.956550 
917 1 21.037600 25.138300 4.968190 
1868 2 24.790600 21.503200 7.988960 
1619 2 26.224800 19.207500 2.299060 
384 2 25.295800 22.215400 1.976340 
145 1 17.957100 14.898100 6.602790 
106 1 25.046600 24.617400 4.984600 
930 1 23.609000 23.416100 5.946500 
585 1 21.237500 19.570800 10.911600 
1932 2 14.760100 13.239000 6.968800 
1073 1 17.522100 14.945100 2.256440 
1953 1 26.404300 17.962000 12.278300 
709 1 20.510400 24.390400 1.561790 
1530 1 24.488700 23.829300 9.268830 
687 2 26.264200 15.072700 11.972400 
1374 1 16.745500 21.419500 11.515700 
124 2 25.975400 17.971900 7.867320 
757 1 23.174600 18.953400 6.287010 
926 1 14.370900 26.163200 12.928900 
647 2 25.034500 17.313900 7.185990 
816 2 21.856500 18.684500 6.754690 
1228 2 23.404200 15.769600 7.847240 
132 2 15.593100 23.123500 10.195500 
170 1 24.918100 21.770000 7.965660 
1333 1 20.792600 22.062000 3.334230 
1732 2 24.760400 22.608700 4.527500 
1105 1 21.001700 17.774800 8.972450 
991 2 15.895200 21.050600 10.567400 
1839 2 14.613100 16.182000 12.267900 
1319 2 18.963200 16.771400 4.390280 
1989 1 14.422300 16.005700 5.619880 
280 2 14.021500 25.582400 7.401740 
691 2 21.602700 15.986100 6.368270 
925 1 23.348300 25.274900 4.338980 
271 2 15.287900 23.940700 8.876790 
1689 1 20.120800 21.969500 11.837900 
48 2 17.090000 19.439500 11.226800 
1359 2 17.591600 14.962900 3.757280 
736 2 19.546400 16.996400 12.475700 
1111 2 25.318400 23.946300 6.518190 
473 1 17.836900 18.168100 12.137600 
1776 2 22.848200 20.616900 7.250640 
1640 2 18.405700 25.933900 8.702070 
1436 2 25.488500 15.116900 0.262737 
909 1 19.786300 14.671400 0.292612 
1137 1 24.881300 25.756200 2.705170 
674 1 26.647100 23.313100 5.850280 
961 1 16.208200 24.852100 7.387140 
1276 2 18.752500 16.572400 3.937770 
433 1 25.242800 20.931000 1.995750 
657 1 16.963400 15.335000 12.954800 
467 2 21.976500 24.991700 10.724300 
556 2 14.852500 19.551900 4.819240 
90 1 23.556200 15.458500 3.024260 
761 1 18.626200 24.945600 8.611990 
264 2 21.527400 17.378700 9.187620 
1918 1 17.884900 18.241800 0.471249 
289 1 23.054800 26.164600 2.331440 
1075 2 15.667900 13.555900 7.250220 
942 1 25.418200 22.398100 1.578880 
1103 2 24.968600 22.365900 2.122820 
1952 2 25.733600 13.734100 5.417150 
844 2 15.973700 14.701500 1.039620 
624 2 26.249600 24.750100 9.477400 
988 2 16.349400 25.307300 10.408900 
1959 2 15.932300 25.089300 1.215700 
1642 1 23.181400 20.718700 0.068812 
1168 2 14.132200 23.405600 1.585230 
1845 1 13.854800 23.509700 1.024450 
1035 2 20.825500 22.441500 11.253900 
1726 1 15.214700 17.080000 11.770900 
77 1 23.483800 26.460700 0.505680 
245 1 14.694700 19.640100 13.016700 
1531 2 19.601200 18.942300 13.193200 
1690 1 18.882200 24.735800 21.205100 
1639 2 16.165400 20.165200 16.921000 
1822 1 13.567700 26.585100 14.692800 
1006 1 15.194300 20.633900 24.049600 
1453 1 24.222700 23.474300 20.742100 
316 2 17.514700 23.525000 17.766200 
323 2 23.423200 21.032300 21.633300 
1634 1 18.453500 19.802900 23.193200 
1171 2 18.907500 15.463400 25.325700 
1890 1 17.426400 23.019300 13.757500 
435 2 25.688600 17.057900 22.410100 
1431 2 16.537700 24.610500 14.210800 
297 1 25.879300 25.524700 24.516500 
750 1 23.314100 21.533400 18.501400 
654 1 17.200900 22.774000 17.266500 
1189 1 25.057000 21.801100 25.099800 
1050 1 25.709000 16.830400 22.807700 
1299 2 19.578600 19.455300 23.680300 
1981 1 18.151800 15.089700 23.995500 
140 2 17.600100 22.898400 20.286100 
1947 2 18.008200 20.215900 21.836300 
210 1 25.801700 21.189500 16.199300 
1071 2 13.501900 24.266000 24.932900 
1934 1 16.512900 26.115700 23.311700 
415 2 23.784400 24.572600 22.029900 
1357 1 17.735400 25.896100 17.398400 
59 2 22.784500 14.139800 23.906200 
450 1 16.071200 25.520600 16.988600 
1705 1 22.361400 20.085100 23.050200 
1963 2 18.180300 13.222400 15.564900 
1331 2 14.533000 25.732400 20.407100 
567 2 15.492700 21.932400 17.193600 
1156 2 23.015600 19.016100 25.624400 
161 1 16.328300 19.824900 19.324000 
1432 2 24.059100 18.946200 18.924800 
870 1 26.358400 16.264100 14.642000 
1184 2 18.102600 24.487400 17.324700 
484 2 15.377200 17.266200 25.150700 
1735 2 25.447400 17.898800 17.044000 
641 1 14.088600 23.648100 24.173200 
1418 1 24.247200 24.173500 17.368800 
565 1 14.123900 16.066200 25.365400 
638 1 22.443800 15.503300 20.211600 
1132 2 26.163400 23.106600 23.024500 
125 1 25.947300 19.147700 17.870300 
361 1 16.686000 22.821800 22.465500 
227 2 18.680200 23.572700 25.216600 
1119 2 23.261200 15.510800 15.719500 
1706 1 26.521000 16.281800 25.171300 
232 2 18.367200 15.027200 24.567200 
646 1 26.350900 23.158500 15.882000 
890 1 19.085300 14.030400 15.158800 
1464 2 25.316700 24.954300 23.667000 
840 2 17.402500 16.531700 19.170900 
1304 2 24.764200 21.911200 25.066000 
1341 1 22.563800 18.964800 25.359600 
315 2 22.685800 16.724800 20.796100 
1025 1 24.115300 19.990000 19.126300 
712 2 20.937300 14.935400 23.337300 
38 1 21.048900 15.373600 23.579800 
1007 2 13.885400 15.081800 26.025400 
1486 1 20.028500 17.337800 26.039800 
512 2 24.531400 19.360500 20.791800 
732 2 18.554200 14.022100 15.104800 
1564 2 15.345900 20.130200 22.352700 
1566 1 21.018400 20.399900 23.709900 
1224 2 21.692000 24.043200 23.563900 
629 1 21.564500 20.953800 14.866200 
1559 2 16.863300 17.564300 24.008500 
21 1 24.921100 16.229500 21.613100 
410 1 23.761900 21.955700 22.153600 
1948 2 26.509000 15.986200 20.568200 
1854 1 14.230900 25.022900 17.498800 
822 1 25.955900 15.376800 14.456100 
167 2 24.254100 18.139500 14.883400 
1175 2 26.260900 21.983300 19.785200 
168 2 26.128100 16.036900 14.593600 
1455 2 25.794900 16.884600 25.431500 
739 2 25.413700 17.330200 20.744400 
10 1 19.289800 19.931100 14.572500 
672 2 20.947100 23.136000 20.488700 
1578 1 25.674000 24.672400 22.120700 
1520 2 22.660900 19.055500 16.064600 
1427 2 14.622200 24.661300 17.325900 
1997 1 16.465400 20.471600 16.840200 
1919 2 15.665200 22.121500 20.777200 
49 1 14.435400 21.040700 16.943600 
945 1 19.279700 22.697400 24.787900 
777 1 17.028500 17.633500 24.218800 
964 2 21.858700 17.231000 20.810400 
199 2 18.888400 25.396000 21.498100 
533 1 17.072900 20.158600 21.755000 
1494 1 15.246700 14.885900 16.701600 
1517 1 20.114100 15.189600 20.618800 
1704 2 21.991300 21.048000 25.395600 
594 1 15.633800 22.683100 20.773100 
225 1 14.211100 24.036300 19.719500 
377 1 13.344000 15.264100 16.508500 
1437 1 19.987600 16.833700 18.022800 
1136 2 14.521600 19.927000 13.604600 
496 2 23.843700 17.257400 22.493200 
1720 2 16.099700 20.130200 15.773400 
527 2 23.952400 14.199900 16.174400 
552 2 17.233100 22.344000 24.807700 
174 1 17.965400 23.877200 16.816000 
564 2 25.497200 23.460700 15.443400 
1411 2 17.435800 23.390000 16.973400 
165 1 13.663900 18.281800 21.417300 
616 2 17.859700 20.189400 19.343900 
381 1 16.202100 15.891200 19.758700 
885 1 18.878900 19.089200 21.673300 
507 2 24.284200 20.048900 18.736400 
22 1 22.725800 25.935500 17.459000 
1280 2 25.598100 21.804300 19.460900 
866 1 25.816500 14.435400 16.507200 
362 1 22.001400 21.137900 25.749600 
1775 2 17.749900 15.355400 13.870400 
1562 1 24.217300 13.688800 17.334300 
190 1 13.393500 17.622500 19.517800 
468 2 19.570600 19.830700 23.702100 
285 1 21.225900 22.710000 20.433600 
1098 1 18.459700 15.571400 14.602900 
26 1 20.442700 23.792800 18.115100 
7 2 18.876300 19.152500 14.358900 
1777 1 16.700000 23.865500 17.975400 
514 1 22.888300 15.703000 16.885400 
1721 1 18.047500 17.522400 18.575300 
1318 1 24.473800 22.885500 23.674700 
1164 2 24.603600 23.488600 21.309400 
1271 2 21.220800 21.016600 13.704900 
974 1 16.556600 14.105200 19.101800 
249 1 18.471800 14.002000 20.871900 
1905 1 23.370700 19.036900 16.674900 
1509 1 14.647200 19.154800 25.017500 
1884 2 16.475700 23.987200 21.800400 
1681 1 14.823100 18.912600 26.050500 
14 1 19.194800 13.625800 22.471300 
553 1 23.194400 14.117500 24.458200 
253 1 20.550600 14.780000 17.423300 
364 2 22.196600 24.906000 13.161600 
774 1 21.758900 18.059000 24.646800 
393 1 14.623400 17.906000 18.108300 
1855 2 18.378600 13.828600 21.591800 
916 2 22.065900 15.804100 17.080900 
526 1 22.354200 13.383800 20.141800 
540 2 20.223400 20.899300 19.281200 
735 2 20.020800 14.775100 21.674600 
756 2 21.039200 26.569600 16.311200 
1490 1 17.374100 19.611700 14.723500 
640 2 19.222800 17.519300 18.413500 
406 1 24.469800 18.173200 19.646100 
96 2 22.323000 17.150100 24.192600 
813 1 22.525500 16.977900 22.878200 
336 2 13.733800 20.040300 19.768600 
495 2 26.603400 20.081800 14.738300 
228 2 16.293700 17.406200 16.416400 
1850 1 17.672100 25.717600 20.306300 
298 1 21.862200 23.074500 13.711300 
1710 1 17.149200 16.369800 21.960500 
1454 1 25.809900 18.268400 16.075700 
354 1 21.136700 24.414100 22.849300 
172 2 19.427000 13.777300 21.116800 
1622 1 15.459400 22.468400 16.185800 
983 2 20.041100 16.572700 16.843500 
175 2 26.395500 15.577600 14.517900 
371 2 15.306700 13.489400 13.995200 
967 2 15.907900 19.173500 14.896500 
224 2 19.567900 25.778100 25.813200 
1873 1 25.416800 25.028000 26.270200 
376 2 13.434200 22.429600 19.659700 
1849 1 22.145700 26.371800 24.587600 
1806 1 14.091300 21.140100 19.462700 
1539 2 17.075500 26.487200 18.099300 
1193 1 23.929600 15.224800 18.389800 
1332 2 14.992000 18.756800 26.123200 
390 1 16.621000 17.466900 16.357300 
571 2 22.286800 19.149900 25.015600 
144 2 16.844900 16.802300 22.124100 
1580 2 13.904300 24.592500 17.246100 
1936 2 22.388300 25.177100 18.658700 
1888 2 17.134900 25.401100 14.096200 
770 1 26.435900 23.440000 23.735400 
1635 2 21.184900 21.580900 26.260100 
1780 2 20.581100 21.305200 14.121300 
1223 2 26.005000 18.948600 26.109200 
107 2 22.312900 26.352800 15.525100 
460 2 24.479300 14.996800 16.147200 
1985 1 24.957400 17.139700 25.563300 
1767 2 22.354000 14.263100 18.616600 
669 1 25.304900 22.794200 19.277000 
131 2 18.932500 21.572800 20.779700 
913 1 20.991900 20.580200 13.340300 
1231 2 23.385100 13.638500 19.214000 
398 1 18.264200 16.118400 24.817300 
1886 1 21.571700 13.570200 15.690500 
1840 2 19.493900 16.058300 15.050600 
1914 1 22.427600 15.091900 14.778000 
595 2 24.854300 22.916900 24.307500 
420 2 22.736700 23.449100 16.305900 
1979 2 13.786700 15.584200 15.887900 
1055 2 20.575800 22.978400 23.645800 
233 1 18.269200 22.868000 21.403900 
444 2 17.683500 23.067200 24.506400 
1658 1 18.806000 16.085300 15.554600 
447 2 20.971700 17.430200 25.664900 
1337 1 22.679400 18.244600 20.826600 
128 2 14.044700 21.362000 24.049300 
1009 1 25.989000 22.969800 17.010500 
1345 1 15.502200 17.138100 22.281800 
57 1 19.171600 19.032000 19.610900 
1207 2 14.044800 13.564500 16.701800 
329 1 26.475200 22.236900 19.428100 
1863 2 16.196800 14.356600 19.684800 
975 2 15.797300 18.328600 19.986900 
1940 2 13.350500 16.089900 15.518300 
294 1 20.788100 22.727000 24.292100 
1565 1 18.780400 21.731600 18.081200 
1643 2 16.835200 17.635600 23.157500 
665 1 19.698200 25.385000 25.647900 
1354 1 18.586800 26.114500 14.093500 
1553 1 14.969000 16.860200 25.391700 
1781 1 19.530300 21.068600 21.474800 
403 2 22.236800 22.156400 17.499100 
1604 2 19.712400 18.710300 15.487200 
279 2 14.398900 19.496500 24.794500 
1037 1 25.107500 18.777600 21.864000 
1857 1 19.541200 18.886200 15.291300 
380 2 17.181600 21.514600 14.646700 
385 1 22.375300 16.825000 20.282800 
1056 2 22.264000 15.789700 19.827900 
1700 2 22.244900 20.194000 22.878700 
923 2 16.764300 15.690800 22.051000 
1942 1 24.217700 17.492800 15.177500 
865 1 25.160600 18.440000 25.757800 
360 2 21.951900 13.335500 14.455400 
295 2 14.261300 16.277000 25.624500 
1904 2 20.001500 26.387700 21.878200 
1309 1 14.395000 26.459100 15.793800 
1931 2 25.178200 22.192800 17.168000 
711 2 13.477200 19.359800 19.693100 
766 1 13.333000 13.769200 22.032400 
1637 1 13.413700 26.465800 26.271800 
693 1 13.899500 15.765300 14.819500 
1347 2 13.495600 18.403900 22.306100 
1628 2 16.868000 13.455500 18.345500 
1507 2 25.434100 26.422500 17.144900 
819 2 13.550300 21.208200 26.278000 
800 2 21.993800 19.947900 13.276000 
1134 1 23.649200 24.639900 13.365900 
1954 1 20.187500 25.542800 26.557200 
