id type x y z 
793 1 8.444170 4.932730 4.354790 
452 2 8.015040 3.593940 6.625540 
543 2 10.812300 12.129800 13.161400 
1661 1 12.579500 3.865140 10.786600 
1421 1 10.147700 12.509700 9.180510 
1644 2 7.800310 3.922080 9.641870 
990 1 4.274700 2.789350 11.808700 
1540 2 12.779600 10.398700 12.812900 
1254 1 2.977150 9.567920 3.601890 
1259 2 3.946400 11.009200 11.251000 
1557 1 1.943790 9.881890 11.039700 
503 2 6.736300 1.883740 8.567040 
1758 1 4.403100 10.314200 8.924080 
1242 1 9.881430 1.061110 1.973370 
621 1 6.296110 8.515860 7.072470 
747 2 2.455040 4.266040 2.348280 
704 2 3.477910 7.588250 9.049770 
399 2 2.769790 2.101270 5.054420 
1529 1 6.498420 11.254600 0.362553 
653 1 9.971980 4.320150 10.388800 
1057 1 6.069230 2.339460 11.759100 
1027 2 9.114180 13.230300 8.868220 
382 1 0.526750 6.003940 1.118590 
1945 1 11.376100 9.853880 11.047100 
812 2 11.812500 10.185600 6.054580 
1812 2 9.623350 1.089060 8.934020 
1000 2 -0.059680 2.740240 0.811929 
1921 1 12.022400 8.328700 4.865830 
1652 2 3.678110 3.433770 9.380350 
445 1 1.816170 6.171300 11.790000 
631 2 13.155400 1.371740 12.489600 
56 2 10.749500 7.137830 0.692474 
1558 1 9.484190 11.762200 11.494700 
1924 2 7.355060 11.029900 3.619230 
1251 2 5.052860 12.495500 1.652530 
1158 1 0.390761 3.517680 6.561660 
568 2 0.889019 9.223730 7.898490 
1943 2 7.545630 5.129430 7.911270 
157 1 12.401100 1.601320 2.051430 
1197 1 3.703370 1.385410 3.686120 
563 2 8.167810 6.687730 1.070720 
1795 2 10.832500 11.535300 5.357220 
493 1 5.344100 12.245100 1.637030 
995 2 12.846300 2.296330 5.039020 
910 1 3.819050 8.085320 6.221030 
175 2 1.595910 11.676400 12.187900 
895 2 4.350350 3.166950 0.290907 
351 2 2.856370 1.402830 2.265980 
1946 1 8.427390 9.226330 7.824090 
1191 2 3.487880 6.036870 7.839950 
1205 1 5.097460 6.675490 11.522900 
238 1 11.240700 6.469400 9.168600 
104 2 12.011100 1.745070 4.852060 
1241 1 12.373600 5.666730 1.965710 
281 1 7.715550 1.997300 0.691412 
1435 2 4.651080 2.212690 7.852060 
1983 2 10.189100 0.280208 4.668470 
407 2 7.066660 5.448400 10.038000 
713 1 3.321310 7.593540 9.341570 
1570 1 4.237900 4.415230 9.687720 
409 1 10.241500 0.821074 8.552000 
740 2 3.160480 13.267800 7.585060 
541 1 3.292070 11.918900 5.863440 
230 1 3.905510 0.207061 12.647500 
715 2 11.487900 1.964500 6.700010 
1149 1 8.300660 9.313060 4.891600 
683 2 13.170200 5.320070 3.444200 
268 2 9.218840 8.183830 10.578400 
1596 2 0.578100 6.877090 3.209030 
675 2 0.214553 3.148620 0.134136 
1372 2 10.335300 11.729900 1.558700 
500 2 3.408440 6.052950 12.146300 
935 2 4.724180 -0.014474 10.160700 
368 2 6.272230 6.904980 11.464200 
87 2 7.935860 13.145700 8.903950 
889 1 4.102430 13.094400 8.731320 
1438 1 7.143920 5.371140 10.502900 
1257 1 7.356450 2.928830 7.267180 
358 1 5.267670 7.830740 13.096500 
954 1 9.655440 0.171482 4.563350 
1198 1 9.407240 12.605200 3.597190 
1230 1 10.035200 3.519690 11.992400 
44 2 5.454190 10.941200 13.146700 
448 2 1.372680 10.370700 9.844430 
520 2 13.248700 4.917950 2.605310 
577 1 7.006490 10.936500 6.326920 
421 1 5.346760 9.847120 3.109690 
1760 2 3.922050 8.426000 1.122290 
1081 1 12.293900 9.520620 2.175460 
1353 1 7.314780 6.828680 11.693900 
1915 2 9.784610 5.642960 5.927190 
1324 2 0.499250 1.059460 5.233880 
737 1 10.869300 11.395300 5.339410 
1084 2 10.953100 0.977743 2.647620 
1423 2 6.696280 7.583870 5.073310 
1167 2 9.603290 10.508700 1.011640 
1162 1 2.732280 5.133860 7.256530 
166 1 13.205000 12.036900 5.846400 
823 2 7.805280 12.228700 5.809690 
1671 2 6.262740 1.769820 3.527090 
1911 2 7.252370 2.745390 12.391300 
1837 1 7.742710 6.541520 1.525680 
876 2 5.736520 13.109500 11.736300 
1889 1 6.486860 6.800410 9.420960 
1629 1 4.069100 2.714150 7.330110 
892 2 11.347400 7.361900 4.448020 
1173 1 0.578540 2.927790 8.728180 
23 2 12.209400 9.445340 10.813000 
1686 1 1.572270 10.015100 8.716340 
522 1 12.056300 3.234070 4.628180 
1045 1 9.828040 4.840460 3.687040 
1048 2 1.015910 3.586050 9.019620 
1745 1 1.443060 3.676850 13.156400 
1296 2 4.695930 2.033730 6.778860 
98 1 12.324100 3.005900 6.702140 
348 2 6.747760 12.443400 0.989314 
1618 1 1.644050 9.866700 12.817800 
374 1 9.593230 11.358900 1.000950 
976 2 12.475500 12.969400 7.863180 
558 1 6.808770 5.119090 7.686380 
743 2 2.117150 9.856900 8.241510 
1984 2 9.705510 8.045460 7.372380 
1755 2 5.441260 10.445800 3.714250 
303 2 12.776400 3.646910 10.975400 
1170 1 8.678650 3.661390 6.407160 
86 1 8.132110 8.210240 10.301400 
304 2 4.244480 4.649110 5.816250 
1062 1 0.952067 8.650340 7.436330 
266 1 3.494800 2.154650 9.157100 
1958 1 3.609940 5.800070 4.774980 
589 1 3.312660 0.732764 0.369247 
846 1 9.020100 7.470750 2.802220 
951 2 7.474870 10.288700 10.249100 
986 1 3.820310 7.397840 2.191380 
1957 1 11.465000 5.585420 6.306680 
1555 2 8.055370 9.202650 4.883190 
1112 2 4.927750 2.642770 11.945900 
1568 2 11.808500 3.053330 5.079950 
305 1 4.384850 10.810000 12.022000 
1400 2 8.004740 9.102660 8.210340 
1993 1 8.027690 3.249490 12.790900 
1422 1 3.689270 1.170720 5.939100 
854 1 3.007470 5.429230 12.093200 
579 2 10.099600 3.542540 11.472300 
681 1 7.417070 7.518790 5.669090 
1315 2 2.014610 10.241400 3.600970 
324 2 12.408000 10.196400 1.884300 
525 1 6.938690 1.852020 2.342970 
946 1 12.292900 7.040060 0.741100 
1497 1 10.676200 3.245980 7.755340 
877 1 1.492540 12.884800 5.857680 
1878 1 13.432200 10.159200 11.994800 
1348 2 9.626700 4.587960 12.435800 
389 1 6.796680 9.710810 3.458750 
1029 1 7.312570 8.055780 1.035140 
518 1 2.280570 1.428150 2.516760 
1847 2 1.473790 7.316310 0.572310 
1856 2 6.516230 8.191450 8.910950 
708 2 7.386060 7.531440 1.545840 
1408 2 10.743300 3.659690 7.513170 
811 2 3.374360 0.098873 12.305300 
888 2 9.861130 4.514880 10.077800 
440 2 6.873200 11.132500 10.513400 
636 2 3.015700 9.169200 4.181250 
1165 1 6.743570 9.875540 9.919600 
523 2 3.233810 4.574440 13.132600 
1334 1 5.231860 3.353510 4.670340 
265 1 10.961300 10.022200 1.066750 
423 2 2.591730 5.277910 6.817210 
1528 2 8.077290 12.414300 6.634440 
1873 1 2.211180 4.478560 1.223480 
231 2 5.866510 9.300090 7.295570 
154 1 10.534100 11.298400 7.937240 
1663 2 7.878460 8.907960 10.329600 
39 2 11.194300 0.976404 8.700880 
405 1 0.829578 7.373490 3.599420 
997 1 2.778500 12.288800 8.391750 
938 1 2.305780 13.332200 4.499430 
365 1 10.006200 7.832010 7.852740 
1145 1 12.363100 9.809220 6.252360 
1068 2 13.160500 3.296420 10.464100 
1131 2 11.103700 9.224930 6.601230 
1575 2 0.046282 12.249300 1.677250 
436 2 1.889540 8.503060 12.832200 
1071 2 12.408000 6.257320 1.902200 
1741 1 5.648680 3.732190 2.948000 
1506 1 11.223600 10.199500 2.817220 
63 2 0.643644 7.095460 3.369740 
1249 1 9.983340 5.076870 12.741800 
1554 1 9.889410 5.842150 5.866370 
151 2 0.911633 10.121800 8.639780 
1067 2 11.929800 8.776500 0.719014 
679 2 1.522980 4.050810 11.886800 
1702 1 2.643330 3.903730 5.255090 
776 2 0.412229 10.601900 3.931380 
943 2 9.987020 5.829370 13.039700 
913 1 5.138430 0.500161 8.076610 
1317 1 7.636480 4.598790 2.270970 
1916 2 9.275420 5.077340 3.726000 
46 1 3.571320 8.856650 1.163520 
130 1 5.382060 0.970576 1.332940 
359 2 0.281500 0.108165 5.861650 
1524 2 6.690990 4.322910 2.973480 
742 1 0.286383 2.223240 3.785040 
215 2 5.426090 9.348810 1.671120 
5 1 1.838350 12.748400 1.258100 
51 2 11.692700 9.225980 3.404450 
1586 1 7.066520 12.143400 9.300430 
1952 2 3.114730 12.352700 8.591060 
1674 1 1.734460 10.187700 3.209480 
1546 1 2.382410 3.435880 10.347400 
1061 1 11.137500 0.728372 5.852130 
1722 1 10.010200 5.751830 0.920283 
1980 2 10.305800 11.611900 8.514240 
1624 2 8.416820 1.435430 0.101999 
369 1 7.686420 9.746580 11.497900 
1011 2 1.280100 0.047227 10.008700 
135 2 3.250400 4.050210 10.181900 
325 1 8.258820 12.420700 6.306620 
1676 2 6.279690 7.249020 5.374980 
642 1 7.413870 3.909380 9.721000 
1154 1 13.287400 9.910550 0.910088 
163 2 4.008320 6.513040 12.504300 
427 2 9.656890 4.940220 3.519010 
226 1 12.945600 1.113830 6.423270 
1221 1 4.643720 2.317510 6.144950 
446 1 7.023570 1.103820 12.804500 
1215 2 6.658530 2.817710 4.235490 
1696 2 6.015780 9.995900 3.625870 
1300 2 11.915100 6.786290 9.021330 
66 1 2.286480 3.992750 3.419810 
402 1 12.338000 4.801890 3.819520 
898 1 6.190410 1.215310 9.220510 
1080 2 2.085380 12.826800 2.101500 
575 2 4.403700 7.762600 1.824100 
416 2 2.186410 3.966560 4.628830 
1864 2 1.629400 4.150010 1.472480 
1268 2 3.560760 0.425085 3.226770 
599 2 3.838990 12.723400 7.844240 
1469 1 5.951710 10.915500 12.401200 
554 1 0.623270 10.588700 5.085030 
1157 1 12.775100 1.971350 12.932800 
858 1 13.158200 13.148700 9.451490 
353 1 11.314700 0.465982 3.658420 
528 2 3.320260 0.127435 9.456560 
27 2 5.826160 0.283744 13.045700 
760 2 11.378500 3.761440 0.157752 
1172 2 3.048370 10.590500 0.266296 
1885 1 2.245060 12.142000 12.879900 
1323 2 8.030170 0.365662 0.140692 
1537 1 11.327300 9.701070 16.434800 
1488 2 10.358600 12.814400 24.923100 
1492 2 3.266770 0.768101 22.972900 
1115 2 11.117200 8.372030 23.880100 
1120 2 8.944660 7.359320 16.712200 
1284 2 4.066510 3.102830 19.726500 
1956 2 5.437250 2.465700 20.537400 
1761 1 11.273900 6.917260 16.230500 
1484 2 5.226320 11.728100 23.051100 
738 1 9.066430 13.219100 14.048900 
1594 1 4.960650 9.693680 26.542200 
259 2 8.852980 1.653270 23.480200 
772 2 0.928542 0.011933 15.882000 
1650 1 2.278730 6.118160 20.264100 
188 2 5.030250 12.847200 24.193900 
838 1 12.988900 5.696490 15.324500 
1773 1 10.983200 7.658570 24.044000 
356 2 11.465500 1.143290 15.746900 
1406 1 12.956900 7.225420 21.824200 
824 2 7.233500 1.969960 13.485200 
489 1 2.615530 7.162510 24.200000 
759 2 8.659650 12.296900 23.714300 
1817 1 8.289160 7.942060 22.060300 
936 2 7.901650 7.396710 16.182500 
981 1 1.902970 0.111492 25.401000 
929 1 9.278880 8.990860 17.902700 
1196 2 4.867440 10.611500 17.051200 
84 2 3.354040 0.505150 19.790500 
1521 1 6.953350 9.682100 19.816500 
1335 2 1.632290 9.220430 18.131300 
1660 2 0.662039 10.344500 14.162600 
1903 2 6.314620 10.360600 23.038900 
45 1 6.598300 12.688400 16.175200 
1519 2 3.086710 10.849800 16.082400 
718 1 9.972620 6.050910 19.281600 
506 1 2.477840 12.347100 23.359400 
934 1 10.893800 9.012030 13.739200 
1801 1 8.354110 6.033980 20.923800 
644 2 12.784200 0.580548 21.616700 
1031 2 9.013240 3.773370 20.821700 
475 2 11.759300 7.504630 19.525200 
1076 2 6.569710 7.543660 20.794900 
338 1 0.261199 9.339050 16.155400 
1574 1 0.603247 4.468280 21.581900 
695 2 12.231800 1.344520 19.399700 
1404 2 10.730300 9.567110 24.470000 
1898 1 9.795740 4.109520 25.444400 
76 2 10.102600 3.633290 15.511800 
1040 2 4.992650 3.671680 23.732000 
1690 1 9.637630 1.315440 23.405100 
1966 1 12.849700 2.500830 26.424600 
1023 2 1.958850 13.140600 16.754100 
1345 1 11.975200 0.708430 19.200200 
547 2 5.024660 9.291340 18.706800 
1697 1 4.146570 4.109080 21.967500 
1014 1 10.201700 8.595530 25.960300 
1125 1 8.025650 2.604550 14.804500 
1386 1 0.463724 9.032340 14.353800 
1385 1 6.008540 3.634070 25.612000 
168 2 4.530640 2.772990 15.653900 
462 1 7.126220 1.333930 19.435500 
1152 2 9.989790 8.740810 21.284400 
670 1 6.074790 10.894500 13.731800 
1526 1 7.378620 9.239340 16.195800 
707 2 10.999700 12.393800 21.985900 
1797 1 6.958100 11.655900 18.972400 
1853 1 12.179200 5.964060 13.696900 
987 2 12.887800 11.045400 15.637900 
1122 1 1.269860 3.178320 23.096600 
891 2 3.232090 0.820750 22.181000 
659 2 10.571100 2.361760 26.233200 
1713 1 5.278550 5.542510 19.895100 
1448 2 4.477190 10.619000 26.653500 
1028 2 6.484630 6.421790 19.627500 
1518 1 9.196210 4.039310 22.971700 
186 1 8.936440 1.240390 15.144100 
1951 2 8.447980 4.978910 18.840700 
1789 1 4.879720 13.252600 25.501300 
1443 2 3.898590 3.294540 16.619200 
1010 1 1.620770 11.819700 22.751600 
1819 2 7.851040 3.640080 25.930900 
1645 1 9.415060 11.940400 23.820900 
1850 1 12.633700 6.334860 17.905600 
1219 2 1.566010 8.534920 16.112500 
1397 1 8.310630 5.571700 15.623300 
471 2 4.321170 6.950030 21.456500 
842 1 9.186630 8.665790 14.821300 
1338 1 3.425360 9.716570 18.534700 
109 1 5.215930 4.085880 24.023900 
1410 1 0.809681 10.710400 21.114400 
927 2 12.381500 11.750200 24.316700 
544 2 10.092400 0.931147 23.922700 
1298 1 4.130320 4.960000 14.884500 
1343 2 10.043000 0.616059 15.101100 
635 2 6.907070 10.891600 19.611000 
1790 1 12.792700 2.126610 21.755000 
1861 1 0.337041 10.149400 18.493600 
1516 2 2.544070 11.858700 20.202400 
454 1 5.065860 12.865700 22.439200 
442 1 7.535530 7.568060 24.242500 
1456 2 7.365300 7.010440 16.307000 
1358 1 7.404960 2.991260 18.353900 
861 1 8.717630 11.601500 19.381300 
789 1 11.164100 12.692100 19.586700 
248 2 7.915340 10.156000 25.847000 
907 2 1.720520 3.165830 23.307800 
1811 2 0.908187 9.151760 23.778900 
1715 2 13.058000 7.430240 22.554700 
426 1 7.046520 6.252630 18.474100 
1052 2 10.730300 4.762670 19.674400 
1829 1 5.268900 8.569080 23.755700 
1788 2 6.042190 7.425040 14.731400 
1691 2 3.682580 0.849154 17.528300 
1808 2 0.871107 2.012910 13.549400 
29 1 12.889200 0.364893 22.841800 
1753 1 5.882190 12.353500 25.916000 
1590 1 3.786820 6.266130 13.878200 
763 2 12.295500 2.693360 16.532400 
1474 1 4.754050 8.209940 21.101200 
244 2 1.876530 7.366690 24.653100 
342 1 9.548140 1.492860 25.312900 
1784 2 8.761150 12.459700 14.024400 
94 1 8.806690 5.494410 21.873300 
1487 2 12.839000 5.136930 14.024300 
68 2 1.321950 12.791700 17.084900 
1290 1 9.340330 6.092210 13.808700 
137 1 4.369530 13.169400 13.446100 
11 2 9.292630 11.857800 20.019200 
115 2 4.300620 11.730000 21.092000 
252 2 6.421610 3.146760 25.736800 
871 2 0.265246 5.725170 23.260700 
956 2 10.312900 3.729230 22.863600 
60 2 3.920780 9.015990 21.984300 
950 1 11.993100 4.242550 21.562000 
1832 2 11.100900 10.952000 16.002100 
1846 1 1.999870 8.513770 19.871300 
762 1 2.591290 10.908200 21.587500 
982 1 11.086000 3.893350 19.733600 
587 2 10.049800 9.727950 17.999700 
1016 2 11.384300 10.268500 18.499400 
1769 1 6.340250 6.730590 16.353200 
31 2 4.781630 10.530900 23.332100 
1207 2 13.237800 7.747800 15.291600 
443 2 10.860700 3.687960 22.667400 
1293 1 10.232700 10.645400 16.683500 
3 2 7.045260 8.723920 17.228800 
1407 2 8.573210 4.063360 16.357100 
1607 2 11.226700 7.884980 25.172800 
1281 1 5.875780 4.869500 22.261700 
692 2 0.617186 8.855860 18.398600 
463 2 1.067410 1.767750 18.622000 
745 1 9.467160 3.445830 16.340700 
1765 1 2.998480 11.246700 26.266800 
1925 1 12.832000 9.903000 19.308500 
48 2 11.912400 0.208811 24.906200 
678 1 3.748520 6.109800 17.408300 
270 1 11.067200 3.825360 14.937600 
122 1 11.261500 3.129740 25.723600 
1867 2 12.287300 3.205840 22.976600 
769 1 1.211350 7.214710 17.871200 
1148 2 8.335780 6.008800 24.790900 
1922 1 7.304250 2.977910 21.762200 
1058 1 11.802900 12.580500 20.577000 
576 2 1.605730 8.407260 15.886300 
477 1 11.985200 5.749770 23.090100 
853 1 6.396500 6.903720 20.109200 
1750 1 13.164500 11.376200 23.779300 
1416 2 11.889300 4.967120 14.834200 
875 2 0.481404 9.163810 19.850700 
1214 1 3.362980 0.954776 22.446400 
276 2 13.453900 7.627420 24.073700 
1525 1 11.862100 2.279910 17.203800 
1965 1 1.490100 6.233420 25.575500 
182 1 11.412000 9.836120 24.191100 
291 2 1.302000 12.879100 19.270300 
650 1 9.991500 13.214700 21.942800 
162 1 12.604200 9.790770 13.698200 
970 1 9.836250 11.331100 19.081500 
1824 2 6.402900 11.569900 18.976100 
1821 1 3.216290 6.714730 21.687700 
884 2 11.333600 11.986800 18.811800 
251 2 8.282960 6.125820 21.482200 
1736 2 11.176900 7.987320 14.390500 
1021 1 12.570100 8.130460 15.993500 
1510 1 2.138250 8.969900 23.468600 
1842 1 7.789720 6.868160 17.216800 
1912 2 8.652040 5.912650 21.597400 
851 2 7.178670 7.669570 24.063800 
1602 1 7.446110 1.271660 24.979800 
438 1 2.176330 11.974900 20.251500 
1999 2 12.402600 10.230600 19.001900 
1551 2 10.684000 10.881100 16.500200 
344 2 7.830990 0.256739 15.202700 
1394 1 1.351760 1.935090 14.089400 
915 2 5.708610 4.888330 20.191200 
1759 2 7.322900 2.211800 17.883500 
1638 1 7.947420 11.352000 22.699600 
69 1 11.615800 0.006672 17.236100 
391 2 12.307000 6.433320 18.450100 
1512 2 5.475840 8.477260 23.661800 
1003 2 5.601750 4.872710 22.334700 
1595 2 2.368520 6.436660 23.652300 
1064 2 9.091720 11.530800 18.977800 
1967 2 5.312650 5.875870 16.203700 
1944 2 7.546330 1.182570 25.107000 
371 2 9.987510 9.704020 13.999900 
1666 1 11.760000 11.107800 18.804600 
1704 2 2.447030 7.785910 21.209500 
781 1 5.904620 11.109800 20.259100 
1458 1 3.655960 3.266780 16.610300 
486 1 2.481760 8.739590 15.858700 
112 2 7.618340 0.704626 19.102200 
1454 1 4.675460 10.422500 17.464600 
302 1 11.531300 12.210000 22.805300 
1552 2 1.569920 0.584914 24.417200 
1248 2 6.754790 12.637000 15.725100 
30 1 2.622880 4.205160 26.690000 
1620 2 0.963463 4.497940 20.955200 
1990 1 2.271930 1.002380 20.241900 
1827 2 8.807840 6.146820 15.476700 
1430 1 7.425800 1.414310 16.956900 
1306 1 10.514700 8.984370 21.101700 
482 1 3.786750 1.042970 18.251700 
1356 2 2.959590 13.086100 16.900800 
1135 2 3.747600 6.233130 19.081000 
1863 2 11.715500 12.363500 19.699100 
1321 1 3.693890 13.110300 17.658600 
1900 2 3.654380 6.834930 14.345900 
1800 2 7.801650 3.011990 22.043500 
496 2 1.099330 10.080300 24.549500 
878 1 6.424470 0.986846 21.975700 
1134 1 1.390420 2.058970 17.374600 
1138 1 9.635060 12.910600 17.827600 
1265 1 4.877240 5.873640 25.311700 
893 1 2.557470 10.667500 16.074800 
153 1 5.793240 10.568400 22.916600 
1117 1 0.496189 11.075200 26.081900 
1163 2 6.040140 11.608000 13.291300 
105 1 3.676610 7.596520 26.226200 
1774 1 5.112340 3.113510 15.524800 
909 1 13.080400 10.008100 17.780700 
422 1 13.367700 1.270270 14.312400 
1646 1 7.681180 5.688430 22.573500 
47 2 6.997880 7.138870 13.397200 
1409 1 1.810540 10.610700 24.537600 
1155 2 5.162890 5.923380 25.281800 
1803 2 1.510940 12.012100 21.951500 
592 2 2.071280 11.839100 23.001800 
852 2 11.938500 12.173900 20.593800 
755 2 1.588610 12.863900 26.224600 
1527 2 1.311700 2.590310 13.503500 
1288 2 3.031570 5.657440 26.104100 
578 1 0.187501 13.014700 13.374600 
625 1 0.197867 14.888500 6.120230 
255 2 3.872130 25.191200 6.370460 
337 1 8.828040 22.249300 8.470000 
1609 1 5.325680 25.849800 9.971500 
1220 2 7.816520 24.578900 7.071130 
1606 1 3.200090 16.141500 4.274580 
1478 1 3.912460 15.328500 5.688450 
1168 2 13.169400 23.934300 2.182290 
1301 1 8.898670 20.446100 9.909920 
16 2 9.518190 26.295000 8.494520 
1684 2 5.405670 25.688400 1.857300 
339 2 7.351220 21.258700 10.505800 
1032 2 9.259060 15.052500 2.018070 
1291 2 12.677800 23.360100 6.676830 
1401 1 4.821470 16.129100 7.560570 
1344 2 3.081760 15.231700 10.665500 
782 1 7.029680 24.250300 8.646400 
1964 2 5.287720 24.366000 10.495700 
19 2 10.160400 18.004100 2.999810 
768 2 3.558750 16.985900 6.197520 
318 1 2.975280 18.739300 7.643210 
809 1 5.221840 22.560500 0.841506 
380 2 7.357820 26.111600 4.031430 
633 1 9.806890 14.324100 2.226380 
323 2 0.978165 25.416600 0.715373 
271 2 8.673070 21.669300 2.787640 
761 1 11.461200 24.871600 8.986570 
839 2 5.424590 21.612600 4.679580 
1802 1 0.862859 23.529800 5.124240 
1486 1 1.103120 20.228300 1.485830 
828 2 10.104100 16.172400 12.402700 
435 2 0.461304 15.595800 0.256371 
372 2 2.845180 25.619900 2.058360 
279 2 12.045400 19.626800 2.332400 
869 1 1.216460 25.116200 2.119860 
240 2 5.139510 13.609600 1.966820 
1860 2 2.583670 21.475800 5.941570 
1087 2 10.228800 15.749200 3.446430 
572 2 12.784500 25.763000 10.403900 
1941 1 6.076250 16.391400 5.299680 
596 2 8.596920 17.252200 8.138260 
341 1 6.360420 22.664800 12.416500 
1091 2 7.764510 25.650500 7.804320 
999 2 1.408630 23.493500 12.376600 
412 2 4.272170 18.534600 1.672930 
1786 1 12.978600 25.602400 3.257700 
1370 1 1.731820 26.406800 9.228150 
894 1 3.190270 22.708300 3.696010 
1244 2 11.331700 14.385000 4.243350 
988 2 9.681330 21.082500 7.071780 
674 1 10.196900 26.248500 10.095800 
1102 1 11.516900 18.593700 9.640700 
383 2 7.795390 25.272400 3.787410 
1500 2 1.207970 13.397100 11.224700 
733 1 6.280140 13.526900 12.136100 
92 2 6.758180 17.733300 3.090040 
690 1 9.597740 19.082100 10.281500 
1632 2 6.710020 19.565900 4.480810 
149 1 0.952510 15.562800 0.393843 
148 2 1.706910 24.374100 11.697000 
100 2 1.638020 21.775000 10.363300 
1420 2 0.777765 15.687500 9.401650 
784 2 2.600920 13.757600 4.565020 
1742 1 -0.118478 24.438900 0.377371 
192 2 6.737070 19.152100 10.813000 
126 1 7.974570 13.609400 0.831732 
301 1 6.898930 22.374000 10.911800 
479 2 11.155000 20.888200 10.805100 
1452 2 12.363000 16.694500 6.780320 
1235 2 1.738720 19.852900 1.149890 
1513 1 3.877680 16.487500 0.862084 
953 1 11.329300 17.729200 1.908320 
1563 2 -0.015082 16.517100 6.844970 
1024 2 1.187360 19.654900 1.993070 
1433 1 7.314870 15.327800 4.927560 
1585 1 1.925550 16.590100 10.073900 
1711 2 0.468613 13.955700 8.956430 
1316 2 7.090680 20.385100 10.309900 
1033 1 1.166750 18.931100 8.438760 
1391 2 5.841680 22.570700 0.829324 
1706 1 2.394020 22.965800 -0.144652 
1374 1 0.327420 18.060700 9.757070 
1336 2 4.288430 15.565000 1.099220 
832 2 0.619474 18.977300 4.980540 
1748 2 0.383458 25.097200 0.498071 
584 2 12.953300 20.936100 0.808047 
400 2 12.899900 26.301800 4.806280 
1511 2 3.699920 23.692800 9.313960 
1022 1 5.423660 20.354500 6.852060 
598 1 3.191290 23.700400 2.585000 
330 1 6.937430 25.112500 11.181600 
1498 1 12.584000 14.381300 1.626170 
213 1 2.113490 21.627000 8.782810 
83 2 6.088130 18.967600 3.519020 
548 2 11.182300 18.439400 9.703970 
1708 2 9.867490 14.844000 10.919500 
1550 1 8.315930 14.964700 10.626200 
1679 2 6.570680 16.384500 1.452860 
1239 2 8.047620 25.014700 11.915800 
1539 2 9.931450 23.912400 8.437300 
1079 2 4.251740 20.280400 7.631810 
627 2 1.509660 23.844000 3.404470 
1656 2 11.206400 23.182400 12.902000 
962 1 4.112130 18.611300 1.155230 
731 2 7.965140 17.515600 11.498700 
1151 2 11.605700 24.659300 12.759800 
1109 1 8.464070 13.874500 8.541530 
50 1 8.884420 19.798800 1.681690 
147 2 6.360200 24.764100 4.163400 
1902 1 13.069600 23.178900 5.251510 
74 1 2.074910 19.697300 10.531500 
585 1 1.477960 23.270100 12.203000 
439 2 9.530130 19.575800 9.276930 
1377 1 9.993870 21.238900 2.960550 
234 1 12.919000 19.201400 0.856350 
626 1 -0.016356 15.404100 10.766700 
1303 2 8.959450 23.949100 1.860120 
767 2 6.270110 16.570500 9.118860 
1141 1 5.650000 26.132800 2.541730 
1960 2 2.099780 22.298400 1.802380 
1831 2 0.841240 20.569700 8.444990 
1260 2 4.153910 20.462300 7.672210 
1968 2 2.254080 19.586100 11.445600 
609 1 2.726510 21.657700 6.939330 
615 2 2.512490 22.333500 6.424910 
37 1 11.193100 24.858400 5.266920 
1530 1 4.706210 19.549300 10.152100 
1548 2 1.221360 23.244600 3.843150 
34 1 10.717200 21.105500 7.469040 
296 2 6.527190 22.429400 12.156300 
817 1 9.310830 14.601700 5.666290 
1625 1 9.964940 16.732300 7.385440 
1955 2 11.378700 24.320900 4.120770 
1489 1 10.882400 18.923700 5.422640 
1787 2 3.497900 15.331000 5.329030 
806 1 0.064928 20.849100 8.192490 
1913 1 10.551400 17.154700 5.756470 
1461 1 4.432700 23.639000 7.934970 
484 2 11.627600 18.269400 1.382180 
1600 2 9.613520 25.768200 12.536500 
143 2 11.652700 16.632200 11.757600 
387 2 9.503770 14.342800 1.998630 
1465 1 2.844430 21.785200 2.214690 
99 2 6.374440 16.305100 5.605790 
1718 1 2.921400 14.511700 10.142600 
802 1 3.601860 22.898700 10.192900 
491 2 4.643920 14.953300 8.086250 
952 2 7.845990 26.662600 11.495300 
1319 2 2.648520 18.254200 8.667450 
1245 1 4.241580 15.406300 12.380900 
1018 1 9.130470 26.201600 12.568600 
144 2 12.806800 14.873600 1.679700 
9 1 8.422710 17.406400 7.324520 
1688 2 5.860800 16.233100 13.441700 
388 2 10.735900 20.130500 6.932970 
1341 1 0.940463 22.980700 3.195940 
921 1 8.502560 22.254300 2.416500 
1982 1 1.248740 14.544000 3.628410 
550 1 12.103200 18.736300 11.257900 
280 2 7.608320 26.192000 3.668400 
1833 1 11.971700 14.982100 3.422690 
993 1 11.009700 22.864400 6.701610 
350 1 7.200470 19.304700 3.574260 
343 2 2.187780 19.285600 3.082060 
1144 2 4.149370 19.170900 10.737200 
313 1 7.015700 20.713500 9.663810 
1490 1 11.954100 20.473000 5.627300 
134 1 5.246810 21.244100 5.152530 
1937 1 2.155160 14.208300 7.115580 
1046 1 12.745900 23.496400 12.686900 
883 2 1.756440 16.217100 10.048000 
293 1 9.448840 25.708600 3.085150 
1482 1 0.136419 19.206000 8.918820 
771 2 3.027820 19.831800 10.576300 
1074 1 11.007100 21.051100 10.947200 
286 1 7.024240 17.649500 8.698650 
453 1 7.443510 26.548300 7.519400 
1339 2 6.879430 24.834600 9.337740 
630 1 5.561480 22.646000 3.512820 
288 2 3.712010 23.057800 3.140860 
306 1 10.167400 16.295600 2.827230 
1662 1 10.422700 16.419300 12.602700 
702 1 2.674650 24.018600 12.000700 
561 1 3.452450 19.909000 11.714100 
1349 1 1.892000 19.483800 4.326430 
977 1 6.654480 22.633900 4.904080 
905 1 0.277347 19.015700 3.460930 
1361 1 13.062600 17.119300 5.907720 
1746 1 6.421510 14.706400 7.295620 
717 1 6.529850 20.586000 10.906100 
1096 2 9.550490 16.960800 6.797690 
716 2 2.211290 13.693500 5.678160 
1326 1 3.102240 14.029000 1.944130 
392 2 8.953180 22.624800 9.129940 
1926 1 0.893719 26.018100 0.813759 
611 2 11.435400 18.791400 5.720700 
662 1 8.656560 24.756100 4.978180 
685 1 0.935778 24.198600 7.098790 
1738 1 11.023800 15.588900 8.300070 
1483 2 6.608240 20.647900 9.721080 
472 2 7.553480 15.106700 4.717780 
1698 1 11.309600 15.148200 10.839400 
746 1 7.961830 16.864300 13.183600 
1828 2 8.060200 21.567000 2.782870 
1605 1 7.430290 19.332100 5.722260 
1880 2 8.341440 13.852200 6.296020 
1156 2 0.010183 15.849100 1.172480 
1201 1 5.476760 19.485400 3.654610 
1583 2 1.925750 18.484900 4.947490 
833 1 10.619600 18.606300 0.417350 
97 1 7.023370 25.977800 4.432690 
1733 1 1.246210 18.197300 1.190680 
1153 1 7.871220 23.863000 1.645040 
1030 1 9.560270 24.776300 0.837364 
933 1 3.292880 14.326100 11.252800 
991 2 9.993210 13.900100 9.437530 
127 2 4.166450 17.183500 2.040740 
1223 2 2.896710 22.621100 1.766170 
693 1 0.401599 24.391800 11.268500 
519 2 12.399500 15.791200 7.214750 
1949 1 6.098970 17.688400 3.016830 
1366 1 1.121110 14.883300 8.781380 
843 2 8.017480 19.757500 4.959250 
754 1 0.610955 17.876300 5.473770 
1275 2 7.913150 18.087600 7.753920 
1608 2 9.997830 18.611700 2.777360 
1133 1 8.583580 25.294200 7.528210 
1685 1 1.015390 14.458500 10.702200 
1034 1 8.113830 17.850700 11.481700 
573 1 8.337650 15.979300 1.373490 
1206 1 6.530630 18.080100 11.103600 
1771 2 10.064700 23.964800 0.405708 
1063 2 4.426080 20.103500 11.505000 
1381 1 3.365000 17.895200 8.997720 
505 1 10.273600 18.390000 3.113520 
1725 1 6.097850 15.823800 1.421150 
1813 1 9.589240 20.142100 6.572610 
922 1 10.447300 24.229300 12.790800 
1266 1 4.299920 25.816900 11.070100 
111 2 12.060000 20.419000 5.068260 
508 2 10.687300 23.912600 3.879470 
1844 2 0.730364 18.684500 8.782130 
705 1 2.857120 18.272800 2.748100 
204 2 10.954800 16.294800 10.968300 
1716 2 6.486780 20.077900 6.376840 
1351 2 3.275660 14.247700 11.132900 
792 2 5.929740 26.178800 7.905740 
1515 2 9.886760 26.290800 1.750910 
1419 2 4.466320 25.896000 10.752600 
534 1 2.221000 25.298500 12.900200 
1694 1 6.834450 25.972000 12.864100 
507 2 8.208100 15.741300 0.266327 
1599 2 3.604780 16.243700 13.073000 
1325 1 1.063170 20.502300 25.514200 
1835 2 12.478900 16.431500 26.265600 
222 1 0.408418 22.302600 26.225900 
1541 1 8.511390 24.791000 24.742800 
1403 2 7.287550 25.818400 19.624600 
1302 1 9.624960 16.059500 26.175600 
711 2 12.279100 18.485100 21.358500 
1553 1 6.300830 15.089000 24.425500 
637 1 10.341800 24.361600 21.339900 
1224 2 4.935310 24.631200 23.477600 
1874 1 12.202300 26.567800 25.154300 
1001 1 5.200910 21.782700 13.860900 
942 1 3.633470 21.955100 25.053200 
71 2 1.077420 16.410700 16.325200 
1476 2 13.228300 18.073800 25.486600 
312 2 10.775700 24.104700 17.530300 
863 2 1.665650 17.424100 19.193100 
1183 2 6.373380 20.104900 25.127600 
1392 2 6.908360 24.386800 25.528400 
96 2 3.976020 18.172600 18.951000 
1719 2 5.136230 23.522000 24.446900 
847 2 7.836520 20.813500 16.463200 
1998 1 3.503120 26.562800 24.229000 
21 1 2.260750 25.463800 22.709500 
1641 1 4.639010 21.467800 18.571300 
1234 1 4.203320 20.876000 23.506000 
498 1 5.271140 14.528400 17.326000 
120 2 8.368240 20.254900 18.968500 
1463 2 12.312200 16.383300 16.370100 
680 2 0.606786 18.868100 21.498200 
331 2 6.101720 17.213700 19.757200 
967 2 7.225580 25.249900 17.342400 
972 2 9.596690 25.277700 20.646100 
1680 2 6.412460 15.126700 21.547600 
1636 2 6.488390 18.015100 25.953200 
1258 1 2.300670 17.257300 16.847000 
1848 2 4.082040 18.028000 16.338700 
136 2 0.924006 16.560700 16.706500 
848 2 3.356330 17.486800 13.079800 
1329 1 11.130300 13.510900 13.375600 
1216 2 9.299190 15.067800 18.158700 
944 2 6.031530 15.919900 17.347900 
787 2 5.566080 22.074300 21.780600 
1468 2 6.217970 20.711800 24.001400 
1839 2 10.144600 14.713100 14.330200 
208 2 11.466700 18.584000 14.237100 
317 1 3.558020 25.339900 20.862300 
770 1 2.780530 19.728700 16.717500 
902 1 11.697300 21.260400 18.999700 
709 1 11.454100 24.714600 24.525600 
1006 1 9.091200 16.762700 23.849800 
671 2 10.491900 19.170700 25.185000 
495 2 7.373210 17.694300 17.397200 
393 1 12.267200 22.850500 17.595800 
1737 1 12.936500 22.601800 20.324300 
319 2 7.547460 13.314300 15.769300 
1039 2 3.400260 22.158200 14.976800 
566 1 7.741350 13.615500 14.104900 
1934 1 9.001040 22.091300 18.928300 
710 1 3.648750 25.845600 13.974100 
553 1 3.506540 14.957100 17.891400 
594 1 1.200000 23.976700 18.083600 
1164 2 5.627020 24.363000 15.813300 
729 1 3.074340 22.251100 14.083000 
206 1 11.233400 15.367900 15.165700 
1272 2 4.442250 20.957800 19.564800 
1959 2 8.357170 23.402000 22.367800 
1199 2 4.350840 14.718100 22.971700 
329 1 6.006540 24.896000 15.545900 
726 1 13.432900 14.392800 20.847000 
275 2 5.458440 13.400900 25.805800 
1766 1 12.566100 19.034900 14.718500 
117 1 8.493320 14.540400 22.683000 
1798 1 4.233270 23.064800 16.238100 
1953 1 1.672450 14.507900 16.141100 
1841 1 10.362600 16.874600 19.881100 
1053 1 8.589400 24.979400 17.968900 
1535 2 6.813690 17.304200 21.450000 
1981 1 5.736960 17.321500 24.779200 
164 2 1.475690 14.293700 24.179500 
287 2 2.469780 19.317500 20.660400 
1751 2 7.862880 22.506800 19.530200 
668 2 0.671597 14.337200 22.225500 
1025 1 6.207550 16.861400 16.941500 
1283 2 10.742900 20.500600 17.921200 
1273 1 1.300660 26.260200 22.514600 
28 2 11.630800 16.722100 19.671300 
959 2 1.111220 24.469700 18.158500 
857 1 12.382300 19.173200 22.374700 
1581 1 10.026800 16.991600 22.094700 
1655 2 1.897120 21.813500 18.764100 
1365 1 12.776200 16.633200 26.240500 
1948 2 2.497520 21.504300 15.012600 
788 2 4.477180 23.084400 14.002400 
996 2 12.004300 13.524800 22.246600 
1879 2 2.938000 18.104900 16.805200 
1043 2 10.341500 24.003800 15.644300 
377 1 9.788970 22.655600 15.689500 
1480 2 10.247600 23.777200 16.489700 
808 2 5.090670 17.391200 24.629800 
6 1 4.914010 15.677700 21.820800 
370 1 1.373500 19.074000 24.827100 
239 2 12.279800 16.486500 19.515900 
538 1 8.368980 21.543900 25.289600 
1579 2 7.952870 25.655400 13.941800 
1250 1 1.905160 19.578200 22.304400 
437 1 6.749900 20.512300 18.954900 
1780 2 0.249201 18.594300 18.007100 
1647 2 9.976130 14.035000 21.735500 
1132 2 3.396270 25.607200 17.794800 
497 1 10.198700 25.869200 13.636900 
1333 1 13.056000 22.760200 24.348800 
336 2 11.885700 18.165100 22.283900 
1479 2 6.562630 17.911300 24.638300 
417 1 12.401600 16.210800 19.692800 
535 2 0.927024 25.588200 14.706500 
1182 1 6.691070 17.873500 25.863800 
1857 1 12.221800 21.900700 21.749700 
1399 2 9.901780 15.461100 18.493900 
242 1 10.979400 26.598700 22.617800 
1202 1 2.621190 15.252400 21.615900 
41 1 3.954420 18.070200 23.249900 
502 1 3.702480 18.602100 13.376500 
1092 2 8.974920 16.408600 23.829100 
430 1 10.977300 18.951900 24.955500 
1307 2 7.123970 22.199500 13.370900 
1388 2 6.954580 22.887900 20.261500 
1393 1 3.117420 20.108800 19.951300 
202 1 5.747580 25.638900 19.740000 
1876 2 3.185060 21.933700 25.951300 
1633 1 9.867860 23.594500 23.280300 
1113 1 7.396960 22.895100 19.816900 
1667 2 3.744250 18.848700 14.044200 
866 1 1.282680 17.102300 21.592400 
1015 2 12.944900 26.293100 23.057600 
1041 1 5.974030 21.082300 23.414700 
1280 2 1.258110 19.993200 26.120000 
1728 2 3.256900 15.887900 18.604000 
1026 1 4.684910 22.759800 19.633100 
1692 2 10.923200 22.510400 23.686500 
1851 2 4.127500 19.430900 23.398300 
1180 2 3.634060 15.927100 20.912000 
1279 2 0.791728 21.291200 18.975400 
1364 2 9.034760 18.710700 21.455500 
1785 1 1.139160 18.789100 19.958600 
1894 1 0.533086 14.469400 21.261200 
1724 2 9.499880 18.281600 15.397500 
308 2 1.518990 25.151500 22.451200 
373 1 8.076390 14.442600 24.764300 
1019 2 1.209210 20.480300 25.270200 
896 2 7.946380 14.813900 24.339000 
897 1 8.854910 18.769200 15.112200 
1740 2 3.715780 22.299400 19.584400 
777 1 4.311280 15.144100 23.394700 
829 1 8.659040 23.965400 22.229300 
295 2 11.137800 22.655500 22.077300 
1887 2 0.643706 25.574300 22.537400 
285 1 12.001800 24.970400 20.951600 
1870 1 2.504560 16.212900 14.540700 
1090 1 7.665250 21.584100 15.062800 
616 2 9.645200 15.757900 14.654400 
158 1 12.135600 25.325600 14.578700 
1538 1 12.780100 15.949400 16.665900 
1896 2 3.446120 26.107200 13.403900 
850 1 1.433110 15.229700 19.290400 
1178 1 9.180240 19.221200 22.838300 
1009 1 0.788009 21.087200 15.577500 
43 2 10.580600 25.241400 22.967000 
171 2 13.056600 20.995000 15.155900 
841 1 10.482400 23.613400 15.796400 
1747 2 2.761780 14.434300 17.592200 
284 2 10.917200 20.016100 16.648700 
1237 1 8.643950 16.774800 19.279400 
1101 1 3.534690 18.876600 21.307200 
1126 1 9.261050 14.278500 20.851900 
378 1 6.577290 22.610100 21.220300 
67 2 10.130700 16.829300 22.177200 
185 1 2.349420 15.796700 25.367300 
118 1 5.903300 17.527900 19.424800 
432 2 9.212480 20.200700 22.116400 
529 1 0.843086 14.056600 23.274900 
567 2 8.206510 25.767700 19.518100 
1059 2 5.926700 13.774200 17.602600 
1186 1 2.413100 25.507600 18.476800 
837 1 9.748550 22.668900 17.423700 
1693 1 11.114800 14.459600 25.552100 
886 1 3.788030 19.500200 15.170400 
728 2 1.335440 17.340700 21.365200 
1089 1 4.351830 17.236100 19.191100 
1457 1 9.694700 15.198500 19.012800 
333 1 11.838200 17.034600 19.016700 
139 2 2.021730 23.256300 25.139400 
980 2 12.218300 24.585000 20.363700 
33 1 8.567450 17.530200 16.747700 
236 2 3.475460 18.796100 22.980900 
641 1 9.254250 19.405500 20.790700 
414 1 7.457480 24.869700 17.563400 
1872 2 9.231950 16.909800 19.510100 
78 1 6.321500 17.753600 22.798200 
80 2 7.828680 19.827100 25.948600 
1496 2 10.382300 21.996700 25.645000 
786 1 5.477510 19.031300 15.108800 
1614 1 2.804200 23.233200 25.096400 
1505 1 6.582780 15.078400 21.036300 
386 1 6.395420 20.712000 17.150000 
1793 1 10.880400 14.502000 16.946300 
677 1 2.356300 16.999500 18.742100 
320 2 10.027700 22.694700 21.411000 
803 2 2.433950 17.583900 24.549100 
1659 2 10.142100 14.224400 18.260300 
207 2 5.577230 15.602200 25.078600 
656 2 7.961670 20.867500 14.812500 
1806 1 12.389900 17.420800 20.853700 
262 1 8.935950 19.829500 17.770600 
801 1 4.447680 24.438700 16.314200 
1233 1 8.232570 14.289400 16.928500 
1843 2 5.889110 26.227300 26.209500 
624 2 1.358270 21.037600 24.362000 
1118 1 11.048200 21.966200 22.756200 
870 1 0.164188 17.772400 14.194300 
1668 2 8.697590 13.492800 21.724000 
1589 1 12.393700 21.951700 14.769400 
379 2 5.012810 21.310400 18.831800 
1295 2 5.119340 24.130100 17.575600 
632 2 11.542500 21.615900 18.680000 
790 1 0.162991 22.151300 19.116400 
613 1 3.508510 25.801400 17.837200 
1088 2 4.177410 13.563000 13.350200 
1362 1 5.791050 25.222600 25.070200 
1907 2 10.912800 14.156200 25.404500 
176 2 2.559890 26.107100 25.710300 
1253 1 10.937200 14.576600 22.782900 
727 2 7.000190 17.089800 14.223900 
1977 1 6.238610 24.295200 26.454700 
1582 1 6.220180 19.723400 24.746200 
542 1 3.774330 16.442000 13.350300 
1987 2 3.764860 21.868600 14.968900 
328 2 4.588960 26.201800 25.368500 
141 1 -0.095558 26.285400 15.058200 
209 1 1.354600 13.204900 18.280500 
106 1 5.064750 26.559200 26.178400 
618 1 8.452210 24.132300 13.301500 
1228 2 21.792800 10.060700 2.696520 
1227 2 17.397900 8.976800 2.961790 
1123 2 22.610400 9.755540 1.370570 
580 2 15.818900 1.443050 6.697970 
1731 2 18.827100 5.977040 8.731300 
1658 1 25.748700 12.204600 2.337060 
516 2 18.782500 8.317030 6.947580 
1360 2 19.677100 1.163310 3.949450 
40 2 25.552300 10.764200 5.253290 
1204 2 15.077000 11.896000 2.152570 
220 2 17.434500 4.176380 12.316800 
780 2 13.393300 13.240200 0.443145 
165 1 14.940000 0.456935 0.736677 
1375 2 23.926900 3.943230 11.552400 
634 1 25.252500 0.414195 9.130580 
1920 2 23.307600 8.553430 11.552700 
545 1 24.912700 5.100070 6.260180 
1836 2 26.328800 7.587290 12.642200 
1942 1 17.958300 10.315600 8.511800 
1770 1 18.962700 3.570130 1.282150 
1100 2 26.298600 5.226620 7.314500 
860 2 17.290800 2.808310 1.701080 
696 2 24.407700 6.180500 8.365270 
1181 1 16.514300 5.391030 4.952460 
459 2 17.299000 12.925700 5.744780 
1104 2 23.843200 10.830700 7.051090 
510 1 19.565800 10.741600 10.874900 
133 1 15.797300 5.034150 8.476080 
1714 1 14.394300 8.613750 7.931530 
779 2 25.878100 7.103120 11.744200 
1017 1 17.179800 7.310950 9.725240 
1502 1 24.860400 9.730170 8.380250 
73 1 18.319700 7.403610 7.392610 
1687 2 15.787800 2.602670 8.997450 
1895 2 26.669000 3.315610 8.691940 
455 2 16.655600 4.461340 13.124800 
124 2 25.477700 8.306060 12.193600 
289 1 25.017300 2.831900 6.293840 
55 2 17.628400 0.656878 0.672171 
1210 1 23.962800 9.957090 11.084300 
159 2 14.177900 0.832502 2.164770 
150 1 13.465100 7.005700 9.147730 
638 1 21.894300 10.158300 7.102490 
469 1 24.792900 7.488070 5.839600 
1744 2 20.493900 0.953650 8.398170 
661 1 16.743800 12.600500 5.034580 
1897 1 21.068400 10.087600 1.407200 
1143 2 24.757300 5.797620 6.117970 
101 1 21.987400 8.226010 9.765750 
1098 1 21.368200 8.364910 8.438290 
1231 2 19.755900 4.182810 11.348200 
815 2 22.001100 0.606432 7.725410 
1072 2 15.892700 6.012770 10.521500 
597 1 18.586000 6.376840 11.881800 
998 1 16.629100 11.307500 11.757400 
765 1 26.159000 12.336900 10.924900 
1882 1 20.697600 5.301170 7.483680 
1869 1 16.934900 3.106170 1.960540 
919 2 25.681100 0.745653 3.151750 
326 1 19.647000 0.186299 2.922720 
1619 2 22.109700 2.594270 3.613140 
424 2 17.622700 6.953590 4.300400 
1545 1 23.818100 1.512070 5.583720 
321 1 15.705500 11.952100 1.882110 
1610 1 20.962700 6.252750 10.036400 
1436 2 25.910800 2.513880 4.734680 
243 2 15.714000 5.851890 9.999960 
183 2 13.183300 6.517370 7.953590 
778 1 23.571900 8.144080 3.959540 
1352 2 14.498500 10.127300 6.365490 
1591 2 23.079300 4.797440 6.551230 
968 2 22.734900 0.633873 0.839168 
1350 1 18.494100 4.545950 3.127740 
58 1 14.969200 5.722470 9.833930 
1137 1 19.142100 4.734260 8.348310 
17 1 16.537000 4.780360 12.605800 
1308 2 23.724900 8.279920 3.185280 
456 2 26.009700 12.693300 13.106300 
734 1 17.284600 9.488890 3.660800 
1865 1 24.008800 5.441950 8.847540 
1533 1 14.011000 5.124370 2.145520 
1928 2 14.501700 10.010300 3.661090 
1754 1 23.503800 5.067610 0.463113 
1177 1 15.286200 11.383300 2.693700 
560 2 17.544600 8.428460 0.089543 
1460 2 14.401900 5.460610 6.308960 
1756 2 19.349000 12.749500 9.435010 
211 2 18.007100 7.172650 2.443840 
906 1 20.173400 6.579570 5.326280 
1648 2 23.125600 7.326180 5.238030 
515 2 26.472200 3.737640 5.706040 
797 1 25.987700 6.079140 8.113720 
1560 2 17.958100 10.018200 9.283200 
1757 1 18.948700 8.031700 2.139030 
1440 2 21.569900 4.922310 9.828380 
504 2 17.740300 11.778400 6.984820 
798 1 15.937700 4.997730 0.670486 
513 1 20.651000 12.858600 12.393400 
974 1 13.672400 6.050530 1.545990 
581 1 19.003800 9.504880 7.615700 
1442 1 20.549800 13.357000 8.804070 
428 2 20.149100 10.817000 10.968100 
1683 2 15.160400 4.974100 2.048240 
194 1 23.645000 2.991860 12.057500 
1327 2 13.667200 9.865040 7.611590 
1441 1 13.995700 5.822370 4.316930 
1543 2 15.772400 3.692280 5.735030 
1082 1 21.489100 7.403780 5.327300 
53 1 26.232100 4.123170 2.159910 
1449 1 20.904900 1.338810 5.700770 
197 1 14.967800 7.808530 12.823600 
900 2 16.193900 12.435000 11.687400 
511 2 22.056700 9.112230 10.146500 
1073 1 18.891700 11.205600 2.901500 
1450 1 23.075800 7.142130 6.963620 
110 1 25.933000 10.167300 3.967200 
724 2 19.174500 4.514410 6.994310 
1252 2 16.927200 0.269001 10.382100 
223 2 18.324200 8.002820 8.824450 
1297 1 14.464500 10.793900 6.068660 
645 1 20.667100 0.354205 9.049740 
1218 1 17.829000 1.270940 6.951190 
77 1 23.343400 4.342770 3.640580 
123 2 15.571100 11.512800 2.142050 
1225 1 26.724700 7.636230 0.349070 
667 2 25.763900 6.127750 10.537600 
1379 2 18.016600 2.339400 9.205770 
419 2 20.747700 7.066030 4.930980 
1411 2 20.677800 1.991780 9.959040 
984 2 15.146600 2.586210 2.294480 
666 1 25.164600 11.653500 5.493740 
404 2 14.126400 9.807300 9.596300 
300 2 25.394300 5.159800 3.810410 
487 2 24.291200 5.241740 8.453080 
102 1 17.780200 2.518420 9.851710 
862 1 17.159400 0.025297 0.547217 
1243 2 20.545400 1.168890 1.178000 
1310 1 25.439100 11.056600 -0.066097 
836 2 21.800900 8.949190 8.665460 
532 2 24.297600 11.676100 0.706994 
347 2 24.867000 8.611930 11.980900 
1852 2 24.891900 4.551540 12.398900 
1572 2 14.990100 7.142660 1.844780 
1050 1 20.158400 1.481130 1.086190 
1611 2 14.326700 6.780630 7.831280 
1909 1 15.171700 2.911970 2.250450 
1139 2 14.451900 1.645010 1.125500 
652 2 18.617200 2.167650 11.117400 
187 2 23.904700 9.344680 3.825760 
1417 1 18.922300 9.308160 9.067710 
1592 2 15.707200 10.887800 8.488560 
1669 1 16.994700 8.294680 1.590690 
531 2 16.018700 9.458190 10.275400 
873 1 23.692700 9.603850 4.096970 
966 1 24.697100 2.009580 1.502070 
1174 1 15.565000 1.390000 9.812110 
654 1 20.958800 10.541600 11.025400 
121 1 13.490300 1.340500 4.170000 
1427 2 19.549700 7.258350 12.078100 
1184 2 18.005400 7.577330 -0.246985 
1972 2 23.165700 2.994500 5.492400 
868 2 15.117700 4.048730 9.102580 
1264 2 20.749500 0.867330 12.770800 
1858 1 16.008900 0.654053 6.345330 
1665 1 15.593400 12.241500 10.265300 
501 1 15.981500 9.424880 10.455200 
229 1 21.397000 11.124500 5.654600 
655 2 24.899700 3.282560 1.718950 
517 1 19.431400 12.738100 8.272830 
478 1 14.602400 3.998680 6.290690 
1095 2 20.792200 12.256100 2.459050 
1114 1 13.559600 1.277620 11.688200 
1262 1 20.611500 2.684510 7.627260 
826 1 22.670000 0.884762 3.899290 
1703 2 15.069700 10.458200 12.428000 
425 1 22.095200 1.406370 1.466500 
1577 1 20.563200 4.499360 11.629500 
15 2 21.843600 12.839600 10.014800 
1036 2 18.298600 4.773090 3.445830 
233 1 18.890500 2.715030 11.401100 
18 1 17.089500 11.049700 7.717370 
1627 2 15.925300 0.070426 8.122260 
1615 2 13.408800 6.183860 0.795251 
1195 2 25.283100 0.532219 9.591800 
1923 2 13.865700 12.596000 6.986340 
730 1 22.041600 1.696500 8.483230 
1342 1 24.344500 3.948720 11.460000 
1908 2 25.795800 8.814700 1.294000 
1749 1 17.333900 7.266730 4.041270 
1992 2 18.894600 4.285020 8.231680 
917 1 20.555400 4.233620 3.399760 
1093 1 26.355100 9.299200 12.821900 
1597 1 17.839100 1.206080 0.373426 
1678 1 13.594300 10.293700 7.597260 
539 2 21.186500 1.395890 6.384200 
1677 1 25.282800 5.638220 4.114850 
1818 1 21.695600 12.047300 2.048740 
1954 1 18.971100 4.689840 10.943400 
992 2 19.458600 6.682690 12.515100 
1459 2 18.769400 1.250930 5.248570 
113 1 25.776300 6.546910 10.553800 
367 2 25.068400 6.009420 1.236640 
1670 1 21.987400 4.548540 9.897670 
381 1 15.067500 8.729200 1.655450 
335 2 19.630900 11.069700 11.265300 
1405 1 21.294000 13.152900 10.100000 
1640 2 21.658700 8.218160 6.407540 
1359 2 21.394800 10.687100 5.840940 
1402 1 25.512100 4.761310 12.006600 
744 2 20.131100 0.896038 7.464240 
1396 2 18.788100 11.557600 3.160370 
1919 2 15.582800 5.669270 0.777998 
90 1 21.859100 10.468600 3.569650 
1065 1 18.663800 11.035300 6.011520 
688 2 21.475300 10.704200 5.986840 
1013 1 25.785500 6.093510 2.111730 
785 1 25.995600 3.782480 9.751290 
1734 1 14.871800 13.307700 1.957590 
1809 1 22.074400 9.166750 12.260900 
1779 2 21.103900 5.407640 8.982360 
1146 1 24.404400 7.185250 11.876300 
1208 2 21.283400 5.847050 3.983440 
1805 1 24.489900 8.601330 1.980920 
1783 2 18.425300 10.293500 8.107670 
1274 1 26.236500 6.822310 12.397000 
583 2 18.768000 3.670180 1.286470 
146 1 17.007800 4.706630 9.577040 
216 2 24.558900 3.300080 11.212000 
648 2 18.935200 11.221200 3.814100 
961 1 17.828000 0.763825 8.686930 
458 1 18.982700 6.859380 13.109100 
1255 2 25.250200 7.291980 7.051620 
429 1 26.233400 0.791318 5.660330 
758 1 13.800400 12.038800 3.635280 
1286 1 21.876800 0.471132 12.313300 
1593 1 13.334100 10.890800 8.667130 
1571 2 13.502700 11.932900 4.100650 
723 2 13.968400 12.770500 10.790200 
955 2 26.370800 11.120500 5.423050 
1166 1 26.268500 10.624600 8.859050 
818 1 13.674900 12.957400 0.176605 
588 2 25.609500 13.087100 2.530680 
366 1 24.194500 0.286137 0.293021 
1654 1 17.886000 8.074790 0.640000 
920 2 24.802200 1.343660 0.182140 
1470 1 17.570200 8.520330 16.345500 
607 2 15.486200 3.101010 24.031500 
1278 1 14.663200 6.766340 14.424600 
1598 1 14.310000 9.488190 22.347900 
70 1 15.919900 11.015700 16.572400 
665 1 21.140500 1.676840 22.316100 
1961 1 22.177100 1.592660 20.630900 
1311 2 15.230500 5.748840 22.543500 
1376 2 17.691000 1.760020 20.197600 
1263 2 13.928900 3.111590 17.272600 
509 1 24.699100 8.439590 16.205900 
1424 2 25.987300 10.631700 21.456700 
1398 1 21.020500 5.268050 19.375800 
1514 1 20.955200 2.131630 16.832600 
64 2 13.347600 1.666280 13.571700 
1373 1 13.727700 0.800323 18.626800 
957 1 24.713900 9.656010 17.983700 
1331 2 19.477800 0.926362 14.434100 
1630 1 17.583600 10.929900 23.106900 
205 1 21.327500 11.826600 16.466900 
985 1 13.690000 11.668500 15.476500 
20 2 19.300800 4.821350 23.968000 
167 2 24.535300 1.872450 15.358900 
36 2 26.457300 4.139020 15.689300 
1467 2 20.314300 12.440600 20.909300 
1313 1 15.867900 6.974480 24.178100 
1445 1 23.703400 9.784660 13.274100 
1495 2 18.223000 1.141580 25.063100 
1778 1 17.808200 2.819740 15.429500 
1038 1 26.388200 7.716800 15.943900 
1825 1 21.758300 6.122790 25.256400 
42 1 18.467200 9.182620 24.937800 
72 2 14.344700 2.083330 23.811800 
604 2 25.720200 8.353280 15.960000 
687 2 21.042400 10.863800 14.140700 
25 1 16.818200 8.072660 19.673600 
376 2 13.521800 3.237880 19.494900 
658 1 26.384800 0.380423 23.862100 
827 2 17.684000 6.279630 14.797600 
1974 1 18.026000 9.964900 21.246900 
914 1 23.455800 2.974390 14.350300 
354 1 18.047400 0.846125 21.941000 
247 2 20.981500 3.175280 23.043100 
820 2 13.344700 9.414750 13.137000 
237 1 14.872800 5.632030 23.456400 
1849 1 19.009900 5.362870 18.896400 
345 1 14.017600 7.304010 25.106800 
608 2 23.726900 1.927280 16.086700 
1107 2 17.044900 7.451120 25.613300 
1051 2 18.080000 9.716230 16.653300 
699 2 24.962900 3.035330 13.879600 
1729 1 20.692700 11.711900 21.515600 
1346 1 16.739500 8.796430 24.169500 
1387 2 26.220500 6.067300 17.018000 
703 2 19.663300 9.571600 22.696000 
1159 2 25.200600 7.804300 24.523400 
735 2 20.912000 12.276100 26.059900 
79 2 25.668800 5.091090 19.479700 
614 1 24.675500 1.643860 21.511400 
617 1 24.634100 3.264510 21.151000 
488 2 14.642900 4.177970 26.149800 
61 1 24.537800 8.578670 24.433400 
1099 2 22.970700 1.238750 26.151900 
651 2 14.302200 11.397000 21.999400 
1816 2 14.177500 8.247560 16.637200 
619 2 25.985400 11.644500 18.267500 
476 2 24.276900 4.272060 24.791500 
1904 2 17.800500 2.449330 24.259600 
444 2 15.265700 5.236370 22.018200 
256 2 18.033700 0.893303 19.453500 
1236 2 14.294800 8.382280 19.625200 
700 2 19.566700 10.545800 20.319400 
796 2 20.067000 5.095690 14.241200 
1229 1 14.275700 12.943500 20.296600 
1971 2 19.389000 8.521220 26.313200 
1695 2 16.695100 8.174920 22.906500 
89 1 13.420800 4.287650 13.387700 
1142 1 24.201000 11.566900 22.876900 
431 2 23.127500 7.309780 19.643600 
813 1 22.508800 9.607600 18.732000 
85 1 19.195600 3.657210 25.537100 
214 1 21.007100 9.109110 22.876400 
559 2 24.049600 5.144590 25.333800 
1414 1 24.976100 5.984100 23.733100 
1493 1 23.881100 6.802880 16.950700 
983 2 21.409400 12.422300 16.450200 
1664 2 13.381500 6.135370 25.466700 
1508 2 24.890000 6.080870 17.384700 
989 1 19.765700 9.981490 18.509600 
225 1 13.983100 2.102340 23.673200 
1466 1 25.471900 9.959010 21.312200 
591 2 25.507900 10.197600 26.326200 
1875 2 16.182700 6.477370 24.793200 
1203 2 17.966100 12.088400 15.237700 
1978 1 26.209800 9.409170 23.462900 
1384 2 18.372700 0.835151 17.442600 
1020 2 17.760200 10.089700 22.569900 
142 1 17.234500 8.119420 22.719400 
1475 2 21.153800 6.570600 15.239400 
864 2 25.783700 8.139250 20.511600 
1322 1 15.907800 12.866600 14.423200 
628 2 14.703100 12.570100 14.687300 
1369 1 22.611000 10.570700 14.182800 
1637 1 25.045200 4.030300 23.842400 
1002 1 13.935800 12.341600 21.546000 
1588 2 16.747800 5.365060 18.551800 
1507 2 15.164700 1.130320 16.010900 
116 2 16.756500 4.216840 15.562300 
932 2 16.182100 7.855580 20.358600 
1083 2 16.508800 8.112070 13.303800 
1200 2 17.753600 11.734000 25.130500 
1277 1 22.336700 12.772600 14.005500 
473 1 19.606600 9.927680 14.622100 
460 2 24.226900 12.675100 15.557000 
1044 2 23.292800 10.107500 18.634300 
1116 2 23.989000 1.658880 22.086200 
88 2 20.348100 4.984470 20.047300 
177 1 19.169900 5.036330 24.045700 
564 2 19.806200 9.615790 14.495500 
1991 2 20.692700 6.480140 23.924500 
1261 1 24.615200 6.909570 19.038800 
1976 2 23.523400 6.863420 14.706700 
465 1 24.396500 8.584050 23.197900 
948 2 18.208100 7.696410 16.189200 
960 2 25.843200 4.226120 18.502400 
394 1 24.521600 12.698600 25.213400 
1390 1 16.695500 4.672340 17.457500 
1161 1 19.410300 6.841440 19.232800 
227 2 17.645000 3.997310 21.238200 
606 1 25.687500 12.149000 18.152500 
1815 2 17.108700 6.163620 19.406000 
59 2 20.141700 10.231300 17.509700 
1269 1 25.202300 7.107100 24.800800 
1707 2 22.664800 3.552840 20.063500 
332 2 23.222300 8.499780 24.826400 
349 1 26.451800 3.117330 24.791900 
835 2 22.604200 13.102000 18.303300 
1556 2 14.440900 11.612400 24.768300 
694 1 19.584400 0.652079 14.191000 
1008 2 24.521600 8.397120 23.424300 
1049 1 14.029300 7.115600 19.989400 
593 1 24.231800 6.856710 14.090400 
930 1 17.059400 6.044540 15.317200 
1499 2 24.808900 10.241500 21.911200 
1651 2 14.339000 0.578816 19.779300 
253 1 23.773700 2.609240 18.062800 
941 1 13.739600 13.240600 15.883300 
555 2 14.810000 1.283970 24.510300 
1160 2 18.675600 1.063790 18.313800 
890 1 20.077100 10.756100 13.753000 
1826 1 24.582700 13.143100 15.277200 
24 2 20.635600 11.527700 22.206800 
125 1 14.542400 0.008965 19.326300 
355 2 24.929600 1.138300 21.108000 
307 2 25.774700 0.796659 24.586000 
1282 1 13.152100 4.986260 25.929800 
1175 2 21.539600 3.203710 16.251900 
415 2 15.544400 1.234750 20.405700 
196 2 17.891800 11.692900 18.004100 
314 1 25.361900 4.370730 19.934900 
1267 2 24.215100 3.360400 18.210900 
12 2 13.344500 6.334230 17.297100 
673 1 19.309800 11.880500 19.048200 
697 1 22.752500 0.910779 26.294600 
1330 1 17.235800 6.460280 25.780000 
1723 2 17.593200 2.528250 14.685100 
1209 1 16.855600 5.402780 13.488900 
1462 1 21.517300 5.459600 22.096700 
698 1 22.138600 8.673790 22.223900 
963 2 25.603300 9.531200 16.560600 
464 2 20.798700 8.532900 17.574400 
612 2 19.746300 9.747490 25.748600 
885 1 19.600100 9.514530 22.222000 
844 2 22.943100 11.037900 13.738200 
879 2 23.357400 0.693658 18.440900 
867 2 24.724100 3.750180 23.757700 
551 2 13.750400 12.688100 26.323100 
1066 1 18.854200 0.497554 25.156100 
1838 1 22.809100 10.989200 23.746900 
610 1 26.400400 7.778100 21.062800 
249 1 18.064500 12.906200 15.930900 
1834 1 17.227800 4.338070 15.780900 
1439 2 21.735500 8.759360 21.864800 
712 2 22.009600 10.733400 24.020800 
1140 2 22.089300 1.452270 20.483000 
1927 2 16.879000 4.707610 18.942000 
1077 1 13.924700 12.919400 25.323100 
152 2 14.503200 12.779800 21.208400 
1382 1 20.360000 5.596240 14.694800 
82 1 21.249600 4.257880 23.166300 
1292 2 15.252900 0.730426 15.304100 
138 1 13.878600 3.977100 17.828000 
1005 1 16.556700 11.545100 19.078500 
219 2 21.793000 6.129340 25.637500 
224 2 21.164500 8.062460 22.288500 
22 1 16.446400 6.013420 19.281300 
1086 1 26.476100 2.284330 13.677400 
93 1 16.745500 3.232420 22.217200 
441 1 20.960400 7.067400 22.887900 
1523 2 18.389300 8.134760 19.907700 
269 1 20.956900 8.621610 18.030800 
574 1 23.258100 6.556040 19.979800 
901 1 16.099100 6.535260 21.502900 
1357 1 15.124200 1.852400 16.113100 
1855 2 23.340300 10.263800 13.704300 
1425 1 16.454600 3.599080 18.942600 
174 1 23.995100 1.836540 16.046000 
1471 2 15.388700 12.656700 18.999000 
1453 1 18.544200 0.413926 18.149400 
114 1 22.594700 3.606990 20.401900 
741 1 23.685700 3.364470 23.476300 
160 2 23.961600 3.647090 24.275700 
605 1 17.305600 2.335670 25.531200 
1124 2 19.670200 3.216070 26.269300 
562 1 23.057400 3.034070 25.155400 
669 1 23.316000 1.032230 21.456700 
602 1 17.010100 8.765710 13.428200 
13 1 16.099900 1.396790 14.703600 
1950 1 15.474200 4.643900 21.702700 
483 2 20.007400 4.999420 19.107500 
172 2 20.014100 4.576970 18.787700 
193 1 19.901100 11.303900 24.743300 
1501 1 26.362700 4.817790 16.866500 
1709 1 22.454600 6.873180 14.962200 
937 1 25.258400 2.022590 26.540400 
1886 1 18.380900 5.655150 21.575800 
385 1 22.882900 13.154500 18.008400 
1752 2 20.948500 1.731470 23.411800 
1355 2 19.029300 1.299800 19.460300 
1211 2 17.147100 11.579500 24.049000 
267 2 22.606200 10.779500 23.155700 
1562 1 21.461900 5.071670 16.606800 
856 2 14.798100 5.793150 14.082300 
450 1 15.420600 1.311420 24.066400 
1217 1 21.984700 10.714600 22.594900 
994 1 14.667800 5.312990 26.303700 
129 1 25.820900 3.250360 18.792300 
684 2 20.991700 7.246300 19.226200 
1185 1 19.649700 10.021300 26.449800 
32 2 19.468900 12.507800 15.229800 
322 1 20.525900 1.313850 25.404100 
316 2 22.565300 4.462930 22.697700 
1939 2 14.232700 13.111600 15.937700 
1190 1 18.842000 2.162100 19.458800 
928 2 17.537300 8.588420 24.037000 
254 1 25.117800 1.753910 15.477300 
908 2 16.821400 7.048590 14.320900 
822 1 19.116600 7.849400 16.784900 
1699 2 23.465400 6.974940 14.902200 
181 1 25.303400 10.399700 16.520500 
1721 1 16.965200 11.585900 25.095500 
904 2 25.952300 12.117400 21.641600 
1988 2 13.848500 5.690760 24.034300 
294 1 16.414500 1.079430 20.158900 
1917 1 13.208600 0.529855 21.404900 
1901 1 24.560800 12.898300 19.292400 
408 2 17.895700 9.848990 13.683000 
623 2 20.613500 18.784300 4.492800 
1287 2 13.249600 22.280000 12.499900 
277 1 26.046700 13.304300 8.041510 
327 2 18.389300 26.249400 9.915660 
874 1 21.291800 18.623600 7.865040 
131 2 21.988300 23.598000 10.142300 
1727 2 18.150700 17.838400 11.871300 
1305 1 14.759300 23.005500 11.432700 
418 1 17.401700 13.149700 3.331290 
1294 1 22.889000 24.086700 3.921620 
1256 2 25.991800 13.824900 8.737210 
221 1 13.614500 19.739500 8.267360 
1871 2 15.578500 16.750200 1.752450 
1830 1 15.352200 15.980000 0.699681 
882 1 13.718100 23.980800 2.265060 
1309 1 14.468900 20.030200 10.484600 
1187 2 24.976800 13.313600 9.508030 
411 2 15.466300 15.124600 1.026950 
212 2 18.060700 22.964400 2.673370 
1613 1 17.541400 20.400100 1.443930 
940 2 14.240400 20.884200 7.960710 
1673 1 18.367600 22.796000 11.189100 
1542 1 24.546300 14.571200 12.306200 
395 2 24.584100 22.729000 2.357080 
401 1 15.952400 21.576400 7.703560 
1899 2 26.041400 17.262600 11.597600 
749 1 25.083400 22.654000 12.808100 
720 2 19.395100 20.799600 12.809700 
1383 2 15.586600 20.194100 12.885900 
132 2 16.308200 19.387800 3.650970 
1378 1 17.494400 24.469400 7.152290 
571 2 20.460700 19.119500 1.983100 
1531 2 14.893600 19.858100 7.380870 
1368 2 16.864700 13.379200 4.193000 
1520 2 24.427200 20.032200 0.739797 
1069 1 21.216500 14.611300 0.420590 
1426 1 14.163600 15.597400 6.413090 
235 2 17.662600 25.705100 4.403060 
95 2 19.219600 20.280200 9.881300 
1119 2 18.884500 21.023300 5.719960 
1332 2 26.540600 16.086000 5.638240 
499 2 17.569500 13.444700 2.755360 
35 2 25.025100 21.525500 6.554000 
1042 1 23.807500 13.773500 2.581440 
297 1 25.586800 16.815300 6.723750 
8 2 19.226400 17.584600 1.012550 
1437 1 15.696400 20.918500 0.349263 
1318 1 20.022400 19.389400 1.599910 
524 2 19.716000 21.112400 7.062200 
1431 2 20.134800 24.131900 7.378640 
245 1 14.054500 21.582400 12.781800 
1567 2 14.970900 23.703000 9.604940 
831 2 14.302900 23.264000 3.956150 
1682 1 21.613900 26.576400 7.766410 
1587 2 21.200800 25.889800 13.340800 
1238 1 19.069700 26.322900 12.299800 
1910 1 23.096900 19.934700 12.163800 
474 1 14.510800 16.476000 2.205950 
1931 2 23.136900 23.145700 5.484720 
65 1 15.880800 15.028700 5.759350 
1938 1 19.519400 20.308300 4.809380 
748 2 19.991300 20.282000 1.273040 
1097 1 25.242400 23.063000 6.892330 
1473 1 20.671000 24.863800 6.518200 
601 1 15.079700 19.174200 4.578030 
1380 2 15.919900 16.256500 8.316160 
290 1 18.616500 14.732700 0.071469 
10 1 25.736700 17.722200 8.508580 
1444 2 13.709200 18.895800 4.032030 
1776 2 24.198300 26.041500 5.080290 
556 2 14.596400 15.044200 10.117300 
546 1 23.666700 19.575300 3.178930 
494 1 15.069900 23.955500 9.383140 
1672 2 19.303900 14.103200 7.031370 
1631 2 24.493200 13.645900 6.830820 
586 1 15.532100 20.316200 3.122090 
1796 2 16.740900 18.305400 9.511020 
872 2 23.692900 17.555800 2.946130 
62 1 14.624900 23.084600 7.596050 
360 2 19.629800 17.180400 8.793210 
1933 1 26.228400 21.514400 10.755400 
816 2 22.949100 22.485100 12.050000 
526 1 20.517500 16.852300 10.534800 
1503 2 22.230300 13.974000 4.196840 
1270 1 23.934500 20.254400 1.315560 
1103 2 24.960200 19.108200 0.192894 
272 2 23.595600 25.989300 10.589000 
1845 1 16.485000 23.777700 9.367130 
361 1 17.933600 20.966300 6.183870 
396 2 22.852400 18.895800 7.220900 
773 1 18.437800 14.927800 9.087500 
1285 1 13.673100 20.167700 1.117740 
899 2 15.912500 16.401200 5.644650 
1970 1 24.271600 22.225500 9.873450 
1639 2 20.735600 18.102000 10.902000 
1566 1 18.125000 17.208200 1.719190 
1906 1 21.652300 15.240100 4.130900 
1739 2 23.724600 20.192200 12.110800 
451 2 22.065400 25.796800 -0.040416 
1481 1 21.947800 24.499100 5.677100 
52 2 20.331400 14.185000 10.980800 
753 1 19.241000 16.997000 8.942040 
375 2 22.112100 25.232200 5.726540 
1222 1 19.773200 20.594900 6.616450 
821 1 22.609500 14.684800 5.589010 
352 2 20.066100 16.553400 10.899300 
264 2 22.783500 23.014500 4.784150 
1108 2 16.270300 14.268900 2.732430 
1768 2 14.627400 22.257800 4.456380 
1743 2 17.938700 21.753900 7.078650 
184 2 25.169200 17.973600 11.124800 
449 1 23.229500 13.553800 0.809408 
246 1 16.838000 26.597600 10.759700 
1616 2 20.626200 19.982800 3.861710 
201 1 19.774200 16.823900 3.510180 
490 1 17.733100 25.317500 11.202400 
1188 2 15.687400 19.461000 10.035400 
1240 2 22.885000 14.813300 7.987110 
537 1 16.038400 25.631400 3.707140 
1447 2 19.577100 21.782100 10.695700 
660 2 18.690300 23.898900 8.558230 
805 1 18.034600 26.187500 3.903540 
783 2 25.984300 24.847700 5.128560 
1932 2 15.896800 15.250600 6.105240 
664 2 16.248900 25.537500 11.762300 
1314 1 13.990500 15.626700 10.588600 
1037 1 24.630300 22.651100 1.407810 
849 1 23.227500 19.233000 6.258710 
1578 1 22.270600 25.381200 1.114840 
1121 1 16.599500 14.635600 2.640170 
725 1 23.686000 20.215900 9.269380 
649 1 22.635500 22.632900 6.766030 
466 1 19.338700 14.059100 5.537680 
1412 2 26.002300 23.865400 6.831770 
795 2 15.392500 15.924400 11.338900 
1271 2 26.160600 21.591900 10.896600 
1232 2 22.852600 22.489700 1.226210 
752 2 15.704900 20.568000 0.727053 
250 1 24.399900 13.626600 6.797860 
457 1 25.841800 25.017900 8.016240 
1962 1 16.073100 16.939000 8.753680 
582 1 20.772200 22.636800 7.179370 
945 1 16.923600 24.742300 1.325440 
799 2 24.224300 17.893400 5.058290 
278 1 26.001200 15.896500 1.175810 
804 2 14.462600 22.286000 11.835800 
155 2 25.872700 24.093700 7.474180 
859 2 15.512800 20.596700 4.251410 
1389 1 20.324400 23.031800 1.920220 
600 2 17.549300 24.323400 2.357820 
569 1 22.736000 15.981100 1.448200 
701 1 19.006900 16.211900 6.590730 
1973 1 15.571700 18.033100 11.178900 
1110 1 20.506800 15.499300 6.623640 
643 2 21.941100 18.459000 7.685240 
1340 2 25.612100 20.000000 6.372220 
180 2 21.418900 24.839700 1.894980 
1246 1 19.762900 20.442600 2.239070 
54 1 14.107100 14.029500 12.188900 
1070 1 15.140200 25.972000 11.769700 
241 1 17.959600 14.792000 11.523800 
1007 2 20.486800 15.243300 5.364750 
926 1 19.152300 23.736100 9.050520 
774 1 20.857400 18.450100 5.850390 
1634 1 26.181100 20.215200 0.470738 
1169 1 15.964300 15.364700 9.083600 
1985 1 23.948600 17.899700 2.796120 
263 2 24.545800 17.125200 5.440380 
1363 2 14.427900 21.063700 0.829499 
721 1 15.988400 15.686200 11.696900 
309 1 20.103300 17.834700 1.679630 
689 1 20.838000 24.623300 2.935890 
880 2 16.664000 26.498400 0.634907 
791 2 13.536500 19.636100 9.463060 
603 2 20.069300 14.960400 1.123570 
1772 2 17.946100 14.378700 12.526300 
1612 2 23.187000 17.779000 3.006360 
918 1 21.354500 18.388200 3.697220 
1561 1 24.940700 18.246000 11.411400 
736 2 21.599900 20.657900 9.774740 
1354 1 20.842000 22.261400 10.181600 
1415 2 22.905800 24.892600 11.182600 
232 2 14.885500 16.552900 1.535580 
1012 2 19.211700 16.460700 6.775150 
1969 1 17.023100 18.957400 8.905630 
81 1 18.545400 23.494000 0.010976 
1054 1 21.369600 20.403600 8.713750 
218 1 14.507500 23.445800 4.294080 
1994 1 25.574500 24.581600 5.756370 
620 2 14.285600 14.932300 13.316600 
461 1 19.036400 20.186300 10.203400 
1868 2 14.742400 23.822500 9.149560 
363 2 17.192800 18.655400 8.095680 
536 2 24.489500 20.434300 10.284700 
145 1 23.408100 13.321000 9.211230 
195 2 20.700100 23.549200 2.758630 
739 2 18.706800 16.463600 2.045180 
1573 1 22.334600 13.378700 4.168950 
1975 2 14.186100 25.697900 11.248100 
200 2 19.238000 18.262900 5.913760 
807 2 20.142700 15.261800 8.174800 
1963 2 20.532600 15.330700 5.870750 
1534 1 14.951100 19.523800 7.330340 
1617 1 25.600900 25.256300 4.373660 
1299 2 22.739100 15.596200 1.230520 
1717 1 17.381800 18.356000 7.563640 
757 1 25.262900 19.304900 5.620860 
639 2 26.208000 18.683300 8.875960 
647 2 21.986100 21.033900 7.872400 
1792 2 24.377700 25.270100 7.409690 
1455 2 24.207000 13.220300 2.839280 
552 2 17.574700 22.377200 7.570620 
1179 2 17.368300 14.243700 10.192200 
949 1 21.382900 21.772400 3.320840 
1732 2 21.281200 24.863700 3.053140 
1105 1 23.567900 21.979000 5.104860 
173 1 23.709200 16.946500 4.681340 
1075 2 24.737200 14.263900 13.142300 
1877 1 23.781100 25.631500 10.117900 
1989 1 17.979000 13.887600 2.357160 
1212 2 25.581200 22.894100 10.233500 
485 1 14.334400 15.684800 13.347300 
925 1 14.901900 22.108600 4.390560 
1712 2 20.251500 16.046100 3.421910 
1150 1 23.614400 25.307700 7.375750 
38 1 23.099600 16.731800 0.311602 
1128 2 22.888000 14.850600 3.983380 
1623 2 17.014400 23.312700 10.467400 
1111 2 23.741200 20.223900 3.201890 
1689 1 18.989100 18.121400 11.128400 
273 1 13.380400 23.432800 0.828380 
521 1 15.812100 17.751700 1.738580 
646 1 21.926200 17.243200 7.904650 
1935 2 16.581100 24.278500 1.967000 
629 1 20.265400 15.812900 12.987100 
492 2 25.811200 22.188700 0.209714 
1626 1 19.083500 13.919100 12.957400 
1395 2 14.798800 18.584200 13.060400 
530 1 23.616100 26.374900 20.175900 
756 2 20.396400 26.285800 25.782500 
1464 2 22.187900 26.108500 24.913400 
1763 2 20.609800 21.229600 23.617700 
1794 1 16.776800 23.333800 22.071300 
334 1 25.784000 14.836400 16.846800 
1446 1 15.315600 22.085600 25.115900 
91 2 22.593600 14.355800 15.309900 
397 1 17.776600 24.987100 25.072000 
834 1 20.943700 22.379400 14.470400 
340 2 25.154200 15.430000 19.056900 
1807 2 14.035800 18.957800 25.100400 
845 1 17.552100 14.208200 21.587300 
903 2 26.059200 21.352800 16.203500 
203 2 21.264600 23.335100 15.195100 
706 1 20.310800 13.302200 18.054100 
979 2 13.325300 14.444200 21.665100 
1004 2 25.151000 26.516300 14.221000 
179 2 19.709400 22.101300 15.381400 
140 2 19.123000 17.918100 20.056900 
1947 2 23.198200 23.514600 23.927700 
210 1 19.673800 22.280800 18.637600 
1642 1 14.871700 24.581800 21.290500 
1859 2 19.682800 22.045500 18.359800 
557 1 22.342900 23.441200 21.247300 
1192 2 14.116200 26.331600 18.926200 
1494 1 18.568300 15.824400 15.592900 
364 2 26.338100 22.098500 17.392000 
1705 1 23.049100 20.128000 21.568800 
1085 1 22.185100 13.601600 16.730700 
810 1 25.378200 22.242200 17.467500 
1504 2 23.371100 24.630200 14.802700 
912 2 18.501200 21.519300 23.177200 
161 1 20.139400 21.224800 22.962600 
1432 2 21.951400 18.651300 14.043100 
103 2 18.982200 23.258900 22.971100 
261 1 19.619200 22.075200 14.568900 
1995 2 21.566400 14.108300 21.343100 
1735 2 25.324400 18.725600 17.630900 
1730 1 22.936500 23.085500 23.740800 
1418 1 20.510500 18.622000 14.154700 
346 1 16.834800 20.174300 24.299200 
170 1 23.729100 21.551200 19.081900 
622 1 18.075900 17.841500 20.786200 
467 2 23.787900 22.235500 17.297200 
1881 1 13.664400 13.395300 18.867600 
1918 1 18.910600 18.347100 26.312200 
732 2 15.503500 20.945000 18.719800 
1777 1 16.242600 21.321600 16.036900 
1371 2 18.668300 24.443900 13.222200 
1764 2 13.941000 23.922600 25.123300 
1782 1 16.880300 16.193800 24.222800 
75 2 17.942100 18.462200 20.426800 
840 2 18.802300 14.380800 21.657300 
1304 2 18.169900 21.369400 26.461600 
433 1 19.647100 19.550200 23.796000 
315 2 23.942500 20.248000 22.722600 
178 1 17.756300 24.044400 17.667200 
1247 2 15.728800 22.840900 19.382800 
887 2 22.983300 15.201500 21.401500 
916 2 20.392700 14.115900 18.670000 
722 1 25.363700 13.527000 23.251300 
1814 1 26.363500 14.979200 19.194400 
691 2 15.018500 13.717600 25.074200 
1564 2 17.024200 18.917800 21.583700 
565 1 15.203200 15.697200 23.204000 
1804 2 14.111800 23.272300 15.435700 
169 1 15.808500 18.481000 24.381300 
1289 1 19.378500 18.850500 19.119700 
1176 2 25.829200 14.599200 14.689600 
410 1 14.975300 23.517500 19.349800 
657 1 15.197700 19.739200 13.380800 
971 2 19.300400 19.125700 24.292900 
1810 1 24.270100 17.812800 24.481500 
1312 2 22.003900 22.687700 19.717800 
1726 1 16.685000 19.986400 17.332800 
1536 2 17.485000 23.493600 21.133800 
156 2 25.128200 23.515300 22.145900 
973 1 22.785000 13.763500 14.990900 
470 1 16.498100 20.442900 22.501500 
672 2 16.053300 20.375500 25.661300 
434 1 19.420200 25.946800 16.737100 
1914 1 19.972800 15.248700 16.879000 
1883 2 25.773200 17.939600 14.517700 
1997 1 19.641400 17.275300 23.142900 
274 1 23.895200 24.707700 24.674200 
49 1 19.449600 15.814300 24.845700 
1276 2 24.557600 19.147200 24.169500 
676 2 25.489100 26.102600 20.616500 
964 2 21.424900 24.898800 19.039900 
199 2 16.411500 20.554900 23.307500 
533 1 19.178600 24.196100 23.673100 
865 1 23.749600 19.177700 26.202100 
1517 1 23.659400 18.306300 19.916900 
1893 1 19.583400 21.387800 16.210500 
1472 2 16.686500 17.894300 24.138300 
1580 2 19.930600 24.108900 14.414200 
819 2 16.859300 23.651300 21.978500 
1328 2 16.437300 15.103700 22.688700 
881 1 26.090500 19.724500 19.639900 
1681 1 22.743000 17.889500 24.503800 
549 1 24.949800 20.493500 25.585300 
527 2 17.594900 21.530900 19.392400 
800 2 18.874600 21.534500 15.311300 
794 1 24.818700 18.679500 18.327600 
1675 2 24.224100 23.210900 20.488300 
1451 2 22.896600 24.119100 26.082800 
1136 2 15.839100 17.948200 15.234100 
1171 2 17.193100 18.182300 20.248300 
1094 1 16.168000 25.936800 24.658100 
1940 2 14.749100 19.601600 19.438400 
682 1 17.030500 19.833500 14.714200 
911 2 16.970500 23.336200 15.107300 
1213 1 22.498700 26.236200 16.107100 
1477 1 22.094800 24.587000 14.457400 
362 1 21.098000 23.546100 19.502600 
1129 1 20.237500 25.960100 25.139100 
1491 2 18.634100 18.532300 21.586600 
190 1 21.610100 17.220200 15.798700 
1576 2 25.299800 25.602100 20.062300 
1320 2 14.994500 26.225500 23.455800 
1601 1 23.143600 15.986200 17.823900 
1549 1 23.103100 23.195700 16.379900 
7 2 22.653700 18.268700 24.665000 
1147 2 24.487900 23.044100 14.670900 
2000 2 16.311400 16.557200 20.225700 
1891 2 25.093400 14.196300 17.240900 
570 1 16.336500 18.701100 22.294700 
1791 2 14.170800 15.453700 15.023000 
719 2 18.408200 18.251100 16.593400 
1127 2 26.045700 14.030100 20.301200 
855 2 19.881800 26.000600 16.893300 
1905 1 15.639700 14.349700 24.840700 
514 1 17.646500 14.431900 18.042300 
1884 2 18.279900 19.236700 17.891400 
1657 1 22.798000 15.347800 25.017100 
14 1 25.398100 23.191300 22.775000 
750 1 21.657200 20.944100 25.808700 
1532 2 21.732300 21.719400 17.632600 
814 1 25.087000 22.960600 20.219400 
299 2 25.983500 13.529500 24.021400 
1820 2 24.537200 13.868600 24.110500 
1429 1 21.890700 21.620800 24.121700 
119 2 13.864300 25.157000 16.203000 
282 1 14.955000 25.872100 22.500200 
540 2 20.299500 15.521800 23.669500 
751 2 13.807700 23.487400 25.573100 
1226 1 21.936400 16.719100 20.484000 
481 1 18.053800 21.214300 22.353200 
640 2 22.335200 19.145300 21.555200 
406 1 25.535700 25.058400 22.350900 
978 1 17.181500 18.485600 13.538300 
1559 2 15.123000 18.488200 23.999000 
1622 1 22.069300 15.643700 13.155900 
1547 2 23.921900 15.646200 24.905200 
228 2 24.473900 19.977600 20.935300 
260 2 13.610700 15.385200 23.716500 
298 1 14.208100 14.378100 16.422500 
1710 1 18.577600 23.451000 21.160400 
1130 1 15.718000 16.582800 19.352600 
1799 2 17.666400 15.709000 24.635100 
1649 1 20.802400 21.141300 19.324700 
1485 1 15.419000 20.905800 18.816900 
590 1 18.516600 24.095700 13.218000 
283 2 17.294300 23.560100 26.072800 
1347 2 19.656900 26.339700 22.571700 
764 2 20.047700 19.253900 24.210500 
686 1 22.972100 18.264200 16.210000 
2 1 19.987900 14.912400 23.481400 
1822 1 18.366700 22.872000 16.073900 
26 1 16.234400 17.172700 14.582800 
1522 1 26.332800 17.384500 23.343200 
958 1 24.977100 19.461800 22.485400 
1193 1 23.298100 21.701600 13.695100 
292 2 14.278700 24.151100 14.256500 
390 1 13.775500 20.893800 21.671700 
1979 2 14.479900 18.638300 18.797400 
1628 2 13.942800 14.430700 16.592600 
107 2 23.015300 25.684000 16.347000 
1936 2 17.248400 14.989300 18.017200 
1892 2 17.569600 23.421000 16.929300 
1643 2 21.855700 17.224000 16.335500 
969 1 21.476700 25.798100 19.182400 
1035 2 23.129900 16.346300 13.980500 
384 2 22.308800 21.372300 24.004600 
1986 1 18.568800 18.614700 17.862100 
413 1 25.221000 24.682300 20.492200 
1189 1 19.944900 25.303600 21.974600 
1767 2 18.893100 15.150000 23.311000 
947 2 22.360000 24.111300 19.969900 
1621 1 18.384600 17.232700 17.561600 
825 1 17.054500 21.992200 19.671600 
480 2 23.473100 14.518500 21.562000 
398 1 19.347600 15.403300 20.894600 
258 1 21.148100 23.892800 15.540800 
1840 2 13.872300 13.310500 19.366800 
57 1 18.536000 21.845600 24.363800 
595 2 21.784800 20.230600 26.141300 
420 2 21.971800 17.711800 16.573200 
939 2 26.097000 17.155900 22.174100 
1929 1 26.410600 17.372500 16.908500 
1055 2 13.449900 21.527200 20.833300 
1701 1 24.033500 18.254300 21.804400 
1888 2 19.806500 22.985700 21.624200 
447 2 21.765300 17.265100 20.798700 
1337 1 14.765900 17.879100 26.640200 
128 2 17.451400 24.670600 24.977600 
1635 2 18.469400 20.263200 26.542800 
1434 1 18.503600 13.735200 22.393700 
775 2 24.356400 17.939400 18.768900 
4 2 23.357500 15.460700 13.274800 
1890 1 23.333300 24.246900 13.323400 
1762 1 26.487200 26.046100 20.633000 
975 2 23.366200 18.714800 15.118600 
1060 2 14.699900 25.231500 20.731500 
198 1 13.921600 18.229900 25.033000 
1565 1 26.528600 20.508600 17.565200 
1930 1 21.370800 13.804800 20.205700 
257 1 15.644900 19.004500 20.091300 
468 2 24.706500 16.648900 24.473100 
1823 2 15.686300 20.552200 16.038600 
1781 1 23.908700 14.917000 21.084700 
403 2 16.975400 25.083600 24.507600 
1604 2 17.724800 15.702700 15.497900 
108 2 17.884600 19.453400 13.701300 
1509 1 14.342400 14.165900 22.443400 
1854 1 18.336000 25.232600 16.279800 
766 1 13.751000 21.280800 26.262000 
1584 2 25.265500 21.593300 13.847600 
1056 2 23.170400 18.058000 18.794300 
1700 2 24.670000 23.466200 23.129000 
923 2 15.826100 17.298200 22.647900 
1078 1 25.287000 22.291900 14.779300 
1862 1 16.745500 15.535100 16.206900 
1413 1 14.268600 18.358000 18.484100 
1996 2 19.836500 14.919600 13.409500 
191 2 14.460200 23.860200 21.690000 
357 1 22.981300 14.861800 21.883200 
1106 1 14.731400 25.493900 14.554400 
1720 2 13.645600 21.001000 21.889500 
1866 1 24.567700 15.839500 23.926600 
1047 2 18.383400 15.007000 17.791000 
1367 2 25.937300 24.513100 20.413600 
931 2 18.886600 14.478500 15.983200 
310 1 14.752100 23.549500 16.111300 
663 2 25.905400 17.179500 22.694500 
1544 2 25.949400 25.374500 25.507000 
1569 1 13.612500 24.752000 17.896900 
1653 1 23.751900 18.267600 14.613500 
189 1 25.936700 24.759300 14.084400 
311 2 13.761800 23.504800 18.217900 
1775 2 17.082900 13.490400 19.919500 
512 2 21.728200 14.663400 16.714100 
1603 2 19.504000 14.604200 13.885800 
217 1 14.280100 24.476800 24.896500 
1194 1 25.200000 19.093700 13.733000 
965 1 24.432300 14.842300 14.156800 
714 1 18.977100 21.262700 13.464800 
830 1 18.072100 21.678400 26.353600 
924 2 18.218200 15.062200 26.134500 
1 1 26.185000 25.508300 25.535600 
1428 2 21.491900 14.956700 26.375000 
