id type x y z 
702 1 10.140100 11.061300 9.431640 
889 1 12.921300 4.639040 9.593430 
1273 1 3.470540 8.669960 1.896720 
1335 2 5.418370 0.825955 9.757830 
856 2 7.617250 0.634590 11.573400 
1644 2 3.433390 10.682200 5.029320 
1309 1 10.344300 12.937800 8.544650 
1457 1 11.136000 7.288530 4.312610 
421 1 12.770600 10.971700 0.417917 
1712 2 13.094700 5.265330 0.345260 
540 2 4.721250 7.398790 11.515100 
277 1 7.752900 7.252160 6.857650 
317 1 9.953820 12.754800 5.700450 
1382 1 0.675463 3.115110 10.997000 
1892 2 10.419700 2.654200 7.691690 
644 2 8.644190 6.396410 5.790480 
270 1 10.512700 3.421270 5.428580 
281 1 2.432710 7.777100 4.594940 
1129 1 13.014000 1.914430 7.251680 
437 1 12.118400 13.043600 3.894480 
1056 2 4.591320 11.985200 0.399041 
435 2 0.719714 12.054800 11.204300 
1996 2 12.833700 1.366400 5.624580 
1954 1 3.253170 10.490500 8.526240 
600 2 4.634730 11.540300 9.171610 
207 2 3.001030 10.927200 1.492310 
473 1 4.445140 11.802200 0.577303 
1834 1 2.083320 6.800460 8.485020 
1122 1 4.321870 6.671210 1.663560 
1746 1 12.645300 3.666490 3.157570 
1891 2 3.242830 0.974852 11.388900 
165 1 8.764630 0.584696 11.777100 
297 1 10.023500 4.718270 11.354300 
3 2 3.824080 10.926400 6.986940 
1905 1 10.975800 2.675210 10.299000 
1988 2 2.153100 10.087800 10.764700 
446 1 5.333050 4.935990 10.677200 
936 2 8.523950 12.955200 11.210200 
793 1 10.766700 7.470340 7.261430 
1720 2 7.549770 7.795340 6.497020 
134 1 10.828500 3.054350 12.185500 
1397 1 9.628310 12.493300 2.260100 
520 2 5.848190 9.883560 2.048480 
1167 2 11.840900 7.159540 10.867800 
365 1 4.907800 3.923460 12.761200 
598 1 4.078620 8.032880 7.676210 
657 1 11.126700 8.990300 10.980800 
1348 2 6.845480 3.549850 5.743200 
331 2 10.947700 11.656400 1.129260 
1045 1 12.561500 9.000990 4.596620 
977 1 7.941530 2.089970 3.187020 
1807 2 9.470230 8.738880 0.791505 
547 2 2.962570 6.924520 12.601100 
1832 2 6.395330 4.664730 1.849170 
57 1 5.203290 1.531430 9.554770 
1083 2 0.414646 4.325030 8.778200 
571 2 12.154500 9.129940 4.487410 
1199 2 5.070730 6.773210 10.758600 
1691 2 11.470200 12.317500 12.491100 
1267 2 2.314220 4.999880 7.983400 
1915 2 8.261940 7.645620 3.555020 
1089 1 4.311370 1.774380 11.899000 
1416 2 2.000850 8.967190 3.892680 
243 2 1.430510 3.834060 11.538800 
310 1 10.762800 3.742680 2.616960 
1272 2 8.242630 9.741580 11.775700 
968 2 12.111300 3.619430 5.276340 
885 1 6.026860 7.160490 9.219950 
761 1 3.710250 5.261740 5.102180 
922 1 4.240790 4.560480 2.881400 
1283 2 9.819200 6.338750 12.704100 
704 2 5.458420 6.569930 9.132030 
564 2 8.286380 4.993150 11.230800 
1911 2 9.699630 8.117180 6.590420 
654 1 6.339640 7.757380 12.186300 
491 2 9.221560 3.276500 10.883000 
425 1 7.540270 8.924270 5.980010 
1244 2 9.342880 3.555080 3.944820 
1949 1 6.303950 12.210100 0.421370 
1878 1 10.458300 2.347160 7.669150 
90 1 3.711510 10.609800 3.901510 
1868 2 11.350400 10.430500 9.934450 
99 2 12.248800 12.415000 9.070230 
1635 2 7.021170 4.841780 4.194580 
1191 2 0.698341 11.297700 10.093700 
1480 2 8.446290 12.659200 7.327740 
1823 2 4.839500 9.595720 3.942970 
670 1 12.907400 13.343000 6.511040 
1375 2 3.202370 4.533200 4.490580 
614 1 4.516650 2.459980 6.537440 
274 1 6.407370 3.210010 9.040400 
1624 2 12.753600 12.470900 7.546220 
216 2 11.607200 5.528850 1.102900 
359 2 0.451961 11.611000 7.438810 
318 1 0.245444 12.572000 9.072710 
87 2 2.697950 9.314490 4.194860 
780 2 2.508610 5.990280 1.415470 
513 1 0.303153 10.334400 11.121600 
1017 1 2.960450 4.760970 7.796400 
1777 1 11.401000 4.207940 1.086110 
16 2 10.796500 0.606928 2.130930 
175 2 6.010290 4.010880 9.100530 
169 1 10.184400 8.297910 2.069490 
1646 1 7.590090 4.851140 0.603490 
811 2 11.476100 9.220790 11.034600 
1044 2 0.017063 1.977230 10.694100 
1685 1 10.013000 9.845730 12.294400 
1784 2 3.489740 2.113330 3.779320 
906 1 2.332430 2.532590 6.773890 
1838 1 4.486720 3.272180 1.265400 
380 2 9.323900 1.157350 5.609510 
900 2 2.107400 3.338410 7.833380 
841 1 0.781192 0.849124 5.157080 
1282 1 11.967700 12.247700 8.023300 
1241 1 12.372900 2.992170 5.071720 
1444 2 4.158900 7.271760 7.196380 
218 1 8.575180 8.428790 10.002500 
794 1 1.601510 13.237700 4.516350 
1531 2 2.040680 1.468370 8.899810 
589 1 1.198430 3.445770 0.204367 
1314 1 7.661980 12.047000 6.401030 
389 1 10.751600 5.607540 2.180390 
1112 2 5.673550 8.878080 4.564050 
1516 2 5.114370 7.969670 2.107090 
1004 2 3.819850 4.984220 3.227980 
1573 1 8.133530 3.670810 8.358600 
1105 1 2.268950 0.355788 6.892490 
779 2 8.451620 0.728918 8.643870 
1387 2 4.592010 6.661750 10.418300 
469 1 8.990890 6.828420 8.921620 
689 1 8.428830 5.847320 12.510600 
880 2 1.117700 7.248930 10.474000 
1815 2 13.128600 2.288270 7.231460 
997 1 1.900190 12.671000 2.416530 
1851 2 1.147340 7.967750 8.288310 
1061 1 2.565370 5.359710 1.886720 
1941 1 11.911800 6.286680 10.210100 
1297 1 0.885930 9.057320 8.561160 
1130 1 8.867670 7.369330 7.798880 
1317 1 7.109620 8.403350 8.048010 
454 1 8.341960 2.177960 1.420500 
1166 1 -0.017495 9.421980 1.034020 
1210 1 6.099250 4.642290 9.532570 
739 2 12.895300 0.584547 6.470180 
231 2 3.732820 4.836730 1.493970 
1063 2 11.716800 3.092810 10.838500 
1086 1 8.636210 7.396770 11.054700 
778 1 5.865460 7.196950 0.274010 
727 2 7.705130 11.576700 6.124790 
264 2 1.690060 5.130220 5.401880 
400 2 4.154830 3.844590 10.110900 
1049 1 7.688250 5.230060 4.787060 
496 2 2.046590 0.461844 7.328130 
1173 1 2.755260 1.349210 0.722851 
373 1 1.776430 12.719000 7.296770 
545 1 7.552110 9.726460 8.510610 
745 1 7.365720 3.544320 4.232990 
1493 1 12.474700 10.904000 9.144170 
173 1 8.037210 0.611913 8.353990 
1093 1 5.590540 5.277570 8.054930 
711 2 5.057680 6.920460 6.766410 
886 1 6.735290 6.470590 1.018250 
1546 1 2.788250 9.697340 6.608920 
549 1 7.353080 9.444010 12.833000 
1165 1 8.635220 7.269670 2.732600 
580 2 12.142700 4.901220 10.347000 
1562 1 8.178130 3.150570 11.788100 
1951 2 8.459630 8.007670 10.275500 
1589 1 2.295110 4.022480 4.415990 
1088 2 10.624300 3.297200 11.298800 
11 2 8.097710 1.284820 1.775400 
891 2 9.433460 10.589700 8.697790 
989 1 0.402528 7.518450 0.223050 
424 2 1.191210 10.652900 11.174300 
643 2 1.374160 0.980858 5.670050 
1776 2 8.675720 10.386600 3.550680 
463 2 12.366500 3.392550 12.905800 
48 2 1.009730 0.598446 4.658280 
1631 2 4.313780 7.144310 -0.125387 
732 2 9.640020 8.374990 2.233860 
1303 2 4.450400 7.311030 3.158180 
1046 1 9.313240 0.513488 9.299030 
419 2 12.235400 2.760510 1.937740 
150 1 3.778920 6.987810 9.937440 
1459 2 8.734780 3.661580 7.944180 
1953 1 5.155560 5.929320 3.295180 
893 1 4.192620 7.076500 13.447500 
1640 2 7.162260 5.223140 8.574350 
787 2 7.105940 6.928640 0.334290 
1595 2 7.176400 3.769900 2.823170 
1154 1 9.085870 8.499240 0.090859 
515 2 5.786500 0.059219 0.383255 
1565 1 5.669260 9.517790 2.510320 
1702 1 6.060210 2.866290 5.114100 
1677 1 3.026700 7.385270 10.970000 
1076 2 11.076800 12.000700 3.569530 
26 1 4.525330 11.113900 9.284310 
1361 1 8.597260 0.359373 5.361850 
826 1 1.718680 8.822260 2.025510 
371 2 8.594270 2.328730 11.264700 
1341 1 5.982780 0.339851 0.583364 
1043 2 4.205530 9.130340 10.025200 
305 1 2.885370 10.478600 11.780200 
1257 1 9.288080 13.029700 10.893100 
912 2 11.089900 7.992990 7.355790 
1084 2 11.881600 7.540350 4.608590 
113 1 1.770790 0.905889 2.969530 
1067 2 9.417080 7.250780 8.377270 
1694 1 4.330860 8.542800 3.979120 
985 1 5.523370 9.617130 10.137600 
76 2 4.405920 2.268420 12.559000 
1817 1 12.356600 6.423970 1.151830 
972 2 6.136790 0.375626 9.160640 
1447 2 7.077990 9.012600 12.708300 
1879 2 2.288460 8.213920 1.498330 
267 2 4.290460 13.162100 9.758190 
1896 2 8.814690 6.925860 10.986100 
1937 1 9.217090 10.466100 3.958430 
63 2 8.107830 2.379600 3.887100 
153 1 12.193500 1.559070 3.164140 
8 2 7.056560 9.795690 9.666820 
1251 2 5.360560 0.409756 9.754500 
197 1 4.616430 10.830300 5.134700 
1426 1 2.099110 11.633500 11.334200 
1235 2 7.045490 7.987840 8.102570 
1745 1 12.480400 13.109000 11.672000 
444 2 12.383600 3.399730 2.908760 
1950 1 7.973710 10.798900 1.732070 
1742 1 12.807100 4.413180 5.323450 
429 1 7.714500 0.593706 1.150820 
1008 2 4.406600 2.030290 6.919310 
507 2 1.121350 1.517010 1.421230 
725 1 0.315819 4.337140 9.002580 
1882 1 2.309100 2.362050 8.820190 
703 2 13.218600 5.081580 5.427030 
861 1 5.557080 10.372500 1.159180 
1354 1 2.316520 9.394500 3.905870 
1234 1 2.361760 2.176920 11.376900 
1159 2 10.579000 5.498870 2.448510 
1278 1 12.339800 9.000880 2.777570 
954 1 8.954480 6.814620 5.387680 
1408 2 8.033180 1.897700 1.097020 
895 2 12.596900 5.199200 5.926680 
1212 2 12.764100 12.693300 10.462500 
1526 1 12.651800 12.996900 9.737470 
1952 2 7.790780 11.310600 5.078860 
769 1 8.639590 12.642200 8.313610 
1899 2 5.820630 10.917900 0.602889 
1621 1 11.672400 7.938560 11.756200 
1705 1 3.705870 13.233300 0.133604 
1238 1 13.125300 0.368385 6.655530 
681 1 2.423120 0.276719 9.072080 
387 2 5.789240 12.829300 11.268400 
1160 2 7.906830 6.591450 0.433461 
1729 1 1.571280 6.028140 0.234923 
1284 2 11.575400 9.732700 0.277881 
271 2 5.557470 12.104100 0.158253 
1788 2 12.143200 2.588940 14.184500 
1762 1 1.433970 1.347350 16.536800 
1496 2 10.512400 8.295850 20.369600 
1816 2 5.942340 3.426870 13.987100 
1598 1 0.907119 5.183080 21.571300 
420 2 4.732420 6.055040 17.276400 
209 1 2.001220 2.812900 21.389600 
1114 1 11.453600 4.477480 15.282800 
1484 2 6.871130 3.672390 24.634800 
556 2 9.894930 9.407720 24.330100 
1620 2 5.836130 2.314830 16.826800 
929 1 6.523770 9.225370 17.385200 
1320 2 12.642400 0.773199 24.264700 
637 1 12.480600 2.265880 19.441800 
836 2 5.540870 5.407690 20.105000 
789 1 6.522030 6.748290 22.971200 
1890 1 1.394180 9.559660 14.184800 
1820 2 1.981820 10.643600 21.951000 
1249 1 11.983500 9.556280 19.694900 
940 2 1.094090 6.897530 14.111100 
648 2 1.813700 11.620200 23.385200 
1194 1 4.646820 3.191090 19.571400 
810 1 1.770160 10.445900 19.059200 
723 2 10.360000 6.009560 16.684400 
596 2 2.012100 8.846130 25.501700 
1861 1 7.095100 3.886320 18.972300 
1611 2 11.224200 9.194140 14.092700 
1242 1 11.769100 5.025050 23.048200 
1821 1 3.494540 0.395142 23.242200 
1255 2 5.414850 11.762900 21.167900 
1326 1 11.510000 11.867800 18.875800 
1903 2 3.264620 2.932370 17.509400 
1885 1 2.242990 11.773700 24.311000 
210 1 1.469520 10.484800 23.356400 
426 1 4.612370 5.243080 20.634500 
1530 1 6.818600 12.606000 13.859300 
1811 2 12.158100 13.065900 19.401300 
1818 1 8.582020 12.629600 13.167400 
1196 2 0.416601 11.499000 17.927100 
1031 2 4.538550 8.656020 14.065200 
1358 1 12.318500 7.369620 18.732600 
259 2 9.184770 2.002140 23.141000 
1325 1 1.576410 8.382130 13.979000 
1033 1 12.711500 4.042710 15.668500 
817 1 8.442780 11.538400 21.567300 
1558 1 1.037620 11.801800 18.042500 
268 2 8.759600 12.575700 20.014700 
1334 1 4.930210 2.567000 25.500600 
369 1 6.270220 10.228000 26.074500 
1228 2 4.706210 8.174070 22.051700 
1969 1 9.919090 2.159700 22.990400 
1674 1 4.238960 13.011300 23.810900 
1650 1 11.140000 11.340200 16.364500 
1013 1 6.094530 4.214500 25.303600 
423 2 1.708480 5.496830 15.598700 
72 2 12.099600 3.072590 17.727700 
1736 2 9.111180 10.165600 17.051200 
1507 2 5.511170 10.090200 18.237500 
798 1 11.373400 0.982180 19.323400 
1385 1 4.052680 11.669200 23.072800 
330 1 6.876620 1.637600 17.074200 
1103 2 8.136260 3.333330 26.129000 
1331 2 12.025900 0.230140 16.743400 
1143 2 6.625010 0.895227 21.437400 
1487 2 7.673590 8.829680 21.507400 
1339 2 9.050810 4.003740 18.832200 
275 2 5.257930 3.948460 21.215300 
1124 2 10.541900 11.684700 16.795800 
998 1 3.110660 9.117700 19.049700 
1087 2 6.297300 12.779100 14.822900 
1181 1 3.597170 10.862000 21.443900 
447 2 0.294200 7.527450 26.088600 
1059 2 6.049160 11.753000 23.126600 
418 1 4.214740 6.766910 14.881600 
1445 1 1.120210 7.058130 17.978400 
1328 2 0.278517 9.163390 15.889500 
205 1 7.691030 0.868363 14.618500 
1337 1 7.554460 6.760380 18.442200 
1759 2 6.425980 6.130390 22.744900 
1876 2 3.195040 0.328977 23.562300 
97 1 6.160050 11.305200 18.140400 
1305 1 -0.043097 1.419160 13.970300 
1967 2 1.588840 8.694130 17.172100 
436 2 2.816150 10.165300 13.342800 
393 1 3.335760 2.638640 18.629000 
340 2 1.721730 4.289900 24.190400 
1280 2 4.159860 2.546530 25.961400 
1216 2 12.094100 5.322970 18.872500 
162 1 5.246590 3.704060 16.520000 
273 1 7.889610 -0.075624 19.647700 
495 2 2.433420 2.531300 21.864500 
823 2 6.657340 7.405750 14.958400 
707 2 12.734700 6.772980 20.557700 
269 1 9.586420 9.455350 19.602800 
1265 1 9.562800 -0.007933 22.185500 
416 2 6.024780 9.028650 14.697400 
190 1 12.142200 13.001200 15.456300 
1528 2 1.478860 4.768050 23.815700 
892 2 3.078950 3.896730 23.229700 
1486 1 12.838400 12.980100 18.910400 
485 1 11.654000 10.721100 17.426900 
1102 1 10.253000 3.922040 19.401400 
1379 2 11.172000 10.976300 16.789300 
760 2 4.858230 2.182330 19.570600 
577 1 12.781300 1.680130 21.961900 
934 1 2.776550 8.459830 26.355500 
575 2 0.756424 6.947570 26.344200 
1117 1 6.990860 1.606720 21.222300 
638 1 10.174900 3.474590 25.166700 
1485 1 5.757670 8.758070 15.084100 
1151 2 9.254980 2.303060 15.325700 
1118 1 12.950300 9.651010 22.056500 
1971 2 4.278770 2.217740 19.703000 
1157 1 7.772800 3.119350 24.959000 
1512 2 4.454130 11.733900 21.937100 
710 1 5.705820 -0.057324 15.554600 
1161 1 11.093400 4.362170 24.975000 
201 1 0.410869 3.022360 19.611000 
764 2 0.271853 7.350940 24.657800 
1106 1 10.130700 2.847010 21.699200 
799 2 0.291885 8.378590 20.516900 
572 2 10.117300 3.990570 19.261500 
1945 1 8.116750 11.360300 15.248700 
1438 1 2.644450 9.199500 13.515600 
1998 1 12.580800 1.116410 24.371300 
830 1 5.292240 2.657380 14.602100 
1711 2 4.284730 6.625130 24.565700 
1214 1 10.281900 9.195270 24.449400 
349 1 3.373850 2.872250 23.177600 
316 2 1.671090 0.897386 16.374900 
1201 1 4.890340 0.686405 22.125200 
77 1 12.868400 4.966270 18.651500 
640 2 5.696990 11.632500 21.602000 
52 2 1.199910 7.655460 19.090800 
1000 2 1.832550 2.918550 19.422800 
1917 1 12.810600 9.824100 14.757700 
1279 2 4.856390 3.100440 25.345900 
1626 1 6.045550 10.917600 22.670300 
650 1 2.458710 8.106600 23.206900 
327 2 2.114070 12.747200 20.536000 
1168 2 8.747870 1.835140 16.205800 
1647 2 7.733090 10.694800 20.272200 
219 2 12.251700 8.189290 22.400200 
866 1 0.906083 9.207110 17.586400 
534 1 2.058770 0.523029 14.441100 
781 1 8.328120 8.005910 21.201900 
1293 1 9.435910 6.812680 23.941200 
1707 2 3.488390 1.915730 14.925900 
1281 1 8.525790 3.222410 16.622800 
627 2 1.972590 9.408110 14.109500 
1750 1 1.081110 8.479900 19.817500 
1632 2 10.370500 8.446420 21.088500 
403 2 3.574800 10.939000 22.942800 
594 1 9.632590 12.176300 17.229000 
628 2 10.929900 2.260800 21.098300 
1290 1 4.170550 10.086600 13.838600 
1427 2 11.027800 4.395880 24.728000 
661 1 4.520230 7.200680 25.110300 
1453 1 10.486700 8.337860 22.282000 
1843 2 11.001100 3.710990 22.262100 
234 1 7.046340 -0.025326 23.189100 
1468 2 1.101740 3.956800 14.312000 
431 2 1.188970 6.943630 17.927100 
119 2 8.012610 1.083590 18.223600 
1364 2 12.326600 11.543400 19.400600 
713 1 12.425200 6.599150 13.898200 
930 1 1.918150 4.079170 25.611200 
144 2 6.173810 0.692136 22.561800 
825 1 12.417400 2.936310 25.388300 
516 2 7.242030 10.499400 23.574100 
1099 2 6.957890 7.433700 17.022000 
24 2 2.457330 10.047900 18.906000 
204 2 9.875200 6.960210 24.389100 
1716 2 5.331110 4.662220 18.270600 
1225 1 5.317670 4.502900 22.352400 
1601 1 10.482400 6.229020 16.437200 
576 2 1.038920 1.571360 25.642400 
1016 2 12.572900 0.924968 20.415300 
590 1 2.593610 3.203570 15.131500 
1224 2 4.383230 7.533780 14.400100 
501 1 3.617930 11.215300 16.784600 
15 2 2.113140 1.716920 26.551600 
837 1 12.884700 13.047100 22.285400 
106 1 6.273280 6.411080 19.383000 
749 1 3.354670 1.444140 15.110500 
822 1 7.597560 7.738380 20.037900 
233 1 3.062910 5.290980 15.179500 
851 2 7.819280 4.478440 25.269400 
1497 1 8.468310 2.133600 18.841700 
524 2 9.633880 0.140360 22.002600 
804 2 13.117300 9.208420 21.254500 
304 2 10.832600 4.174270 25.259800 
566 1 4.316690 5.703050 24.881400 
486 1 0.686727 8.109020 25.052700 
1766 1 4.463620 0.113817 16.424900 
1520 2 5.720660 11.325400 18.058600 
354 1 5.479240 9.115660 25.171400 
602 1 8.011400 7.653510 14.494700 
1478 1 5.498300 11.002700 20.321600 
253 1 7.103850 11.898600 24.031200 
96 2 4.790180 6.708850 26.372400 
1023 2 1.291110 6.600020 20.945000 
1107 2 1.032470 1.665850 24.622500 
178 1 10.741400 12.004800 23.448900 
1783 2 9.702910 8.920470 13.626000 
1540 2 10.552400 5.634880 14.149100 
767 2 10.817300 11.869200 23.128700 
158 1 13.027700 1.343180 20.635000 
1768 2 9.414340 6.195120 15.997000 
1458 1 0.066420 5.920900 14.456100 
1751 2 9.311320 7.109690 25.183400 
239 2 6.580060 6.095050 18.729400 
870 1 2.387220 1.347420 24.605500 
551 2 9.556790 7.422130 24.318900 
1276 2 12.284700 11.989000 15.619800 
1871 2 7.966700 12.431900 14.056500 
1393 1 8.087860 5.905190 24.678600 
477 1 9.224020 6.509180 25.918000 
1717 1 12.451000 10.563900 18.738300 
1029 1 4.667760 9.538720 20.984900 
1661 1 10.448400 3.071590 16.689600 
145 1 2.410860 5.265870 18.444100 
1755 2 2.822600 10.579400 17.895900 
341 1 8.655660 5.816970 16.065500 
1178 1 10.030600 9.131400 13.790200 
1372 2 7.251400 7.263800 19.465200 
1975 2 12.959300 7.485160 18.358100 
1943 2 12.944900 2.549860 25.359900 
1769 1 13.112300 1.012380 17.355400 
236 2 5.843710 9.950960 26.148600 
34 1 6.151590 5.491080 15.603600 
1602 1 10.826700 11.944200 25.247700 
622 1 0.831496 0.542933 26.400700 
1362 1 11.246100 1.182760 15.378800 
257 1 5.632590 1.677030 19.725100 
976 2 7.724050 11.689100 14.645900 
1924 2 6.001630 2.953080 19.374800 
829 1 6.905690 13.113800 16.853400 
358 1 0.622695 12.525900 13.744700 
1688 2 2.731670 1.004370 14.266800 
1020 2 10.709200 12.345800 24.952100 
1566 1 13.262900 7.760010 16.614400 
479 2 11.924200 10.028300 18.911200 
18 1 10.651900 12.527500 22.615700 
1403 2 12.345900 1.078370 20.168400 
1552 2 9.537600 0.140906 26.399700 
30 1 2.327930 12.610500 20.585000 
432 2 12.591700 12.165700 22.540900 
1300 2 4.283330 12.455200 23.806200 
1551 2 5.534030 3.676970 14.560700 
1308 2 4.987130 12.725000 14.113500 
497 1 9.982730 6.908460 13.765400 
645 1 0.171908 10.443900 21.355600 
1498 1 0.084829 5.544250 23.895900 
323 2 13.137600 6.970340 14.148400 
818 1 3.324840 12.408000 13.580300 
157 1 4.446300 25.722700 9.356840 
802 1 2.188200 24.943700 10.270500 
1833 1 11.992200 24.763700 4.036900 
546 1 1.399320 24.687300 1.388000 
820 2 0.019008 23.689400 4.011510 
1801 1 3.686850 23.350800 4.002480 
111 2 4.396010 19.830400 1.123470 
1987 2 13.124900 18.631600 12.873700 
1606 1 0.662228 21.462100 5.133200 
519 2 6.317750 15.744800 2.425970 
722 1 6.331200 16.560900 12.182700 
339 2 12.086000 15.552700 8.133500 
1266 1 4.339470 17.872700 11.195200 
1077 1 9.896800 24.826300 8.941470 
943 2 4.336300 26.594000 3.522140 
1263 2 4.914190 20.801900 8.195340 
706 1 1.248590 22.780800 11.157300 
101 1 11.869500 21.229800 7.484940 
1109 1 0.499498 22.342100 8.003030 
396 2 6.439210 23.036100 1.012660 
75 2 12.572600 18.913600 1.101960 
328 2 1.148800 21.587900 5.899220 
1577 1 11.973900 23.228700 12.249200 
611 2 12.761200 21.900000 1.942600 
215 2 7.625730 15.442600 9.809000 
1073 1 11.675700 20.308400 4.300170 
1873 1 1.892200 19.212600 7.680800 
1144 2 8.517110 16.808600 12.159200 
262 1 7.137300 16.665100 2.960890 
1574 1 6.468910 15.068100 6.515920 
356 2 1.404960 14.175600 0.469297 
1713 1 1.106590 24.162900 8.255900 
490 1 3.586790 17.479200 6.620400 
795 2 0.595535 22.483600 9.919020 
1156 2 9.327720 22.836900 1.129000 
1139 2 5.000960 20.076300 3.398750 
1810 1 11.091500 21.417300 8.853770 
1508 2 11.389400 15.311000 1.696210 
1572 2 9.221840 18.570000 0.740415 
71 2 4.766910 23.404400 4.387730 
733 1 0.621573 17.183600 8.303130 
1180 2 7.205360 18.159600 1.575400 
1479 2 7.896120 17.234500 4.702640 
1034 1 1.097950 15.782200 1.037800 
541 1 5.412370 21.442400 3.677690 
955 2 9.379850 18.764500 0.893678 
946 1 11.899600 25.908900 12.625500 
1826 1 4.006300 26.386200 4.672960 
1058 1 12.272000 20.204100 11.991100 
888 2 8.838470 18.816100 10.782200 
1872 2 8.135790 23.631800 12.189900 
1353 1 8.611830 16.478500 12.901500 
672 2 8.246340 24.071100 5.311510 
730 1 3.626880 22.184100 11.624300 
1687 2 12.293000 22.678400 11.647200 
814 1 10.662400 24.937300 11.157500 
1619 2 2.760520 17.636700 7.384150 
285 1 11.747200 25.407900 1.391670 
864 2 3.789060 23.339900 3.211720 
1747 2 7.862480 18.592200 11.228100 
100 2 2.024710 22.875900 7.181560 
1862 1 8.289140 18.507800 12.152700 
636 2 8.394090 24.680100 8.547390 
1415 2 2.376430 21.209500 1.329300 
192 2 1.326040 19.460000 7.879550 
67 2 12.453100 25.027600 3.877620 
800 2 1.224620 13.464600 4.951660 
705 1 5.235500 25.995400 10.107100 
1005 1 2.160580 16.042600 9.319700 
1930 1 5.588550 17.629000 6.611420 
364 2 1.356960 24.837800 6.461310 
1336 2 9.233930 18.026300 5.830260 
1465 1 7.690410 14.146100 10.352900 
1734 1 5.818390 26.401000 6.810110 
1495 2 10.885600 25.217300 9.676980 
1585 1 7.572220 22.740200 8.101350 
1025 1 8.482920 13.361100 0.044689 
832 2 6.273310 21.559500 4.327580 
979 2 8.443190 19.442200 7.433600 
1110 1 6.039130 24.522500 1.731110 
1539 2 4.721670 22.882500 12.383800 
408 2 3.714900 24.288500 12.358200 
1176 2 11.936500 19.791800 11.546400 
301 1 5.217500 23.532200 11.847800 
838 1 2.411370 19.946900 12.901000 
543 2 12.575800 23.567200 9.318610 
1667 2 9.449650 21.836900 11.664500 
10 1 3.301560 23.993400 12.421300 
1022 1 12.636900 22.629400 2.817070 
573 1 9.901960 20.851800 11.487200 
1215 2 3.656010 18.419200 11.891000 
1979 2 8.233040 22.707900 8.019470 
1001 1 3.957740 21.755700 2.084000 
646 1 0.348243 15.134500 8.387880 
675 2 0.859322 22.743600 12.289100 
858 1 8.369180 21.110200 7.757660 
1248 2 2.943800 21.420100 10.991700 
382 1 2.117130 16.009300 6.120240 
122 1 3.823180 14.595400 8.231190 
1972 2 6.244980 25.131800 4.358020 
221 1 11.141200 17.531300 7.398950 
744 2 6.149680 14.997200 3.310280 
1170 1 7.686360 22.408400 0.252534 
1668 2 12.480300 25.464200 11.223500 
714 1 0.125400 21.091300 1.766860 
503 2 3.591990 26.483100 5.751430 
715 2 9.262820 13.494700 6.492980 
1603 2 3.131790 21.071600 6.506030 
168 2 12.223400 20.590800 5.408260 
86 1 12.993200 17.642200 2.417010 
1421 1 5.450380 14.437900 2.538220 
1503 2 1.112770 16.102500 1.464250 
1932 2 2.286380 15.282700 5.886850 
279 2 6.090290 24.742100 11.047800 
1765 1 9.393330 25.733000 3.367210 
1864 2 4.837600 22.914200 5.969900 
1961 1 2.043410 15.867600 11.794800 
859 2 1.980720 23.454600 7.737910 
872 2 9.336790 19.949100 7.997740 
1274 1 10.608400 22.316500 0.473713 
1534 1 10.263200 18.317500 1.134930 
669 1 4.689070 24.867600 4.098140 
1429 1 4.913110 15.297200 6.952090 
448 2 4.494410 18.775500 7.946190 
1982 1 2.543520 17.701500 3.700080 
945 1 0.139300 16.637000 5.102910 
1010 1 2.109160 13.909900 13.220700 
493 1 7.956360 19.597500 1.454410 
1963 2 5.348250 13.753400 3.028210 
1778 1 5.336910 16.574500 8.844670 
1693 1 7.353820 14.098200 4.311730 
80 2 0.260107 16.418500 5.610020 
1133 1 11.284500 15.807700 7.489140 
1245 1 1.112050 25.068300 5.999180 
1504 2 7.981920 13.143600 0.007300 
1352 2 5.739250 17.452700 11.880200 
163 2 2.145610 14.638600 12.533600 
1377 1 7.463900 19.747300 10.140800 
1901 1 4.505360 18.408900 4.695040 
1902 1 9.592100 22.177900 11.873100 
329 1 2.166070 21.907700 1.677270 
1095 2 0.925092 21.799300 3.881950 
1471 2 5.141880 15.576900 7.168860 
1857 1 5.233510 23.773000 6.185660 
1718 1 6.949740 18.151200 2.370950 
1673 1 12.703000 23.102800 9.022200 
701 1 11.715800 19.029200 9.713100 
1532 2 9.935420 14.455400 12.476900 
1003 2 4.859470 18.308200 10.942200 
1446 1 11.861300 15.632600 5.658630 
786 1 2.265110 21.400500 6.474920 
412 2 5.054850 25.277400 9.465260 
1338 1 8.737700 24.264600 7.688110 
1897 1 4.611390 21.109300 6.163930 
292 2 4.509040 14.231800 7.218720 
332 2 4.639560 20.993900 12.172600 
699 2 4.118290 17.335400 4.530620 
881 1 5.590290 16.748500 3.198670 
542 1 8.312570 17.782800 10.878200 
1388 2 8.494850 18.398700 12.180400 
1237 1 9.864600 17.903100 5.153530 
1252 2 12.036500 22.716100 9.424240 
986 1 7.139400 21.403200 5.313970 
440 2 5.008170 20.726200 7.351550 
1307 2 4.906820 23.574600 7.457160 
569 1 3.818960 20.527200 11.319300 
1830 1 12.097200 21.842000 5.380920 
1614 1 2.049560 20.574200 7.610830 
410 1 1.660450 26.093300 2.367790 
995 2 0.960658 15.819100 6.530740 
116 2 9.583260 22.130700 12.766300 
942 1 2.690710 24.892600 6.498730 
1032 2 6.207320 14.664300 8.764440 
1842 1 5.151860 20.722100 8.781070 
1261 1 4.017400 20.790000 7.948840 
1324 2 9.297710 22.749800 8.393610 
674 1 6.750960 26.104600 11.703000 
604 2 12.622700 23.610700 2.091230 
415 2 10.032600 13.550400 10.107300 
768 2 2.823620 16.640900 9.769280 
1329 1 12.362400 23.352200 10.920100 
1123 2 8.234450 21.031700 3.605000 
578 1 5.213010 18.555900 10.741500 
1753 1 7.515610 15.924100 9.463000 
1527 2 11.908900 20.995700 7.910030 
773 1 10.790800 17.152500 0.233040 
188 2 3.282190 17.755900 5.941710 
910 1 1.315690 14.506200 5.328400 
734 1 11.586400 26.268100 6.802160 
1340 2 12.057200 25.159200 7.307710 
708 2 11.307400 14.996300 6.780990 
1797 1 10.706800 18.352700 11.306700 
506 1 8.258480 17.420700 5.960550 
656 2 2.140680 18.412700 3.968610 
1997 1 6.592970 25.636000 8.650090 
1916 2 11.586100 24.267600 4.095500 
1090 1 10.635000 24.274800 2.589580 
530 1 7.572360 22.178300 11.663900 
2000 2 12.638300 18.213400 2.431590 
1015 2 11.887400 21.960200 3.483010 
1622 1 4.752510 19.210000 12.137800 
392 2 7.091080 16.168200 8.037950 
1011 2 9.883100 24.903100 5.159730 
1395 2 8.626750 22.480700 0.656816 
1956 2 8.475450 17.418900 0.580081 
54 1 8.399540 20.999500 3.339350 
1790 1 6.724530 24.228700 5.103240 
1423 2 7.683240 18.442100 1.978920 
9 1 10.175600 14.900900 13.266800 
439 2 11.559800 15.597400 4.919480 
805 1 4.714250 19.596100 2.941520 
1179 2 2.270410 18.187100 10.052600 
755 2 2.753670 14.171400 8.048670 
95 2 10.872500 18.612500 10.790700 
383 2 7.967100 17.585100 12.141700 
85 1 13.173900 18.494100 6.565610 
482 1 11.382800 16.671400 9.649300 
901 1 13.142500 19.170300 1.418630 
1794 1 10.127200 15.224100 1.646090 
1220 2 2.402590 25.381200 10.068600 
1402 1 0.965329 16.962000 3.074010 
1835 2 1.021320 25.713900 2.088780 
254 1 9.533780 26.610300 0.113267 
677 1 10.030500 24.225900 5.438590 
1760 2 1.828210 22.649000 1.707220 
683 2 11.215200 20.699200 3.792370 
668 2 2.248880 15.395000 12.600700 
1739 2 6.234470 16.446500 7.368500 
992 2 0.041709 16.541000 9.557240 
980 2 0.853601 20.621400 12.927900 
1368 2 0.639002 14.715400 8.574020 
1958 1 6.036680 14.020900 9.361990 
1529 1 0.327538 13.815800 12.387600 
1615 2 6.655780 25.505500 6.858560 
1855 2 11.532800 13.740500 2.965890 
960 2 1.244180 26.318500 1.462560 
868 2 9.411870 26.410900 8.742520 
107 2 0.993085 13.367600 4.465600 
135 2 3.855320 16.990000 13.205400 
1704 2 11.856100 24.691300 13.102000 
1740 2 12.355500 21.442400 0.577788 
853 1 6.556120 17.251400 19.778600 
1363 2 13.152900 25.136400 24.804200 
1637 1 4.775800 19.975400 25.946700 
1913 1 4.920080 21.401500 15.869400 
630 1 2.095850 17.526000 24.376300 
647 2 11.093100 23.963100 19.967100 
307 2 4.808170 23.582500 21.660400 
777 1 0.027485 14.723300 14.765600 
852 2 10.666900 19.117000 16.306100 
290 1 8.731900 21.091600 19.536100 
1229 1 12.492600 19.025200 14.008800 
1939 2 7.049080 20.755600 15.977400 
1136 2 8.564280 20.908100 21.071900 
1185 1 6.351470 20.329500 23.709600 
1469 1 1.983040 23.542100 25.838700 
878 1 2.849030 17.089000 13.875600 
539 2 11.079500 23.176000 17.752500 
1198 1 9.422400 22.063900 14.836200 
286 1 11.936800 18.382900 22.573700 
1877 1 3.170240 20.696900 25.302900 
1563 2 2.916270 20.388000 13.214900 
842 1 6.904300 18.920200 14.841200 
512 2 3.062580 25.883300 18.570600 
1219 2 9.689750 17.663700 23.289300 
224 2 7.914500 26.500900 19.872800 
1936 2 12.722500 18.836500 14.122300 
717 1 4.389990 26.484200 25.988500 
567 2 1.132970 19.182400 22.866400 
374 1 6.688030 19.872500 24.464300 
212 2 3.728750 16.882100 25.258900 
915 2 4.028460 24.680600 24.179700 
390 1 6.029220 14.869200 24.325700 
967 2 3.552020 18.066700 25.519200 
927 2 0.775376 22.247800 21.336000 
877 1 6.320040 25.396700 25.203500 
1888 2 3.127550 19.479400 24.638400 
1612 2 5.119150 14.404400 24.690200 
141 1 10.261100 14.546800 16.243100 
1055 2 4.517560 22.108700 15.981600 
1413 1 3.840270 15.684400 22.453600 
1150 1 3.215860 22.041400 19.415600 
1435 2 6.996610 16.586000 15.819300 
123 2 2.945640 17.968400 16.411600 
685 1 2.527780 15.676600 17.237900 
130 1 6.119940 13.773000 18.865800 
1655 2 0.177516 26.232000 15.894000 
1074 1 12.767300 18.536000 16.357700 
1966 1 9.168290 20.401600 15.362500 
1804 2 5.201720 26.530700 16.277600 
1155 2 11.992100 19.509800 22.923200 
522 1 11.852300 24.678900 21.791100 
1355 2 5.653040 23.506400 17.836600 
407 2 1.507140 25.834700 21.750500 
514 1 13.093300 23.031900 25.194100 
82 1 5.010510 21.084700 21.943400 
155 2 5.309640 26.489600 15.847000 
729 1 10.890200 23.848500 17.924100 
232 2 10.755500 24.043800 24.071000 
1365 1 7.974240 16.890800 16.192800 
801 1 7.420420 23.080300 23.498300 
180 2 2.749680 19.416100 15.886700 
1870 1 9.566630 13.613700 17.960200 
129 1 11.556500 23.460200 20.034200 
1405 1 3.346120 15.166800 14.207200 
1082 1 6.689670 15.986000 14.002200 
70 1 6.755470 17.095200 23.246300 
326 1 4.876190 18.825300 20.748600 
1406 1 3.533480 14.426300 15.564100 
1803 2 0.125051 14.438200 15.762200 
1964 2 3.349510 21.910500 20.052600 
720 2 9.121430 24.227400 18.684400 
847 2 9.222510 14.450100 17.608600 
1623 2 8.623820 21.513700 20.312900 
1256 2 4.702200 15.612600 15.718400 
609 1 10.150600 20.276000 13.636100 
947 2 2.096450 24.821700 23.867100 
1342 1 11.469900 24.762500 14.807200 
282 1 12.574700 21.532500 25.956600 
1131 2 3.425380 16.070900 22.319200 
658 1 11.405400 20.485100 21.707500 
211 2 4.984510 23.588000 23.005300 
667 2 1.524720 16.583500 13.472200 
60 2 5.258960 21.684900 17.483700 
66 1 4.243650 17.667200 25.365200 
682 1 3.812700 23.092200 16.687700 
871 2 9.826530 26.157500 17.465200 
74 1 10.501300 23.663700 19.599400 
1819 2 6.395810 20.669600 13.958900 
246 1 3.765890 25.430600 16.298300 
1536 2 6.207090 15.742400 23.825300 
1642 1 7.193750 24.465400 13.011600 
44 2 13.408400 15.341300 13.897200 
1931 2 5.695410 14.730400 23.909900 
200 2 1.364540 15.147200 18.013700 
898 1 3.698150 14.940900 20.316300 
1980 2 0.088983 17.893400 25.256300 
1258 1 7.298350 23.357100 16.055900 
1232 2 7.691640 22.599000 21.992300 
1205 1 7.185280 20.087800 13.556700 
765 1 6.254400 24.467500 17.902700 
399 2 11.470200 21.400700 25.989200 
498 1 1.272850 17.430900 22.077100 
615 2 8.196480 24.667800 14.984300 
1189 1 0.630061 25.961300 22.152300 
1187 2 7.785380 17.862700 25.097800 
1625 1 9.163960 19.688500 22.920100 
1186 1 6.838890 24.529600 14.372800 
1549 1 0.908828 26.258200 17.491900 
621 1 12.663600 20.323600 18.974400 
344 2 12.118600 16.523800 15.437400 
120 2 1.845740 13.507300 14.106800 
1542 1 9.596700 17.208600 23.938900 
1506 1 1.463880 21.055100 14.121300 
298 1 9.144580 23.808600 20.663200 
20 2 1.067860 23.393100 18.904200 
1092 2 3.520240 14.469500 20.390700 
1608 2 5.362060 19.910900 25.560000 
673 1 12.812600 19.017100 24.913800 
1934 1 5.226890 20.803900 25.498700 
894 1 7.711640 15.032800 22.686800 
981 1 5.971860 23.574500 21.967600 
565 1 8.930890 25.274600 25.507100 
1652 2 0.469248 25.688900 22.120800 
1409 1 13.088600 26.313800 18.603600 
1995 2 0.588475 17.349000 24.477800 
1466 1 5.753000 15.564400 18.592900 
1947 2 2.438300 14.474000 25.539200 
284 2 10.732900 16.768900 18.950800 
1193 1 5.588450 22.266000 17.593300 
484 2 2.052750 24.048200 25.107600 
441 1 2.629650 18.205500 16.696300 
324 2 12.646000 18.987200 25.186600 
114 1 7.526100 20.960300 22.366900 
283 2 3.171080 15.507800 18.112700 
592 2 5.527920 18.107000 18.115300 
662 1 2.679190 16.113300 18.436600 
1398 1 2.445580 25.530300 19.148300 
741 1 7.771320 24.905500 15.439500 
570 1 10.349900 20.336500 26.042100 
1684 2 12.001600 24.378900 20.654300 
1492 2 6.294350 22.752200 22.714100 
532 2 10.761900 16.807500 24.719000 
747 2 8.975180 24.066200 25.983200 
1149 1 8.569550 16.504200 19.938000 
42 1 5.126710 21.448000 19.028400 
1789 1 0.008280 16.670600 14.235900 
489 1 13.093900 14.052400 25.447600 
1775 2 6.300230 17.750900 21.927500 
1582 1 10.369700 18.192600 15.160500 
1968 2 5.183560 17.333000 19.195700 
1433 1 12.382800 18.998200 20.353000 
1651 2 12.783400 14.291000 15.826800 
475 2 8.529100 23.335700 21.796800 
618 1 13.376000 18.107700 23.836200 
1638 1 2.477660 20.581500 16.304000 
79 2 5.429010 21.468900 20.502300 
1236 2 7.724850 20.494500 14.593700 
1959 2 4.705080 19.346200 21.918200 
1800 2 3.103130 23.671200 15.647100 
748 2 7.270780 25.400000 24.219900 
1270 1 8.354450 24.680200 21.690900 
1999 2 2.785850 19.897600 19.133100 
1866 1 12.123000 15.765500 18.015700 
1850 1 11.209300 17.560300 18.852100 
1793 1 6.150550 13.663000 22.628900 
56 2 6.780060 24.745300 13.340300 
154 1 11.722200 22.354500 15.159000 
579 2 7.453820 19.967500 18.243300 
1302 1 2.066860 26.172700 21.442500 
1223 2 0.706789 16.669000 20.354100 
1002 1 3.746370 14.901100 25.250000 
831 2 7.904200 19.073900 15.114700 
1505 1 3.068550 24.504400 23.777100 
1360 2 11.847500 23.877200 16.094500 
333 1 1.432040 19.761000 23.477800 
1802 1 7.396200 24.745500 23.684700 
973 1 11.171000 15.485300 23.999900 
1714 1 8.321840 23.567900 17.845200 
151 2 6.053630 14.280900 18.500300 
1557 1 12.059300 18.103100 25.856200 
1134 1 4.107500 23.049500 22.704900 
808 2 1.003000 19.605000 23.282600 
1904 2 11.898300 25.235900 18.745000 
1316 2 9.191870 23.008500 17.105700 
1840 2 7.421840 15.705000 14.914100 
278 1 1.240180 13.582300 16.077400 
612 2 7.938350 16.129000 18.851800 
1763 2 7.101540 25.274800 14.226100 
404 2 9.468460 13.982700 17.181500 
1586 1 10.460500 16.199900 18.225800 
1111 2 8.141150 25.634500 24.823600 
43 2 7.406070 20.460900 23.814200 
970 1 8.133230 17.473100 26.022200 
33 1 7.026500 18.827400 18.405600 
1955 2 7.394530 16.755500 19.701700 
641 1 10.178600 19.544700 16.845800 
1101 1 7.427920 20.963400 15.516400 
1796 2 7.111730 19.940200 23.051600 
937 1 0.823646 22.166700 19.668900 
1839 2 8.464810 14.683700 22.171800 
691 2 3.096540 13.823500 15.094000 
1671 2 2.136320 22.968800 19.503300 
631 2 10.348200 21.813000 14.736700 
1292 2 5.575290 24.661500 19.074800 
228 2 11.898000 19.189500 20.960700 
1689 1 5.416110 13.626900 16.766600 
1944 2 9.578140 20.638200 14.843400 
1313 1 11.598000 24.290800 16.554100 
902 1 2.644340 16.876600 19.723100 
849 1 4.913440 17.818200 17.373300 
337 1 1.418860 24.383300 23.736500 
1743 2 12.345400 20.738100 19.217200 
923 2 4.682650 13.795200 16.205400 
966 1 2.716120 19.656000 18.994800 
939 2 11.499900 18.893500 15.707300 
1764 2 13.369500 16.590800 21.452300 
1849 1 7.483190 25.732000 20.503500 
1218 1 0.847518 14.921900 23.618800 
1057 1 0.820106 22.507500 21.413500 
790 1 12.785100 15.054200 21.128600 
351 2 10.831600 17.468800 19.274000 
666 1 8.829370 19.337300 20.856600 
1476 2 7.964460 23.736100 15.812700 
1488 2 1.410790 16.022100 23.650500 
38 1 2.175420 23.235400 19.646100 
1771 2 11.455700 15.517300 23.880800 
1571 2 4.287500 18.528700 17.760100 
1233 1 5.252340 14.918400 15.470900 
783 2 12.326700 18.870200 25.202800 
978 1 10.053200 24.472300 13.554800 
1664 2 8.157560 16.029200 21.309600 
1048 2 2.129560 17.266100 19.089200 
840 2 13.125500 14.582100 18.200400 
1723 2 3.335040 24.540000 16.755300 
1881 1 12.704500 16.192900 15.581700 
1587 2 8.471400 15.165300 25.646900 
1978 1 0.680405 17.824900 24.943600 
635 2 5.019160 20.602000 25.951300 
659 2 8.409540 25.088300 21.600100 
753 1 4.980860 15.723500 26.039700 
700 2 4.751030 26.069100 26.459800 
302 1 10.948800 23.141300 23.254900 
1343 2 10.903700 25.482200 13.510500 
1482 1 4.275830 22.143000 13.295200 
1977 1 2.567050 17.527700 26.235300 
303 2 10.157900 14.882800 13.432200 
1767 2 20.145200 13.029900 10.561200 
740 2 22.628900 0.565519 12.143000 
1148 2 23.212600 4.471840 7.171890 
1733 1 15.029900 9.128910 0.536204 
1663 2 13.934600 0.564886 3.701990 
634 1 19.262400 13.267800 3.302470 
147 2 15.796900 10.471700 10.776200 
791 2 19.737600 10.136900 0.244445 
125 1 19.581400 2.932850 10.596900 
499 2 22.262100 5.941880 7.487440 
1909 1 14.703300 6.716960 10.042200 
1462 1 19.588400 1.176950 1.574920 
229 1 22.615800 5.318180 7.125850 
1373 1 24.428100 1.889520 6.411600 
241 1 13.907400 2.121760 5.343640 
208 2 21.508400 12.296200 6.580540 
1853 1 16.042500 12.233800 2.188940 
517 1 13.908200 7.376210 5.256090 
1799 2 16.995400 12.627200 1.610040 
1115 2 25.473900 4.065610 0.539906 
1376 2 17.205600 7.977010 11.006500 
1607 2 13.900200 12.204100 7.215530 
1533 1 19.770700 5.876510 12.703100 
334 1 21.508900 10.938800 7.032520 
1464 2 16.545900 11.825300 3.503200 
679 2 19.294700 2.631060 10.605800 
149 1 19.342100 3.913880 4.835960 
890 1 18.328100 13.178200 8.582620 
974 1 14.439400 13.268400 1.001660 
1230 1 19.838900 0.965630 10.814400 
508 2 13.569500 10.271800 3.901740 
427 2 20.124100 7.999300 3.386330 
1407 2 25.665100 0.560810 7.807510 
1599 2 20.728100 0.603928 0.855776 
1708 2 18.495400 12.509200 9.760340 
962 1 14.687700 2.894670 4.785130 
525 1 23.640400 6.728820 11.119500 
41 1 16.343200 8.984680 10.602500 
775 2 24.397700 3.413580 8.637710 
299 2 13.530600 9.104150 2.523550 
982 1 15.300600 9.313410 13.070200 
184 2 22.071700 9.180370 6.835770 
1946 1 24.911800 10.110900 4.327350 
1813 1 22.562800 7.985170 10.535200 
1721 1 26.196800 6.340980 11.095200 
610 1 25.872800 8.738030 2.388630 
1869 1 14.764100 5.062370 3.748500 
839 2 16.666700 4.249930 5.144010 
1184 2 20.187100 9.690750 10.204500 
128 2 19.603600 6.766590 8.758840 
1473 1 20.257000 0.502707 5.393570 
718 1 16.841200 3.707700 3.137150 
1933 1 17.824400 5.858690 1.802400 
742 1 16.601300 10.519400 5.965460 
1271 2 13.895300 8.004930 6.900020 
195 2 15.003800 6.750360 0.569657 
321 1 16.761600 4.735690 8.771490 
1756 2 19.682600 8.121980 4.333680 
1696 2 22.734100 9.592440 4.482150 
1732 2 15.662700 2.668200 3.330090 
1467 2 22.626400 8.898370 2.020700 
242 1 15.270200 4.658370 2.079490 
414 1 17.346500 2.273790 0.725546 
492 2 20.182500 2.898840 3.889870 
288 2 15.772200 7.075050 8.781490 
1079 2 16.587000 7.250280 7.464950 
548 2 15.420900 3.329000 13.225600 
1145 1 16.915600 13.096100 8.702470 
1645 1 24.368400 9.629690 10.060400 
461 1 16.311300 9.535800 8.749990 
182 1 14.956600 1.622710 12.104700 
1686 1 15.914300 8.487150 2.374430 
375 2 22.789800 4.019340 10.825100 
1141 1 20.734300 6.965850 0.497265 
1137 1 20.671900 11.281100 5.174930 
776 2 15.356200 10.299400 6.519400 
146 1 13.419500 6.528040 11.997500 
926 1 18.431000 9.131270 1.127800 
649 1 23.405100 9.221520 6.713180 
62 1 16.787800 7.499710 8.171510 
220 2 23.625100 10.500600 1.895300 
595 2 25.315800 6.597120 5.046980 
237 1 17.345500 12.676900 4.344610 
1701 1 21.940000 10.731200 11.378200 
379 2 16.618200 5.006040 10.484500 
1636 2 17.931900 4.260010 5.913120 
958 1 14.903200 12.021600 10.069700 
45 1 24.086500 0.737768 12.981700 
887 2 18.638000 4.345680 2.797320 
1221 1 17.342400 7.056250 0.954584 
1200 2 15.023500 8.848140 0.399764 
164 2 26.325000 9.616260 1.346460 
999 2 21.913900 8.243400 9.517580 
1135 2 21.181100 11.276600 10.966600 
187 2 24.122800 10.780400 1.330660 
1847 2 22.402500 6.627870 7.875140 
1039 2 15.836200 3.127460 12.795700 
166 1 16.974500 0.487456 8.731300 
1175 2 23.776100 6.829030 11.178400 
1470 1 19.913100 4.062340 12.154000 
1697 1 24.039300 2.334830 11.061800 
844 2 14.337800 12.057300 10.684700 
1374 1 24.893200 7.413610 8.550350 
1948 2 13.983000 8.316910 10.883100 
1773 1 14.589100 3.595350 1.169490 
1880 2 24.771700 2.679890 3.364580 
813 1 15.835700 3.395990 12.821500 
1605 1 21.796900 12.201600 3.226720 
289 1 17.354700 6.749830 10.132700 
1351 2 24.280700 13.325100 9.553070 
1792 2 23.879800 9.695340 7.184250 
167 2 24.155900 7.967170 5.231570 
1678 1 14.046800 3.962650 7.310970 
1782 1 19.686800 12.435200 9.449830 
252 2 20.892800 0.043953 2.894980 
397 1 22.730000 6.859270 7.304330 
904 2 16.788700 2.343410 6.664340 
1183 2 15.836300 2.752600 3.051320 
223 2 22.875700 4.677700 2.712000 
607 2 14.041200 6.574020 9.379270 
1846 1 16.921100 1.389620 5.673100 
1310 1 16.418600 1.970420 7.640300 
1425 1 23.776300 12.633900 12.851700 
22 1 22.730800 8.932780 1.024540 
620 2 14.797300 2.576200 9.458430 
14 1 25.189800 7.001440 3.475950 
272 2 19.546700 3.048110 11.206300 
1564 2 19.542900 11.874700 4.604260 
1887 2 16.948200 0.184131 6.146090 
411 2 22.482700 11.809000 4.419060 
993 1 19.849500 8.580940 7.558990 
509 1 17.476800 10.274500 12.528800 
300 2 22.706400 7.272000 10.585900 
29 1 19.846400 5.318830 3.791400 
238 1 16.451400 11.830500 3.358210 
194 1 22.945500 4.336000 11.024900 
1098 1 21.271400 2.507180 3.293500 
1330 1 20.514900 9.004250 11.605000 
55 2 20.607600 2.793940 5.738130 
788 2 22.782800 5.762350 11.301200 
438 1 24.192000 1.150830 1.818430 
265 1 24.006500 0.899637 3.913910 
694 1 26.571100 12.568100 3.126400 
1543 2 14.060100 0.870696 10.068800 
984 2 14.583800 4.920900 3.754570 
160 2 26.253700 0.841705 6.918670 
651 2 20.977800 6.751600 1.223860 
601 1 22.609600 5.474260 8.827710 
1332 2 21.954400 4.701720 2.745280 
1213 1 25.720100 -0.092226 10.440100 
260 2 20.766500 12.555000 3.706770 
1153 1 23.375400 13.191700 5.099770 
136 2 21.774400 12.669400 9.758100 
394 1 21.094700 12.845200 11.062900 
855 2 15.106300 6.354400 10.643000 
1347 2 17.850700 6.769320 0.844464 
1474 1 19.292100 10.436700 9.854530 
784 2 18.734100 3.751890 0.403897 
1829 1 14.620300 1.311350 1.977360 
1898 1 16.100200 0.933248 10.961700 
1440 2 17.621600 6.821520 2.489970 
1731 2 16.053500 8.861720 2.346180 
1502 1 24.020300 11.563300 10.465600 
346 1 13.945300 8.944780 3.281100 
230 1 13.745600 3.022820 10.443500 
1639 2 18.960500 12.851300 8.606170 
719 2 19.851400 9.119690 10.349900 
655 2 24.479200 1.871350 3.247900 
1653 1 24.826400 10.866400 2.109100 
914 1 19.876600 4.434410 1.139600 
1125 1 13.956300 7.754160 7.833930 
588 2 23.492200 11.003500 10.416400 
413 1 24.266900 5.332630 0.947642 
687 2 18.495500 9.378140 7.481840 
472 2 23.741800 1.146520 0.926785 
1369 1 17.954000 7.969470 5.423460 
1657 1 20.621400 12.755800 6.977830 
1591 2 14.930700 11.208700 1.293430 
1404 2 16.176200 12.709800 0.912430 
250 1 22.623600 0.343743 11.169500 
91 2 23.648200 1.466120 11.712100 
1104 2 25.047300 9.166010 3.881180 
1682 1 13.272700 8.451120 10.083800 
1894 1 21.260900 7.107490 4.662740 
1928 2 13.428500 0.450954 4.434200 
924 2 18.658800 9.409620 0.950087 
1649 1 25.661700 5.003360 3.943640 
312 2 17.710800 6.641510 2.553590 
1749 1 23.642300 7.337150 4.636480 
1521 1 21.671200 6.363280 10.629400 
558 1 20.405300 7.654120 2.431970 
1007 2 23.847800 9.561110 9.658840 
1091 2 14.937700 4.018070 1.331560 
152 2 19.962300 5.758480 13.282300 
381 1 15.099400 10.885800 6.803660 
1700 2 25.868500 12.367200 2.362300 
466 1 20.495400 9.039470 4.702260 
445 1 26.523400 0.653233 9.495710 
1828 2 19.681900 5.818140 3.558440 
953 1 22.564800 11.178700 9.114690 
1581 1 18.903000 9.964320 7.537710 
671 2 19.671200 12.308400 3.092950 
1052 2 15.412200 0.235858 11.862500 
1556 2 25.050000 3.993630 10.660300 
1658 1 23.923400 10.704000 1.341120 
1036 2 15.338300 0.151874 7.911910 
1289 1 15.406000 7.329880 6.440070 
1889 1 25.374400 3.793770 8.902370 
535 2 26.491300 9.619000 11.783100 
1584 2 25.480000 6.874590 4.474830 
1391 2 17.258700 7.612560 4.265540 
1669 1 18.832300 10.865100 3.171820 
1172 2 25.916700 4.479540 2.576580 
367 2 17.631600 5.338370 8.241040 
1009 1 22.148700 8.812330 8.444130 
1983 2 26.408300 9.260540 2.561460 
1854 1 25.760300 1.318170 7.934760 
521 1 24.660100 3.808200 3.645000 
1128 2 18.982900 9.417250 6.682010 
1222 1 21.600100 -0.069625 6.365230 
1437 1 16.877300 5.426990 12.995400 
909 1 25.103800 12.958100 5.851200 
1192 2 22.772400 6.471680 7.666910 
1231 2 24.520500 1.911310 3.803810 
1041 1 25.650500 10.199900 7.786870 
1858 1 17.637700 4.952560 4.161930 
1371 2 22.655000 11.462300 5.613150 
133 1 25.381500 3.654130 1.741940 
5 1 22.470600 9.285000 2.692830 
1900 2 21.516800 1.457100 6.667590 
50 1 17.991800 5.177080 6.660130 
766 1 13.599100 8.325770 1.133160 
480 2 13.772300 5.881160 7.474120 
186 1 20.964100 3.599810 5.802590 
1306 1 18.078600 7.310660 3.434310 
1643 2 21.630200 11.831800 7.977950 
1037 1 21.955800 5.357860 2.447260 
335 2 19.696800 5.710870 12.438400 
244 2 15.450200 0.413611 9.958500 
1659 2 16.796300 11.260100 6.232480 
950 1 18.450200 4.018940 11.237000 
1812 2 25.306500 12.741500 6.401560 
964 2 16.573800 0.226268 1.575400 
692 2 18.008500 10.551600 12.399500 
913 1 25.900700 7.405410 19.548600 
1990 1 24.347800 3.028270 14.240400 
664 2 25.998400 10.912700 25.556600 
1922 1 24.381200 4.833110 18.314000 
1460 2 23.696800 6.708620 16.334200 
1919 2 23.106000 2.397200 16.711900 
1560 2 25.914600 8.162690 25.036800 
1779 2 17.010600 7.101250 16.361700 
537 1 23.819300 2.934330 26.512400 
1386 1 23.083000 6.568540 25.863100 
1578 1 23.435700 6.683070 13.941000 
505 1 13.994200 1.546530 24.789400 
867 2 16.064000 2.107360 25.955500 
227 2 25.958800 9.897860 14.954500 
1523 2 23.197000 12.541200 13.253600 
1140 2 14.368900 2.675190 24.502200 
1609 1 15.932900 8.616270 21.081000 
1177 1 19.996800 5.550680 14.343400 
225 1 20.339100 5.550840 17.484900 
1430 1 18.019900 5.312420 23.685100 
1666 1 21.643800 9.840220 24.125000 
1548 2 19.054800 6.216730 24.655400 
1350 1 16.584700 8.189540 16.630500 
1865 1 18.412700 12.644000 14.890300 
1287 2 15.334600 5.397540 23.149400 
395 2 25.726900 4.933390 16.945500 
1993 1 19.892600 0.909119 16.648500 
1500 2 19.963400 9.365270 18.642800 
884 2 18.596000 2.535240 24.830500 
255 2 17.334700 4.742000 18.569500 
1269 1 21.594300 12.032300 25.078200 
1962 1 22.317600 3.533620 18.389100 
1719 2 15.353400 11.811000 17.385200 
616 2 13.770300 8.070150 16.271600 
1147 2 13.605300 5.855760 15.482200 
1321 1 14.165100 8.548580 15.519400 
459 2 23.203900 6.421880 16.420600 
1062 1 26.274400 4.796180 16.990400 
357 1 26.318800 10.668900 25.568900 
84 2 16.846700 3.262480 22.833900 
1545 1 17.812700 7.145160 17.072100 
983 2 25.907100 12.911400 21.605400 
988 2 16.466900 10.720600 17.976800 
1357 1 21.985500 5.684890 18.944300 
13 1 26.008900 11.461600 17.219300 
876 2 17.573200 9.378190 23.708200 
1070 1 16.796400 2.948280 13.676200 
617 1 26.047700 1.965490 18.368100 
1443 2 21.841000 0.237308 24.083300 
994 1 16.373600 1.931870 25.275100 
1927 2 22.075100 7.429790 23.054200 
599 2 18.886000 9.693460 17.961000 
587 2 19.927900 2.631930 20.588500 
1836 2 24.389100 11.081100 19.309400 
1162 1 23.575300 3.820170 22.343700 
235 2 14.656200 8.809090 15.165400 
1286 1 22.825900 8.098680 25.261600 
956 2 22.688000 6.126620 26.465100 
1448 2 14.898100 12.764300 24.857600 
295 2 15.319600 0.644953 19.235400 
28 2 17.952400 7.199150 13.423300 
61 1 25.818200 9.321750 24.132500 
1040 2 25.542800 5.793470 16.596200 
1809 1 21.640600 11.344700 22.330500 
1860 2 24.007100 9.167190 16.405600 
1014 1 13.725100 10.197800 24.952700 
1570 1 24.897900 3.341190 23.551800 
181 1 15.207400 12.019500 14.507400 
869 1 25.918200 2.003620 23.973400 
1259 2 18.008000 13.258900 23.291300 
451 2 25.066200 5.477480 14.083200 
1116 2 26.682200 7.199040 22.208700 
796 2 19.557400 8.397630 17.799700 
1514 1 19.187300 7.581990 21.501800 
531 2 15.308000 0.971304 13.769200 
502 1 21.243700 4.130580 19.352900 
248 2 13.945400 3.239260 26.298100 
1910 1 23.953800 11.698100 21.202900 
1489 1 21.080200 11.970700 16.998500 
693 1 13.464700 4.582790 25.861200 
1970 1 25.204600 5.790480 13.517100 
311 2 20.864700 4.738820 14.689700 
287 2 14.174200 12.210000 22.205800 
361 1 18.046100 9.067820 24.913900 
1726 1 16.581800 7.830020 13.806800 
353 1 19.269600 2.653070 20.712500 
31 2 19.480700 2.678900 21.809300 
388 2 25.215300 10.923800 22.220300 
1814 1 15.724200 5.517230 15.974000 
1264 2 26.538600 2.915330 18.185400 
1856 2 19.528000 2.197560 17.523000 
1660 2 23.962500 0.400548 23.321000 
896 2 23.187400 10.408800 16.801100 
1463 2 19.255000 8.321900 16.949800 
1217 1 22.844400 7.421360 16.058700 
932 2 18.010400 3.540240 19.270300 
957 1 16.826300 3.651230 18.246800 
398 1 13.600400 3.688640 21.095200 
1174 1 24.583900 10.808700 22.709000 
1410 1 19.127700 8.683270 17.334500 
971 2 26.229200 1.417030 22.168900 
1837 1 24.959400 3.244810 19.961600 
1825 1 19.112400 10.341400 13.641900 
1030 1 16.887000 6.551100 15.600800 
1384 2 17.464400 7.738490 21.415700 
606 1 25.040500 5.808140 15.840400 
110 1 19.743000 3.035550 25.567700 
1068 2 22.021700 12.768000 21.081000 
1706 1 24.192000 1.421430 23.114200 
819 2 17.603600 0.999002 17.038300 
1254 1 24.757000 6.647470 25.132000 
126 1 15.968900 10.840000 17.749200 
342 1 20.314500 11.828400 26.032500 
127 2 15.595000 10.688600 25.049100 
1113 1 20.859200 7.222700 23.173500 
1923 2 16.228100 8.981490 19.982800 
65 1 23.106700 8.956470 18.800300 
948 2 13.450500 9.355990 23.866700 
1752 2 14.286000 4.976740 18.698800 
1204 2 14.631400 6.377010 22.522300 
728 2 21.553800 10.597600 24.164500 
1976 2 22.968200 3.326910 16.719100 
882 1 18.713200 0.269867 22.969700 
179 2 22.973800 10.190800 24.647500 
987 2 16.013200 9.985270 24.064900 
1541 1 25.089300 12.963900 18.051100 
322 1 15.131000 8.787510 19.668100 
763 2 18.916200 9.841980 20.114000 
464 2 18.531700 12.917600 22.138500 
338 1 14.559000 12.347200 25.089100 
771 2 20.721200 10.900000 22.553300 
171 2 20.835800 12.569700 25.455900 
1630 1 22.250600 13.122300 18.886700 
1509 1 19.529800 11.379100 20.650000 
1859 2 25.136200 2.241910 14.492100 
294 1 21.308800 1.984530 26.528100 
1434 1 13.640800 8.553160 23.072600 
695 2 19.613800 5.475190 16.576600 
172 2 15.447600 12.171900 17.365900 
142 1 18.782800 7.126780 14.220400 
560 2 22.036700 3.595720 25.034100 
1152 2 20.616000 5.644480 17.353300 
724 2 15.416700 8.474880 19.950500 
1411 2 26.077000 2.805050 19.636400 
1366 1 18.022600 3.774680 19.559100 
276 2 13.523100 8.416680 16.480700 
1728 2 24.275700 6.326690 13.622400 
487 2 22.737700 4.138620 22.504400 
990 1 14.680100 1.046700 21.626300 
1787 2 18.561900 6.312680 23.362100 
1291 2 19.406700 9.589330 13.925500 
104 2 24.907600 4.110730 20.705200 
320 2 15.934000 5.647670 16.095400 
59 2 16.305400 9.195480 13.362600 
1758 1 24.605000 10.072400 20.130100 
456 2 21.127400 9.357220 22.874700 
1247 2 18.681200 1.779560 13.306100 
1071 2 26.601000 12.159400 17.360500 
1311 2 16.610800 2.060050 23.029800 
762 1 17.220000 11.927300 21.187600 
743 2 23.815300 10.250900 16.433100 
1132 2 23.753200 2.733050 13.874000 
969 1 14.835700 6.629420 24.794500 
1054 1 20.981600 0.168415 24.609700 
291 2 25.784100 6.417310 24.391300 
591 2 21.894000 4.256780 19.114900 
217 1 17.630300 1.163280 13.985300 
25 1 15.384600 0.558515 15.692300 
73 1 15.309400 3.856680 23.589000 
1294 1 23.667300 10.265400 23.989200 
226 1 18.120200 8.111840 20.202000 
462 1 21.534800 6.963110 20.933700 
757 1 23.506700 1.536540 15.482400 
1738 1 20.020400 3.724640 17.093800 
1298 1 15.080700 11.205700 17.104500 
1774 1 16.838200 2.327190 22.888900 
756 2 22.866300 4.671360 18.907700 
1494 1 17.831500 9.375720 23.313200 
372 2 16.003700 8.917270 15.784600 
247 2 25.287300 3.264510 19.940400 
959 2 22.350700 8.094870 19.816200 
58 1 21.191100 8.887070 19.077800 
1690 1 21.857000 1.548330 22.101100 
1203 2 14.347900 1.581300 22.135400 
583 2 19.392500 12.609900 15.355700 
1381 1 16.273400 8.510620 23.119100 
1590 1 25.049800 0.817645 20.491300 
468 2 26.405000 11.884000 21.206200 
494 1 17.492600 1.836700 16.699800 
1761 1 14.685500 6.447240 21.800300 
1634 1 19.769800 12.337800 15.488400 
376 2 23.047700 2.918370 19.595300 
1094 1 24.635800 3.098410 16.715200 
46 1 22.343100 12.465100 14.717800 
1616 2 22.299300 13.000600 14.106200 
1863 2 20.568300 2.373260 17.568500 
803 2 22.637700 7.522840 26.020200 
574 1 21.476200 5.533390 25.408000 
118 1 20.140100 8.577980 16.301700 
557 1 25.762600 10.226500 15.404000 
1920 2 14.963600 8.914470 22.801400 
965 1 23.659200 6.641750 16.990400 
363 2 26.162800 9.439940 20.594500 
553 1 19.578200 10.948000 18.020900 
920 2 24.344600 3.748870 23.198500 
12 2 23.245600 12.731400 16.415500 
1805 1 19.253000 6.143390 24.528900 
1513 1 25.915800 11.775000 19.032300 
251 2 20.260300 7.432910 21.454400 
944 2 15.935300 0.813115 18.679300 
684 2 20.600900 6.624700 20.955400 
854 1 24.785200 8.542290 15.230600 
738 1 18.873500 9.034150 14.482300 
1442 1 20.737200 9.149710 22.771500 
1296 2 25.494800 0.609446 21.875900 
815 2 20.210400 1.433080 25.175600 
1042 1 24.871100 12.516100 24.899200 
834 1 22.141900 3.122120 16.593900 
619 2 23.154700 0.249011 18.546700 
750 1 14.619900 5.242070 17.580500 
1078 1 22.695800 5.829480 15.943300 
511 2 23.244300 10.066000 20.447700 
624 2 19.587600 8.726500 15.797100 
1019 2 25.067200 3.226250 24.028200 
1038 1 26.210300 7.109780 22.145300 
1164 2 16.552000 2.277810 15.490300 
754 1 14.455400 3.325770 19.313800 
603 2 23.959800 11.092400 21.878800 
1418 1 22.202200 1.516650 17.987300 
385 1 19.625400 12.605600 23.021600 
140 2 19.824200 7.188200 24.806200 
1692 2 17.019100 12.221600 20.931200 
1383 2 13.222500 3.143090 18.345500 
1554 1 15.277900 12.081400 22.862200 
1182 1 23.004900 4.684870 23.280800 
1683 2 18.951400 5.370530 23.606200 
1537 1 17.096000 0.262495 17.693200 
1378 1 18.042500 2.663880 24.064800 
1940 2 18.907900 10.907600 25.614900 
857 1 25.176200 11.828300 21.822900 
202 1 16.254400 12.433000 18.219800 
391 2 22.876800 2.800280 26.537300 
1725 1 20.737700 4.045640 22.703200 
1439 2 22.778100 6.478610 16.411800 
1681 1 20.257600 10.586000 25.651200 
712 2 23.175900 6.005940 25.900700 
453 1 15.119700 12.375500 17.348600 
249 1 23.191500 11.959400 16.062200 
213 1 18.814000 1.173740 19.291400 
1390 1 15.064300 5.683980 23.152900 
483 2 19.274500 0.056131 18.828800 
1345 1 18.511100 0.061109 18.323700 
792 2 18.726700 11.187900 13.757600 
559 2 17.583500 5.908470 13.721700 
1333 1 26.353300 2.522730 22.337700 
108 2 13.396100 2.929090 21.408400 
563 2 26.270500 10.802600 24.897300 
309 1 25.330700 13.197600 20.799000 
1455 2 13.965300 7.973610 26.124600 
554 1 23.239200 4.884570 13.478200 
1844 2 21.725600 11.783300 26.386100 
1938 1 16.747700 12.182200 26.157000 
1501 1 15.754400 7.885990 26.449500 
873 1 20.757300 24.079400 7.709630 
746 1 16.659500 21.334900 3.855640 
774 1 24.432400 24.311600 2.766270 
1627 2 14.211500 15.957300 5.545850 
161 1 16.389100 25.775700 0.434854 
35 2 20.190400 19.234700 7.312660 
457 1 18.060800 25.971600 6.401100 
809 1 18.326600 16.769400 1.466400 
1108 2 16.139200 18.395600 5.428810 
183 2 25.427900 17.723000 6.508450 
4 2 25.883900 19.818900 10.342900 
1535 2 25.883000 19.416200 3.796410 
350 1 19.725400 19.448500 7.233370 
1452 2 25.322200 25.193400 3.334760 
1672 2 15.447800 19.623100 13.182800 
1618 1 21.858800 23.036700 7.467200 
626 1 20.559300 22.398400 12.205900 
1748 2 18.651900 25.703100 4.460870 
833 1 26.701400 19.692500 2.679190 
806 1 13.448500 26.034800 11.091700 
991 2 17.629400 18.901000 10.973800 
6 1 22.910400 14.747300 1.240050 
409 1 23.616100 21.480300 1.700120 
1617 1 20.316000 25.270100 9.964450 
308 2 19.493600 15.443500 3.521780 
1208 2 20.194800 22.929700 11.920000 
865 1 20.797700 17.815300 1.304840 
918 1 19.699800 14.630700 11.141400 
293 1 14.601100 16.218500 5.410560 
1824 2 20.010900 14.749900 12.793400 
1737 1 20.414000 22.795100 9.889890 
1024 2 15.389000 22.907500 1.511220 
156 2 14.538200 25.702600 0.938137 
526 1 14.378200 15.625100 7.000450 
1436 2 25.058600 23.590800 8.476190 
1288 2 23.452100 16.737700 9.798920 
1322 1 23.789400 23.879300 10.568600 
1169 1 20.356900 18.202100 12.932900 
1285 1 16.937200 17.866100 4.230290 
835 2 19.813200 25.740900 8.748960 
1490 1 25.762200 15.788400 1.941590 
1515 2 13.337100 18.024700 7.268210 
963 2 18.601000 26.006100 10.757000 
1722 1 16.917000 22.302300 9.531460 
1757 1 21.929400 15.808100 5.111990 
64 2 25.754100 14.077400 12.961600 
875 2 18.349700 16.736500 4.912790 
1318 1 20.741000 16.613500 6.061110 
1075 2 22.592100 15.438400 2.344580 
1475 2 23.342400 23.260800 11.250700 
785 1 25.181200 18.048300 3.239920 
585 1 18.131600 24.942600 10.968600 
1304 2 19.100900 24.569400 6.863430 
1555 2 25.092000 21.472100 6.586310 
1301 1 23.945000 25.546400 6.684980 
347 2 17.933300 22.177600 8.811790 
1845 1 24.658400 17.663700 7.532820 
633 1 25.485100 26.213200 4.016830 
198 1 20.591100 15.413400 7.261830 
94 1 18.776500 22.133600 3.137190 
315 2 26.256800 18.729800 2.418720 
533 1 15.483600 19.482900 12.538400 
1841 1 18.342500 19.364100 11.368000 
1680 2 25.674700 21.210800 7.125890 
504 2 13.549800 18.403300 7.096150 
452 2 17.072900 17.264500 12.191300 
112 2 22.914400 24.955500 11.396600 
1698 1 23.942200 16.148900 4.727720 
935 2 24.922500 24.948600 7.443300 
1907 2 24.782700 17.916100 9.309560 
1127 2 19.128100 26.273000 3.882490 
467 2 16.125900 26.102500 8.079310 
758 1 21.966200 13.853000 8.862850 
1250 1 21.574400 21.694700 3.341020 
1921 1 25.743000 22.408000 6.788640 
1594 1 14.480600 13.937500 2.979280 
93 1 19.970300 15.920300 1.240180 
1006 1 16.692800 13.640500 0.774234 
1965 1 26.293000 25.571500 6.595370 
660 2 22.973300 16.054300 6.057850 
905 1 23.180600 19.196300 8.914110 
37 1 14.980200 16.138700 12.679000 
1206 1 26.367400 16.547200 6.701480 
1380 2 16.576100 23.540800 11.467600 
1477 1 24.940500 24.169500 8.125690 
1957 1 18.551000 22.857200 11.646300 
1795 2 16.926300 20.699400 6.106490 
696 2 13.584400 21.016600 9.006600 
538 1 16.447600 20.154100 9.318110 
1875 2 20.639200 18.263300 0.732345 
174 1 23.382800 20.015200 13.046600 
1575 2 26.040200 16.419300 0.226888 
21 1 14.397100 18.949700 2.054950 
1984 2 17.777900 18.413100 3.338020 
7 2 21.313200 25.328100 13.395800 
1583 2 26.012700 21.689700 7.270930 
903 2 18.533200 16.276900 1.453860 
366 1 25.050200 21.491700 8.125380 
597 1 14.200300 15.349800 9.526170 
1772 2 20.416400 15.264000 10.430000 
1142 1 15.911600 20.241700 5.264810 
2 1 19.342600 18.765400 1.585630 
1268 2 14.224200 14.023000 4.056200 
629 1 19.753800 15.397500 4.117730 
1593 1 16.621500 18.077900 6.338210 
360 2 26.189000 19.169000 4.334690 
735 2 16.594400 21.137700 0.438149 
1613 1 19.315900 20.074700 9.099950 
863 2 24.810100 24.639900 1.498230 
1744 2 16.388300 15.117300 3.480780 
1914 1 19.360900 18.686000 4.201630 
1679 2 24.886000 18.885700 12.916800 
51 2 22.786800 21.928300 10.760200 
1852 2 23.471300 19.760000 11.630400 
132 2 15.548400 22.843100 7.519640 
471 2 21.558300 26.158800 5.492560 
1190 1 15.290600 23.935800 7.862390 
1724 2 17.937700 20.010600 0.392620 
1568 2 18.105000 18.856500 8.095940 
460 2 21.180100 21.948900 2.637390 
1596 2 19.631400 18.721700 12.634900 
916 2 23.642900 25.440800 5.993410 
782 1 13.741500 13.347800 4.524050 
401 1 18.196400 21.965100 7.342790 
1547 2 24.216700 13.921900 5.273820 
1449 1 15.053700 22.454900 5.420780 
568 2 19.428200 15.999300 6.070830 
1370 1 16.429600 22.621700 1.253230 
1670 1 25.279800 16.173700 9.676910 
89 1 20.079900 21.719300 6.392290 
1349 1 16.717300 19.217900 1.491760 
1935 2 19.284600 15.114200 4.348850 
455 2 15.318900 17.869200 7.226690 
1874 1 22.527200 25.384300 12.303100 
1559 2 14.395700 20.731600 11.808800 
266 1 22.562000 23.886700 11.156800 
1992 2 21.609500 20.261400 9.019890 
1066 1 21.618200 26.029100 3.872250 
1275 2 16.970900 22.600600 10.769800 
1461 1 21.445000 23.922000 2.823910 
1629 1 15.798200 25.481000 11.519800 
1730 1 17.863900 25.334000 7.703870 
325 1 24.326600 13.278800 9.352450 
721 1 21.780500 16.430700 8.922300 
40 2 17.616600 15.739500 10.484800 
1454 1 16.853400 16.615700 7.665100 
1942 1 18.697800 25.257100 12.826800 
370 1 22.328200 26.108700 1.312100 
428 2 21.745800 23.667900 8.798600 
159 2 22.866900 23.568600 1.693100 
1806 1 18.222800 22.008400 0.909287 
1989 1 15.407100 20.670800 7.699230 
613 1 15.862200 15.152000 9.058460 
1080 2 23.511200 13.782200 13.037000 
552 2 19.254700 21.178900 9.394590 
1243 2 22.340500 19.761200 3.072010 
1451 2 15.222900 18.205100 1.594650 
1211 2 14.721700 17.583500 1.488950 
1035 2 21.385900 22.341200 7.027870 
846 1 14.328000 26.248000 8.377430 
384 2 23.545600 15.368100 2.601520 
772 2 22.871400 21.836800 2.708130 
47 2 24.507200 26.222000 4.774430 
996 2 19.201300 21.811700 7.037220 
36 2 21.255200 21.932000 6.505150 
1428 2 16.242300 17.059400 8.684300 
680 2 21.196400 24.647000 2.635710 
1641 1 15.838300 22.052100 12.800200 
343 2 20.254200 17.604700 10.293400 
124 2 20.396300 18.445000 -0.135203 
1675 2 25.119200 15.272400 2.958690 
797 1 18.182000 25.734500 3.470410 
470 1 23.576600 20.857900 3.604530 
1260 2 23.907300 18.467600 0.131769 
206 1 15.335300 25.788100 5.585880 
1018 1 16.729200 23.789100 4.095810 
1417 1 22.062500 19.905300 2.707100 
1315 2 16.376400 15.540800 9.795440 
1120 2 26.234500 16.534300 2.583310 
1741 1 21.885500 21.729600 6.836440 
1656 2 25.575800 25.791900 12.921300 
263 2 18.949000 20.395700 3.621240 
1770 1 17.429800 17.735700 11.852200 
256 2 16.793200 21.492800 3.603570 
139 2 16.435200 24.951300 5.852140 
49 1 18.463500 16.092100 10.048800 
1592 2 14.387800 18.469200 2.382620 
1960 2 13.559900 18.981900 4.653680 
478 1 14.339200 17.923100 0.860678 
1780 2 24.003000 20.855300 3.022260 
975 2 20.627500 25.447100 2.883040 
561 1 17.932600 18.958300 8.678920 
961 1 20.338100 25.654500 3.672530 
92 2 15.468400 20.860500 5.130180 
510 1 24.547100 26.081900 1.496520 
1538 1 19.173000 24.080000 4.223700 
862 1 13.667400 19.265500 3.972460 
1441 1 13.214800 26.367000 4.498760 
1518 1 26.136700 18.410100 4.886730 
1195 2 16.860400 13.672100 5.054680 
1027 2 20.930900 15.021200 6.714710 
1158 1 24.387800 18.407300 10.377300 
653 1 15.496400 18.062200 5.261990 
688 2 15.820000 20.104000 9.331650 
1072 2 18.790500 25.084500 8.173270 
1550 1 15.904300 13.834000 5.539730 
1648 2 22.888900 25.234700 1.266200 
102 1 17.102000 15.980200 3.142780 
1786 1 25.962400 20.337800 10.685200 
1519 2 21.369600 17.746700 13.073400 
196 2 19.889400 15.719400 5.208830 
1517 1 13.956500 22.279900 1.377520 
879 2 22.583100 22.271100 3.179650 
189 1 21.497800 20.430900 9.553480 
1827 2 17.858300 24.815500 4.098690 
1994 1 23.323700 14.566800 12.296300 
582 1 24.169000 22.205100 11.780200 
731 2 22.847400 16.405300 4.842370 
1100 2 23.179400 18.666500 5.944820 
1831 2 15.657400 21.986000 4.698840 
1884 2 26.163500 17.110800 1.721250 
458 1 21.689200 13.746500 6.920790 
1893 1 22.221200 21.968800 13.147400 
1727 2 16.523100 13.592800 8.893370 
874 1 25.851100 21.989200 13.265200 
751 2 13.767000 24.792800 0.006759 
1392 2 15.701000 15.876300 7.558240 
1561 1 15.370900 17.244000 9.434010 
1973 1 25.706100 20.388300 5.195190 
185 1 18.444000 16.601200 5.214850 
1121 1 22.851500 25.589600 5.847080 
98 1 13.231900 15.116300 12.240200 
1709 1 24.059200 15.005800 3.157410 
1754 1 26.261300 17.636000 1.421640 
377 1 25.402900 14.751900 0.610962 
1053 1 15.289500 24.157000 2.506490 
1012 2 20.588500 26.225900 10.245900 
1883 2 24.953400 14.573400 12.982400 
131 2 18.921100 22.172200 12.277400 
121 1 25.737600 18.555600 12.756800 
39 2 16.292400 24.896200 1.845050 
245 1 22.945800 23.869200 0.958073 
1553 1 23.951900 19.609200 1.099140 
355 2 16.239200 16.237700 13.039000 
1060 2 19.247900 16.745200 1.257050 
527 2 17.047100 21.989900 0.055145 
191 2 18.450200 18.104900 0.526722 
663 2 13.931300 14.137300 11.498000 
911 2 26.380300 26.688200 9.460500 
1662 1 13.740700 20.967200 8.431630 
1628 2 13.472900 16.387900 11.080400 
550 1 20.748200 13.725800 3.195160 
1064 2 26.223200 24.643800 11.381900 
770 1 13.932200 17.193700 11.381500 
1986 1 26.400200 23.037400 3.244240 
1399 2 14.002000 13.928500 4.261510 
199 2 23.910100 20.624300 0.376566 
170 1 18.076500 17.584800 0.366989 
1781 1 14.439000 17.325800 17.562700 
83 2 22.819100 22.557200 23.511200 
1295 2 13.487400 18.830600 23.241900 
931 2 15.726200 20.074200 18.691000 
1396 2 18.557500 23.552300 20.990800 
1735 2 19.414300 19.297400 16.321800 
1974 1 24.058400 14.100900 14.589200 
586 1 22.400800 25.686300 14.754400 
759 2 13.336600 13.721500 20.308800 
652 2 18.630200 14.075900 16.516300 
1422 1 16.852300 25.019600 25.129000 
417 1 26.225000 16.587700 20.137600 
405 1 25.844300 26.386200 23.122800 
581 1 24.844700 14.357100 25.742600 
81 1 25.429300 19.167300 22.699500 
928 2 19.045300 26.181600 15.933700 
1097 1 16.886000 24.478600 21.289400 
1926 1 20.942500 24.875300 22.507300 
1580 2 19.592000 19.343700 14.069900 
88 2 26.435900 23.838700 15.826700 
845 1 15.506200 15.232300 16.268200 
476 2 16.165900 19.758300 22.492300 
907 2 16.527900 26.152900 23.121700 
1119 2 22.074800 19.633400 23.953100 
103 2 25.667200 25.018600 23.064100 
1277 1 17.665700 14.737200 22.694300 
368 2 17.437400 16.916000 25.022300 
848 2 20.564000 25.618000 23.296700 
314 1 21.401800 26.231800 16.464800 
1085 1 18.908600 14.721600 13.187300 
1567 2 17.836100 21.534400 14.527600 
1389 1 19.832200 17.711200 19.144900 
336 2 14.466500 24.084800 17.539200 
378 1 14.531000 15.242100 23.765500 
1163 2 15.089100 23.773400 19.806500 
843 2 24.781600 19.001300 20.947100 
1367 2 19.354800 19.183800 22.280800 
27 2 24.221400 15.805200 23.133800 
665 1 22.281400 19.729800 25.124000 
1588 2 22.850300 24.904200 17.368200 
917 1 26.210800 15.573900 15.519000 
176 2 25.085600 24.930500 25.607700 
348 2 19.344700 14.710800 19.090600 
951 2 21.476200 18.833000 21.886200 
1985 1 25.234700 23.550600 15.859400 
828 2 20.265400 22.812900 14.343500 
115 2 22.958300 13.888800 18.459900 
1925 1 16.820500 17.986300 18.513500 
1981 1 16.946000 17.120600 13.827800 
544 2 17.103500 14.657000 14.148600 
1579 2 18.147600 23.804800 25.056000 
258 1 15.770900 14.061100 21.901700 
1929 1 18.936300 13.710400 15.949200 
1676 2 13.414400 23.743700 25.129800 
1665 1 16.573500 18.771800 16.258100 
1126 1 13.765200 23.860500 16.826700 
23 2 24.617500 13.835800 25.060800 
518 1 25.853800 22.212800 24.011600 
1323 2 16.373100 18.953000 17.881700 
1610 1 17.107900 23.971000 16.207900 
442 1 25.957100 13.656000 24.624400 
623 2 14.337500 23.179200 15.943300 
465 1 22.842100 21.574900 15.443200 
1791 2 20.515200 17.135900 18.858000 
1207 2 25.787700 22.796400 18.139400 
1188 2 16.687200 25.298900 25.085400 
1491 2 24.191700 16.482900 18.926200 
1918 1 20.043100 23.796800 14.231100 
812 2 17.784200 13.693200 26.207300 
222 1 23.794600 26.401500 23.791700 
625 1 24.398000 17.252900 17.857800 
1319 2 23.954100 18.589000 25.385200 
1344 2 14.731400 13.891000 22.442200 
1401 1 26.410500 23.132200 17.995900 
1312 2 22.193600 17.449400 16.437700 
193 1 17.563500 15.294800 25.287600 
1209 1 19.753800 19.042800 21.358600 
1798 1 21.311700 23.848200 17.496200 
1472 2 13.755000 21.339600 23.577100 
137 1 23.729300 19.930900 19.441400 
313 1 24.812500 24.289800 26.237600 
1710 1 22.698500 15.823500 18.686500 
1576 2 21.103300 17.594600 16.960200 
32 2 13.567900 20.923100 16.357300 
1138 1 19.134600 23.579100 20.682500 
138 1 22.580500 26.056300 19.346700 
1569 1 16.937600 22.418600 15.786500 
319 2 20.603400 21.357400 19.569600 
280 2 25.677700 14.289800 15.390600 
1400 2 24.032800 23.392400 21.298300 
143 2 15.178900 21.272200 20.506300 
952 2 14.070900 14.415700 25.185300 
1991 2 26.318000 25.642400 17.767300 
1420 2 19.607300 18.162500 18.124700 
807 2 22.361100 19.454500 14.614000 
406 1 17.903600 13.416300 23.023300 
1483 2 17.654200 22.546700 22.856400 
240 2 25.175000 21.359000 24.933900 
1394 1 21.324800 18.621000 13.776800 
17 1 25.369600 14.627500 16.707600 
1 1 15.280000 19.591200 22.688200 
481 1 19.768400 22.080000 14.016100 
941 1 21.416500 19.110500 21.973600 
1785 1 21.115900 16.255000 16.967200 
1703 2 16.986000 14.804800 21.560900 
1240 2 15.597800 19.961000 18.733800 
1867 2 21.312200 24.882700 20.166600 
1604 2 14.794800 22.021500 24.607600 
697 1 20.127800 15.799700 24.307400 
1895 2 16.485400 13.298000 17.633800 
203 2 13.806700 18.777900 19.281300 
474 1 13.656000 24.760400 25.136500 
593 1 25.712300 24.740300 14.172500 
1202 1 24.520500 22.516600 18.832700 
1356 2 26.449200 22.528100 20.855000 
1525 1 13.455800 21.249000 14.450700 
536 2 24.561700 21.477600 23.181900 
1715 2 20.469200 14.193400 17.161900 
306 1 19.836500 19.568300 14.117300 
1069 1 14.766800 17.073600 21.883700 
117 1 23.619200 14.800200 24.047100 
434 1 14.387400 20.993200 24.383900 
1808 2 17.138500 22.784000 15.480600 
919 2 22.430900 22.053600 18.870800 
1146 1 23.137700 17.675600 19.850600 
821 1 20.619100 18.101500 22.683900 
562 1 14.827800 23.339900 25.935300 
53 1 22.760100 18.469700 15.871400 
850 1 24.365000 18.481600 13.327100 
1171 2 17.683800 23.343500 17.472500 
1051 2 23.445000 24.056900 21.533200 
19 2 17.334100 19.203100 24.576400 
921 1 16.749500 25.965500 23.079400 
897 1 17.265600 15.543300 17.291300 
148 2 21.439700 17.630000 21.982200 
296 2 19.949200 19.865100 21.192400 
1050 1 23.640900 20.578600 25.467700 
555 2 19.992600 15.469500 24.857200 
1695 2 23.119000 22.117900 16.628100 
716 2 16.209800 25.960800 21.722400 
709 1 23.856200 21.905200 23.132400 
632 2 25.730500 16.203200 16.118300 
605 1 19.549200 19.643700 25.451800 
608 2 17.140000 18.047700 15.783500 
78 1 14.836400 14.643100 25.966700 
68 2 25.509200 20.727000 18.398800 
402 1 25.522200 17.912100 25.508500 
1226 1 21.034100 24.525700 19.622400 
1848 2 15.607300 16.355400 17.933700 
1359 2 24.700900 17.613200 16.396100 
1065 1 19.853400 19.139800 16.273700 
386 1 13.796800 21.313200 22.021900 
1633 1 26.388900 18.072300 16.705800 
1511 2 21.415300 16.668200 18.116800 
345 1 15.707700 21.284000 14.443200 
736 2 19.976300 21.503500 19.091600 
528 2 20.673700 25.222000 15.512200 
433 1 21.219400 19.105100 17.962500 
752 2 20.481900 26.234900 19.770800 
1047 2 17.362300 14.246800 16.211900 
686 1 21.688300 22.009000 18.245800 
109 1 15.002600 21.865800 20.016800 
1822 1 19.587100 25.627200 15.791500 
642 1 18.684300 21.261100 20.807300 
362 1 24.593400 23.816300 21.716400 
827 2 15.045700 24.131900 15.183200 
105 1 15.296900 23.822000 15.067100 
500 2 26.651400 21.633700 14.888400 
1481 1 24.985900 15.856000 21.001200 
1654 1 17.960600 20.922100 23.729700 
1096 2 13.563100 18.708500 17.508200 
1456 2 23.356800 21.379900 17.092600 
488 2 20.382200 15.350400 26.094000 
1432 2 16.674900 23.246300 15.596300 
177 1 15.370200 20.009100 17.723800 
899 2 20.231100 13.903900 20.726400 
1431 2 20.646500 26.072700 16.697800 
925 1 25.725400 21.208900 19.646400 
449 1 20.240900 17.546200 26.480200 
678 1 22.643500 22.831000 21.208600 
690 1 23.144800 24.242100 23.793300 
1912 2 22.951400 26.400300 15.029200 
1544 2 24.342500 23.309900 14.694900 
1246 1 22.456200 18.380100 22.732800 
1414 1 21.043200 20.789700 23.801100 
214 1 17.112500 22.231500 24.842000 
450 1 15.923800 19.510100 25.476900 
1028 2 24.608200 13.923800 20.991800 
1197 1 17.734000 18.710500 22.581700 
676 2 23.503400 19.811400 19.649400 
1346 1 15.214000 19.237500 19.067100 
1021 1 17.505200 15.293300 15.788700 
1524 2 22.240900 24.156700 23.009500 
949 1 19.870400 21.077500 19.753300 
1450 1 23.777300 16.891800 25.726800 
69 1 23.897100 22.405000 16.219200 
1886 1 18.892800 14.506300 18.529200 
430 1 18.875400 16.691900 20.737800 
443 2 25.443900 20.827000 14.933300 
1600 2 24.648500 14.795800 25.471600 
1510 1 15.739800 25.531000 18.811100 
584 2 18.352900 22.148500 25.023200 
933 1 26.129500 21.415300 17.091200 
529 1 20.034300 14.004400 20.046700 
698 1 22.530100 21.168300 24.714600 
1424 2 19.141500 19.139600 23.149100 
1239 2 16.464800 16.568100 24.663400 
1522 1 20.911200 14.511200 13.340700 
1253 1 13.970600 13.388300 21.047400 
1908 2 18.337900 16.449400 21.619700 
352 2 23.491300 14.242100 24.365500 
737 1 14.589300 21.234100 16.738100 
824 2 21.877900 20.331300 24.744400 
523 2 15.451400 20.927700 17.165900 
908 2 18.237100 25.630200 14.990800 
1081 1 18.951300 20.548400 17.577000 
816 2 24.853300 16.039500 21.165200 
1026 1 13.321700 18.874700 17.693300 
1499 2 13.586700 18.321000 17.417700 
1699 2 14.610900 22.721700 25.361100 
1906 1 23.615800 13.997500 25.201600 
1327 2 14.277500 15.639000 13.223100 
726 1 13.278100 14.866400 14.095800 
1597 1 25.539200 24.164600 20.985700 
938 1 14.001800 23.869600 19.184700 
639 2 23.962600 14.498900 25.847100 
1262 1 19.336300 13.562600 25.496600 
1419 2 14.416400 22.064800 13.695800 
860 2 24.955000 18.904600 13.377000 
1412 2 19.588800 13.309300 15.179100 
261 1 14.167400 24.793400 26.534600 
1299 2 22.238500 23.968500 26.176000 
422 1 21.119400 24.764800 26.197200 
1227 2 13.782100 14.361400 26.451100 
883 2 22.161600 21.576300 13.435200 
