id type x y z 
49 1 -0.096575 0.358592 9.800870 
1849 1 9.877510 9.901800 0.249630 
1834 1 8.813310 3.073250 5.181400 
355 2 0.776870 1.759750 2.179510 
661 1 11.334600 12.055500 5.783390 
596 2 6.067500 7.818460 7.612580 
1536 2 12.853800 7.296190 7.089980 
1153 1 1.957450 5.173020 12.574700 
1439 2 11.716000 9.961380 4.770840 
120 2 3.646700 9.225690 2.586220 
528 2 11.333700 10.745700 6.395630 
1393 1 12.910500 3.529330 12.164200 
86 1 11.693900 12.491900 2.801810 
1510 1 7.506940 6.063010 3.902870 
1581 1 1.140920 12.860100 10.711300 
1260 2 10.988000 0.097828 0.855769 
1646 1 10.700700 4.155240 4.648360 
87 2 1.249650 10.923500 12.526300 
257 1 8.019530 7.281860 12.504000 
466 1 12.972400 4.454380 1.472480 
620 2 11.601200 0.147334 12.356500 
1278 1 6.292190 9.344430 13.110100 
100 2 10.564100 1.285770 1.249190 
1267 2 3.597430 13.360300 8.633970 
1957 1 5.547380 3.379170 10.417800 
1583 2 1.425210 9.877830 12.420800 
831 2 6.919840 3.114310 4.518080 
1285 1 12.773300 9.774770 6.936390 
538 1 11.338500 1.908260 8.623840 
1783 2 6.133890 1.362310 7.556250 
775 2 9.352340 3.987380 7.617340 
419 2 7.596500 5.478430 9.123020 
1624 2 8.116130 7.847500 5.492700 
1896 2 4.328410 5.689250 9.096920 
80 2 11.745700 5.528280 13.292700 
850 1 4.011810 0.482967 9.620190 
1180 2 5.061570 0.273957 7.572820 
176 2 3.012260 12.914100 2.155250 
1287 2 4.318930 9.082180 0.702131 
391 2 5.895780 2.024790 0.791301 
357 1 8.341160 5.351790 7.187920 
218 1 2.362520 8.165350 4.831440 
1294 1 4.722590 2.569940 11.098900 
1830 1 0.845577 7.556510 12.530700 
1478 1 5.682860 5.576630 9.070320 
1535 2 10.587900 12.314800 7.261020 
1511 2 12.286600 0.707240 1.900450 
43 2 0.186880 5.845770 0.231173 
1973 1 12.513900 12.212900 1.357150 
1769 1 7.665480 0.565401 5.592320 
448 2 5.692320 5.036200 5.415940 
459 2 2.620910 5.137990 12.600600 
1551 2 3.426800 3.214420 0.276646 
72 2 9.724640 2.439830 4.944330 
1093 1 6.298350 11.164300 12.124500 
1013 1 5.057040 11.291400 -0.104925 
564 2 11.135400 11.898500 0.988749 
249 1 3.745800 6.748120 4.603400 
1150 1 12.750800 6.550160 8.549660 
442 1 0.989033 4.046140 9.361910 
752 2 9.809980 9.154930 3.472670 
1920 2 3.909930 5.644170 5.194780 
808 2 13.044900 10.383000 6.286260 
908 2 5.311970 3.255290 9.699860 
1707 2 7.443920 0.450626 2.463330 
1644 2 8.455170 5.972570 6.551090 
1031 2 12.059200 4.213780 10.655100 
47 2 9.450390 0.322918 13.179900 
639 2 10.926500 10.366700 11.616600 
512 2 2.647500 10.423700 7.661220 
1508 2 6.805470 0.043808 10.230500 
1554 1 6.142990 12.166900 4.359050 
1709 1 12.091000 1.646210 1.564140 
1421 1 4.879010 2.665010 7.153590 
770 1 0.686586 3.609350 5.195650 
1892 2 13.418900 13.385900 5.287380 
694 1 8.112740 6.340270 9.123590 
293 1 3.626950 12.661300 9.562040 
1188 2 9.147260 8.712390 12.382600 
651 2 7.760910 1.417130 6.499590 
69 1 4.633490 9.320190 9.588070 
678 1 1.203420 2.786360 1.727610 
861 1 4.671820 9.827660 0.507208 
1651 2 9.810140 3.127350 2.759580 
1481 1 10.042900 8.263430 10.357800 
1874 1 6.644730 7.671860 8.549580 
701 1 6.250260 2.503350 -0.037635 
622 1 11.650000 10.476200 9.885960 
891 2 3.110520 5.443170 2.944560 
1602 1 5.963560 1.874720 13.233300 
1823 2 9.486700 3.617300 11.944700 
1879 2 13.175400 6.947120 3.512990 
746 1 9.874270 2.377430 11.359100 
1881 1 4.761970 10.442300 2.707600 
1922 1 0.579981 0.480456 2.676040 
1976 2 3.903360 4.799270 10.636000 
165 1 3.577710 4.212120 2.004910 
1490 1 10.277500 1.000260 0.718301 
1207 2 1.058280 4.339510 5.354960 
1417 1 4.496620 7.741920 1.285690 
7 2 11.239500 3.169530 2.217250 
1786 1 6.871550 2.295390 3.831990 
396 2 10.225700 1.123160 10.447600 
912 2 10.544400 12.834500 5.598260 
981 1 1.780000 13.202800 4.666680 
1 1 7.457990 0.704119 1.632980 
1488 2 -0.249153 2.426020 6.594060 
1378 1 4.375390 12.278500 3.917510 
728 2 10.597700 5.824930 11.335100 
1107 2 6.577260 5.306960 11.184600 
812 2 5.885240 5.934060 11.899400 
662 1 10.025200 9.546800 2.072910 
1253 1 1.233170 0.574269 6.668480 
1269 1 0.330664 9.025240 4.524870 
749 1 11.805000 9.755050 4.865870 
52 2 0.214912 9.005040 12.577700 
836 2 7.318400 1.095110 2.038900 
254 1 6.206500 1.821360 0.951402 
1187 2 7.455050 11.560100 8.053580 
1773 1 6.632520 5.651110 2.593480 
569 1 6.875990 0.766247 8.574020 
1668 2 7.828160 11.815600 8.455700 
75 2 5.114300 0.434923 3.534160 
721 1 2.661470 8.840100 1.783270 
1127 2 2.171680 8.195160 7.317430 
1223 2 5.162260 2.772710 11.144700 
54 1 3.486100 5.569820 8.180380 
35 2 13.112100 4.033060 5.662270 
342 1 5.126530 4.608870 0.429330 
1369 1 7.980610 4.266120 9.105820 
1590 1 11.933400 0.188633 3.438400 
1802 1 9.292640 4.268760 12.291600 
1754 1 10.015200 4.506770 9.664860 
717 1 2.135250 7.922910 8.747870 
1149 1 6.160300 5.464330 11.202300 
1533 1 5.290470 4.991490 12.484900 
1089 1 8.036650 10.635400 11.544700 
1309 1 3.177880 8.134080 10.024200 
967 2 1.095240 7.364050 8.442860 
1244 2 1.590730 6.943430 8.332910 
557 1 2.592490 11.972100 2.130280 
931 2 3.770520 1.537850 7.846050 
5 1 11.162100 8.278040 6.902750 
231 2 3.981300 7.696490 11.556100 
370 1 -0.068525 10.831800 8.086050 
306 1 12.461500 7.440560 5.941910 
1863 2 7.253370 7.202030 2.356490 
1412 2 7.577450 5.084910 9.149600 
138 1 3.660470 10.584900 10.303100 
644 2 0.912969 12.145600 12.104100 
1262 1 12.337700 7.967340 1.248690 
776 2 13.461700 3.164930 1.885300 
1572 2 1.468380 0.022862 11.177000 
733 1 13.391300 9.320010 2.972450 
616 2 5.569090 12.270900 4.628500 
1781 1 4.708130 9.031130 11.521100 
539 2 5.619730 3.747370 0.076332 
1211 2 4.296320 9.137550 10.088400 
887 2 11.646200 11.864700 1.662420 
1243 2 12.380900 8.635570 1.419640 
1405 1 1.976040 10.967000 7.668450 
1037 1 9.191590 11.324200 3.016730 
1333 1 3.967300 8.039900 11.638300 
1968 2 7.152870 10.724700 9.139200 
471 2 10.908100 2.613410 8.394900 
173 1 10.451500 10.741600 6.397950 
434 1 2.971080 10.388200 3.966720 
974 1 8.763340 11.975100 9.835580 
263 2 4.227430 10.035800 3.603850 
698 1 8.743120 11.626400 7.701260 
70 1 0.297404 7.795200 10.454000 
1870 1 0.129471 11.084800 13.245100 
559 2 7.329970 8.065750 7.777700 
542 1 1.151670 5.802970 1.652300 
703 2 11.135800 12.278300 5.532800 
843 2 3.490460 0.438263 11.146100 
1276 2 5.600990 1.453010 8.301780 
695 2 8.607340 6.687530 4.304140 
156 2 4.109710 4.201710 2.003930 
978 1 2.445530 1.752420 11.335800 
283 2 1.485660 3.731790 9.034240 
1323 2 6.234920 10.820200 11.837300 
629 1 0.514305 7.323290 1.599730 
1175 2 4.110810 6.292450 4.624270 
1296 2 -0.250560 5.483870 0.605214 
32 2 5.519960 11.975500 2.149190 
1670 1 6.637640 9.369400 7.271790 
708 2 0.305333 10.665500 0.180484 
1094 1 11.980700 0.778597 10.859000 
757 1 4.192600 3.182540 0.821530 
252 2 9.849400 9.440750 11.496700 
1635 2 9.515680 10.961100 3.662500 
911 2 5.341840 4.885340 8.675730 
1179 2 3.452720 10.607700 2.976480 
1737 1 10.502600 13.477800 4.679790 
1435 2 12.388700 1.392060 10.638400 
1272 2 12.237000 4.148460 5.822740 
1158 1 0.672904 3.567310 6.990180 
16 2 2.303260 10.300000 5.593310 
577 1 3.482850 1.627650 8.270760 
1083 2 1.025420 10.589100 7.476960 
1308 2 4.747410 12.138900 0.186887 
610 1 13.050800 2.308330 5.946380 
655 2 9.614220 8.298310 3.460060 
1097 1 6.876470 7.712770 1.948500 
106 1 1.490190 7.254870 7.341690 
20 2 4.935660 9.768750 10.790400 
902 1 8.898450 2.448050 8.430720 
1713 1 1.993620 6.137410 9.875580 
1847 2 10.349500 9.307060 7.260640 
316 2 12.631500 2.902110 1.441350 
82 1 4.330610 0.958900 7.267940 
1818 1 9.834390 2.783900 2.484140 
1556 2 9.766800 12.106600 7.565670 
207 2 0.281078 4.192690 5.737870 
1877 1 2.373060 5.296640 3.378250 
73 1 5.179100 4.334930 5.349070 
1689 1 6.188060 0.544607 2.837360 
489 1 9.190890 7.140650 10.936000 
477 1 9.757180 7.797530 4.072110 
921 1 4.739390 5.953480 6.779420 
832 2 12.021800 12.427900 9.275320 
1945 1 8.300280 0.939263 7.763520 
1735 2 6.673420 11.847100 5.702390 
1056 2 1.354910 0.722810 3.110490 
476 2 9.887000 7.907360 9.405630 
985 1 8.805260 8.453950 6.333040 
171 2 12.858000 5.984020 13.084800 
1441 1 5.595730 11.034000 8.739920 
1058 1 6.971920 12.825200 5.260360 
1178 1 12.802000 6.421370 12.998500 
1000 2 8.122860 5.264740 3.181010 
1322 1 6.886450 8.052380 5.388380 
34 1 9.131440 6.433070 12.598200 
688 2 8.135370 -0.117078 5.086160 
753 1 2.250060 0.559575 2.942480 
403 2 1.784030 7.526530 1.553030 
1674 1 12.201500 3.391440 10.684500 
12 2 1.378060 2.911410 10.303200 
1711 2 5.364380 11.062500 1.235140 
986 1 11.626300 3.926270 0.673624 
798 1 1.047660 2.384980 12.625000 
31 2 5.701960 9.795490 13.018500 
1491 2 10.358900 9.957340 0.313971 
1141 1 10.388200 12.764000 13.150700 
1630 1 12.495800 9.574530 12.926100 
806 1 8.690940 11.928700 16.859900 
547 2 7.300570 6.868740 15.538100 
1606 1 9.066080 9.554990 13.646700 
1466 1 12.791700 0.968663 17.684200 
1268 2 6.984720 4.384640 18.071800 
1641 1 3.466120 1.370230 22.347300 
835 2 1.850660 0.135141 17.276000 
1183 2 8.426920 0.987638 23.827700 
1307 2 12.482600 11.382700 21.378700 
1051 2 9.349600 13.375600 23.331400 
1233 1 6.818350 3.615610 17.904200 
1842 1 1.524650 12.173100 23.852000 
1791 2 0.892478 0.381529 25.926700 
1209 1 6.924780 13.197500 16.948400 
982 1 8.035540 7.929740 18.628400 
1649 1 9.938290 2.238050 22.794700 
265 1 10.033400 3.770550 22.882300 
1381 1 12.204600 1.890510 21.097500 
413 1 1.419840 12.034200 18.169000 
1759 2 6.259160 10.286800 21.149500 
1944 2 7.803380 12.479800 20.668900 
285 1 1.644980 3.115860 24.890200 
1600 2 10.484500 12.361500 14.342800 
1702 1 7.957510 4.903880 15.625100 
1652 2 2.031890 1.332470 19.390900 
1420 2 3.085830 0.463859 26.003900 
425 1 1.544330 5.602350 19.810100 
465 1 3.996270 5.752130 25.301200 
1902 1 4.436620 12.665900 14.786900 
696 2 3.883870 11.719200 14.125800 
556 2 7.052160 2.999670 25.340600 
576 2 8.552080 1.621490 23.683200 
919 2 10.312200 7.632890 16.767200 
1853 1 7.736450 5.618020 19.497400 
1683 2 10.879000 8.488070 24.227000 
1592 2 1.307420 6.628400 24.494000 
55 2 1.805470 1.998240 13.736200 
716 2 11.512600 -0.034356 14.829100 
1738 1 10.636000 11.644900 15.670100 
689 1 12.523100 10.703700 19.634300 
1697 1 12.148000 1.332940 15.228700 
1940 2 4.716590 2.105650 13.597700 
1936 2 1.806940 6.009010 14.978500 
1191 2 6.769580 6.267000 26.029500 
1793 1 2.113520 1.407800 19.200300 
1532 2 2.101900 12.733100 23.039600 
298 1 12.091200 0.659200 20.702000 
1667 2 0.109641 11.082300 20.809500 
1806 1 5.843340 0.738523 14.618300 
1696 2 6.226940 6.037920 14.323500 
1450 1 1.950450 4.688890 22.884300 
1162 1 11.736400 7.718560 21.621800 
1824 2 12.357800 8.808010 17.827200 
335 2 2.463580 5.181010 22.832200 
1176 2 7.037340 10.764200 18.427000 
273 1 2.323690 9.654700 24.494800 
1608 2 6.631080 7.755340 22.842700 
1139 2 12.050600 12.273500 17.935300 
1984 2 2.703670 6.317810 22.269100 
1862 1 11.491600 12.309500 22.306200 
1983 2 7.780610 6.613850 20.447000 
42 1 1.938370 10.053900 26.372000 
460 2 12.565600 0.274992 19.765000 
301 1 3.104370 11.884000 18.698300 
1724 2 8.660960 5.208580 26.240100 
932 2 3.817190 5.307600 16.944100 
226 1 8.273530 7.656190 15.203400 
248 2 7.180200 10.564200 24.042600 
993 1 1.856670 6.841610 20.861500 
1291 2 10.313700 6.677570 13.701900 
1423 2 6.099380 4.862040 14.337800 
826 1 8.962520 13.259200 22.731400 
792 2 8.194450 2.113810 18.053500 
1471 2 1.914950 1.245530 19.185300 
159 2 1.236260 12.575400 23.237100 
579 2 2.868920 6.512490 19.348500 
829 1 8.916070 2.391370 15.714000 
102 1 11.664800 5.833190 13.645300 
684 2 4.816230 8.271530 13.120700 
1182 1 10.124700 6.561840 21.535200 
1700 2 10.725200 12.213600 16.991000 
1171 2 8.771720 2.187820 15.243600 
972 2 9.359340 11.968400 25.449900 
582 1 1.946810 9.954670 14.376000 
180 2 5.672110 0.648834 19.311400 
1382 1 5.691030 10.589700 21.480700 
108 2 2.567160 8.480420 18.438400 
1855 2 9.459660 12.337300 13.746400 
1778 1 9.746680 8.407570 16.335400 
290 1 11.255300 2.725640 25.393400 
1073 1 9.486830 2.118640 19.901100 
210 1 11.538500 9.475770 15.801000 
1383 2 8.260740 10.783100 19.946200 
1238 1 0.656129 4.988490 21.252700 
643 2 11.662400 10.905900 15.250600 
969 1 10.106000 9.715630 21.910000 
1217 1 10.838800 6.248290 16.656100 
1557 1 3.356540 9.407800 16.956400 
1887 2 2.980930 8.947840 15.096100 
1497 1 8.397870 1.820130 18.270500 
1558 1 4.102080 3.865050 25.005900 
1101 1 6.820450 5.978960 22.097600 
632 2 2.244860 10.148000 24.571800 
344 2 11.946300 1.718370 20.889900 
1443 2 2.568840 7.635400 19.277200 
566 1 10.485900 11.706200 25.445600 
1016 2 10.734500 0.331965 23.297800 
1925 1 3.209530 5.768390 22.994900 
606 1 4.004430 5.541460 17.499600 
1638 1 6.786480 5.862960 14.829300 
593 1 7.246860 11.897400 23.304800 
652 2 6.199290 5.958150 20.377200 
822 1 8.799030 0.881024 25.146400 
186 1 4.483720 0.707954 19.453900 
1614 1 0.397489 7.357150 25.556800 
898 1 6.136970 6.603980 13.575900 
1627 2 8.033560 7.618370 24.306500 
178 1 9.853900 8.397910 22.574700 
98 1 11.934200 5.102780 18.964600 
1087 2 9.549450 3.577280 23.010800 
1198 1 0.820193 12.749800 19.708900 
456 2 2.360230 8.769030 18.498300 
1010 1 2.395000 8.720980 18.927400 
1546 1 11.088900 7.334390 14.690900 
1359 2 3.233960 2.266670 17.079500 
1001 1 2.424800 7.667780 16.577100 
1991 2 12.413400 9.139430 18.331300 
1146 1 7.414570 5.833350 24.791700 
44 2 2.582480 1.938670 16.419100 
360 2 4.585630 10.819600 14.902200 
1981 1 13.259200 9.991850 24.397700 
846 1 2.662680 1.263600 16.233500 
615 2 3.106000 10.748100 19.016900 
1998 1 10.606500 11.426700 18.171700 
804 2 0.619387 3.646010 18.433200 
674 1 2.404830 4.676870 16.010100 
875 2 5.261120 7.764990 20.567800 
1145 1 4.363790 10.183600 19.437100 
1766 1 9.658920 6.081920 24.457700 
680 2 8.165740 7.274380 19.685600 
1575 2 4.739920 3.166010 19.981600 
1857 1 5.136330 7.692200 20.422400 
660 2 5.563240 2.199520 25.948600 
872 2 13.454400 9.111990 13.148800 
759 2 0.752870 0.638348 21.578800 
1507 2 11.116900 6.688610 20.388800 
1894 1 3.580930 12.545200 26.557700 
1861 1 8.012650 11.676500 19.598400 
920 2 0.691393 5.152920 21.254500 
1448 2 11.569300 5.039950 20.427600 
1301 1 7.500660 9.686240 18.967300 
215 2 9.019600 10.196400 19.767400 
1140 2 10.138100 6.937500 23.581900 
206 1 3.458500 2.289340 17.236500 
243 2 3.386400 5.511440 25.535300 
92 2 7.664080 5.131810 25.158700 
284 2 2.776180 13.166900 19.252300 
633 1 7.484380 4.124150 25.740000 
927 2 11.794700 2.761450 25.310500 
1281 1 11.509900 8.461560 18.917100 
923 2 8.935560 11.816300 15.728500 
1701 1 10.512900 4.155540 17.947300 
930 1 13.049500 9.007500 14.289800 
1206 1 8.665960 0.168157 19.967700 
545 1 8.347590 10.587900 20.673200 
621 1 6.367500 6.945280 20.140300 
700 2 3.403730 1.546620 19.328400 
1948 2 5.062110 13.273900 23.551600 
19 2 3.856730 10.021900 24.947000 
1351 2 10.872800 1.621050 18.765200 
244 2 9.463150 7.785450 15.000600 
1246 1 3.486560 12.724400 22.031000 
956 2 4.200370 3.136720 23.447100 
1812 2 10.776700 10.718200 21.634000 
1935 2 0.502736 9.260410 16.527300 
519 2 10.168000 7.286030 13.857800 
158 1 5.746180 4.306290 19.545500 
464 2 9.649590 9.771010 21.392800 
1589 1 0.407636 0.661874 20.621400 
1349 1 1.074310 3.538360 17.694000 
1774 1 9.037820 7.345950 19.786700 
1202 1 1.439370 13.167000 17.080800 
1723 2 3.636410 1.790150 22.688900 
94 1 4.208680 8.283260 13.474600 
1242 1 11.166500 5.906130 23.992400 
1903 2 9.696160 4.241470 14.081800 
443 2 6.925640 3.867940 17.350000 
780 2 9.333820 8.956760 17.100000 
1422 1 6.789410 7.846670 23.454100 
786 1 2.344820 0.332828 17.989500 
1389 1 11.285200 0.452972 19.726100 
948 2 9.039050 12.948000 22.792000 
1534 1 10.535300 3.017640 14.087600 
1911 2 6.466590 12.354000 18.298800 
167 2 2.695930 5.291560 16.723500 
1465 1 1.121290 3.253530 22.247500 
1708 2 2.716400 12.742900 18.463900 
1779 2 6.295640 12.412500 24.315400 
796 2 11.683600 8.185720 23.293500 
447 2 12.227000 2.262160 21.606400 
817 1 6.409580 4.716890 13.994500 
865 1 11.252100 8.514700 24.470700 
729 1 5.426470 10.720900 15.908300 
1515 2 10.825600 6.082700 21.696200 
1425 1 4.724060 2.599360 20.999100 
1165 1 7.825690 10.509800 24.803700 
1256 2 10.637000 4.877090 18.174700 
788 2 1.656570 3.535620 22.615700 
943 2 10.951900 5.159120 26.276200 
1129 1 7.215760 0.982244 24.516500 
462 1 1.476980 2.310590 15.039600 
950 1 9.032310 7.807310 25.179200 
830 1 3.559370 0.698322 26.009500 
975 2 7.504030 7.548550 12.923900 
1939 2 4.651280 1.347100 14.736700 
530 1 3.498730 1.091140 14.303400 
811 2 12.853300 9.413980 13.350500 
84 2 1.142280 2.772790 25.693700 
1456 2 12.066900 8.828060 15.460700 
686 1 13.265500 11.345600 21.746800 
609 1 12.632400 10.985300 16.020600 
1996 2 11.534700 11.830200 18.743900 
602 1 8.811240 1.322980 23.479900 
1252 2 11.124100 9.304370 25.534400 
1029 1 0.522827 2.151910 25.263800 
1671 2 1.820380 12.332400 18.011000 
390 1 12.354600 12.193500 16.813200 
292 2 3.131950 0.252505 13.574400 
1617 1 3.025410 11.588100 14.029800 
1688 2 3.941840 7.996310 26.320100 
879 2 9.106410 0.543197 26.349900 
132 2 9.077720 3.083840 13.412900 
288 2 1.116140 2.768630 13.544100 
1956 2 4.366850 25.047300 7.496890 
116 2 7.006150 20.424100 1.703650 
995 2 10.868500 25.012200 0.392876 
1132 2 0.819905 14.742200 -0.190980 
410 1 0.972861 22.964500 6.982030 
416 2 0.813076 16.736900 8.667130 
160 2 3.425430 17.197000 10.628100 
813 1 0.419963 15.264200 1.379020 
587 2 10.784100 23.352900 11.759600 
1326 1 2.157980 18.462400 2.490100 
1732 2 11.198700 14.727000 2.900670 
354 1 7.210460 25.458300 10.447700 
1516 2 1.756850 18.619700 1.853090 
588 2 12.614000 20.477200 11.081200 
274 1 2.398070 15.752500 12.189900 
1416 2 5.136660 23.793000 8.807470 
1505 1 3.873010 15.825400 9.054070 
1197 1 7.774230 22.876600 2.387500 
175 2 2.092450 20.261200 7.328400 
994 1 4.745800 18.205500 11.268000 
1462 1 8.417800 21.128100 1.566990 
1790 1 5.991920 20.770700 9.918770 
1280 2 3.835880 22.542700 0.925861 
1098 1 7.406160 16.837900 12.826200 
334 1 0.216128 15.810000 5.586130 
1631 2 12.794100 16.601500 10.024700 
1009 1 13.328700 22.186100 11.560000 
1295 2 6.182890 15.531900 11.927300 
1061 1 9.014250 17.628300 10.224900 
1722 1 8.662290 24.924900 8.485950 
151 2 12.608500 14.936900 12.279000 
192 2 0.769059 24.112500 3.916340 
1043 2 4.870960 16.026800 1.866640 
386 1 3.509550 15.151500 7.469820 
270 1 8.783090 26.070400 10.757300 
1775 2 1.330720 18.264500 4.870390 
848 2 9.973170 23.817000 9.345910 
685 1 10.791900 23.981900 6.003050 
246 1 5.841620 17.004700 2.551050 
62 1 8.329250 22.477700 9.407490 
1687 2 9.692950 20.421800 3.915760 
141 1 3.989460 14.313100 10.207600 
845 1 5.530470 23.170300 7.431280 
1325 1 7.591970 20.712500 8.526190 
1431 2 1.566680 22.595400 1.114310 
791 2 5.082030 22.540600 10.358800 
1113 1 3.251150 17.424400 1.534150 
346 1 3.922680 25.402400 11.094900 
659 2 10.010300 23.344100 8.559250 
888 2 9.540890 17.649300 5.069130 
1040 2 8.105740 21.875700 10.007900 
1992 2 8.331170 13.429900 1.510020 
1598 1 13.297200 17.432300 7.919360 
1734 1 8.075400 24.275000 2.816440 
1032 2 2.558480 17.508500 2.752980 
1126 1 5.985520 24.624200 12.643400 
1070 1 12.432600 15.629100 8.483320 
199 2 5.094840 19.302300 -0.199306 
11 2 3.538910 25.092100 -0.049680 
1800 2 8.964680 15.710900 11.595000 
758 1 12.626700 14.013400 7.248250 
194 1 11.711900 15.297900 1.871370 
599 2 10.888200 20.982200 10.288200 
71 2 9.453350 24.228100 2.683600 
412 2 13.288700 23.901800 10.918900 
446 1 5.483270 14.735200 6.549840 
1767 2 8.538520 18.360100 9.552120 
712 2 12.785800 26.470800 3.595230 
1046 1 7.755560 18.673600 0.757079 
871 2 11.245800 18.375900 6.296630 
768 2 8.425210 18.542700 11.356600 
1673 1 1.541980 23.611800 2.268700 
801 1 5.524440 21.734900 5.839290 
723 2 5.409500 13.681500 3.925890 
634 1 0.329803 20.822900 10.212400 
1859 2 11.362800 14.261300 8.839130 
1072 2 10.207200 20.504900 12.238300 
710 1 9.398230 16.347100 3.479820 
625 1 1.436560 25.974900 0.646441 
1986 1 7.187350 14.761900 8.967420 
209 1 10.475900 17.653400 12.805600 
131 2 0.578893 17.060000 5.392230 
1477 1 11.131900 20.627900 13.195700 
1121 1 7.397190 14.862300 3.730460 
939 2 2.427040 17.719700 11.227800 
29 1 2.401470 17.839000 11.466300 
779 2 1.707130 26.016600 12.073100 
1401 1 11.645100 24.147200 9.532870 
275 2 7.857540 21.331300 1.939790 
33 1 10.093600 23.686400 12.986200 
225 1 9.247020 23.127600 4.248900 
1563 2 9.583380 17.619000 12.797100 
766 1 2.891390 13.142200 7.622270 
742 1 4.705720 22.462100 4.536530 
1746 1 10.668700 18.325900 8.202940 
258 1 9.538760 20.404900 3.587810 
1730 1 12.665700 21.521100 7.197890 
1717 1 3.113590 24.587200 4.312690 
1831 2 12.688100 19.324800 12.906500 
200 2 11.413100 22.213800 5.116790 
543 2 10.630600 18.808000 7.927420 
1236 2 4.130710 21.815400 11.191500 
1736 2 6.576310 17.719600 6.222710 
119 2 4.186870 14.024400 10.179900 
961 1 10.057100 23.747100 9.883750 
1821 1 4.766310 16.470000 0.944317 
901 1 6.048740 23.247100 4.569950 
1496 2 3.426420 13.835300 9.229850 
282 1 11.776200 21.400700 1.116520 
480 2 4.202430 18.530700 7.171380 
1228 2 10.429900 23.978200 3.257620 
1341 1 7.998820 15.236800 6.309450 
1757 1 3.035150 20.756400 9.933400 
1513 1 9.891590 14.998100 10.671100 
162 1 0.424936 24.041500 8.239220 
90 1 5.399090 18.840500 9.650090 
810 1 2.120010 16.394700 3.900690 
271 2 9.261490 15.849300 9.342560 
968 2 8.361720 14.383800 4.245270 
364 2 0.614456 20.191400 7.173900 
350 1 9.798790 19.373800 6.626070 
1838 1 9.324110 26.283200 0.577780 
957 1 7.938790 20.927400 6.731110 
128 2 6.310350 19.891900 8.610510 
1075 2 1.810830 14.224700 3.971020 
508 2 12.278500 19.374600 3.787560 
1611 2 3.266190 18.220200 5.829900 
405 1 11.123900 23.131700 3.407690 
533 1 6.919330 21.099700 1.891220 
1148 2 12.991800 17.087200 4.988780 
597 1 0.902423 15.735900 -0.185867 
1286 1 6.486730 15.232200 10.959100 
1588 2 0.180453 15.796700 5.653680 
1905 1 8.860190 23.329600 7.311740 
719 2 2.544090 16.007200 6.898370 
1633 1 5.297020 20.885200 3.046940 
1442 1 2.699300 17.871000 5.523110 
220 2 9.210700 23.900100 7.027740 
1239 2 12.868500 14.863500 2.087200 
860 2 11.084400 25.603900 7.982110 
1303 2 4.583060 23.458400 7.768700 
1866 1 10.542200 25.052500 3.927060 
1489 1 13.058700 16.275000 0.360382 
1453 1 10.538000 19.947000 4.607470 
46 1 4.730960 22.025900 10.194400 
949 1 7.791050 17.644400 11.494200 
1891 2 5.862810 23.836300 2.525420 
1112 2 5.371470 17.152100 1.053820 
623 2 7.136250 21.413900 7.019660 
894 1 7.463080 18.045200 9.664610 
745 1 5.211550 24.149000 1.898220 
548 2 5.024860 20.196300 3.182130 
1332 2 5.253100 14.361800 5.636140 
529 1 11.646400 14.470300 3.562600 
1122 1 0.660149 18.553500 5.130710 
935 2 7.818340 16.078000 12.947000 
1822 1 5.159110 19.542400 13.211300 
657 1 0.379250 24.785600 5.729500 
937 1 6.326350 17.968300 7.361580 
907 2 13.134900 21.221800 1.145430 
873 1 9.500720 20.549200 10.382400 
493 1 1.929050 23.065800 12.224800 
134 1 10.233100 23.872200 7.763610 
398 1 4.212590 22.775400 0.312106 
1989 1 13.057200 16.532700 5.374640 
965 1 2.984830 24.868200 0.146012 
1173 1 2.873830 23.064100 12.034900 
575 2 12.879200 25.877400 10.810800 
56 2 2.659460 19.411300 11.320900 
691 2 0.725796 21.893800 3.914980 
1980 2 5.359260 25.540900 0.267989 
1203 2 8.386920 26.033100 10.106400 
1125 1 11.719000 24.756200 7.904250 
478 1 11.038000 14.343500 8.662660 
1499 2 0.232431 25.336200 7.760950 
1851 2 4.755530 22.042400 4.524090 
574 1 4.638310 25.638700 4.189230 
485 1 4.210520 23.732500 6.773630 
1105 1 1.408390 26.081200 11.838200 
1943 2 7.580970 18.343400 11.593300 
635 2 7.656090 15.163400 7.281010 
1616 2 5.243140 15.194300 9.071320 
1403 2 7.258220 20.364000 1.905590 
399 2 0.038945 18.394000 13.445100 
1427 2 11.316200 24.102300 5.174640 
1755 2 10.451800 15.429100 3.446830 
731 2 0.771100 15.101200 0.838249 
143 2 2.140670 26.413700 5.220050 
1764 2 6.792800 16.629500 3.092460 
1362 1 10.527200 13.947800 6.368380 
404 2 8.332580 16.009600 5.174160 
121 1 12.675200 19.091600 4.567510 
40 2 8.330980 20.277300 6.561100 
1796 2 6.823820 25.060400 12.891400 
1215 2 1.581960 21.608500 8.954100 
668 2 2.439420 23.197700 12.120800 
769 1 6.980980 18.451900 5.818890 
109 1 5.676340 14.150300 4.252910 
491 2 6.505040 17.729400 8.534170 
608 2 11.692200 14.685600 1.024670 
267 2 2.413540 19.444600 3.093390 
1292 2 12.306200 21.006100 0.971442 
1012 2 3.003600 15.626200 12.296200 
915 2 5.661250 25.678500 12.610100 
4 2 0.357630 20.224200 10.051500 
1518 1 11.774100 19.850900 9.611550 
1106 1 12.647000 23.484200 4.395450 
1985 1 12.800500 21.478200 3.440770 
855 2 3.775000 19.272300 12.372200 
1103 2 7.495010 21.035300 8.709280 
1221 1 0.690769 20.543900 6.845950 
1108 2 11.062000 18.046900 8.621790 
706 1 9.127170 14.404000 0.459027 
1048 2 11.467900 24.842100 7.257400 
287 2 9.452360 14.577500 0.622381 
966 1 3.105180 14.871300 10.173000 
8 2 12.677800 15.711300 11.539200 
513 1 2.218820 21.308400 5.893010 
1164 2 8.604140 20.701900 1.297960 
107 2 8.347600 22.866800 5.211690 
1958 1 12.758300 19.649700 3.137040 
669 1 9.351880 17.575200 5.271400 
653 1 6.919810 13.434800 1.884890 
824 2 6.148240 23.098100 4.778180 
1747 2 3.208380 14.764700 9.802380 
1522 1 12.632100 25.299400 11.248200 
864 2 5.322370 13.544500 13.261800 
1168 2 7.688800 24.194700 2.889350 
193 1 1.638830 18.952200 10.534000 
1951 2 12.556800 22.433700 3.947810 
1484 2 2.945810 22.220900 6.057580 
955 2 3.361160 24.390600 4.274380 
449 1 1.241910 22.372500 10.736200 
1218 1 13.101400 16.469300 10.421500 
628 2 5.146060 18.131100 12.617000 
962 1 4.163950 19.590200 7.223360 
61 1 12.036500 16.528600 3.180400 
1338 1 2.439680 20.674900 2.564530 
546 1 1.982600 18.463900 12.429000 
1545 1 11.683300 25.179100 0.431197 
1166 1 4.430200 13.620300 12.458700 
421 1 3.888850 19.782900 1.058370 
1569 1 11.516300 16.394700 10.545200 
1858 1 11.616400 26.165100 2.279370 
68 2 12.165700 15.576500 7.537730 
65 1 7.007660 15.870400 0.461762 
1306 1 12.373300 25.714800 12.528900 
1970 1 0.389545 13.504600 0.164066 
474 1 10.199400 13.908400 12.556700 
1433 1 13.018200 23.016200 15.134300 
1978 1 0.113120 23.597900 14.156900 
1899 2 3.240520 23.109300 13.526100 
1035 2 6.905970 24.163900 18.692500 
1501 1 10.750200 22.508000 21.544900 
381 1 7.559790 19.485200 23.403000 
498 1 10.278100 15.185300 22.372800 
322 1 4.503110 15.905000 16.175900 
430 1 4.802960 13.455900 23.284100 
1975 2 8.067230 15.199200 20.111300 
1391 2 11.263600 19.547000 16.261200 
152 2 1.671460 14.001900 13.593900 
1695 2 11.321300 26.505600 15.733300 
375 2 6.907920 26.597800 15.636800 
1603 2 10.117900 17.212400 21.747200 
1366 1 9.736070 22.239100 16.388100 
1486 1 12.543400 24.232300 19.270800 
1317 1 0.491665 13.804000 23.685500 
1642 1 11.602000 17.599000 25.398900 
1731 2 10.556200 23.205200 13.938400 
1311 2 2.666930 21.634600 20.374900 
444 2 3.456550 24.062200 18.073100 
1069 1 11.481200 26.246000 23.640700 
1784 2 6.013060 25.519900 16.474700 
1385 1 5.512540 19.090100 25.231300 
1181 1 5.204770 16.060800 21.432300 
1733 1 3.422360 13.453300 24.390200 
145 1 2.401210 18.670100 15.593700 
1914 1 8.122670 13.530200 15.095500 
589 1 12.089600 16.431900 14.974100 
1214 1 11.245400 18.994900 22.629200 
1247 2 11.626100 26.001900 14.904300 
1815 2 2.887990 16.065600 22.247700 
953 1 6.267580 21.923900 13.907400 
433 1 11.515100 14.148300 20.606200 
1698 1 4.227470 21.297000 24.695100 
1792 2 11.628600 18.495200 22.894100 
1452 2 10.839600 22.001500 22.194000 
842 1 0.718976 24.001400 23.551400 
713 1 3.917050 25.304800 24.489400 
667 2 3.940890 15.283200 15.614300 
734 1 0.887737 23.197100 25.956900 
1428 2 9.953660 15.180800 23.311900 
1343 2 2.001650 19.053000 21.363800 
617 1 6.091690 14.983000 23.932100 
85 1 7.858700 16.117900 18.323900 
1137 1 11.634700 13.771000 26.597700 
1837 1 7.003220 25.462900 24.465700 
48 2 10.785800 26.213600 14.956300 
1930 1 12.066800 15.406200 15.115500 
1591 2 3.682990 24.563500 23.869200 
1114 1 3.278890 18.610300 24.022800 
1254 1 12.057300 25.053900 23.630800 
952 2 12.101500 24.231400 25.645800 
544 2 7.067530 20.897700 13.801900 
339 2 3.524970 21.994100 23.676700 
1915 2 4.132210 18.068100 25.136400 
1096 2 11.331500 17.901000 16.806900 
1130 1 4.266860 18.930200 25.426200 
130 1 9.917250 14.171700 16.441100 
1636 2 9.746370 16.771900 19.401100 
1655 2 0.792671 15.332100 22.173900 
1282 1 1.210030 25.649200 15.765700 
278 1 6.984960 22.391900 17.154700 
1521 1 9.304040 16.482300 23.088100 
1703 2 11.496600 13.805300 19.873000 
1355 2 13.008500 25.850600 23.930200 
777 1 6.680790 25.196500 16.785000 
715 2 7.253070 14.049000 15.997500 
1850 1 5.095410 21.741200 19.052100 
760 2 12.426600 19.680100 18.636300 
988 2 2.923030 14.944900 25.727600 
95 2 7.146740 22.565800 15.329800 
1752 2 10.563300 25.071500 20.316900 
1472 2 8.128220 23.402500 17.295400 
406 1 1.510730 15.913200 22.349700 
1597 1 7.361890 23.218000 23.962200 
976 2 6.062290 16.388700 15.791700 
755 2 13.421100 21.838400 21.680700 
511 2 6.776140 20.786400 16.606800 
763 2 6.263390 26.367900 20.386600 
242 1 12.538700 23.143200 13.493200 
928 2 8.170800 22.955200 20.082500 
600 2 4.283770 25.484000 23.618700 
595 2 9.511170 22.084600 21.979400 
78 1 7.043340 19.682600 17.779400 
1079 2 2.618940 15.815500 13.485300 
1852 2 0.487526 19.627600 14.246300 
1091 2 4.840980 14.676200 15.623300 
67 2 0.455632 13.539400 13.902700 
516 2 4.100200 24.722000 22.957500 
1864 2 9.436450 24.340900 25.392100 
828 2 2.426030 18.840600 15.784700 
954 1 10.892000 18.302100 20.457200 
467 2 13.068800 15.576200 15.653700 
1942 1 9.693360 20.265800 25.067800 
1368 2 7.032870 22.827400 16.028000 
1959 2 7.651760 24.642400 24.959800 
852 2 0.180411 17.139600 26.205600 
1258 1 10.161300 23.369800 24.958200 
1406 1 4.445930 20.469000 14.768800 
1044 2 2.197890 23.166700 14.970500 
1277 1 1.026480 23.006700 17.137000 
1816 2 8.798240 14.477100 15.008700 
1562 1 6.412590 23.618100 20.639900 
738 1 10.509300 15.125300 18.746500 
1255 2 4.169380 23.566700 13.339900 
1612 2 4.528620 21.221200 14.071500 
112 2 11.185300 21.446300 24.837400 
494 1 8.192820 21.645000 26.147600 
330 1 1.901940 22.161900 24.724600 
495 2 4.274160 25.806100 16.685100 
1820 2 6.389000 14.265400 14.103200 
1605 1 9.281640 24.101800 14.517000 
1485 1 2.447010 22.504100 18.090500 
847 2 0.561387 24.658100 21.154200 
1251 2 7.832090 18.211100 24.323900 
251 2 10.261300 22.903400 25.077800 
1398 1 8.710560 18.516700 24.669200 
1860 2 12.296600 18.785400 20.287900 
897 1 2.990770 15.603000 13.912700 
6 1 10.007500 25.517600 22.710600 
567 2 5.311750 20.699000 18.960600 
436 2 1.096150 23.927000 25.260300 
1493 1 11.256000 19.842200 16.235100 
188 2 8.088940 25.460400 16.423400 
863 2 7.066480 21.328900 25.827900 
1620 2 4.136910 20.261800 18.671200 
1988 2 7.258370 19.746800 18.239900 
181 1 12.985300 19.283400 26.396100 
441 1 1.890960 18.347900 20.892200 
552 2 7.758750 24.146700 22.872700 
510 1 3.060790 21.299800 20.392300 
502 1 11.897700 14.615400 13.838400 
1335 2 6.934520 18.312300 20.449700 
1356 2 1.941380 22.000200 19.742100 
663 2 1.989230 20.053300 18.006800 
213 1 8.382810 19.263500 21.166300 
1502 1 7.851540 26.284100 13.765000 
139 2 4.632950 14.553800 21.759300 
1446 1 4.630760 19.365600 18.894200 
883 2 0.783966 18.016800 18.038900 
1331 2 6.149700 15.161000 26.234300 
1229 1 2.268680 18.084600 26.405100 
1685 1 13.166700 18.320100 22.641600 
127 2 12.785700 17.693200 25.345700 
1350 1 6.220770 14.959400 20.077600 
1676 2 5.061030 22.372900 25.180400 
1020 2 6.966550 15.773900 17.311900 
1196 2 8.369300 14.021500 18.913600 
362 1 2.383260 14.918000 20.209200 
1115 2 9.010900 17.344600 25.744800 
572 2 10.190700 18.328300 16.530000 
313 1 10.267900 18.158500 15.963200 
1994 1 11.423000 21.428600 24.997500 
973 1 7.413880 21.836300 21.325900 
838 1 8.666860 14.694600 19.190100 
1504 2 0.890011 24.751500 13.906300 
754 1 12.252900 17.265600 18.786900 
922 1 8.354360 25.822600 16.669400 
1785 1 3.146120 16.793800 17.930700 
185 1 10.583500 18.304500 17.322500 
1293 1 4.012280 13.409900 16.476200 
369 1 1.433060 21.353700 20.516300 
802 1 9.706400 17.702000 25.926900 
168 2 7.155220 21.887900 22.898500 
1088 2 11.539100 21.880300 16.125400 
17 1 11.689000 25.411200 17.956000 
1937 1 7.625060 13.637100 20.117300 
1407 2 10.018500 24.529500 19.481000 
1560 2 2.248600 19.443400 25.485700 
580 2 1.605460 17.987900 20.614900 
1550 1 10.147600 24.767800 19.570500 
147 2 9.575640 13.846800 16.889300 
394 1 12.847200 13.435200 15.131100 
505 1 8.662890 23.703600 18.798500 
247 2 1.998140 18.461700 25.122100 
1573 1 5.260430 14.591000 25.382000 
341 1 1.851880 15.437400 15.300100 
228 2 1.874500 13.729400 16.793700 
1086 1 3.009700 14.917000 22.237200 
1123 2 10.944700 16.610100 18.212000 
991 2 13.128100 22.496200 24.874500 
1841 1 5.016440 25.539300 26.167500 
308 2 12.282100 25.445700 23.695100 
1049 1 5.733640 15.770300 13.764000 
324 2 0.462979 15.069300 14.325500 
1584 2 7.063740 16.007700 25.627300 
1972 2 5.224540 15.932100 23.351100 
1814 1 7.242550 23.500100 15.624400 
1913 1 6.471940 18.304300 19.688300 
1005 1 13.366900 25.210000 15.101500 
21 1 4.389160 24.592900 23.343000 
859 2 6.862160 22.364100 20.652000 
1430 1 12.314200 23.017200 16.695300 
899 2 10.695200 14.608500 22.775500 
560 2 2.369660 13.334600 24.277300 
1854 1 4.843390 21.908200 14.367800 
1595 2 6.568200 25.150800 25.319000 
125 1 4.002980 23.178600 24.499100 
1650 1 8.019690 21.186200 19.380300 
1665 1 9.513340 24.915800 26.058100 
1066 1 11.073600 22.310200 23.737400 
960 2 1.195260 22.531700 21.957900 
1159 2 0.148730 26.093600 16.379400 
885 1 1.628150 19.530000 17.208500 
869 1 13.000300 17.186500 17.471900 
340 2 12.349900 23.964500 17.744600 
1461 1 4.947390 25.410800 15.583400 
1933 1 4.350670 25.975800 22.472400 
382 1 5.940010 13.990700 13.386700 
946 1 0.426358 17.940300 18.697900 
289 1 9.911070 14.868000 24.089500 
1525 1 6.117520 14.879700 16.009900 
603 2 3.662920 16.862700 18.912100 
1119 2 11.080100 21.784700 18.702300 
979 2 12.519400 15.501200 25.726600 
984 2 10.053300 17.849100 25.156900 
672 2 5.423100 15.711500 20.679200 
816 2 9.851890 18.882700 25.802100 
997 1 6.287810 26.318000 19.470100 
57 1 4.669720 25.965400 16.931200 
1622 1 11.002100 25.988600 15.442200 
347 2 0.384222 13.628600 14.557200 
507 2 9.854580 20.409400 25.928400 
1076 2 7.064110 19.580700 22.949800 
1538 1 -0.066195 14.375500 14.523800 
303 2 8.615840 26.372900 18.081600 
983 2 10.144400 25.588300 22.673500 
451 2 12.337300 18.130600 21.476400 
1225 1 2.082040 23.466800 21.307000 
1053 1 4.516730 24.075800 16.262800 
1077 1 8.177070 24.603100 22.694300 
1829 1 4.853360 24.276500 13.947100 
201 1 11.388800 20.862900 19.905200 
1358 1 3.609010 24.956000 14.489300 
1797 1 3.287500 14.990300 26.089000 
1274 1 4.231780 15.774800 13.198500 
1719 2 6.127950 20.625000 14.531000 
586 1 1.836360 25.680000 13.302700 
1740 2 12.810100 15.130800 15.137300 
1304 2 4.662740 24.148900 14.266400 
1464 2 4.325790 19.110600 25.222000 
1498 1 7.195170 16.110500 24.917700 
1440 2 1.157170 22.083800 25.424700 
1042 1 6.581860 19.636400 16.190400 
1185 1 12.009800 18.574100 13.771800 
432 2 11.795800 16.805400 14.227000 
333 1 12.206000 16.453400 23.590500 
1245 1 7.548280 19.707800 13.575500 
514 1 7.003430 21.475000 26.218600 
1663 2 1.103720 22.360100 13.659000 
1543 2 18.491400 8.911600 2.357050 
1756 2 19.511700 2.400870 2.784490 
1429 1 20.398500 12.552500 4.215510 
1982 1 22.289500 4.349230 11.532300 
702 1 15.803900 4.922960 4.530210 
1811 2 15.980200 8.347610 11.590700 
1613 1 25.785800 10.775100 1.313290 
1011 2 22.304500 8.663260 12.359700 
232 2 19.683000 11.289100 0.548486 
1364 2 21.397800 5.367840 4.560680 
679 2 15.227200 2.492110 8.343880 
490 1 13.743500 3.105140 10.093100 
1388 2 22.342300 11.607500 2.715240 
1523 2 16.999000 12.081700 0.593040 
253 1 19.597900 1.871870 1.925920 
376 2 22.706300 7.322670 13.221200 
1931 2 15.843900 1.038370 1.348070 
1941 1 25.903700 2.916630 9.992310 
1517 1 23.752900 10.329700 7.957930 
1660 2 13.799300 1.149100 6.848380 
1876 2 15.743300 6.717740 12.049900 
936 2 20.259000 4.128590 11.077300 
142 1 21.670200 9.526270 0.104509 
1520 2 20.842800 9.563570 3.792530 
1699 2 15.877500 5.875020 12.224300 
198 1 25.363300 12.466900 4.403330 
890 1 15.375100 8.470940 12.392100 
1710 1 15.381100 3.910690 0.596700 
359 2 13.372700 6.305120 7.959980 
1571 2 22.151200 11.879100 5.301270 
1503 2 24.884700 2.769250 11.114400 
1607 2 15.838800 7.110520 0.837525 
1728 2 23.050700 5.375070 10.003900 
268 2 25.976500 7.624230 10.530400 
424 2 16.233500 11.425900 1.900120 
484 2 22.409300 11.621600 5.915330 
1360 2 18.373900 4.515940 1.402870 
670 1 17.106000 13.367100 5.895220 
453 1 25.536600 8.068330 7.535310 
1116 2 24.911400 1.318570 5.089540 
2 1 26.243200 4.189000 3.417240 
1969 1 19.018400 0.740705 12.708700 
431 2 24.732300 1.912970 4.680530 
1025 1 18.540300 6.753560 4.648660 
992 2 26.659600 12.755800 8.609010 
1739 2 17.126600 8.867250 5.252110 
496 2 16.867900 2.595980 5.484050 
690 1 23.549800 2.655130 10.834500 
1136 2 23.665400 2.815630 12.435000 
1289 1 20.911900 5.510350 4.301140 
825 1 18.681500 8.761750 6.763290 
570 1 19.131400 3.609830 10.792500 
217 1 22.334200 11.437900 5.547810 
970 1 21.984900 7.131920 5.330490 
1819 2 15.039500 5.042420 4.218910 
1827 2 22.323200 7.467240 1.662670 
856 2 17.807700 0.524418 12.439500 
294 1 17.584200 2.587160 2.906400 
170 1 22.826700 2.545160 5.108980 
619 2 22.728000 9.815340 12.200400 
553 1 17.668700 3.767980 6.403690 
561 1 24.306700 6.420070 11.668800 
415 2 18.201700 1.904760 2.009910 
1324 2 18.230800 3.599080 13.011600 
624 2 14.390800 6.271230 1.580630 
874 1 21.405200 9.815790 9.755010 
1678 1 23.948100 0.224582 4.968090 
558 1 16.758400 9.393610 8.949820 
1099 2 19.833800 12.747900 7.685530 
1567 2 22.279100 8.238530 7.452400 
299 2 14.287500 10.121000 3.833090 
1297 1 26.187900 12.394100 12.026900 
1610 1 17.644000 4.247500 13.027300 
318 1 16.164000 5.217850 0.591824 
523 2 17.487300 6.075470 2.372710 
1771 2 22.360700 6.090620 13.530900 
349 1 19.883800 4.422110 12.056000 
1015 2 26.558100 7.040170 11.737700 
214 1 23.752900 2.885040 8.277700 
704 2 13.302000 3.199540 10.931500 
1468 2 15.155100 1.221490 10.935000 
1467 2 22.807300 6.503870 9.785540 
1195 2 19.878900 5.862190 5.201160 
1133 1 17.417000 12.557600 3.733170 
222 1 22.290400 0.687050 2.000560 
1339 2 22.963400 4.023960 12.050500 
739 2 22.967600 11.169400 1.584150 
1480 2 17.344700 10.649800 5.975290 
1424 2 15.989700 7.696640 11.126200 
1111 2 17.915500 2.519660 9.641870 
309 1 13.948900 0.698119 10.763200 
1789 1 18.257400 0.055833 6.658850 
1977 1 21.894900 13.194000 10.090400 
840 2 24.186400 9.963080 7.667400 
681 1 15.185900 -0.571210 5.910500 
1492 2 23.157400 3.907350 7.926540 
1726 1 19.585400 11.318700 0.590766 
720 2 25.695500 6.849140 7.790250 
475 2 17.028700 11.542200 12.704800 
1394 1 21.913100 12.678200 3.751590 
724 2 17.159200 6.670870 0.274267 
195 2 26.101800 7.430630 4.693230 
211 2 18.610100 8.156050 9.465220 
1374 1 22.781900 8.673980 11.333700 
1966 1 17.397800 2.111740 7.429420 
163 2 13.517300 4.154680 0.055905 
1657 1 18.130800 3.308320 9.628780 
14 1 14.024000 1.787230 3.280440 
1342 1 26.173800 12.919700 2.934210 
1918 1 18.539700 5.363720 2.373320 
1909 1 23.964400 7.042710 4.406480 
1057 1 22.976500 4.835440 1.806750 
93 1 14.594800 5.665850 10.561700 
300 2 16.085800 4.320260 6.169110 
1283 2 21.364500 12.246900 4.503240 
133 1 23.567500 5.196660 10.329000 
1621 1 22.882800 3.221590 1.173790 
1780 2 17.372600 4.349090 10.391100 
1971 2 26.364000 12.696300 3.278380 
1495 2 23.417600 4.800130 8.173970 
585 1 13.381200 8.915450 4.756950 
849 1 16.292700 3.616750 10.571200 
224 2 18.595300 11.629700 0.807616 
91 2 26.569100 9.370100 3.982520 
187 2 23.973900 10.212800 6.991470 
1002 1 19.114900 10.227900 11.684200 
1320 2 26.089900 6.601510 4.446210 
641 1 17.120300 12.363200 7.290160 
1346 1 13.355600 3.761710 5.755810 
727 2 19.403000 8.852000 11.560100 
230 1 14.063200 5.053020 1.322110 
916 2 16.311500 0.777689 2.170650 
229 1 25.212100 6.077930 3.907210 
1949 1 24.279400 11.578100 8.945700 
535 2 13.972100 9.327300 6.401930 
1643 2 14.102500 10.272600 8.163500 
440 2 22.374900 3.118570 6.308810 
363 2 19.044500 4.735980 7.717920 
1718 1 26.343100 6.204540 8.382610 
913 1 14.297600 9.706920 12.757900 
594 1 22.827100 1.181670 13.414600 
250 1 16.829300 8.869130 4.690090 
1645 1 23.273000 11.534700 1.825920 
155 2 21.773700 2.254990 5.553670 
509 1 22.032900 6.171400 13.304200 
118 1 22.244600 -0.338496 6.749940 
1064 2 20.898700 12.901100 10.129500 
352 2 25.241400 10.094200 0.150650 
998 1 24.250200 4.919270 5.829740 
377 1 20.163500 3.559900 2.866350 
397 1 19.309700 8.680380 10.090200 
1190 1 15.162400 7.736140 1.195910 
269 1 19.975000 5.491360 7.464500 
1264 2 18.438500 11.646000 4.116650 
395 2 16.700200 12.039200 2.131190 
393 1 15.852500 1.723390 5.186570 
1047 2 14.013800 1.437050 4.796350 
805 1 24.855900 1.531540 4.193900 
942 1 13.544700 10.045500 0.211343 
604 2 23.686100 -0.067113 2.929680 
408 2 23.518200 6.265640 3.642610 
1990 1 23.435200 5.252030 8.768320 
122 1 21.000000 9.493760 3.115250 
1720 2 26.415600 4.450010 3.450260 
445 1 14.739900 6.683650 7.795140 
1210 1 13.716800 7.046720 2.658860 
1414 1 17.681200 11.526600 1.540530 
1259 2 19.358600 3.932440 12.651700 
1199 2 21.493200 1.470140 5.786260 
74 1 17.537400 10.559200 5.291540 
1151 2 18.090100 9.694860 4.081780 
1487 2 16.179300 4.546430 1.452420 
1758 1 24.277700 9.941700 11.883200 
944 2 26.165200 13.262900 4.200070 
1869 1 16.600500 4.708310 2.367500 
737 1 14.144800 8.699250 6.836500 
1632 2 19.859300 11.406500 7.194840 
157 1 15.164800 10.913800 2.044750 
790 1 19.974800 6.989140 12.931400 
1893 1 13.515100 5.087620 8.890370 
1261 1 24.228500 9.992730 9.166730 
1964 2 24.251900 4.917920 11.955700 
1648 2 20.818900 9.273310 10.427300 
22 1 13.800000 10.019700 4.338640 
60 2 15.997200 5.320250 4.078770 
1361 1 17.975200 10.259900 3.041380 
1669 1 15.249200 0.449062 1.045760 
1395 2 17.270700 1.652940 6.973570 
1445 1 22.122400 8.713490 6.926140 
910 1 16.874000 6.499810 2.864100 
1628 2 17.388500 13.189500 12.183400 
1454 1 21.374500 3.300900 7.005350 
1934 1 22.505700 7.691210 8.285570 
565 1 13.792300 8.867890 0.845861 
1540 2 13.710100 9.209810 4.183270 
184 2 19.208500 0.812756 0.241122 
1128 2 20.249800 9.322100 7.154750 
765 1 21.042200 12.573600 7.035540 
1962 1 14.794500 12.640400 9.213800 
111 2 16.724100 12.690300 8.502720 
1459 2 22.664400 3.683370 1.820920 
314 1 20.443600 2.229090 4.974140 
1912 2 18.522900 6.606460 4.690220 
1846 1 14.454300 11.422600 7.738850 
304 2 15.446300 13.064900 9.052670 
1124 2 13.703100 5.495050 8.536480 
1062 1 20.449000 10.685100 6.968050 
1748 2 24.128200 10.146700 9.523850 
1319 2 24.419500 6.219510 3.955050 
1400 2 18.464800 7.570490 8.705720 
331 2 26.287200 12.524900 9.676110 
1473 1 17.308100 7.244110 9.773110 
959 2 19.177500 8.880990 6.945130 
1666 1 24.410600 3.026400 12.150500 
1494 1 26.137400 7.100270 5.207790 
1263 2 26.426200 3.381410 4.893450 
980 2 15.281600 8.198580 8.340730 
1476 2 22.389800 0.942473 9.152390 
154 1 23.857700 6.240640 8.419920 
823 2 23.628600 10.282000 9.009900 
1626 1 24.340600 8.280230 1.841910 
1659 2 20.812400 1.407960 2.633370 
59 2 26.292700 0.544540 9.024750 
76 2 22.188600 7.332590 8.229030 
773 1 16.063400 6.918930 11.447000 
1799 2 18.144900 5.305910 10.976000 
761 1 22.318700 0.788564 12.093700 
1745 1 25.502200 2.476090 5.742270 
1686 1 18.607700 4.863880 8.582500 
1469 1 19.825400 0.506795 1.005810 
1625 1 20.063100 12.929500 7.430110 
1201 1 20.344500 10.037600 4.768060 
30 1 22.497800 9.886630 4.172540 
1904 2 18.972400 3.543250 6.813080 
77 1 19.527800 8.935690 1.743060 
1574 1 20.383500 8.721990 7.078250 
905 1 13.791600 4.279970 3.975000 
800 2 14.184500 9.440290 0.734412 
3 2 17.894600 12.408500 5.038200 
236 2 13.798200 8.338960 1.533530 
1172 2 23.809000 11.030900 1.131270 
239 2 14.143800 8.707980 0.849038 
238 1 14.836700 4.709640 6.544520 
1954 1 14.379700 12.619400 12.543200 
1919 2 17.116900 11.872300 10.314600 
1664 2 25.955500 4.510910 8.831940 
426 1 26.079100 12.250000 9.695510 
725 1 17.439900 6.074790 13.035400 
83 2 18.478800 0.296108 12.722300 
1813 1 14.628500 5.622240 12.897600 
1836 2 25.763200 12.173000 12.566600 
409 1 17.900000 6.943140 0.373748 
1167 2 21.551500 11.124500 0.230603 
311 2 23.157500 12.429300 12.933100 
1721 1 21.729100 12.919200 0.330062 
1080 2 22.730000 3.213980 0.655042 
1675 2 26.430200 11.131000 0.676865 
785 1 23.581100 12.812000 14.581800 
1835 2 21.231900 6.457440 23.660300 
1656 2 15.489800 2.429100 18.664600 
642 1 24.923600 5.420630 20.773800 
601 1 22.950900 6.118330 17.395400 
227 2 17.440600 7.081300 13.679200 
337 1 18.672800 3.494510 16.042900 
774 1 17.485800 6.202130 24.236000 
1725 1 24.480100 0.460599 23.475000 
312 2 21.637700 6.055380 25.202500 
1839 2 17.920400 9.369020 20.046800 
999 2 14.123700 12.237200 17.352200 
676 2 23.382700 9.356580 15.734000 
1340 2 16.809900 2.485150 17.104500 
216 2 18.918900 7.076420 14.497200 
1204 2 14.119900 6.749940 25.822600 
789 1 14.932400 9.487290 18.386500 
578 1 23.416800 12.795600 17.622000 
1772 2 13.681900 12.191100 13.722900 
1328 2 22.781000 2.537010 26.537300 
1753 1 14.857000 7.112200 14.784700 
329 1 26.390900 12.343300 21.670100 
38 1 20.937700 5.669490 22.030300 
1531 2 22.468600 1.506570 13.471700 
482 1 20.228800 2.910770 13.771800 
741 1 21.442500 4.549600 26.134400 
743 2 24.552400 4.012540 16.760200 
1795 2 23.306000 11.479300 17.762900 
1807 2 24.437200 6.472990 14.928200 
526 1 18.964000 12.204500 23.326600 
260 2 21.427300 10.893300 20.719000 
1418 1 22.343800 13.021300 24.127500 
665 1 14.915500 9.025000 20.489000 
549 1 13.330700 5.245500 21.437100 
1372 2 14.736700 13.082500 17.541700 
420 2 14.449700 7.070570 15.137200 
1547 2 16.856600 3.647840 25.631700 
1408 2 17.726300 1.784100 20.407600 
1479 2 22.441900 12.546300 20.004800 
1059 2 13.928700 10.341900 24.057300 
924 2 21.580900 12.099900 24.332900 
767 2 22.304500 7.340010 26.448300 
1763 2 20.249500 9.906280 16.714100 
488 2 17.185700 11.735200 21.074600 
584 2 18.612300 13.340900 23.169300 
925 1 20.014900 5.214820 15.909500 
1897 1 15.838900 3.768340 24.267800 
241 1 21.105800 3.570460 21.272900 
235 2 22.639300 9.151800 15.324600 
732 2 18.841200 1.885200 22.231100 
1705 1 23.460500 3.484380 24.783900 
562 1 17.019800 10.557400 21.302400 
417 1 22.838800 7.736700 13.317300 
1081 1 16.928500 12.848400 18.449500 
506 1 26.780700 10.941000 21.188700 
1084 2 16.680100 4.463290 21.160100 
1147 2 16.484400 9.701460 24.708600 
1884 2 22.036800 4.970760 14.678200 
934 1 19.456900 2.776680 25.661300 
1014 1 20.529200 8.385880 24.229100 
366 1 16.425400 8.806560 16.586000 
1138 1 21.034800 0.390563 20.608900 
1840 2 19.239600 3.061450 24.704500 
1906 1 26.164500 12.119500 13.833900 
889 1 26.199700 8.472020 23.721800 
618 1 13.552200 6.841970 25.603600 
150 1 15.497600 9.357970 24.036700 
878 1 20.497800 8.676200 17.481000 
945 1 18.245000 7.035970 15.268300 
1883 2 14.318700 4.250830 13.726000 
452 2 14.793300 4.590280 13.723000 
1022 1 23.781900 5.841020 14.961900 
1743 2 21.066600 0.390229 19.331300 
1288 2 14.268700 8.268010 20.312800 
1548 2 15.212500 9.701690 24.548800 
841 1 24.643000 12.756300 23.000100 
1063 2 24.867200 5.154810 24.845100 
1555 2 23.607600 9.874370 23.188400 
748 2 13.397500 3.155540 23.577300 
1023 2 25.781600 0.965410 26.498700 
1889 1 19.732800 10.489000 20.946400 
1868 2 19.870600 0.655855 14.007700 
463 2 15.930600 11.823000 22.386600 
208 2 25.334600 9.938090 22.733800 
714 1 26.119500 1.040900 15.942800 
1305 1 22.271700 5.744120 21.826600 
1483 2 15.072500 13.269500 22.091600 
649 1 18.657500 12.224700 21.268100 
97 1 25.722600 7.392140 22.178900 
387 2 21.087000 11.840800 14.782300 
914 1 16.501500 0.814513 13.128000 
1776 2 22.391600 8.414660 18.871700 
1227 2 17.804900 5.270430 18.844300 
1997 1 23.304500 5.404340 18.637300 
255 2 18.812400 7.555150 26.177500 
751 2 21.271800 9.477180 23.304500 
148 2 16.438300 7.809090 23.592800 
383 2 25.462500 0.673507 22.634800 
736 2 25.027900 11.519000 17.968200 
692 2 26.529600 12.279700 20.808900 
1742 1 26.970800 8.079010 16.665200 
1241 1 26.114800 8.691840 18.899900 
1336 2 23.593200 5.516610 19.771900 
1284 2 23.460700 0.352330 24.582900 
1006 1 14.292700 6.737500 18.842000 
24 2 20.379300 6.962470 18.086100 
487 2 26.251000 7.739800 23.209500 
1134 1 16.844800 2.629970 16.517100 
522 1 20.431800 11.768900 24.180600 
385 1 19.058900 10.328600 17.517400 
1553 1 14.452800 11.917300 16.539400 
963 2 18.836400 6.060430 17.149600 
1568 2 20.817400 11.537700 14.667400 
1404 2 15.492600 5.392490 16.886100 
1658 1 24.018700 11.550100 26.051900 
1872 2 22.928600 7.178580 22.194500 
234 1 26.213900 10.143700 25.477100 
1890 1 20.025800 12.889900 17.638600 
110 1 24.947300 9.470390 21.293700 
1908 2 15.032900 4.162330 24.356400 
1512 2 17.974200 8.896470 19.985600 
1923 2 25.287000 7.865370 18.239800 
37 1 18.437600 2.741490 24.504100 
1415 2 24.538500 5.752700 16.758900 
1825 1 20.869200 3.366230 15.584700 
384 2 18.676600 6.825040 16.334400 
126 1 23.660900 8.741120 17.049100 
730 1 22.343500 2.762670 23.077000 
326 1 26.462100 4.974950 24.412700 
361 1 22.731800 8.239950 20.211500 
499 2 26.101900 3.771320 21.058800 
1691 2 24.015800 12.993600 17.031000 
389 1 15.681200 3.472040 17.594200 
1542 1 16.108400 5.500040 19.121000 
51 2 22.744800 8.032620 20.363700 
1955 2 22.394900 6.225090 17.996600 
169 1 17.447000 3.583970 26.116900 
819 2 13.358500 0.931761 15.253300 
320 2 14.361300 9.799600 13.914300 
1715 2 15.562500 4.159750 24.506600 
348 2 19.025300 7.577210 21.861200 
1898 1 21.618700 6.209800 24.389600 
501 1 17.438000 12.461800 21.937200 
204 2 26.013000 1.913200 15.372500 
550 1 24.589800 3.388300 14.521300 
1275 2 19.492800 3.339680 25.299700 
203 2 21.304000 0.917948 25.544400 
240 2 15.577500 1.711600 26.001900 
1615 2 13.552000 6.152810 17.700200 
555 2 25.829600 9.338450 24.069100 
281 1 19.120200 5.520740 20.223000 
1509 1 14.862100 4.308420 13.700800 
427 2 18.438000 12.389400 26.304700 
179 2 15.816700 8.414530 19.884300 
882 1 18.826900 1.708390 20.709400 
1803 2 16.717700 9.766120 17.087500 
918 1 15.538900 0.843012 15.709600 
794 1 18.640600 12.803700 15.087500 
1561 1 20.736500 11.970000 20.535100 
1878 1 25.551500 -0.151475 26.278000 
821 1 13.268000 8.497890 15.436200 
113 1 20.713700 8.338390 20.505400 
1706 1 21.817600 9.663560 15.335700 
1052 2 24.401600 4.357230 23.946000 
797 1 16.955600 8.574100 20.578700 
904 2 22.204700 3.592710 21.574900 
900 2 25.734800 4.915780 14.748500 
1886 1 26.074700 4.911660 15.548100 
1514 1 23.683900 0.806048 18.322100 
1804 2 16.797300 1.590710 15.594700 
245 1 24.833900 2.838680 21.591200 
27 2 14.112400 7.688660 21.925700 
1041 1 25.382800 1.180510 22.314700 
1692 2 23.000000 3.248620 16.816200 
177 1 25.047300 12.833200 20.585400 
1576 2 16.999400 12.396600 16.253900 
682 1 24.827700 10.587100 17.660500 
627 2 15.594300 2.009840 15.805700 
1142 1 15.492600 7.033440 26.043900 
1390 1 15.040300 13.278300 21.506900 
709 1 14.534800 2.991190 15.597500 
1036 2 22.597600 0.266537 13.245000 
1249 1 21.175400 12.015300 15.455500 
1038 1 17.999000 3.080450 21.772800 
1917 1 22.761900 0.410908 25.979800 
1222 1 13.803000 6.422540 17.911800 
536 2 19.700400 3.529580 15.856500 
1082 1 20.155800 6.048040 24.136000 
1432 2 20.195900 8.274400 19.286200 
402 1 22.928200 7.359480 24.794900 
10 1 20.802700 11.267900 14.009300 
803 2 26.041200 12.669800 17.087700 
876 2 13.391300 6.066820 19.075800 
1193 1 23.751600 9.533860 24.002900 
1402 1 17.251400 8.456810 22.767700 
1929 1 15.875700 5.791140 22.293800 
1387 2 13.956900 12.165800 14.180700 
1310 1 20.991100 1.677790 14.877600 
1019 2 20.136800 1.977780 16.077800 
371 2 25.083000 9.430380 20.173600 
764 2 18.486800 11.845800 22.378600 
1530 1 14.768800 1.568680 23.997500 
1963 2 15.961400 4.322350 17.807900 
63 2 26.107600 1.200640 19.910500 
1470 1 16.406800 3.262620 22.515200 
1085 1 14.666800 7.478730 16.372200 
1681 1 17.762700 12.502000 25.854700 
531 2 19.080300 13.237500 20.713700 
650 1 23.919800 9.138090 18.861900 
1213 1 16.183800 12.023800 23.396400 
1974 1 25.232700 7.337870 17.826600 
144 2 21.680600 3.340840 21.535300 
1330 1 24.965500 12.314500 17.963600 
909 1 20.361300 4.011140 24.112900 
202 1 24.516800 7.313610 15.056400 
1999 2 22.024400 4.518720 24.913000 
103 2 15.283200 4.259150 17.676400 
400 2 25.515900 0.039000 25.542000 
989 1 23.279300 8.107300 21.241700 
135 2 16.599500 6.352510 23.572300 
605 1 24.945800 3.895320 18.076200 
647 2 21.906000 5.979610 21.359000 
262 1 15.783400 5.194000 17.054300 
858 1 25.061500 4.353260 16.765400 
1312 2 19.535000 10.193700 23.806400 
365 1 21.863400 10.864400 24.929600 
1347 2 25.313100 1.420770 14.088800 
664 2 21.300000 4.278130 23.407500 
1327 2 23.777500 11.158900 21.695200 
807 2 19.234600 2.573200 15.793500 
1092 2 20.268500 1.175580 18.739800 
1714 1 17.020300 10.207500 25.867800 
455 2 15.403800 1.849030 24.003800 
1500 2 26.543000 8.374240 16.487000 
1566 1 18.704900 6.725470 18.067400 
740 2 25.673700 5.140450 19.067000 
1004 2 15.521100 7.887020 17.107700 
1654 1 16.166700 1.120970 26.312300 
1298 1 23.262300 10.611800 22.683200 
401 1 13.684900 3.643350 17.410500 
1594 1 14.284800 11.463800 13.580500 
693 1 17.133500 0.050449 17.008800 
1690 1 16.509400 3.140280 19.091700 
1599 2 17.727600 3.731000 21.896400 
1810 1 20.213600 1.802720 17.647400 
325 1 25.907000 1.074610 13.543500 
1163 2 13.822300 8.252220 15.470700 
722 1 23.681500 9.350980 14.915500 
1662 1 21.036800 1.964500 25.776500 
190 1 19.331900 8.739500 14.163900 
892 2 23.109200 9.211320 26.098200 
146 1 26.021100 5.334180 26.267300 
1693 1 16.718200 12.037700 13.497200 
1373 1 13.549000 3.730840 26.191500 
1316 2 26.586900 24.008800 8.803900 
1299 2 17.070900 24.559300 3.447920 
762 1 14.272800 23.308200 5.153440 
778 1 14.479100 20.486900 11.784800 
1152 2 24.699100 23.747000 11.723600 
853 1 25.856900 16.267700 9.532380 
1801 1 17.468200 14.385600 11.569900 
1078 1 19.420800 21.788900 11.386300 
1205 1 23.137900 17.330700 8.211740 
646 1 16.752300 25.163900 2.327770 
735 2 18.490400 16.223700 7.608060 
1219 2 16.969100 18.620200 3.698090 
607 2 20.063600 15.536000 0.598112 
1843 2 16.651400 22.382000 11.289700 
630 1 25.282300 20.427100 6.969990 
1194 1 20.410100 23.530800 12.047300 
1828 2 15.518600 19.860200 13.028100 
784 2 24.485000 20.614600 4.737170 
881 1 19.850300 18.524500 6.182690 
503 2 17.308300 15.905000 5.366960 
1045 1 18.652300 16.008300 12.439000 
857 1 16.113900 23.935000 0.156853 
1074 1 24.197400 24.036100 4.094440 
666 1 17.682300 21.975400 10.678100 
1411 2 20.991300 16.485900 9.485790 
1885 1 25.467900 22.065700 0.216615 
26 1 19.089000 16.187000 0.587266 
39 2 21.795700 19.066800 3.680950 
497 1 13.788100 13.117100 5.370830 
58 1 20.999300 14.903800 9.414980 
423 2 14.071600 21.029800 12.271400 
1623 2 13.842100 15.379300 8.208300 
590 1 20.775900 17.222700 4.602670 
1426 1 14.176600 21.347300 8.348990 
637 1 24.392300 25.550100 2.465070 
1060 2 18.203500 21.617900 7.476890 
345 1 19.760600 22.133500 2.433910 
1528 2 14.573200 22.454300 6.411930 
815 2 23.187600 22.667300 7.440210 
1867 2 14.705500 20.195600 6.524920 
81 1 14.060700 23.583500 11.158600 
1585 1 17.707800 24.236100 6.662800 
1979 2 13.751000 20.572200 4.946710 
951 2 23.228100 17.714600 8.011380 
1777 1 15.788800 16.210300 10.575600 
1018 1 23.111400 15.503000 5.942770 
1024 2 22.174800 25.932100 6.614790 
1200 2 22.652100 15.288700 5.526770 
286 1 15.811100 19.426500 9.358870 
261 1 22.322100 17.578700 9.450520 
1054 1 15.359100 15.833700 6.626400 
532 2 21.486200 20.722900 6.734590 
971 2 23.186500 17.081600 1.554790 
1154 1 18.650100 23.741500 0.178386 
277 1 21.892700 21.245000 7.051470 
1653 1 17.438400 14.484600 8.698010 
783 2 19.733000 14.465600 10.023800 
1637 1 21.300700 20.626400 11.747700 
1712 2 21.785800 19.462800 3.593460 
28 2 18.126100 14.969000 2.867740 
1257 1 26.123300 23.133000 9.390780 
1749 1 14.722000 17.236600 3.008550 
866 1 13.829100 16.515000 12.714900 
687 2 18.061700 22.542200 1.018260 
321 1 17.229100 22.555400 8.931900 
683 2 24.667000 23.540800 0.580795 
223 2 14.026000 18.941000 1.544180 
771 2 16.390700 15.992200 12.398600 
1371 2 18.057200 21.716300 5.616160 
259 2 17.592300 16.749600 1.795100 
1524 2 25.254600 23.074900 11.581400 
117 1 24.592500 17.906800 5.833540 
1270 1 14.543100 18.615300 2.034990 
870 1 19.627100 15.324000 2.960930 
13 1 22.872500 22.477700 12.064100 
458 1 14.991000 21.281400 5.431670 
782 1 19.988800 25.520200 12.848000 
279 2 23.020500 19.351100 12.245300 
1192 2 16.194300 16.895800 12.579300 
537 1 18.314500 24.787700 8.724880 
1586 1 23.946700 25.380100 4.989460 
1279 2 14.501800 23.502900 11.187100 
1578 1 22.523100 19.259000 3.802310 
472 2 23.658100 23.715600 4.746630 
310 1 19.895700 23.762100 7.853190 
124 2 22.286700 26.118700 10.788500 
1266 1 20.475900 26.434700 8.056070 
626 1 16.418700 26.504600 9.479950 
1409 1 25.029300 23.251100 11.938600 
205 1 23.543300 19.009200 12.012100 
645 1 14.653600 23.370300 6.246820 
1345 1 16.187600 19.686100 12.962100 
1932 2 20.181900 25.464800 8.907640 
1050 1 20.405100 24.719400 6.139570 
1679 2 25.377900 25.163200 4.087920 
795 2 16.502600 26.276300 0.269591 
9 1 13.870100 24.157300 2.777090 
525 1 22.209400 16.565100 1.891640 
614 1 18.138600 25.955300 10.501100 
1230 1 15.736100 19.040100 7.296620 
1302 1 20.849200 18.530700 4.003560 
1068 2 20.128600 18.166600 5.863230 
568 2 25.288700 16.237200 11.596500 
1782 1 26.017400 18.833200 9.789040 
1751 2 19.876100 24.678800 6.211700 
1039 2 17.821700 20.833100 8.189570 
1865 1 17.098500 18.271200 1.410010 
189 1 17.164800 20.865300 3.551180 
707 2 22.233700 13.584800 11.142000 
1451 2 25.070600 15.507600 9.415550 
1544 2 15.564600 25.621000 1.285260 
328 2 18.310200 24.635900 0.417782 
834 1 14.830600 22.178100 3.777650 
1875 2 26.770600 21.129600 7.097320 
726 1 17.246600 26.193800 12.326600 
1157 1 24.492200 15.469100 3.673440 
1604 2 14.584700 19.008300 2.536250 
1694 1 20.955900 25.088900 9.129720 
1348 2 14.458300 19.162200 6.914970 
1770 1 18.320100 19.900700 4.847310 
66 1 20.607100 24.171500 13.352900 
1475 2 24.541000 13.951800 7.844610 
1961 1 19.667900 21.329900 6.662320 
1318 1 16.754700 24.775600 4.072480 
1579 2 23.786100 21.608000 0.803020 
1313 1 23.033300 24.036400 6.378230 
1071 2 19.200400 21.944600 12.484200 
164 2 17.116600 23.948600 4.322090 
41 1 16.198800 14.774900 12.216100 
461 1 24.548300 21.058800 1.087300 
500 2 20.247000 23.892000 12.526300 
1967 2 25.319700 15.827200 2.714320 
315 2 22.769600 25.859600 10.563200 
1169 1 24.518200 25.836100 11.353100 
1155 2 23.301800 25.942100 6.133000 
1952 2 24.642300 21.216400 1.233660 
868 2 16.269800 16.262100 11.150600 
1117 1 17.021200 13.910500 0.659841 
438 1 21.998200 20.428500 1.582570 
940 2 15.294200 24.755500 8.273870 
941 1 17.648600 19.972000 7.039100 
1529 1 22.860900 17.624800 11.364300 
1457 1 19.319500 18.163800 4.102570 
1888 2 24.097500 17.429800 8.555350 
191 2 15.210000 23.694100 0.986153 
675 2 22.427600 23.644000 12.993100 
332 2 21.196900 24.040200 3.306900 
839 2 18.298500 25.727900 7.945630 
1376 2 17.469200 18.847000 4.023620 
1564 2 23.789000 17.861300 4.916880 
854 1 13.944900 21.344100 10.039000 
638 1 26.585400 22.980900 1.543290 
1526 1 15.092800 24.863500 7.911160 
1680 2 18.836500 24.775100 5.586530 
697 1 19.238400 20.144300 1.214020 
1549 1 16.393300 17.756900 13.181300 
1232 2 13.820200 21.191200 6.781580 
1436 2 17.581500 23.024500 9.176310 
15 2 20.071000 24.105900 6.828070 
787 2 20.227600 20.156800 1.282700 
1593 1 24.356500 23.545100 0.239820 
1634 1 17.379500 21.486900 12.175900 
1334 1 18.752700 14.254400 4.594870 
1367 2 14.937700 20.076000 7.680570 
772 2 14.167600 23.318500 3.324180 
1817 1 23.537300 16.654100 13.232200 
136 2 19.038500 18.065100 3.765270 
23 2 24.750700 19.070300 4.812130 
677 1 26.386500 16.801600 5.854240 
933 1 21.145600 20.565100 9.444920 
1907 2 22.985000 24.489700 3.049070 
53 1 21.729500 14.223400 12.895500 
1370 1 26.195700 14.382900 6.482170 
827 2 21.858800 14.775900 1.769910 
1809 1 22.797200 16.035900 4.954720 
50 1 14.191900 21.429200 1.690580 
612 2 17.285500 15.440000 6.852370 
886 1 23.768600 20.075600 8.524580 
1007 2 24.396300 20.804300 3.827820 
814 1 22.502600 26.679000 9.509580 
89 1 23.736500 17.826600 2.985610 
844 2 21.755800 15.861800 1.680300 
64 2 22.958800 18.537500 12.273000 
896 2 13.164300 15.683900 1.284730 
439 2 26.116900 14.494300 6.328650 
573 1 24.067500 13.641600 8.638500 
1396 2 24.173100 22.994700 6.927160 
280 2 20.697300 21.453000 1.651950 
611 2 14.548000 24.180500 5.335360 
747 2 13.949700 13.770800 5.178850 
470 1 23.305100 20.300700 10.898100 
750 1 26.028100 13.849400 4.964590 
272 2 15.563100 21.422500 11.282700 
153 1 26.072400 15.122900 8.112040 
1798 1 23.905200 23.735000 9.360750 
1109 1 22.232800 13.868200 1.874110 
1226 1 18.175700 25.459900 3.811040 
174 1 25.698600 21.556400 4.262760 
1788 2 16.751100 14.028900 8.140220 
1438 1 18.130500 15.554000 2.266490 
1856 2 15.634500 19.170900 9.590980 
884 2 23.987900 19.729500 8.444900 
1120 2 24.594000 24.186800 0.084602 
1410 1 20.993300 13.917000 10.817300 
1684 2 26.125400 21.124100 2.822130 
1527 2 25.983100 19.668200 11.513800 
1055 2 16.825100 17.074400 10.814100 
104 2 16.842600 25.591900 9.685500 
917 1 22.060700 23.001300 4.683490 
1095 2 13.081300 23.504400 13.263500 
534 1 23.684200 22.177700 7.489480 
1741 1 17.339200 15.999100 6.581290 
457 1 19.795900 13.362300 0.398948 
1104 2 14.359100 23.238400 3.872920 
990 1 18.160700 22.970000 1.813830 
1449 1 23.690800 21.608600 3.707690 
221 1 17.209100 18.297400 4.628270 
517 1 20.337800 15.922900 10.875600 
1995 2 13.881600 16.193800 2.943180 
327 2 23.672900 16.223900 13.345700 
592 2 23.706900 14.721100 6.471530 
540 2 22.913500 23.924400 9.205640 
483 2 20.710700 20.904400 5.540250 
977 1 25.524600 15.715800 2.739100 
929 1 15.583700 22.902700 10.930100 
518 1 26.489100 18.685400 3.243510 
1419 2 21.596700 21.247600 8.648810 
1455 2 13.925900 24.958800 7.852280 
1953 1 22.337800 23.675200 1.286730 
1357 1 20.343400 20.661600 10.637700 
88 2 18.330900 20.251900 4.410260 
1760 2 19.927900 15.255000 11.116100 
947 2 20.574000 19.821200 -0.373979 
895 2 20.732700 21.098100 10.375400 
428 2 21.443600 18.390800 10.166500 
591 2 19.753200 19.123600 5.021010 
411 2 24.634100 23.530400 7.826010 
1640 2 25.947100 16.224500 2.327270 
379 2 25.379600 22.135500 10.585700 
877 1 21.264200 20.889200 4.955130 
1240 2 18.414700 21.324400 11.777800 
380 2 23.169100 15.004500 10.821700 
756 2 19.795000 14.582600 7.706430 
1212 2 21.223100 20.887800 11.384400 
613 1 25.392300 20.570900 2.261170 
583 2 16.855300 25.992300 10.579900 
799 2 23.092400 15.654400 5.387670 
964 2 23.015600 17.032100 3.257620 
1609 1 22.857900 25.370400 10.378000 
1458 1 14.161600 15.002200 2.156600 
1761 1 25.075700 14.138500 12.788200 
1017 1 18.516900 13.178500 9.088300 
1033 1 26.409400 20.212800 12.730300 
1444 2 19.292000 17.168200 0.595409 
1344 2 15.307000 22.130700 0.248572 
437 1 16.708900 16.755500 1.640310 
1380 2 20.520200 17.038700 12.965500 
1519 2 25.155300 21.830200 0.223970 
149 1 19.673800 21.996100 12.970800 
1067 2 14.449700 17.257100 12.780900 
1365 1 15.174100 20.899700 13.083200 
551 2 18.474500 17.834400 26.106000 
1805 1 21.238200 25.818100 15.584900 
520 2 18.671800 19.939500 15.863500 
1353 1 16.084100 24.784900 18.157500 
1184 2 21.325900 17.738000 17.654400 
161 1 20.164400 15.364400 25.430800 
1577 1 15.854400 15.210300 25.023200 
166 1 15.620500 25.191500 15.934100 
129 1 19.350600 17.736900 25.971700 
1034 1 19.828600 22.631000 19.193700 
1596 2 22.111800 14.697700 18.560300 
996 2 22.656700 24.468300 25.335400 
1315 2 17.205700 13.444300 17.761200 
903 2 19.396000 14.429000 24.068400 
1271 2 20.626800 17.006100 21.728500 
958 1 23.565500 23.926000 25.022900 
1161 1 14.022900 13.786000 26.075100 
1559 2 25.697300 20.861700 16.658200 
1447 2 24.493400 17.311100 17.966800 
1352 2 17.070600 24.487800 21.639600 
640 2 22.234600 14.963500 13.901800 
1392 2 18.965300 22.075800 20.236500 
338 1 15.558200 16.207900 23.023800 
1379 2 14.118000 18.953000 15.919000 
1224 2 25.254800 24.337600 21.242500 
554 1 22.976200 15.047600 26.112100 
793 1 24.122400 17.053400 23.545200 
266 1 26.126400 24.874000 20.066700 
114 1 23.035900 22.860800 23.173600 
818 1 17.426300 24.237800 17.295400 
1474 1 21.183700 19.094900 25.395100 
45 1 17.688900 19.989500 14.564400 
1170 1 26.570400 18.197500 14.950900 
1290 1 16.496000 19.888000 21.145700 
1437 1 23.302900 18.295500 19.510600 
1871 2 22.537300 19.712300 19.601300 
718 1 16.769300 17.933700 23.289900 
1156 2 21.193700 13.659200 19.943700 
96 2 24.737200 25.093700 14.023400 
1248 2 26.533900 25.918500 15.819600 
233 1 20.978900 15.595500 22.473900 
1003 2 15.822200 14.570200 25.414300 
1938 1 20.099500 15.149300 14.050500 
367 2 15.590600 21.473000 21.176000 
893 1 20.844900 14.952600 16.869500 
1729 1 13.707400 23.617500 24.864100 
1587 2 23.070800 25.999700 17.015100 
1216 2 25.025300 19.484300 17.201500 
1231 2 17.231800 22.358500 17.346600 
18 1 19.489900 24.835700 17.847700 
1234 1 24.117200 15.659700 13.410600 
1765 1 24.043000 24.519500 13.712300 
1768 2 25.966000 14.874100 20.892400 
1482 1 19.361500 21.633800 24.613700 
1143 2 20.594400 21.768600 25.349000 
867 2 25.824000 24.268300 22.216100 
1716 2 26.204100 16.369200 22.872600 
1177 1 20.222900 20.528400 16.478600 
705 1 18.066000 17.237900 21.072100 
276 2 21.957600 22.147200 19.500600 
1900 2 14.953700 18.134700 15.412800 
654 1 22.826600 13.486600 19.849700 
1880 2 18.644200 19.227000 19.306800 
407 2 18.935500 24.219900 23.177900 
468 2 20.816900 20.489000 24.834800 
140 2 14.643700 26.289600 15.141500 
1434 1 23.342400 25.851600 24.942400 
1131 2 25.324300 19.426500 22.008500 
1110 1 20.610300 18.505700 20.053100 
906 1 22.527500 24.467700 14.918400 
1189 1 14.354500 13.840600 18.697100 
1848 2 15.332800 15.263800 15.906300 
479 2 25.658900 20.677500 19.194200 
1384 2 19.357800 17.851500 22.976100 
414 1 13.680900 25.696800 23.612200 
1377 1 25.502700 14.138300 16.774600 
1965 1 24.068600 17.386000 25.984100 
388 2 23.336400 20.542200 13.602400 
372 2 18.392000 15.839100 19.800700 
1539 2 16.444600 14.669800 15.011300 
295 2 14.565500 16.524100 22.666700 
101 1 14.849100 16.762000 19.517300 
1026 1 24.599200 19.507900 22.140700 
527 2 19.926500 20.532500 15.284600 
926 1 22.580100 15.770400 16.938500 
1618 1 20.568500 23.878200 16.496800 
1672 2 17.028700 20.557600 23.847300 
486 1 26.361100 25.283800 21.995100 
1794 1 21.088200 23.896000 26.029900 
671 2 20.128600 24.744100 13.167000 
418 1 23.875700 23.308900 18.439400 
1833 1 25.901800 25.996800 17.833700 
237 1 13.972900 15.002700 24.139900 
264 2 19.364600 14.973000 25.715700 
1845 1 13.783900 16.531500 20.500100 
1100 2 20.653700 24.928900 21.488200 
1413 1 19.468500 23.696700 22.991000 
1570 1 17.274900 22.345600 20.740100 
1463 2 23.739300 13.516700 25.791900 
1727 2 15.861300 18.373700 18.449000 
256 2 22.157000 23.174300 15.082100 
1629 1 19.208000 13.817100 23.745800 
1895 2 23.779300 23.608000 14.377900 
1118 1 20.605800 17.429100 22.063500 
183 2 23.019500 23.229900 19.797700 
492 2 22.134800 14.336600 15.671300 
1580 2 16.244200 14.745300 26.015900 
79 2 21.596800 22.458900 19.361100 
378 1 13.973000 14.240100 21.073500 
1250 1 16.792700 23.659300 14.353600 
1208 2 15.120200 18.453300 18.278000 
353 1 21.759900 20.723400 26.207700 
1882 1 22.167700 24.490900 23.277200 
938 1 14.564100 18.014700 16.110000 
1399 2 18.881100 18.803200 18.634300 
1314 1 16.969800 20.454800 24.531700 
374 1 21.196900 22.103600 17.820000 
515 2 16.399700 19.526000 24.201900 
1832 2 13.345800 15.305200 22.746400 
1090 1 14.378700 22.617300 14.578300 
581 1 17.063800 23.945700 22.064000 
1927 2 19.753600 15.314700 23.278700 
837 1 26.112500 24.966600 15.695300 
1337 1 25.474200 22.600200 22.913600 
1844 2 23.327900 13.541700 25.687400 
323 2 16.337700 21.952700 15.318100 
1028 2 18.781500 15.343600 14.493500 
1021 1 23.886400 25.205700 18.511100 
1237 1 19.424100 25.259500 24.592600 
1144 2 22.639900 25.028800 19.334900 
1375 2 15.278300 25.967600 18.999400 
368 2 25.041500 13.773500 22.700600 
1901 1 20.573400 24.831700 21.395700 
196 2 26.285700 25.517800 19.943600 
219 2 13.181500 18.787700 24.379100 
172 2 14.901300 23.564500 24.101900 
1541 1 18.733000 19.657600 18.614200 
296 2 23.891800 14.948000 18.626000 
809 1 15.274700 15.221100 15.847300 
99 2 17.904100 20.385700 24.646500 
1647 2 25.105200 24.881800 16.264700 
25 1 15.759800 18.862100 15.044700 
833 1 16.883800 21.934700 16.653800 
1065 1 20.402400 17.738800 13.064700 
1565 1 17.585700 18.072100 18.091900 
1619 2 13.773500 15.711200 20.000800 
1744 2 14.071100 24.542500 15.362100 
711 2 22.802000 25.452200 25.368200 
358 1 15.230400 26.363700 13.784400 
182 1 26.292400 17.544100 25.891900 
987 2 23.236200 19.089600 24.214000 
862 1 14.055400 21.064500 22.023300 
307 2 18.763600 16.268300 18.330500 
422 1 24.006500 20.880600 14.741000 
105 1 14.467000 18.879300 24.438900 
450 1 25.418500 18.522200 14.730500 
1787 2 20.320600 15.150100 16.328200 
1397 1 22.293500 20.395500 13.680800 
1460 2 24.692100 23.309400 16.699400 
1910 1 24.118200 21.024300 17.333800 
524 2 23.058000 19.876400 16.379200 
1321 1 19.124200 25.797100 22.000400 
36 2 23.032100 25.922600 17.809100 
1946 1 14.323400 23.478200 21.390800 
1921 1 15.336700 13.455800 17.923500 
658 1 24.702600 19.591900 19.424700 
1537 1 21.619600 23.434400 21.726700 
1682 1 26.402200 22.395300 21.225400 
1704 2 22.048000 14.535500 23.186000 
1354 1 15.709400 16.702400 15.168800 
1601 1 16.076000 25.364100 22.295400 
481 1 15.823400 22.233600 25.595600 
454 1 22.969200 26.232900 17.273400 
2000 2 23.648300 17.471100 24.685600 
197 1 21.507000 19.002500 22.457400 
1363 2 13.573200 24.490800 20.712600 
1661 1 25.889700 15.993600 21.926000 
351 2 17.853900 19.030000 13.997100 
541 1 25.780100 14.586700 22.845800 
473 1 21.890200 22.759000 19.680600 
1552 2 14.243300 17.939600 24.930100 
744 2 16.172600 22.353900 14.403800 
1808 2 24.587900 18.889100 20.048700 
851 2 15.569100 18.891400 16.183100 
336 2 21.702900 18.263500 22.123800 
1235 2 16.632500 16.474400 21.382000 
1008 2 15.119900 20.520700 21.244000 
429 1 15.392400 19.146100 16.818800 
1174 1 21.270600 17.105700 17.267800 
435 2 17.732500 24.618100 15.957600 
469 1 21.231200 14.078500 19.545700 
521 1 17.318700 26.105400 20.921300 
291 2 18.802400 24.745100 19.279300 
1220 2 16.355000 25.146800 23.981900 
1582 1 14.854400 18.568600 18.575300 
1826 1 24.885700 16.773600 19.954000 
1762 1 25.007600 23.061600 16.819200 
1160 2 23.595900 22.265700 23.011400 
1928 2 13.945300 13.675200 20.519900 
343 2 25.559600 16.744600 26.135600 
1947 2 16.348100 25.292400 22.522000 
373 1 19.219900 15.473600 17.995400 
880 2 17.706700 14.821100 17.111300 
1987 2 21.905500 23.383300 19.960100 
1329 1 25.475300 19.980000 20.798800 
1960 2 14.087500 16.437900 19.526500 
648 2 20.389300 25.889000 25.816600 
1677 1 19.554700 16.907400 16.227500 
1030 1 21.942500 21.022800 19.365200 
1300 2 17.651400 24.467100 17.698500 
636 2 19.410600 23.316500 16.174200 
1873 1 19.372700 16.735400 19.785800 
673 1 14.838900 14.944300 21.194100 
699 2 24.166300 24.601500 19.884000 
1135 2 25.235100 14.703300 22.528700 
1950 1 25.738500 16.573300 17.513900 
1506 1 21.737400 25.740000 19.816900 
392 2 19.891500 22.235800 23.730800 
1639 2 23.595500 21.643800 16.198700 
305 1 18.340200 19.935800 24.126500 
1926 1 18.424600 15.572800 15.792000 
356 2 15.721100 21.348400 17.193000 
1386 1 22.673900 18.531400 16.867000 
1750 1 15.659100 14.166700 14.458300 
297 1 19.017400 15.614300 24.483400 
631 2 22.955100 17.113100 22.268700 
1027 2 20.931100 16.934500 16.476100 
123 2 24.400800 25.909000 19.349400 
1102 1 14.867400 20.359700 19.557000 
1273 1 26.137100 20.076400 17.633800 
115 2 22.134500 15.239400 18.409600 
563 2 20.316900 26.394500 22.462500 
317 1 16.099000 25.263500 24.447900 
1916 2 22.223600 24.226100 23.504300 
1924 2 25.462200 16.410600 17.140400 
1186 1 24.764700 19.710500 25.157000 
212 2 25.031400 19.647400 22.039500 
598 1 24.065900 25.146600 14.966000 
820 2 15.817700 25.591000 18.212800 
302 1 22.989700 16.090100 21.705900 
571 2 25.830800 14.259200 13.381100 
1265 1 21.782900 25.903000 24.958000 
656 2 13.919300 23.030500 13.504800 
781 1 13.424700 26.280500 26.559200 
504 2 13.173300 13.569800 24.918600 
137 1 24.729900 25.718600 20.110400 
1993 1 14.651700 20.337700 26.279500 
319 2 20.949200 16.354200 13.739100 
