id type x y z 
1313 1 4.050910 11.416800 5.745550 
1076 2 11.864500 11.638100 11.309600 
1171 2 0.993306 4.066380 8.029660 
993 1 9.521400 4.453260 11.347100 
830 1 1.771730 10.498000 0.414069 
391 2 5.604230 9.778400 11.403400 
1350 1 12.422100 5.836520 10.212600 
400 2 11.555800 7.588820 1.940340 
366 1 13.363100 4.350910 7.764080 
566 1 0.431915 6.617530 7.650640 
52 2 8.721410 6.339640 2.560180 
150 1 12.339700 11.738200 10.665500 
793 1 7.504420 12.698500 3.452840 
855 2 5.385030 5.696800 3.213370 
277 1 8.730120 5.463580 8.958040 
1278 1 10.507200 4.126510 6.955870 
1151 2 4.806450 3.179870 2.757040 
1402 1 8.472770 1.872130 7.351750 
1564 2 0.049396 7.290040 0.177192 
1399 2 0.333537 8.780400 9.181070 
45 1 2.640000 8.684390 0.477726 
1741 1 3.371400 6.417330 3.959100 
625 1 7.174910 5.147450 10.137200 
1202 1 7.930900 8.764270 9.597620 
1932 2 12.706200 6.880010 10.028300 
1573 1 1.226670 4.279800 8.065250 
202 1 6.337280 6.688780 8.645160 
1779 2 2.388620 11.552500 13.119400 
760 2 4.455700 11.838700 4.455240 
1513 1 1.027750 5.677180 0.948167 
850 1 6.567310 7.954750 10.959900 
612 2 2.243900 0.883155 2.398210 
980 2 9.129710 10.839400 7.350000 
428 2 10.863500 8.714510 8.563260 
1559 2 5.466110 6.766840 8.335640 
153 1 1.845760 1.645130 12.235700 
1728 2 6.011930 1.895300 9.399520 
210 1 4.502700 4.234470 3.906080 
505 1 6.267560 7.762250 4.759220 
1754 1 5.840550 4.523410 10.275100 
220 2 0.450099 5.495890 10.887400 
923 2 6.642190 5.630030 4.534160 
278 1 7.908410 4.290410 1.896080 
1441 1 5.639180 2.426770 10.709500 
778 1 3.639680 4.570120 10.908400 
171 2 7.031480 1.587150 4.032060 
1608 2 3.903320 9.421320 8.882140 
1675 2 12.488300 6.672830 13.155300 
770 1 11.244100 1.553880 3.893890 
481 1 5.652650 8.610360 -0.079760 
964 2 9.818750 8.473230 9.866250 
1517 1 10.328800 8.126410 7.551120 
40 2 10.176900 2.586900 5.916140 
180 2 10.933700 4.452780 7.470650 
1243 2 7.512650 5.452050 9.765100 
1965 1 8.512850 5.162850 12.645600 
1983 2 12.317000 10.526700 7.359260 
417 1 9.622040 7.344880 1.308930 
647 2 8.640210 9.045290 1.136770 
103 2 0.267204 9.249060 12.455600 
703 2 10.586900 5.305210 2.951430 
1006 1 4.175240 6.214210 7.302830 
635 2 1.706520 10.728800 1.013930 
1757 1 1.123250 1.813340 4.551400 
1825 1 6.054290 12.659100 1.529250 
186 1 2.478850 5.603230 5.553600 
1700 2 3.241210 4.113310 9.276310 
1461 1 4.116530 10.496300 9.574670 
242 1 12.367500 1.252840 1.576530 
1140 2 0.325321 11.041000 3.359560 
1057 1 4.229680 8.935880 4.658980 
1818 1 2.281580 7.965080 8.370330 
641 1 9.371470 2.801950 11.232700 
811 2 1.595690 11.253600 6.485360 
1623 2 8.407320 12.290200 12.224800 
49 1 11.533900 12.699100 8.600930 
1286 1 4.797510 11.051500 11.552700 
509 1 5.480470 11.699700 4.112900 
925 1 8.317450 6.552550 2.889360 
1328 2 7.128850 1.646490 1.345450 
1704 2 7.538840 11.859000 3.347550 
1020 2 5.103140 2.165880 11.488900 
1342 1 3.695940 0.060139 2.342330 
580 2 4.462500 5.539210 10.083100 
1566 1 7.234860 5.288660 4.771470 
1527 2 0.357456 6.835780 4.763910 
1117 1 11.918800 10.629200 7.894600 
1404 2 4.040150 13.003300 3.894480 
806 1 6.235770 1.697670 4.546360 
149 1 6.912180 1.225390 12.485500 
1731 2 2.329200 6.443360 7.787740 
872 2 6.500740 8.829710 5.364940 
1320 2 12.505900 10.342200 3.634370 
1444 2 7.886310 5.217690 6.990000 
498 1 7.079550 -0.074307 0.406487 
1044 2 7.079030 8.425430 9.082530 
375 2 4.898160 11.896000 2.748640 
1620 2 3.873990 6.029300 5.666100 
999 2 9.716450 4.130140 7.902500 
48 2 0.209513 2.894110 4.622360 
949 1 6.281150 9.601870 5.034060 
1553 1 11.858100 2.756000 7.279280 
215 2 4.897550 5.713350 6.043140 
720 2 6.969380 7.859620 10.087000 
1781 1 9.300980 6.928200 8.646460 
310 1 11.902700 0.869175 11.578200 
851 2 11.056100 7.857730 0.009581 
1489 1 10.012900 8.659250 8.681490 
437 1 3.803130 8.675770 9.347530 
564 2 6.856170 3.370120 7.156190 
1640 2 9.191970 4.256430 12.086100 
686 1 8.811810 1.512810 4.715250 
892 2 6.551880 6.141530 0.176636 
1491 2 9.508960 0.071045 12.102800 
813 1 1.987760 6.086520 7.954990 
200 2 1.282380 2.587870 12.484900 
935 2 5.667320 11.532400 6.056950 
1273 1 8.124940 0.617067 11.986600 
871 2 4.847530 7.101920 1.663980 
251 2 11.228300 1.651720 4.090400 
1429 1 9.062700 10.528100 6.295010 
1494 1 0.412835 12.468800 9.185800 
1988 2 6.998590 9.296750 0.450003 
107 2 3.701190 10.927600 8.894160 
259 2 0.767423 7.911040 2.256450 
1897 1 10.420400 6.118930 2.795030 
22 1 12.654600 12.156800 3.642550 
1081 1 7.527070 8.352580 6.407410 
255 2 5.188160 4.610320 12.838900 
371 2 10.463700 1.801140 8.403350 
1071 2 13.115800 3.472610 7.066590 
1144 2 7.816370 11.977600 11.710100 
1976 2 12.753600 6.068260 4.356270 
1037 1 12.016300 0.910920 3.592210 
950 1 6.772380 3.866730 7.434570 
1115 2 9.865450 5.174630 11.500800 
345 1 2.780430 3.162750 1.295280 
682 1 9.038670 4.294800 4.341170 
1068 2 3.986770 7.761630 2.072560 
342 1 9.583760 0.234913 8.156500 
1102 1 7.946930 0.456193 7.817080 
1888 2 3.739940 11.469700 10.227200 
1486 1 9.279930 0.143362 3.789090 
1177 1 11.777000 11.757200 1.135590 
1113 1 1.073130 9.317970 12.591200 
1385 1 3.866760 1.264820 5.562390 
656 2 9.920350 2.273780 11.273000 
885 1 0.385221 10.456500 3.766760 
379 2 0.290481 11.204900 3.663430 
504 2 4.470320 9.877930 5.845900 
1346 1 12.654600 4.398800 1.975990 
1017 1 9.483950 7.992650 6.506610 
1939 2 11.698500 1.642450 12.044500 
126 1 5.351140 1.276180 3.715580 
632 2 8.232010 1.055820 4.222350 
957 1 0.086456 9.104340 0.132914 
117 1 8.110760 9.282180 1.572500 
79 2 0.303076 3.875210 2.874700 
583 2 6.062620 11.046600 4.761010 
1510 1 0.091090 8.670190 8.983620 
1716 2 9.863660 8.837530 2.295210 
1078 1 2.928530 11.483500 8.277830 
146 1 5.890680 1.174340 8.736820 
669 1 6.986670 1.704340 2.140590 
539 2 0.777545 0.629983 8.908300 
29 1 4.864180 0.378857 0.363710 
393 1 6.499760 1.191550 0.663391 
1599 2 9.319820 6.936670 6.197660 
205 1 4.275830 7.553200 1.321360 
956 2 4.744460 1.430260 4.534120 
317 1 0.278092 5.748900 4.038560 
489 1 9.147450 1.357380 11.726300 
84 2 12.742800 5.886100 0.309071 
148 2 8.433950 7.931980 5.319000 
1786 1 10.386300 9.716860 11.803100 
638 1 9.888390 4.326800 3.386880 
1834 1 6.218300 6.578350 0.767881 
1266 1 2.269340 13.298300 6.967550 
819 2 10.001300 9.161440 11.680300 
570 1 2.221070 12.087500 4.415410 
694 1 8.740900 10.047900 3.705780 
1347 2 7.203440 7.882830 5.022310 
1031 2 12.407400 9.268610 3.834290 
1421 1 5.077560 12.983900 4.997840 
567 2 7.276090 1.414390 7.912350 
31 2 2.185980 5.316950 4.404150 
1627 2 8.294720 11.002900 8.330490 
1045 1 9.048080 8.181780 5.242460 
1260 2 2.364180 5.238000 3.224800 
326 1 8.588270 0.889498 0.863603 
1613 1 1.004140 8.563080 2.247220 
387 2 11.766800 11.546300 0.934302 
293 1 6.275050 12.923600 10.091900 
897 1 4.108410 10.093100 7.389140 
192 2 6.632880 12.996400 2.056180 
1300 2 10.648900 0.506784 2.137690 
852 2 2.170450 6.863450 7.622610 
216 2 3.058900 9.254160 9.663460 
81 1 10.422200 9.242690 0.639705 
1477 1 4.242880 5.935150 5.761060 
1663 2 1.816350 0.451994 2.836240 
1799 2 4.439820 0.131784 13.225000 
1272 2 6.840290 2.914210 13.051900 
157 1 11.870500 9.020540 5.344870 
920 2 12.392100 1.225120 3.808210 
1450 1 10.655200 12.774500 11.058300 
482 1 0.860395 1.807780 2.244530 
620 2 8.206740 5.310860 9.871840 
1562 1 10.769900 4.211820 1.934700 
1937 1 6.034590 11.046600 2.797190 
359 2 9.301640 12.380600 11.601400 
1790 1 12.950200 1.715540 5.029540 
543 2 7.052580 2.773080 1.366880 
648 2 4.500680 8.144400 1.750450 
529 1 10.250900 11.569500 8.600220 
1136 2 0.751025 0.731761 6.858500 
1072 2 2.469340 12.620100 7.968210 
1978 1 7.974490 12.302000 12.426500 
328 2 2.229040 2.081710 0.322734 
1642 1 0.240688 0.664813 6.803300 
1236 2 10.484200 8.348850 7.563120 
1509 1 5.940300 2.473860 12.542500 
616 2 5.467450 12.614800 12.376500 
1133 1 0.436269 11.913600 5.865980 
95 2 6.260500 3.057670 11.559200 
1873 1 10.822200 7.072420 1.122730 
1257 1 2.021840 11.845100 12.366800 
909 1 11.467900 11.225500 2.686910 
1185 1 4.159960 2.312810 7.684350 
970 1 3.344810 10.401000 2.992300 
838 1 8.373290 11.085500 9.778810 
1179 2 9.480860 9.322050 4.221580 
312 2 1.313700 11.945700 4.846540 
341 1 0.338386 8.515060 5.835440 
859 2 5.469230 2.810400 7.358300 
1317 1 1.696180 0.310483 2.880990 
974 1 3.131760 4.818160 8.695390 
707 2 7.309170 0.852439 9.307350 
1918 1 2.928210 12.681700 1.539200 
1578 1 11.046500 1.016640 12.922500 
870 1 10.853800 1.740740 9.910130 
1951 2 8.624870 10.241200 0.307111 
55 2 9.229000 8.776010 8.161890 
960 2 11.242600 12.662500 8.312550 
1963 2 8.695680 12.873900 4.253720 
1073 1 11.407400 7.848160 11.273100 
1925 1 3.201150 11.750800 9.852500 
344 2 8.530540 4.194990 2.982900 
758 1 1.231450 6.156100 10.755400 
1141 1 6.369650 4.744390 3.469920 
1475 2 0.762872 6.365260 10.447600 
975 2 9.941030 4.182700 3.175670 
297 1 12.584100 10.328200 11.858600 
1107 2 11.260600 11.288600 11.697800 
1443 2 2.019960 1.883050 5.790130 
1655 2 11.786800 9.277970 3.180000 
785 1 11.946200 9.310160 0.985261 
1955 2 12.521900 12.659900 3.701830 
1419 2 3.135200 13.195900 1.930460 
896 2 1.609630 11.024700 0.950411 
1999 2 7.842420 0.620886 12.132600 
1184 2 5.736240 1.009740 0.931555 
1518 1 12.697100 7.259910 5.429330 
853 1 1.124080 11.266200 11.434500 
1947 2 12.798300 11.045100 11.534500 
1557 1 3.939340 0.346648 12.368700 
248 2 10.999700 8.312000 0.141203 
1410 1 4.281070 4.390010 0.116913 
1550 1 12.004600 6.691840 13.066300 
187 2 9.946240 7.641870 17.953000 
914 1 4.709880 7.586730 21.828800 
724 2 9.156760 11.583100 25.711900 
394 1 9.524760 8.592580 16.774300 
1798 1 12.325100 4.231090 26.130100 
1038 1 6.296770 3.498210 17.944200 
877 1 7.339520 5.332290 25.461900 
1927 2 9.655570 9.364210 19.996800 
1866 1 5.074460 1.524020 24.908500 
553 1 9.544640 3.601150 25.877000 
411 2 8.436280 8.909520 14.368500 
78 1 0.549714 3.353710 23.617800 
27 2 10.351100 0.162022 20.980400 
241 1 12.235400 9.399160 18.393700 
1725 1 7.528230 6.716860 25.836200 
1750 1 3.852890 10.308300 24.293700 
311 2 3.398150 5.258720 25.359800 
791 2 3.679630 10.037300 21.660500 
1261 1 5.232280 1.236180 19.299500 
887 2 7.921480 4.026580 17.481500 
534 1 12.773400 8.079240 16.244100 
568 2 12.311900 9.184550 22.763900 
1852 2 8.172320 10.733800 23.093800 
1425 1 3.212730 3.743380 18.834300 
262 1 2.043050 9.626910 19.656300 
730 1 10.233900 11.923500 18.411100 
776 2 5.212880 12.896500 24.240000 
51 2 1.561310 8.117550 14.543700 
135 2 12.747500 3.882890 25.737600 
706 1 12.694800 13.128500 24.957100 
325 1 0.380766 4.154790 21.453800 
884 2 11.203900 1.158930 15.788200 
986 1 12.453800 11.106700 17.236200 
937 1 9.672520 11.667500 25.380700 
1865 1 0.137506 1.930140 17.937200 
717 1 3.755730 11.702400 24.000500 
555 2 7.317740 0.380872 19.147900 
1707 2 6.096570 5.690060 22.126700 
473 1 13.276900 9.387630 14.122200 
166 1 2.622330 12.745600 19.521400 
381 1 4.277140 4.779670 22.411000 
1002 1 11.367700 11.817200 14.293600 
1887 2 11.040300 6.068360 22.487600 
589 1 3.927120 2.400430 17.346900 
4 2 3.474600 4.683610 21.199500 
1767 2 9.788610 2.407640 24.176600 
1235 2 2.670290 6.845030 15.194700 
288 2 7.957880 5.600410 20.283200 
803 2 7.075840 8.012780 21.183800 
609 1 5.330760 2.122360 21.584900 
743 2 1.860760 3.529820 13.696100 
231 2 4.407320 11.561900 23.733800 
446 1 7.253620 0.651400 17.303700 
639 2 11.745800 4.590060 21.289900 
1142 1 6.184340 10.540400 17.999900 
843 2 5.273910 4.046920 17.283700 
1196 2 12.735600 0.099089 19.676800 
403 2 4.702210 2.158910 25.161200 
472 2 6.526040 8.734120 14.458200 
1315 2 12.333400 11.985200 18.847700 
1319 2 0.566172 7.679930 20.503000 
619 2 0.641808 10.745800 23.580100 
628 2 1.835360 8.639690 20.818500 
1944 2 1.853270 6.007740 15.894900 
1411 2 2.057110 2.193590 22.481100 
1233 1 1.749730 4.271030 13.708800 
12 2 9.437140 2.216350 13.733800 
275 2 6.234700 12.182600 15.166900 
1940 2 9.777470 7.590010 16.844300 
415 2 3.148390 3.687920 15.614100 
1478 1 1.834920 0.254326 19.631800 
1538 1 9.546900 8.944960 19.096000 
649 1 10.482900 10.199200 15.002400 
1448 2 9.999210 10.116100 14.914400 
159 2 6.085350 5.962650 22.635100 
605 1 8.763710 12.250000 22.402600 
653 1 12.944700 5.867710 21.454100 
1042 1 9.660500 3.572810 13.476100 
450 1 9.305810 5.977030 16.507700 
1321 1 7.440580 10.800800 26.362400 
1817 1 3.116270 7.384810 16.467700 
665 1 7.341140 13.161600 17.912200 
678 1 4.790580 0.847244 17.054500 
1103 2 3.715440 7.468760 18.965600 
1139 2 7.931920 4.717610 25.209500 
586 1 3.018750 5.023080 16.118300 
1065 1 1.317210 11.892900 19.297300 
416 2 3.453040 1.810110 24.242700 
1418 1 11.864300 11.219400 20.698200 
825 1 10.985500 1.073900 24.748000 
1050 1 8.446360 2.953610 21.538900 
1797 1 11.203700 3.238790 22.522000 
562 1 8.782280 10.099600 14.334600 
339 2 7.162130 7.474720 17.029400 
167 2 2.695890 13.008800 19.311100 
1861 1 13.002400 9.257500 25.432200 
1729 1 2.523550 13.026000 14.002600 
900 2 3.720530 0.977436 18.086500 
1688 2 3.017390 6.801360 14.009700 
739 2 3.374610 3.592620 18.868700 
353 1 8.916840 12.508100 19.818000 
1464 2 8.409030 2.279500 22.302600 
531 2 9.807150 8.030800 22.050800 
1974 1 2.473270 1.924860 22.538400 
1921 1 12.825000 10.108800 23.127100 
798 1 4.446400 9.241230 19.941500 
1826 1 8.690730 5.958230 20.236600 
1658 1 1.083860 10.013300 21.132400 
571 2 1.887330 10.183900 20.194800 
1156 2 1.808830 11.095300 16.793700 
1869 1 9.200210 9.969770 23.621900 
722 1 6.102690 3.772520 14.248000 
646 1 3.454200 7.072790 23.999000 
384 2 9.396290 4.807370 18.625100 
577 1 9.234480 7.259750 14.174100 
1287 2 9.973030 1.495170 15.280000 
1338 1 6.056440 5.747530 19.462500 
1636 2 5.390220 11.215900 16.322700 
1540 2 1.178790 4.148160 22.851500 
939 2 1.172880 1.426560 17.562800 
1929 1 9.133060 1.374080 19.766200 
50 1 12.244200 1.008890 21.610500 
1545 1 10.162000 0.384750 16.129500 
1837 1 4.970830 12.222500 23.380300 
1690 1 5.419130 11.159600 24.896500 
917 1 7.605570 9.303180 14.461200 
1499 2 12.240800 7.671560 17.374000 
565 1 12.219200 6.746990 23.529500 
1064 2 7.227020 11.544200 19.044900 
1070 1 7.268220 10.859300 19.043000 
101 1 1.887170 1.440460 20.758100 
1844 2 5.815950 3.949440 21.424400 
1984 2 8.924730 6.756840 14.084900 
1132 2 5.869060 8.438640 19.612200 
1292 2 11.610100 1.219510 20.846500 
581 1 11.318100 2.137030 15.023100 
734 1 3.258470 9.579960 21.755600 
271 2 3.474230 12.706100 15.251000 
1971 2 2.054450 5.888690 23.093200 
704 2 0.804399 12.776400 20.352000 
598 1 9.613500 11.468800 20.995300 
1973 1 13.143000 2.814280 14.579900 
1588 2 11.638500 9.523440 17.498200 
1635 2 6.649280 12.385500 19.493800 
602 1 5.886770 8.994970 14.291800 
786 1 7.427240 5.138480 21.345400 
172 2 4.416050 12.239800 24.222900 
1182 1 5.757040 11.877500 20.320100 
1614 1 2.349270 5.083140 25.397700 
1012 2 5.202440 4.888560 25.414300 
1160 2 9.104750 7.682530 21.023800 
1306 1 6.791830 6.460090 15.306800 
822 1 8.387330 8.434500 22.285800 
932 2 11.854300 12.466200 18.769400 
668 2 3.576920 6.422360 24.988200 
1920 2 6.979740 -0.052588 17.555600 
1355 2 4.879850 1.181410 19.030100 
1169 1 9.307660 8.444840 20.491900 
1864 2 5.753080 0.225986 14.159900 
1008 2 9.469930 12.771400 18.154400 
1137 1 2.713230 12.961000 26.117100 
1654 1 4.744020 12.587100 15.738000 
868 2 11.668400 1.580440 14.304400 
938 1 4.289830 3.554980 19.372000 
1249 1 9.125450 2.983010 17.268800 
1329 1 11.898300 1.441460 19.112600 
1882 1 6.774690 4.187880 22.475100 
1990 1 2.315200 11.124600 16.092100 
1086 1 9.485600 6.831040 21.888700 
92 2 6.226030 6.398770 22.303600 
1312 2 -0.011142 4.496340 19.967000 
817 1 0.726441 11.687600 23.146500 
1928 2 2.524130 11.360800 13.524400 
427 2 2.113400 0.726559 20.495600 
594 1 1.745500 8.013530 20.885100 
1732 2 10.042100 3.947050 23.890200 
1060 2 2.996550 1.202860 24.656500 
1455 2 7.876890 1.197200 20.859200 
780 2 2.294910 1.571080 20.740900 
296 2 7.295010 6.110200 23.471100 
276 2 3.976090 6.435960 16.644100 
448 2 12.550400 6.039270 20.376300 
1380 2 2.537040 10.248600 19.775200 
294 1 1.254100 9.847180 25.514600 
430 1 11.155500 4.081910 18.278300 
1579 2 6.124940 13.033400 23.879000 
1403 2 2.815980 9.126500 26.013200 
782 1 3.086620 1.608940 24.786200 
457 1 7.689890 6.972930 21.685100 
1868 2 1.687910 10.224800 25.956400 
1208 2 4.861930 3.256350 18.305600 
846 1 3.286630 6.590840 18.601300 
1016 2 7.268720 5.444890 17.498400 
222 1 2.713250 8.470120 15.017000 
1991 2 10.706900 11.094600 15.448400 
1318 1 5.887590 3.824990 15.977800 
1616 2 2.747080 13.249900 26.190600 
942 1 0.954539 6.152230 23.554300 
1127 2 1.877130 5.288880 25.875800 
86 1 10.460000 0.726339 15.091000 
131 2 13.417000 7.377110 23.283900 
889 1 10.351700 6.546570 18.249900 
419 2 11.260100 11.319800 21.880800 
179 2 2.932320 7.158240 13.770100 
765 1 0.683775 8.824650 14.562200 
1828 2 12.077000 12.758700 22.423500 
1829 1 1.689490 4.385710 26.259300 
837 1 2.170310 5.252200 23.601700 
65 1 11.429500 4.649460 24.302800 
1832 2 12.662500 10.355700 14.074500 
573 1 0.647872 0.026040 17.242400 
136 2 11.188500 2.381400 25.383500 
1805 1 13.070800 3.725400 17.350200 
1248 2 4.216950 9.846590 24.066400 
227 2 3.462930 7.725680 23.914300 
1842 1 13.059100 8.405600 22.112700 
1362 1 4.591690 3.159180 25.484200 
1502 1 7.981910 1.141340 22.219600 
1878 1 2.152590 6.176010 13.789700 
840 2 8.683740 1.845790 18.778900 
829 1 0.394668 0.498050 21.190700 
878 1 3.534920 13.217100 23.073500 
1106 1 11.435100 12.961400 16.171700 
1412 2 0.421567 1.811600 18.039600 
1212 2 0.848386 6.459610 23.833600 
1764 2 12.747800 3.524890 15.218600 
396 2 7.575820 13.333800 17.433900 
924 2 9.546850 0.656099 19.436000 
1381 1 5.642560 12.510900 14.103700 
1046 1 2.798640 2.599430 13.870800 
1660 2 1.561860 3.983300 26.062800 
1737 1 13.183900 12.655200 18.587600 
595 2 9.712340 12.888900 18.802200 
1468 2 9.122310 13.082600 21.221600 
250 1 7.170780 0.110619 23.558500 
62 1 0.279513 1.227710 26.234700 
402 1 0.389162 3.702410 13.457700 
995 2 8.656750 5.446330 13.372900 
66 1 8.547980 17.954600 10.253900 
1348 2 9.826920 19.394900 12.263200 
1414 1 13.092800 23.896000 5.703840 
969 1 4.816520 17.956900 7.277500 
260 2 12.948000 19.100500 0.403304 
292 2 9.129720 16.661800 12.147000 
640 2 7.305150 26.215000 10.990300 
666 1 0.868136 15.403900 2.301390 
820 2 3.150630 24.110800 6.120120 
128 2 7.185210 23.156200 3.117580 
1027 2 9.447920 26.556300 0.106743 
604 2 9.396840 25.744500 11.565700 
696 2 9.450110 22.643500 0.463519 
761 1 12.634300 25.388400 11.672900 
1074 1 8.392850 22.655300 12.369600 
377 1 5.803420 22.158400 7.285090 
1085 1 4.171980 19.929900 11.584400 
118 1 2.735350 18.525000 8.215030 
1815 2 6.598100 15.430300 3.916150 
1129 1 12.240100 16.646300 3.757230 
1676 2 2.842320 20.869000 12.220800 
265 1 4.756450 23.516300 3.914730 
456 2 6.904060 15.322600 5.259760 
1314 1 9.241280 25.203200 0.121846 
30 1 13.069200 25.814100 0.355723 
1808 2 5.032510 18.418500 6.577850 
479 2 6.195940 13.896600 6.888200 
57 1 0.103673 23.738300 8.085470 
438 1 4.259210 21.664300 9.365990 
1780 2 2.370690 19.641000 8.257060 
600 2 4.190090 24.230300 8.180980 
769 1 13.019100 20.291300 0.611037 
1532 2 11.956200 26.129500 11.622700 
24 2 3.987950 21.774000 9.280500 
478 1 3.978260 14.615700 1.811360 
1685 1 0.924450 22.981400 6.042410 
1771 2 12.297600 22.975000 10.921500 
1323 2 12.309200 15.425800 10.505100 
1345 1 4.207730 14.685200 9.767100 
1370 1 2.089230 21.296700 0.965926 
1630 1 6.118960 15.949300 4.248010 
1998 1 9.811660 20.056000 9.909240 
1687 2 0.611939 22.630200 8.574360 
140 2 1.228240 15.915600 3.799430 
1024 2 10.851600 21.758400 9.886520 
1195 2 11.879700 22.920900 5.356200 
444 2 8.427040 19.124100 2.547440 
1241 1 3.102180 23.074300 7.397470 
256 2 12.476500 25.054600 8.624110 
124 2 0.224116 22.311400 3.220650 
1167 2 1.458540 13.378100 9.837980 
771 2 6.263170 14.086000 11.957200 
788 2 2.547970 19.813600 0.580337 
1387 2 10.074600 14.647300 8.693090 
905 1 10.670300 14.274300 1.364740 
1013 1 1.144020 16.371500 9.471720 
1803 2 12.525700 21.143500 -0.069856 
1026 1 1.259680 21.611900 5.629210 
461 1 10.605600 15.466600 10.689300 
480 2 5.505250 24.459300 5.726220 
390 1 8.277170 23.973400 6.686160 
1029 1 3.282140 21.183600 8.249490 
849 1 10.704800 23.494300 4.194360 
551 2 10.557700 19.222100 4.896470 
978 1 11.960900 17.268800 5.895940 
1110 1 1.633360 18.265100 4.027270 
1284 2 1.558260 24.196200 8.919040 
810 1 8.992720 15.154900 4.533830 
1048 2 10.680000 23.922800 5.350220 
1432 2 9.609950 17.721200 9.675090 
1176 2 1.762330 25.751900 1.927440 
947 2 3.726120 19.919300 -0.099473 
615 2 1.476160 23.351700 11.525700 
1299 2 3.271160 24.387000 1.450850 
1471 2 0.184470 24.853000 9.541210 
1902 1 1.858540 25.131000 2.023580 
1795 2 2.431070 25.808000 6.984310 
1979 2 7.922040 18.608300 9.712300 
511 2 5.764500 24.908800 9.197540 
794 1 3.946840 15.798100 7.707430 
1900 2 6.571130 16.292100 13.398300 
321 1 10.777700 15.854400 7.685580 
1820 2 4.693950 14.781700 8.084620 
306 1 5.236560 14.403400 7.963840 
1681 1 4.300340 23.924300 8.578860 
1736 2 12.518500 19.511500 6.675300 
1397 1 10.585800 16.343400 1.839350 
232 2 4.326600 16.416400 1.876620 
751 2 4.582880 14.050500 9.245440 
273 1 8.884400 25.251200 11.508000 
1047 2 3.494700 16.260000 12.243900 
449 1 9.558080 22.252200 9.312300 
395 2 5.539900 16.396300 0.980570 
475 2 9.743020 23.396200 12.478900 
630 1 -0.064110 25.819800 9.627440 
1734 1 2.679870 18.890700 2.733300 
1596 2 7.945130 17.184100 3.295190 
1203 2 6.542190 26.357400 1.793840 
1745 1 10.894400 20.795100 5.826270 
664 2 8.232660 19.923200 6.268570 
1917 1 1.450310 16.452000 5.175710 
237 1 12.557100 26.151600 4.787910 
1807 2 9.682300 22.327100 7.923270 
675 2 11.353600 26.350800 4.418760 
1670 1 12.678100 14.906100 10.448900 
1043 2 4.718000 20.283400 9.716820 
1849 1 8.079700 13.536400 11.719100 
1679 2 9.596710 16.423100 2.290110 
2000 2 6.647400 22.315800 8.428630 
1096 2 6.123620 26.353000 7.397490 
1392 2 11.778000 14.203200 10.318700 
191 2 10.830400 22.349300 3.843640 
726 1 6.000450 16.747500 11.514500 
1456 2 1.000960 13.482000 11.960100 
441 1 11.604100 22.050100 12.767000 
69 1 12.830200 23.630700 8.619390 
1454 1 6.831250 16.542200 13.389900 
182 1 0.593055 20.750500 3.836510 
340 2 12.032700 22.362900 10.338000 
592 2 10.512800 25.432300 7.365920 
1503 2 11.608600 19.608500 9.707540 
1077 1 2.428540 21.581900 11.586700 
1699 2 11.924400 18.553000 1.930480 
121 1 9.262610 19.326500 6.105750 
858 1 7.549090 18.796700 5.213990 
1739 2 3.940110 17.952700 5.372520 
443 2 11.439100 15.085900 5.907170 
1423 2 7.834150 21.407800 12.663700 
824 2 5.417950 17.455300 0.988660 
1229 1 8.118890 18.956300 12.003900 
1512 2 2.457900 19.065200 12.161200 
873 1 13.225400 19.375500 6.123830 
1210 1 12.668000 13.513000 3.271560 
61 1 0.904688 14.778400 11.365800 
1170 1 11.169000 26.349000 8.517260 
1194 1 9.359340 14.016500 8.166110 
891 2 2.277360 13.790700 7.253410 
747 2 8.041400 24.206300 2.293980 
1678 1 6.904040 13.514700 1.894300 
1393 1 7.161590 26.534100 10.017100 
1733 1 11.108100 23.386600 11.012100 
1628 2 12.068600 22.023700 2.700360 
25 1 4.255270 16.182500 4.219930 
516 2 5.016800 21.686700 1.256020 
207 2 6.805040 26.184000 4.394550 
1561 1 2.883810 22.102900 5.467800 
1138 1 4.842920 21.154300 1.759810 
139 2 12.696700 16.377100 6.404390 
208 2 5.393660 23.827900 11.318000 
1267 2 4.187750 26.015800 13.135000 
1526 1 9.962930 25.041700 9.441440 
1521 1 6.553860 23.093100 0.388974 
1190 1 3.842830 23.480800 0.060496 
857 1 6.545440 24.313100 13.019000 
1458 1 8.986600 14.528900 2.950820 
927 2 8.528130 22.742500 4.867290 
1839 2 13.073400 22.173000 12.805700 
1383 2 9.064590 26.206700 7.345990 
1506 1 1.207390 24.947400 12.287600 
695 2 1.628720 20.624400 3.430530 
708 2 3.351510 16.885200 7.295970 
807 2 8.467190 22.615100 7.600560 
1787 2 5.887160 20.634300 5.168560 
314 1 5.145600 18.846200 11.995400 
941 1 2.462200 26.019100 8.374460 
155 2 4.102420 15.514900 7.315340 
1633 1 11.979100 20.237800 9.660370 
893 1 7.567180 25.704600 4.823330 
465 1 5.392920 17.285800 2.104500 
879 2 4.641000 23.455900 6.733960 
418 1 11.016700 22.031100 7.533130 
1388 2 4.711600 20.094000 11.088200 
1606 1 6.495790 15.425200 0.659397 
1814 1 6.679570 26.576700 6.846150 
943 2 2.504790 21.528800 11.732300 
138 1 8.883130 22.727700 4.232940 
1959 2 10.768200 25.761100 9.356310 
1269 1 8.806120 22.760800 1.536520 
194 1 4.845960 25.431600 12.975100 
989 1 11.147900 25.730900 6.567360 
1062 1 9.331870 26.599700 11.645700 
21 1 2.851210 18.928400 12.457500 
1723 2 6.449810 16.371000 11.956200 
1297 1 2.199960 23.749100 12.071900 
349 1 7.647450 15.719400 5.222630 
319 2 9.828720 22.684700 9.414300 
1705 1 10.532900 17.569200 8.421280 
1890 1 11.490900 19.010100 2.631020 
1884 2 8.419810 22.270600 5.296770 
944 2 0.065264 21.837300 11.616200 
1677 1 4.320930 23.296800 10.770900 
593 1 0.980747 14.386600 4.363820 
1200 2 1.926790 22.170400 5.430660 
281 1 5.696010 20.835900 4.773860 
1989 1 1.170520 20.055300 8.228150 
1283 2 1.068140 18.439100 8.882030 
963 2 10.717600 14.723600 0.713918 
1152 2 12.209700 25.309500 0.051954 
431 2 6.651130 18.506500 3.976680 
904 2 9.310590 15.260900 2.778710 
1395 2 4.554500 24.425600 12.063600 
979 2 1.294730 16.204500 4.872610 
1715 2 0.934905 17.094100 1.306710 
1442 1 4.696250 16.450500 0.373448 
334 1 12.657200 21.755900 10.217200 
983 2 -0.062830 19.922300 6.679400 
777 1 7.294150 15.448000 11.244300 
818 1 0.192154 23.444600 3.190760 
1857 1 1.269310 14.065400 8.902640 
677 1 7.279630 23.215500 9.145910 
1585 1 7.083250 17.472400 2.564100 
766 1 7.493230 22.011900 5.927310 
796 2 5.319980 19.207000 13.127900 
1394 1 10.784900 18.806000 13.172900 
225 1 6.143120 14.307700 6.011070 
1500 2 1.187500 19.314700 4.998250 
862 1 5.128260 19.437200 9.599620 
1226 1 0.744048 25.773800 1.307650 
1717 1 9.988140 23.820600 2.723160 
36 2 12.903500 25.536900 8.360360 
1470 1 4.101270 16.010200 12.004600 
309 1 4.439780 24.775500 6.707670 
899 2 7.773150 20.280800 9.909050 
955 2 3.207410 14.398800 1.689740 
624 2 1.043300 14.967800 10.674400 
977 1 11.821400 16.134100 0.745218 
967 2 0.962511 17.650800 12.632100 
161 1 12.616400 18.740500 10.088000 
908 2 5.573080 22.628300 0.850035 
1648 2 11.117400 16.260600 6.994320 
842 1 10.076300 22.977200 7.614940 
1673 1 11.902100 24.764900 0.828122 
622 1 1.934930 22.365000 9.475450 
1577 1 7.127410 19.213100 9.520140 
1572 2 12.469300 15.232500 1.967440 
827 2 9.468950 17.817900 9.890980 
181 1 6.854020 25.723000 1.995510 
1311 2 3.120500 18.764900 3.338770 
144 2 5.460600 19.031500 8.950280 
1543 2 5.332260 23.112300 4.385050 
1708 2 1.927760 24.071000 12.363700 
1549 1 2.207800 17.455700 1.471070 
421 1 7.812280 18.975400 1.745590 
1435 2 6.905860 13.961600 1.161590 
424 2 11.645600 15.565400 0.005300 
445 1 2.739170 18.764900 5.756310 
1246 1 2.349890 20.227600 12.964500 
380 2 11.469100 26.312700 8.144230 
1996 2 7.129620 25.684800 0.231154 
569 1 7.530500 17.358700 0.202827 
1415 2 10.741800 19.082300 12.890100 
880 2 0.404823 14.440700 13.146100 
642 1 0.613400 14.066100 13.044000 
1560 2 4.545800 21.424100 21.912700 
523 2 2.258420 18.677600 20.241700 
1264 2 10.538100 19.322300 18.910900 
1794 1 6.035930 17.957200 22.419200 
1416 2 6.495320 15.270900 15.895300 
409 1 2.816560 18.936300 26.219800 
190 1 7.557100 25.245600 25.141700 
274 1 2.794240 20.645400 16.443400 
1650 1 1.834920 18.184600 18.976200 
961 1 0.590839 15.347700 24.630700 
1104 2 1.035030 19.204400 19.519900 
512 2 10.839700 25.862000 23.645500 
134 1 1.903880 14.306700 19.594100 
6 1 6.913770 22.243900 14.918200 
1691 2 4.778560 24.652100 20.450300 
1914 1 13.161200 21.129500 14.015000 
158 1 0.664440 17.638300 15.757400 
1245 1 2.878190 14.773200 14.733900 
434 1 9.054610 15.650100 25.775900 
1981 1 11.497200 20.657600 26.204000 
1720 2 0.894744 14.656000 23.198500 
756 2 8.931660 24.675000 25.036400 
1357 1 1.394860 24.284000 25.861800 
1581 1 6.268390 13.388900 23.318700 
1277 1 10.400700 25.109500 22.591600 
1568 2 10.253500 22.101800 14.230600 
599 2 11.622200 21.773500 23.876900 
1672 2 8.337400 18.668600 14.818800 
89 1 2.543660 15.758600 25.351000 
1885 1 12.589800 24.178800 13.515500 
716 2 3.263700 21.806000 18.475800 
1535 2 12.107900 25.468400 24.897000 
335 2 7.116810 26.367000 25.287900 
1193 1 11.864200 15.441300 23.276500 
1889 1 4.352580 16.664400 15.239400 
591 2 1.370390 21.582000 23.305100 
240 2 6.206690 15.891000 25.236100 
1116 2 9.581400 21.830900 19.599400 
1899 2 12.381700 17.788400 24.571300 
1175 2 11.986500 13.294600 25.935400 
1359 2 6.669600 19.321500 24.015800 
727 2 0.386315 23.439800 17.039500 
327 2 3.225410 17.021900 25.937600 
1479 2 1.716000 19.754100 25.894200 
1851 2 7.210300 17.785300 22.780500 
1108 2 6.280150 23.944600 17.095200 
1488 2 0.135876 14.514900 15.844500 
1391 2 6.830720 14.451400 23.368100 
1958 1 13.121300 13.259100 22.388100 
425 1 5.191360 14.403800 24.926800 
204 2 2.281640 19.921500 14.899000 
1762 1 8.364620 22.214200 21.904700 
360 2 7.925840 25.549600 22.633700 
1629 1 8.736900 13.885100 20.557400 
1251 2 6.384260 22.834900 15.471400 
1956 2 7.628980 23.593400 20.404800 
1099 2 4.200460 21.836400 13.751900 
1529 1 3.780200 17.370000 24.978100 
1145 1 11.895900 23.036900 16.235300 
119 2 2.957550 13.701600 22.627000 
143 2 3.060120 24.615300 15.193700 
1484 2 9.511770 15.010300 24.724500 
992 2 1.113700 15.076600 18.670700 
1694 1 13.277400 15.973600 18.356800 
679 2 0.434264 14.659900 24.622700 
533 1 7.476420 20.177200 22.360500 
1657 1 5.973660 22.033300 16.271700 
15 2 9.195100 19.436900 20.748900 
1975 2 9.462100 17.314300 25.358800 
560 2 9.769450 18.523400 20.990400 
1970 1 11.450400 23.953300 25.380700 
145 1 10.539600 21.004500 13.642600 
1059 2 8.276130 13.332600 21.117400 
1341 1 12.279400 18.321100 14.514600 
1695 2 1.829310 24.552500 21.958400 
1476 2 1.230650 18.293500 23.717500 
1880 2 3.504780 15.870500 23.012000 
1913 1 11.589900 25.212000 16.053800 
318 1 10.868300 25.785000 24.040300 
1367 2 9.787240 22.397000 20.266900 
1482 1 13.292000 25.017600 25.860900 
1228 2 6.300920 23.826400 22.867400 
1874 1 12.297600 20.228300 23.117800 
915 2 11.381800 21.630200 18.399700 
1603 2 6.429020 23.331000 21.317800 
1777 1 9.135820 18.476500 18.273000 
1774 1 2.837800 20.890600 18.368700 
799 2 2.097760 16.647400 23.559700 
193 1 6.020290 23.888100 24.034600 
102 1 5.531670 26.075500 13.848400 
1437 1 4.011140 22.208000 24.769700 
1843 2 12.552900 22.185700 14.968600 
1520 2 1.156080 23.591700 26.192600 
1124 2 12.953800 25.633700 18.006700 
1025 1 5.787760 13.675500 17.348300 
1871 2 3.938220 16.779900 14.477400 
361 1 12.868500 19.202400 25.665800 
931 2 12.457800 19.062300 14.815600 
1855 2 6.034390 21.833400 26.240900 
692 2 10.975200 17.054200 15.010300 
284 2 4.423090 18.932900 23.273300 
1230 1 6.369890 18.010600 18.462600 
201 1 1.567290 16.578300 21.174600 
10 1 10.515500 19.174000 17.037800 
1303 2 3.871760 16.128500 17.603800 
1911 2 4.956860 18.520500 21.814000 
792 2 12.390200 23.781100 16.035300 
1119 2 2.770980 21.096500 16.896200 
1192 2 8.280720 15.651800 16.876800 
1867 2 11.606800 19.398800 20.929300 
295 2 9.661410 22.823200 19.313300 
1619 2 5.922310 17.757400 18.277400 
712 2 6.948600 22.061300 21.668600 
918 1 3.811680 25.947900 13.803200 
1365 1 3.063200 20.514700 23.337100 
973 1 9.448690 17.560300 13.686500 
1130 1 0.157364 17.697200 25.000500 
848 2 13.011800 16.469500 17.675200 
500 2 4.084020 17.162900 13.651700 
890 1 12.768100 15.700900 16.768300 
494 1 0.499236 18.958600 23.133400 
618 1 0.235207 24.082900 19.187000 
1595 2 9.817200 25.500800 21.908100 
1698 1 4.578560 20.115400 19.446600 
1730 1 1.900870 16.649900 19.373000 
1344 2 11.574600 17.610000 21.222700 
1413 1 8.174060 14.341900 17.622000 
1909 1 3.326600 25.452300 19.174700 
1846 1 5.610990 19.681300 24.669200 
805 1 11.305300 16.847300 21.064700 
1327 2 12.493200 15.765200 16.986200 
111 2 0.908906 22.796300 25.579600 
1018 1 11.832900 14.971600 26.071900 
1938 1 8.246600 19.075300 14.689900 
1507 2 8.536990 22.698900 26.016000 
768 2 3.311570 18.898100 17.254600 
1451 2 0.297172 22.215000 22.758100 
332 2 6.358520 22.174800 14.375500 
1288 2 3.968640 25.840700 13.804800 
289 1 11.363500 16.941200 25.559200 
1290 1 6.881640 20.888600 15.404300 
513 1 11.727600 25.842300 25.394500 
1274 1 10.477200 18.762100 20.523300 
285 1 7.660740 23.090800 19.773500 
1021 1 8.582040 20.863900 15.453900 
1647 2 5.965900 23.545000 17.403800 
1735 2 5.577180 26.262200 23.746700 
1466 1 7.490180 15.863400 16.593200 
1335 2 5.012310 23.530800 24.381200 
876 2 3.796800 20.449400 19.867900 
736 2 10.112700 23.027100 22.041000 
1710 1 8.380170 19.698100 26.451300 
515 2 9.829560 19.541900 17.444400 
110 1 4.653920 19.261100 17.663400 
541 1 3.984600 18.077400 22.456300 
1533 1 0.140433 19.124600 18.744400 
789 1 11.196800 24.722700 18.799000 
355 2 8.297870 23.498200 14.315100 
14 1 4.632930 24.090100 20.971500 
245 1 1.170590 24.753700 20.393600 
1089 1 8.294570 23.572500 14.099200 
1001 1 6.021140 16.002800 15.419200 
439 2 2.768020 26.286600 24.867400 
1265 1 12.238300 18.617000 18.761300 
982 1 11.082000 21.163500 16.844700 
1718 1 2.943590 19.018500 15.655900 
715 2 1.759890 18.444200 17.059100 
1505 1 12.167600 16.026600 14.039900 
1058 1 6.618460 25.700700 18.320400 
676 2 11.744900 18.574100 25.327400 
753 1 13.296400 17.776000 24.104600 
70 1 4.319210 17.549200 20.603000 
953 1 7.498290 21.891600 24.519600 
1515 2 7.232310 16.124200 19.519600 
1158 1 6.248810 22.859000 18.381600 
1148 2 2.517700 16.767300 20.198200 
690 1 10.893300 16.076900 17.427400 
178 1 12.449700 22.185400 23.125800 
313 1 10.706900 19.339500 24.133700 
514 1 9.784370 25.173100 14.244200 
808 2 9.750610 19.860600 23.978000 
486 1 6.841900 23.547700 17.080000 
1240 2 6.692940 16.514100 20.386100 
1120 2 9.723490 20.803000 16.385100 
369 1 4.350920 22.945600 13.453800 
1674 1 7.247620 25.548500 20.482100 
1853 1 5.163030 21.765200 21.482500 
1390 1 3.110710 22.238700 20.124400 
833 1 6.119390 24.261300 22.557200 
1227 2 2.058320 17.420800 22.284600 
729 1 2.070790 17.526600 22.770400 
331 2 10.759800 25.865200 14.714800 
1744 2 5.852470 15.000600 20.665400 
795 2 6.730060 20.992100 15.458800 
1806 1 8.692120 21.532000 19.924500 
832 2 10.835400 23.536600 14.091500 
1222 1 11.333300 13.662500 19.339400 
217 1 12.826400 25.702000 20.597900 
8 2 5.765150 18.560700 16.617700 
1969 1 4.926700 15.466800 20.133600 
1587 2 10.129400 18.441900 17.420800 
654 1 9.445960 22.919800 20.804200 
1696 2 7.250760 20.874800 15.601200 
1161 1 2.162710 24.130100 22.476800 
750 1 12.325900 22.617500 18.511000 
1041 1 2.489480 26.469400 21.633000 
1982 1 4.437700 24.009100 16.205700 
268 2 12.318300 21.466100 17.961300 
219 2 2.300640 22.198700 19.149900 
442 1 3.103430 15.425300 17.538500 
688 2 2.208420 24.727800 15.958800 
286 1 8.143650 16.810300 18.972800 
1593 1 5.823280 16.483000 25.279400 
420 2 8.861980 16.477700 19.121900 
713 1 10.034400 21.827000 19.077100 
861 1 2.362930 14.893700 21.910200 
322 1 12.339900 21.052400 18.345800 
249 1 0.262562 23.329800 22.291400 
1941 1 1.246960 20.780400 19.470400 
1580 2 2.871350 24.587000 20.867800 
170 1 10.614900 18.745400 22.530500 
1634 1 8.088180 15.580100 22.535300 
1892 2 3.423770 15.451100 15.818300 
1097 1 1.628850 20.182400 25.414500 
718 1 7.475570 19.298100 17.344300 
537 1 4.616920 19.562300 13.964200 
1898 1 11.606500 19.442900 19.947500 
316 2 8.129080 25.338700 15.260900 
302 1 0.358899 22.137300 15.330300 
579 2 11.615000 17.510900 20.674800 
1755 2 1.904650 16.035100 20.279200 
662 1 8.490460 15.302700 15.372800 
383 2 7.766980 15.727500 14.920100 
958 1 2.198740 17.304600 13.607600 
41 1 6.267790 25.457300 16.843400 
1536 2 1.053480 24.401100 20.358300 
1751 2 6.674710 26.492600 16.368400 
426 1 1.254060 23.051000 13.977200 
1221 1 5.125750 19.720800 26.382500 
1523 2 7.023540 18.388200 26.534900 
406 1 11.409200 13.466400 26.289500 
46 1 6.305880 21.533700 13.428200 
1304 2 17.660300 2.404960 6.084680 
1812 2 15.069300 4.703830 3.871230 
1281 1 13.576600 10.493300 4.557850 
585 1 22.821000 1.456930 11.491500 
1165 1 19.497700 9.348120 13.220300 
815 2 23.493700 10.158300 10.272600 
96 2 17.071800 3.007720 12.547100 
527 2 22.817800 4.968330 8.927010 
1183 2 18.421400 1.457880 9.522890 
1967 2 18.610900 8.802060 4.360560 
556 2 18.563800 7.801610 12.531300 
1163 2 19.145200 1.025030 11.107600 
398 1 14.715000 11.700600 1.607600 
99 2 25.186400 13.069500 10.472600 
233 1 14.690500 7.412480 7.513150 
544 2 15.687400 5.134400 10.253400 
1231 2 20.585500 8.172640 11.713500 
1768 2 13.832800 3.127450 1.631800 
532 2 25.902800 7.646230 6.438100 
1622 1 20.166400 11.869700 11.330700 
1626 1 22.219400 7.434840 4.222490 
1372 2 17.821700 10.741400 11.353500 
333 1 16.867400 1.887330 3.539450 
1324 2 25.054800 11.823200 11.456600 
1360 2 21.951400 7.111180 9.832780 
1242 1 14.367400 11.578900 4.627220 
1987 2 17.949300 9.027930 0.436993 
1664 2 14.078100 4.299060 8.176560 
1483 2 24.420300 8.792820 7.305180 
1740 2 22.439400 6.135120 1.088010 
928 2 14.404400 8.303870 11.965400 
1205 1 25.830700 3.045700 3.247790 
728 2 22.671200 9.249980 12.608300 
681 1 15.520600 9.591140 3.029350 
1985 1 24.732800 6.286870 0.147979 
606 1 19.662500 3.939670 4.069410 
1833 1 26.113500 12.538900 11.492500 
1079 2 15.211300 11.873400 0.511182 
114 1 20.888700 5.856510 11.241600 
714 1 22.756000 4.356020 10.915600 
1101 1 25.376800 9.398430 2.653210 
1769 1 22.494500 4.005340 3.917360 
1703 2 22.264400 2.366050 5.157850 
348 2 17.590200 7.609320 12.228000 
572 2 20.930600 4.244970 2.849690 
976 2 16.350400 0.611790 4.471130 
104 2 23.668200 12.512000 9.610540 
1452 2 20.482000 0.081032 9.177670 
988 2 18.289400 3.256000 12.564500 
933 1 14.887500 10.116100 9.779240 
115 2 26.123500 3.599040 13.300200 
173 1 25.667100 12.518400 0.360285 
783 2 14.657600 1.331490 5.895990 
17 1 15.528500 4.560450 10.084400 
757 1 20.838700 12.841700 7.891010 
1174 1 16.389600 9.030100 12.474000 
1877 1 20.525200 1.155070 2.038890 
1942 1 21.603300 7.941020 10.060700 
1994 1 19.901800 5.904290 5.428160 
1904 2 23.269200 4.212700 11.102800 
1015 2 25.523600 2.099740 9.840630 
617 1 21.632300 12.404000 1.931900 
1948 2 18.359700 1.381980 9.187350 
47 2 25.021500 3.509270 3.272020 
1933 1 24.562200 2.423720 2.250730 
471 2 17.713900 11.880000 7.292600 
1028 2 23.445500 8.920060 2.479310 
1711 2 25.273100 5.456780 0.710800 
436 2 14.182600 3.964190 11.223200 
693 1 21.282500 9.630170 11.383400 
1377 1 16.238500 6.841040 6.797640 
209 1 15.666300 12.925300 11.948400 
1364 2 14.329100 11.474300 4.883170 
305 1 15.429600 1.855370 0.146896 
530 1 23.997800 1.348400 8.466860 
1651 2 25.637100 5.104230 6.843180 
1709 1 23.909700 9.913870 10.617400 
1034 1 23.580800 6.422680 2.488770 
53 1 24.839300 11.043800 5.379840 
1841 1 24.691700 3.438790 11.066100 
1336 2 26.262900 0.533748 12.589000 
1934 1 26.479400 3.432490 6.778210 
650 1 23.807000 0.036969 13.022800 
1756 2 16.742900 1.801850 2.139630 
1666 1 23.893600 5.410720 10.122600 
1436 2 18.618100 4.744000 8.495830 
546 1 18.473400 11.648000 0.752546 
214 1 23.509600 11.568300 11.432800 
1206 1 16.272700 8.900760 7.674460 
1007 2 23.233700 8.025410 9.781330 
952 2 20.362000 5.845000 11.573400 
1997 1 22.599200 6.098250 8.615600 
1217 1 24.134700 11.181500 0.914014 
1307 2 19.050100 4.318110 3.181020 
644 2 24.968000 4.126990 7.854130 
951 2 26.466800 10.475600 6.217900 
1339 2 13.812400 5.229030 10.517100 
1501 1 20.919100 1.339000 5.432910 
1949 1 21.719700 10.757300 2.979380 
814 1 17.984700 11.497900 9.948540 
984 2 21.374300 6.177800 5.682560 
58 1 18.227400 0.647068 9.202080 
226 1 15.217400 0.860693 12.868300 
147 2 16.645000 3.999780 1.504260 
985 1 25.621600 5.226050 7.577160 
845 1 16.194200 8.952500 1.161550 
1962 1 15.566700 7.604210 4.874340 
1166 1 18.029100 10.343000 11.547600 
831 2 22.072000 8.292130 3.022160 
1591 2 16.740300 6.100100 5.627840 
1256 2 25.761300 1.057920 1.453700 
741 1 22.381200 0.240947 13.018000 
898 1 24.357100 6.812640 13.055200 
1349 1 23.167100 11.972100 6.178230 
266 1 26.351300 10.038400 7.453290 
547 2 25.337100 9.816370 10.423300 
1548 2 16.541200 6.844510 7.521030 
1052 2 18.579400 12.747500 8.400610 
725 1 16.773600 4.230130 6.542830 
1032 2 13.705800 7.883450 6.065570 
175 2 23.776400 5.575930 10.347600 
660 2 25.119900 6.496700 7.451170 
1426 1 13.933000 6.530720 10.391100 
869 1 20.159000 9.926210 9.614570 
244 2 22.914100 1.315260 6.879580 
367 2 24.027200 11.570200 6.288300 
1567 2 14.661100 10.988300 4.290210 
1039 2 16.052100 12.415000 10.429000 
352 2 17.893300 5.369710 2.159310 
254 1 23.874900 8.515180 1.116470 
71 2 22.623000 0.392353 2.142660 
1420 2 19.617700 2.146330 6.109970 
921 1 23.284200 1.268280 6.394970 
184 2 21.342000 12.162300 11.394700 
1639 2 15.468400 6.360220 7.184240 
1378 1 20.142000 3.038190 8.462190 
737 1 14.768400 1.623940 5.703910 
1011 2 17.832100 0.782623 2.587190 
1706 1 15.547600 4.399060 3.366640 
477 1 17.546900 0.986003 6.079070 
1363 2 21.177600 10.713900 10.279300 
39 2 14.939200 9.313430 9.232310 
1232 2 20.993700 10.925700 6.650290 
1748 2 15.930800 9.041200 3.231780 
258 1 21.985200 3.377400 5.362540 
350 1 18.511500 7.642410 11.602300 
1285 1 18.847900 6.706560 1.081850 
702 1 25.642500 7.259680 0.067332 
683 2 15.932100 7.023080 3.458920 
1508 2 21.251600 4.021540 4.214180 
1624 2 25.569300 9.293510 8.077390 
1992 2 20.808700 11.876600 11.555800 
354 1 21.251800 7.107760 7.098230 
33 1 26.052600 9.036050 11.594200 
1128 2 17.670700 12.743700 2.651500 
1789 1 16.316300 6.260590 10.016900 
447 2 21.931900 3.366040 13.089800 
1100 2 14.734300 7.609950 12.721800 
1396 2 25.860700 8.939540 12.742800 
9 1 25.808700 5.461210 10.894700 
1209 1 18.672600 4.351590 3.087030 
133 1 19.423900 13.072700 1.624110 
550 1 24.140300 12.512300 9.546720 
1294 1 20.098500 8.505590 0.428130 
1023 2 15.616700 0.344328 12.194700 
1570 1 15.175300 1.415520 2.366170 
1845 1 26.546800 1.845850 7.559600 
20 2 25.854800 2.568260 6.566160 
1301 1 19.095200 4.283870 12.771400 
501 1 22.135000 10.176100 7.839780 
1172 2 14.211500 9.690650 9.542480 
882 1 17.816200 8.640300 3.838400 
1617 1 18.545000 11.205800 4.876520 
1571 2 18.763700 7.948660 9.200190 
1382 1 20.855600 9.591970 4.924750 
283 2 14.469800 6.744750 10.736000 
1539 2 20.629000 9.525590 8.779570 
844 2 20.593300 5.682970 5.933950 
1637 1 18.369900 1.504370 3.825350 
611 2 15.352100 2.714790 3.734510 
781 1 25.092200 2.484070 4.299000 
487 2 25.357400 7.719580 -0.077518 
894 1 16.865100 4.477630 0.908692 
954 1 22.314200 10.478000 0.014361 
1121 1 18.742400 10.551300 7.758630 
1870 1 15.076600 8.936330 8.665100 
1641 1 18.379300 3.315630 12.039700 
1854 1 23.606600 12.679700 3.056720 
816 2 23.884100 12.390500 1.735060 
1244 2 23.375700 1.199170 12.184300 
1369 1 24.965000 6.548900 6.081420 
919 2 18.773800 12.423900 11.289600 
596 2 17.307400 10.575500 7.681430 
1434 1 17.308000 4.225660 10.577700 
1134 1 21.248500 1.004610 9.760350 
613 1 21.751600 0.258096 2.835170 
710 1 15.081600 5.701240 8.083900 
1069 1 16.106800 6.326660 2.342400 
239 2 20.165800 6.490540 1.091810 
185 1 20.013600 -0.004530 8.209540 
1361 1 24.544300 11.332300 8.027160 
1109 1 14.850700 4.483950 5.529490 
1697 1 16.405500 12.651000 5.144870 
626 1 19.507300 5.459230 0.717995 
1943 2 23.008500 11.415200 0.375290 
1821 1 18.850000 1.478880 12.142500 
965 1 25.384800 0.750633 12.251700 
1433 1 24.591900 8.000740 6.874810 
629 1 13.840000 7.289000 11.908900 
1809 1 15.898100 12.105100 9.598430 
652 2 24.512400 3.384580 3.715310 
199 2 20.610200 12.316700 2.831880 
1463 2 20.694400 10.537200 1.679020 
998 1 25.098800 4.006570 6.020520 
1602 1 16.592400 2.794810 11.532500 
127 2 22.200000 1.354050 8.006480 
1282 1 21.343300 3.103120 3.075010 
1778 1 21.188300 7.508230 0.939953 
336 2 22.465400 11.602800 4.500250 
1749 1 15.323400 11.437900 6.743650 
1401 1 13.579300 2.262490 11.603500 
528 2 24.038100 0.557143 12.686400 
561 1 19.038000 4.852390 6.275340 
1680 2 17.116300 1.122030 0.478298 
1836 2 13.456000 2.421110 0.095524 
1337 1 13.430900 3.760540 6.765960 
623 2 17.445600 10.590200 7.335680 
867 2 21.284800 5.483750 6.467260 
1147 2 21.571200 8.756730 4.834760 
996 2 25.565400 8.649850 3.721640 
370 1 20.241000 12.229100 4.829600 
1126 1 17.701800 12.321800 7.930220 
43 2 18.104200 8.002630 11.559700 
1592 2 21.246300 0.665288 1.950040 
1067 2 15.261700 4.281640 7.975500 
1910 1 13.793100 5.575670 3.788790 
1084 2 19.793400 10.003700 6.484780 
655 2 16.898700 4.366390 10.394900 
1835 2 18.303600 3.443510 12.769000 
1574 1 22.754500 4.240070 8.048350 
1352 2 21.415400 12.379500 1.293700 
1090 1 15.238900 0.089863 9.507760 
1490 1 20.935800 11.081000 12.257300 
1376 2 13.534100 12.125400 1.650640 
407 2 25.933700 12.633700 4.682490 
452 2 26.521500 12.953400 8.405650 
1792 2 17.712100 13.044500 9.215210 
488 2 23.891900 0.342049 4.636630 
376 2 18.968700 8.178090 0.216891 
1325 1 16.893100 5.740310 22.998600 
1497 1 16.706000 4.578320 19.538100 
408 2 25.434100 10.175000 26.147800 
1022 1 26.449600 4.284210 18.769400 
558 1 18.067700 9.049810 21.236600 
113 1 15.518900 11.990400 23.354900 
1309 1 25.037700 2.613740 16.952900 
1005 1 22.096900 12.927000 23.229500 
1922 1 21.059400 7.996170 24.759700 
764 2 25.555000 4.156740 14.530700 
1519 2 23.588900 3.480680 23.711000 
1522 1 17.271300 5.534020 15.541100 
1492 2 23.842000 10.906800 24.691700 
132 2 17.034800 11.464900 16.338200 
485 1 20.118500 8.850420 19.078300 
1752 2 19.964000 12.828700 26.427300 
1586 1 21.890700 5.133490 20.152200 
280 2 22.765300 12.074800 25.379300 
1759 2 14.578500 10.202200 23.664800 
1582 1 16.014900 10.108100 25.617700 
1563 2 17.223700 9.205290 16.923200 
563 2 22.843900 12.148300 20.524800 
1258 1 23.557100 13.219300 14.461500 
32 2 24.963400 6.467160 17.729500 
1847 2 13.400000 7.802810 15.290400 
1879 2 18.785000 9.912090 23.102700 
287 2 24.289100 6.643490 22.147800 
1638 1 13.591000 6.432700 26.083900 
1656 2 21.677200 5.580090 14.530400 
697 1 20.291600 10.367300 14.700000 
234 1 25.070700 6.136330 22.461500 
1430 1 17.328000 6.471780 22.423600 
659 2 17.049400 2.884890 21.492300 
1537 1 23.029100 9.829950 20.012100 
495 2 25.471400 6.478280 24.311100 
1643 2 19.320400 11.628900 16.678200 
337 1 18.000800 6.960140 17.910000 
1453 1 16.259600 9.651200 19.694500 
645 1 16.728700 0.624963 25.398200 
1213 1 22.619500 10.655800 17.840400 
1366 1 26.338600 6.686450 17.187300 
1645 1 24.629900 9.019810 24.812400 
1558 1 25.159300 1.386650 19.145500 
582 1 26.218100 7.538590 19.143700 
834 1 17.978800 3.058060 18.427800 
168 2 15.608200 11.972100 16.418500 
1219 2 24.912900 0.289200 13.589100 
1254 1 22.216900 5.364630 14.959800 
1850 1 22.538600 12.873700 20.042700 
1712 2 16.607700 5.753900 17.794400 
1 1 22.646600 10.804200 22.261400 
1211 2 22.681900 13.187800 22.819000 
1201 1 19.010700 13.067200 26.139900 
578 1 20.309700 0.117150 17.331400 
1191 2 16.375700 0.621144 25.645000 
1950 1 16.080800 5.424840 26.279200 
1003 2 22.682700 10.165500 26.422200 
524 2 26.228800 9.153630 22.778600 
269 1 17.771900 2.153080 24.113300 
290 1 25.894600 6.974920 23.675500 
1783 2 16.497900 4.383750 19.601600 
399 2 16.371800 10.890900 18.167800 
1727 2 20.271700 7.818050 26.121600 
1247 2 23.367900 11.674500 17.014300 
1332 2 18.047900 0.073840 18.621600 
1542 1 21.964800 4.627470 22.068800 
1485 1 13.376500 2.936610 19.904400 
1791 2 22.669200 1.401930 15.171700 
1398 1 18.469900 6.490660 24.936900 
699 2 15.210300 7.851380 20.172300 
404 2 25.734800 8.352610 19.105300 
1465 1 14.475100 7.827410 19.931500 
1605 1 26.703600 5.116980 16.394900 
1406 1 16.621300 3.010350 20.367900 
1905 1 14.773600 2.966550 14.811100 
160 2 21.195000 0.715101 25.964500 
253 1 21.088100 2.686970 14.049700 
282 1 23.305900 7.828000 21.996200 
1302 1 19.260300 4.823600 21.848100 
836 2 26.136200 11.636500 18.780400 
557 1 14.144400 4.356160 18.478300 
926 1 25.935400 10.199600 19.253600 
1146 1 16.493400 4.493030 14.154100 
1449 1 17.131100 11.916900 24.344800 
691 2 19.624400 2.172950 25.089000 
1180 2 25.408200 6.125790 22.562700 
518 1 22.514200 6.578420 23.445600 
1552 2 21.938400 2.932290 21.036900 
991 2 16.580700 5.056860 15.661200 
1154 1 18.275700 8.969160 24.033000 
536 2 13.459300 12.759700 25.578900 
521 1 20.973300 6.298770 14.100400 
1530 1 26.501900 11.208200 16.834000 
1055 2 17.145700 1.298540 20.753800 
1340 2 18.364100 7.820820 23.861000 
1189 1 14.847600 9.374250 21.328200 
252 2 13.827100 5.632560 21.910000 
1894 1 15.075900 5.002650 21.771500 
1995 2 25.344700 10.109600 19.393100 
401 1 24.632600 7.368450 18.268500 
774 1 25.996600 2.700740 14.765700 
1516 2 24.194300 11.687500 16.418000 
1534 1 26.386900 9.533610 23.537100 
1207 2 25.587800 0.950218 26.319000 
1092 2 17.977800 6.402650 25.011800 
1671 2 18.818000 12.985500 21.037300 
856 2 22.650700 10.219500 20.128700 
614 1 16.847500 12.066000 19.383300 
1565 1 13.395200 1.926420 17.012900 
972 2 17.256300 1.186650 25.043600 
651 2 18.126400 5.522000 25.286200 
812 2 17.722800 6.609530 21.061500 
1907 2 17.053400 6.087170 22.868400 
542 1 15.381700 5.360670 24.421200 
1481 1 18.150100 9.054150 15.278800 
1164 2 14.115300 8.678040 16.568300 
236 2 18.082400 0.631654 14.428700 
738 1 14.831100 6.194090 15.746600 
88 2 19.319200 11.842700 21.750600 
3 2 26.239300 4.129460 23.330000 
835 2 24.784900 3.062390 20.647000 
323 2 20.516800 4.709020 21.135300 
576 2 14.741300 6.679740 25.078800 
762 1 14.966300 7.943200 16.825800 
1632 2 21.509200 3.451580 14.979900 
1384 2 21.741400 6.481650 19.139200 
1893 1 15.878100 3.485770 17.467900 
997 1 19.533700 4.842850 16.661500 
386 1 16.824400 9.463570 22.953200 
603 2 19.735500 7.428810 15.185400 
454 1 24.800300 11.677100 13.405200 
1308 2 21.154700 9.653080 20.496700 
412 2 24.406800 6.478710 26.320300 
1080 2 15.573700 3.917760 17.721500 
990 1 13.646100 4.068230 26.169400 
1609 1 19.614100 6.478810 15.774500 
804 2 18.070100 6.628720 15.928500 
934 1 15.055600 7.534240 23.729700 
520 2 22.068600 7.500470 22.710000 
1761 1 16.061000 9.995060 17.385300 
413 1 17.894900 10.008700 17.498100 
685 1 21.586200 10.102300 20.220300 
1784 2 13.617400 10.652100 21.277200 
451 2 19.802700 2.142770 13.584800 
633 1 20.511500 8.213420 22.103000 
1280 2 13.527000 3.073940 18.027400 
16 2 24.082600 1.548850 16.198000 
105 1 22.657900 7.738520 16.089400 
1760 2 25.482000 10.886200 14.733900 
763 2 17.861900 9.099110 20.632700 
1009 1 23.643900 13.236400 18.238700 
1758 1 14.981400 12.360900 20.652500 
1858 1 18.721200 13.114300 21.146500 
469 1 13.783100 0.780673 24.251400 
213 1 13.819500 3.848180 22.868500 
540 2 14.065100 6.814610 16.753700 
748 2 24.549500 6.543580 14.499200 
519 2 14.152900 5.768770 26.255700 
826 1 14.825300 5.064500 19.826600 
42 1 17.683800 1.676980 21.193300 
11 2 25.022800 2.626750 26.533300 
75 2 21.407100 0.905444 21.152200 
719 2 19.250700 12.882000 23.397800 
1422 1 25.184300 0.941046 14.788700 
435 2 24.935800 3.486300 20.489800 
1772 2 20.157800 1.418080 21.693500 
299 2 15.874800 10.425700 24.813500 
1665 1 23.770200 9.176060 17.311700 
212 2 17.417700 1.575450 20.788300 
1819 2 22.499500 12.268300 17.225300 
1782 1 25.077800 1.485740 23.352800 
1493 1 24.930800 11.148800 26.348100 
1824 2 18.032400 13.095200 25.508700 
224 2 24.150600 2.199570 17.082300 
1785 1 25.493200 3.742510 25.163800 
863 2 25.908300 5.792630 17.285600 
385 1 18.769800 8.011070 13.818700 
1646 1 16.993700 6.919370 15.323400 
1234 1 22.695900 6.147110 26.120800 
1214 1 21.274600 2.416980 24.032900 
1770 1 25.242600 5.941110 25.028100 
1891 2 20.236800 8.663080 19.212400 
351 2 19.252500 3.354450 18.800700 
264 2 14.202200 8.572410 19.577800 
698 1 20.249500 0.858817 15.961400 
906 1 25.873800 8.921590 13.366200 
1114 1 23.021800 2.892230 17.337200 
767 2 25.085200 0.543317 19.084100 
1584 2 15.936700 9.822110 23.488500 
1848 2 21.558400 9.822800 20.252100 
1343 2 22.838200 7.594230 23.752900 
821 1 26.142200 3.142700 26.210400 
1827 2 18.812300 0.162265 15.076700 
1683 2 23.422700 8.506440 16.838700 
80 2 20.237900 5.295170 20.468000 
1886 1 18.616200 2.500660 25.437700 
1439 2 20.374800 10.822300 14.012500 
247 2 14.273000 4.685890 22.348400 
772 2 14.859400 1.372760 13.913400 
1459 2 23.102100 6.305150 15.293600 
684 2 15.220500 10.963800 21.023300 
1153 1 16.771800 1.379840 17.619600 
164 2 13.799600 10.913100 25.149000 
1919 2 14.566400 3.263200 17.273900 
1498 1 23.894500 0.384186 17.048300 
169 1 21.046200 7.093300 17.867000 
1722 1 20.288500 11.832200 21.641900 
176 2 25.871100 3.564710 25.570600 
1856 2 17.113200 2.734920 17.069300 
374 1 23.380000 11.263400 24.884700 
177 1 19.279600 0.860982 20.168100 
510 1 24.378500 3.464180 21.277800 
97 1 22.731500 2.070780 25.668500 
1215 2 23.325100 3.608600 18.506900 
142 1 25.524200 4.527460 14.064300 
1427 2 17.502300 11.101300 13.853200 
74 1 25.517500 1.053990 24.749000 
1268 2 15.938400 5.257750 24.034200 
987 2 14.120500 11.983500 20.814500 
1906 1 24.380600 7.225440 19.890500 
1746 1 19.989700 2.893070 20.083800 
636 2 25.435100 12.517100 24.722700 
356 2 18.962300 9.571770 14.042000 
548 2 21.730400 8.960990 16.970100 
1159 2 16.221400 7.264610 15.711400 
1968 2 21.208100 7.766670 16.100300 
1776 2 22.916400 2.167900 24.870600 
1447 2 20.131800 1.833760 20.431500 
1800 2 20.640300 3.297210 17.027500 
221 1 22.959100 1.980690 15.184500 
491 2 13.988200 1.768340 25.358200 
749 1 24.336100 11.154300 15.864200 
1173 1 24.941100 10.866000 19.067700 
1310 1 17.859500 2.303180 14.045800 
1625 1 17.953000 10.837600 14.226700 
223 2 13.600800 3.054580 19.802200 
787 2 25.784000 2.909710 16.061800 
1621 1 19.899400 1.939390 22.022400 
423 2 21.688000 10.450200 14.634400 
1908 2 24.861500 0.639017 24.032200 
1122 1 22.622400 11.863100 16.948500 
1239 2 22.176900 6.353550 25.788900 
775 2 13.622800 2.627930 14.613900 
1474 1 13.474900 13.069800 15.884500 
1063 2 23.682400 13.067000 14.563100 
1610 1 19.756900 13.179500 24.149300 
657 1 24.184400 8.842570 13.488600 
755 2 25.710300 6.050480 13.676500 
1275 2 24.596900 11.219300 13.383300 
574 1 18.787400 15.638500 11.730000 
1262 1 13.342800 24.244000 2.994410 
711 2 21.778800 19.893200 10.241700 
116 2 19.198800 16.172400 1.180410 
1253 1 18.359300 17.724300 8.037030 
549 1 24.754800 24.605500 11.144400 
1259 2 21.996900 14.127000 0.891454 
1924 2 13.750100 13.342800 12.991500 
1019 2 23.363500 23.603700 7.185560 
940 2 18.517300 21.377600 10.762500 
106 1 21.514900 14.321700 3.563930 
82 1 21.483900 16.803700 10.260800 
1112 2 25.846600 23.077500 7.391410 
864 2 21.196800 20.532900 5.707760 
865 1 25.221000 24.755900 6.064160 
797 1 16.696200 25.619300 6.305370 
1358 1 22.238900 23.132700 10.572600 
5 1 22.002500 21.431900 4.886970 
19 2 17.442000 21.711300 10.338400 
154 1 21.220000 24.512400 5.573130 
1895 2 25.079000 21.172500 5.682770 
272 2 14.730300 13.681400 7.747180 
752 2 16.489800 25.194300 7.297260 
1953 1 19.016500 20.071300 9.224960 
959 2 13.347800 25.741100 6.919880 
1082 1 21.660800 14.545600 1.406310 
368 2 21.459400 14.818600 6.423950 
1930 1 22.023600 20.425700 1.096170 
137 1 26.506300 19.552200 1.257810 
1424 2 22.636300 18.065900 9.823060 
1373 1 19.124000 13.525700 4.301690 
1469 1 24.547700 21.386100 4.461380 
1611 2 26.287100 23.998100 1.311770 
1935 2 14.224500 16.024400 6.295220 
455 2 14.865900 15.198200 10.714100 
502 1 16.189200 16.688600 7.110970 
315 2 16.758700 14.960600 3.966960 
1105 1 21.217000 16.627300 2.296380 
506 1 23.279900 14.136400 6.480330 
303 2 21.276800 16.035200 12.867800 
705 1 17.890900 23.310100 9.745720 
1701 1 26.495500 18.739900 5.103970 
468 2 20.659200 23.003700 13.113700 
490 1 23.961900 26.108600 0.352816 
307 2 13.740300 18.878800 12.535500 
72 2 19.641700 19.398100 7.886340 
492 2 21.111100 24.297700 2.194820 
462 1 18.485500 13.982900 8.425630 
151 2 18.311000 22.616600 4.705900 
1960 2 16.765300 20.118800 8.650030 
1862 1 25.276700 26.315200 5.280910 
658 1 24.119700 14.003500 10.088000 
38 1 23.535300 25.624500 9.081030 
809 1 18.079500 17.322100 2.229170 
721 1 21.815000 16.388800 0.342155 
87 2 25.306700 16.794400 12.393500 
1379 2 19.990000 13.261000 5.723850 
1876 2 26.382600 19.254900 8.578230 
188 2 18.187200 15.839400 4.406810 
732 2 20.023500 21.342600 9.432130 
484 2 18.579400 23.831900 5.736440 
1618 1 13.527100 21.022600 1.819740 
1298 1 24.674400 15.794300 4.471710 
189 1 19.338200 16.923400 10.825200 
701 1 14.972600 15.147400 11.716000 
440 2 22.389700 26.310200 12.578900 
1531 2 18.100600 21.270400 2.740180 
597 1 24.533000 20.322600 11.688800 
1972 2 25.211200 23.896500 4.017930 
588 2 26.112600 19.884500 9.984030 
1056 2 16.264400 13.824800 11.260200 
267 2 24.051100 25.831800 4.874690 
1405 1 24.725900 24.390100 3.218170 
195 2 24.910900 14.984100 6.088190 
1131 2 26.228800 18.309100 5.043270 
73 1 24.564500 15.175100 11.996400 
324 2 21.022300 16.533800 0.900313 
1095 2 18.494300 20.644400 9.796420 
1598 1 17.290900 20.098500 11.708400 
1743 2 21.079900 18.351500 1.302130 
1607 2 16.554900 14.567600 2.685670 
1504 2 14.114900 26.188300 4.132550 
470 1 23.940400 25.501300 4.543190 
1354 1 18.114500 23.730300 4.191320 
1271 2 19.211300 18.214700 8.104610 
362 1 18.852200 25.965300 7.157790 
1296 2 20.169700 17.389800 11.253200 
545 1 23.755800 18.950500 2.468300 
1123 2 13.294300 16.497600 3.803290 
1010 1 21.858300 15.059800 12.570700 
206 1 24.081500 23.911700 4.803900 
1400 2 19.640400 14.809600 8.669720 
538 1 16.428600 26.341400 0.501673 
28 2 17.701700 22.297900 1.712910 
1440 2 22.275700 14.391200 2.643590 
1334 1 19.226000 18.489300 10.983700 
1093 1 24.260500 16.098100 -0.100632 
1035 2 21.632500 20.427300 4.941630 
1604 2 25.917400 17.124000 12.644200 
1569 1 13.763000 21.318400 3.412310 
1813 1 20.201600 13.571500 6.532840 
23 2 13.724900 20.388800 5.848490 
1495 2 15.665300 22.572300 2.851620 
1546 1 26.268000 18.071700 7.155930 
1408 2 14.348400 21.260800 2.252810 
467 2 20.361800 25.935600 5.466530 
1952 2 25.773000 21.198700 2.167200 
1946 1 22.217900 23.187000 1.697600 
238 1 14.629800 15.408200 10.597500 
463 2 14.351900 26.158600 13.157100 
587 2 16.410400 14.504800 1.709980 
346 1 26.211800 23.058700 10.038800 
1961 1 16.617200 19.720800 8.145760 
759 2 24.508900 21.070700 3.121630 
1252 2 22.225700 19.280400 3.237810 
802 1 21.698600 18.255200 1.652500 
474 1 22.885000 26.246100 2.138070 
1652 2 22.453900 21.241500 2.172580 
1883 2 21.680900 19.730700 12.641400 
34 1 24.592500 21.873300 9.880070 
881 1 21.924700 25.088100 12.778900 
93 1 15.013300 17.604900 11.286000 
1473 1 22.759200 18.796700 3.495830 
740 2 23.783000 24.882100 3.864610 
590 1 26.046600 14.026200 5.655780 
1838 1 16.571200 24.036300 8.804960 
913 1 16.416500 13.850100 2.381910 
584 2 23.285100 21.594900 8.053090 
723 2 23.336100 13.649900 10.117200 
130 1 15.839100 15.831700 0.676539 
746 1 23.785400 20.027400 2.828960 
1738 1 21.289500 19.206900 12.181400 
670 1 20.463000 21.100900 8.634780 
64 2 22.747900 14.953300 13.076700 
330 1 22.762100 14.044600 2.883580 
246 1 13.806900 16.065800 7.863470 
1238 1 15.589300 23.500700 0.834428 
343 2 15.987900 19.603300 8.163330 
1224 2 25.501800 19.387400 1.429430 
672 2 16.036200 16.831700 7.005310 
1724 2 19.370900 20.229400 3.286460 
1030 1 13.970000 14.928300 6.241840 
1386 1 18.271300 23.480400 0.876298 
1702 1 24.584600 16.458000 2.550080 
196 2 24.029800 25.197700 9.925830 
1225 1 18.011500 16.432000 5.437480 
1431 2 25.065500 16.097300 3.741580 
483 2 25.380900 16.963100 0.343956 
1986 1 14.668400 23.669300 13.022100 
37 1 21.662300 16.760800 4.685280 
301 1 25.139700 21.592500 2.095040 
125 1 19.497800 21.720800 12.049200 
1966 1 21.246000 25.056900 9.629070 
183 2 16.735200 25.550500 4.922250 
912 2 14.721500 18.323900 12.536900 
1291 2 13.760000 17.716500 9.967810 
300 2 14.434400 25.781000 3.035920 
100 2 23.943500 17.869300 7.433080 
1066 1 18.340400 17.279100 0.136333 
907 2 23.152100 22.809100 1.549820 
1220 2 14.521400 22.793800 6.878860 
847 2 20.931300 25.581800 9.687180 
1667 2 17.638400 24.760800 7.942660 
1098 1 15.686700 25.309000 4.912430 
526 1 14.295700 20.251400 8.874530 
83 2 18.337000 17.858400 1.343270 
1407 2 19.387000 16.994600 11.044700 
1811 2 22.400200 25.492100 10.456900 
414 1 24.625500 16.158900 8.631150 
1831 2 14.776400 26.219200 8.725270 
1719 2 22.215100 15.335400 9.254560 
1912 2 24.545600 23.228000 11.393900 
1000 2 22.874100 15.684400 12.074000 
365 1 14.557300 21.820300 7.616550 
1544 2 13.610500 20.949500 8.337340 
773 1 19.581600 20.582700 0.980418 
257 1 19.690700 19.741200 3.160090 
76 2 15.633000 14.262700 4.930170 
1669 1 21.470100 16.894300 7.900820 
77 1 14.193700 25.485400 8.508070 
1775 2 23.556800 18.453000 2.993750 
1186 1 26.175800 17.318500 9.960570 
98 1 20.840900 16.736400 13.026800 
667 2 21.619900 15.341400 3.665470 
1040 2 14.162600 18.352900 9.942900 
1863 2 22.179200 21.609900 4.788730 
433 1 15.195000 21.573500 3.441630 
554 1 19.028600 21.130200 3.921660 
634 1 19.907700 19.604400 7.370350 
291 2 13.532400 22.429100 8.809770 
948 2 25.579100 16.508500 4.149510 
1083 2 25.700800 25.789200 4.838370 
631 2 20.862800 15.094300 0.314090 
1615 2 19.720200 22.674900 7.716720 
1753 1 15.506400 19.203400 6.822600 
1541 1 19.631200 17.828000 4.519730 
372 2 23.197000 25.981700 7.405450 
270 1 25.093300 18.527700 8.338350 
901 1 17.242000 21.908000 2.690190 
1726 1 19.013100 18.600500 1.308000 
637 1 15.260100 18.928500 11.873600 
1881 1 13.634900 25.178800 12.598000 
229 1 22.219500 13.334500 12.127100 
1903 2 19.352600 13.811100 8.243610 
230 1 19.051200 15.210900 5.438250 
661 1 20.318300 13.914000 10.256500 
476 2 17.205100 19.974900 6.033410 
1218 1 23.241300 21.186900 7.574410 
1788 2 18.527100 16.016600 9.789090 
886 1 22.338100 19.427400 9.125650 
607 2 17.015600 19.413600 12.127200 
7 2 20.460300 19.452200 0.556610 
358 1 14.152300 17.666800 9.443250 
1830 1 22.859600 16.140300 12.453600 
883 2 13.458400 26.139800 3.291920 
320 2 19.781200 18.514600 11.477800 
1250 1 21.500500 19.786800 5.359520 
1916 2 13.891900 23.597800 12.534200 
731 2 13.235300 24.197400 0.171094 
1237 1 24.658500 22.799000 9.030250 
902 1 19.009900 22.946600 6.417480 
1926 1 14.248700 22.952800 11.560900 
163 2 15.744000 20.766000 4.813980 
1289 1 19.850400 15.399700 8.319540 
1668 2 17.145200 24.777800 8.573330 
1088 2 15.342000 23.036400 4.295430 
1467 2 25.845300 19.012300 8.418610 
671 2 23.471300 13.533200 6.794520 
1713 1 16.730500 24.251400 12.900200 
162 1 14.882900 17.109100 2.733730 
1197 1 16.804900 20.703600 5.425610 
522 1 25.011900 20.940900 6.736700 
981 1 15.929700 16.417900 3.954460 
68 2 20.501700 17.462600 4.466650 
1472 2 20.000700 13.603300 4.289650 
735 2 18.118100 24.512300 1.217690 
1931 2 15.151900 22.736100 8.777650 
44 2 15.632400 17.105000 2.558030 
1118 1 17.072700 22.788200 5.426760 
517 1 18.729600 25.680200 2.142450 
1356 2 25.700700 16.240900 8.596120 
895 2 23.419000 22.574400 12.471000 
35 2 24.780300 22.275400 9.755280 
790 1 16.726400 20.699600 8.414040 
1075 2 16.594800 16.495700 5.532630 
1686 1 19.655900 26.526100 10.468800 
152 2 21.810000 17.405000 0.997026 
405 1 15.047700 13.661300 4.760970 
1417 1 15.008100 23.489100 6.366340 
1822 1 16.730300 13.277100 10.778500 
936 2 24.254100 25.284600 0.987968 
129 1 25.577100 23.866300 1.307830 
1547 2 18.639600 14.889900 0.221773 
1525 1 21.270500 24.420800 0.189440 
198 1 24.763600 21.247200 13.228800 
1945 1 17.354100 26.369500 12.955900 
1409 1 13.495900 18.670300 13.793900 
263 2 16.785200 26.374700 25.105100 
1901 1 23.491800 23.442500 19.571900 
1915 2 25.933000 13.924300 21.599400 
1051 2 23.094800 26.593700 25.416800 
1954 1 22.176700 23.622300 14.069000 
1923 2 21.978700 17.193600 14.474800 
1554 1 16.480000 21.210600 21.150500 
1682 1 26.165500 16.631100 16.490100 
304 2 21.581400 17.889800 24.817000 
709 1 20.755700 25.965900 24.658900 
109 1 14.632800 17.849400 16.477900 
800 2 19.494800 24.231400 15.559500 
1589 1 25.651400 19.853600 15.279700 
608 2 13.122500 14.047300 16.167700 
464 2 23.639100 20.656100 18.856400 
1840 2 18.295200 23.652000 18.678600 
26 1 22.142400 20.209000 15.719800 
18 1 21.998000 25.922400 16.601000 
839 2 19.217900 24.392800 23.282700 
1389 1 15.714100 15.272900 23.919800 
1223 2 22.026400 24.387800 15.416200 
1004 2 21.671800 16.288200 22.581200 
1150 1 24.815300 18.049900 21.874800 
1600 2 22.343000 21.070200 26.220700 
1511 2 17.878300 24.865000 18.447600 
1590 1 15.506900 26.382700 21.102100 
1576 2 23.183200 24.130500 23.994600 
1333 1 13.755600 13.463200 26.300000 
338 1 25.850500 20.654600 19.747500 
1368 2 21.722300 23.764000 21.752000 
916 2 24.516900 21.433100 14.460100 
1896 2 19.148000 17.742600 18.149100 
841 1 15.410300 21.745800 17.002800 
1980 2 20.874200 21.237600 16.985800 
1305 1 15.351400 16.464400 25.471200 
1279 2 20.838800 26.427200 16.873100 
971 2 16.498000 21.994200 17.157300 
945 1 25.144100 14.088200 23.605100 
1689 1 17.929400 19.194400 23.885800 
962 1 19.489400 23.115000 20.640700 
56 2 13.336700 18.917700 22.950900 
94 1 18.624100 20.076700 14.966100 
1514 1 17.566400 16.554500 22.298400 
966 1 18.564300 25.984500 14.603500 
496 2 24.937200 22.951000 20.074400 
1162 1 22.816900 23.005300 16.180300 
1872 2 18.563000 19.920700 22.201800 
911 2 15.170600 20.353900 15.337000 
389 1 21.307600 21.504700 13.462700 
1168 2 14.442300 24.270100 23.493700 
410 1 23.792600 16.700300 15.290600 
610 1 22.292500 14.250100 25.731300 
601 1 16.616600 16.416100 14.400900 
123 2 14.564800 17.522700 17.254300 
1091 2 13.476600 14.249600 24.158000 
503 2 25.082700 18.969300 22.304200 
429 1 23.124400 18.793700 21.889600 
422 1 24.027100 14.832300 20.561800 
1375 2 24.146100 18.040900 19.299200 
1295 2 23.329800 18.817600 23.786000 
1061 1 22.863500 25.912900 22.616400 
1428 2 14.838900 21.697900 21.411600 
141 1 25.681200 13.434200 17.142400 
1936 2 22.405900 13.828100 19.407500 
493 1 23.465600 26.380600 18.375600 
930 1 16.317400 23.086600 24.952700 
1644 2 25.663000 20.623100 14.668000 
1371 2 15.241400 14.096300 15.365700 
888 2 16.302300 15.025700 22.484000 
373 1 21.133800 21.004200 26.195900 
1793 1 15.591900 20.078400 18.693100 
689 1 20.021900 23.801900 13.557600 
1801 1 22.820800 14.178900 21.466100 
929 1 16.959600 14.739300 23.156900 
156 2 15.191200 24.541200 14.903300 
1457 1 16.142300 22.321000 15.737900 
875 2 20.757500 13.999000 23.096700 
218 1 21.335200 16.225300 17.306700 
85 1 22.003100 16.391600 21.176400 
507 2 14.631600 17.445800 22.293900 
1556 2 20.529400 22.164400 20.741000 
378 1 20.377900 16.222900 23.223200 
1823 2 25.621400 14.790000 15.831500 
1125 1 25.496400 19.475300 23.653100 
828 2 22.119600 25.729300 23.421200 
382 1 26.371200 15.852200 19.343600 
643 2 19.558800 23.037200 21.084800 
508 2 18.732800 18.113900 25.648800 
745 1 13.881900 23.617100 21.517800 
453 1 20.217300 20.250000 17.509800 
1276 2 20.591000 19.614700 13.798200 
392 2 25.217900 20.161600 22.330600 
363 2 26.339200 17.058300 15.821200 
535 2 16.707600 16.918900 14.293300 
1597 1 21.805800 15.936300 19.577000 
1977 1 19.426000 15.088400 19.079900 
1524 2 15.743400 17.093200 18.430400 
1460 2 15.337500 17.123100 13.501000 
1487 2 21.439800 16.002200 19.827100 
1773 1 17.611100 18.468600 14.402900 
525 1 18.494200 21.197600 22.964900 
801 1 15.473700 21.007300 23.659700 
784 2 18.423700 19.973200 20.927400 
1111 2 20.812500 25.625200 25.317600 
1631 2 25.218000 20.265000 14.411100 
742 1 14.283700 14.611000 14.854800 
575 2 16.547800 21.753400 20.351600 
1747 2 22.098300 25.616700 13.231800 
1993 1 14.836600 25.709100 18.885900 
279 2 15.548800 16.383100 25.916200 
1612 2 16.301600 21.572600 25.245300 
744 2 18.705400 24.577800 23.329200 
228 2 19.025300 14.802100 19.621400 
1094 1 23.485600 19.234500 13.338200 
1216 2 25.799300 17.126000 19.590500 
1742 1 15.666800 23.919100 15.545600 
1053 1 20.344400 25.907400 21.778400 
432 2 19.443900 25.849700 21.073900 
1049 1 25.032700 17.792600 16.743200 
91 2 21.067500 16.755900 25.087700 
1765 1 14.307300 21.891900 24.091800 
497 1 24.999600 21.158100 22.874700 
459 2 13.782300 23.853000 22.090300 
1693 1 17.996200 24.114300 18.496000 
1263 2 20.840100 18.855000 17.102200 
1326 1 20.749900 20.743000 15.834500 
1583 2 23.254300 19.772600 26.372200 
1480 2 24.519800 17.470300 23.501300 
1575 2 15.946400 14.687400 13.489800 
1810 1 23.851600 23.419900 24.749600 
1555 2 23.803200 20.809900 13.401800 
1270 1 24.270300 18.378800 24.452900 
1054 1 24.232500 24.902000 21.551300 
1033 1 14.718100 21.133300 21.134100 
1181 1 20.716600 13.840600 20.132800 
621 1 25.586000 24.006300 23.280200 
552 2 16.340900 17.732600 14.924900 
1322 1 22.304000 25.101100 15.380300 
1331 2 25.701700 24.727900 22.390500 
1204 2 13.569500 21.485000 24.322600 
680 2 15.707900 16.702000 24.636200 
1662 1 20.548300 18.957200 21.022500 
1135 2 17.703200 16.166400 22.923600 
90 1 15.452000 26.061500 17.029200 
60 2 22.062900 13.730400 22.232100 
203 2 22.333300 23.719900 25.857300 
1351 2 18.169400 20.334100 24.116900 
1684 2 13.869600 14.885900 24.440700 
910 1 18.401300 24.373800 23.541900 
1149 1 20.862000 17.962200 23.186900 
1763 2 15.496400 14.502500 20.736400 
1796 2 22.743600 22.949100 15.931700 
357 1 19.529600 16.783900 14.424100 
1653 1 15.149700 15.756800 20.174700 
466 1 16.387200 16.924000 17.626700 
1661 1 18.468500 15.584500 26.063400 
1199 2 23.311000 22.232200 20.428400 
866 1 22.400800 17.627700 23.638800 
243 2 14.995300 13.664600 23.293000 
1528 2 13.897200 24.875200 25.734800 
1714 1 22.617300 21.814900 19.311200 
1875 2 20.734300 25.588800 24.767200 
460 2 17.331400 25.816000 13.258900 
1601 1 24.768400 15.066200 13.277800 
197 1 25.006100 16.662200 25.784700 
1446 1 20.866100 23.914400 23.380300 
673 1 15.172200 17.790000 22.148700 
1316 2 18.448600 15.527900 20.041400 
733 1 20.401000 22.825500 22.449000 
946 1 17.601100 22.540600 19.665400 
1659 2 25.888700 21.164500 19.701200 
329 1 25.945800 15.442700 15.163200 
1692 2 25.512500 25.064100 20.148300 
754 1 23.604100 22.426400 21.252900 
211 2 14.690600 14.885800 19.162400 
903 2 14.809700 25.908800 16.952000 
1198 1 19.126100 23.379000 16.324000 
1496 2 14.906400 23.854000 17.699700 
347 2 19.151400 24.050000 26.607000 
112 2 23.914400 17.029500 15.354500 
2 1 22.432300 26.490200 24.104700 
1957 1 14.793900 22.254900 18.868000 
1036 2 19.724100 21.619700 24.304800 
1330 1 19.484500 22.261300 24.690600 
1721 1 23.755800 25.304200 15.779500 
1804 2 20.981700 24.608000 15.111000 
1594 1 21.516400 19.505800 24.424200 
627 2 21.616700 17.803600 21.262600 
1859 2 26.295800 18.742000 24.077000 
1353 1 17.115700 16.534700 23.986800 
298 1 15.200200 14.212900 18.987800 
559 2 19.664300 16.893000 14.546500 
1157 1 19.065400 16.376500 18.503300 
994 1 26.150100 13.607500 21.616900 
854 1 14.824100 24.238000 23.156500 
1188 2 24.336600 14.763400 20.308200 
1014 1 22.220500 25.216200 24.671800 
674 1 18.726300 18.591200 18.526600 
1143 2 22.921700 24.988400 22.293100 
1816 2 18.885200 17.097800 14.729300 
779 2 20.297400 19.927200 17.686700 
1860 2 15.017000 20.388300 14.345800 
860 2 22.502400 16.765400 17.604700 
388 2 25.364600 20.831000 24.755900 
67 2 20.852600 20.405800 23.935300 
1155 2 25.310900 14.875600 19.002700 
1178 1 17.428800 13.735000 15.412800 
823 2 14.053600 23.896900 21.191700 
1438 1 26.158400 17.210000 19.839600 
922 1 22.273700 18.691000 17.505800 
1964 2 25.506000 17.554200 16.427600 
308 2 14.831200 25.012500 21.822000 
165 1 19.055300 24.055700 22.554500 
174 1 18.132900 15.445700 20.294300 
1445 1 20.177000 23.393400 17.592000 
1293 1 20.272900 20.296400 19.347700 
663 2 22.577400 23.091600 18.643800 
122 1 18.574300 14.299300 26.617000 
1187 2 20.221000 15.208800 17.417300 
59 2 19.579500 21.433700 18.378800 
108 2 15.477400 22.863600 18.829000 
687 2 24.265500 16.840500 16.918800 
499 2 15.457000 22.910400 20.616600 
1802 1 20.500200 16.635200 25.518800 
63 2 16.711600 17.373900 23.948100 
1649 1 13.769200 14.565300 22.638900 
120 2 15.329400 20.341500 18.303500 
261 1 20.847600 15.870800 14.391000 
1766 1 15.437300 19.869500 15.190300 
54 1 14.728000 25.548400 14.362600 
700 2 22.291500 25.420000 16.569400 
13 1 25.038500 20.033000 26.046200 
458 1 15.911600 23.847500 20.782900 
1087 2 15.233700 19.524900 19.135600 
1255 2 26.072900 24.062200 16.101300 
1374 1 23.567800 16.856100 18.149300 
874 1 24.590000 22.416900 16.579200 
1462 1 18.891200 25.533100 20.157100 
235 2 18.462900 16.621900 19.547000 
397 1 25.340200 17.643300 13.163200 
968 2 24.543400 16.157800 26.216000 
364 2 22.203900 20.060800 13.325100 
1551 2 16.612700 23.110600 13.427100 
