id type x y z 
1642 1 9.328180 4.558150 10.415000 
1521 1 6.317530 2.602140 11.953800 
1604 2 1.074940 7.047770 7.300360 
1647 2 4.508840 12.701300 2.690270 
1799 2 9.672380 5.831530 5.963730 
1414 1 11.568800 9.064840 6.461030 
910 1 1.320430 10.837700 7.477920 
1927 2 3.066160 9.976680 1.495870 
50 1 1.916950 8.705040 4.202500 
1387 2 0.672001 8.753640 9.463400 
404 2 2.313760 2.736030 8.882110 
1824 2 11.739800 5.507470 3.473420 
1789 1 9.018090 9.591760 0.468168 
1080 2 2.640710 5.456370 2.470580 
193 1 1.499910 2.822750 2.264030 
1457 1 12.784000 11.945100 1.941650 
969 1 7.639610 0.774075 1.368340 
1228 2 3.483140 9.555210 0.660558 
549 1 11.727900 7.279250 12.517200 
617 1 4.263050 10.239800 12.846000 
1027 2 1.760810 1.197570 7.075510 
326 1 0.341133 10.016100 8.968600 
1796 2 1.658480 6.597130 10.035900 
481 1 12.693300 7.808770 0.226502 
474 1 6.733840 13.499100 11.233400 
1663 2 9.784400 13.036500 7.264870 
859 2 12.460300 12.810500 4.895780 
699 2 13.168300 9.014590 2.822200 
305 1 12.467400 12.789400 7.834940 
82 1 3.628810 9.780660 5.642500 
234 1 -0.076761 9.014930 9.423810 
878 1 5.369660 11.996200 7.277270 
137 1 8.069310 7.538470 9.845410 
670 1 4.157500 4.901220 8.072970 
1808 2 11.256600 9.080570 5.410490 
902 1 2.478110 7.338660 11.024200 
1061 1 9.754190 9.185610 9.593670 
255 2 4.995500 9.615500 5.611150 
889 1 5.543860 4.411370 2.849230 
11 2 0.397686 4.439170 12.329900 
985 1 5.149690 8.395890 5.366900 
181 1 10.559700 9.773470 5.211710 
355 2 9.242990 12.704300 9.706500 
362 1 4.078910 4.497500 6.535100 
927 2 6.494730 3.296170 9.330980 
1379 2 7.025730 9.593830 10.093200 
1733 1 10.012900 0.134413 2.533860 
1920 2 7.571410 3.524280 11.837700 
964 2 9.055380 6.867070 9.794400 
640 2 3.837600 0.479102 8.350860 
868 2 8.282710 11.449800 7.331910 
639 2 8.674130 1.522460 6.674300 
258 1 1.771920 6.410970 6.201010 
13 1 3.792130 10.612000 10.847500 
1648 2 12.244700 1.893310 0.866957 
565 1 5.690810 11.301400 5.543680 
1199 2 3.588300 6.636180 6.238790 
1286 1 0.639893 8.702720 6.142070 
447 2 7.045200 0.558555 12.198200 
1756 2 4.675930 9.207540 8.252930 
1618 1 12.395300 0.559365 8.240620 
1492 2 2.262600 12.782500 8.743580 
1444 2 3.452460 1.987440 4.196630 
1004 2 5.360140 8.366560 6.075390 
1465 1 9.726710 0.885883 10.628200 
236 2 12.633500 12.571200 6.800970 
1563 2 13.216500 7.691500 8.794650 
679 2 3.962260 3.528330 0.355044 
484 2 9.858540 1.253420 9.876340 
1752 2 12.710700 5.973080 13.303000 
951 2 11.486100 3.402410 6.232050 
1917 1 2.345720 1.738920 7.748160 
115 2 4.043650 1.971640 11.091700 
800 2 6.654150 2.200050 10.912000 
1949 1 8.595780 8.663700 11.821500 
1132 2 10.863800 11.576600 10.059500 
1576 2 0.350951 12.225400 10.245400 
988 2 3.005150 4.456090 11.932700 
1006 1 8.184180 7.253440 4.762930 
142 1 11.762800 2.007550 8.593410 
1879 2 2.174910 11.815300 0.752849 
263 2 10.508700 2.094590 12.654000 
1665 1 0.948578 7.525100 7.772090 
1607 2 4.102960 0.366008 3.946220 
1249 1 9.111530 5.984250 1.250420 
501 1 1.981020 5.290530 9.703460 
1122 1 5.787740 2.780240 2.248690 
956 2 10.516200 9.391820 4.741500 
161 1 4.499690 7.092490 5.734400 
1494 1 10.482200 5.300640 12.196800 
123 2 0.422675 6.081940 2.145700 
351 2 3.800070 9.253410 1.721460 
59 2 10.605600 9.215970 4.812930 
819 2 3.180030 3.660640 3.705960 
1866 1 9.977230 7.241670 10.459700 
1908 2 2.179900 1.115500 4.324710 
938 1 9.947570 12.203600 7.144800 
631 2 9.628080 1.020020 7.285880 
926 1 7.295860 3.797400 8.714000 
1964 2 2.129090 8.448640 11.328400 
430 1 6.898410 10.423700 2.154630 
543 2 8.601500 9.648380 3.389010 
614 1 8.472680 0.967839 7.081310 
1323 2 11.271400 0.952472 9.705450 
884 2 12.295900 5.017900 5.613460 
596 2 7.251260 3.931700 7.084450 
1736 2 5.800660 12.511300 4.448470 
1139 2 2.771830 3.684310 8.866300 
378 1 1.656470 11.485500 3.498090 
329 1 7.785670 8.482900 1.848680 
912 2 4.267820 5.195630 7.939220 
357 1 9.518910 13.003000 13.240500 
62 1 6.024750 6.823470 3.162630 
1256 2 11.164100 12.395100 3.504660 
135 2 7.667550 11.260600 6.632160 
1512 2 7.893350 12.944100 12.792500 
1318 1 11.776300 11.913200 5.617620 
1996 2 4.728070 6.593920 2.027890 
1104 2 8.631200 4.507710 0.630525 
1045 1 4.247880 0.445749 7.500750 
1368 2 10.252800 5.890080 12.601000 
1276 2 10.006600 2.969930 4.582480 
250 1 4.004860 0.589904 4.081640 
583 2 2.771470 5.903590 10.518300 
1264 2 4.188230 12.551700 3.040620 
97 1 7.002070 7.865180 13.069300 
1930 1 7.771940 11.430800 10.334900 
16 2 6.637870 6.928110 7.178090 
29 1 10.451100 5.362650 9.188260 
259 2 6.978030 10.598500 2.997730 
1540 2 -0.211824 1.142110 7.546740 
189 1 2.455110 11.834100 9.901900 
293 1 1.023000 10.675000 12.336800 
724 2 7.623170 5.479640 4.179410 
496 2 10.517500 2.346410 1.925370 
199 2 0.400887 6.264010 8.758300 
625 1 9.927300 8.854150 2.917960 
1935 2 2.101470 8.843690 7.418400 
1994 1 9.421890 11.761800 9.736330 
781 1 3.793970 3.675590 4.676310 
768 2 3.636150 10.548400 11.805200 
1145 1 10.940400 12.105600 2.050260 
1876 2 3.107480 10.075400 4.694840 
248 2 4.248490 10.805600 11.067000 
802 1 6.467700 -0.088819 4.409250 
242 1 12.137400 5.338480 7.014950 
267 2 6.383780 4.727490 2.245910 
1616 2 5.912710 3.216860 2.447200 
257 1 6.140550 6.942750 7.548950 
350 1 12.808400 1.052420 10.741100 
1564 2 12.809300 1.174940 11.765100 
613 1 5.976950 3.129960 7.410040 
968 2 8.245300 8.954200 2.325480 
1677 1 13.121100 7.058830 2.719020 
497 1 9.882550 2.027030 10.325400 
1529 1 12.963100 4.750030 4.592330 
1268 2 9.943250 8.418940 1.315560 
498 1 7.547730 3.108330 10.508000 
541 1 -0.189362 5.937010 0.476400 
1764 2 10.351800 10.426000 8.602900 
952 2 7.809800 8.611640 11.768600 
129 1 8.712190 10.175600 12.721700 
623 2 6.642310 5.684080 5.264060 
1291 2 10.613400 10.076300 7.504500 
1787 2 3.699970 10.727100 11.362900 
995 2 6.365000 6.812840 11.435200 
1970 1 1.909530 0.652231 4.554320 
1746 1 12.198300 0.853005 1.781190 
1942 1 10.047400 8.300280 7.215570 
1373 1 5.131690 11.557400 10.857000 
761 1 7.776310 10.716600 8.011300 
1957 1 12.066700 8.610340 1.999900 
466 1 0.110119 5.399660 8.164330 
366 1 6.425850 5.911570 12.070500 
72 2 11.218800 11.244900 11.803300 
339 2 8.212060 7.863840 10.586400 
33 1 11.096400 10.725300 9.636720 
471 2 10.927800 0.953458 3.576810 
885 1 9.025760 10.426800 6.489650 
191 2 7.696470 9.589050 1.282440 
1685 1 3.819670 11.093400 3.206070 
1223 2 9.673850 4.860130 10.620300 
1982 1 2.585260 5.184030 11.695900 
1793 1 9.648550 3.000810 1.782210 
1591 2 12.268200 1.763750 8.735120 
1126 1 2.661700 1.232100 10.407000 
1005 1 13.256200 3.266240 1.255940 
1406 1 0.819405 9.336890 2.147630 
313 1 7.947140 5.136100 3.696930 
838 1 11.643000 11.695200 13.051700 
1285 1 1.993240 2.822100 10.261900 
12 2 5.074770 7.474700 4.522970 
1577 1 10.842000 2.335030 6.231420 
1830 1 5.571880 9.678570 0.509622 
1655 2 1.929800 4.631140 5.672590 
1314 1 6.494900 8.700340 4.082260 
144 2 7.769050 10.582500 0.913707 
598 1 7.014540 7.821980 11.109800 
1750 1 7.292730 12.679600 1.651920 
643 2 7.592050 1.364350 0.507562 
1180 2 0.789998 0.942897 10.001900 
1720 2 10.069400 6.402030 9.793880 
1240 2 12.613700 11.419000 1.496660 
1689 1 8.010290 4.851520 5.452720 
759 2 11.841800 1.192270 8.992900 
867 2 10.074700 12.510000 11.265500 
911 2 10.432000 11.967800 2.126610 
1293 1 2.857680 5.698760 2.661050 
1905 1 9.098220 11.469200 3.783070 
1650 1 1.360200 12.325600 7.780110 
765 1 3.472600 9.234310 7.368360 
1243 2 11.803600 10.281700 9.417520 
866 1 3.486400 8.070040 12.438500 
1116 2 1.992360 10.536000 5.644570 
1402 1 2.651990 2.799930 9.072960 
1839 2 6.911190 0.868026 6.952570 
230 1 3.586550 7.568530 2.087840 
158 1 10.612500 1.804680 4.015860 
57 1 11.899600 12.378600 3.932610 
1483 2 1.046490 12.110400 4.443570 
247 2 0.392294 0.736130 8.542840 
1526 1 1.660970 1.549340 6.930400 
4 2 3.327530 0.851280 12.886100 
592 2 7.999950 11.173000 10.708100 
388 2 9.189470 2.204720 7.071120 
1967 2 12.876500 8.376960 1.419520 
1863 2 12.934600 9.546230 11.076400 
865 1 12.244100 0.490331 4.912040 
1025 1 4.337840 4.894530 13.082600 
1462 1 2.988760 11.373900 0.619241 
1173 1 10.951000 2.628620 11.782500 
705 1 10.265400 4.002090 0.682808 
1834 1 7.877880 10.755000 1.288500 
1345 1 12.512200 8.651120 8.911800 
273 1 1.029280 13.113100 4.136090 
1760 2 0.394917 4.511470 10.634100 
1614 1 3.868840 12.427200 3.770690 
607 2 9.703570 0.696211 11.454600 
1411 2 1.733190 12.410000 9.304840 
1089 1 5.344570 12.778000 9.500170 
1641 1 2.160790 0.925530 0.509586 
384 2 8.607220 1.343580 12.950800 
916 2 0.787516 0.231495 13.369000 
398 1 9.714580 13.214100 0.330860 
119 2 4.692030 5.263370 23.295900 
1871 2 7.105810 11.823300 16.334800 
1393 1 1.744060 0.286230 14.002000 
1608 2 5.544580 6.252490 21.045500 
873 1 5.858550 1.369950 18.051600 
1627 2 11.768000 8.409680 19.134300 
1036 2 8.208910 4.902340 15.509900 
1717 1 12.312400 6.742310 15.798300 
322 1 8.575140 1.093950 23.847300 
1177 1 6.907910 1.868000 21.282900 
509 1 11.256800 4.402340 21.683600 
319 2 0.772628 3.890990 26.417700 
1038 1 11.305900 4.871220 16.867400 
1557 1 1.726870 2.002370 17.505600 
104 2 2.265930 1.659170 23.075000 
1370 1 7.701840 7.594990 21.958600 
1541 1 9.729180 2.683730 18.874100 
36 2 8.561930 9.973930 21.129100 
907 2 1.991760 9.104470 22.276700 
1556 2 0.774950 6.785650 18.947200 
1984 2 6.429290 11.338300 14.998200 
205 1 11.571000 0.185649 18.188200 
671 2 3.883180 6.719930 25.988100 
1882 1 10.246400 2.766530 15.356800 
991 2 5.261650 0.496808 14.969200 
1312 2 5.345670 9.214880 26.549000 
665 1 13.192800 3.029320 20.663000 
458 1 5.625700 6.495210 23.972100 
264 2 12.296800 4.465350 15.207900 
100 2 2.026630 3.734930 17.713400 
87 2 10.066400 5.585140 25.963500 
437 1 9.521770 12.696700 20.284900 
77 1 1.436680 5.635370 22.070100 
726 1 11.364100 3.157210 24.338100 
499 2 7.248990 3.177780 21.547300 
842 1 3.080100 12.505700 23.451100 
1032 2 2.437130 11.605300 19.583600 
372 2 12.375100 0.710803 17.919300 
1537 1 2.493100 0.556329 22.269900 
566 1 3.061450 11.085000 16.155600 
282 1 0.858890 11.305100 17.573800 
568 2 6.259510 12.590400 22.230700 
35 2 9.971660 11.546900 17.901800 
1420 2 4.200630 1.868370 24.303100 
1904 2 1.829460 12.490700 23.041800 
737 1 3.495280 4.015330 26.087400 
1881 1 5.799620 12.773000 20.458100 
415 2 7.355590 3.965960 20.896600 
812 2 11.464400 5.741000 16.513300 
22 1 4.751850 5.157570 23.078600 
444 2 4.686240 8.435760 15.746100 
246 1 1.541390 8.776670 13.634300 
136 2 7.669810 8.604930 17.028700 
120 2 2.234320 7.649950 14.178200 
1605 1 11.406100 1.273050 25.164600 
383 2 11.369500 12.458900 25.434200 
928 2 5.186110 4.313290 14.786200 
182 1 3.229850 4.018820 16.088000 
871 2 4.401200 1.531150 24.226100 
69 1 9.185850 3.699400 24.186700 
798 1 3.876690 6.039330 26.378100 
223 2 10.234300 10.610000 20.645900 
567 2 7.886380 5.941000 23.216900 
1947 2 3.444370 9.663340 14.212500 
887 2 2.831110 12.598100 21.771600 
1018 1 2.603220 11.553800 18.413900 
1292 2 7.932940 7.760030 13.290800 
546 1 12.233800 4.825500 14.125000 
1143 2 10.124500 5.831360 14.608400 
1183 2 12.823200 6.329550 26.432700 
1744 2 6.803960 6.013890 23.700300 
1581 1 3.708550 10.367300 19.810900 
1612 2 2.886340 2.399420 21.466200 
1410 1 1.448750 0.617805 25.047400 
1628 2 3.943530 11.830500 23.888600 
127 2 0.187645 12.568000 24.547200 
121 1 9.277510 12.410400 16.093500 
1190 1 2.092560 9.849520 17.852300 
1326 1 0.303314 6.936420 14.894200 
782 1 1.077560 12.282800 20.232200 
925 1 11.349400 4.823320 19.252600 
48 2 2.021380 7.493870 22.116900 
1809 1 2.988790 2.422770 24.013300 
241 1 3.726730 9.156330 15.796800 
254 1 3.213880 12.931100 13.854100 
1015 2 11.947200 3.966130 15.086800 
1587 2 8.999250 0.201678 22.509000 
853 1 0.637344 1.261870 18.781500 
909 1 8.864770 3.153130 21.854700 
1234 1 2.500900 4.628180 20.663000 
919 2 7.165490 11.839400 14.872400 
1818 1 10.955500 12.289600 25.214200 
1988 2 9.051680 6.764210 17.752100 
42 1 9.737740 9.050140 19.296500 
1681 1 11.779400 10.421700 22.485500 
1335 2 7.666400 6.053960 18.966800 
712 2 1.511940 4.454320 20.712600 
1313 1 0.546607 1.270330 20.776300 
400 2 2.284430 6.501650 25.187100 
382 1 9.628760 10.803900 22.440000 
1634 1 7.146350 9.384290 16.174900 
432 2 9.088080 12.281300 17.222300 
982 1 7.003570 3.969730 21.226800 
1350 1 1.049920 10.656800 15.663300 
1698 1 8.499310 5.485210 22.431200 
165 1 6.140250 8.905490 20.569600 
1553 1 10.530400 7.162960 20.769100 
666 1 2.411110 12.915100 21.277400 
40 2 2.862750 12.796100 14.347200 
1467 2 4.890780 4.825540 18.512800 
729 1 3.608900 7.341040 21.199500 
1324 2 1.721770 7.976020 17.173200 
1480 2 10.432000 4.986540 19.693700 
1844 2 8.649480 13.577000 25.862700 
487 2 12.444900 1.547450 23.982400 
722 1 4.167240 2.850520 21.036000 
1998 1 11.317300 8.569780 22.294200 
1383 2 1.519620 1.514700 15.479100 
996 2 4.732480 2.795680 14.674900 
1945 1 2.486140 8.178340 26.006500 
1363 2 9.691240 0.613552 18.776700 
148 2 10.195300 2.932990 13.484300 
849 1 7.727860 7.830060 19.012700 
1487 2 9.584480 11.181100 22.559400 
1425 1 3.571780 11.234300 22.349200 
1953 1 5.924430 12.687100 16.928000 
1280 2 2.322990 9.432010 19.240900 
1823 2 5.619990 9.242380 21.274600 
448 2 11.240100 13.276900 25.003500 
1330 1 5.806830 11.524300 23.220700 
268 2 10.128000 9.960260 14.923600 
1548 2 12.212000 4.806700 18.916500 
932 2 1.647920 4.163940 14.789800 
493 1 5.627530 6.221520 20.750500 
839 2 13.423700 11.826300 17.790400 
547 2 11.089600 7.968060 14.643300 
1950 1 8.587140 5.206010 15.331300 
280 2 4.369660 3.565530 22.447900 
289 1 1.242750 7.946970 22.227800 
1043 2 5.405510 6.757560 23.790800 
575 2 11.157800 6.704690 26.303600 
1029 1 4.435120 0.491979 13.860800 
92 2 12.872400 8.235630 17.942900 
704 2 12.158900 8.926770 21.213500 
993 1 4.256080 11.771900 16.359400 
947 2 0.540117 4.950130 17.650700 
572 2 9.271070 10.154300 25.538600 
975 2 3.831300 1.654730 22.263700 
717 1 11.173600 8.392070 18.996400 
1343 2 7.358360 8.648270 20.633800 
5 1 0.633529 12.991400 23.151500 
1174 1 4.677780 1.448670 26.239900 
67 2 4.976250 7.140690 21.073000 
553 1 10.899300 3.837530 14.054800 
218 1 8.452670 12.148000 22.618400 
714 1 6.824560 5.326990 24.393400 
633 1 0.919040 5.189160 19.322000 
1611 2 8.501630 3.066110 15.589900 
1573 1 10.458000 6.083390 15.698200 
1872 2 3.507330 11.909800 17.688800 
1107 2 10.704500 5.593010 14.156300 
1419 2 0.349493 10.071800 17.667600 
1622 1 1.739130 3.418640 14.528700 
1803 2 13.165900 8.570590 22.804700 
15 2 5.297880 12.341500 16.875200 
386 1 4.839380 6.824280 21.078600 
132 2 2.188630 1.822460 22.751000 
73 1 11.396400 12.790800 20.263600 
980 2 11.258000 11.045700 23.246000 
1074 1 10.101200 5.917620 26.212400 
1893 1 8.154650 1.650690 26.524300 
279 2 10.823200 3.313750 18.415900 
512 2 10.679100 6.312140 25.787100 
1000 2 12.319100 4.761570 24.610000 
1179 2 7.617780 7.045570 16.988200 
1301 1 7.152640 12.150400 14.480000 
1766 1 12.431900 7.331640 24.693100 
1739 2 0.806885 9.069110 13.242500 
157 1 10.665700 10.071300 20.910500 
1946 1 5.765460 8.171530 25.293000 
1896 2 0.925084 1.274350 17.618700 
602 1 0.056635 0.320626 17.199300 
256 2 9.302650 1.708950 22.770100 
122 1 7.321000 4.734670 18.165900 
412 2 0.710155 10.389800 15.491300 
368 2 12.609000 12.939200 18.287000 
1279 2 10.780600 3.821890 23.910100 
1762 1 10.313700 12.591200 17.953600 
56 2 4.682800 1.464760 19.419200 
1833 1 1.073420 10.271800 22.157700 
814 1 6.814690 4.075790 15.820800 
1193 1 2.911400 2.166890 14.107800 
1245 1 11.082700 2.183970 22.925800 
85 1 7.394600 6.524020 14.854800 
1041 1 11.537300 1.641240 16.071700 
149 1 2.225180 7.898370 17.284300 
89 1 12.292000 10.716100 18.946200 
332 2 9.856090 6.934300 21.477300 
222 1 7.525880 12.010300 18.552900 
1398 1 9.243180 0.837660 17.830800 
1083 2 2.071610 2.533300 22.190700 
1207 2 8.534690 2.260080 25.125800 
1954 1 4.486780 7.421380 14.663000 
1686 1 7.367660 0.870044 18.962300 
1003 2 5.273280 5.559690 15.131300 
51 2 11.791000 0.440414 15.175000 
646 1 11.391700 4.753490 25.109100 
327 2 9.741130 13.182300 19.949000 
1859 2 0.680855 1.647390 17.731800 
274 1 0.060462 1.985950 15.932700 
851 2 3.433680 4.030970 15.977200 
1152 2 11.693100 9.317970 20.666000 
1098 1 9.064940 6.393710 17.460600 
1405 1 3.455690 6.810880 25.283700 
395 2 0.234637 11.950100 19.065700 
396 2 10.646600 2.988670 25.371400 
1624 2 8.466510 1.948430 25.426900 
1063 2 9.852090 4.529670 21.349700 
510 1 1.721150 3.323220 25.155300 
1294 1 11.857400 1.384990 13.977800 
1366 1 1.333370 3.932230 17.279400 
1359 2 5.049440 11.654800 24.402800 
979 2 9.983490 11.524100 14.997000 
612 2 2.295520 0.343274 25.401500 
586 1 4.972470 2.272440 22.407100 
754 1 11.989800 10.627100 15.646900 
1851 2 2.902420 12.940800 13.847700 
677 1 12.941900 8.386240 18.518600 
1671 2 6.279320 1.292830 17.841000 
660 2 6.172360 0.942454 19.179600 
301 1 3.715910 10.649300 25.681600 
827 2 3.629530 9.352340 18.436100 
678 1 1.023790 8.623510 18.460700 
942 1 4.672820 2.039530 15.620200 
1070 1 4.826400 4.828550 15.339200 
1977 1 12.694900 4.495860 15.887800 
1042 1 11.378600 10.772500 25.985300 
1516 2 7.378990 12.411500 22.736800 
424 2 9.077690 2.063760 18.858700 
590 1 1.264150 3.177030 22.421500 
107 2 5.508030 13.266700 20.523500 
1547 2 0.452748 6.968550 19.854000 
1770 1 6.853150 1.553790 16.190200 
1919 2 6.628180 2.030220 17.758800 
101 1 9.193040 10.650500 16.081300 
294 1 9.445740 9.068080 14.785500 
1067 2 8.633970 12.139800 25.938900 
364 2 4.897310 12.070100 16.572800 
1638 1 13.389400 12.787400 23.204300 
1340 2 11.403000 0.053826 24.525800 
1194 1 5.867290 1.204640 14.063300 
1561 1 13.208100 5.596690 25.836700 
531 2 5.975920 6.903100 14.378400 
1909 1 11.948400 19.223300 7.726740 
662 1 10.329800 18.749900 6.669850 
870 1 10.037900 13.469800 3.441170 
183 2 6.714000 15.147200 13.157500 
1120 2 0.452822 16.743500 9.786700 
300 2 0.660261 14.055300 6.240610 
1586 1 13.446400 21.832100 2.836620 
1865 1 13.242500 15.530200 10.981600 
1008 2 8.239190 15.471000 4.021210 
1877 1 10.925300 23.851800 7.000370 
1810 1 2.685370 22.032300 0.753559 
999 2 3.210720 16.112700 4.741490 
1296 2 1.318340 18.656900 6.881650 
1993 1 11.232800 15.597400 2.403770 
476 2 5.283710 20.376500 5.675180 
1855 2 11.564300 14.760700 4.392640 
1144 2 10.844300 23.195400 1.644380 
732 2 6.459470 19.153900 3.227540 
489 1 8.115750 14.025700 4.617850 
194 1 6.937050 18.867000 3.619680 
1551 2 2.762850 17.842900 0.774441 
417 1 2.898380 21.229000 7.597160 
1633 1 4.650370 15.399900 4.035500 
1727 2 2.260680 25.829100 3.986870 
1791 2 8.170870 20.576200 5.785230 
1099 2 10.390100 19.429100 12.980400 
1959 2 0.750985 18.026300 10.706700 
1473 1 11.731700 23.277100 11.528800 
573 1 11.523600 17.292300 1.538240 
238 1 11.111400 22.978200 9.298040 
1575 2 12.042400 26.088000 2.928170 
188 2 2.833610 18.168900 -0.034933 
559 2 7.539100 24.426400 7.793000 
1781 1 3.848000 25.331100 5.049160 
1164 2 9.680440 19.441100 6.757360 
80 2 2.762510 26.312900 9.456260 
1075 2 6.895200 25.078100 0.633319 
403 2 4.240510 23.391700 4.813710 
1958 1 1.655530 26.384300 10.580500 
1666 1 13.146900 19.204900 12.164100 
1253 1 6.544690 23.201700 4.792050 
39 2 11.173500 16.205000 2.623770 
1546 1 11.764100 25.554100 12.283700 
886 1 7.624190 17.722400 1.108480 
374 1 2.803000 22.932500 9.025910 
1437 1 -0.079570 22.858800 8.262560 
1721 1 7.117230 25.754300 6.486410 
224 2 3.064570 17.273400 11.955000 
216 2 10.807100 15.749800 2.499050 
1683 2 3.702790 17.012300 2.356230 
518 1 11.851500 20.007200 10.804800 
1418 1 1.131980 24.816700 2.396200 
1185 1 0.536937 22.003800 2.875840 
1327 2 10.609500 18.786400 7.122350 
1782 1 5.191730 14.803600 9.235960 
987 2 3.511490 23.216800 1.866400 
1695 2 3.535860 25.329600 10.882800 
1758 1 8.843130 22.355100 11.559000 
1743 2 11.465100 17.019600 9.615050 
1786 1 4.701440 23.585800 6.683350 
1501 1 1.263650 22.389000 12.757600 
1031 2 2.473270 21.230600 8.087210 
1077 1 11.921400 25.450000 1.116740 
936 2 2.209360 21.912000 7.120220 
1384 2 4.583010 16.309000 10.010200 
281 1 2.911730 23.310900 1.491030 
529 1 4.885140 19.202700 7.271800 
627 2 7.402750 14.011600 2.050680 
245 1 2.424260 18.730800 11.257900 
675 2 10.377300 22.184800 8.301140 
1053 1 6.018980 17.888900 6.559040 
1841 1 6.464060 22.723100 8.261230 
530 1 0.700560 15.255300 5.231060 
821 1 7.543270 16.385800 1.658420 
1718 1 12.484100 13.775300 10.484000 
621 1 11.253800 20.931200 13.136500 
1117 1 5.707080 14.218400 1.894390 
545 1 3.770790 21.085200 2.922560 
949 1 7.780090 13.736600 12.639600 
346 1 11.102600 17.611600 8.395670 
1328 2 9.430730 20.661700 1.688630 
1525 1 9.264600 24.028400 7.437560 
21 1 5.096580 24.433400 10.411100 
898 1 9.441260 13.813800 8.173760 
53 1 5.375180 25.935000 11.974400 
1472 2 5.988260 18.505300 11.854400 
1710 1 13.269300 23.340300 3.678170 
441 1 8.541410 16.109800 4.933940 
1884 2 11.179800 15.492100 3.147170 
1435 2 0.948947 23.527300 3.607070 
691 2 5.469790 16.432700 10.416000 
172 2 4.511390 21.081900 5.907180 
180 2 6.253870 14.176600 2.175920 
664 2 3.483480 24.518600 0.623038 
418 1 13.413300 15.191600 8.114740 
1146 1 3.406980 14.491100 12.471600 
151 2 2.057820 19.024800 12.250500 
1404 2 9.255030 21.969900 5.349950 
1111 2 3.831850 14.647700 1.061220 
41 1 2.623780 25.194400 12.397700 
920 2 13.023000 18.869000 6.151140 
967 2 8.018660 14.824300 4.633070 
1976 2 4.924370 22.083400 10.998400 
1357 1 3.543840 21.221500 11.590500 
1248 2 11.644000 19.225900 0.372015 
1825 1 7.909050 21.792700 5.156340 
1389 1 1.556440 16.891600 7.599520 
34 1 2.656590 19.089200 2.830000 
1057 1 11.443800 19.854400 1.653500 
1694 1 11.479700 15.225600 4.182930 
948 2 12.945900 25.068800 7.912460 
1481 1 5.473470 20.095600 4.125820 
706 1 11.501100 17.353900 12.241000 
1912 2 9.738300 22.932600 11.092700 
576 2 7.905680 17.487900 2.158210 
727 2 8.974720 20.930200 2.015220 
1974 1 7.594920 25.015800 0.742408 
748 2 10.454000 25.684600 12.780900 
1072 2 9.692920 22.280300 10.394400 
836 2 4.503570 19.471900 8.216540 
111 2 13.057600 22.300100 3.023060 
1924 2 10.901500 20.252500 12.045600 
1528 2 5.422640 24.067400 3.644400 
1673 1 -0.083494 15.372900 2.283290 
1826 1 4.446460 20.675700 6.010890 
1322 1 2.091750 20.945300 8.538230 
630 1 7.103540 21.280400 6.587070 
1838 1 7.471320 22.630300 1.082310 
96 2 5.561960 21.199400 11.893500 
1202 1 13.377000 20.031500 8.560620 
550 1 7.527960 14.816700 4.882790 
1856 2 3.557590 20.945100 3.915020 
1588 2 6.494840 17.311300 9.842490 
1438 1 8.876310 20.472800 2.909800 
225 1 11.590000 18.968800 0.144674 
1584 2 7.997860 14.738300 6.811530 
164 2 4.421920 23.541700 6.430410 
139 2 3.161010 14.604900 10.619200 
1021 1 9.537830 23.571500 5.430850 
850 1 3.849570 21.987200 4.568950 
1861 1 8.866440 15.429700 2.420320 
422 1 8.718480 21.021200 5.722990 
1108 2 2.382330 22.586000 2.532720 
904 2 12.091900 25.317700 7.578180 
544 2 1.164270 17.825400 5.092320 
1812 2 3.101160 22.149100 9.789990 
845 1 8.380340 24.223000 9.737430 
490 1 12.185400 25.242100 6.581150 
1543 2 6.249540 22.343700 7.081680 
642 1 8.903410 20.897300 0.640160 
1840 2 8.459350 21.127500 5.816490 
655 2 4.295630 22.138700 1.652770 
1399 2 11.965900 23.044600 11.529200 
1298 1 3.900710 25.052800 8.342230 
320 2 5.755270 21.800000 2.879540 
287 2 0.067138 25.611100 1.688130 
1087 2 0.676944 19.273500 3.102760 
1600 2 9.810940 23.827100 7.113170 
527 2 10.961500 22.683200 5.623990 
145 1 10.656100 17.357900 6.844960 
1848 2 3.738970 18.695200 1.384260 
542 1 6.725130 23.399800 12.840800 
1459 2 11.756300 23.782300 7.094570 
1565 1 2.990760 15.519300 3.330430 
1421 1 11.335700 23.560500 1.551270 
1319 2 3.918040 20.888900 3.543170 
816 2 2.091540 15.568500 6.005790 
516 2 11.063900 16.017800 10.978500 
1705 1 5.758030 24.372400 8.250180 
1923 2 8.388130 23.827000 7.125050 
461 1 4.738980 20.803800 9.546420 
1579 2 5.985680 13.389300 9.732740 
1692 2 6.453760 21.557600 1.023400 
1854 1 11.078600 15.880500 5.920010 
934 1 2.360780 19.635000 6.612000 
1572 2 12.471600 18.638400 10.175300 
1250 1 9.174130 26.570400 12.961800 
1361 1 7.066070 14.625100 7.772550 
290 1 5.493680 15.073700 12.931500 
475 2 12.390100 26.266900 1.849250 
1482 1 5.498470 20.905200 2.945910 
1719 2 2.911230 19.842600 13.025600 
381 1 12.129400 25.800700 3.080880 
1091 2 10.940400 17.076100 11.318200 
1215 2 4.524000 26.024400 7.274980 
1464 2 5.857270 24.784200 9.282610 
387 2 3.763690 19.036400 8.074000 
1969 1 0.189545 21.852000 11.403500 
414 1 3.867370 16.927300 6.098940 
1060 2 10.851000 16.375900 6.189840 
84 2 9.930180 26.539200 0.935172 
453 1 9.324080 17.685300 3.745240 
227 2 5.592390 17.620700 6.373340 
1518 1 1.150960 19.225000 13.068700 
1037 1 8.520640 19.185700 11.894300 
1175 2 0.848142 24.383300 7.404430 
638 1 0.754249 17.149200 1.265590 
1788 2 5.344240 25.830400 0.937212 
743 2 5.462970 20.752300 3.491990 
1017 1 3.292360 16.852100 10.149800 
229 1 0.987145 19.459200 0.147134 
1355 2 2.794150 16.857400 8.856640 
266 1 3.545680 15.525100 5.172850 
1983 2 4.749320 24.658900 9.719720 
1535 2 9.339580 21.481500 11.720000 
1567 2 8.104070 23.664400 0.725326 
1716 2 2.835740 15.693200 2.928220 
179 2 10.729800 19.365400 2.479730 
435 2 5.516780 18.083800 2.933330 
1837 1 4.882510 23.351100 4.917120 
1506 1 1.105590 15.751800 12.517900 
783 2 7.118970 18.932000 8.957600 
1596 2 5.708220 14.473300 0.962938 
295 2 10.483400 16.765800 5.976810 
604 2 3.327030 13.569000 10.694000 
373 1 12.464400 22.459300 6.127440 
1973 1 2.846800 14.420100 9.963630 
1331 2 13.448200 18.090400 5.097550 
1376 2 12.798500 16.822000 8.521860 
190 1 4.763540 24.432600 0.938145 
1188 2 0.915482 13.113800 7.809620 
1987 2 12.032700 25.585800 0.725244 
739 2 4.151300 13.165300 6.540480 
578 1 5.126710 18.824700 2.137410 
1133 1 5.867980 19.991500 12.241900 
1197 1 7.190640 19.716000 7.836110 
1275 2 12.676000 20.248400 8.701770 
1580 2 6.880800 23.744900 13.112800 
1271 2 7.476450 18.100100 2.842390 
601 1 1.362700 13.869400 10.008800 
1629 1 9.971410 25.715400 0.747051 
310 1 3.416200 18.377000 -0.133671 
311 2 7.095520 14.053700 5.624760 
946 1 3.170770 23.791300 2.497020 
1220 2 6.260030 14.983200 6.783660 
901 1 6.120930 14.155600 5.773340 
1309 1 12.963100 15.842700 5.482400 
1997 1 6.658920 17.357300 10.020300 
385 1 3.390530 26.048700 10.831000 
895 2 4.474040 21.862700 8.997420 
577 1 3.042650 19.095400 9.411080 
277 1 1.397440 25.427800 4.617980 
1141 1 9.068570 21.032900 8.628470 
1310 1 12.590400 18.753900 5.905660 
128 2 2.451620 21.965400 9.765390 
794 1 2.567800 24.474300 9.587840 
514 1 9.121360 23.351100 0.762333 
66 1 6.628890 26.195100 9.293030 
192 2 6.619790 26.351900 4.985890 
1602 1 6.480100 14.263300 0.082774 
1353 1 9.456300 20.252600 11.490600 
1442 1 13.012600 23.355500 10.328300 
1244 2 13.044700 23.494800 10.184100 
2000 2 5.846010 26.379200 12.797200 
1101 1 -0.017293 21.354800 0.077061 
1103 2 4.824730 25.226400 13.073900 
479 2 4.458050 23.816600 22.833700 
1088 2 0.619933 17.243100 16.461800 
369 1 0.742397 23.542700 25.840800 
1582 1 4.086660 20.818100 20.534500 
1044 2 6.549230 18.073900 23.573600 
818 1 1.191340 19.920800 18.441400 
1745 1 4.796180 15.083100 26.329600 
1508 2 10.261800 21.156100 23.746400 
1212 2 9.997260 22.164900 18.201300 
734 1 10.842900 15.954600 18.486100 
944 2 3.736980 14.285500 21.561600 
1730 1 -0.212708 23.529100 16.656900 
389 1 5.877510 25.374600 17.915100 
1595 2 11.093300 20.924400 21.920800 
217 1 10.356800 15.882100 15.891700 
773 1 8.221410 23.668100 21.717000 
167 2 13.413200 14.626700 21.854200 
1431 2 6.240820 20.549700 17.834900 
721 1 6.535770 23.813100 20.715800 
672 2 3.759830 19.868000 19.565600 
506 1 7.250380 22.687600 17.194500 
1805 1 3.245890 18.150800 19.802000 
118 1 7.973140 17.229200 18.306000 
1652 2 8.569610 21.489400 24.526800 
187 2 13.018500 20.946200 14.240600 
723 2 2.155290 22.624700 19.939300 
1001 1 2.503620 23.881200 15.386900 
1305 1 3.395150 23.272400 23.552800 
468 2 5.536720 20.773700 22.484900 
1381 1 6.185070 20.036400 14.797700 
283 2 0.168301 21.164700 22.477400 
1149 1 4.140460 13.738400 20.879600 
1157 1 7.011280 12.916100 24.785500 
31 2 0.712799 15.884900 23.563500 
26 1 4.823530 14.820700 18.435300 
421 1 2.549750 25.342900 20.133800 
1100 2 9.141360 15.127300 23.908400 
226 1 8.000950 21.895600 15.225000 
296 2 5.977310 15.749800 14.403400 
686 1 12.474500 18.441500 24.875600 
595 2 6.260630 18.209800 25.427800 
391 2 6.303620 20.950700 14.735100 
899 2 6.099850 14.698700 26.317200 
749 1 8.362840 16.334000 22.467300 
826 1 5.003680 19.759800 24.289400 
1820 2 10.103200 24.344500 22.881200 
763 2 1.025940 22.722200 15.548200 
806 1 10.235300 22.928800 20.123100 
1272 2 8.345130 18.462600 25.980300 
140 2 8.326080 17.567000 21.213300 
918 1 6.147530 18.267000 23.030200 
1842 1 3.550180 22.483300 18.676300 
1549 1 12.222000 15.379100 26.139200 
1154 1 6.669890 21.224800 22.418000 
1206 1 2.880340 21.912000 13.283600 
1706 1 12.837800 15.388700 13.735300 
855 2 12.147400 17.607700 15.736800 
1849 1 4.352000 17.175400 24.766900 
1761 1 0.896720 20.889800 19.843000 
1394 1 9.346630 22.996600 16.203700 
569 1 10.939800 14.694700 24.176100 
1635 2 9.300560 22.459900 24.519700 
766 1 9.082380 16.405700 14.417900 
68 2 4.731880 15.098200 22.616200 
892 2 11.754300 23.452200 19.864500 
401 1 0.817076 21.309800 14.983000 
1867 2 12.007700 25.099500 25.440500 
312 2 11.371200 18.733700 18.450700 
443 2 9.605940 15.740100 18.330600 
1966 1 0.524543 14.224500 25.343200 
177 1 5.878130 20.617200 25.356800 
647 2 11.861900 23.187200 20.810400 
1351 2 9.985020 22.526300 19.057700 
1171 2 4.239750 17.697500 14.139500 
1189 1 0.183418 23.028400 21.945100 
1233 1 7.234760 25.166900 20.811400 
1822 1 7.605380 15.388600 17.186900 
1308 2 6.102120 22.575200 24.845200 
1599 2 11.467100 18.918200 19.027500 
462 1 5.917890 14.637700 19.399800 
483 2 3.411990 16.468100 15.308800 
893 1 4.315330 25.037600 17.111800 
1182 1 5.391190 19.643500 19.954900 
1534 1 10.545000 21.260500 18.475800 
764 2 -0.233764 15.249200 24.491000 
1056 2 3.486910 17.364200 20.829000 
20 2 8.319150 24.956400 26.675700 
1519 2 9.648730 24.618900 14.507200 
687 2 12.463200 23.703700 18.055900 
1339 2 0.231179 22.361200 20.575100 
580 2 3.311560 20.964000 14.459000 
302 1 5.961520 18.158500 17.372600 
1707 2 4.715280 20.101600 25.135800 
1765 1 1.333780 17.211400 16.143400 
974 1 4.415180 16.325700 20.891000 
344 2 2.292610 23.856500 21.088200 
1895 2 9.856940 24.890500 17.830100 
1990 1 7.635710 25.804600 22.384600 
492 2 8.266920 20.327700 14.144200 
1166 1 9.058820 18.024200 22.536500 
1247 2 11.872100 20.545200 24.993500 
1239 2 9.256670 22.046500 14.852100 
375 2 3.560890 17.921000 18.078900 
1254 1 10.677100 19.431400 17.698500 
548 2 4.290230 16.982500 17.603000 
1513 1 1.488350 18.806600 25.651800 
626 1 12.661500 24.534900 16.284500 
1778 1 7.891890 24.958700 18.517200 
436 2 11.941100 15.919600 17.076300 
1 1 12.627900 19.609300 17.977300 
1500 2 7.160100 25.064500 23.602800 
485 1 7.286570 26.690100 13.779000 
813 1 4.545090 19.011000 15.481200 
1542 1 6.097400 14.624700 23.020400 
1259 2 6.591550 25.694700 21.090900 
1755 2 8.282570 23.658600 21.214000 
482 1 9.029130 23.857500 25.313700 
146 1 12.963100 19.991800 24.318000 
451 2 8.782760 18.205100 17.220400 
1533 1 9.998820 14.733400 20.573400 
608 2 7.175160 21.936400 18.223900 
775 2 6.441210 24.369000 19.306100 
820 2 8.778680 26.170200 14.679500 
1740 2 8.145580 25.520900 19.801400 
1119 2 0.520281 14.199700 16.408600 
1124 2 1.202060 19.958400 25.311000 
70 1 8.701870 18.882500 20.587700 
1636 2 8.639240 17.257100 17.216900 
1274 1 13.216000 26.360100 17.533700 
185 1 12.272500 21.430200 20.294100 
803 2 2.619680 18.490200 24.073500 
168 2 10.446300 14.331100 19.953700 
520 2 10.342900 15.952600 15.607700 
1367 2 9.188700 15.213800 15.476600 
1007 2 3.357720 18.477700 17.829500 
1213 1 1.405890 25.695300 22.175800 
977 1 1.986210 20.446700 25.931200 
1058 1 12.221500 23.675300 18.283700 
1336 2 7.191890 25.008300 16.014800 
1238 1 2.715000 18.057700 22.083300 
880 2 12.466100 25.661900 21.518600 
1002 1 5.233840 22.483800 15.848400 
651 2 8.027290 15.721600 25.030400 
1757 1 8.356640 14.984200 18.525200 
58 1 5.075310 20.886700 23.207800 
1714 1 11.451500 18.389000 19.884500 
807 2 0.896918 20.574800 17.568300 
1170 1 9.837760 20.958500 25.112200 
65 1 12.556900 15.768800 20.302200 
1317 1 7.731560 18.516800 17.162400 
1176 2 4.954060 19.561700 25.767300 
1502 1 10.448700 25.973300 21.855500 
1773 1 9.644810 21.452600 13.546300 
1902 1 7.718730 23.214300 18.633200 
1883 2 1.652770 16.647600 16.063600 
1325 1 1.869010 23.867200 20.525400 
1831 2 1.931040 25.637800 20.627400 
1403 2 12.854200 18.369000 25.027100 
1962 1 12.219600 23.922400 20.026500 
1466 1 10.363700 25.948200 15.296200 
503 2 5.808960 19.571900 22.589600 
1594 1 3.165700 19.626600 15.104200 
359 2 -0.024996 26.335100 22.945300 
440 2 7.676450 14.804500 22.518700 
495 2 7.732760 23.299900 17.106100 
591 2 10.022200 15.464500 15.641400 
990 1 9.872930 23.011600 23.318900 
1639 2 9.891660 20.666200 24.921100 
1784 2 0.014866 21.130700 22.659500 
272 2 13.010000 18.995500 23.896300 
1334 1 2.816840 21.328800 22.111400 
1910 1 11.450500 21.170600 15.735100 
1741 1 7.733830 15.124100 25.502700 
393 1 3.761050 17.335900 15.922300 
605 1 1.989910 26.379200 15.957400 
1609 1 10.670100 18.219900 25.417200 
231 2 11.533200 21.973200 18.850500 
116 2 7.188820 16.378600 17.888500 
1522 1 12.316500 25.675700 25.919100 
1159 2 6.277810 24.213800 24.999200 
356 2 5.048140 14.929600 19.642900 
338 1 4.716480 15.822700 14.210900 
1433 1 6.807590 24.555300 24.020300 
478 1 9.927510 17.295200 16.072200 
1488 2 0.233560 22.402900 25.935200 
831 2 1.717970 19.942100 25.644400 
467 2 0.768639 22.428500 15.149600 
1545 1 1.824130 15.961800 25.322700 
206 1 10.288300 20.669000 20.446600 
758 1 5.417290 17.798700 26.220400 
554 1 11.792200 26.170400 24.562500 
653 1 9.160180 21.163200 22.126400 
645 1 2.869190 25.533400 17.754500 
654 1 0.653256 23.860200 23.952200 
1251 2 2.106160 15.274100 25.881500 
1898 1 9.506550 24.332300 14.130700 
1560 2 5.710930 21.105700 16.362800 
683 2 7.286400 15.202200 18.048900 
1899 2 4.731040 16.085900 22.001900 
930 1 11.769800 23.016500 21.904400 
253 1 0.519166 16.084100 19.521800 
1732 2 8.435770 24.960300 19.056400 
1674 1 13.125400 18.522300 23.460600 
609 1 1.072330 19.734500 23.161900 
921 1 3.498530 17.330800 17.917200 
517 1 6.467600 26.254900 20.591800 
760 2 12.680500 15.826900 13.509300 
864 2 10.664000 20.991700 20.346800 
75 2 7.163170 13.597000 25.205500 
1505 1 10.558300 20.973000 24.241100 
1163 2 9.691940 14.849800 22.619700 
1391 2 1.508340 23.015200 25.682100 
1332 2 3.811090 23.868800 17.217100 
1626 1 6.619630 13.940400 20.864300 
260 2 9.791230 18.287200 21.667100 
428 2 2.226680 24.971700 17.376600 
817 1 7.841630 19.523900 24.371900 
1777 1 8.461220 24.433500 16.310900 
409 1 0.950510 14.628400 15.820000 
1868 2 2.152630 23.101900 24.003300 
1815 2 8.213400 17.428900 23.003400 
1460 2 2.681790 21.691900 19.892100 
1888 2 2.438630 16.757300 21.352100 
354 1 8.528070 17.299700 25.073300 
877 1 3.903720 19.460800 25.768400 
1441 1 0.836537 15.708800 23.026200 
1900 2 10.489300 21.652900 15.634100 
1329 1 5.816590 24.422100 25.147900 
1134 1 0.453900 13.248000 16.472600 
852 2 11.196500 16.603800 25.308100 
1210 1 9.090300 14.171100 22.862800 
1679 2 4.186830 14.167800 18.927700 
45 1 5.830400 26.010600 23.124100 
994 1 4.559130 15.950000 22.797900 
1427 2 2.428370 25.327600 17.604100 
1640 2 12.330800 17.768900 24.932600 
976 2 12.569600 23.280500 25.452300 
703 2 9.334090 17.277700 24.575300 
1795 2 5.382060 19.812100 20.690000 
175 2 13.078800 22.063400 26.305900 
1354 1 3.825310 24.834300 26.608700 
1568 2 0.429071 14.349400 18.270700 
399 2 7.811100 16.063600 19.278500 
211 2 5.149220 25.229100 15.924600 
789 1 11.807700 23.210900 24.530300 
473 1 12.068300 15.871700 16.730500 
822 1 12.722800 26.179900 23.227800 
1767 2 0.626663 19.836000 25.467900 
953 1 12.575500 22.097500 25.948900 
166 1 11.103600 19.474500 13.848900 
690 1 2.881970 17.722900 14.076500 
740 2 23.624300 5.850060 1.438750 
323 2 23.380600 6.311910 2.417720 
1722 1 20.008600 4.718010 7.235720 
1729 1 20.610700 0.957981 7.169200 
992 2 24.695100 8.292780 11.145200 
1589 1 16.533500 5.872640 7.842280 
1811 2 26.412200 2.340980 10.508800 
1417 1 15.046000 7.173890 5.339010 
521 1 24.808500 6.382920 3.492930 
658 1 19.690900 8.971360 7.022990 
715 2 22.502600 1.396180 7.165260 
243 2 20.963700 6.393710 8.116700 
504 2 16.269800 3.965240 4.683850 
1237 1 21.792100 12.729300 2.794450 
1941 1 19.884100 11.038800 2.376300 
1059 2 19.620500 5.872840 0.918547 
1780 2 25.736300 8.651070 0.681129 
1093 1 16.302300 12.693900 5.386360 
1485 1 23.852300 7.456370 5.248050 
1217 1 20.913300 1.451440 9.671110 
989 1 16.561900 10.088200 6.961510 
1892 2 22.629900 4.025110 4.012520 
1449 1 17.205100 1.339060 1.558560 
1019 2 25.458200 9.196310 12.651200 
1632 2 14.335500 8.227650 7.652770 
1517 1 23.866700 2.278060 5.190950 
1051 2 18.721100 12.957200 0.846329 
1800 2 14.396400 8.934380 2.689580 
771 2 15.654200 8.690710 7.215710 
1047 2 19.201900 10.645900 2.328900 
882 1 23.363500 7.439820 9.891610 
1944 2 14.141300 11.640700 1.745880 
202 1 13.634800 4.839220 9.627150 
3 2 18.444800 6.429970 7.632330 
450 1 15.929600 2.499830 7.018740 
1128 2 22.959900 6.808280 9.952690 
1869 1 16.832000 10.591200 12.049300 
863 2 15.427300 10.252900 10.552400 
1471 2 23.517200 4.148410 2.803310 
736 2 23.501100 6.953480 6.501200 
1986 1 20.152500 11.524800 10.214700 
1306 1 23.885500 4.952510 3.671630 
1598 1 22.720500 3.513270 2.593570 
392 2 24.753300 4.876910 7.233880 
377 1 14.101600 1.576390 6.442280 
1753 1 15.540200 7.907700 11.036200 
456 2 24.272800 7.030610 3.529090 
94 1 22.858200 2.571610 8.432010 
1033 1 22.716600 0.930552 13.149600 
1566 1 19.421200 5.273760 12.782500 
1680 2 23.840300 9.833530 8.234580 
98 1 14.921300 13.044700 1.393940 
1936 2 14.156500 0.774416 7.324760 
965 1 19.546100 10.860700 13.199300 
593 1 20.090200 12.876900 0.083720 
879 2 21.105000 8.183330 11.849400 
694 1 23.088400 1.554480 11.122800 
1261 1 17.377100 2.335760 11.424400 
1659 2 16.252700 5.094580 5.531030 
1109 1 17.772900 0.897522 7.317640 
1443 2 14.166700 6.082780 12.107500 
1790 1 23.822100 -0.033502 2.611190 
133 1 26.012100 13.014800 0.832237 
1585 1 23.326700 7.872320 2.912730 
668 2 15.825600 7.474350 3.574830 
1445 1 22.049200 8.994220 7.264770 
1458 1 21.031500 2.791120 4.006690 
1388 2 19.648300 11.401200 11.310000 
1961 1 21.321200 8.318360 12.787100 
756 2 13.445300 2.221870 4.378540 
1916 2 15.891600 10.033300 12.166100 
174 1 24.327500 9.020660 10.112500 
896 2 25.064200 11.689400 4.463680 
841 1 20.517500 7.872170 11.013000 
1269 1 18.417500 6.828830 2.762070 
1382 1 24.343000 10.636600 5.300740 
317 1 18.860300 11.687500 11.258700 
963 2 23.887900 8.020250 3.603490 
1495 2 24.017800 4.645510 7.595560 
1162 1 26.335600 1.960200 12.054200 
799 2 21.942800 11.388200 2.108970 
91 2 25.839800 7.307620 0.733213 
1167 2 24.429800 9.075540 12.132200 
1392 2 20.691300 5.805520 8.315250 
1972 2 13.611200 9.556810 12.711900 
433 1 18.898100 10.124100 7.625040 
1806 1 17.312000 13.382500 8.478090 
1853 1 21.488500 0.295160 3.729950 
1039 2 16.505400 1.121800 10.319400 
1014 1 16.621800 7.597080 0.944802 
1918 1 23.213100 6.541310 6.306620 
616 2 15.476400 7.270280 11.470300 
1776 2 19.599300 1.903370 0.709134 
1236 2 19.867800 13.288200 -0.076534 
1112 2 23.350500 9.422780 3.564290 
957 1 13.527700 2.455840 4.360670 
519 2 19.472300 5.379550 12.738500 
872 2 18.015900 10.015000 7.436980 
460 2 20.677700 0.127418 6.936090 
150 1 17.101600 5.781600 2.009660 
184 2 19.078800 12.260300 0.037827 
1875 2 17.508200 9.789360 12.296500 
1160 2 16.859100 9.198680 9.504260 
43 2 23.996000 1.333240 3.143430 
32 2 26.310300 9.866030 8.702650 
1742 1 18.118500 8.949420 3.612340 
1558 1 16.772400 2.248060 1.886500 
425 1 16.716700 0.969702 11.264200 
1672 2 24.239600 4.531160 13.094100 
449 1 25.312700 12.684200 2.285710 
1814 1 16.525800 1.627170 9.007950 
1020 2 16.792400 1.502570 11.455200 
1052 2 13.240800 4.793290 9.641930 
1302 1 24.004200 0.690574 9.602830 
1046 1 20.102100 -0.007000 0.535707 
1344 2 18.091800 5.708910 2.036590 
201 1 15.402900 7.296010 13.151800 
1360 2 20.880100 8.856500 8.622260 
25 1 18.927300 6.713180 5.651730 
103 2 19.661800 11.893400 6.254300 
1862 1 15.714600 0.885565 4.385910 
1527 2 24.412700 0.212010 4.131640 
1520 2 18.325800 12.042700 10.272300 
958 1 22.105500 7.423910 8.833220 
1846 1 25.153900 12.197400 4.507930 
742 1 22.585700 9.093630 11.632000 
1161 1 13.971500 10.963000 10.032000 
943 2 24.373200 9.573680 0.471632 
459 2 17.277900 1.180800 5.365270 
905 1 22.743500 1.480760 5.660220 
333 1 13.702500 10.002200 12.124900 
793 1 14.052100 6.309390 8.602900 
511 2 23.983300 12.446700 4.620250 
195 2 14.637500 11.788800 5.669040 
810 1 24.695500 0.771127 7.228380 
1715 2 22.870600 0.992341 9.944610 
336 2 23.094900 1.794310 6.470820 
1940 2 20.972700 0.292722 3.198780 
1613 1 15.857800 3.867860 3.880430 
551 2 14.555900 10.608500 1.485690 
1283 2 16.194600 2.540110 1.405870 
500 2 17.566900 2.276750 1.828460 
1065 1 25.585000 2.897530 9.824140 
198 1 15.087100 10.326200 2.759140 
1333 1 25.014700 11.072600 9.199310 
1992 2 17.100500 8.125770 6.693480 
1187 2 21.899700 8.468410 8.606870 
394 1 21.942800 3.497060 7.236920 
1731 2 14.326500 13.030700 10.140300 
1115 2 15.748600 4.637230 3.222330 
1400 2 21.500500 2.288030 10.107600 
52 2 25.380200 4.886830 2.973270 
825 1 19.480100 2.001130 1.139380 
1278 1 20.469200 0.628414 12.535900 
1198 1 20.537400 6.694190 8.227840 
1225 1 14.027000 4.006920 7.759030 
1054 1 24.509400 6.286170 11.335000 
486 1 22.537500 11.938900 6.747270 
1289 1 25.076800 8.982270 1.680940 
1735 2 25.160900 5.566890 10.664400 
271 2 16.900400 3.468980 11.279100 
297 1 24.152300 3.992130 13.051100 
335 2 26.301000 7.963440 7.027680 
1801 1 23.054400 12.206000 1.175060 
1985 1 15.734500 10.737200 10.738600 
929 1 25.823800 12.380900 9.199070 
858 1 26.420500 9.956220 0.010690 
585 1 25.743500 2.177610 0.169071 
1378 1 22.551800 10.116000 2.665330 
442 1 20.647800 4.647750 10.088900 
427 2 17.968800 5.308400 1.204130 
1630 1 15.936200 8.513180 8.217290 
1660 2 22.531800 0.555125 3.894450 
1664 2 23.451600 12.193600 0.869719 
535 2 21.176600 -0.029337 2.188690 
1690 1 18.910900 9.892740 10.972000 
126 1 24.456300 4.501380 7.142940 
745 1 20.620600 3.432170 11.121200 
112 2 18.808800 6.019670 6.494290 
1968 2 20.671900 12.858700 7.119330 
308 2 26.211200 10.347900 1.979800 
857 1 23.340000 9.855420 4.444650 
114 1 23.035100 6.122060 1.792910 
795 2 19.848500 2.219430 5.509980 
402 1 21.310600 6.201920 2.654490 
1873 1 18.522700 5.469330 7.639770 
304 2 14.226400 5.085620 8.792870 
1925 1 17.441000 4.151760 11.433500 
408 2 17.594200 4.215420 7.419800 
7 2 24.506900 10.160000 4.786680 
1550 1 14.549100 9.981210 1.019780 
1380 2 23.680300 0.032189 8.926630 
465 1 17.474100 1.971860 4.301180 
228 2 13.807100 2.436370 1.117210 
1816 2 14.320500 9.720430 1.578110 
538 1 18.649500 10.908900 4.552030 
685 1 13.513500 7.366110 6.985190 
105 1 26.150500 2.242680 8.843040 
1138 1 15.485000 2.448980 0.351182 
1346 1 20.258000 11.661400 6.672110 
1763 2 16.853400 9.309320 0.919738 
1413 1 22.052800 12.896800 12.370800 
689 1 18.434500 8.031950 8.810730 
321 1 18.612100 4.481040 1.003040 
731 2 24.464700 11.589400 8.701530 
1843 2 22.993400 2.483680 7.247230 
113 1 14.364100 8.777370 2.585990 
1644 2 19.005200 9.903800 11.856200 
1728 2 17.099000 4.371620 12.113600 
1514 1 16.061400 6.146670 11.856300 
1617 1 26.136100 9.244820 11.830800 
1931 2 17.029400 13.049200 13.091700 
147 2 15.759900 6.728300 8.473920 
778 1 16.037100 11.750600 0.801184 
1010 1 26.515300 4.983870 11.058800 
204 2 23.555000 11.999200 8.683020 
834 1 25.127200 3.884210 2.030690 
632 2 19.887000 6.847370 3.358470 
1430 1 15.774500 7.827470 6.642090 
1303 2 14.257800 1.548750 6.702460 
30 1 25.783400 7.348380 2.007600 
914 1 25.339500 3.075340 5.229090 
1211 2 23.809200 6.138840 6.428180 
106 1 14.396200 11.442300 7.772220 
480 2 25.885800 2.517630 0.128760 
811 2 13.475100 4.511770 8.976600 
1155 2 18.014500 9.306700 4.718270 
416 2 18.963500 3.855700 11.638000 
1913 1 13.582700 6.011000 12.353700 
1751 2 19.834800 11.390500 11.014800 
835 2 19.394000 1.236540 2.427870 
1832 2 23.239300 2.129540 12.585600 
477 1 18.985700 12.468800 1.799220 
589 1 16.643700 8.310400 9.946730 
1771 2 19.728900 2.796820 10.731200 
815 2 18.892000 9.930470 7.709730 
1497 1 14.806900 3.054200 12.408700 
1428 2 21.732300 8.720740 11.593900 
753 1 24.824600 5.432180 0.457306 
446 1 23.202400 4.792910 12.520700 
1131 2 15.797400 12.790400 0.550772 
1620 2 20.261700 6.712480 13.179800 
1956 2 14.136100 3.399840 17.881000 
628 2 20.280300 3.111310 20.005300 
1914 1 13.182600 4.261690 18.447500 
1885 1 22.169500 2.542940 19.081200 
1456 2 15.802900 5.695770 22.314200 
1263 2 20.005700 10.627900 21.594300 
786 1 15.886900 5.815070 23.197900 
186 1 18.129200 10.377400 18.960900 
1847 2 25.229800 12.488600 25.173600 
27 2 19.934800 6.694270 18.165300 
1569 1 21.038800 0.754416 25.455900 
1092 2 18.330900 1.083680 22.894700 
1076 2 14.315400 4.053490 22.926500 
923 2 13.802900 1.651440 20.109800 
1150 1 14.018500 13.040000 17.715200 
1013 1 13.976800 7.754120 22.883900 
1975 2 21.126200 9.156560 16.748700 
1374 1 22.425100 12.550500 22.809000 
1578 1 25.695500 8.389150 14.565200 
684 2 14.490700 5.701300 25.305600 
933 1 23.285400 2.046180 14.467900 
1625 1 15.917900 10.606000 17.894400 
1971 2 20.885200 12.650700 20.314500 
1797 1 19.540800 10.622000 16.904100 
869 1 14.758900 6.930050 20.406700 
1713 1 23.203800 9.440880 15.888100 
603 2 13.798900 9.578140 15.540700 
1297 1 16.424600 9.343640 18.350100 
352 2 22.786000 10.404800 23.760800 
214 1 20.815100 11.517200 26.372000 
708 2 24.741100 11.233100 14.327900 
1926 1 23.442800 5.568960 23.132500 
163 2 22.602100 1.229060 22.473000 
1288 2 25.494800 6.871210 22.056800 
1316 2 14.674900 6.669100 20.728600 
1429 1 13.546400 5.343390 23.137100 
278 1 22.052700 12.107700 18.504800 
1371 2 24.373300 1.822010 18.932700 
209 1 25.356200 10.604000 19.182000 
49 1 23.124100 0.037642 19.196900 
1536 2 24.635100 9.804100 19.061700 
1071 2 18.088200 10.504200 19.354700 
1538 1 24.964000 9.594900 16.372100 
1978 1 15.718300 11.215300 20.063300 
1453 1 17.699800 8.241380 22.525700 
1224 2 15.568600 8.159450 18.511700 
208 2 23.661800 4.509290 22.732800 
508 2 14.455300 12.971700 14.611300 
1656 2 19.630600 10.203400 17.279000 
674 1 18.254700 3.423920 15.867200 
747 2 23.627300 10.364300 21.809500 
844 2 25.949500 4.462460 25.481700 
1153 1 25.125600 7.452290 21.310700 
588 2 22.432800 7.732920 21.865500 
1169 1 14.847700 2.291190 24.222100 
622 1 13.662700 11.568700 15.454300 
1369 1 24.033600 3.215390 15.186800 
1880 2 20.977100 11.221900 21.507000 
978 1 25.663700 9.323390 23.013700 
883 2 19.028800 2.573240 22.508400 
1555 2 24.813800 7.174550 20.819800 
1783 2 16.885600 8.561740 25.941600 
1991 2 14.207400 10.176100 23.287600 
1901 1 23.121800 13.034000 17.193000 
1468 2 16.806700 0.186183 19.744500 
1649 1 21.529800 0.550905 16.068500 
488 2 25.471400 8.835510 13.235300 
18 1 16.032900 10.047900 15.134000 
1651 2 25.996100 5.546570 22.252700 
1523 2 26.712800 11.560900 15.410400 
1127 2 16.837600 4.579350 16.549800 
1511 2 26.575500 9.630160 22.574400 
9 1 18.647700 9.983280 25.344600 
719 2 13.430300 5.879130 18.970400 
961 1 16.676400 13.151600 15.312000 
1096 2 26.529400 10.908200 22.158300 
1554 1 21.881700 5.510360 21.472600 
200 2 14.777100 0.694653 25.602500 
1012 2 24.550500 8.367050 25.241800 
1929 1 20.072000 11.437800 21.571900 
63 2 14.807400 13.220300 16.103800 
1204 2 19.224600 12.547200 15.475900 
419 2 21.104900 11.430200 14.255700 
405 1 23.175700 10.498700 22.619100 
1539 2 20.975200 11.053300 25.761400 
600 2 16.309700 12.796000 17.180800 
134 1 22.704900 6.752780 18.165900 
83 2 23.133400 1.381770 16.481100 
298 1 24.883400 11.758800 25.033400 
1073 1 18.847000 1.413290 21.376500 
1147 2 25.516400 4.102070 24.941700 
1493 1 16.908600 4.673590 21.364600 
429 1 20.647700 1.836920 19.711900 
809 1 14.176400 1.981130 18.182900 
494 1 15.157100 0.539151 16.962300 
345 1 24.442000 6.433150 24.987100 
1530 1 19.614300 1.605920 23.212300 
130 1 22.136600 3.869910 24.181600 
767 2 24.942100 5.119930 14.609400 
1829 1 16.176700 13.164800 13.488300 
1658 1 17.949400 3.282000 25.041800 
823 2 22.846000 4.379860 21.459100 
314 1 24.904500 9.282310 13.090500 
1390 1 21.015400 2.319580 26.163000 
733 1 23.681100 12.668900 19.987000 
1452 2 22.918600 12.657700 16.369600 
1499 2 13.882500 1.747240 18.664500 
1158 1 13.713000 1.730900 14.370100 
954 1 20.364700 9.342570 25.355300 
284 2 25.934300 8.069700 13.659700 
325 1 19.110400 13.105900 14.086400 
102 1 16.437000 2.783310 15.362000 
410 1 24.424300 9.239680 17.926400 
1878 1 17.614600 12.476400 17.352200 
1470 1 21.615800 7.230670 24.435600 
1184 2 19.242200 6.551480 15.965900 
1439 2 22.996700 2.740610 13.452800 
718 1 20.715800 12.268000 16.921700 
1258 1 14.831300 2.913170 20.345600 
1769 1 25.954600 6.678420 23.099800 
54 1 15.324300 9.393730 23.908200 
328 2 19.079300 7.866880 26.208500 
720 2 19.293800 9.070920 21.881200 
1165 1 22.225600 6.378450 14.827000 
629 1 26.371000 3.926530 24.691100 
1386 1 25.881700 8.067840 20.159700 
88 2 26.706400 8.181270 24.655500 
1583 2 22.828100 5.457030 14.584100 
423 2 19.332600 6.453390 22.183500 
347 2 22.283600 12.525000 18.298200 
361 1 17.333000 10.206800 20.805000 
1475 2 19.268700 2.132960 22.391100 
1503 2 20.812400 6.876310 24.011700 
606 1 16.953700 6.851190 25.130400 
1347 2 24.123500 8.900020 15.507400 
397 1 21.967800 10.678100 20.560300 
779 2 15.216400 2.332940 22.455200 
315 2 16.786700 0.511478 25.836600 
998 1 23.953300 12.702500 26.181800 
505 1 19.325800 5.160540 14.924300 
1424 2 16.705200 3.926770 20.301300 
1422 1 14.014500 9.031730 16.511100 
1807 2 17.222300 10.180100 23.226100 
900 2 18.604700 12.107900 16.036400 
1066 1 18.121700 0.449416 23.238500 
552 2 14.575600 1.795830 14.475800 
790 1 17.105100 3.944890 18.027900 
213 1 21.017200 5.997630 16.836100 
1142 1 19.266900 6.205880 22.553500 
60 2 22.869300 0.893303 19.002100 
804 2 26.235700 2.283810 15.783500 
1401 1 24.695800 3.454770 25.357400 
1606 1 20.762000 9.177480 20.770000 
463 2 16.782100 6.042240 18.549400 
1341 1 13.647600 6.675310 18.391200 
371 2 13.426800 6.909910 22.430800 
1156 2 19.331700 2.560440 21.041100 
894 1 15.534500 0.989912 23.328700 
203 2 26.076700 7.146980 24.176300 
1407 2 23.881600 3.158660 25.840100 
523 2 20.508600 0.339736 26.224700 
1016 2 15.889000 9.570500 23.911200 
108 2 17.418100 6.633120 14.928700 
924 2 18.517400 10.710900 20.004000 
1048 2 18.009100 12.219700 20.595300 
324 2 20.366200 6.057000 16.090400 
1897 1 24.419800 2.083230 20.679800 
1338 1 18.498600 10.080500 14.469700 
1700 2 22.517600 12.734900 18.381800 
681 1 14.138900 10.296000 25.080100 
1661 1 14.584900 13.207200 20.840200 
232 2 24.097400 2.836460 24.882800 
955 2 14.868100 3.696540 21.620000 
221 1 18.231300 4.674280 19.435600 
178 1 24.291300 3.930740 17.338200 
1267 2 17.720700 3.378060 15.631800 
237 1 17.449700 7.515580 14.344500 
1121 1 21.808500 1.788300 24.070800 
1928 2 16.034600 10.243800 16.814000 
641 1 13.542500 10.667300 17.529300 
582 1 24.167600 1.309940 18.258800 
832 2 13.574300 10.538800 16.402500 
1102 1 25.522100 5.621120 21.913700 
330 1 25.442800 3.617510 18.991800 
561 1 19.953500 3.204490 21.266900 
1069 1 18.770300 10.063300 20.480200 
1114 1 22.431900 3.272810 21.107100 
1216 2 21.665900 7.374390 24.351300 
525 1 17.853100 11.748600 19.618300 
1242 1 20.933200 6.895280 21.577700 
971 2 23.102100 6.850230 18.121500 
159 2 20.391000 0.491101 16.395000 
251 2 20.219600 3.077490 19.590200 
1725 1 15.106100 5.694480 20.699100 
1515 2 18.189900 4.069190 25.554500 
755 2 14.173900 4.765330 24.154900 
1601 1 24.240800 2.212990 24.398400 
1574 1 19.476900 5.137680 25.078400 
1454 1 19.893800 8.850700 23.045900 
860 2 13.400000 9.750620 24.214100 
491 2 19.117200 8.521830 25.169300 
648 2 19.478000 7.533510 22.588400 
370 1 24.939800 11.302000 14.195000 
269 1 13.888400 9.698510 23.734100 
353 1 17.535800 4.856780 15.366800 
407 2 23.521800 3.852360 15.413300 
847 2 21.719900 8.092760 20.127900 
1024 2 15.172700 12.282300 21.262900 
1320 2 14.546000 2.597990 17.547600 
340 2 24.325600 9.311420 16.483900 
1802 1 22.876200 8.488350 22.447500 
1337 1 14.744200 3.062210 16.461200 
1478 1 22.608400 11.354100 13.882600 
556 2 22.557700 4.401500 20.528500 
1813 1 23.174200 8.017690 19.406300 
615 2 16.400300 11.188300 20.186200 
74 1 24.908900 5.419840 14.291800 
270 1 19.581700 7.989630 16.989900 
843 2 22.108500 3.060300 25.359600 
365 1 14.854800 3.856870 22.568100 
1348 2 19.630000 1.951460 24.308600 
363 2 17.046400 10.007500 14.857500 
1034 1 21.738700 4.592230 18.847000 
1670 1 18.512500 2.991500 23.176400 
431 2 26.264700 2.084690 20.582100 
620 2 21.779100 3.165400 23.919200 
1491 2 19.156500 6.709020 13.986700 
1507 2 23.064200 8.755450 24.669600 
1196 2 19.662400 3.523330 15.700200 
288 2 23.842800 4.179050 15.673500 
55 2 17.670600 9.907940 17.580200 
337 1 23.176200 1.149890 17.015600 
1230 1 23.967600 8.828540 24.930400 
1290 1 14.006700 8.840110 13.769200 
1798 1 17.572900 6.761520 16.257300 
138 1 26.427500 6.182190 16.679200 
1448 2 25.754300 1.415240 18.857100 
636 2 15.011100 7.774500 14.439400 
515 2 16.001400 2.460030 25.855400 
656 2 20.373900 12.043400 26.150600 
1937 1 14.504300 0.418806 26.064700 
797 1 25.541000 8.574350 26.121400 
426 1 17.073800 9.365990 26.108700 
1890 1 18.885000 8.055600 26.089300 
406 1 15.639100 21.294500 6.928920 
1693 1 24.065000 15.990200 7.408640 
457 1 25.634700 18.183700 9.053220 
735 2 22.688600 23.274400 10.655100 
1281 1 23.313400 26.118000 4.994930 
1385 1 15.140400 14.447100 6.254900 
155 2 23.225000 22.435900 2.507030 
1050 1 26.230900 17.839300 7.098220 
1699 2 19.378600 15.656500 7.627800 
676 2 25.234700 14.414500 0.275544 
215 2 14.716100 22.945600 6.582840 
1932 2 15.523500 25.126300 2.248380 
680 2 26.530000 24.867100 3.918390 
454 1 21.273600 22.731500 12.416200 
1311 2 24.197700 15.234300 1.351960 
824 2 26.335900 22.734200 12.184700 
959 2 13.728600 22.650300 3.683660 
1934 1 22.512700 13.586700 4.662820 
2 1 14.899300 16.382600 2.947980 
420 2 15.377700 22.557700 1.801130 
1257 1 14.530000 23.881100 6.608220 
1408 2 13.921800 15.531900 10.150900 
571 2 13.348900 15.687300 0.316616 
1657 1 18.025700 16.220500 0.164999 
1136 2 17.516100 13.629700 4.432200 
37 1 20.838900 15.779400 6.836950 
1621 1 25.607700 15.738900 0.601578 
1559 2 24.393500 19.437100 7.761730 
17 1 14.951400 23.843300 9.804060 
286 1 22.258700 15.792900 0.559732 
587 2 21.646900 16.760300 10.269500 
1828 2 24.944600 26.119200 3.339570 
594 1 24.962600 26.411800 11.412700 
44 2 19.371300 19.316700 1.800930 
913 1 24.563900 21.184400 7.350650 
564 2 24.998100 16.751600 7.622900 
1451 2 17.964300 23.324500 6.805730 
14 1 24.896100 15.507400 8.434180 
634 1 18.786200 19.216100 2.434890 
1724 2 20.131700 16.464500 1.235510 
1395 2 18.215200 13.292100 9.340780 
306 1 17.574600 16.834000 8.407420 
750 1 17.132200 13.322600 11.168100 
1509 1 17.228100 22.082600 8.505970 
252 2 19.575800 25.040100 12.332000 
1432 2 22.057100 17.629300 5.425790 
1055 2 26.094800 13.876100 2.194640 
1845 1 24.893200 20.569500 10.809700 
64 2 22.614800 25.138100 7.018560 
162 1 15.109900 26.141700 7.943990 
131 2 25.211000 16.555600 6.674840 
1040 2 17.584800 20.488700 3.262100 
360 2 17.334000 13.427700 10.503000 
78 1 23.775400 14.170800 5.382630 
997 1 18.629300 16.330000 5.966920 
769 1 24.905400 24.322700 4.157020 
1208 2 18.360300 22.928400 0.565509 
1113 1 16.377700 23.118600 10.812300 
464 2 20.169800 23.225900 11.199700 
774 1 21.763300 15.269800 10.662600 
657 1 26.375400 19.304500 5.008570 
380 2 18.045900 23.898200 5.846160 
915 2 22.537500 14.740800 11.532900 
1135 2 20.495300 16.779400 2.252930 
1723 2 15.833900 19.732000 9.056160 
1603 2 17.767300 14.590800 4.526650 
922 1 18.856500 17.172200 1.831490 
1668 2 19.985000 23.461600 2.837120 
219 2 15.998500 18.514000 2.900350 
207 2 15.958400 22.576900 3.335590 
1434 1 24.977700 13.566700 7.848300 
1785 1 18.960000 18.001400 6.974720 
1172 2 23.883600 15.501900 7.292180 
637 1 22.712000 24.826100 10.483800 
1377 1 23.470500 14.753900 3.462980 
1137 1 16.626500 23.216600 5.439360 
1678 1 19.285200 13.723200 5.191520 
522 1 23.871200 23.935900 6.438750 
536 2 23.776600 21.924500 9.811250 
1490 1 18.280800 21.172200 11.896600 
738 1 21.794900 22.232500 2.320330 
937 1 24.633700 23.203000 1.295450 
1476 2 24.800700 18.807900 3.213460 
1232 2 23.441700 16.969800 10.778300 
701 1 22.081300 22.536600 7.455040 
539 2 16.152800 25.605800 3.785060 
730 1 19.290100 15.899300 0.992488 
563 2 25.090900 15.415400 8.031900 
1552 2 22.576200 25.742700 12.773000 
1980 2 14.996700 14.420400 8.606560 
1891 2 24.328700 16.071800 0.984499 
1362 1 24.198500 21.482600 1.998150 
1235 2 14.240800 15.288300 0.423339 
1704 2 25.741700 21.367900 5.351630 
235 2 17.607600 25.161200 12.186600 
945 1 23.475900 14.893600 1.231560 
1708 2 18.834200 24.037000 3.454940 
1195 2 19.512100 23.295700 1.630180 
1532 2 18.101100 26.409200 -0.147873 
292 2 15.023200 23.117000 11.898300 
1531 2 24.200400 22.517100 5.974280 
276 2 23.599600 18.307500 2.000820 
341 1 21.813400 25.462300 6.696810 
962 1 13.737500 25.516200 13.513600 
239 2 16.779600 23.298000 10.423700 
1792 2 18.043800 19.208500 11.580000 
1921 1 18.770900 21.192500 4.914890 
1227 2 14.357700 24.325400 9.880080 
1669 1 18.789200 13.704700 7.247640 
1955 2 18.232400 19.396300 7.226740 
875 2 17.778500 15.852900 3.098040 
1110 1 14.043300 22.132600 1.770900 
688 2 14.254400 26.275400 5.866380 
950 1 22.440400 19.229000 8.331190 
1738 1 15.699700 19.492600 8.430190 
1836 2 25.429100 26.743000 10.966300 
1886 1 22.162600 15.884800 5.193470 
469 1 23.370200 23.511800 9.995680 
1712 2 16.391000 17.600300 5.612990 
1709 1 17.750100 24.603500 6.228140 
644 2 24.429400 19.874900 11.408600 
1939 2 22.724300 25.511300 6.347390 
1754 1 15.192800 16.679900 5.236990 
1123 2 19.702400 20.239000 10.406800 
1691 2 21.541900 17.352800 12.779100 
171 2 15.264100 15.021200 7.879420 
966 1 14.286300 14.747000 0.522387 
757 1 15.860800 20.046200 10.094800 
1461 1 21.437600 20.863800 11.636100 
805 1 19.831600 21.665000 8.864790 
579 2 21.837100 18.196100 4.375720 
1571 2 22.365100 13.163900 9.071290 
1981 1 21.923400 17.848700 11.869400 
772 2 16.435900 17.771000 11.917000 
846 1 19.417000 15.446100 11.718600 
1304 2 24.686700 16.337800 11.059000 
141 1 19.030700 22.868100 6.257270 
1246 1 26.232500 23.454600 5.751030 
1375 2 19.172200 22.136400 5.520380 
830 1 13.982700 25.925000 5.502760 
693 1 23.082000 18.206200 3.296380 
972 2 17.692300 13.320800 6.021880 
785 1 14.743500 20.197700 13.343100 
1231 2 21.578300 18.205500 1.621070 
728 2 16.520200 22.182000 12.219200 
1186 1 18.148900 14.206400 10.325200 
741 1 17.763600 13.298300 1.000910 
1097 1 20.349000 23.807400 1.104100 
1192 2 22.909000 22.838800 2.929080 
470 1 18.387700 25.807500 0.150290 
169 1 15.879200 18.900300 2.172540 
110 1 18.235700 25.142800 4.380380 
558 1 19.336100 19.542000 11.262100 
1653 1 23.911800 18.921800 -0.147746 
1049 1 24.487000 18.706400 3.325320 
1140 2 24.039800 20.347900 7.506710 
1090 1 26.336600 13.836700 12.908000 
829 1 19.386600 18.415100 10.424800 
124 2 18.080100 19.518000 11.931700 
1479 2 16.660100 14.671400 6.633970 
801 1 18.346900 23.291400 9.177150 
890 1 23.458800 23.806500 4.027000 
1094 1 16.401300 18.002500 5.965690 
1943 2 18.275100 20.612900 2.190970 
379 2 15.080900 17.352200 2.224720 
86 1 23.722800 17.089300 10.837600 
1129 1 14.533900 14.527900 11.831600 
1989 1 24.994400 20.932800 5.815000 
610 1 20.973100 24.514700 11.906100 
1030 1 13.283700 18.563200 4.480060 
331 2 22.791100 15.357900 5.910170 
792 2 18.786900 19.766300 7.502500 
1857 1 26.190800 15.501900 10.660400 
1684 2 21.016300 19.987700 10.806500 
1356 2 21.957000 20.573300 1.688170 
1118 1 25.535800 15.695800 7.484160 
299 2 22.063100 14.096000 2.237430 
1463 2 26.320200 21.506300 10.912900 
1364 2 15.108800 19.389300 2.485010 
1907 2 19.859000 17.606300 5.030100 
1592 2 22.103400 13.797300 4.048320 
154 1 24.041300 15.326700 12.257200 
1277 1 18.187800 22.752700 2.557140 
153 1 13.144600 16.474900 9.283830 
861 1 22.247400 20.441800 4.160800 
1510 1 16.314400 24.842700 2.659570 
770 1 23.852200 17.256800 6.197720 
524 2 21.180200 21.955900 5.677050 
197 1 15.820600 17.070600 11.084600 
540 2 23.172600 13.391300 12.117200 
439 2 23.027200 19.894700 5.624520 
1181 1 23.370900 19.664600 12.828800 
1952 2 22.945200 15.472200 1.313130 
696 2 15.199400 19.077300 8.733740 
891 2 24.154100 25.852500 11.336900 
1701 1 16.680000 14.198600 4.240010 
787 2 22.813300 23.923900 0.518733 
1915 2 26.024900 16.329800 1.496140 
1562 1 16.555500 17.746700 2.640270 
1022 1 20.884100 15.381700 2.571350 
1835 2 21.866100 23.071600 7.268370 
1026 1 20.436100 17.971900 4.721910 
635 2 20.000800 21.974700 8.722020 
661 1 22.353500 15.265300 8.349530 
935 2 13.266900 13.979800 12.206800 
1747 2 25.334900 14.412600 11.616700 
1095 2 16.453300 18.206500 11.378500 
1821 1 14.073000 17.705100 10.692000 
125 1 18.732600 20.828100 1.279640 
828 2 19.562700 14.976700 12.445400 
1894 1 20.335000 23.079700 9.403010 
1409 1 18.863400 22.732800 -0.107301 
555 2 15.130500 25.531300 7.016670 
349 1 20.390300 21.229600 6.492590 
1287 2 20.658500 25.916000 10.890700 
1168 2 14.436800 17.916600 0.523985 
220 2 17.251600 22.746000 6.951400 
1889 1 24.304700 22.922700 12.347200 
707 2 19.385500 24.611700 4.053430 
1307 2 24.353300 21.707900 12.782500 
1214 1 16.897500 19.806300 13.150300 
897 1 21.706300 19.966400 1.643300 
1082 1 16.405500 21.231700 1.944020 
1062 1 20.300300 23.131800 5.613830 
840 2 23.088200 14.649100 5.201740 
1696 2 13.354000 21.845300 5.131820 
1201 1 18.109200 18.728200 4.013140 
618 1 18.415200 23.611300 11.853000 
1266 1 16.057600 15.372600 7.114490 
1637 1 17.686700 15.198100 3.882590 
700 2 18.851600 13.189000 2.636360 
452 2 16.123700 16.226500 6.428160 
1218 1 20.995300 17.051700 1.635300 
1191 2 17.899100 14.008500 11.493200 
24 2 14.226600 20.504600 13.070400 
1084 2 22.173800 16.037700 8.345140 
1737 1 18.828100 23.565600 3.881900 
1590 1 25.613000 26.049900 3.431190 
659 2 20.409700 20.960700 12.980000 
917 1 16.011400 22.753800 11.970800 
1864 2 16.945000 17.223700 2.285510 
1772 2 25.753500 13.980700 2.581640 
1726 1 13.749500 22.141900 4.136120 
143 2 14.246600 15.242700 11.367400 
1654 1 13.928500 13.472500 3.462180 
1200 2 24.903000 21.580900 6.222610 
1447 2 16.930700 23.558400 11.433600 
1874 1 22.503200 24.023900 1.260680 
472 2 14.782100 15.343000 4.029850 
210 1 17.142200 26.534200 0.425942 
358 1 23.202200 13.742200 9.502840 
1498 1 23.880700 13.402900 12.228800 
1412 2 17.904300 26.487000 7.766850 
1205 1 20.917200 25.914700 3.111290 
698 1 23.287300 25.791500 12.954900 
711 2 14.866400 20.513000 12.665800 
557 1 20.419300 17.013600 13.121500 
752 2 13.708000 25.112000 13.168200 
99 2 16.330000 22.777000 0.322529 
1489 1 19.844000 17.137100 24.346300 
784 2 18.081400 16.185800 26.596000 
1597 1 21.392700 24.772300 14.312200 
1906 1 18.091800 26.015500 18.228000 
1860 2 15.829500 19.688200 25.994300 
1078 1 24.533900 15.683800 23.993800 
780 2 17.506300 24.988300 22.616300 
682 1 18.961600 14.609000 20.518800 
1106 1 21.341500 18.032600 18.243800 
1203 2 19.216700 13.495900 14.939900 
667 2 21.203900 16.468100 14.368300 
599 2 16.715800 18.471500 21.784100 
1858 1 25.120000 15.134300 18.069700 
152 2 13.788700 25.761500 22.319200 
716 2 18.877000 17.433500 22.306400 
788 2 24.471100 14.908400 19.833800 
1028 2 25.090200 17.393300 24.102800 
1619 2 16.444500 25.207400 21.088600 
1615 2 19.442100 18.270700 21.104500 
940 2 20.961500 17.245900 16.137200 
1676 2 13.758700 13.309900 14.175500 
1273 1 14.777300 19.686400 17.026800 
751 2 17.623000 24.585600 25.514500 
244 2 20.149400 23.870900 15.743700 
1504 2 16.555700 14.040400 21.191000 
8 2 20.605300 14.873000 21.334000 
176 2 13.597900 14.792400 22.306100 
562 1 16.852000 20.564300 17.354500 
697 1 21.175000 16.320400 25.230600 
28 2 21.096100 20.483600 22.106000 
960 2 20.958800 21.456700 13.746600 
507 2 16.272700 20.882400 17.405100 
1352 2 20.808500 24.206600 20.145000 
445 1 24.235700 24.712600 22.409900 
746 1 15.203200 25.356100 20.716700 
1397 1 13.446300 22.405400 13.087900 
1682 1 13.784100 22.107900 24.136700 
1524 2 23.468700 17.103300 17.208000 
649 1 19.025800 25.056500 13.689800 
1284 2 18.688800 21.016000 18.730800 
528 2 25.454200 19.653700 20.368800 
669 1 23.117400 21.385300 19.779700 
1960 2 22.045800 26.259800 15.676500 
1922 1 24.507400 17.472700 18.027900 
796 2 16.255700 19.510400 15.666700 
1423 2 22.409800 25.440600 20.470400 
1486 1 14.916800 21.490300 19.760600 
334 1 16.254000 21.762700 15.538200 
156 2 14.644900 20.795700 22.335000 
1887 2 17.409200 13.607300 23.318300 
1817 1 21.143000 20.838200 25.210100 
390 1 24.991800 24.331900 23.790400 
791 2 13.915700 23.136500 22.460000 
848 2 22.425100 16.022200 22.790200 
1011 2 22.046800 21.523100 24.414100 
1496 2 20.029800 22.764400 22.992200 
1455 2 18.009500 14.612500 19.103600 
986 1 18.268200 17.706100 17.849200 
1436 2 26.301000 26.348400 25.302700 
725 1 19.750800 23.381600 25.277400 
1911 2 25.136900 25.694900 18.825000 
1965 1 21.005700 20.018700 23.588500 
762 1 20.630300 21.602100 21.132300 
1748 2 23.423400 23.165200 15.841500 
160 2 15.296200 16.648400 21.671300 
1252 2 23.622600 20.120300 25.065600 
1365 1 16.095200 16.654700 15.949600 
888 2 17.741300 20.882200 20.260900 
1151 2 18.427900 15.705100 26.362300 
1749 1 14.628200 23.477800 21.105900 
285 1 25.823800 18.703400 20.498100 
526 1 25.035900 14.436400 21.369400 
1570 1 20.640400 26.070700 23.301700 
1440 2 16.160400 24.405600 15.420600 
318 1 16.745200 19.894200 22.468000 
316 2 15.700300 17.194400 24.783100 
411 2 23.389500 16.364800 21.187400 
1645 1 18.908000 15.436100 23.335800 
663 2 21.594700 16.034300 22.760400 
1321 1 22.630300 17.016100 25.534800 
570 1 26.073300 17.294100 22.068800 
275 2 23.787500 24.966100 14.991900 
1662 1 15.035600 16.050300 18.275100 
1474 1 22.762800 20.291800 26.097500 
1270 1 23.858600 17.973600 16.305300 
1125 1 26.000400 26.611100 19.080100 
1396 2 14.003000 26.051300 17.052800 
1262 1 17.626500 21.551000 19.256700 
1229 1 22.961000 21.310100 21.699200 
744 2 26.282400 14.062300 15.378000 
1349 1 13.846900 17.922300 20.175500 
1768 2 26.244100 16.693000 14.015100 
1416 2 22.060100 22.464700 20.541800 
710 1 20.235700 20.624700 17.330900 
348 2 21.664700 25.508000 24.627900 
1209 1 21.863100 25.594500 25.235500 
76 2 22.086300 21.919000 14.427000 
1081 1 17.282200 26.135400 20.313600 
597 1 21.954300 22.442300 14.855800 
931 2 22.877000 22.197100 16.500700 
1342 1 21.975000 14.773700 20.112500 
343 2 16.845400 21.993700 21.612300 
984 2 26.129800 19.925200 15.636000 
413 1 26.079300 21.389200 16.930200 
1850 1 24.829600 17.341600 24.692200 
1226 1 17.829200 22.849800 20.846400 
79 2 22.055400 26.572200 14.642900 
23 2 19.770400 21.124100 16.254400 
455 2 24.721600 25.990600 22.565600 
1804 2 13.450700 16.523100 18.835000 
1870 1 15.421100 16.502700 26.058900 
1148 2 18.543800 15.725100 14.731400 
1995 2 18.182300 14.832700 17.402900 
81 1 21.387800 16.929800 19.550900 
611 2 23.734300 22.140300 21.288000 
1963 2 19.182600 22.738100 25.662100 
196 2 25.849700 23.641600 22.593900 
1951 2 17.663800 17.559000 18.559900 
581 1 23.647100 22.529800 15.501200 
1852 2 20.203900 20.875300 15.640400 
709 1 19.301400 13.753300 15.952500 
1358 1 20.094700 18.810600 19.991800 
1711 2 13.374200 16.872500 19.670800 
1593 1 16.043200 22.030100 16.785100 
1105 1 20.533300 18.319300 23.285600 
240 2 21.358600 22.204600 25.619500 
1426 1 21.242600 24.120900 20.681400 
90 1 15.764100 26.520700 24.977400 
265 1 19.392300 22.218200 17.892300 
1775 2 14.639600 16.543800 19.340600 
513 1 14.303400 14.530700 21.902900 
307 2 14.624000 23.047600 14.591500 
6 1 17.719100 21.630200 24.826100 
95 2 15.235700 20.680900 25.480100 
376 2 14.235600 13.678500 25.560100 
10 1 17.070200 14.959500 19.335600 
584 2 23.044900 24.179300 20.933700 
673 1 21.160100 21.689800 19.357000 
170 1 22.511700 25.309800 21.191100 
1774 1 14.694600 26.548200 21.880600 
1315 2 17.635000 25.682600 20.589500 
776 2 21.005200 18.367200 19.441100 
261 1 17.810200 13.397000 22.032400 
777 1 18.498500 15.400300 13.253500 
702 1 24.673300 19.166500 23.483900 
560 2 18.479900 14.904800 16.358100 
109 1 18.207900 24.163500 21.599500 
1643 2 21.849700 26.116300 25.194700 
1415 2 26.057500 17.535600 21.405000 
1469 1 23.182900 23.267100 16.255300 
856 2 25.989500 22.882100 18.489800 
1979 2 23.063300 16.269900 17.961800 
1222 1 14.888800 24.737500 18.227000 
650 1 18.475600 15.982800 20.145400 
1827 2 23.156000 18.283500 17.327400 
1300 2 25.233000 14.041300 23.744100 
1265 1 15.321300 21.561000 13.736800 
1219 2 18.021300 22.364800 19.011400 
117 1 15.713500 22.330300 26.501000 
534 1 13.264400 23.769900 21.648800 
941 1 17.353200 17.729800 25.253300 
1933 1 15.553800 24.730300 24.293300 
652 2 20.598500 20.390300 23.991800 
1999 2 26.026000 25.311700 15.864500 
303 2 19.792800 13.251700 22.654300 
1688 2 14.361000 23.017000 21.514900 
1610 1 13.869300 16.302300 19.053200 
533 1 14.741800 23.184500 18.586400 
38 1 17.800900 19.077600 19.003000 
262 1 20.603400 15.838500 22.108600 
1085 1 18.763800 16.385200 15.764000 
309 1 22.221000 18.429500 21.174300 
438 1 19.095400 20.793900 14.883700 
1703 2 23.958600 17.490800 23.937300 
1064 2 19.361400 14.782000 23.258700 
1646 1 23.856200 23.794700 21.152000 
983 2 16.255600 17.412200 25.009300 
342 1 15.736500 21.597500 18.131500 
981 1 16.723900 18.102500 21.308800 
1241 1 22.114600 22.154600 24.856400 
367 2 23.974700 20.591500 20.408100 
876 2 21.379100 16.908400 24.798200 
713 1 19.733900 20.801400 23.363200 
970 1 22.422100 19.183200 18.358700 
874 1 22.046900 16.658800 16.321700 
212 2 16.349500 21.579000 25.136200 
1687 2 14.200000 20.353500 17.668400 
833 1 14.184900 18.336400 26.838700 
1299 2 26.209500 19.610700 15.157400 
1819 2 17.974100 17.024300 13.997500 
1450 1 15.700200 25.707100 14.048600 
1282 1 20.453900 26.404700 17.716800 
1260 2 26.790200 21.348600 15.864200 
854 1 15.584600 18.268100 24.577000 
1675 2 21.760100 19.347800 17.133500 
619 2 14.781100 22.914700 18.601600 
1759 2 22.363300 19.682100 26.615900 
1255 2 16.556600 19.157400 14.330600 
1035 2 18.099100 18.773700 25.463300 
1130 1 23.632800 25.314000 16.582000 
624 2 16.748500 24.384400 16.671500 
1009 1 17.956400 24.748100 24.360200 
973 1 24.652100 17.456200 22.775200 
1702 1 18.169300 17.662700 13.704700 
249 1 16.041000 13.595500 16.805600 
291 2 16.035700 13.819700 17.349100 
1779 2 20.541900 25.834100 22.397300 
19 2 20.740900 18.420700 20.301200 
1068 2 16.104100 21.931500 16.398900 
502 1 25.287200 22.472900 19.998400 
173 1 19.156900 24.089500 16.643000 
1948 2 14.075000 22.302100 18.452500 
1484 2 14.082600 26.159600 26.385400 
906 1 22.480300 22.045300 17.070200 
908 2 23.608200 14.684400 14.501000 
1477 1 26.362400 14.458500 15.437700 
1372 2 18.889300 15.041600 20.604300 
46 1 16.048600 24.590900 15.315100 
1446 1 20.121000 22.273400 14.517200 
903 2 21.690100 25.916600 19.161600 
695 2 15.647400 26.360400 23.072300 
532 2 16.291500 19.991800 17.293400 
93 1 16.035400 15.800400 22.422000 
233 1 16.541000 13.653800 23.422400 
692 2 22.678100 24.902000 25.673000 
808 2 22.616500 21.947000 17.998100 
574 1 15.515900 20.325900 25.546500 
1544 2 14.931700 21.290400 19.600600 
1295 2 20.857800 21.747400 20.018300 
47 2 17.695900 25.645700 25.190800 
1086 1 16.625100 20.872800 25.465100 
1938 1 24.906500 16.384500 15.169700 
862 1 20.731100 20.788100 15.364600 
1794 1 22.908200 16.689700 22.609300 
1023 2 19.613300 17.376300 24.220400 
881 1 24.178300 26.490700 25.562000 
1697 1 18.391400 14.746700 17.573100 
1623 2 19.112700 24.244200 16.774400 
1667 2 17.123000 25.951000 15.574200 
434 1 14.843000 19.818200 15.618200 
939 2 23.647800 17.022700 14.468000 
1903 2 22.551100 13.295600 24.857000 
1734 1 21.552500 26.499600 14.367200 
1178 1 25.928800 22.824000 18.536800 
1631 2 20.865100 24.404900 14.273800 
61 1 22.721300 16.079500 13.945100 
1221 1 20.263200 13.510100 22.564000 
71 2 24.699900 13.536000 20.269500 
537 1 19.093100 13.546100 23.588600 
1079 2 14.648000 26.098700 15.264700 
837 1 24.312600 17.434400 13.671900 
