id type x y z 
1495 2 8.738320 4.239870 5.724080 
1650 1 13.036300 6.191680 1.363140 
510 1 11.145100 2.002020 0.852238 
608 2 9.384120 9.162560 1.856360 
1073 1 9.039590 7.215640 13.001000 
455 2 8.788670 7.241660 6.318010 
469 1 4.092240 4.727580 4.783440 
1470 1 1.766080 8.174610 2.178000 
371 2 7.847810 0.834765 5.968210 
8 2 5.222220 9.664520 0.043550 
160 2 6.020280 6.515840 6.455170 
1742 1 9.977390 2.041410 1.980890 
1386 1 10.895400 7.548340 4.778230 
1579 2 6.244630 12.744200 2.218700 
233 1 12.188700 12.252900 3.838470 
783 2 9.953900 9.396380 9.660540 
1077 1 3.008610 10.219400 0.790522 
1092 2 3.153860 5.031990 10.355900 
1544 2 6.478800 3.006090 5.654400 
372 2 4.511490 4.665250 0.687487 
1146 1 4.420230 0.048219 6.692570 
536 2 3.829280 1.836770 9.655060 
1824 2 10.732400 0.723524 1.977140 
1948 2 11.148200 7.126470 6.845710 
398 1 0.951017 3.684190 10.167300 
1333 1 2.119030 0.345797 1.779800 
216 2 0.378064 0.832625 0.929620 
1905 1 9.772940 6.500300 4.698580 
884 2 6.311050 11.953900 11.693600 
1204 2 9.534330 8.376390 5.974440 
206 1 5.043590 8.158650 10.889000 
401 1 3.087730 7.059440 3.316820 
1747 2 12.863900 1.291660 2.998070 
772 2 1.254190 12.489300 8.433840 
1673 1 3.003960 9.182220 10.633700 
381 1 6.372010 4.923770 0.779730 
1504 2 9.081120 7.013650 11.716400 
242 1 0.510609 4.840920 8.135160 
119 2 11.210800 9.666360 1.108820 
905 1 2.044010 8.344990 8.286030 
688 2 9.755910 7.571530 3.824070 
1119 2 4.823050 0.815705 7.296760 
1024 2 10.145700 11.740400 11.686400 
1501 1 0.168973 11.255400 8.166030 
799 2 0.549235 9.229250 3.862470 
1397 1 6.476640 0.231387 7.067920 
1653 1 -0.001638 7.983200 0.331279 
1567 2 5.877100 8.015870 7.226590 
1863 2 2.020570 7.249260 4.110770 
171 2 6.235720 7.367850 4.095910 
1728 2 7.760780 3.661800 5.901330 
1709 1 7.319880 7.893710 3.996110 
1617 1 0.122493 2.051270 12.681800 
50 1 1.284210 1.145680 6.515070 
268 2 1.234090 8.817490 1.963760 
1575 2 9.583370 11.992700 4.484800 
1228 2 6.089130 2.466710 2.109020 
384 2 1.677960 9.029360 11.524500 
1227 2 9.213830 8.410600 10.602300 
1580 2 2.354190 4.437310 5.284560 
99 2 1.139810 5.914770 1.262410 
565 1 6.290800 11.403000 4.389230 
1628 2 10.518200 12.005400 3.641540 
1678 1 6.383750 9.019920 12.448700 
1609 1 10.608500 4.473360 3.864520 
1121 1 4.463310 10.663500 3.624720 
1148 2 3.613970 0.135909 0.581230 
126 1 5.939320 0.934571 11.471300 
690 1 10.919800 9.250700 12.496100 
668 2 8.088390 9.088940 9.601540 
1788 2 8.232870 1.694080 9.249760 
89 1 5.307920 6.366020 2.450740 
956 2 0.388881 10.995100 6.675840 
719 2 0.823040 11.377300 6.864020 
1589 1 9.521750 5.210150 4.679810 
550 1 4.857320 3.912380 6.386960 
1345 1 6.499710 3.635150 8.546300 
593 1 4.090060 2.892610 1.615460 
1019 2 7.276680 8.340040 4.317640 
409 1 7.733970 1.053480 0.298795 
1958 1 9.519800 10.182100 1.235410 
1211 2 6.786320 5.725490 0.223674 
557 1 8.969350 11.650400 11.468600 
438 1 1.320480 6.684930 11.994600 
1634 1 7.728480 4.253310 4.132720 
512 2 6.975430 4.071400 9.310050 
1749 1 6.794910 8.613320 8.016860 
304 2 7.622070 4.306210 2.034080 
1815 2 11.021100 7.110650 2.378680 
545 1 3.181520 2.700120 13.030500 
244 2 12.328200 5.158110 5.213510 
1027 2 2.367100 9.857530 9.465010 
103 2 7.535260 1.183870 10.239400 
930 1 11.569200 3.891990 5.482480 
563 2 5.546410 10.081100 0.511795 
1739 2 4.472560 7.187700 2.410210 
1303 2 1.893410 6.653630 9.955200 
1368 2 0.694637 9.573970 7.590120 
937 1 1.742930 8.864760 11.464200 
704 2 6.361480 6.762490 2.915520 
858 1 8.776230 3.298000 6.162700 
1820 2 9.845590 4.720620 6.546790 
1325 1 11.439700 7.540640 9.702320 
1194 1 10.643000 4.190830 11.566100 
1401 1 3.718180 8.901390 3.191040 
1486 1 12.249500 6.890340 7.995280 
1881 1 8.400820 7.284580 6.509740 
651 2 11.578000 9.468510 10.442400 
25 1 10.256100 0.386546 0.678474 
450 1 3.658440 5.148280 1.807870 
1414 1 6.024030 11.534700 6.109560 
26 1 9.990920 1.731880 10.775200 
731 2 1.544050 12.417000 4.415480 
1435 2 8.208220 12.633500 12.865000 
551 2 5.915010 3.900910 7.156770 
969 1 6.252700 10.078000 0.113142 
1989 1 3.605000 -0.181565 12.461100 
632 2 7.494660 10.450900 6.216840 
12 2 6.735540 12.542100 0.640358 
778 1 9.353010 8.247290 0.918434 
251 2 0.438021 10.937100 7.065920 
1856 2 4.344420 4.156640 7.677190 
1643 2 5.500020 2.472570 0.867399 
1200 2 0.645146 5.596370 4.077550 
1873 1 7.654140 1.226060 9.605270 
488 2 7.358000 0.528022 2.633250 
264 2 1.530010 5.578390 1.076230 
324 2 7.645260 5.157080 10.349400 
69 1 9.800780 8.857170 8.713810 
115 2 3.190550 9.348520 4.674440 
1172 2 3.428980 9.480460 3.634220 
950 1 1.202410 3.996930 4.525980 
1250 1 6.279370 5.767850 7.734360 
862 1 11.190200 11.020700 9.760880 
1138 1 1.771040 6.217800 5.979280 
1574 1 6.486690 2.359620 5.007690 
1998 1 4.568650 4.001090 8.146100 
1785 1 0.563526 10.030800 3.373020 
1374 1 12.556600 5.619030 5.048480 
1003 2 5.053420 2.023000 3.552600 
47 2 9.078940 8.846440 0.917532 
1790 1 13.187700 11.552700 7.278250 
1473 1 6.838020 7.907700 0.118015 
1516 2 10.930300 1.623610 6.551190 
1775 2 3.609300 5.009250 5.822950 
1707 2 4.054420 12.546400 10.147500 
1201 1 6.690120 1.143160 2.636770 
556 2 3.410860 9.354340 6.127480 
1940 2 3.659980 3.055050 12.261500 
1257 1 8.687850 9.042830 11.431800 
627 2 2.199420 2.780320 5.654740 
194 1 12.403000 12.770900 6.199690 
1117 1 11.475700 8.327600 6.398570 
1079 2 3.854110 10.443600 3.031240 
1385 1 10.121600 10.435700 3.167430 
299 2 10.885700 8.970860 4.906120 
1040 2 3.051260 11.249400 9.573460 
433 1 12.519000 8.278270 0.538732 
238 1 5.282210 6.761600 5.690280 
522 1 3.402020 9.607320 4.880810 
1659 2 1.793020 5.362030 10.649300 
1039 2 0.403631 11.725800 12.759400 
1503 2 6.406080 3.884770 8.263880 
1806 1 7.612400 3.913740 1.617990 
1355 2 8.372720 4.649410 11.612700 
1782 1 12.963700 2.668820 2.966640 
558 1 10.049000 13.144300 0.994317 
642 1 10.854800 2.445950 8.690540 
1145 1 3.151560 12.205400 8.966440 
1699 2 1.849390 0.390485 8.680810 
1955 2 0.426551 6.717040 12.188100 
1584 2 2.163130 4.412600 13.470400 
1562 1 8.309480 9.502860 3.734410 
112 2 10.364500 2.100330 1.244190 
136 2 11.664600 4.843440 13.305100 
1400 2 1.232740 5.793000 7.776630 
422 1 4.118620 12.132000 7.198880 
70 1 13.023000 13.156500 12.181400 
1713 1 12.254400 12.239100 1.089190 
1091 2 12.677700 3.459100 8.867850 
1642 1 8.186040 9.623180 9.458810 
541 1 0.016896 11.846500 0.725224 
389 1 0.964821 13.026700 4.097830 
374 1 7.207770 4.974760 11.473000 
196 2 6.318760 1.425720 6.112480 
201 1 0.690133 10.289700 9.270050 
1254 1 5.965970 8.059000 6.678030 
1754 1 2.590170 4.585650 6.092740 
759 2 12.975900 13.264000 12.609600 
1781 1 12.424100 0.595139 2.412640 
1297 1 3.599730 7.473040 10.637700 
399 2 10.681200 2.654210 9.777820 
618 1 5.778160 11.938100 1.382710 
1405 1 1.125310 1.015680 11.965900 
107 2 8.454900 -0.110607 5.554080 
1685 1 8.590300 0.551614 6.620410 
1799 2 11.096800 5.041490 4.541950 
1407 2 7.009250 11.733300 11.520400 
175 2 9.019320 2.137910 0.521422 
1986 1 11.226700 5.651440 11.275300 
527 2 11.515600 5.530420 11.942300 
356 2 9.989540 11.633800 8.070840 
543 2 10.887500 2.798640 12.493800 
447 2 10.908900 12.752400 7.176040 
1290 1 4.566500 10.113000 1.508160 
1757 1 0.822616 11.237800 4.685740 
1198 1 9.632890 11.566600 5.106210 
1014 1 7.597350 4.657410 10.404100 
130 1 1.196930 11.522300 7.134190 
1175 2 2.083940 10.325200 0.701605 
1621 1 7.224200 2.183260 7.487930 
134 1 2.920220 3.962140 9.978090 
552 2 5.867160 12.574200 1.621870 
1285 1 1.698460 10.650000 0.773765 
949 1 7.083550 4.128150 6.555080 
1416 2 11.074200 9.346690 1.790150 
285 1 3.100090 1.453860 6.111030 
1931 2 8.345890 4.645600 1.746290 
445 1 6.413470 6.141520 3.896290 
810 1 4.131470 12.827700 13.118600 
1733 1 6.668020 10.791900 10.418000 
1028 2 4.834880 12.993800 6.330320 
566 1 10.563700 0.186809 7.180110 
820 2 4.696760 10.756100 1.235640 
1536 2 3.717330 7.480670 10.702400 
1393 1 8.225430 4.484490 8.968140 
1035 2 7.833790 10.321400 8.548430 
193 1 8.174150 0.764330 13.049700 
777 1 1.308200 12.578800 8.590440 
1738 1 6.954160 13.208400 10.959000 
970 1 12.879200 4.270670 9.545540 
730 1 13.363300 10.248100 10.869300 
350 1 10.061200 11.937900 8.053700 
679 2 4.814340 8.642500 10.608000 
1341 1 3.591340 11.536400 11.265900 
1376 2 12.469100 10.128700 11.530900 
1260 2 4.861320 10.400600 13.080000 
1951 2 0.684718 10.766400 12.332700 
850 1 1.122630 10.328900 6.257020 
663 2 1.219210 0.278047 11.803100 
228 2 2.616150 0.203582 5.782090 
643 2 10.506900 13.039600 9.296820 
118 1 6.885930 12.937100 1.832330 
1777 1 5.246490 4.645010 0.213529 
346 1 6.132330 10.911600 26.405300 
864 2 5.745550 10.947300 15.951200 
327 2 2.936870 11.601100 16.979100 
823 2 0.910713 4.861490 20.696700 
1541 1 10.720300 5.038220 22.290000 
1116 2 12.905300 7.687610 25.475800 
945 1 12.132000 0.648670 21.730000 
421 1 2.471000 8.347070 20.870500 
240 2 3.853050 0.610769 14.523900 
474 1 8.639030 8.890220 17.295100 
1469 1 8.938650 2.411340 14.884200 
760 2 11.908000 9.525830 18.904100 
973 1 1.894380 12.231300 13.561900 
53 1 6.361350 1.912950 20.052900 
687 2 8.966290 4.675520 17.234200 
801 1 9.917630 5.006450 15.447200 
1665 1 12.723100 6.281880 26.115400 
947 2 0.460283 10.234000 17.470900 
498 1 6.992230 11.813900 24.114500 
1090 1 9.512640 5.629890 19.119900 
839 2 5.310770 8.500700 20.468500 
1529 1 1.348500 6.541490 23.063800 
463 2 0.408408 3.972210 17.124500 
895 2 1.401980 8.160620 20.059400 
439 2 8.681360 11.481600 18.135600 
1452 2 6.202930 3.105490 18.712600 
1682 1 10.290300 10.320800 23.789600 
1451 2 12.439900 5.751650 22.945500 
639 2 11.238300 13.061100 15.059600 
149 1 6.048160 5.372860 19.014800 
416 2 12.018200 6.029990 23.388400 
816 2 11.511800 7.411640 14.973300 
189 1 2.066920 3.252020 22.924000 
1022 1 3.057890 3.927600 16.253300 
912 2 2.353240 7.547510 20.718100 
1365 1 6.603740 2.429180 16.790600 
524 2 12.158700 6.330690 20.948100 
71 2 12.119800 0.368125 19.708000 
460 2 4.517260 5.690180 16.341000 
1540 2 0.310346 6.952690 20.075600 
942 1 7.899620 9.617080 18.611000 
1356 2 9.847860 3.846380 16.399200 
1793 1 5.640390 10.287500 16.189700 
924 2 10.446000 10.045300 21.197800 
1375 2 12.979200 9.909600 19.699500 
1882 1 2.992010 11.019600 19.803500 
426 1 10.216700 0.189092 22.221800 
883 2 5.921790 2.566030 17.725700 
313 1 4.413770 8.367860 13.417200 
1745 1 13.089300 12.050100 19.850400 
1938 1 10.932900 10.443700 14.368200 
1327 2 6.666240 1.108030 21.988700 
1611 2 4.773410 0.521073 14.476300 
962 1 9.674740 0.864538 19.600600 
1129 1 3.328560 12.875200 15.176200 
1795 2 4.626110 7.998640 18.295200 
1197 1 5.590320 9.214410 18.503500 
1800 2 3.505820 5.587330 23.749300 
1493 1 11.413900 4.085380 23.977500 
1896 2 11.832300 12.182500 19.288200 
1418 1 3.302820 3.294660 24.892800 
721 1 8.413710 1.076880 25.027100 
1080 2 8.411900 0.554193 13.937700 
1171 2 5.447710 1.761220 21.627500 
94 1 11.564700 7.274040 24.047400 
811 2 9.701240 2.467240 13.942100 
599 2 5.835690 5.582170 18.631900 
1131 2 2.537480 1.109300 15.832100 
591 2 9.322100 7.873160 23.717000 
454 1 2.876140 6.786280 24.081900 
1748 2 1.938700 4.003880 18.128100 
1779 2 10.485300 5.236640 22.605800 
1293 1 9.830570 3.042780 17.400900 
1410 1 2.064760 4.088910 26.349900 
1084 2 -0.079394 11.006000 16.032700 
1859 2 6.354540 11.910600 23.444400 
744 2 6.480210 6.944180 21.439000 
1838 1 6.985910 3.840920 23.877600 
121 1 0.241385 2.424770 17.838700 
1663 2 10.155600 5.245360 19.312800 
366 1 1.430090 9.340990 17.419400 
1387 2 9.456800 7.845480 15.502800 
1423 2 1.578060 12.612600 13.564400 
1203 2 9.732560 0.623938 15.694500 
1123 2 0.602754 6.980390 24.480400 
28 2 9.658770 8.738780 23.093400 
1717 1 10.245100 11.674400 17.231200 
1411 2 1.401950 1.876330 17.473100 
613 1 4.352300 5.152160 15.318100 
1380 2 11.806100 9.719090 15.134700 
1262 1 11.095400 8.511090 16.808900 
81 1 11.500600 9.197640 21.806600 
1618 1 8.679640 6.795800 23.300900 
1598 1 3.085800 5.031830 17.382400 
1923 2 8.604600 6.961200 22.684400 
1324 2 10.470000 4.728480 25.864800 
261 1 11.549000 6.206410 20.237800 
178 1 5.074710 8.009650 21.280400 
150 1 5.730300 1.284740 23.083200 
352 2 5.375210 9.400710 17.986800 
1545 1 8.607830 6.821990 17.882000 
1225 1 8.608690 5.441000 17.382000 
211 2 5.311060 11.769800 16.659000 
624 2 3.831920 10.496000 19.312500 
308 2 7.484130 6.730430 15.256500 
1523 2 3.664630 7.156100 24.732500 
1630 1 1.379710 3.615460 17.840700 
1727 2 8.353200 6.687030 15.423600 
923 2 2.130340 7.646060 14.547100 
1394 1 12.710400 7.587350 14.044300 
51 2 5.812430 9.085880 13.293000 
965 1 11.100300 7.760330 14.052900 
825 1 12.902800 12.575800 21.283800 
569 1 0.348249 5.476330 19.626100 
1928 2 11.150300 2.332730 21.459600 
882 1 4.164780 7.764490 18.990000 
1010 1 -0.052748 7.825380 20.496000 
333 1 6.204080 0.410883 18.900400 
1016 2 8.114750 1.473780 15.336200 
1792 2 3.685920 2.054770 25.042300 
1801 1 11.594400 10.116300 19.557600 
1767 2 1.442200 5.681800 20.376800 
881 1 2.177660 10.474500 22.956900 
999 2 6.247340 4.721610 23.168200 
703 2 5.521610 13.218800 19.052100 
406 1 6.716880 2.868900 25.303800 
1731 2 9.721180 0.933237 21.713200 
247 2 6.360380 10.128500 19.531900 
1755 2 3.799660 11.580500 19.130700 
1076 2 3.225910 12.730200 19.623100 
1769 1 3.782930 13.014000 19.292900 
936 2 8.674630 5.340030 22.596600 
1711 2 11.727600 2.998510 18.224500 
1718 1 2.336340 4.526780 20.343600 
100 2 9.239670 1.253700 25.396800 
890 1 13.398900 12.589600 18.620200 
1913 1 5.307150 12.820800 22.885200 
1942 1 6.692460 3.085560 18.482100 
500 2 3.349580 4.455940 22.038400 
1315 2 8.984760 1.852770 20.126500 
245 1 10.283100 10.551800 20.297600 
697 1 8.579370 12.117600 13.493300 
305 1 1.362330 7.397990 19.155600 
1187 2 12.509500 10.282500 16.379600 
123 2 8.169240 8.805630 17.767000 
886 1 4.435400 6.868310 17.368700 
298 1 1.089540 5.415720 13.543200 
1049 1 11.283200 4.082670 19.056600 
1603 2 12.322800 0.913307 24.350000 
737 1 8.267510 11.685600 18.412900 
1990 1 0.854331 11.129100 18.444400 
1004 2 9.736080 10.790100 25.042700 
1953 1 1.753800 1.289380 24.725900 
1164 2 6.671320 2.552910 18.574400 
1391 2 8.604780 12.509900 20.350300 
1265 1 11.231400 6.990280 18.406100 
1479 2 6.551390 10.936400 25.428900 
1632 2 7.684690 12.535900 19.675700 
357 1 7.235710 13.335200 20.021600 
1334 1 5.687270 11.577300 17.755200 
1127 2 1.772790 12.750700 25.610300 
267 2 9.102470 11.878600 14.145300 
720 2 11.907700 8.427790 13.357800 
526 1 1.538460 11.846400 20.841000 
835 2 5.157610 11.168500 24.531600 
1108 2 9.605640 5.916410 17.988300 
1879 2 12.936800 11.550800 22.150500 
1210 1 6.907390 5.418680 22.976500 
145 1 10.099800 0.565414 16.051700 
1071 2 1.026080 11.625400 20.559900 
1193 1 3.874280 4.750110 22.370800 
122 1 10.838500 2.542280 21.401400 
934 1 1.412520 6.580920 15.914900 
664 2 7.009110 3.607340 25.199400 
1812 2 5.928910 5.496220 23.289400 
1828 2 12.847800 2.724610 17.792600 
1527 2 3.396690 3.947570 24.253100 
542 1 5.868910 3.057130 20.925400 
1046 1 5.140270 0.520644 17.950400 
60 2 3.801950 2.076280 20.250000 
620 2 2.860380 13.037600 16.610800 
20 2 1.543450 3.049170 22.844100 
1191 2 8.092900 0.174385 26.102400 
1515 2 6.275210 10.169900 23.354400 
504 2 10.705400 9.813480 14.755300 
1917 1 9.531800 12.054300 15.029700 
1288 2 6.545850 11.541800 23.797100 
1534 1 8.018570 11.574800 19.730800 
263 2 10.657500 7.733650 14.529800 
148 2 10.144500 1.648660 19.927300 
1849 1 6.032580 13.182000 19.260900 
694 1 1.309570 0.277074 21.713300 
955 2 1.554920 0.615807 24.566400 
1968 2 10.111800 12.756500 16.501700 
202 1 10.119000 1.210790 24.401500 
1902 1 6.669440 9.464020 14.287900 
1937 1 7.129780 10.354500 23.077800 
901 1 8.933070 3.774310 19.862800 
217 1 8.121380 8.305790 21.641000 
83 2 8.782840 8.905410 19.748200 
641 1 7.198260 6.219180 14.389500 
1256 2 1.162400 13.430900 20.904000 
1746 1 8.501650 6.622330 21.277800 
861 1 4.615650 12.967200 26.468000 
1657 1 3.963120 0.984185 15.168600 
1335 2 6.151390 0.833877 18.763700 
826 1 12.941600 4.629820 21.866200 
256 2 2.267040 11.433100 22.340300 
1066 1 5.827440 7.809110 23.421200 
1236 2 2.611980 7.508110 17.195400 
1581 1 6.874210 0.357440 24.635100 
437 1 9.060490 12.536500 20.084400 
872 2 7.399050 11.613100 19.053300 
1140 2 6.493010 8.658640 13.436400 
283 2 3.406430 4.093800 16.156300 
1258 1 8.334650 4.692870 25.712700 
902 1 3.662870 1.223320 26.460400 
22 1 12.261600 7.591820 20.125300 
666 1 6.586640 6.597380 15.825500 
517 1 1.543460 2.409240 15.526500 
1 1 3.414840 11.173300 17.730300 
1149 1 6.358350 9.513260 19.779300 
770 1 2.791930 8.564970 15.735000 
963 2 12.652200 5.186580 20.916600 
373 1 9.884330 3.174490 13.624500 
1490 1 3.259330 2.200020 20.173200 
31 2 4.832190 4.697740 14.354400 
1318 1 11.589400 2.505100 18.331700 
1804 2 8.287830 7.207190 18.405400 
1702 1 12.935100 3.465020 14.232800 
1921 1 6.339050 13.498800 25.520800 
954 1 2.890880 12.496300 16.672100 
771 2 2.895090 1.878020 25.500900 
190 1 3.697700 4.436230 13.506200 
1916 2 1.360820 6.656930 15.413700 
968 2 0.289123 12.846100 25.013800 
466 1 8.063010 9.963530 25.798500 
1023 2 12.487200 6.453140 20.693900 
1710 1 7.621830 0.670514 22.126900 
1837 1 -0.188383 1.090630 15.239800 
1952 2 7.548280 1.202610 23.623200 
1136 2 11.033400 12.425300 21.596000 
1962 1 10.887000 0.418643 13.390400 
459 2 1.226900 2.484680 13.679600 
1097 1 5.713050 0.399199 15.132200 
868 2 5.675380 13.017200 24.959200 
1649 1 12.255500 5.215970 13.573300 
827 2 10.736400 12.736900 26.318700 
458 1 0.722338 0.501342 25.974000 
400 2 6.371690 1.067530 13.327200 
1048 2 12.358900 19.812000 7.582120 
1512 2 3.668810 23.436600 3.259010 
1858 1 7.674730 16.049400 3.959450 
214 1 0.297783 15.136300 10.948800 
1930 1 11.824100 15.101300 8.897240 
344 2 3.041610 23.373900 9.580470 
1932 2 0.240737 25.585300 6.333060 
1280 2 2.470930 13.207300 2.259490 
568 2 13.128700 21.111300 13.141200 
847 2 12.743400 23.496600 11.082600 
1489 1 5.162840 25.062900 5.085780 
330 1 2.029470 18.497000 11.325200 
428 2 11.549700 15.439200 12.224400 
1132 2 13.187100 26.149300 5.443560 
35 2 6.407630 17.416100 7.314700 
1667 2 3.853820 19.200600 12.184000 
1122 1 9.799970 24.484400 9.545770 
11 2 3.711350 22.790200 2.251590 
1245 1 1.475700 16.474300 6.066600 
14 1 0.161626 19.759600 8.065680 
713 1 3.789490 23.252400 2.449000 
1421 1 2.984720 19.406300 10.493900 
1890 1 1.402030 14.458400 11.558100 
610 1 8.069010 24.131100 0.026361 
1231 2 9.129800 20.939400 12.624400 
1537 1 6.763650 23.902700 8.345810 
1006 1 12.751200 21.312900 9.698000 
1331 2 9.364860 17.379700 8.792710 
1786 1 5.597010 13.780100 5.811280 
1144 2 5.845800 16.380100 3.476710 
1412 2 9.868430 18.111400 11.168300 
1212 2 9.240940 24.700100 0.435810 
995 2 1.549950 15.676500 7.115050 
38 1 11.689700 26.418200 10.804100 
131 2 7.308310 19.814200 7.724990 
1301 1 11.809500 22.994400 4.095760 
857 1 5.694620 19.459900 -0.063691 
1658 1 9.736730 13.533000 10.407500 
1443 2 5.831580 16.671800 10.510500 
1840 2 1.269450 21.382400 11.535100 
948 2 5.123710 26.586400 5.323040 
363 2 7.620630 21.064600 3.854410 
73 1 6.964110 19.544900 7.722770 
1176 2 12.085400 21.391600 3.780560 
1388 2 7.226780 24.938300 6.748330 
1192 2 4.274550 19.625600 12.732100 
561 1 2.558960 13.959700 2.452730 
1627 2 2.221950 13.811100 0.675518 
1018 1 7.888210 16.351800 0.570086 
574 1 4.274560 24.323000 10.746300 
1582 1 1.871300 20.110900 1.734340 
124 2 8.874070 24.841500 12.556400 
571 2 4.636800 14.449100 5.123780 
493 1 12.114500 16.344900 11.798900 
1789 1 4.703320 14.408400 4.852180 
1934 1 3.429560 17.411000 3.252500 
1359 2 8.833690 13.603500 8.643530 
1576 2 8.057230 18.666800 7.634420 
1530 1 0.770273 17.534700 11.136500 
1170 1 5.758390 21.234800 2.088960 
495 2 5.403320 25.177400 4.890950 
1340 2 13.413600 17.747600 2.362510 
707 2 12.399800 24.214800 3.600360 
1252 2 5.405090 21.971100 2.910540 
275 2 7.403100 13.670400 4.982780 
169 1 7.833160 23.704700 10.408200 
393 1 5.176700 19.347400 8.566430 
582 1 12.771700 23.642600 0.316109 
1751 2 11.034000 20.478900 0.797410 
1734 1 3.753760 19.734100 3.501490 
1183 2 10.126900 15.017400 1.385600 
405 1 1.831570 25.472900 3.385550 
870 1 12.427400 24.107200 8.325100 
1339 2 6.466280 19.612500 10.545400 
1063 2 4.753690 18.789600 1.344330 
1361 1 6.229860 23.928500 0.943363 
652 2 11.922300 24.012200 3.104360 
1602 1 11.608000 18.109400 3.888310 
186 1 3.690090 16.147500 4.674200 
987 2 5.682850 21.515600 8.034870 
1419 2 6.607460 20.985800 0.764143 
1895 2 12.886100 23.194000 6.926820 
805 1 4.765390 13.442500 7.752670 
1218 1 1.118460 21.416800 3.080220 
198 1 6.444820 15.441400 6.061200 
878 1 10.220300 20.418400 0.375260 
1005 1 11.651300 25.526400 4.071470 
349 1 12.996200 18.782500 1.844050 
726 1 9.309060 21.118500 12.891600 
1591 2 3.930730 17.139600 3.936850 
274 1 1.116690 21.527100 10.746500 
1492 2 2.573500 20.448800 1.348070 
635 2 0.263362 17.071200 10.451700 
1415 2 10.664500 15.493100 12.804500 
1533 1 0.205047 16.795200 12.984000 
1956 2 10.008900 22.095000 7.134300 
540 2 4.584420 18.822800 10.842300 
911 2 4.964880 23.425500 7.790800 
1242 1 0.759881 25.726500 9.928070 
1213 1 6.793050 20.835600 6.828470 
1481 1 4.630060 19.767200 12.197000 
24 2 8.339190 18.058100 3.943830 
226 1 8.322720 26.577100 3.234000 
781 1 13.026700 21.201700 2.782080 
638 1 7.218690 23.980700 4.006410 
797 1 4.039820 21.159700 7.492280 
1809 1 4.363500 16.856300 9.893520 
534 1 10.249600 14.572000 1.198000 
177 1 1.640440 15.446400 1.614560 
849 1 0.575397 16.497000 3.625970 
931 2 0.698507 22.796900 9.422260 
1759 2 3.882750 20.409100 7.580370 
3 2 4.370640 23.894000 12.793400 
658 1 2.320810 24.332400 5.063920 
1382 1 9.349280 18.686400 7.179170 
712 2 11.482100 21.707200 9.188730 
1319 2 6.996070 16.089300 0.627349 
1420 2 12.905200 14.651400 10.318100 
662 1 6.985290 26.479400 0.591222 
863 2 11.097400 19.869800 5.586730 
1275 2 2.860120 15.498200 7.787310 
1521 1 3.190820 26.195400 1.071680 
1732 2 0.527842 13.563500 11.300100 
867 2 6.786650 15.171500 1.266650 
220 2 12.479300 19.112100 3.014720 
1041 1 6.170210 17.981300 7.731690 
1286 1 6.126730 15.753100 1.325650 
284 2 4.168060 16.190800 9.394380 
323 2 11.414300 24.105900 10.838000 
1235 2 1.774160 19.719500 4.091670 
1959 2 11.847700 17.014600 10.094500 
1629 1 3.899620 14.977600 9.566190 
487 2 10.059500 19.995800 10.066200 
1155 2 6.265320 25.288300 0.887538 
1933 1 7.936710 21.469800 10.122600 
1979 2 3.889990 26.015900 2.368700 
976 2 3.538690 20.407800 7.125690 
95 2 1.491850 18.405900 11.152900 
1595 2 5.082240 14.328400 9.383590 
1304 2 0.297694 15.510400 6.829520 
1597 1 1.872310 23.693000 10.698700 
1036 2 10.552200 16.792900 6.450130 
137 1 5.204860 24.770900 7.142690 
1398 1 7.375170 15.278600 8.991550 
1974 1 9.570120 17.821800 9.888330 
906 1 3.166430 14.917100 12.483500 
338 1 7.656150 23.289700 6.041330 
1142 1 11.848900 25.212700 5.556820 
592 2 12.972200 13.586800 5.935690 
717 1 5.482460 21.281500 8.223480 
764 2 6.788160 21.413900 4.931910 
1560 2 9.750570 26.612300 8.910570 
1453 1 4.281080 23.242500 9.017640 
1997 1 10.915400 16.824900 6.579770 
718 1 2.782540 22.802000 6.704380 
655 2 1.199000 16.478600 4.421540 
255 2 10.738700 24.806800 6.423380 
1845 1 3.994360 18.410100 7.719430 
1946 1 11.094500 19.476300 10.136600 
1282 1 10.150300 21.258800 9.348000 
1029 1 9.287900 17.587900 5.110360 
260 2 6.359940 19.909800 1.400180 
821 1 10.693700 18.506200 12.527900 
1568 2 8.780290 20.577300 12.603500 
185 1 9.386900 20.600500 11.059800 
1730 1 12.874500 16.943700 6.108130 
1072 2 1.339380 15.115300 7.655690 
671 2 11.434100 22.304200 9.825570 
665 1 11.546100 23.198000 10.130500 
1450 1 2.786340 23.150000 1.882780 
1214 1 9.467360 21.287200 4.312560 
448 2 4.999420 13.958100 8.648950 
992 2 4.507790 18.086600 9.010970 
1253 1 1.131800 17.190600 9.681670 
1322 1 12.272600 24.220600 3.112970 
1106 1 5.122800 13.867900 10.978300 
1726 1 10.467700 15.589100 3.205210 
360 2 0.290169 19.695400 8.245150 
1641 1 7.249750 13.528400 5.019440 
383 2 4.862310 23.145400 11.567800 
1381 1 6.100530 18.842600 2.092160 
155 2 8.611590 24.941600 6.743300 
432 2 5.074100 24.179600 7.237940 
1448 2 5.794210 20.324200 8.154230 
65 1 12.907600 16.955600 8.688520 
768 2 8.196670 23.955900 3.961790 
1292 2 2.002400 16.035100 6.108350 
922 1 7.627700 24.943100 6.309610 
1485 1 12.054500 19.956700 8.104620 
1525 1 13.017600 24.499300 11.279000 
91 2 7.490020 22.498500 9.800010 
898 1 5.543940 22.471800 3.653800 
654 1 11.331900 20.826900 4.834260 
380 2 0.604197 17.552400 3.036430 
1152 2 12.763700 16.494100 8.562010 
396 2 10.307000 17.839500 12.107100 
345 1 4.666610 17.228100 11.948300 
1577 1 10.713700 24.394000 11.960800 
515 2 1.831910 24.154300 1.250650 
794 1 3.183190 19.507900 12.894600 
1264 2 7.735320 15.446700 8.344250 
516 2 6.042500 24.469600 11.666400 
1098 1 2.989830 15.605700 7.078030 
1813 1 0.971341 17.891300 4.372840 
1605 1 6.060150 26.183000 2.501600 
1067 2 4.770010 22.704700 13.105500 
1174 1 1.013410 20.325500 5.229220 
98 1 3.792300 22.875000 0.263919 
219 2 7.691510 25.199900 9.627750 
143 2 8.132680 16.913800 4.045960 
1877 1 10.724800 25.145900 0.226606 
1505 1 7.562480 24.599300 12.486200 
1720 2 13.382900 24.579100 8.684380 
537 1 11.261800 16.389500 0.165554 
340 2 8.575470 22.281600 9.733570 
501 1 9.535060 23.846000 7.811710 
1919 2 0.577564 24.162000 9.012470 
1336 2 7.545610 13.386200 2.318150 
1569 1 6.338330 17.059000 11.097700 
1459 2 10.180100 16.894100 5.922280 
1976 2 5.627820 19.650500 9.524930 
1543 2 2.592640 15.355500 11.115500 
589 1 10.566100 22.001600 1.185240 
1546 1 12.574100 21.083500 6.864120 
1220 2 6.433500 15.136100 6.098280 
1195 2 1.342320 26.259400 5.744790 
656 2 1.708750 22.531300 1.187090 
1166 1 6.839100 19.381500 10.274800 
167 2 13.347900 19.304500 3.896340 
838 1 8.505410 17.382700 3.348460 
1413 1 6.955940 20.744500 10.887700 
714 1 11.448200 15.865200 10.103100 
803 2 4.773920 20.776200 3.742210 
933 1 8.470870 16.486400 7.798200 
1606 1 9.768470 14.253600 8.052500 
996 2 10.859400 14.832200 5.981960 
1306 1 9.636440 13.997200 5.467660 
444 2 11.744100 26.048600 10.618600 
928 2 10.554400 13.565800 -0.049725 
1224 2 5.743120 13.555300 9.956780 
1347 2 3.916280 13.870000 13.015800 
48 2 2.017800 18.653000 12.923900 
1462 1 0.393814 21.675800 0.479964 
1827 2 11.805000 17.320200 12.913200 
213 1 8.913130 19.799300 16.738200 
774 1 2.686150 17.362700 26.570700 
1042 1 2.421100 21.789300 17.190900 
644 2 8.979230 24.327000 18.528800 
1791 2 12.985500 15.924600 25.531000 
204 2 6.557720 13.942800 14.737200 
1363 2 8.327640 25.088800 21.419100 
472 2 13.278900 23.658100 15.015900 
296 2 0.131602 14.809400 25.701900 
848 2 4.789790 24.744300 16.413700 
1865 1 8.252340 19.886700 26.139500 
602 1 12.215500 15.496200 17.987400 
280 2 2.820440 24.506200 19.991100 
952 2 5.294040 26.160200 25.205600 
1708 2 0.432118 19.603500 24.126800 
957 1 0.326110 22.908900 17.262200 
85 1 6.876930 17.636800 16.066600 
1433 1 11.737900 20.468700 13.838000 
959 2 11.943300 19.853200 19.770800 
1017 1 8.477540 23.432200 15.449100 
1735 2 8.346140 21.099200 26.260100 
1406 1 5.077900 14.268400 20.743000 
234 1 12.120700 21.029400 26.186000 
1284 2 6.669630 19.560200 24.772800 
1101 1 6.686480 20.987800 24.150800 
1316 2 0.231456 22.116100 21.521000 
1957 1 4.493280 20.227500 19.450600 
844 2 9.031890 16.222700 23.903200 
1185 1 10.479000 22.270400 14.387000 
1160 2 9.203720 15.073900 19.201500 
752 2 11.744000 21.728400 26.416100 
465 1 0.178487 15.593000 25.721800 
1461 1 1.236360 21.011800 21.561700 
1796 2 4.004890 19.561100 16.165000 
909 1 -0.081577 13.680000 24.321800 
1803 2 7.465090 22.023900 18.560600 
1697 1 5.990010 18.939500 14.224200 
1124 2 8.472850 22.929100 15.397200 
1337 1 12.564500 25.684000 16.640300 
1442 1 11.120100 14.025900 26.074600 
1851 2 3.982110 20.516600 20.390000 
335 2 1.671630 24.296400 14.132400 
1765 1 12.147600 20.883500 21.667100 
1352 2 11.802000 25.857300 13.282000 
423 2 6.408580 20.544400 16.941700 
1966 1 9.252830 19.436900 14.796300 
9 1 12.675100 17.021900 19.040500 
1089 1 6.799830 16.806100 20.806200 
986 1 3.029920 19.257400 24.439100 
843 2 6.601410 24.112000 14.334200 
1625 1 8.601450 14.718300 20.296300 
595 2 8.761760 15.895900 17.236000 
1903 2 1.617930 21.431800 21.999100 
1610 1 3.763710 21.697600 19.894400 
1030 1 5.589760 21.783200 21.785200 
1870 1 9.773100 21.873000 24.424900 
1499 2 8.414780 23.635800 15.720900 
573 1 11.128900 13.335800 14.887900 
588 2 8.737250 24.431300 24.267400 
436 2 1.854320 16.378200 16.981800 
853 1 4.996770 15.902100 22.518400 
943 2 11.599800 23.897000 15.609200 
1758 1 12.532700 25.869000 26.318300 
1722 1 8.079090 21.520000 18.685200 
1712 2 9.508730 20.237700 15.060000 
1403 2 1.310840 16.120500 16.523200 
1180 2 8.163780 26.054000 19.570000 
584 2 6.788910 24.813100 21.334200 
1513 1 11.061800 16.189000 22.012700 
254 1 7.629100 22.324600 24.792500 
468 2 4.754230 21.893200 23.764300 
334 1 2.603200 14.714400 22.644500 
628 2 2.799970 22.350000 18.076600 
431 2 9.327290 19.316400 22.666000 
191 2 9.051910 19.464300 17.073300 
871 2 3.385190 23.632600 18.875400 
1822 1 5.739400 21.321500 14.315200 
5 1 9.380950 13.322400 22.751000 
1064 2 5.566870 18.178700 18.343700 
1688 2 1.804090 25.745100 13.815400 
795 2 3.403630 15.475500 15.856100 
329 1 11.912800 23.355400 17.779300 
649 1 2.067890 14.808100 15.808000 
746 1 9.157770 20.651100 20.804900 
1157 1 7.001930 23.416800 20.543000 
1549 1 4.118400 24.629400 14.352900 
1484 2 12.559700 20.929000 21.928200 
940 2 12.201000 17.924800 19.471600 
1983 2 12.411400 22.924700 25.348300 
539 2 12.473800 13.635200 20.134700 
640 2 9.149510 21.497500 17.907600 
734 1 12.294200 20.314100 17.098100 
1565 1 0.228087 20.438400 15.896200 
1573 1 3.830320 26.004600 22.679400 
1424 2 3.159050 25.407400 26.335200 
49 1 12.129200 21.346800 25.198800 
762 1 3.882850 25.806200 16.953600 
598 1 3.965630 23.830200 20.148600 
490 1 0.010381 25.660900 19.963500 
443 2 11.700300 25.522300 16.906000 
529 1 9.376350 18.771800 22.834400 
980 2 2.798110 25.835900 22.038200 
634 1 9.310010 25.412500 20.824500 
1677 1 8.268860 19.372100 13.191700 
1240 2 7.141040 23.294500 26.602200 
1514 1 11.782800 24.851400 15.626500 
546 1 2.822550 25.017300 19.952900 
1644 2 5.080480 21.412100 22.747600 
1300 2 9.288710 15.314200 21.358000 
981 1 4.575680 19.055000 16.703500 
182 1 7.120970 22.166700 19.311500 
104 2 11.467400 20.475400 17.936000 
1476 2 0.674389 23.751900 17.484700 
723 2 6.010520 23.196800 20.009600 
279 2 10.138600 16.647200 22.560800 
616 2 2.296140 22.215300 21.943600 
1207 2 0.112884 23.864500 23.369800 
983 2 12.010200 23.796400 25.375000 
1133 1 3.919820 24.751000 17.094000 
689 1 3.597990 24.623300 24.826300 
845 1 2.635950 13.089000 24.231900 
1113 1 0.560495 26.075600 17.210000 
40 2 11.012000 24.231600 15.889700 
7 2 8.562920 21.701900 23.595400 
108 2 7.037010 18.731700 22.508700 
1922 1 3.435150 17.030100 25.014700 
1960 2 4.672550 18.402900 19.409900 
1168 2 12.283500 22.305100 19.547500 
1774 1 9.684750 16.342000 19.050900 
46 1 9.967000 16.646200 13.520700 
483 2 0.639486 16.660000 15.169600 
1377 1 12.455300 21.722200 18.269000 
1173 1 0.879217 24.357600 17.628800 
241 1 8.542410 25.385300 17.744900 
1988 2 4.976710 22.282600 26.182900 
1517 1 7.594750 24.207800 22.245800 
1741 1 11.656500 13.674800 20.945600 
1936 2 2.334290 16.963000 26.534900 
1096 2 0.475213 15.854300 15.210600 
1954 1 1.675870 19.163700 14.174500 
1939 2 7.043520 16.950700 21.128200 
637 1 0.981013 24.422600 14.710600 
62 1 10.269200 22.621100 20.067500 
856 2 12.852800 14.585100 15.409100 
1943 2 3.852130 16.094300 19.512600 
564 2 7.141940 20.024200 16.645700 
1311 2 10.501600 21.457300 15.395500 
1053 1 8.493940 16.772700 20.808100 
1369 1 12.235200 24.351500 19.635400 
1179 2 0.641628 19.602000 25.640300 
538 1 12.497700 15.633900 20.190500 
1914 1 2.774720 14.923400 18.911800 
1390 1 3.684430 18.345200 19.796200 
1458 1 2.065220 24.634900 13.497000 
953 1 6.591370 15.804900 16.293900 
899 2 0.102719 18.310000 20.236600 
1244 2 5.892770 13.482200 21.587700 
1001 1 1.335650 18.554200 25.272000 
457 1 1.059790 14.513800 17.284800 
1471 2 3.927960 13.798800 22.844900 
1924 2 12.205900 20.217200 16.776000 
1118 1 4.600300 22.207600 25.442200 
804 2 3.910990 21.362100 20.251100 
1706 1 2.996650 22.553200 22.139400 
975 2 11.854900 17.186700 17.761100 
865 1 0.285955 19.068700 22.289400 
271 2 6.590600 16.958200 15.355500 
1125 1 4.249230 25.803100 25.542200 
681 1 5.581300 26.111400 20.974500 
1057 1 6.817250 23.721200 23.448500 
302 1 6.741060 14.609500 13.201300 
617 1 3.537990 23.735200 18.410600 
1906 1 11.654600 18.516600 18.808100 
978 1 9.272490 16.193500 23.384000 
497 1 7.036010 13.388900 15.672100 
1112 2 10.752400 20.993000 24.239700 
1586 1 9.854660 16.710400 16.299200 
1139 2 10.243800 17.097500 18.683800 
1328 2 10.113200 16.259400 15.641300 
977 1 8.009370 16.295100 25.777900 
197 1 4.761250 16.920100 17.846900 
800 2 9.640530 16.312000 26.610400 
82 1 0.122543 13.636700 14.681900 
559 2 10.309200 15.989700 24.024900 
407 2 3.561370 25.917700 17.259500 
1422 1 8.025650 22.391500 15.471900 
711 2 4.712450 21.122100 20.198100 
553 1 6.698960 16.913900 13.991200 
1330 1 7.576600 17.077100 24.094700 
1623 2 5.540390 17.608500 18.556000 
1551 2 2.899980 17.374100 26.204800 
1532 2 7.419090 20.823500 20.605200 
404 2 3.057300 15.787100 22.790800 
142 1 6.631620 19.625000 18.566700 
1373 1 0.440420 17.559600 18.259800 
701 1 11.067500 25.685200 17.019600 
1060 2 1.468400 23.045200 13.547000 
1619 2 7.193060 17.206800 24.923200 
303 2 0.279378 21.054000 16.694900 
675 2 2.829790 21.614500 23.280000 
153 1 13.159600 17.127600 24.109200 
1086 1 12.749700 18.674600 16.195300 
508 2 12.103000 17.114600 18.884100 
66 1 1.613000 16.319000 15.859900 
1909 1 5.502050 17.657400 22.736000 
59 2 0.787710 19.599300 14.773200 
789 1 7.624120 20.224000 17.449500 
139 2 11.335300 23.110100 19.901800 
1847 2 3.598960 19.722400 15.995600 
110 1 4.105870 21.317900 17.658600 
1987 2 2.598350 25.438400 22.397500 
295 2 9.666410 20.498400 19.944500 
1776 2 0.868796 16.577200 19.561900 
1472 2 11.866600 25.835400 16.952500 
1307 2 6.876400 17.780900 13.960100 
172 2 0.235699 24.755200 18.001300 
994 1 1.562900 21.123900 24.155100 
814 1 9.549850 14.109700 17.417400 
306 1 0.560097 22.353100 21.253600 
631 2 3.658810 23.894900 15.307400 
577 1 1.228620 22.451800 22.865400 
102 1 7.913460 20.439500 22.930700 
1467 2 6.805930 25.384200 23.336400 
1349 1 10.811100 16.826300 17.999100 
1672 2 7.796520 16.332500 14.789200 
547 2 0.427767 16.598700 22.825100 
1234 1 8.801160 24.999200 13.828800 
1457 1 9.254800 18.537400 19.254800 
1510 1 11.752700 14.917700 15.166500 
528 2 9.931440 19.409700 22.634900 
351 2 8.699930 14.471300 19.323300 
84 2 9.233550 17.732800 17.460400 
990 1 3.192920 20.870500 20.399200 
1639 2 9.980100 18.170100 13.644400 
128 2 5.207400 23.853800 16.361300 
257 1 0.565026 15.648500 19.426300 
1915 2 7.351790 22.534800 24.180400 
1346 1 6.226810 24.180200 13.234900 
353 1 0.393588 24.968900 23.187100 
1519 2 3.915000 24.138700 24.813800 
210 1 1.620230 22.434600 13.860100 
606 1 13.005800 15.524100 25.766200 
1320 2 11.683100 24.688400 26.228800 
836 2 12.956700 13.803100 25.814800 
168 2 0.598311 24.865300 23.212300 
596 2 0.938381 14.104600 13.406800 
1081 1 11.146800 14.504700 13.509800 
68 2 17.608400 4.022070 11.030200 
1716 2 15.114800 10.525000 10.110700 
1430 1 16.930700 12.518800 10.891500 
1308 2 16.123700 11.051000 11.707700 
1535 2 15.005400 6.740630 4.355980 
1126 1 17.356300 8.971420 6.146360 
1772 2 15.553800 11.633100 1.878410 
1208 2 20.472200 2.955290 12.810200 
1965 1 20.964500 5.315560 9.406380 
1778 1 15.632000 0.588039 12.421500 
1740 2 13.200600 3.074210 10.056000 
677 1 22.546500 13.004000 2.160550 
379 2 23.747900 1.411750 5.039780 
1034 1 20.684300 7.919130 6.100160 
1338 1 17.438600 6.849680 2.108510 
265 1 20.653100 1.761560 0.742099 
570 1 18.455500 9.650260 -0.235787 
1587 2 24.506200 8.382780 12.356400 
824 2 21.695600 6.554950 12.077300 
418 1 14.458000 9.325240 5.006720 
507 2 15.462100 3.676750 6.299080 
467 2 16.812500 0.030299 6.384320 
10 1 21.790300 11.180100 7.673050 
56 2 15.058800 3.065050 12.119700 
745 1 17.618600 5.368080 8.403680 
486 1 22.081200 5.289780 0.956824 
1714 1 14.349200 10.247600 -0.093380 
1996 2 14.392500 7.050690 5.262280 
164 2 26.161100 3.212700 2.449600 
1216 2 25.305600 11.726800 1.868970 
120 2 17.779500 0.107582 2.700270 
549 1 24.501100 9.055670 9.815800 
1487 2 14.080400 9.821320 12.286200 
1652 2 16.159800 10.795700 3.446150 
1691 2 14.112300 2.316140 6.367860 
1944 2 19.423500 4.298840 1.041080 
988 2 19.577000 3.351630 8.641460 
1321 1 24.710000 12.480800 12.862700 
30 1 23.159800 4.416300 1.858000 
97 1 23.772500 8.150820 4.055280 
1753 1 18.319100 5.595330 3.878040 
1095 2 17.952200 0.681153 3.327160 
974 1 18.799300 6.136250 6.592660 
1332 2 14.184000 1.401110 2.445030 
1901 1 16.705600 12.094100 1.908390 
875 2 21.098000 5.941900 12.690700 
1243 2 25.740800 2.375620 8.197540 
998 1 24.392100 0.070253 6.563730 
1894 1 21.442000 4.957980 11.952000 
735 2 24.760200 2.093830 13.170000 
1646 1 16.359500 10.043300 3.845390 
1045 1 25.183300 1.937870 2.106830 
1594 1 22.068300 10.284500 11.154900 
993 1 22.277300 6.258930 3.932250 
1991 2 24.740400 4.448400 -0.072319 
1351 2 23.781400 9.363900 3.699060 
1100 2 22.307600 3.608370 4.277700 
485 1 17.344700 2.869010 11.936000 
482 1 18.329000 10.894700 12.374900 
841 1 25.415700 7.318970 12.004800 
846 1 17.340900 7.914610 3.241920 
1614 1 22.562800 6.413190 10.953200 
1585 1 23.388700 11.262900 10.691400 
140 2 15.864100 8.162510 13.033100 
1967 2 15.886700 11.288300 9.075060 
1093 1 19.890000 7.806060 4.059410 
382 1 13.816100 2.853330 11.951300 
818 1 13.783300 2.605080 6.052470 
749 1 19.545700 12.240900 7.454400 
390 1 25.747100 5.501010 9.426430 
1167 2 22.886500 12.245900 12.703100 
798 1 13.785100 5.628710 5.353120 
696 2 17.940500 5.348190 3.572370 
1384 2 13.660100 12.484300 6.856610 
1082 1 21.336700 8.342200 0.338807 
29 1 14.535400 1.429330 7.822500 
1829 1 14.561600 8.013040 6.929140 
615 2 25.144600 7.905450 8.826920 
1680 2 14.415200 12.257600 0.795710 
1229 1 25.269700 1.967280 11.394900 
1417 1 25.905000 3.362420 4.326200 
600 2 20.996700 8.485860 1.823930 
158 1 16.042100 8.465650 2.888990 
1498 1 24.100100 5.825830 7.461380 
1971 2 17.835000 6.777210 5.704910 
1013 1 17.222400 10.192800 7.146160 
1821 1 14.425100 11.162000 1.567650 
1141 1 15.317900 6.495110 5.630230 
1687 2 20.517300 5.172090 2.842610 
619 2 14.949700 6.477980 11.524400 
377 1 18.835800 5.495370 10.424100 
473 1 13.462900 0.677356 6.629440 
1698 1 23.056000 8.319850 8.215690 
227 2 17.955500 11.327100 0.765497 
885 1 14.465500 10.771900 12.932300 
676 2 25.199600 6.935880 3.111990 
893 1 21.427800 0.502697 8.658230 
1277 1 26.384400 7.267680 5.000100 
1181 1 17.855300 0.794658 5.516790 
419 2 13.794100 7.775510 7.889760 
1654 1 17.283300 0.212182 7.331380 
966 1 25.238600 5.198740 5.620160 
997 1 19.872400 3.419090 11.004000 
728 2 21.477600 3.145810 2.661580 
315 2 19.259300 5.415540 7.687270 
1927 2 22.697700 10.426800 10.027700 
761 1 22.794900 9.516570 3.689100 
414 1 20.257300 4.637650 7.620670 
935 2 23.152200 5.934110 5.256010 
964 2 14.694200 4.148580 9.187910 
141 1 20.536300 10.903900 13.150400 
394 1 15.135400 2.482750 12.793500 
829 1 20.679500 10.059500 3.735000 
765 1 19.469700 11.518800 10.224400 
1360 2 13.322300 8.740590 11.356100 
1107 2 24.391400 5.012290 3.394540 
913 1 22.817100 1.011540 7.545130 
79 2 13.061200 5.550520 0.509785 
499 2 17.923200 3.479460 12.911200 
151 2 16.666000 3.100920 11.459500 
184 2 19.583600 6.912190 7.061790 
1640 2 25.353200 1.670710 10.996700 
612 2 22.029700 1.092440 11.035700 
611 2 21.080800 13.021200 5.215730 
1165 1 21.364100 13.118500 4.505100 
237 1 19.455200 1.954900 5.387070 
1383 2 23.371000 2.289070 10.242500 
769 1 25.093400 1.662600 7.125730 
1683 2 25.272600 5.309680 9.181150 
4 2 20.778000 11.439600 11.739800 
1802 1 25.067300 6.025980 2.263380 
1379 2 16.343400 9.067990 3.602660 
788 2 22.339100 5.211230 3.583960 
1134 1 16.507000 3.249900 5.827590 
753 1 15.614700 10.239000 9.156190 
1559 2 21.708600 7.232080 4.269020 
1892 2 24.072500 0.303881 8.135720 
1620 2 18.572300 0.280798 10.211700 
597 1 14.385900 12.863100 8.690630 
1994 1 13.453800 8.125780 8.561780 
932 2 23.015600 8.716270 4.216020 
146 1 17.886800 5.214710 1.434460 
1271 2 20.366100 4.719210 9.480590 
1900 2 20.807100 1.928320 0.390173 
1761 1 22.788600 5.232350 5.072150 
646 1 18.768800 11.685000 3.937330 
1441 1 15.139600 8.203430 12.659600 
365 1 20.478800 10.325600 0.211229 
361 1 23.633500 0.078347 1.219590 
1088 2 24.569000 6.924200 6.693920 
269 1 24.325900 9.372560 3.420940 
386 1 19.837200 4.113630 4.315700 
106 1 18.866800 7.951940 5.374730 
1062 1 21.564100 7.470200 3.310510 
757 1 16.010500 6.967640 0.927705 
332 2 23.528400 2.936500 12.974400 
1281 1 23.764000 3.941150 9.352770 
1059 2 23.473500 9.355320 1.829650 
609 1 22.709400 11.703100 5.260220 
1977 1 14.401000 1.070760 10.737300 
114 1 23.594400 1.874570 4.460810 
218 1 24.175500 7.522930 8.022230 
362 1 13.865400 6.338780 11.702000 
1371 2 20.247900 3.662150 6.978840 
1232 2 22.619000 0.380217 4.075600 
1000 2 16.887500 10.739300 7.455890 
1570 1 15.045100 9.100550 10.760100 
519 2 22.295300 2.140890 1.185500 
1103 2 16.484100 3.229860 3.478210 
1313 1 16.332000 4.088970 12.087400 
1043 2 17.610600 6.551640 2.716470 
961 1 25.411000 9.290700 6.248410 
451 2 23.152800 1.315780 6.484040 
449 1 24.902300 8.184060 1.404050 
183 2 19.107500 2.176900 5.832190 
492 2 24.372900 1.022900 3.828710 
1408 2 16.586600 9.126160 10.524400 
209 1 26.564300 11.966600 2.602620 
1805 1 25.724200 8.536040 8.472660 
224 2 18.543600 12.649800 12.287000 
683 2 19.187100 11.094700 12.411000 
78 1 22.087100 2.255280 1.246440 
743 2 21.039700 11.492200 4.321750 
1509 1 19.602200 6.854090 8.400840 
199 2 17.286800 9.701750 2.402600 
181 1 16.075500 7.031960 9.092720 
464 2 21.854300 12.306400 4.913720 
984 2 22.837300 11.270300 10.818000 
1246 1 18.505000 7.473740 10.580100 
1860 2 18.857900 0.368217 11.901700 
1668 2 13.254900 5.000150 6.020610 
1949 1 16.712300 9.985830 12.931200 
792 2 25.521500 10.158200 9.757260 
1701 1 24.314500 12.590800 6.545140 
1842 1 17.450600 3.231850 8.166320 
1993 1 14.540900 4.195520 7.457460 
1372 2 23.530100 3.071390 5.866500 
300 2 20.766700 0.801534 3.114050 
967 2 26.662300 2.026030 3.483610 
1104 2 13.977800 2.499510 5.034140 
907 2 19.244400 7.021080 11.591100 
590 1 21.369400 3.778650 4.794870 
680 2 24.782000 7.377240 11.814100 
809 1 25.127600 4.628340 3.189500 
1985 1 15.896600 2.982650 4.751680 
1670 1 22.783200 0.683190 4.611970 
1215 2 21.752300 2.983130 3.523190 
343 2 17.590500 5.665860 8.617550 
1893 1 16.698500 2.084400 2.833440 
1056 2 23.213700 4.312000 9.208820 
1456 2 16.555700 7.114900 8.493220 
1874 1 22.886000 2.110810 5.589960 
1651 2 15.260900 1.037350 8.901670 
603 2 17.492300 10.014600 6.759920 
76 2 15.974700 10.351700 5.953420 
1278 1 22.742500 2.963640 13.363100 
1885 1 21.819200 2.382370 7.742820 
1661 1 25.095500 2.107080 13.418800 
1070 1 23.079600 12.626300 11.645200 
971 2 26.017300 11.179700 1.916720 
1395 2 17.794000 12.023400 11.928800 
1012 2 24.771500 7.548740 8.012560 
1402 1 13.883300 0.485306 2.788290 
159 2 18.980000 0.917537 2.916660 
1872 2 19.025600 4.899720 7.018670 
1635 2 26.157400 8.233320 6.783630 
876 2 23.667800 0.442376 0.984263 
1676 2 13.315700 8.494940 8.308970 
725 1 26.344300 7.992580 7.123470 
1151 2 19.249900 7.748480 4.439000 
1431 2 20.814600 11.224000 8.622330 
1723 2 21.399000 3.126750 7.060230 
1367 2 17.016300 10.596400 9.009360 
636 2 20.908300 12.067100 7.828360 
1555 2 24.632900 10.798300 6.039170 
1862 1 24.542200 8.084540 12.545500 
525 1 19.609500 8.274390 12.091600 
319 2 13.875100 11.841400 1.839420 
156 2 16.733600 7.956170 3.446660 
1593 1 13.452200 9.083820 11.790700 
1518 1 20.472500 3.829530 2.317560 
706 1 24.265100 0.046152 10.911700 
859 2 23.172300 8.114450 7.555160 
1007 2 22.437100 9.769690 1.457060 
1058 1 25.181800 11.814500 1.595410 
1857 1 16.119600 0.930827 0.809342 
910 1 25.484100 10.577100 11.394100 
840 2 18.661700 9.969370 4.308890 
1853 1 17.020600 0.336434 9.522290 
1143 2 23.094600 10.191900 11.284000 
208 2 17.630700 0.862096 0.947238 
1255 2 19.345700 8.745660 10.588500 
1274 1 19.808100 0.364894 4.358620 
1182 1 18.303600 1.145920 10.249800 
1083 2 13.700900 11.392700 6.880440 
1500 2 14.979600 0.726461 11.207700 
1159 2 15.446500 0.562495 11.782900 
1852 2 16.645300 0.335450 7.279180 
288 2 21.828700 0.442473 7.884430 
462 1 14.128400 12.923000 4.154330 
1055 2 22.492700 12.798900 3.441930 
277 1 17.941300 0.966120 12.925600 
480 2 15.950600 7.340540 0.802142 
248 2 26.360100 6.459750 4.955820 
1980 2 13.897900 4.711930 13.002000 
310 1 15.117800 5.414000 0.165196 
715 2 22.269400 10.408700 15.624200 
1817 1 16.484500 7.406620 22.365600 
1762 1 14.309100 12.648600 15.450900 
187 2 20.499500 5.347440 19.659800 
972 2 15.435100 4.121110 22.386500 
1178 1 22.308600 4.811560 14.900400 
230 1 25.779300 9.763160 16.714400 
889 1 13.359000 9.994630 24.734600 
629 1 26.317200 11.702400 16.322700 
1826 1 16.721700 2.085780 17.078600 
1465 1 24.352900 5.372260 18.692400 
166 1 13.746000 7.721560 18.779800 
766 1 22.150400 0.022917 23.300100 
223 2 13.959100 4.990490 17.243800 
763 2 18.956100 11.751600 17.540200 
918 1 18.382300 3.304080 18.637700 
580 2 17.505300 6.755210 22.747500 
75 2 17.741100 9.156420 18.947600 
317 1 14.294100 1.375240 14.373900 
1199 2 13.609800 8.630290 23.856000 
1724 2 26.044300 1.177810 23.700700 
1364 2 17.444700 1.354930 20.111600 
1752 2 26.532600 10.470300 22.074300 
368 2 14.714900 7.113690 19.621900 
259 2 17.448500 4.120440 20.458600 
412 2 21.495300 8.042990 21.526600 
1261 1 23.401400 8.198230 18.392700 
531 2 16.138800 6.930280 20.851600 
1239 2 18.439300 2.629640 18.136300 
1344 2 15.820100 2.515990 17.846000 
266 1 20.779800 11.133900 21.788100 
633 1 22.778200 0.946444 13.765000 
1719 2 20.709200 9.000740 26.539400 
1645 1 15.564700 11.409600 16.932400 
1679 2 25.725600 1.175780 18.877600 
272 2 20.735200 1.187700 21.668400 
387 2 21.541600 4.659970 16.258800 
1887 2 21.189300 11.052000 14.040800 
1743 2 21.740600 12.281600 22.795800 
1378 1 17.929400 8.130170 21.526700 
1878 1 24.744100 0.484351 24.352900 
869 1 23.412500 2.052300 17.500700 
812 2 26.407300 1.679600 16.905200 
200 2 26.279700 11.014200 25.691800 
607 2 15.686100 8.853470 25.279600 
478 1 19.597000 11.975000 16.521900 
232 2 23.166600 0.627437 20.152700 
756 2 16.206400 13.263700 16.091300 
358 1 17.044400 2.407920 20.755100 
21 1 26.558400 5.153340 22.482100 
832 2 25.010400 6.885560 22.040000 
1223 2 23.625800 7.942670 26.467000 
27 2 24.218600 12.229400 20.052300 
1460 2 21.613700 3.783160 23.100000 
780 2 18.636600 9.292080 13.906600 
77 1 20.987400 13.050000 22.602400 
614 1 21.336300 2.847830 20.981100 
273 1 15.252700 5.096050 22.910800 
1669 1 21.225600 10.866500 19.182600 
1550 1 26.207100 9.698380 13.678600 
1729 1 15.597800 12.778000 26.464900 
1483 2 23.146900 1.257840 16.450700 
1918 1 21.573100 8.168610 15.938300 
834 1 23.320700 0.500496 17.328600 
1438 1 16.722200 11.679000 22.618000 
709 1 22.159000 4.176720 19.647500 
982 1 26.032500 11.484000 24.390500 
1163 2 14.101500 7.242870 18.336800 
1884 2 16.306200 10.474300 17.335200 
710 1 17.334600 4.368820 14.275700 
316 2 23.573000 1.407000 24.638000 
819 2 17.649400 13.011100 16.516700 
1350 1 22.701400 10.416700 16.576200 
1205 1 14.712500 8.288660 15.741000 
1592 2 22.251300 9.060180 16.421200 
989 1 23.610400 2.536770 22.721700 
484 2 22.731000 11.547500 23.755000 
1964 2 18.040900 10.478200 20.547500 
1992 2 20.433200 11.947100 26.251500 
6 1 23.320700 9.270920 18.744800 
1814 1 15.993300 5.964850 17.537400 
127 2 14.726400 3.964820 21.853400 
1219 2 26.101400 10.028800 24.106400 
1839 2 25.648800 1.937480 23.424300 
1051 2 19.461300 3.163520 25.078600 
535 2 17.314400 6.656430 23.283400 
424 2 13.962100 0.622986 23.370000 
1690 1 22.876500 1.876040 16.591700 
767 2 18.012400 7.363970 20.532900 
1015 2 22.023500 2.601450 20.690700 
67 2 26.383800 5.262370 22.358300 
281 1 15.526100 3.885570 21.436200 
1947 2 21.114300 10.558800 20.397800 
375 2 20.281600 0.209310 23.010700 
1832 2 13.905900 10.182100 25.122700 
1031 2 17.470300 8.050880 15.393700 
894 1 17.083000 6.750490 15.447800 
754 1 13.416100 6.410240 19.681100 
733 1 17.202100 4.206830 26.065200 
221 1 25.073300 2.920880 15.629900 
1120 2 24.483800 8.419560 22.935100 
1021 1 14.705400 3.576230 22.613100 
1945 1 20.722800 8.487830 23.007300 
1506 1 18.548300 4.049770 22.936600 
919 2 13.331000 11.033700 19.222200 
17 1 22.906100 0.603497 20.361600 
1296 2 15.384700 4.951870 26.308000 
1888 2 19.230500 7.858240 20.520900 
1539 2 15.071000 2.144500 25.922700 
1362 1 26.427500 10.298200 20.569100 
900 2 17.886300 12.406300 18.900200 
1978 1 18.308800 10.883400 21.446900 
672 2 19.180800 10.501300 16.731900 
1607 2 15.436700 6.810440 15.301300 
630 1 21.475400 9.632280 24.174400 
1323 2 13.924400 3.420830 14.502900 
1638 1 25.752200 8.971910 23.535500 
1287 2 18.628700 2.910050 23.698400 
203 2 22.234900 0.714345 18.360900 
1675 2 19.470900 7.253160 14.600600 
1692 2 18.074700 1.989160 23.517400 
18 1 24.169200 5.627090 15.899200 
1263 2 18.538700 1.915930 25.371100 
250 1 23.906700 11.846600 17.890200 
691 2 23.676700 8.124530 19.279600 
1087 2 18.535100 0.030339 20.047300 
13 1 22.890400 12.159200 21.096000 
1478 1 22.023300 1.154230 18.625500 
722 1 22.071400 7.005260 20.766300 
1259 2 14.966500 8.832120 15.871000 
479 2 20.917300 1.680840 13.257000 
1744 2 25.138300 4.431610 25.435600 
1572 2 16.850500 5.852590 19.381500 
1105 1 18.735100 6.205970 23.095500 
1556 2 16.018400 5.871080 15.562000 
1984 2 24.899500 6.968460 19.536500 
231 2 21.573400 1.977160 15.288700 
489 1 24.931800 2.821700 20.273900 
236 2 21.680600 6.090730 26.276600 
133 1 17.583900 11.583600 14.633800 
1437 1 15.785100 10.554600 19.591500 
292 2 24.306000 8.766090 26.389600 
1248 2 22.219400 5.329840 23.338200 
1477 1 19.422300 4.721000 20.137100 
34 1 24.458100 11.088800 24.101200 
1694 1 22.327100 11.816200 23.453200 
925 1 14.822700 0.482834 23.196600 
1221 1 14.844100 8.697590 20.835200 
1770 1 25.657300 6.506240 24.638600 
1463 2 18.149600 12.036100 21.158500 
747 2 26.330600 5.200370 14.678700 
1283 2 16.302900 4.111950 18.127800 
370 1 25.796200 2.515000 24.987100 
147 2 22.888100 9.506740 17.937700 
205 1 25.841500 5.948260 21.541700 
1226 1 17.054400 6.394150 22.536600 
354 1 16.817400 10.477800 26.144500 
645 1 16.075700 4.807370 18.578600 
1780 2 14.870100 7.652010 19.352700 
705 1 20.072600 5.671760 17.741100 
1861 1 19.800000 9.675470 15.955200 
1624 2 25.990700 4.931900 14.382900 
359 2 16.494700 0.833234 14.995400 
36 2 17.637100 8.908680 25.311800 
1970 1 14.760000 12.139500 24.508900 
830 1 13.290200 6.453310 16.996500 
1447 2 22.609600 1.949590 20.898600 
700 2 17.503100 4.119460 14.714800 
452 2 14.396500 9.741300 19.730400 
1904 2 13.302800 2.692830 24.579600 
1002 1 15.367900 2.230150 18.302200 
441 1 14.479800 4.322970 16.174600 
888 2 18.171400 7.040610 16.013400 
1787 2 25.889400 0.222337 14.602000 
1044 2 24.317800 7.313870 19.323700 
37 1 24.098200 8.694870 25.766500 
575 2 23.194200 0.459385 23.279400 
1370 1 24.782300 12.253300 21.549900 
842 1 19.224600 1.018600 20.558900 
1109 1 19.874900 0.507635 14.304400 
854 1 15.910500 10.780900 23.714300 
1455 2 20.384800 8.807190 22.917400 
1844 2 13.607500 13.151100 14.200800 
1396 2 23.629500 5.412320 16.986200 
101 1 18.685700 10.603300 16.747600 
1429 1 22.537500 10.797000 14.860700 
1454 1 25.615600 5.479180 13.966900 
1110 1 16.592100 8.391490 24.575800 
802 1 13.786700 7.410880 25.446700 
708 2 23.169300 10.872300 14.342900 
1941 1 16.536300 5.774930 19.935600 
1480 2 22.836500 3.887260 15.721700 
43 2 21.370600 8.472350 15.150200 
1511 2 25.492200 11.124700 18.227400 
456 2 14.262300 0.521785 15.393500 
1700 2 25.289800 4.364270 23.536500 
1834 1 22.034300 10.827900 13.738200 
1354 1 16.956800 3.022980 24.638700 
138 1 17.592900 6.606030 25.390900 
716 2 16.491800 11.206400 25.344000 
1130 1 20.585400 4.066810 22.932500 
1684 2 16.302600 11.008800 22.560200 
1797 1 21.221900 3.676600 17.137100 
1169 1 18.816500 2.398730 25.570700 
1186 1 17.990300 10.684500 19.340100 
1766 1 21.838700 8.232780 20.338100 
523 2 16.705500 11.053000 22.856800 
1436 2 21.285900 12.510900 15.453100 
1869 1 23.808500 8.387310 21.672600 
322 1 17.344600 5.293240 13.272900 
1662 1 18.190900 5.636120 17.899600 
215 2 16.813400 7.185970 26.176300 
1626 1 17.850600 9.052990 19.293100 
129 1 26.048900 1.702980 22.760900 
1636 2 25.837100 11.330100 18.466100 
1428 2 22.511800 11.144800 20.465200 
74 1 19.101900 7.813120 20.409400 
410 1 19.522500 6.051310 14.014000 
1897 1 17.754000 0.884452 20.322600 
1409 1 16.795000 8.826760 14.699900 
1686 1 15.529000 8.410160 18.326200 
1876 2 19.447700 4.193390 17.831300 
470 1 13.606300 9.503940 14.588600 
742 1 22.071200 6.261430 22.577800 
1721 1 18.016300 2.110690 22.749200 
944 2 23.532100 3.330690 16.212900 
502 1 13.731300 2.871500 24.527500 
1655 2 24.063100 11.111900 24.520500 
586 1 23.131600 1.978620 24.884600 
1615 2 23.552700 4.052690 17.181400 
1520 2 21.448800 9.010890 24.980700 
1305 1 23.295300 6.941860 25.559600 
170 1 25.003400 0.951982 18.648400 
958 1 19.313600 8.715420 14.201500 
1666 1 18.325800 12.355200 19.783200 
1548 2 19.656600 4.643750 22.450200 
1899 2 21.700900 6.294200 21.275800 
1050 1 25.853500 3.678110 26.031200 
1696 2 22.340800 3.609980 19.710900 
1114 1 21.876600 3.784760 21.703300 
1963 2 23.231300 12.987200 16.829400 
161 1 25.252700 8.683230 14.220900 
682 1 20.810400 12.940600 15.106700 
1488 2 26.076100 10.381100 14.043700 
567 2 15.043900 8.985610 13.442700 
1526 1 23.190400 10.147400 26.342100 
1935 2 18.237300 4.182370 13.640700 
1508 2 24.808300 3.227970 13.383000 
165 1 23.103500 22.582000 10.965700 
1868 2 22.405200 20.113300 10.425100 
807 2 14.596800 21.298500 7.949550 
1206 1 25.721600 17.168800 8.044680 
162 1 24.991500 17.821300 4.187680 
1247 2 22.214800 18.972100 7.788530 
773 1 25.803800 20.970700 9.347310 
337 1 20.483300 16.894900 2.856370 
1038 1 16.159300 21.477800 11.572900 
748 2 23.685300 18.981700 6.606700 
477 1 21.760200 16.936000 10.400000 
87 2 24.893400 19.334400 11.470300 
674 1 14.719500 16.901700 5.759590 
1564 2 22.390300 16.001200 1.490860 
1867 2 25.989700 18.251600 2.594470 
660 2 26.069700 22.582900 5.692650 
1613 1 14.755700 22.643000 10.674400 
796 2 19.270500 23.304800 10.946600 
1427 2 22.548000 20.793300 3.824660 
207 2 19.577600 19.893800 12.921900 
653 1 15.106800 25.549900 4.833200 
1302 1 18.597300 24.048600 3.720110 
741 1 22.394200 20.811300 4.094730 
434 1 16.493300 21.465100 1.664180 
1588 2 19.184600 22.445500 13.216900 
1102 1 21.052600 21.939400 5.745950 
1846 1 22.416100 17.974000 7.370320 
1810 1 17.873300 15.669700 7.279880 
1566 1 21.786500 17.601500 12.511900 
1599 2 21.121000 17.747000 11.532900 
1601 1 19.887000 22.171600 7.144840 
320 2 23.417300 19.126500 7.230670 
1190 1 26.090100 25.280400 13.106200 
311 2 18.166800 16.280600 8.231990 
1425 1 24.107200 20.597100 3.057660 
659 2 18.945500 19.366700 2.517850 
1920 2 25.107400 13.690200 3.241110 
622 1 21.791900 26.220900 12.118100 
19 2 16.740200 16.303000 0.098172 
1600 2 22.380200 24.154500 13.332700 
1432 2 17.180800 20.151400 1.383250 
960 2 23.836900 13.699800 8.552360 
1907 2 25.570900 14.287800 13.094400 
1289 1 20.952300 13.468000 12.727600 
903 2 21.784200 20.873900 6.589360 
877 1 23.755000 17.876000 9.877860 
739 2 21.494300 16.126400 12.493100 
1268 2 22.603700 14.191100 0.784382 
513 1 14.862900 20.421100 8.781470 
453 1 17.574400 25.040300 0.329284 
222 1 19.212200 26.380500 12.361100 
392 2 15.205400 16.038300 4.772500 
686 1 25.951500 22.426700 11.267800 
1784 2 15.059700 16.155600 8.721300 
576 2 26.089500 20.978900 1.188930 
385 1 20.432800 17.999700 6.494840 
1528 2 20.691900 20.138000 8.799970 
339 2 25.820500 19.928500 11.191500 
446 1 24.827000 18.554000 8.824140 
435 2 13.749600 13.962000 2.384970 
57 1 15.167800 21.692200 7.456510 
291 2 18.224200 13.627100 5.362820 
887 2 19.521500 14.610000 0.087146 
1583 2 16.682500 20.378000 5.536010 
289 1 16.502900 17.503800 6.623150 
1445 1 25.698900 19.706900 11.756700 
225 1 22.354100 16.379100 0.195992 
1162 1 14.768900 23.208000 8.143840 
560 2 18.611600 20.056800 2.669720 
2 1 14.866000 19.665800 1.039080 
1267 2 25.669300 25.428200 12.559600 
440 2 24.224500 14.648900 12.111700 
896 2 19.310100 18.969600 5.528430 
755 2 25.178900 24.603500 6.058600 
1153 1 14.104500 25.513400 8.209110 
1065 1 14.589400 15.675500 9.412060 
1309 1 20.010700 17.634100 11.768300 
985 1 13.999300 14.528200 5.509080 
521 1 16.834600 20.440800 4.902010 
695 2 25.465000 17.364700 6.071020 
239 2 21.979500 23.566900 2.755950 
1099 2 14.115100 24.833400 8.944150 
1502 1 17.751400 15.254500 4.001920 
1553 1 25.555100 21.634400 7.525540 
144 2 25.250900 23.802400 11.198500 
1763 2 26.447700 18.993700 5.928540 
1764 2 17.333600 20.637300 7.624950 
1238 1 25.190400 14.496000 11.349600 
860 2 26.359700 15.825800 10.529100 
395 2 23.953700 20.584100 9.533780 
946 1 19.267100 13.841200 0.208681 
192 2 19.353200 22.915900 4.041270 
1464 2 24.993500 21.874200 9.381330 
331 2 13.775800 25.647600 2.140550 
782 1 18.001900 13.834800 5.354820 
1137 1 18.994300 14.097900 9.611140 
669 1 21.857100 22.890600 2.804050 
1981 1 14.953800 15.331600 2.053440 
1875 2 15.736000 22.878400 8.419180 
1831 2 21.605200 18.846500 6.656360 
1496 2 24.564000 16.348300 5.932520 
548 2 13.838900 24.190400 2.539070 
837 1 20.171700 15.683400 4.709520 
505 1 16.010300 17.440500 9.316750 
1468 2 24.260700 18.704500 3.539940 
779 2 21.605100 23.789000 12.257900 
1910 1 13.430600 21.423500 12.668300 
511 2 14.685100 18.283100 9.013390 
1750 1 23.077000 25.711200 3.321610 
1494 1 17.730600 17.403400 0.839768 
64 2 13.665400 25.811200 8.118290 
318 1 23.610900 25.317600 7.737480 
1497 1 14.849400 25.803600 9.424250 
1612 2 18.373700 14.349700 4.348640 
740 2 15.228500 21.487200 5.118630 
429 1 23.732200 24.285800 1.592450 
585 1 14.327100 19.201500 8.965780 
1819 2 22.321200 18.288800 3.583840 
427 2 16.731600 14.142500 10.200700 
1444 2 14.558300 24.608000 7.356480 
1950 1 23.088700 18.307400 2.326730 
578 1 24.387400 22.106200 9.358890 
1889 1 19.325400 22.707900 3.630560 
391 2 20.131800 24.922000 6.343730 
1929 1 21.799800 24.161000 2.806310 
581 1 19.641400 18.777900 0.610415 
914 1 14.985100 18.284500 2.539210 
673 1 14.551500 18.710000 4.628560 
72 2 17.117800 14.323000 7.769660 
367 2 14.281600 18.954800 2.338510 
1230 1 13.363100 20.260900 7.104090 
1969 1 23.001900 23.564800 6.159940 
555 2 14.150500 20.501300 1.124430 
1128 2 21.564200 23.808800 6.226000 
1664 2 16.700700 19.659100 9.394950 
626 1 25.822700 24.796200 9.133460 
1522 1 16.576100 22.525500 5.199570 
785 1 23.605800 13.560800 9.266520 
1075 2 24.693300 23.646600 2.491170 
1898 1 24.299100 20.019700 12.690600 
775 2 14.973100 21.347000 10.880100 
23 2 18.398200 23.703900 0.954779 
15 2 17.317000 14.721300 4.549150 
425 1 25.491800 20.653200 3.339500 
325 1 26.697600 23.275400 0.959154 
16 2 17.482300 14.872800 10.888800 
939 2 17.442200 18.961900 8.504430 
1843 2 18.236900 21.522300 0.570384 
1074 1 16.817500 13.841900 7.653920 
163 2 19.089000 26.338200 13.361800 
1273 1 22.650500 15.214100 7.609500 
1310 1 24.559900 22.633600 5.565750 
195 2 20.749700 14.214200 9.533770 
1009 1 21.679700 22.003800 1.024110 
1836 2 18.965900 17.277000 3.172070 
667 2 20.923300 24.561000 5.887960 
33 1 25.809400 24.937500 3.032070 
1616 2 14.327300 17.237300 11.408700 
1973 1 18.661100 24.279400 9.562360 
648 2 13.542900 20.643700 9.179760 
1725 1 19.376000 20.634800 2.114220 
152 2 21.532400 23.802200 10.545900 
355 2 16.849700 17.641100 6.440820 
1404 2 13.334100 20.686100 4.476350 
403 2 14.396300 16.399200 7.758500 
55 2 19.369700 23.261800 11.768300 
290 1 21.931000 20.521300 7.606950 
1217 1 22.146200 20.707300 10.370900 
282 1 19.905800 16.329900 9.227430 
1329 1 19.420500 16.285400 0.405955 
1491 2 13.619000 17.193000 6.414150 
1474 1 18.506800 18.510400 3.633750 
1011 2 26.126300 21.227500 3.405730 
481 1 17.819700 20.122100 7.514660 
1671 2 18.186500 18.897200 1.716490 
1705 1 22.486000 17.800800 4.774360 
1538 1 19.919500 22.506500 11.137500 
1660 2 24.278200 17.876300 8.849320 
1999 2 23.722300 14.386000 2.204670 
1830 1 14.791600 16.736500 8.257410 
1389 1 14.757900 20.630600 3.028270 
113 1 21.069800 20.503000 3.485060 
1808 2 20.825300 16.343600 11.443700 
312 2 16.117100 16.495200 5.290600 
1094 1 18.148400 19.346800 1.749560 
915 2 25.939900 24.838600 3.040350 
1357 1 26.799900 15.517900 6.765520 
1312 2 17.238000 24.306000 6.151510 
530 1 14.720400 18.585100 11.909400 
249 1 20.889100 13.789900 9.971800 
791 2 14.685700 18.419200 11.882200 
587 2 21.175400 23.238300 4.656340 
1111 2 25.109300 24.474900 7.684470 
173 1 21.441200 19.001500 9.793930 
270 1 23.910900 18.339300 5.917300 
111 2 15.530100 24.720700 3.447850 
1348 2 22.304000 23.756300 6.239090 
605 1 25.833500 19.265200 5.402720 
309 1 15.186700 24.292600 2.838260 
815 2 24.680900 17.529900 9.286620 
1025 1 18.184500 22.424200 1.485370 
1440 2 23.628100 19.664300 10.919600 
442 1 17.793400 18.769300 8.794020 
1590 1 17.129400 20.761800 9.085970 
278 1 18.647400 18.113100 5.387560 
917 1 21.252400 24.326900 12.039900 
784 2 19.379400 15.010100 0.895609 
1353 1 25.139200 15.774900 4.994460 
328 2 17.204100 16.378900 0.667189 
252 2 17.763600 16.747100 8.089410 
1737 1 14.797100 24.857300 13.172400 
554 1 16.774200 23.082800 10.676300 
174 1 16.759000 16.254300 10.882700 
1656 2 22.641100 21.086000 3.475340 
86 1 17.913400 15.474200 11.349800 
892 2 19.153900 24.484500 1.867160 
927 2 20.228900 16.200500 3.805390 
253 1 19.497800 25.037700 5.646980 
461 1 25.449400 14.309000 3.120500 
63 2 23.877800 14.995400 4.145680 
1756 2 22.392500 23.941500 1.508130 
1783 2 23.430600 25.750900 1.578450 
1266 1 21.116600 24.188900 5.519460 
1972 2 19.729300 22.482500 6.706000 
866 1 17.016800 13.552000 12.130900 
880 2 15.598800 22.426700 11.378900 
341 1 15.959100 24.971000 6.115540 
1054 1 21.355100 22.769200 12.954000 
1326 1 15.551700 14.320300 0.992402 
1161 1 13.866300 16.873900 11.246500 
1295 2 18.736500 23.166300 4.228240 
90 1 19.168500 23.990600 1.918460 
1276 2 21.801900 17.169900 7.209390 
1426 1 22.472000 14.578400 4.196380 
52 2 22.649200 18.232600 1.868040 
750 1 25.335200 17.993800 1.101020 
44 2 19.933500 15.098200 11.113900 
336 2 25.309900 19.435000 11.801300 
276 2 15.421300 14.560400 1.943150 
326 1 22.856800 13.788000 1.299140 
509 1 14.074300 13.295900 13.257300 
702 1 21.973200 25.267200 0.167877 
1891 2 21.194400 24.764700 23.180700 
874 1 21.149800 26.456100 14.893700 
246 1 15.589500 15.845300 15.239800 
685 1 24.061900 15.549100 25.892700 
262 1 22.467900 14.240100 23.955000 
1883 2 26.310000 23.295000 18.885300 
471 2 23.511200 15.141800 23.880700 
831 2 15.689700 14.563300 15.011000 
678 1 13.867400 26.472300 16.409400 
1189 1 21.861100 14.793800 24.389200 
897 1 25.228800 25.075600 26.582500 
727 2 24.016200 15.749000 15.467800 
532 2 14.026500 25.915300 25.630800 
1032 2 16.432700 25.490600 16.024900 
491 2 16.587400 21.374400 14.691000 
1061 1 26.373000 23.634900 22.518800 
1475 2 20.495900 19.679900 16.329500 
61 1 14.930400 25.670400 22.212600 
1886 1 13.602300 18.711300 23.624100 
1392 2 23.250200 20.856600 24.577400 
1507 2 21.599000 23.396800 18.085500 
594 1 14.613200 14.586900 22.619900 
117 1 13.377500 24.316100 23.165800 
1052 2 22.597100 15.188300 16.683600 
1825 1 15.797600 22.188600 16.548200 
93 1 20.942200 13.388700 19.721100 
475 2 25.722700 16.264800 19.375900 
562 1 24.212200 19.213800 17.465000 
212 2 21.662000 19.402200 19.077400 
287 2 21.504700 26.574700 15.666700 
822 1 22.842200 19.189400 25.939000 
1241 1 18.310200 21.715300 26.371200 
647 2 18.705600 24.187900 16.475000 
347 2 16.526800 21.079600 22.919800 
1925 1 25.725700 18.581800 23.994200 
378 1 18.513200 25.967700 13.881300 
828 2 13.786100 23.365100 21.783200 
926 1 19.644000 25.611700 18.793100 
1703 2 26.557200 22.377300 26.589900 
1695 2 14.663900 24.376500 20.786200 
417 1 24.581700 23.767500 16.019200 
1855 2 22.476700 17.743300 16.578600 
941 1 17.759100 20.448700 14.413700 
736 2 17.907500 17.728900 20.100400 
179 2 25.224200 24.881900 25.615400 
808 2 14.424900 14.176900 20.483600 
1270 1 23.847600 16.446900 14.094600 
506 1 14.449400 19.530600 15.276700 
520 2 18.752000 21.129100 18.316800 
402 1 19.403000 25.931000 17.991600 
1850 1 16.991300 21.818200 18.893700 
1020 2 17.168000 17.341100 13.532200 
929 1 20.512700 26.462000 16.766300 
1154 1 21.199400 20.526300 26.074500 
1222 1 16.858600 18.929600 22.606800 
1554 1 14.213600 26.303600 17.990300 
657 1 20.448700 25.257100 20.990200 
1279 2 16.053900 24.917300 16.165600 
2000 2 15.791100 25.159700 20.437000 
873 1 25.206400 16.945000 20.306600 
132 2 17.902200 21.274700 26.435800 
1608 2 17.504300 19.991500 23.133300 
1773 1 22.930400 21.074000 14.094900 
1524 2 24.078500 19.363000 15.708500 
430 1 13.506500 25.187400 20.414900 
1399 2 17.087400 25.027500 24.557200 
1358 1 19.887300 16.046600 17.331900 
1866 1 16.580800 25.980500 16.466400 
1085 1 19.772400 15.685800 19.655300 
1794 1 21.606800 24.494300 21.291300 
476 2 20.659200 17.075800 18.730500 
604 2 25.858200 14.055900 16.659400 
699 2 15.303300 13.600600 24.194500 
420 2 15.190900 16.337800 13.883300 
1158 1 22.123500 22.068500 24.623900 
1156 2 20.002900 26.517000 24.571700 
1068 2 16.638600 23.196500 17.734200 
920 2 24.121000 23.310300 21.247400 
1563 2 18.035500 15.182400 23.474500 
1026 1 26.119400 18.077400 15.468700 
1184 2 20.191700 24.499600 22.163800 
1177 1 22.922600 20.949000 16.897300 
684 2 13.546200 17.878300 23.517700 
1434 1 20.455800 18.075300 15.513300 
1547 2 15.027800 14.882400 24.508600 
1317 1 15.742000 17.016700 14.568600 
125 1 24.252300 22.104400 14.222600 
670 1 16.467900 17.847600 19.402500 
790 1 17.751500 24.425700 16.936200 
92 2 14.552700 22.174300 17.695600 
1681 1 21.845800 24.238100 18.933900 
1816 2 19.604000 21.257500 23.425000 
1807 2 13.611200 17.062000 19.194400 
738 1 22.211300 13.572400 16.209200 
921 1 17.098800 17.511600 17.689200 
1342 1 14.762400 21.574200 14.613000 
1135 2 23.849700 22.010100 23.469700 
1674 1 14.741200 19.585300 20.139700 
188 2 14.621700 20.441500 16.563400 
904 2 18.158500 24.586700 21.936500 
1689 1 15.296100 17.331200 16.547100 
1249 1 14.707600 23.724600 14.863900 
1552 2 23.801900 17.425800 17.923800 
1439 2 21.589200 15.673100 23.244300 
42 1 19.143300 22.769500 18.174000 
494 1 26.400300 23.618100 24.443400 
1854 1 19.303100 24.496300 14.807500 
1693 1 17.740500 22.533300 14.852900 
293 1 21.790200 20.724500 15.447700 
1558 1 18.749200 17.228100 13.316600 
1237 1 24.741500 15.635100 22.320100 
1768 2 17.006500 23.215600 24.971700 
1631 2 16.862900 16.429800 17.829800 
1037 1 21.733000 24.641900 24.446800 
1202 1 24.194200 23.240600 24.459600 
1449 1 15.907100 23.674000 15.456900 
1908 2 14.991000 26.172300 24.279800 
1823 2 14.910000 21.282800 14.469800 
698 1 16.794900 14.707700 19.716700 
41 1 26.356800 21.404800 14.655200 
583 2 21.967200 13.635800 18.557600 
514 1 15.275800 18.055900 26.109200 
751 2 15.058700 25.773800 25.254200 
105 1 18.367000 15.294800 24.264800 
724 2 18.189100 20.477300 15.101800 
1841 1 19.267300 20.541900 14.421600 
1982 1 21.472100 15.713200 13.589500 
286 1 14.626700 21.378300 24.887700 
1647 2 24.208600 21.077400 19.583400 
1596 2 16.658600 17.772500 25.283400 
650 1 19.156200 22.042000 16.945700 
116 2 25.672700 22.479800 15.311500 
1298 1 16.498500 25.916300 24.306400 
1209 1 13.325100 17.667300 20.102400 
1571 2 18.406800 26.425400 17.839500 
109 1 15.195000 15.093700 20.114300 
1272 2 19.831800 13.811900 22.805400 
991 2 14.611200 25.110600 13.546200 
806 1 21.073500 21.586600 22.391600 
851 2 13.562800 17.033700 22.601500 
891 2 14.575100 19.800700 15.441500 
1078 1 14.490000 23.348500 21.174000 
411 2 19.213100 14.892500 24.820100 
533 1 20.231000 15.319900 22.068900 
579 2 20.535400 16.833300 17.325000 
601 1 25.685100 13.307600 19.526500 
342 1 14.913600 21.282800 17.244800 
176 2 22.878500 26.397100 19.389800 
855 2 19.658300 13.613600 15.140200 
1299 2 18.953200 22.103300 18.117200 
732 2 19.087500 23.155100 16.540500 
1251 2 16.328200 16.473400 16.230300 
776 2 14.739300 18.951300 26.195600 
388 2 22.447500 23.097000 20.635400 
1150 1 16.869600 23.682000 18.192700 
1557 1 18.926700 19.492900 20.894400 
321 1 17.304600 17.143000 20.720000 
1294 1 16.564500 18.487200 23.974100 
833 1 22.856300 21.799400 21.741500 
786 1 14.824600 26.438800 25.614800 
314 1 16.798800 17.289200 25.071400 
243 2 22.048800 25.151200 20.478500 
1542 1 15.495200 23.357900 24.176900 
1115 2 23.542400 16.140800 26.165500 
1880 2 26.239200 23.121900 24.758900 
1033 1 18.821200 24.834600 21.202300 
45 1 19.507200 23.646000 22.408900 
348 2 13.538200 15.518300 22.607900 
413 1 21.063900 18.714700 18.789800 
369 1 20.330400 18.879600 22.076300 
621 1 22.707900 23.314400 16.974300 
376 2 22.512100 22.282400 15.932700 
1188 2 26.038800 18.904100 24.597100 
692 2 14.999900 16.849700 17.754000 
1269 1 17.569200 15.006200 15.150600 
408 2 20.696400 19.606100 21.659000 
1147 2 15.085900 21.249300 16.127700 
157 1 16.547100 23.916300 21.748700 
852 2 22.613900 23.224200 16.303000 
80 2 25.175700 25.450900 21.817000 
307 2 16.287500 18.608600 22.485300 
1466 1 23.926100 22.164500 24.031900 
879 2 22.506400 23.619300 24.985200 
1715 2 19.678200 24.188500 20.277100 
58 1 17.978500 22.032400 21.064400 
938 1 15.362900 25.699700 14.642300 
951 2 16.333700 21.217600 19.546300 
1482 1 23.841200 20.573400 24.383000 
294 1 17.099800 25.454600 19.781300 
572 2 20.757500 25.999200 15.622200 
1871 2 21.829800 19.041900 20.348900 
297 1 19.039300 20.910200 17.786300 
1069 1 15.821100 14.304800 24.239900 
1961 1 13.746000 17.675300 22.348100 
1561 1 13.806200 24.412300 25.253500 
135 2 16.755900 17.762700 19.606400 
1008 2 18.817300 16.000000 20.265000 
1604 2 13.416400 24.957800 19.231500 
1771 2 22.863500 20.073200 26.497000 
235 2 19.462100 14.467700 19.722300 
1912 2 18.108500 21.953000 19.230600 
1314 1 20.076500 26.202300 23.600700 
96 2 21.265700 19.063400 14.290000 
1648 2 21.339300 16.778700 24.675100 
1343 2 14.026500 23.687200 22.796500 
1848 2 14.549800 24.365100 13.754700 
54 1 17.532500 23.383400 25.340600 
1995 2 22.980900 21.957000 13.008000 
1811 2 20.184300 22.727200 23.902000 
496 2 22.068000 24.677600 24.935700 
1578 1 23.180700 18.533700 20.536200 
1531 2 18.659600 21.172500 14.909600 
623 2 14.786100 24.750700 19.586000 
979 2 16.111200 14.783700 19.599600 
1736 2 21.466900 20.479300 26.485300 
518 1 23.252900 13.537900 18.745300 
758 1 19.856600 16.478200 24.745400 
1633 1 16.259300 20.248000 20.211600 
693 1 24.347000 24.693900 21.165900 
154 1 20.862300 19.334500 14.494300 
1637 1 17.263500 19.735800 16.823700 
1291 2 25.167300 22.983700 14.638000 
1926 1 19.613800 22.207300 24.825900 
39 2 19.183000 18.284100 23.821000 
908 2 20.442600 16.778900 23.291900 
1196 2 23.628200 13.688200 23.063200 
397 1 24.882800 21.879200 19.179500 
1366 1 23.728100 17.205200 16.945700 
813 1 14.267100 22.170400 19.430500 
1835 2 24.758300 24.897000 20.596900 
1622 1 23.284600 17.812800 23.599600 
258 1 21.300900 25.016000 23.091700 
793 1 17.585000 13.951700 25.063500 
1975 2 24.435700 17.095700 20.885800 
180 2 15.080300 19.773300 20.588000 
1704 2 18.121200 23.454000 25.720300 
503 2 15.537900 26.554700 21.380200 
32 2 19.723400 25.852500 18.262900 
1233 1 16.953800 15.306000 14.323900 
301 1 17.298300 20.785700 23.299700 
544 2 25.109700 26.098900 14.729000 
1446 1 23.053500 16.045000 18.196000 
88 2 17.565600 24.577600 13.896400 
415 2 16.333900 21.466300 23.977700 
625 1 25.287600 25.922000 14.380300 
1833 1 18.849300 14.539400 22.713900 
229 1 24.825900 24.982100 19.886000 
1911 2 22.671300 19.686300 14.318800 
1818 1 16.955700 26.231500 22.069000 
1864 2 24.713200 13.978000 20.093600 
364 2 15.538200 13.500100 17.109100 
661 1 13.639200 14.435800 24.009200 
916 2 23.649300 26.279000 18.746500 
1760 2 17.004200 13.984800 24.290800 
1798 1 17.739200 13.727200 17.271400 
1047 2 23.660800 13.397400 23.091200 
729 1 24.368700 26.242900 20.762600 
817 1 23.551800 13.612900 16.925000 
787 2 17.163200 15.778200 13.440300 
