id type x y z 
1374 1 11.242500 0.269965 6.499850 
14 1 11.372000 12.230700 1.301000 
905 1 12.811800 8.549850 12.205300 
1434 1 2.385500 10.389200 9.143140 
360 2 1.785840 4.343550 1.475610 
511 2 7.518180 12.897200 7.177430 
198 1 0.944183 7.696050 4.666320 
1986 1 12.492200 4.346800 4.528830 
697 1 12.715400 12.696600 9.859780 
1512 2 5.232110 4.653750 8.827300 
130 1 10.790700 4.892690 4.658770 
983 2 8.009590 8.721440 8.802160 
118 1 2.514520 1.524600 2.165550 
159 2 2.061690 6.576640 5.216420 
1481 1 1.276520 10.282700 3.035420 
991 2 5.583680 10.701400 8.567370 
1995 2 11.630600 1.979910 12.182300 
868 2 9.708040 3.984500 6.776480 
274 1 7.317000 4.287240 3.188570 
126 1 1.731280 3.518790 4.524270 
1629 1 -0.111517 5.302860 10.571500 
309 1 8.457460 12.022200 5.450930 
786 1 9.078430 11.564800 7.333290 
1972 2 11.194000 12.089700 5.396840 
258 1 5.205810 11.631200 6.167950 
609 1 6.176730 9.923070 10.227000 
1199 2 2.570630 6.543350 0.480566 
1116 2 2.373770 11.942200 10.865300 
987 2 10.256900 8.172630 0.678648 
167 2 10.714600 11.584200 1.405510 
995 2 0.641201 7.299110 1.414090 
1313 1 3.151600 0.605241 7.207150 
492 2 6.093220 0.503504 11.005400 
1518 1 0.877107 1.516640 0.301241 
146 1 1.516370 11.462700 11.544700 
1458 1 0.816644 2.985250 7.488810 
1938 1 0.535493 12.519000 8.019070 
1851 2 7.958450 6.548850 1.138820 
235 2 13.010300 1.311970 1.361000 
720 2 2.760750 7.118110 6.613870 
1903 2 1.069240 7.448030 3.794620 
1993 1 4.762950 5.461730 1.072960 
1651 2 4.905060 9.604680 12.657300 
369 1 2.713230 12.245300 10.740000 
435 2 10.327100 9.210970 8.097400 
1610 1 8.228040 7.256210 8.965640 
377 1 11.550200 8.432520 10.897700 
1504 2 1.006570 9.989470 10.056400 
1184 2 2.451960 4.234080 9.380920 
138 1 6.376580 2.301510 12.246500 
82 1 -0.074768 12.092200 5.588900 
412 2 11.973600 9.905520 7.797940 
1925 1 5.179690 4.337810 8.886950 
1982 1 10.920000 8.540110 8.425880 
1658 1 10.459900 0.110667 11.352700 
908 2 8.454750 2.373620 10.877400 
1531 2 12.701700 7.275600 2.398710 
12 2 3.647480 11.807400 3.659000 
637 1 5.386900 3.168520 0.271659 
1710 1 5.426310 0.208844 1.130030 
370 1 12.048800 4.593070 6.974290 
1400 2 7.284890 10.720100 0.757318 
815 2 4.824240 11.279800 5.020230 
699 2 0.238259 3.028180 7.652400 
286 1 0.479634 13.395800 2.638170 
592 2 7.572450 0.520299 2.765790 
1636 2 5.752380 0.893919 6.950300 
1378 1 9.738230 0.575517 5.415220 
1635 2 12.464800 10.786400 8.476400 
453 1 11.017600 5.874250 0.185963 
1928 2 5.976260 3.526780 5.140190 
568 2 9.746650 6.167290 5.504810 
1087 2 7.426510 11.197100 2.093400 
142 1 6.898500 9.632600 5.206590 
1405 1 2.474980 12.490200 1.604290 
1718 1 11.137400 3.433140 11.352900 
548 2 11.497800 3.414690 13.011300 
1622 1 3.822000 10.676200 3.672320 
858 1 12.943000 11.004200 9.084480 
1644 2 10.358800 5.337030 10.691200 
1090 1 9.347680 10.150200 9.890590 
246 1 3.984410 6.642240 6.280900 
1535 2 11.765100 8.371730 11.261600 
915 2 3.394170 0.905319 11.272800 
1691 2 5.130590 3.347210 1.093950 
1012 2 8.135770 7.639690 12.894600 
1502 1 9.287100 8.776100 6.665100 
271 2 0.846949 9.979180 3.233350 
591 2 9.648460 0.541872 0.947042 
1268 2 11.570300 12.386100 10.277500 
1680 2 8.364900 8.800270 7.998810 
1517 1 2.012250 4.986550 9.549450 
1772 2 12.830900 6.915100 12.822100 
1125 1 2.316750 9.496950 11.050800 
759 2 4.802450 7.499490 5.844420 
324 2 11.481300 2.450220 1.527510 
1689 1 4.103200 8.614390 0.503490 
477 1 8.447960 11.196000 2.441400 
1848 2 2.536520 7.235290 10.626600 
1328 2 8.912500 11.593300 12.905100 
1049 1 5.787810 11.579400 10.970500 
1419 2 3.167540 9.215290 3.177280 
476 2 7.551380 5.992300 3.393820 
1521 1 1.703920 7.480040 2.077450 
1757 1 2.684600 4.370520 2.222830 
1385 1 12.867000 2.018860 11.446500 
702 1 7.878210 1.293600 12.068100 
113 1 12.006400 9.680720 6.528440 
1889 1 10.097300 10.967100 1.365680 
1984 2 0.148902 4.066820 5.750040 
228 2 9.446920 11.558500 1.721160 
1243 2 7.830010 0.958464 11.095000 
349 1 3.665220 12.550600 5.577480 
1077 1 6.062140 4.252810 5.883620 
355 2 0.741150 9.217430 0.126352 
644 2 10.508000 0.614810 12.558200 
437 1 12.523800 7.130110 8.882290 
1307 2 8.259250 9.089450 4.023640 
119 2 6.334890 11.910300 11.395900 
1892 2 1.819870 0.309907 9.359930 
1354 1 9.701820 3.278700 8.211750 
1955 2 2.163060 5.399890 9.294220 
811 2 11.601600 4.513920 4.157260 
176 2 6.092580 9.879080 6.859010 
1093 1 4.000020 10.433000 8.104960 
846 1 10.544500 4.946800 8.122060 
740 2 8.184290 8.602910 4.812220 
1091 2 4.466890 2.624940 9.018840 
392 2 11.190500 12.941300 12.718200 
741 1 0.861926 0.786992 12.494300 
899 2 7.795730 2.301180 6.182950 
955 2 8.692590 12.712700 5.312850 
1108 2 8.360610 10.171800 10.913000 
1594 1 7.330150 2.981900 13.211500 
1693 1 7.853580 10.440500 0.956738 
578 1 4.675590 12.351000 0.941615 
923 2 4.465190 2.638220 3.270500 
998 1 1.142480 4.068740 0.860965 
956 2 0.447558 7.972140 2.101520 
257 1 3.052660 8.915630 2.974070 
541 1 7.207250 6.421230 1.082240 
1062 1 5.569980 12.962200 12.383300 
1318 1 8.586920 7.004030 4.472570 
1870 1 8.642740 8.823030 11.387300 
1247 2 11.126300 4.565640 10.273400 
1164 2 2.948240 12.274000 7.156390 
350 1 9.447050 2.484990 11.854400 
1700 2 2.411030 4.232090 6.544810 
1971 2 1.662530 9.288500 12.651300 
1921 1 11.258500 5.878360 2.457860 
1714 1 9.343660 3.051050 1.778750 
1787 2 10.960900 3.551090 4.633540 
174 1 8.425520 6.964730 12.528700 
765 1 3.868400 10.018300 12.321600 
34 1 10.865600 6.999390 12.125800 
1814 1 7.941660 8.839880 8.381710 
62 1 6.437970 6.392760 2.949080 
782 1 9.368560 5.958770 5.993880 
926 1 1.932000 6.741680 -0.282835 
869 1 1.127730 9.151620 0.495950 
194 1 -0.011465 6.931390 2.396280 
1035 2 10.882900 6.317870 1.870490 
1760 2 2.900650 0.825549 2.454190 
1133 1 2.478570 6.033260 6.340840 
1105 1 3.562750 7.477070 5.911230 
950 1 9.308900 0.623548 0.928404 
1004 2 4.157140 9.708560 4.094750 
943 2 11.026000 0.572776 5.857190 
287 2 8.254010 5.100890 6.832670 
855 2 2.384290 3.624770 3.907800 
852 2 5.678130 12.881300 11.934100 
1934 1 8.428160 3.219000 10.633600 
708 2 10.536900 4.635980 11.162800 
1808 2 10.234600 0.245666 7.985460 
771 2 6.927370 9.034350 4.820070 
249 1 4.460510 11.369000 1.748530 
1053 1 5.728380 5.094240 11.009700 
347 2 3.332350 0.841975 5.274210 
1083 2 3.731090 11.728600 1.399600 
886 1 8.506310 10.043000 12.186800 
760 2 7.822200 5.288720 11.670100 
1624 2 5.691460 11.808200 8.221800 
1348 2 4.249600 12.397100 1.271150 
1131 2 1.408510 8.925070 9.785130 
1386 1 5.163680 2.414720 7.992860 
673 1 0.741694 11.273200 4.974270 
112 2 11.048000 8.493780 4.210210 
273 1 9.267400 3.303880 6.120020 
696 2 2.898030 10.319400 8.667070 
523 2 6.744200 0.097023 11.053800 
1186 1 5.205280 10.542300 4.603630 
1580 2 0.118109 4.754730 10.055900 
575 2 4.381470 5.631710 6.167000 
1605 1 7.712820 3.899750 5.395540 
1188 2 12.150500 5.654570 7.613680 
1454 1 3.550460 13.051600 9.157670 
206 1 6.845510 1.082840 5.195070 
1390 1 4.903770 1.210260 7.184530 
1279 2 2.115580 11.346700 7.989330 
942 1 0.332238 8.533760 2.802930 
2 1 5.835420 9.483020 8.371420 
604 2 7.340030 13.086600 4.594690 
1138 1 -0.074285 7.282600 0.697764 
631 2 4.749850 11.841900 10.184100 
1015 2 6.540810 5.173910 3.130820 
1794 1 7.925300 2.108270 3.920520 
1681 1 11.984800 2.184880 7.792480 
1106 1 10.170200 12.453900 3.124680 
501 1 3.745740 0.534770 10.506600 
1355 2 2.179580 10.703200 11.525400 
1370 1 7.944960 9.160360 6.393820 
853 1 12.229700 12.467000 4.580230 
1786 1 10.503000 10.974600 12.458800 
750 1 6.199390 8.481940 3.197270 
1838 1 4.794550 2.890980 3.300290 
18 1 2.980610 0.998517 3.837370 
892 2 5.049740 6.810410 5.468690 
1625 1 2.533960 7.142630 9.790020 
1269 1 5.558220 5.061710 7.657570 
612 2 4.321300 4.702140 12.784700 
36 2 8.784290 11.313500 7.625800 
657 1 1.326750 8.779690 9.870170 
534 1 7.702900 11.569300 10.823500 
1837 1 8.823200 7.428280 0.853651 
387 2 10.065100 5.292440 8.969320 
1039 2 11.426100 13.061900 11.001500 
1871 2 3.359120 1.144510 7.600320 
766 1 2.337600 1.542590 8.942540 
1668 2 1.518270 10.512300 0.453587 
888 2 4.164950 7.667920 11.058300 
341 1 5.082650 2.176110 12.971500 
667 2 6.792320 1.605360 4.722710 
1856 2 10.725900 7.862580 -0.016765 
1236 2 9.777120 4.145230 0.079685 
522 1 9.893690 8.096860 4.342630 
382 1 11.962600 11.821600 7.570490 
243 2 8.717150 9.234020 11.769800 
1953 1 2.149190 3.506810 7.449790 
1711 2 12.061800 8.334270 5.588760 
1777 1 4.763560 4.830140 12.943700 
1327 2 12.090400 12.394700 2.963970 
640 2 1.792530 1.462020 12.381500 
1896 2 5.692210 6.046610 0.433946 
1550 1 8.844380 8.296590 13.151500 
244 2 13.261100 11.082700 0.534708 
875 2 5.156420 0.219591 0.130087 
1056 2 3.631860 8.173820 23.415700 
1147 2 9.554380 1.588430 24.010900 
1569 1 4.165600 2.904570 22.085600 
1171 2 8.261180 11.351400 19.706600 
384 2 3.434090 4.668530 21.336900 
1912 2 11.123800 10.343000 17.901600 
973 1 6.181770 9.001490 17.906300 
1248 2 0.119300 5.509900 26.769500 
1826 1 10.798200 0.324959 14.666400 
1802 1 10.174300 10.504800 17.793200 
1999 2 0.320876 0.726629 26.348800 
710 1 0.253071 2.447470 24.620800 
149 1 6.466300 0.202127 17.747500 
1468 2 5.541770 8.957870 16.011200 
1991 2 11.878400 11.468100 14.807600 
1688 2 4.697710 2.327710 25.040600 
705 1 2.561590 9.602720 15.433700 
1514 1 3.146650 11.212400 21.782400 
934 1 2.387100 4.254880 22.279700 
1317 1 5.262600 7.649440 15.135700 
797 1 4.770260 5.019920 23.877700 
1206 1 0.664359 8.639940 23.192600 
1661 1 4.369020 1.617240 18.993700 
842 1 13.313000 5.826730 18.079300 
622 1 12.989500 0.220251 23.065700 
267 2 10.448000 0.790548 20.267800 
1233 1 0.420713 12.821800 20.734400 
1495 2 1.498660 3.025590 17.703600 
1589 1 3.280660 5.498460 25.408700 
736 2 2.219370 8.510360 17.577400 
1261 1 6.917800 5.415770 20.276400 
68 2 4.954550 9.722790 25.432300 
1734 1 11.662700 5.097310 20.058300 
460 2 6.935220 6.948740 23.686500 
557 1 10.378700 7.826760 19.211800 
395 2 12.850000 9.269130 16.119300 
517 1 12.959500 8.440200 14.796200 
1217 1 6.703050 9.583980 21.066100 
35 2 4.156500 12.151900 13.152300 
849 1 6.637170 3.506480 17.401400 
588 2 0.847127 10.008700 13.362100 
1463 2 12.532100 12.552000 24.896400 
1895 2 1.136380 6.875810 23.482800 
1947 2 5.495360 5.403860 14.626800 
1575 2 12.102400 1.508020 21.772300 
2000 2 6.438850 9.743880 20.839200 
935 2 9.101370 6.693560 17.025500 
1881 1 5.699140 6.826460 25.879100 
1927 2 10.616100 7.495410 20.953400 
1469 1 4.319140 10.344400 26.382600 
826 1 9.767500 6.437720 14.824400 
1904 2 4.948390 12.823900 19.568900 
1666 1 10.270500 7.633060 26.045000 
213 1 10.828800 3.325350 23.431600 
1730 1 6.885350 4.796840 13.990200 
1099 2 9.768850 2.847340 25.526400 
722 1 4.450710 5.798500 20.867100 
748 2 5.264720 5.942730 20.589700 
124 2 3.161670 11.339400 23.996300 
421 1 2.455160 2.606260 24.564700 
1496 2 1.739180 11.866300 17.653200 
183 2 7.956120 6.729270 14.897400 
31 2 0.577209 4.478910 25.559000 
114 1 3.433060 10.637900 24.129600 
1161 1 10.607600 2.780850 25.601600 
150 1 9.192150 12.656600 25.194500 
1695 2 2.688260 12.220000 22.462900 
1031 2 3.786570 7.224800 16.257800 
1527 2 7.314410 10.677100 25.396300 
816 2 12.484400 2.451630 15.177600 
1882 1 6.684220 7.816360 20.293800 
573 1 5.786440 5.253410 16.307000 
237 1 7.486500 5.642790 15.645800 
264 2 -0.143106 5.575520 21.507200 
1864 2 4.103300 -0.007724 21.386000 
1520 2 8.334830 0.062918 19.283700 
1013 1 1.893680 8.182230 16.891500 
690 1 7.731870 3.082850 17.360700 
1824 2 0.525793 2.900980 21.043700 
256 2 6.351590 11.248800 15.307000 
1353 1 9.246520 0.767052 13.222500 
744 2 6.383660 8.407750 21.550500 
1308 2 11.213300 11.449100 24.849100 
1455 2 4.226300 0.008098 23.394000 
682 1 5.105120 11.872000 18.578200 
1446 1 3.871520 1.003390 21.502900 
1205 1 8.777570 1.113270 26.109500 
1865 1 1.817600 0.053465 19.142300 
221 1 11.990200 11.552600 26.418000 
1736 2 8.963620 6.533370 14.949000 
600 2 1.706430 11.156700 19.584600 
569 1 5.137870 9.246000 23.112200 
1023 2 0.025724 13.164800 21.187800 
1698 1 3.834570 0.678584 23.655800 
1997 1 0.993771 0.505707 21.085900 
978 1 10.510200 3.231720 21.259900 
611 2 4.210360 1.590060 16.974700 
755 2 12.017000 -0.229405 15.740000 
302 1 12.598800 4.657760 25.561600 
769 1 4.086450 10.270500 16.707300 
872 2 1.988800 8.265440 26.571700 
584 2 1.950450 12.735700 23.952300 
1659 2 5.847370 7.183810 19.654200 
1107 2 6.870070 5.973510 22.083600 
902 1 10.295200 3.306610 15.887600 
914 1 4.931600 9.262490 25.648100 
900 2 2.714710 3.042090 25.176700 
1437 1 0.220005 5.497350 25.089000 
1662 1 9.879850 2.831490 19.169700 
1797 1 9.471460 9.847000 14.743300 
1951 2 3.632280 9.663040 23.784400 
107 2 9.788530 12.216800 22.943400 
1809 1 11.108400 9.873390 22.288000 
1293 1 7.940770 5.703210 23.511900 
1800 2 7.829580 3.096930 13.777200 
527 2 4.672790 10.593500 18.331600 
497 1 12.819400 11.769000 15.165000 
1676 2 1.158530 10.389300 19.966400 
985 1 5.405970 11.907800 21.856200 
1473 1 8.580990 6.706080 25.426200 
567 2 11.537800 10.449100 23.879700 
1842 1 9.173630 6.935420 15.678800 
1152 2 12.970900 12.900900 20.298100 
882 1 8.987950 7.092610 22.030100 
1643 2 6.952200 9.760500 15.698000 
76 2 7.999590 3.193460 16.451900 
1230 1 8.541660 2.378610 20.908400 
932 2 8.280410 6.431810 15.723600 
440 2 5.758760 11.561100 22.307400 
30 1 1.275750 12.718300 25.752700 
371 2 10.763000 2.562830 16.499600 
419 2 4.464110 11.704800 16.320700 
1214 1 2.779620 6.290210 14.882100 
155 2 10.638100 9.808880 19.458000 
1859 2 5.013720 8.892350 26.404900 
1746 1 9.247990 5.781040 18.577700 
848 2 0.607990 2.575420 18.964200 
1696 2 4.714710 11.685100 18.258100 
1055 2 4.584040 6.467720 19.134800 
836 2 8.754600 5.243210 19.607000 
1592 2 8.782810 11.458200 18.842000 
279 2 7.085070 0.665482 16.223400 
819 2 8.038720 2.604530 19.222500 
91 2 7.080800 9.091290 16.386400 
723 2 13.141000 12.743900 18.958800 
1898 1 1.036040 10.989000 18.315000 
1198 1 6.695430 12.928700 21.189200 
1393 1 12.041500 0.541771 18.441600 
1197 1 12.020700 12.330900 21.376100 
292 2 12.846900 5.896360 19.883700 
558 1 0.643752 2.693720 18.582500 
1428 2 5.303420 5.241960 15.021600 
1038 1 7.561940 9.298100 15.604500 
1265 1 1.108490 3.962470 17.439300 
1398 1 10.339500 5.121070 25.073700 
746 1 12.387200 1.097300 20.645900 
10 1 12.129100 3.436210 22.409000 
479 2 12.601800 7.416350 25.138700 
1098 1 6.312360 10.938500 15.511000 
1745 1 12.722700 9.520430 16.974100 
1342 1 4.004650 5.455500 18.262400 
1843 2 2.857520 6.233620 22.956300 
1646 1 1.739400 10.872200 14.971200 
730 1 3.050930 7.897510 23.104800 
1037 1 1.265080 11.640000 22.471400 
1426 1 6.658380 6.774510 18.452400 
361 1 11.606200 0.924873 25.876900 
1724 2 3.934260 7.938120 26.412000 
707 2 2.343960 4.483040 16.902700 
521 1 12.373000 2.774880 15.422900 
1844 2 10.438000 9.640530 22.239200 
1585 1 9.014100 4.058590 25.746500 
1365 1 0.036287 8.032470 16.764800 
85 1 7.753590 10.813500 20.211000 
1657 1 12.900700 10.271800 15.020000 
1394 1 6.543130 11.049600 24.743700 
1143 2 6.166960 10.735800 21.724900 
1215 2 2.842680 0.520259 17.778100 
944 2 6.050290 12.543000 18.313500 
1683 2 6.918470 6.666880 21.608400 
1144 2 0.603319 2.038720 25.336700 
834 1 5.747210 3.123130 14.721900 
653 1 9.848960 5.682730 21.309700 
1655 2 3.173470 2.979050 22.973000 
1331 2 9.553620 5.750180 24.121600 
1523 2 11.590400 7.232020 14.235500 
260 2 10.914600 8.204260 15.406400 
1145 1 11.347800 9.244630 16.333000 
1538 1 5.166650 1.021980 15.683500 
1323 2 5.323010 1.352310 21.322400 
1410 1 8.383380 0.840008 18.626900 
525 1 11.267700 2.052080 13.083600 
443 2 3.881100 6.148670 26.312700 
1922 1 0.840181 2.943520 13.393600 
1785 1 10.443700 10.238200 20.623300 
583 2 7.429310 7.624500 19.085700 
438 1 1.497990 6.355170 20.613400 
141 1 6.507500 13.072500 14.228400 
436 2 6.462110 5.809330 18.281900 
881 1 6.775960 7.240400 22.726900 
1645 1 9.250790 0.033394 24.513800 
1970 1 6.063190 10.451200 19.615700 
456 2 9.288250 7.165710 19.668600 
218 1 1.977320 12.312800 17.138600 
97 1 5.004890 2.376880 25.233600 
1564 2 9.356660 6.721170 26.661200 
404 2 7.687320 3.278370 25.694200 
1280 2 1.534760 4.357110 17.229000 
416 2 5.590380 2.299350 13.747100 
329 1 8.919600 1.944990 24.039900 
814 1 0.708880 3.495450 21.050100 
742 1 2.746200 9.180940 17.711700 
1203 2 3.877420 0.800237 25.021700 
129 1 10.757400 6.374890 17.827500 
334 1 2.120810 0.984501 14.295400 
1568 2 0.635261 6.711730 16.397900 
1558 1 1.647470 0.768832 17.045300 
461 1 1.865690 10.089400 26.166300 
545 1 8.447540 3.184880 15.587900 
1957 1 1.517390 6.085820 23.351600 
526 1 10.062100 12.538100 14.901500 
1420 2 9.264270 0.555298 26.217300 
788 2 3.671670 2.091890 18.217500 
762 1 2.832090 1.592150 26.439600 
936 2 9.979900 11.909000 15.595900 
318 1 11.177000 9.287560 13.978500 
767 2 1.792750 10.325100 16.940700 
1857 1 12.647800 3.686850 13.200400 
570 1 1.504340 3.834470 20.222900 
1524 2 9.950200 3.494140 21.461200 
1648 2 3.572370 11.664900 24.051400 
21 1 2.091050 4.863110 16.924800 
895 2 12.475100 3.769240 18.040100 
1155 2 8.125910 3.310090 16.661300 
1298 1 3.110410 12.337600 20.070400 
1959 2 6.609540 3.477860 23.635200 
867 2 9.716980 8.567740 14.437300 
1556 2 11.093100 12.599900 24.877100 
920 2 11.874200 2.926000 22.307500 
1537 1 4.466060 11.874500 17.218200 
40 2 2.813120 9.424940 15.206500 
467 2 10.703200 7.266520 17.738400 
1180 2 8.823530 0.891159 26.001900 
1988 2 10.979200 5.010110 24.393100 
608 2 12.185700 10.083800 15.256800 
729 1 2.796940 9.851560 20.231300 
346 1 10.505200 11.978600 16.179500 
1513 1 11.009300 12.519500 23.608300 
1368 2 11.348600 3.377820 18.355100 
1010 1 1.365270 13.120400 22.446500 
615 2 11.267600 8.331030 13.657000 
103 2 6.066820 3.429440 13.838300 
417 1 1.675970 7.974180 14.174400 
1642 1 5.040180 9.439730 13.610000 
1735 2 9.866820 0.735685 13.791300 
1019 2 7.136190 4.808300 13.732000 
1441 1 8.051500 13.757800 9.131120 
158 1 2.032330 15.997500 2.568490 
1439 2 10.447100 16.543900 5.988300 
1060 2 8.322980 25.927300 12.447800 
949 1 9.393100 18.263900 5.528950 
147 2 2.434090 21.823000 7.825600 
851 2 8.733820 24.094500 3.578960 
414 1 8.486320 18.117000 1.218260 
1547 2 11.558900 23.854300 11.991800 
691 2 12.885100 18.543900 8.307900 
894 1 10.769800 15.159800 4.720510 
777 1 5.550820 25.306100 7.406680 
465 1 7.194650 26.500800 10.403900 
1045 1 4.144880 17.280300 3.045030 
1221 1 1.822190 17.224800 6.854140 
701 1 11.384600 17.162300 6.614450 
1223 2 8.034240 17.150000 0.911425 
1256 2 12.818500 19.747000 2.613380 
1596 2 1.400720 25.022200 4.789590 
389 1 2.624010 23.410500 5.700440 
285 1 12.044800 15.716900 11.111900 
140 2 6.908650 19.767400 1.678320 
458 1 7.735220 16.357900 6.723010 
1321 1 12.649300 25.888900 5.215360 
90 1 8.025380 19.271400 7.158300 
770 1 4.073520 14.282300 9.409920 
132 2 1.360090 14.393200 12.811900 
481 1 3.722630 17.462800 7.040210 
684 2 9.947340 26.348700 6.189790 
1510 1 6.725740 20.662200 2.068450 
1436 2 11.334800 13.628400 7.154650 
1396 2 1.127780 23.689900 10.818500 
293 1 13.065200 24.690600 11.435400 
1158 1 0.958680 19.774500 10.657300 
1351 2 7.024030 26.478100 2.431870 
516 2 4.115060 22.521000 7.712730 
831 2 13.111900 21.006300 5.125080 
1271 2 3.904850 14.519600 3.348840 
1590 1 12.263800 22.306300 9.938910 
1872 2 10.081600 19.033600 2.508670 
1783 2 4.817330 19.292500 10.148600 
1632 2 3.248840 25.270400 6.553730 
1818 1 6.976420 17.502300 4.018340 
1304 2 6.869860 17.474900 5.330390 
913 1 6.762920 24.189600 12.842200 
1675 2 2.750390 23.316100 3.061910 
108 2 5.533290 20.729900 8.620230 
596 2 7.180650 18.526700 12.940000 
918 1 4.330650 25.996100 5.189740 
1072 2 0.604922 19.122600 1.587880 
1706 1 0.648341 24.710100 7.901600 
41 1 10.346500 26.249500 3.243860 
1364 2 7.042480 16.711800 9.322380 
148 2 12.614100 22.169200 4.799060 
1489 1 4.946140 19.939200 5.478950 
1653 1 3.503410 22.510500 7.314880 
1433 1 2.312350 19.240900 1.374010 
297 1 8.396160 14.559200 4.633430 
1562 1 7.606190 23.134500 8.000760 
1506 1 5.965450 24.623600 9.069750 
683 2 2.409720 13.546500 6.171480 
1770 1 2.231320 20.776400 12.934300 
449 1 5.966600 21.850300 1.607180 
1884 2 10.677800 21.589300 2.937620 
154 1 11.209000 23.860700 12.744100 
1779 2 4.557540 23.921900 11.918200 
312 2 13.381000 15.621500 7.261180 
1051 2 7.687510 15.228000 4.037750 
1784 2 1.113430 19.700200 5.628930 
981 1 7.112410 26.286900 0.902226 
1946 1 10.594800 19.750700 2.631040 
1044 2 11.706100 15.801700 0.838301 
704 2 8.218540 17.374200 6.374090 
151 2 4.872110 25.135600 8.937030 
1089 1 4.482160 22.032300 7.956080 
27 2 9.256370 14.936200 11.080600 
1170 1 0.570329 23.427300 2.779970 
1054 1 9.059270 19.202700 3.637290 
916 2 6.965920 20.734300 12.780100 
223 2 7.712000 21.283000 9.294380 
125 1 1.276210 14.940100 13.283900 
734 1 5.304220 14.950800 0.467041 
262 1 9.854290 18.301000 0.431775 
1234 1 7.628950 15.457900 8.088470 
538 1 0.699511 17.562500 2.766250 
1743 2 8.607520 13.829300 7.391500 
1017 1 13.116200 13.479900 12.607000 
1003 2 1.887120 16.680300 2.226810 
652 2 4.742620 16.990400 4.731830 
1939 2 3.937470 13.532200 9.314950 
1132 2 0.712333 14.863100 8.734600 
919 2 6.378950 16.066700 5.860580 
1103 2 9.268660 26.176400 1.165450 
930 1 6.113790 23.473400 11.988100 
102 1 5.804530 25.985100 3.181370 
1126 1 2.649690 15.144300 1.907410 
1839 2 13.171800 22.682800 8.851010 
459 2 10.096600 20.127300 9.071040 
864 2 4.196170 20.584300 5.979500 
232 2 12.427100 18.276000 11.960500 
773 1 5.066770 25.026400 11.398700 
939 2 9.659430 25.604300 7.742650 
1046 1 6.350550 20.439900 9.891440 
554 1 7.560750 26.265800 6.678070 
820 2 9.388860 18.032800 1.456350 
1160 2 3.366540 18.780700 2.030730 
658 1 12.340800 20.073200 1.779160 
1941 1 8.584680 21.692700 12.841200 
1021 1 9.552010 23.383800 10.616700 
342 1 4.096860 14.753300 3.106520 
1697 1 9.918980 22.446900 3.237540 
326 1 12.589800 22.882900 2.517510 
1225 1 0.947183 14.890500 9.857070 
801 1 6.631250 20.772200 12.297600 
1975 2 8.505080 18.772000 5.402850 
1278 1 11.190200 15.779000 0.965500 
1484 2 9.164330 15.199800 4.061150 
1883 2 2.133360 14.139700 11.820200 
571 2 6.236370 22.102200 3.786110 
22 1 9.850570 16.900300 2.967820 
1177 1 1.135630 17.745000 10.579200 
564 2 7.354320 15.442300 2.596920 
623 2 3.061820 19.183600 6.682250 
446 1 2.446640 20.947200 7.406490 
1878 1 -0.062743 25.906000 5.318600 
728 2 2.418860 14.922200 3.364790 
799 2 2.797900 24.343200 6.693640 
156 2 9.767910 22.685800 6.968620 
1264 2 3.685010 19.866500 12.393200 
1048 2 9.766640 17.291900 12.742500 
1306 1 2.478780 13.896200 5.057040 
351 2 8.761840 24.586900 8.632530 
1288 2 3.698130 18.625500 8.140540 
1877 1 11.069300 20.918100 6.369200 
52 2 12.992800 16.436500 10.330800 
665 1 11.253400 24.584400 9.806110 
1135 2 5.998010 24.814400 6.555130 
493 1 8.166550 18.099200 9.239920 
199 2 7.729550 20.614700 1.597910 
636 2 6.119770 14.062800 13.233900 
1540 2 4.746240 23.677100 11.757300 
281 1 9.141390 23.042100 6.305760 
1291 2 6.604770 26.324700 3.627880 
1245 1 11.957200 20.727600 4.454470 
222 1 6.901120 16.431900 2.495870 
1124 2 6.765900 22.361300 5.563770 
594 1 7.979970 15.037100 11.662700 
1208 2 11.529900 23.721700 10.296100 
1549 1 2.685250 24.937900 6.605440 
1270 1 13.152900 19.250800 8.470450 
514 1 0.333756 26.378400 2.993860 
1387 2 2.491580 20.342100 2.333320 
1771 2 1.156130 21.115700 11.232200 
1310 1 5.740140 20.641900 7.145480 
1163 2 6.849530 23.858900 -0.288628 
1581 1 7.233670 14.969100 0.853626 
1578 1 2.213680 25.210800 2.261260 
1552 2 6.923440 23.070200 12.264200 
1816 2 8.467370 20.489700 10.028900 
1359 2 1.470900 25.237600 1.941110 
1761 1 10.382600 13.195300 10.311800 
485 1 6.481100 17.413300 8.865100 
195 2 1.511970 25.994300 3.350630 
1326 1 11.733100 20.032900 8.095620 
838 1 12.345400 21.403700 8.405610 
1577 1 3.300000 15.705500 11.398600 
70 1 0.018741 15.262200 7.163320 
1849 1 13.418700 18.624700 11.129900 
865 1 5.135400 18.160300 7.651380 
1702 1 9.262160 24.998500 2.998010 
595 2 -0.242033 14.006000 2.828000 
1587 2 3.047160 24.694600 10.159400 
381 1 7.578610 25.649500 2.951400 
1664 2 5.581570 25.772000 6.834690 
1119 2 7.278500 17.251700 13.022000 
1228 2 4.645360 24.972600 5.998850 
1823 2 5.505680 20.299100 6.309340 
390 1 1.002660 20.269000 7.907280 
1262 1 1.156430 24.631200 4.250660 
1111 2 4.710140 21.474900 5.879620 
1623 2 2.796190 17.347000 5.654470 
845 1 5.416260 23.163700 3.950200 
472 2 3.240250 16.320900 10.993400 
487 2 7.052510 16.175600 8.053760 
662 1 8.298420 22.298600 1.919380 
1066 1 2.276300 26.102500 9.722620 
857 1 12.682400 17.620700 11.735300 
617 1 13.119200 22.097900 5.094580 
136 2 3.885700 24.650200 2.669550 
172 2 12.059900 19.823600 8.687300 
821 1 8.319730 20.759600 9.830330 
1285 1 0.856566 23.382100 10.787500 
1312 2 10.853300 23.109800 9.354710 
473 1 8.393840 20.063000 0.127349 
689 1 12.106200 23.224900 7.418030 
1812 2 1.598090 25.759800 12.865700 
248 2 6.934960 15.940500 2.403760 
1347 2 12.649600 13.881700 6.861660 
1204 2 2.461900 18.748100 11.389700 
1014 1 0.780579 21.142900 11.182300 
1875 2 9.021550 21.825400 12.295300 
1919 2 3.296500 16.930200 11.897600 
917 1 2.304920 24.479000 10.721700 
398 1 5.789750 15.049100 3.457260 
1058 1 1.891140 22.170800 3.649480 
5 1 0.936460 18.765400 5.479550 
975 2 11.402800 20.968700 5.955460 
962 1 6.536160 13.452700 7.544190 
634 1 4.719170 18.767700 4.235120 
399 2 5.408490 20.055700 11.742900 
407 2 2.016350 14.826900 1.018400 
866 1 9.313380 14.866300 1.891250 
643 2 4.091910 20.131800 0.405223 
63 2 11.470100 20.195800 2.540100 
457 1 6.471610 23.097100 5.252960 
871 2 12.976300 25.772700 6.035170 
1956 2 10.402300 26.449000 4.074120 
1443 2 9.350840 13.327800 8.161420 
1945 1 13.425000 17.651000 4.530230 
1007 2 8.329570 17.479700 1.491140 
616 2 12.124200 18.376800 6.990110 
1543 2 10.600200 17.296300 0.911748 
495 2 -0.108283 17.827800 10.087600 
1274 1 4.623110 19.940600 0.474289 
789 1 4.335260 23.726700 11.086200 
306 1 4.522100 19.825800 12.441000 
1678 1 5.440880 19.540800 11.104100 
1350 1 7.607350 23.576600 0.521887 
896 2 7.626740 13.482600 8.624850 
1833 1 7.848490 18.979900 12.433400 
1486 1 10.166800 15.064000 8.758810 
1460 2 7.684890 23.895300 2.126560 
553 1 4.162500 25.200900 3.852980 
1260 2 10.682000 14.760500 0.939258 
181 1 11.777400 13.808400 13.245600 
1430 1 8.831310 13.534700 6.476610 
354 1 5.945790 26.040800 13.055900 
1719 2 0.063961 13.611900 5.010400 
1110 1 7.541210 13.480800 2.220450 
1978 1 10.657700 13.812200 6.533230 
310 1 1.967050 13.465000 12.547900 
768 2 6.194330 14.742100 0.451655 
1825 1 3.265870 24.911000 13.068100 
1254 1 0.289274 17.131400 19.950000 
340 2 6.311650 15.449900 16.166300 
177 1 0.221215 26.305000 17.521500 
402 1 4.985900 16.269300 18.088600 
1175 2 6.347640 14.623700 26.404900 
1183 2 8.527300 23.825600 14.741800 
795 2 12.225800 16.035900 20.429400 
445 1 1.344010 18.800200 26.214300 
1286 1 7.355300 14.901900 18.218100 
1992 2 9.074040 20.287000 21.553100 
353 1 5.694570 23.412200 19.478500 
1806 1 9.121590 13.932700 17.325900 
1195 2 0.795160 14.444900 19.977500 
1579 2 12.842400 23.281200 19.902100 
1149 1 8.347430 12.866700 18.938700 
55 2 0.871317 18.617300 14.262000 
120 2 12.744300 19.916000 15.206100 
209 1 4.282790 20.938400 15.922100 
668 2 10.671700 16.602700 20.792300 
188 2 11.876000 22.965400 26.005000 
1139 2 5.914980 24.705700 16.357900 
415 2 6.758650 24.875200 21.874400 
841 1 8.035150 22.929400 20.199000 
754 1 2.065540 17.911800 16.647000 
718 1 4.965810 24.216600 15.073100 
1703 2 2.377580 23.367100 18.581200 
647 2 1.947010 14.260100 15.598200 
1466 1 0.741161 22.862100 24.726900 
861 1 12.990800 17.565100 21.627700 
971 2 12.684100 21.676000 15.580500 
1652 2 7.541330 16.166200 20.239300 
13 1 12.788200 14.464900 18.187000 
1731 2 2.659510 16.879900 21.954600 
296 2 4.994310 25.313000 15.831300 
109 1 12.400500 22.119400 15.754500 
802 1 10.259700 24.284700 24.506700 
1821 1 9.444060 21.921300 21.765900 
1231 2 3.186020 26.512600 21.445800 
233 1 13.144700 16.868500 15.821300 
1942 1 0.430806 25.854300 25.398300 
1169 1 9.491090 19.990700 15.572800 
774 1 0.625692 24.268300 23.008600 
1418 1 12.349500 13.393400 19.424300 
1117 1 10.960300 19.139900 25.415300 
967 2 10.786500 18.021900 18.342600 
1249 1 10.845100 18.078800 16.991900 
1356 2 13.109100 14.684400 25.290700 
1923 2 2.942560 13.437900 25.146500 
620 2 9.897960 16.346100 23.755200 
1423 2 9.073710 19.116400 19.548600 
1968 2 3.553650 21.931700 16.223700 
1630 1 5.977930 23.255300 22.526400 
1100 2 4.650270 14.326800 13.436300 
1461 1 12.059300 14.829900 14.805800 
1381 1 1.046450 18.215200 22.566900 
1379 2 4.364390 15.689000 18.526900 
239 2 6.020230 15.930000 15.881300 
1241 1 11.176100 15.464200 21.123000 
1929 1 3.437910 17.580200 17.237900 
131 2 6.632810 14.826300 16.098300 
614 1 8.675630 17.638400 19.191000 
208 2 9.237330 24.679400 25.056500 
694 1 8.432680 25.920200 20.220400 
1608 2 0.458698 19.557700 15.389100 
1337 1 8.464180 24.553300 22.304300 
1092 2 5.571410 14.257500 18.470400 
1080 2 3.090930 15.660700 21.785500 
624 2 2.419360 16.691300 13.556100 
171 2 1.486450 21.103800 14.105000 
185 1 2.837230 22.443300 23.284300 
1886 1 7.900240 15.118600 16.294300 
1601 1 8.918970 24.423500 23.990700 
970 1 2.056420 20.433900 21.732200 
844 2 5.386400 19.868600 25.277500 
145 1 1.014570 15.698500 21.667000 
751 2 8.769490 18.137400 23.051800 
162 1 4.179820 16.350700 19.725800 
1532 2 9.360090 24.690100 23.663200 
520 2 8.208890 13.710900 17.695400 
1300 2 6.219400 16.826400 16.187500 
24 2 12.231400 22.638300 16.664600 
193 1 7.115410 26.516600 23.821300 
1422 1 3.136440 22.310900 16.672100 
639 2 0.403536 22.343300 24.991900 
602 1 9.351880 22.270200 25.294300 
1858 1 7.716040 26.090400 14.635500 
1360 2 1.806420 26.515200 19.323100 
979 2 3.916560 20.660200 16.656600 
1529 1 6.641880 15.428200 23.877900 
413 1 7.415230 16.248500 21.573300 
953 1 9.842740 15.774600 13.770300 
1127 2 8.533880 23.639400 19.815900 
824 2 12.809700 14.026300 17.312200 
1847 2 3.028660 15.271300 18.993200 
1980 2 8.892720 19.460900 16.455500 
1930 1 10.146500 24.726900 26.420000 
1641 1 3.979480 25.423300 21.889300 
1196 2 12.600100 14.758700 15.317500 
1362 1 0.811464 21.712300 15.077900 
1627 2 9.492590 24.323900 20.853300 
1140 2 12.346500 17.530300 19.494900 
1079 2 0.791332 17.216800 17.474100 
1917 1 9.712640 18.587400 13.651600 
1660 2 8.017110 17.645100 18.194600 
1283 2 8.886170 14.146700 15.884300 
539 2 3.036900 25.020000 16.094500 
1572 2 6.004860 22.530100 19.070300 
709 1 2.700890 16.975200 13.406500 
796 2 12.517100 20.356300 17.498700 
712 2 2.693030 23.396400 21.204400 
883 2 10.022100 15.836600 22.218100 
1740 2 2.531340 22.465000 25.291400 
1567 2 5.748840 18.983600 17.408400 
450 1 3.023710 23.026900 18.984500 
922 1 3.522700 15.929900 21.898500 
1571 2 3.456000 24.662200 14.962600 
1339 2 6.823580 21.805400 21.740200 
160 2 8.116590 22.573100 19.475800 
39 2 8.104280 22.321600 21.993600 
72 2 11.579500 24.194800 13.584600 
1207 2 10.806000 22.251200 14.449500 
1075 2 9.894900 24.127300 24.907600 
393 1 3.132150 25.614800 15.679200 
1773 1 0.265803 21.186600 21.891900 
259 2 10.693000 19.353300 18.690200 
552 2 3.018890 17.696600 16.922200 
1665 1 5.012190 14.574500 24.256500 
59 2 11.334900 23.208600 22.221000 
205 1 13.292800 14.028300 23.273700 
1073 1 13.299300 22.374600 13.581600 
441 1 0.911274 13.774000 19.665800 
81 1 13.049600 22.739000 26.195400 
283 2 12.256100 21.527700 22.790100 
165 1 6.305180 26.536600 25.605500 
1583 2 1.569900 21.891200 24.403100 
625 1 5.852330 14.736900 16.291000 
184 2 2.468720 15.895400 21.151500 
1869 1 4.442850 16.143900 15.994800 
512 2 7.215730 24.139700 22.190100 
1366 1 6.585550 18.118500 21.301600 
1478 1 1.381670 18.622100 14.355200 
127 2 4.410180 21.175100 23.287200 
19 2 11.335500 22.626300 25.886100 
903 2 11.175400 15.061500 14.122100 
1229 1 2.354100 16.273200 19.262800 
270 1 2.453770 23.517700 21.222200 
964 2 12.470200 17.455800 15.750600 
1114 1 9.845220 14.722800 22.347700 
15 2 4.616760 16.948900 22.282600 
833 1 3.206260 14.456000 17.191600 
1113 1 11.927700 13.834000 25.421500 
1336 2 7.428020 20.311000 21.801800 
681 1 5.660370 17.977600 16.534700 
1193 1 6.419710 13.496700 25.862600 
1669 1 5.495600 23.111300 16.657200 
737 1 4.476090 20.515400 17.345200 
1628 2 6.018310 15.355500 21.954200 
1232 2 8.909420 18.971100 25.836400 
1082 1 7.629400 21.998700 21.854600 
817 1 11.171500 17.281300 19.616400 
597 1 9.586530 18.294700 21.970300 
295 2 6.378390 22.252800 13.836400 
178 1 2.333490 16.681700 24.042000 
805 1 2.582810 14.286100 26.133700 
1672 2 1.959400 17.289900 22.211300 
1332 2 0.334770 17.727100 25.331100 
391 2 8.739650 26.152200 24.608800 
1047 2 7.418820 26.031400 13.597800 
1041 1 8.542280 24.952300 17.211500 
686 1 11.838700 23.838400 19.109200 
1969 1 3.371030 25.639500 18.576400 
906 1 6.969740 25.212400 15.350000 
327 2 6.941690 17.584300 20.883100 
1932 2 3.716850 26.376800 26.106900 
800 2 6.617750 21.481100 25.918200 
828 2 3.911550 22.359800 18.994300 
61 1 6.419620 15.678000 15.229700 
1499 2 11.919400 18.376800 25.775300 
830 1 5.787450 15.889600 21.210100 
927 2 12.146300 17.057200 21.553300 
1519 2 1.588190 23.721300 22.356400 
1799 2 8.335440 21.835700 18.547700 
1224 2 3.606400 24.173800 15.132100 
1212 2 6.543940 16.442500 22.363400 
1213 1 11.416800 24.568900 16.903000 
1272 2 10.931900 23.657900 17.610800 
910 1 2.819260 24.378300 16.879100 
1411 2 2.105480 19.151700 18.533100 
582 1 12.121700 21.363700 23.321000 
238 1 6.672860 20.285700 25.002200 
383 2 1.702760 16.616300 21.911900 
1905 1 7.683660 21.637000 18.033800 
48 2 0.981713 13.227500 15.363300 
1501 1 0.648620 15.294400 25.997000 
1566 1 3.693330 25.012400 25.950100 
1369 1 7.655620 17.782500 17.073500 
818 1 1.689170 21.822800 25.569700 
580 2 2.404820 26.093500 26.444500 
1751 2 1.078000 25.669400 13.211200 
1820 2 0.631744 20.300000 20.825300 
1289 1 12.625200 24.009600 21.507600 
348 2 2.950980 25.105100 17.310300 
1727 2 9.028270 15.020200 16.552700 
169 1 7.337250 17.787900 23.614400 
1401 1 10.625400 20.735100 14.086800 
1897 1 10.198500 16.258900 23.071100 
1151 2 0.520596 16.034800 15.464300 
426 1 9.182240 21.411400 19.047500 
1322 1 7.992600 19.481100 23.121600 
645 1 4.158880 17.998200 22.544300 
1717 1 11.438300 15.207600 17.018000 
810 1 8.798170 23.416400 13.729800 
1801 1 12.115600 18.666800 18.143000 
1142 1 0.533034 25.810700 13.730700 
330 1 -0.206119 18.896700 13.920700 
93 1 9.947980 20.701500 25.905700 
439 2 7.773000 20.925700 24.863100 
1606 1 12.526700 14.539500 26.270100 
278 1 6.047330 19.956100 19.166300 
666 1 5.357490 14.336000 18.551600 
780 2 8.724350 24.577400 14.777200 
891 2 12.143400 14.337100 24.909100 
721 1 8.928310 19.687200 20.504100 
510 1 0.629766 14.465000 15.378300 
794 1 9.792650 24.236600 20.951900 
581 1 4.810200 21.236500 21.501000 
1344 2 12.430100 23.276300 21.245600 
429 1 9.011680 19.802900 16.798900 
1009 1 12.244300 20.764200 19.639200 
1737 1 11.627900 23.110600 22.279400 
1136 2 4.582600 20.481900 16.604500 
1235 2 9.610770 19.442700 14.942800 
197 1 2.176910 19.828000 19.033900 
1961 1 4.641540 17.357700 25.636500 
650 1 7.584230 23.264400 25.014400 
856 2 3.613940 15.582400 24.790300 
483 2 4.243780 17.385600 26.098600 
982 1 0.487646 20.655100 24.376700 
335 2 6.749520 13.860700 22.238600 
1692 2 13.057800 26.397900 18.347300 
1444 2 8.876610 26.327300 20.253600 
779 2 0.211987 26.330700 17.150700 
33 1 7.347100 17.297500 13.565700 
1503 2 6.511170 14.567600 26.029100 
272 2 17.652100 1.248990 3.109880 
1471 2 15.457400 11.288800 6.175150 
1067 2 20.590600 10.929200 4.385070 
655 2 18.171400 11.009000 7.922530 
86 1 16.140800 6.609560 3.130330 
724 2 14.831300 4.222950 4.909700 
941 1 25.544300 1.962530 5.410580 
66 1 16.759200 5.330220 8.312720 
1064 2 17.686800 11.974800 9.826210 
231 2 25.176900 4.344310 10.082700 
1685 1 19.914900 3.984920 7.230070 
191 2 23.527100 3.921050 12.224000 
1765 1 18.853300 10.660900 12.217700 
1165 1 14.297800 0.693885 12.985200 
135 2 20.993800 12.210600 1.713920 
628 2 25.288600 5.155930 9.712880 
877 1 21.960100 0.708016 11.547600 
139 2 23.421300 7.786750 9.141060 
1251 2 14.465500 10.294500 9.699160 
1647 2 18.036400 0.642126 3.498390 
945 1 17.280400 6.397270 4.626610 
1846 1 19.481200 7.477170 5.293980 
83 2 22.612800 10.560800 2.370850 
876 2 25.323400 0.873939 5.307650 
300 2 25.503900 12.070900 10.083400 
761 1 23.102500 1.145010 9.003250 
1085 1 24.726600 3.621130 12.403400 
250 1 23.182100 6.994460 3.643360 
664 2 15.995300 5.444930 7.389780 
168 2 19.530300 7.866610 0.092990 
1828 2 26.234700 8.524920 5.132210 
173 1 14.440500 6.546670 12.669500 
1545 1 18.773700 10.978400 10.103000 
1546 1 15.678900 7.831700 9.285970 
356 2 22.153800 6.156430 8.289050 
1194 1 20.576100 1.545260 4.826400 
96 2 15.025200 8.678760 6.137310 
678 1 21.128200 11.204400 8.745870 
606 1 17.814900 4.441730 6.844150 
1377 1 20.734800 6.347990 1.299490 
638 1 15.299000 12.802900 8.077130 
1671 2 17.377300 10.146900 1.658630 
203 2 19.814300 10.472600 12.715400 
1555 2 14.569800 3.461170 4.474400 
1118 1 13.041900 4.885380 11.351100 
933 1 23.367100 12.620500 0.690908 
385 1 18.356300 9.202290 10.861000 
1449 1 20.970300 10.090500 1.492490 
368 2 20.547800 3.341110 9.992340 
1582 1 18.969400 5.738620 12.322600 
1240 2 20.610800 4.016630 2.861750 
1070 1 22.568100 9.746490 8.241900 
1747 2 22.401300 5.267740 6.636580 
99 2 25.081100 11.023300 1.564000 
1252 2 21.324600 8.684320 8.337680 
1002 1 23.423900 1.300290 12.913500 
550 1 25.847900 12.105300 0.798383 
874 1 13.730800 8.975770 10.520900 
1876 2 19.251600 11.734600 3.357020 
282 1 26.456600 0.290810 10.352600 
406 1 17.826300 6.997490 8.299150 
1025 1 23.927600 3.517580 0.912669 
1725 1 21.475700 7.461880 9.303890 
1452 2 21.171300 9.676900 1.533660 
1639 2 23.875100 9.406980 12.894300 
366 1 16.205200 1.818010 4.203360 
320 2 21.249800 1.032970 9.992110 
1076 2 25.551600 4.619490 2.477620 
379 2 17.037300 11.509300 4.110470 
1102 1 23.520500 4.723390 9.268090 
1996 2 21.369600 0.144950 2.654870 
104 2 21.399900 3.645190 3.944810 
164 2 21.988700 5.340650 10.746800 
1561 1 23.763600 12.581900 10.350600 
1453 1 12.989400 9.782300 1.616750 
1793 1 20.010800 11.387300 3.310580 
1834 1 15.282500 2.358500 7.024210 
1620 2 23.523100 3.090040 0.064265 
1052 2 16.115900 12.706700 7.585720 
307 2 25.419200 0.989354 11.333900 
589 1 26.190900 12.291600 9.572680 
1335 2 26.273800 11.637700 4.404570 
829 1 13.539400 9.451420 3.914780 
489 1 25.565000 9.024170 10.345100 
959 2 19.960600 2.405650 13.252800 
1616 2 17.411900 8.701460 7.666970 
1190 1 13.826000 2.001190 9.714950 
1526 1 20.815400 4.153880 9.310350 
1309 1 16.151300 11.300900 6.419420 
972 2 21.673900 2.680500 6.171510 
275 2 26.222200 0.889952 5.195150 
1412 2 17.240400 10.981300 5.358860 
1470 1 22.466300 4.453090 13.423400 
1404 2 14.741700 9.191230 2.514830 
182 1 17.243100 2.857410 12.238700 
1926 1 20.396100 8.630250 0.401021 
680 2 16.238700 11.947400 2.421840 
542 1 21.796100 0.881974 6.546250 
75 2 22.539200 9.473750 7.069340 
997 1 18.807000 3.319850 3.122530 
1914 1 23.551900 3.509240 3.213910 
618 1 22.065600 4.372080 6.974460 
1290 1 23.598300 9.273470 12.974500 
1148 2 19.053500 6.610670 12.507300 
67 2 24.750900 6.935010 0.635226 
1166 1 24.964100 8.064240 2.432540 
674 1 15.889300 3.984020 7.330110 
1634 1 15.337700 4.751300 5.216280 
1086 1 15.016200 3.078790 3.772520 
1429 1 15.390700 11.079700 13.124300 
1277 1 18.913700 4.329960 2.204030 
528 2 13.977300 6.766150 6.696740 
1619 2 16.622400 4.522510 7.074200 
1361 1 25.046800 0.954130 6.977080 
790 1 15.050000 4.449380 13.108100 
660 2 25.058800 1.714130 11.080400 
1836 2 13.276800 8.853000 10.733200 
626 1 25.689500 4.335780 4.086090 
1764 2 17.640700 3.285880 2.304940 
1924 2 13.264100 6.405530 2.926760 
9 1 26.361800 5.163830 6.431730 
294 1 21.265600 4.116160 1.892370 
887 2 23.922300 2.808340 0.769315 
1 1 21.675900 8.695730 6.118770 
787 2 13.729200 6.908290 9.072700 
758 1 14.539800 8.441450 4.389870 
931 2 19.293700 9.008530 8.120670 
1367 2 23.513600 11.318100 6.098080 
1874 1 18.447400 1.378410 10.615100 
1417 1 18.275000 10.668300 7.171370 
1739 2 14.804300 13.102000 9.094710 
1756 2 22.246200 6.791580 2.357200 
1022 1 14.757700 6.092240 6.537570 
1069 1 25.430400 10.815700 8.979720 
961 1 21.951600 11.717600 11.619700 
401 1 15.417000 4.936370 11.350800 
679 2 22.736600 7.408400 2.689320 
513 1 20.531400 13.134300 4.362130 
1775 2 17.433500 6.783450 4.927370 
1560 2 13.591300 2.610200 10.054800 
219 2 19.938200 12.727000 10.107100 
1557 1 16.172900 7.643060 1.466470 
1456 2 19.831500 5.475280 6.706200 
1855 2 15.266700 7.257130 3.898260 
677 1 16.797800 8.915630 7.263350 
1376 2 17.861600 7.580010 3.385810 
1768 2 21.967000 11.637800 11.966400 
862 1 22.400500 12.904800 9.865380 
359 2 21.695700 2.385180 3.742720 
714 1 17.045000 12.303000 8.165720 
322 1 20.577100 4.185430 11.153200 
261 1 19.417400 6.377850 9.567760 
1024 2 17.667000 5.767940 10.862200 
471 2 21.284200 0.593333 7.282190 
1305 1 19.242600 8.002010 8.526620 
1451 2 13.402100 4.121740 8.264140 
1465 1 14.132200 1.577610 0.805242 
253 1 18.975400 8.004500 2.804190 
1748 2 25.893300 12.103300 4.737240 
1020 2 19.987100 1.937130 9.203710 
1910 1 13.828300 3.144900 9.064920 
1755 2 17.131000 8.856080 6.604560 
87 2 26.064100 7.309230 7.600200 
1829 1 16.922200 11.928000 10.273700 
1817 1 21.761300 3.131220 12.538000 
1767 2 22.554300 11.695400 5.080740 
610 1 22.755900 8.281950 7.645980 
254 1 25.011700 1.822710 11.561800 
937 1 16.408200 9.378010 2.004420 
566 1 14.254900 7.283490 1.867150 
464 2 20.214000 11.588000 8.164360 
1095 2 14.595300 5.935930 1.986050 
79 2 14.501100 3.867780 12.292400 
311 2 20.675700 5.479650 9.947160 
812 2 18.686500 11.150800 13.229800 
804 2 18.873200 9.492660 11.051900 
1244 2 22.923600 8.618130 11.704500 
598 1 19.989900 10.230600 13.270000 
1548 2 13.483000 2.749550 7.973230 
732 2 18.076900 5.767000 11.687800 
345 1 21.750500 6.946100 12.453700 
1346 1 17.347300 2.235630 2.364960 
785 1 25.455000 7.912240 8.020310 
693 1 25.739800 9.183640 1.594740 
536 2 14.939500 5.334380 11.801600 
698 1 19.146100 0.081033 4.745340 
378 1 17.568400 11.145000 5.149180 
288 2 26.027300 12.667300 1.057090 
940 2 22.842400 12.488600 9.928840 
880 2 23.788000 9.211010 2.639350 
1402 1 16.564100 0.518139 12.133200 
1944 2 24.483400 0.444086 9.199050 
840 2 18.175700 0.500721 11.551500 
1913 1 16.039900 6.664770 10.049800 
948 2 23.769000 8.149970 5.138240 
706 1 25.059400 10.969900 3.416000 
563 2 21.215100 1.368720 1.290570 
1340 2 25.290500 11.465200 9.539940 
1741 1 17.419200 8.768430 5.454060 
1373 1 14.553300 4.570620 0.562323 
179 2 14.952600 12.045200 13.367600 
1500 2 20.646300 7.582640 6.278510 
482 1 26.308900 9.019230 6.924890 
1485 1 13.894400 9.666990 7.657890 
78 1 24.586100 1.983530 9.017200 
367 2 17.810300 7.219490 8.600520 
1965 1 23.811100 11.383200 1.915810 
747 2 25.851500 1.559230 4.649750 
1891 2 21.662300 10.689200 8.660830 
186 1 22.249700 8.895120 9.073010 
1121 1 18.026000 0.738817 13.322200 
1065 1 20.442100 1.182670 1.658380 
635 2 16.860800 4.510840 12.531700 
1173 1 21.114900 11.539600 6.797050 
484 2 22.998000 8.412090 12.201800 
839 2 23.090800 0.457710 0.643492 
115 2 18.687500 6.749100 4.509480 
1472 2 26.368900 7.009720 7.868240 
1674 1 22.589100 10.548200 4.800030 
1397 1 17.975200 0.003928 7.505000 
454 1 16.621900 0.994011 8.868570 
308 2 26.685600 11.454300 5.582440 
1744 2 13.715600 1.372770 1.636540 
1357 1 22.681400 12.911600 4.284610 
928 2 15.378200 4.292270 6.739090 
8 2 23.509300 1.257300 12.896400 
357 1 13.705900 4.501610 2.882920 
468 2 16.066500 12.325300 8.919840 
870 1 24.628000 5.295060 11.427100 
77 1 16.652600 12.818900 4.418960 
1987 2 18.262400 4.429770 1.804800 
1613 1 22.788800 0.775518 1.057330 
1707 2 13.819600 1.890120 9.976380 
1497 1 16.062000 11.583300 2.627410 
488 2 17.784400 3.645910 2.812740 
321 1 26.411500 9.909850 5.079110 
1918 1 24.052400 7.765050 5.318830 
532 2 22.036700 12.769100 4.258570 
1522 1 25.813200 5.747120 8.752650 
1733 1 23.101700 7.637210 1.835410 
603 2 25.211000 10.950300 9.452370 
543 2 16.333700 6.379960 10.567800 
1242 1 23.394500 7.949820 12.347900 
649 1 22.156800 4.303880 5.261520 
1612 2 15.203300 2.238080 6.674410 
630 1 15.572300 7.967420 6.806950 
847 2 19.523500 5.654840 8.329670 
1201 1 20.311400 6.427750 7.183780 
1154 1 18.904700 12.848300 11.970600 
1287 2 13.775000 10.239000 2.940810 
1850 1 18.154600 11.325400 2.268620 
1167 2 25.715000 4.974120 3.843460 
1588 2 25.008900 8.029120 2.298000 
1763 2 22.921800 2.905210 8.401520 
1220 2 25.793000 9.822730 8.152310 
651 2 21.907700 8.088910 10.937400 
463 2 17.917900 0.933521 9.755260 
301 1 23.452800 0.243531 3.233020 
1334 1 26.322400 0.440864 1.050060 
1388 2 25.301300 0.500430 2.976500 
362 1 14.898000 12.942100 9.845930 
343 2 25.072500 13.341600 12.096800 
1574 1 21.158300 0.352990 0.824123 
202 1 19.726200 11.926800 0.460093 
854 1 17.788800 7.498890 12.852000 
1416 2 23.528400 0.367772 20.850700 
1450 1 26.728600 12.904800 15.385700 
885 1 24.735200 1.335580 22.039800 
1723 2 19.235600 6.181680 18.302800 
1544 2 13.878600 10.499400 21.815600 
1935 2 21.150400 9.694740 17.408300 
938 1 20.598900 12.190900 17.264400 
1976 2 19.331200 0.691244 24.837900 
1006 1 25.106400 4.839540 15.762200 
1477 1 26.163000 5.848380 18.003900 
422 1 20.477400 5.145000 17.679200 
1275 2 18.834200 7.915260 14.235000 
1153 1 15.952500 12.748500 25.244000 
1324 2 26.181200 8.000900 23.583200 
496 2 17.673300 11.159600 24.506500 
363 2 20.520100 5.077520 13.354100 
556 2 16.402700 3.938200 21.422000 
1174 1 17.883400 11.255200 16.811600 
117 1 20.412700 8.432720 16.191000 
859 2 20.328700 1.241410 18.455200 
1159 2 24.381200 3.036300 21.744000 
491 2 14.102100 3.928650 14.646800 
996 2 25.806500 0.022101 14.108600 
386 1 23.224100 13.400800 21.882400 
430 1 24.027400 6.942830 19.039700 
358 1 22.658200 11.847400 13.982600 
207 2 26.216500 10.566100 17.474600 
654 1 22.150500 8.719240 18.933500 
1873 1 21.220300 11.403900 15.579100 
1729 1 25.126800 6.424210 15.233500 
1542 1 18.656300 12.921600 13.765500 
1528 2 14.041300 8.443350 13.548700 
1931 2 15.928000 4.974800 20.986800 
1258 1 25.676400 0.198541 18.490800 
71 2 26.179600 1.180750 24.286800 
1238 1 23.190200 0.050647 26.001100 
1920 2 22.816600 0.718172 18.361600 
1088 2 23.756700 8.110890 19.604600 
405 1 17.705600 11.170700 19.799600 
1515 2 13.496900 7.604580 19.011600 
1383 2 25.589200 11.106600 24.503000 
1539 2 18.877200 4.869120 16.082800 
531 2 21.254000 4.079520 21.119700 
420 2 21.598900 1.859140 15.393700 
1043 2 20.508700 5.153310 22.637100 
1916 2 25.494900 12.707900 21.161900 
319 2 25.583200 4.470970 15.251400 
986 1 22.138300 -0.164838 20.233000 
1536 2 24.849600 11.388700 14.792500 
1721 1 25.898400 9.318400 17.906900 
1979 2 20.739100 7.002250 23.782900 
890 1 25.887300 7.916660 23.985300 
380 2 18.220200 1.459800 21.209100 
1716 2 18.066100 4.775530 13.029500 
621 1 13.376000 8.685490 22.277700 
53 1 24.703600 5.547940 25.611500 
170 1 15.927700 2.428030 22.231100 
1853 1 25.859800 3.018490 19.010600 
753 1 21.907600 10.120800 24.760400 
47 2 23.475100 10.766100 14.220500 
1185 1 14.560500 5.837040 24.330400 
1943 2 13.739500 5.090790 25.570900 
137 1 24.342800 8.074180 14.041700 
726 1 22.579900 11.086700 20.729600 
304 2 24.534100 3.592950 17.017100 
1796 2 19.651500 10.829600 25.533000 
506 1 23.792800 2.682300 17.611900 
50 1 24.122900 -0.079937 19.895300 
533 1 21.164700 6.292560 18.811900 
1790 1 14.437200 4.332700 22.689800 
336 2 22.451100 10.473700 22.871100 
1906 1 21.872700 3.361530 19.581000 
716 2 17.116000 7.916570 16.219900 
105 1 21.434500 1.495210 15.088800 
990 1 22.329600 9.208230 17.852100 
1715 2 16.680800 8.572300 20.065800 
451 2 14.321200 11.273000 22.471900 
364 2 18.999300 5.515280 24.583900 
1338 1 20.289800 6.625610 25.153100 
1752 2 24.847300 5.699920 19.754600 
4 2 26.315200 9.641690 25.275800 
1081 1 14.882900 7.089370 22.767900 
1762 1 21.088100 13.070200 26.624700 
1391 2 16.955200 0.955226 26.610700 
226 1 19.441800 9.425960 24.846000 
6 1 21.720100 8.669660 22.948600 
897 1 14.414300 2.399200 15.016000 
535 2 14.536600 6.320230 14.496400 
994 1 17.636200 10.102900 20.563000 
189 1 14.586000 0.334242 25.591700 
1782 1 18.650600 0.355004 24.005300 
560 2 25.170400 6.493540 24.333100 
1011 2 25.908200 3.210520 19.416900 
1626 1 18.307300 11.718500 23.771300 
1789 1 22.908100 5.403260 25.686200 
1078 1 25.339600 11.764500 16.745500 
835 2 21.836400 9.410870 20.726000 
1296 2 14.869500 3.438060 18.339100 
498 1 20.468100 4.144830 25.878700 
1570 1 15.975700 4.430430 21.189200 
1704 2 15.500000 12.806200 14.165100 
924 2 23.321100 5.719890 15.596000 
216 2 22.463400 5.601170 25.708000 
792 2 19.849900 10.179900 17.702400 
776 2 26.058100 2.790020 24.208000 
51 2 15.260800 2.675320 16.156600 
1835 2 24.879200 2.835660 14.298000 
878 1 23.078200 6.863120 21.258700 
1766 1 17.258700 12.810300 21.523700 
1187 2 18.652600 1.739440 21.165600 
1122 1 13.697100 9.906910 24.991400 
1299 2 17.463300 8.368830 17.219900 
1303 2 20.939400 11.718800 15.583400 
925 1 23.462800 2.230990 15.030700 
388 2 22.575200 1.480120 21.949200 
524 2 22.604100 12.894700 25.154400 
565 1 13.925100 4.537280 19.477600 
1754 1 17.390200 9.718990 24.910500 
700 2 14.271900 4.435710 24.329000 
587 2 18.249800 8.859770 24.791100 
1749 1 24.555900 10.057900 16.265600 
1440 2 19.162000 12.659200 16.266300 
1805 1 18.372500 8.501030 15.610800 
1059 2 26.001300 7.078060 19.308700 
1179 2 22.340300 10.581000 23.680300 
1380 2 16.199000 5.828890 18.286500 
1990 1 15.354400 6.071590 16.702400 
1810 1 15.615000 12.009200 26.189700 
1759 2 21.640800 1.336560 14.040100 
474 1 20.612000 2.236730 26.191200 
659 2 17.675600 10.456500 20.122600 
230 1 14.791100 4.037440 15.159500 
313 1 22.408400 3.913750 21.972500 
629 1 23.501200 8.922010 24.519100 
1061 1 16.782200 4.005200 26.522300 
1998 1 13.580300 12.665200 20.337000 
74 1 16.851500 11.427500 26.061400 
1129 1 13.961300 8.029000 18.643400 
1948 2 20.481100 5.340390 17.179200 
772 2 19.636700 9.708600 19.672900 
921 1 22.843400 2.126020 20.729800 
1888 2 19.532100 7.493120 23.532600 
428 2 24.364400 0.670893 18.684000 
670 1 18.440500 3.817730 14.697600 
1637 1 24.455900 10.948500 14.017300 
478 1 24.906900 11.577900 21.582300 
1597 1 22.491400 6.204770 16.271700 
314 1 20.438000 9.083970 20.849600 
95 2 25.904200 8.401340 13.996200 
685 1 16.015000 9.762320 23.388400 
46 1 19.055300 7.483300 23.274800 
1442 1 14.771200 6.358830 14.296500 
946 1 16.091300 11.565800 15.261700 
49 1 14.052600 2.415370 18.367100 
1480 2 21.842500 11.030900 22.367300 
403 2 14.171100 0.761828 18.601200 
687 2 19.738100 10.229000 17.483200 
332 2 25.963600 8.343390 17.896700 
211 2 15.618700 4.009950 23.747400 
234 1 25.667900 9.580360 13.214900 
540 2 16.255600 9.678760 19.084800 
1890 1 23.831000 3.434840 25.258400 
529 1 20.379500 3.563280 20.174800 
289 1 18.262400 7.655560 17.266300 
122 1 17.994300 5.020410 17.688400 
1314 1 20.635000 4.263740 21.464700 
1722 1 25.256100 10.084100 20.802800 
54 1 20.368300 3.533970 13.283300 
1389 1 16.023000 8.816020 20.128300 
719 2 17.714600 2.462380 13.465100 
1952 2 25.555600 3.979760 18.869600 
490 1 24.299300 4.291000 20.534800 
613 1 17.175500 0.411322 17.117000 
1372 2 19.659200 3.584590 20.426200 
1958 1 13.635400 7.406750 20.604200 
749 1 22.041600 0.549486 16.506800 
783 2 19.537800 12.217000 22.261800 
1363 2 25.100500 4.578890 18.250300 
822 1 20.121000 11.351800 22.126600 
94 1 14.794200 10.631700 20.289400 
1738 1 21.871400 13.058400 20.285800 
240 2 18.095500 9.280030 26.020700 
1720 2 15.100400 7.748020 24.321200 
1029 1 25.609000 10.286400 25.242400 
84 2 14.935800 2.325750 25.223500 
26 1 14.268600 0.790495 20.869900 
28 2 15.124900 7.856150 22.641800 
1863 2 24.075600 8.970980 24.237800 
196 2 18.912400 13.220200 21.886600 
1094 1 16.072300 9.022120 18.039300 
963 2 25.239000 3.014080 24.463400 
502 1 17.072000 6.351790 25.696000 
224 2 21.658600 4.266340 13.260100 
1712 2 23.162500 9.324880 14.194500 
1617 1 20.453500 1.802560 18.082700 
229 1 17.184200 3.752720 25.578900 
1403 2 23.439600 6.791410 17.595500 
190 1 23.640000 5.975180 23.515800 
201 1 21.040100 7.972350 14.121000 
763 2 14.248800 1.108490 14.643000 
1316 2 22.822400 5.726630 23.075500 
69 1 25.620800 1.945150 25.102000 
1792 2 21.725700 6.273310 19.185800 
807 2 25.103500 10.310700 21.399000 
1983 2 19.754000 8.526240 20.765400 
993 1 20.900400 6.138950 23.575500 
1375 2 14.699600 7.510440 23.542300 
1559 2 14.983100 0.638245 23.175000 
1994 1 19.721600 5.337340 15.230500 
38 1 22.066100 10.518500 22.638100 
227 2 22.232400 9.386920 20.088400 
284 2 23.989500 12.485600 14.142700 
1509 1 18.054300 2.710000 21.416200 
904 2 22.943500 9.950100 17.863400 
1000 2 18.136000 3.732910 14.970300 
1042 1 17.554500 8.097360 20.016900 
1899 2 15.359900 10.859600 15.139800 
92 2 15.355700 2.180380 19.833800 
1150 1 19.180400 9.636990 19.565900 
317 1 14.777900 11.916800 14.161300 
1479 2 16.860100 4.223960 25.886300 
781 1 26.044400 3.552240 23.756500 
452 2 19.741200 3.685850 25.792800 
17 1 15.268400 7.792300 24.427400 
509 1 26.149700 11.511700 24.160400 
1032 2 19.734700 9.293690 16.292700 
425 1 17.300400 4.605060 13.400400 
1963 2 21.806200 0.795196 21.718400 
863 2 21.434000 5.077310 26.209700 
1804 2 24.937400 5.696160 15.156900 
1690 1 14.080300 0.938357 17.085500 
1813 1 13.158000 6.907420 26.176600 
1901 1 21.449400 0.664174 22.750000 
1176 2 16.203700 11.818100 26.230100 
1831 2 19.114400 12.990200 23.540500 
143 2 17.802900 12.578500 17.214500 
1263 2 16.829700 12.862400 22.360300 
590 1 18.183600 1.592340 20.985800 
372 2 14.148100 7.170660 17.196600 
585 1 15.568200 13.048000 14.494400 
798 1 19.628400 13.118300 18.449700 
1599 2 25.214200 12.843300 16.393400 
1292 2 13.407900 6.097930 22.422700 
1573 1 18.748500 0.159124 15.002400 
1413 1 18.110500 12.961900 24.855300 
1071 2 16.433900 12.112600 25.650100 
431 2 20.732800 7.089410 26.349300 
1487 2 19.973700 10.857100 26.254900 
1498 1 24.085100 7.067510 26.384100 
153 1 16.036900 21.772200 3.807740 
1101 1 21.950600 25.278500 5.100300 
20 2 19.852400 21.709900 6.008410 
619 2 18.503400 16.880900 10.854300 
1949 1 24.177900 26.237800 12.287600 
400 2 15.351600 21.200600 5.257840 
1130 1 13.835600 16.733300 9.621070 
992 2 16.759300 23.358700 3.331750 
593 1 19.870300 24.418400 13.097200 
1178 1 26.582500 15.523800 12.549300 
43 2 14.867600 19.419100 6.201440 
1445 1 25.207500 13.990700 5.640230 
1670 1 24.330600 19.485600 4.347790 
1227 2 24.378400 20.658900 8.956830 
1408 2 17.463200 20.507000 8.834090 
152 2 17.726000 16.463300 11.563200 
1311 2 17.090900 21.555300 3.727390 
1414 1 17.972200 16.199000 7.116220 
1297 1 25.276000 21.098000 2.415880 
374 1 23.073100 21.440800 2.867320 
1320 2 26.562600 23.543800 3.401470 
266 1 19.043800 21.837800 3.684970 
1909 1 24.282500 23.614200 4.787950 
423 2 14.779600 23.536900 11.540500 
601 1 24.649100 14.262100 12.781100 
912 2 25.430500 15.840500 4.428940 
518 1 23.131000 23.661800 13.353200 
1209 1 17.344300 25.710900 5.167620 
669 1 26.414700 15.159600 1.022720 
1936 2 23.522300 22.355400 1.721810 
1682 1 13.741300 22.572000 11.200700 
508 2 13.962000 15.289200 0.099081 
1699 2 25.181700 14.460200 5.701790 
299 2 21.806300 24.813800 9.072380 
671 2 24.033300 26.105700 4.584640 
984 2 13.417300 21.845900 0.442311 
1868 2 26.175900 19.201700 8.577870 
411 2 21.691300 14.829400 4.072610 
1633 1 17.497900 20.078800 2.486110 
1867 2 21.804800 19.817900 4.230860 
1036 2 14.113100 21.810700 10.680600 
1533 1 16.528900 17.633600 3.976360 
1492 2 18.732200 15.266100 9.765670 
1819 2 14.868800 15.959500 12.195900 
827 2 22.366900 13.815600 6.370080 
1191 2 24.103300 22.839400 9.029190 
16 2 23.330000 23.848400 1.568580 
432 2 23.414900 21.410700 8.849050 
187 2 21.137200 15.845100 7.301650 
427 2 20.304800 17.531500 2.780630 
884 2 22.584400 16.367300 8.831170 
98 1 20.707600 22.605700 4.250360 
128 2 18.294600 20.109800 5.646520 
1960 2 13.908000 13.732000 12.331300 
1493 1 23.969900 20.301900 6.325220 
1915 2 20.969200 23.423800 12.634700 
1708 2 19.145800 25.072400 12.265800 
980 2 25.997900 15.939100 0.511738 
1505 1 16.417800 20.683700 7.961890 
809 1 17.859100 20.352400 5.267620 
1649 1 15.004300 15.365100 7.515550 
1476 2 23.485300 17.695000 3.026540 
64 2 21.707600 13.190300 13.134700 
89 1 16.695000 24.737000 8.977470 
1609 1 16.982700 16.435300 2.454660 
803 2 15.905700 16.120400 4.922420 
547 2 14.407400 16.102500 10.311600 
1845 1 17.030000 18.310300 8.484590 
255 2 22.911800 26.410600 10.894800 
764 2 25.376700 17.007900 12.758800 
1985 1 22.487300 19.639200 12.564800 
1341 1 21.609500 23.321300 10.613100 
1507 2 19.618500 20.795300 5.813210 
1742 1 19.576100 25.709300 11.709600 
832 2 16.908800 16.095200 -0.110759 
470 1 26.363400 15.833000 5.394970 
825 1 20.240700 20.659100 0.944730 
756 2 17.347400 21.770800 8.976480 
1112 2 15.938300 19.954400 1.051040 
1701 1 19.308500 18.185900 4.756660 
1880 2 22.012400 15.380800 5.305960 
1525 1 24.837600 17.432000 9.116270 
676 2 19.622200 21.400500 10.343600 
1162 1 14.515200 23.990000 5.248040 
475 2 21.343900 21.409400 7.833640 
1830 1 25.586400 15.032500 3.311910 
1973 1 24.466200 14.385500 7.240990 
1276 2 21.551900 23.698300 9.043770 
648 2 21.420600 24.269100 5.327030 
1758 1 18.979900 19.046300 6.542650 
1860 2 18.091600 20.554100 2.407090 
1713 1 14.685100 19.630500 5.772660 
1591 2 25.801000 22.818400 1.937360 
989 1 22.067000 19.788700 8.463560 
1246 1 16.141200 25.111300 2.852290 
290 1 16.734600 13.746600 6.883420 
1954 1 18.328300 24.759800 3.134930 
1541 1 22.524600 24.467100 12.901400 
731 2 14.566800 24.079600 2.189280 
1516 2 17.230300 26.332200 9.168710 
418 1 25.676000 19.281000 3.927900 
396 2 23.244700 17.087400 9.787940 
627 2 20.554400 13.676500 12.418900 
873 1 17.015300 13.738000 9.435710 
646 1 23.093500 13.252500 5.675990 
241 1 22.976200 25.636400 1.868810 
909 1 21.612500 18.800300 4.178250 
576 2 18.386700 16.762500 12.463900 
444 2 16.568800 17.390800 8.533000 
717 1 25.983100 14.625500 3.868640 
276 2 19.421000 17.635300 1.426300 
1074 1 25.778400 23.849800 1.649900 
1295 2 17.096400 20.019500 7.960460 
977 1 23.325600 20.466900 10.682300 
727 2 24.253100 20.750500 2.358520 
339 2 13.616400 18.736100 5.431090 
1611 2 18.433600 21.452200 12.770700 
1822 1 25.883800 22.989100 5.663310 
898 1 13.648300 14.660400 7.251700 
1726 1 24.192100 26.369600 5.137850 
11 2 19.881100 24.813500 2.032930 
641 1 16.787500 21.999500 8.644350 
247 2 23.242700 13.822500 0.813664 
204 2 15.928400 18.316600 2.874330 
245 1 19.361400 24.967400 5.198530 
519 2 20.374900 25.554700 6.067560 
1181 1 23.950100 24.913900 5.656690 
58 1 21.393200 15.799300 10.094800 
1778 1 16.147700 23.366300 11.217800 
1222 1 21.285300 23.760100 9.017650 
1040 2 20.299000 25.478600 7.272430 
394 1 14.381000 25.751700 7.689320 
1333 1 19.472300 14.949000 7.268890 
1202 1 23.121500 14.290000 2.846030 
1218 1 17.256800 22.595800 3.238960 
1137 1 24.276100 17.481000 5.063780 
1705 1 19.860700 26.531900 7.353770 
1371 2 22.964500 16.999700 4.685460 
1330 1 16.597700 20.142300 0.444456 
579 2 17.047200 17.994400 3.541450 
1104 2 13.465900 17.875800 7.427870 
555 2 22.102700 15.521900 0.373761 
1219 2 25.798200 22.523200 6.158050 
1791 2 19.909900 19.536900 1.048360 
1266 1 26.071300 17.143300 10.367100 
551 2 25.765700 22.225200 -0.100378 
1096 2 13.586300 14.424300 3.976760 
1508 2 20.428800 25.554100 1.068240 
1172 2 26.499800 15.700000 5.001890 
1018 1 21.073400 14.480500 11.794500 
338 1 21.266100 21.473800 7.354440 
1431 2 17.125600 25.902600 5.764190 
503 2 24.031700 22.890900 13.544000 
214 1 18.911900 21.540000 6.207750 
65 1 24.200100 21.977000 13.145300 
1511 2 26.658000 23.336100 11.489700 
1482 1 25.628100 19.419700 7.500390 
1933 1 22.594600 14.060500 6.922750 
715 2 19.328800 25.790300 12.778700 
1615 2 17.232100 15.278200 2.312470 
410 1 24.396900 21.583700 8.627600 
1459 2 26.058900 26.007800 7.954570 
695 2 26.647900 18.260400 8.825270 
1281 1 19.495700 19.248500 1.634000 
561 1 25.368700 17.531600 2.150240 
1491 2 26.490400 16.689500 9.095970 
1068 2 15.558600 24.743900 8.586220 
1894 1 26.593600 22.785400 12.614200 
1753 1 21.384300 25.401100 8.491870 
433 1 16.688500 17.043200 10.003200 
1302 1 19.754700 25.675800 9.265630 
1964 2 25.236200 21.786100 0.565844 
500 2 25.530800 19.053700 9.846110 
661 1 23.942800 23.692000 7.721280 
791 2 16.033300 15.047900 11.075500 
1210 1 13.764400 24.474700 9.026570 
455 2 23.099300 23.131000 5.823600 
960 2 25.607000 19.695300 4.895720 
42 1 18.718800 21.529400 12.572700 
1128 2 15.827500 18.027900 5.527100 
546 1 22.273300 17.911300 11.802900 
1902 1 24.009200 22.982300 10.165800 
1325 1 15.728600 20.272400 7.618020 
1358 1 21.738300 18.424400 2.432790 
743 2 25.102800 23.203600 12.612100 
544 2 21.752700 19.102000 6.338460 
711 2 14.271200 18.900600 0.438915 
952 2 16.718000 20.529500 9.910900 
1780 2 23.934100 24.408100 5.409920 
1329 1 23.443900 21.574300 6.976980 
572 2 14.862900 23.193600 12.252300 
88 2 18.602800 15.912700 5.459120 
1239 2 22.524200 25.372300 1.204620 
1475 2 22.693300 19.537900 11.239700 
1134 1 21.624200 18.250200 0.112361 
1156 2 17.949800 14.731200 1.917760 
1551 2 16.200400 14.254400 6.825230 
784 2 18.530700 20.213200 3.164320 
1807 2 13.449600 25.798700 8.295940 
1457 1 15.848400 18.889800 1.215590 
365 1 18.663800 14.620800 2.061370 
1593 1 22.084600 16.275100 2.624520 
586 1 21.752000 16.211200 6.242200 
134 1 15.476100 20.839700 5.037450 
1709 1 16.577900 19.209000 9.902040 
988 2 24.776700 21.450400 12.144000 
409 1 19.889700 20.641000 6.281080 
1598 1 22.378300 16.800000 5.096500 
1781 1 23.766800 24.089300 1.131520 
968 2 18.340300 13.762600 1.382260 
951 2 16.597400 20.328700 9.142860 
1259 2 26.531600 17.224200 6.130090 
166 1 19.000100 15.326800 12.525700 
1563 2 21.140100 15.888500 10.441100 
333 1 20.345500 25.189000 1.415930 
999 2 24.169900 19.978800 5.584260 
1157 1 20.013500 21.813500 9.373500 
733 1 19.049400 14.041600 3.297830 
1448 2 26.304800 23.351500 6.396950 
739 2 19.883800 25.042200 9.289240 
1962 1 24.443700 21.030100 12.227600 
507 2 19.186400 26.332200 10.521100 
45 1 14.856000 18.457600 6.212890 
1663 2 18.853200 17.758800 7.094120 
1352 2 14.543500 23.688700 3.613160 
813 1 24.501600 21.851100 0.760752 
1862 1 16.453500 18.441300 5.553230 
1424 2 23.396300 21.348500 5.791680 
175 2 18.598600 22.725100 4.885450 
315 2 13.674500 26.407300 12.420800 
1349 1 15.693900 14.911200 4.818070 
442 1 18.441300 16.032700 10.451000 
1033 1 22.529900 14.339100 0.510769 
210 1 17.384400 14.041600 1.050690 
1250 1 25.926500 20.216600 5.373540 
1631 2 17.670300 21.932200 7.764510 
1654 1 14.583300 18.962900 2.781000 
1008 2 18.232200 13.509500 4.244550 
1409 1 16.223000 22.171400 0.301112 
907 2 13.391800 18.591200 12.990800 
1026 1 13.759800 17.549100 0.844059 
116 2 22.366300 14.401300 0.903839 
376 2 25.108100 13.911300 7.230670 
1893 1 13.739200 24.166000 2.851860 
23 2 15.430400 24.455000 4.415080 
1255 2 23.251000 20.250700 12.238000 
462 1 20.069500 17.491000 11.120400 
1200 2 21.301300 18.106100 13.033600 
1607 2 25.532300 14.756600 0.992128 
220 2 18.940500 26.258100 5.358230 
1974 1 18.226300 26.396500 0.634085 
1603 2 26.293500 16.567700 25.663600 
688 2 18.860500 24.545700 20.901400 
1084 2 24.359800 18.725800 24.170900 
911 2 18.142400 13.413700 14.363000 
1050 1 15.439600 22.169100 13.493800 
1866 1 18.991600 26.136700 22.178000 
1141 1 15.152000 21.019600 23.971100 
323 2 20.735400 15.908200 16.768600 
44 2 24.744000 14.796000 23.689700 
966 1 15.525200 19.356700 14.187800 
860 2 13.382800 22.316100 22.463300 
325 1 23.297700 25.143600 15.677500 
280 2 14.050600 25.407500 23.110000 
775 2 19.081300 18.974200 18.219300 
1345 1 17.007600 26.155800 26.257900 
1584 2 26.221600 23.957800 21.528100 
1257 1 23.007900 23.527500 17.950700 
1832 2 14.881200 25.965600 16.472500 
1966 1 25.788700 23.602700 17.643400 
1769 1 26.153500 15.097300 18.281600 
269 1 20.876300 20.744300 26.235900 
879 2 18.733200 19.078400 14.007900 
1907 2 13.679100 26.075300 25.220100 
1950 1 24.628400 17.954000 17.823800 
1425 1 20.343900 24.577100 15.711800 
958 1 25.972200 18.402200 19.348100 
1900 2 23.868000 23.437800 21.233900 
1488 2 19.613800 19.843600 19.905700 
1750 1 14.613300 17.993700 25.186800 
893 1 15.696500 24.179600 15.372600 
599 2 22.474000 18.561500 17.531800 
1530 1 24.013800 16.155600 14.590000 
549 1 18.654400 16.173000 23.912900 
1226 1 14.696400 19.024600 22.568600 
1474 1 17.159200 22.593300 25.727800 
692 2 24.422500 17.425500 13.583600 
486 1 16.739500 19.233700 19.633400 
1168 2 21.521900 24.537600 18.913100 
1438 1 17.459100 22.700800 19.082500 
1887 2 19.797900 20.507800 20.164800 
1977 1 23.078800 15.338800 17.178500 
735 2 13.759600 15.821200 16.789900 
505 1 26.266500 23.510700 19.979300 
1656 2 16.562100 23.606600 18.658900 
57 1 18.645400 20.160800 24.941100 
515 2 18.511500 26.531200 19.088500 
100 2 19.434900 15.540400 25.950500 
469 1 14.085300 17.382000 19.457300 
7 2 21.726400 20.411700 13.917100 
1343 2 25.374300 24.871000 15.507800 
1602 1 21.271700 18.194700 21.814000 
837 1 23.852000 18.182800 24.503700 
1694 1 21.309500 24.255100 19.407700 
725 1 17.254200 17.842600 14.056700 
303 2 24.672100 18.970400 23.260300 
1216 2 24.645100 15.052200 16.493200 
1885 1 17.673600 24.142500 22.084600 
969 1 17.043100 20.315300 16.807300 
337 1 19.799300 20.275900 13.758100 
793 1 16.612500 22.990100 13.550000 
424 2 21.967500 13.355800 17.623400 
806 1 24.757500 16.131900 17.049000 
1774 1 26.806400 19.610300 16.788600 
1109 1 24.476000 15.249800 23.008900 
1432 2 17.924500 14.696800 17.970900 
1016 2 22.352200 21.402700 22.032300 
530 1 19.118800 22.574600 21.778600 
562 1 21.669300 20.516400 17.222700 
1621 1 24.613600 13.475700 16.375000 
1315 2 23.379300 13.366900 19.905300 
1679 2 13.717600 13.468600 18.358600 
757 1 23.080900 24.908700 24.451000 
752 2 23.031400 13.628800 19.098300 
1123 2 16.286800 25.869900 17.029600 
1407 2 25.042800 22.331500 18.768000 
738 1 17.563300 19.700700 14.005300 
1097 1 24.842900 13.759400 23.509100 
1030 1 22.609400 13.957700 24.053200 
29 1 19.419800 25.364000 18.613400 
633 1 25.890300 16.440200 22.768500 
1576 2 20.221700 25.236200 16.374400 
1650 1 19.246400 21.005800 19.770400 
499 2 22.022800 26.084500 16.556200 
1861 1 20.465900 16.218800 16.804400 
111 2 22.407000 21.980500 26.568000 
375 2 24.170800 17.655800 14.012200 
1063 2 17.472600 15.254400 19.531900 
1940 2 18.157200 21.708100 26.032500 
161 1 19.613700 25.438100 25.582300 
1854 1 22.941600 26.275200 22.142500 
1421 1 18.890600 13.436600 21.396200 
1795 2 13.737300 26.360000 24.494200 
823 2 18.742700 22.667500 21.853100 
80 2 24.815900 15.945600 17.423200 
101 1 25.056400 24.073100 25.577300 
328 2 18.588000 23.331600 23.892400 
60 2 23.692200 22.799500 13.354200 
1301 1 21.599400 13.921500 18.152700 
1146 1 22.474000 13.927800 14.319400 
316 2 13.738500 18.485700 25.841700 
1687 2 20.139300 13.920000 24.839100 
252 2 15.999500 21.258400 17.247400 
1253 1 19.263400 23.361500 15.327600 
1399 2 16.490100 18.596400 23.563300 
121 1 24.173600 22.302900 14.381600 
331 2 15.181700 19.762200 15.361700 
1395 2 14.398100 17.756600 19.113100 
605 1 15.861200 25.589500 19.746900 
1447 2 20.972700 19.036500 15.608100 
1057 1 15.221600 13.545900 18.621300 
32 2 20.763300 20.997200 25.447000 
675 2 21.588300 25.084000 17.427300 
504 2 25.790100 13.452500 24.116800 
1638 1 22.385400 15.131900 22.165900 
1284 2 25.770000 15.659300 26.649600 
344 2 26.052600 20.843800 24.383300 
974 1 13.333900 25.213100 23.840500 
1640 2 13.835900 19.514500 22.845900 
745 1 18.873800 21.723600 25.870400 
1554 1 20.527600 14.138300 13.443000 
1267 2 20.431600 14.680100 13.455300 
1490 1 25.508200 23.256000 15.236100 
236 2 17.411500 19.954700 13.839000 
1841 1 19.227100 21.098700 16.079200 
1728 2 23.650400 17.910000 18.848600 
1494 1 14.222700 25.436200 14.800100 
215 2 17.558400 23.129100 25.182700 
1001 1 21.686200 22.077300 20.024200 
434 1 18.539800 18.209500 25.539300 
1427 2 20.498200 14.836900 18.597700 
965 1 13.052200 24.265600 15.144300 
180 2 16.234900 13.473700 14.395200 
1034 1 18.798600 19.693900 17.393000 
157 1 14.385300 17.504600 14.931300 
1553 1 18.823600 14.809500 19.991400 
843 2 25.034100 20.586600 18.651900 
1798 1 23.387300 20.001600 19.491600 
656 2 24.810000 23.804100 16.514000 
1406 1 17.133400 14.413200 14.865100 
225 1 13.661400 21.204100 15.548800 
1827 2 16.322800 23.018800 21.650400 
1989 1 21.784500 21.391000 23.479600 
1115 2 16.000400 20.551300 18.074100 
200 2 16.173000 13.251500 19.813600 
480 2 23.294900 24.288900 14.354100 
448 2 20.832800 14.622200 18.733000 
1028 2 20.998100 19.881700 15.867100 
1384 2 14.576400 23.037900 13.716000 
1673 1 19.374500 23.449400 23.746500 
672 2 26.242600 17.694900 16.515800 
850 1 23.515700 17.243100 21.483800 
1189 1 19.607400 17.395500 25.698400 
1464 2 19.964300 17.774900 17.128900 
1908 2 21.631300 18.627100 26.174300 
632 2 20.635900 25.275300 15.751600 
447 2 14.178400 13.819600 14.554300 
397 1 15.813100 21.465200 17.239900 
1811 2 15.358100 15.202700 25.317100 
976 2 22.899800 15.340800 24.031500 
559 2 21.853900 21.096100 22.675200 
268 2 21.238600 21.333200 19.313100 
1282 1 13.754300 24.229000 17.944700 
144 2 18.661600 20.544100 17.200900 
1192 2 21.602400 18.428800 22.669800 
1005 1 19.675000 18.970700 18.844100 
217 1 21.192400 24.627100 17.924000 
1595 2 16.059100 24.295300 14.318600 
123 2 25.050700 24.219000 23.940600 
1667 2 18.937400 16.265800 23.901700 
1618 1 15.455200 15.446800 15.521600 
889 1 23.756300 23.316900 21.177300 
1027 2 19.062900 18.252600 25.254000 
607 2 18.864000 24.748900 22.661200 
1392 2 25.303400 17.982800 21.062100 
1776 2 20.149400 19.477100 22.246800 
106 1 21.868800 17.628600 14.741600 
947 2 19.698300 20.870800 25.837600 
1967 2 24.757100 22.468500 20.027100 
263 2 13.489600 19.003100 24.119800 
73 1 20.262900 16.167600 18.493500 
929 1 18.167400 19.522100 21.417500 
212 2 17.061200 16.318800 15.611400 
1120 2 14.317900 18.323900 23.068200 
954 1 26.364400 14.641800 24.461200 
1614 1 14.662800 17.339900 18.615600 
1879 2 15.247800 20.579700 20.494300 
1467 2 21.227200 23.431200 15.427500 
1586 1 16.304800 18.586500 22.356900 
1604 2 15.104100 19.611100 23.116000 
703 2 25.817000 20.067800 21.490500 
1319 2 14.785700 22.596300 13.848100 
298 1 13.359400 18.346100 25.830100 
1237 1 16.696400 18.847400 24.991600 
56 2 17.747500 26.126700 26.217100 
901 1 22.199000 19.904700 24.426400 
192 2 20.797300 24.554000 23.794000 
713 1 13.601300 20.778000 22.042400 
352 2 26.152600 25.965800 22.500500 
305 1 17.346100 13.363800 17.203400 
1294 1 13.855900 15.666300 24.870200 
778 1 19.787200 23.429500 25.484200 
3 2 22.464900 19.078900 24.935800 
133 1 21.508300 18.282500 17.134900 
163 2 15.780700 19.085600 26.592900 
1852 2 17.780300 20.245700 13.353900 
1911 2 21.146100 24.699500 23.316200 
466 1 15.449500 14.722600 13.389300 
1677 1 24.074400 21.605500 24.012600 
265 1 25.429100 21.714700 19.180500 
1788 2 24.023400 21.761800 17.200300 
1684 2 21.250800 23.482500 25.965900 
1435 2 24.396100 15.901300 18.342800 
1462 1 14.508100 20.345500 19.770500 
291 2 19.556200 25.782300 25.091800 
1273 1 21.947300 20.808300 14.800500 
1534 1 17.435000 25.461200 14.556600 
1686 1 25.093600 19.521600 25.317800 
1840 2 15.124400 17.768200 18.644900 
37 1 22.243300 22.255900 26.737000 
373 1 20.706800 19.736000 21.359000 
494 1 20.342600 18.073400 16.086100 
1483 2 22.893800 14.057600 22.747600 
1211 2 21.843100 17.665900 18.727500 
1382 1 23.669800 19.404400 22.368300 
808 2 26.482500 14.993500 19.035900 
577 1 23.573100 14.736100 19.015400 
277 1 17.152000 24.652400 23.994400 
574 1 22.706200 21.877400 21.887000 
1415 2 25.135100 24.596700 26.568100 
1565 1 17.468900 15.541100 18.308700 
1732 2 17.768000 20.513900 23.771100 
1182 1 19.521500 18.606500 13.769700 
1803 2 21.704500 17.954300 23.000700 
110 1 26.201000 25.057400 21.911000 
408 2 23.765800 25.484000 26.182100 
1981 1 25.073000 16.658400 26.210400 
1600 2 17.148300 24.799700 14.506700 
642 1 26.640900 16.767500 15.983800 
663 2 25.462700 26.037200 22.057300 
957 1 20.611400 15.921500 25.997300 
251 2 25.599800 26.292000 18.548100 
25 1 26.502500 26.007100 15.139200 
1937 1 15.139900 15.167800 26.304000 
537 1 24.432800 17.564700 13.524800 
242 1 15.119900 19.769700 26.461000 
1815 2 17.052300 21.399800 26.140000 
