id type x y z 
139 2 0.606106 12.708800 12.703900 
246 1 13.269000 3.706230 10.079900 
1882 1 12.019300 6.900090 1.629350 
1185 1 6.620700 3.768470 0.919386 
1147 2 12.230100 12.941900 6.953360 
393 1 2.647780 4.354890 12.813500 
512 2 10.272500 9.754850 11.258400 
252 2 4.069580 10.893600 9.394830 
1201 1 3.819000 4.411110 6.779250 
1448 2 8.702630 12.649400 6.351600 
1039 2 9.211370 10.647700 11.440800 
1224 2 11.846900 0.557792 7.141940 
1128 2 7.341540 4.800570 3.400570 
89 1 12.343400 9.567800 12.646400 
1585 1 8.606360 4.486220 6.425250 
473 1 11.335200 9.169330 1.678970 
47 2 0.833667 2.755940 10.248000 
27 2 8.840560 4.800790 5.688820 
1961 1 12.901400 3.841380 0.534508 
1881 1 8.151760 1.073750 5.739660 
1137 1 3.755990 4.485610 3.673010 
1297 1 1.531730 6.162870 12.443100 
190 1 1.785810 9.076070 2.055140 
1512 2 7.705850 10.249100 9.372340 
956 2 6.823820 2.146690 5.020470 
1179 2 7.558470 8.672870 5.423710 
1253 1 5.042830 8.980210 11.038900 
1177 1 5.677960 1.794400 4.482600 
267 2 5.312290 4.086130 8.456050 
50 1 9.661810 9.866130 11.786900 
1335 2 6.348350 5.759240 4.228510 
1313 1 10.610600 11.673500 4.156600 
684 2 1.403750 12.075300 8.566440 
589 1 1.497770 1.895000 11.124200 
1697 1 12.265600 6.233590 9.329620 
1331 2 9.115090 12.975200 4.569850 
806 1 0.264166 11.906500 7.963720 
189 1 8.780790 7.396590 9.006690 
886 1 10.123500 10.650100 1.698360 
710 1 5.972520 2.386160 9.177530 
1683 2 6.579370 11.553000 8.813610 
360 2 0.686279 3.042030 8.979730 
895 2 3.685650 7.494640 12.730900 
175 2 8.944090 5.236590 5.240900 
435 2 10.648600 11.660600 2.670740 
1846 1 4.202910 1.010710 2.320700 
467 2 7.921990 12.800100 0.220362 
654 1 8.039000 10.124200 1.395010 
1522 1 10.066200 11.918700 7.539750 
673 1 10.272200 1.235540 10.940100 
1174 1 4.113770 1.089110 4.837800 
156 2 2.835670 0.910056 7.138420 
571 2 3.403210 6.739190 9.427300 
1621 1 11.469500 1.407600 7.844800 
228 2 10.803200 0.345157 8.515740 
1537 1 1.841500 4.179420 6.468810 
1591 2 4.546040 0.590771 7.361830 
1552 2 7.131920 3.479360 13.173600 
637 1 4.131410 6.550640 2.206190 
395 2 9.916280 5.180220 1.144690 
1848 2 8.847970 0.908036 12.509100 
1901 1 1.442760 12.149800 9.049040 
868 2 8.278280 1.309550 5.347310 
1269 1 1.239500 4.521620 9.350270 
1207 2 2.639490 8.312880 3.272150 
1388 2 1.610260 1.540090 10.536600 
284 2 11.747700 0.668180 10.195500 
1699 2 1.680370 11.775600 9.681600 
475 2 5.146690 1.521270 4.758270 
1346 1 4.621800 11.213200 7.888280 
1342 1 6.716020 0.480964 5.313790 
1996 2 6.626680 4.254050 9.082900 
87 2 0.888135 0.956600 5.229780 
781 1 6.909320 5.734290 10.813400 
1103 2 1.493990 7.660880 7.499430 
205 1 8.649040 11.134200 9.571670 
1698 1 0.403338 9.678320 2.969970 
826 1 7.194910 1.186530 11.317400 
185 1 5.203500 12.337700 1.980330 
1520 2 11.303500 5.856820 4.156010 
596 2 11.495700 3.826790 6.893560 
824 2 5.203070 2.698460 8.989020 
150 1 1.761040 1.494430 7.102120 
570 1 10.073100 4.479240 0.378765 
533 1 11.795400 9.168880 4.852610 
1900 2 4.202630 0.142869 12.181800 
136 2 8.991540 6.588820 6.418040 
274 1 11.156500 4.898660 1.314050 
1122 1 12.791900 7.610010 4.357560 
1715 2 7.862950 2.538390 7.362190 
948 2 12.105200 8.460090 1.828190 
671 2 12.943000 5.980630 8.829400 
1047 2 8.615120 2.953050 0.620472 
1992 2 11.579500 10.988300 2.538540 
1691 2 1.577300 0.831323 8.541260 
414 1 12.249700 4.086180 6.150250 
1435 2 9.817170 1.842270 2.043540 
1948 2 3.581910 4.039220 4.593650 
236 2 2.270330 11.339400 2.462770 
49 1 1.366090 2.522170 4.975730 
1649 1 2.990800 9.326280 11.414200 
264 2 13.034800 6.994200 7.912500 
892 2 9.908700 0.478773 1.981870 
783 2 6.569000 7.479920 9.104930 
1152 2 8.174130 5.898930 13.025800 
1230 1 8.564120 1.177120 1.219170 
249 1 4.350120 12.550900 3.966670 
1353 1 0.138856 11.529600 5.814140 
1719 2 11.912100 3.081400 4.483190 
3 2 0.927628 9.105520 9.766180 
669 1 6.977450 7.724200 1.882480 
1912 2 11.643800 10.842200 1.131270 
1549 1 10.288000 4.360970 5.305670 
1415 2 7.256860 10.376800 2.363780 
324 2 8.429600 11.518600 2.097480 
732 2 4.507730 1.940940 10.615000 
1844 2 4.431180 0.646439 2.074440 
825 1 0.366980 2.182200 9.127080 
1281 1 2.453360 9.406030 2.544960 
1872 2 9.206800 10.692900 7.768690 
388 2 5.341900 10.474100 13.010000 
1361 1 4.834850 1.824780 7.062260 
308 2 9.983160 2.614680 10.190200 
1755 2 12.451600 11.957200 10.208500 
314 1 1.277150 4.900620 10.834300 
711 2 0.290147 10.025900 5.182300 
740 2 0.873512 1.357080 6.963180 
148 2 1.564880 5.545900 1.870850 
1557 1 8.994210 2.156130 12.373900 
1773 1 9.222560 6.633110 5.849330 
183 2 6.495360 0.709052 8.567130 
817 1 6.562060 0.235847 13.114800 
1952 2 3.778200 3.639200 0.959892 
342 1 7.689700 13.100300 2.903220 
1377 1 9.472060 3.993580 1.714940 
728 2 7.159370 4.448380 2.305720 
1669 1 8.658540 5.861910 3.826450 
245 1 12.028600 2.469170 5.980660 
1751 2 9.396470 0.295001 12.128500 
1708 2 0.865091 12.998100 8.433570 
949 1 2.367520 8.525560 6.999660 
457 1 7.898340 10.408700 8.968850 
631 2 0.870589 1.502470 8.842500 
1927 2 6.912060 12.817800 3.512250 
19 2 5.004400 3.959900 0.980353 
1567 2 2.977760 4.500550 11.816700 
340 2 6.492890 7.134560 8.418190 
947 2 0.298224 5.866130 11.982800 
1095 2 11.996200 2.052410 3.648640 
1076 2 5.660040 9.036860 2.523880 
503 2 9.941900 9.352290 1.201650 
1561 1 7.355650 3.932730 8.027640 
262 1 6.737470 4.192540 3.547350 
606 1 12.287400 12.812500 12.450000 
385 1 8.528770 8.777220 10.815000 
240 2 3.329310 8.590030 11.378700 
757 1 5.285890 11.236600 10.190900 
1356 2 5.975670 6.513900 12.718200 
1789 1 0.594238 9.862700 5.517810 
1482 1 2.129440 7.955800 4.491240 
1244 2 12.703800 0.345142 3.748460 
701 1 12.169400 12.194600 10.111500 
118 1 0.159576 9.385520 9.413400 
1317 1 11.660800 9.544170 8.649130 
1696 2 0.925076 6.874870 11.665200 
1918 1 8.066240 13.027500 4.172050 
1662 1 2.869920 5.276770 11.265400 
1570 1 12.701100 6.385210 7.372210 
427 2 1.408340 11.292300 2.292870 
1949 1 5.053790 4.498800 5.101280 
526 1 6.133640 9.142210 3.851090 
1714 1 3.145040 4.466730 1.846600 
937 1 12.402100 4.943010 3.483740 
34 1 6.914340 2.882860 4.630740 
651 2 6.772570 7.544420 8.177940 
1886 1 5.774790 11.476100 12.673400 
1053 1 9.331470 10.278400 6.668190 
1959 2 4.582410 7.668380 4.808830 
1025 1 2.231300 11.429000 1.825010 
198 1 7.544620 11.396700 5.294490 
1410 1 8.541870 11.915300 1.514410 
1198 1 10.462500 7.582170 13.130500 
209 1 1.207940 7.883550 7.716690 
1391 2 6.496030 12.124300 8.410930 
1564 2 10.628800 0.123151 10.170600 
1963 2 1.964510 4.165640 7.885880 
843 2 13.017300 3.253820 11.196400 
965 1 2.226840 12.605900 11.856300 
140 2 4.503150 7.030220 1.404550 
1899 2 12.520000 9.985900 4.754010 
1130 1 2.267330 2.828960 3.459130 
356 2 2.118160 8.809370 7.844650 
55 2 6.861130 0.473412 1.126310 
448 2 1.361130 4.581210 10.981100 
1966 1 12.832100 2.044000 3.721380 
841 1 12.801000 1.590060 0.854147 
368 2 2.733210 8.267940 4.524790 
880 2 11.930400 8.270320 5.933810 
276 2 11.785200 3.897460 3.598840 
1062 1 1.393340 9.457020 9.481770 
1854 1 0.561067 7.503170 11.350700 
1682 1 7.089530 7.969860 6.191100 
1725 1 4.176530 8.722970 1.176920 
1357 1 3.156970 0.989721 8.602020 
1940 2 6.752480 8.128130 3.998270 
135 2 9.589220 8.175210 11.192400 
1681 1 3.959900 4.508770 9.150050 
1362 1 7.649840 1.218050 3.350900 
554 1 6.424600 7.857390 8.341150 
1926 1 3.348760 1.633290 11.227600 
836 2 6.691400 12.435500 9.203700 
840 2 4.637370 4.148010 7.063180 
5 1 5.998270 3.987980 8.431700 
896 2 10.474800 9.108030 10.150400 
1847 2 12.058900 8.786080 8.950590 
1711 2 7.370090 1.460340 4.045470 
405 1 6.563810 6.480290 4.250190 
1913 1 13.022100 9.734500 4.921590 
966 1 6.369610 2.554730 11.093500 
659 2 3.689770 0.955558 2.456800 
830 1 6.357070 6.183950 12.615200 
1142 1 4.566290 8.215190 7.783460 
1539 2 2.726390 3.969970 3.395770 
446 1 2.608040 11.597200 3.993060 
202 1 11.528200 9.758990 10.799800 
1619 2 8.215380 0.863946 12.426700 
169 1 10.009200 1.369680 4.339540 
1565 1 11.090100 7.975690 7.617940 
559 2 3.599000 10.728300 4.644090 
611 2 13.270800 4.077290 6.236860 
876 2 4.323280 12.343900 4.620410 
1883 2 6.300870 8.135740 1.309800 
1251 2 10.460300 5.236720 0.677056 
1685 1 12.927600 5.456780 0.557900 
1861 1 12.335500 13.127900 7.247300 
352 2 5.748400 12.427600 13.014500 
1979 2 2.011830 5.512070 0.142679 
481 1 1.946770 1.932240 0.093925 
686 1 13.055800 2.006880 17.712800 
1466 1 4.129170 8.311970 25.366800 
935 2 10.701500 9.269270 18.117400 
1423 2 13.262000 12.927400 26.292900 
1919 2 12.927300 12.520100 16.553300 
454 1 12.344800 6.630790 14.906300 
1582 1 10.419300 5.788700 17.154200 
1150 1 12.795500 11.436600 20.216200 
1732 2 11.769100 8.591660 24.585300 
43 2 4.073470 11.210600 17.845600 
215 2 11.469600 9.171730 14.198000 
1052 2 4.210460 4.028740 18.896100 
530 1 9.529760 9.744730 14.005900 
854 1 13.087400 3.589360 19.846100 
1670 1 5.583990 1.218830 17.085300 
1295 2 1.607800 13.193900 22.455300 
1921 1 10.985200 4.192410 22.821900 
1043 2 6.624230 4.144120 25.380600 
769 1 3.277560 10.670700 24.591700 
1067 2 7.913460 11.737800 18.026100 
1754 1 13.168700 6.299100 17.644800 
1035 2 9.675680 10.044500 22.631600 
26 1 2.230580 6.745170 20.713400 
730 1 3.483140 3.970540 25.203600 
1558 1 13.167800 5.255260 14.980700 
1740 2 2.871090 2.414950 22.282100 
1731 2 7.226020 1.370140 14.998700 
1749 1 1.894150 10.663200 22.634500 
1589 1 6.223910 11.065500 15.046100 
1809 1 10.113000 0.774382 18.724300 
1928 2 5.398250 11.030600 22.264200 
738 1 12.026500 1.487760 20.128900 
458 1 10.730700 6.325770 25.100800 
682 1 10.407500 9.741980 19.934300 
1793 1 3.866140 1.792450 20.259400 
1833 1 7.231910 12.819500 14.536000 
331 2 10.844700 11.263000 21.272900 
1616 2 9.925410 5.505870 19.788300 
604 2 11.628000 2.728150 23.921600 
116 2 8.586220 2.174800 20.176000 
134 1 2.756130 12.896600 14.956400 
57 1 5.500900 0.546299 25.884700 
287 2 5.767340 11.760900 15.082900 
506 1 0.510291 1.173140 19.839100 
1973 1 2.353500 12.086000 18.326000 
1783 2 0.971064 1.785170 23.444800 
770 1 4.443320 12.038700 25.258100 
1306 1 8.535490 4.922350 17.488100 
1092 2 6.334200 8.261270 18.972300 
482 1 5.470450 6.881850 17.798600 
691 2 9.409130 7.650290 14.337100 
1249 1 9.170890 5.762350 19.692200 
1580 2 11.889000 9.302790 18.340400 
1286 1 9.374340 6.213450 21.982600 
617 1 4.031160 0.021929 25.679300 
1359 2 11.968500 8.919720 26.019800 
963 2 3.993170 1.775730 13.958800 
1237 1 2.131310 6.192640 16.014100 
1487 2 11.637100 11.154400 16.318300 
1956 2 3.305870 12.337900 16.667200 
793 1 7.761230 2.554960 16.746800 
120 2 11.355400 3.399000 14.831700 
421 1 10.460900 8.553290 24.197600 
1323 2 2.525390 10.860800 20.289900 
999 2 13.229500 7.071960 13.785300 
1819 2 13.029600 8.071660 13.324900 
1965 1 5.545830 1.364330 22.517300 
1394 1 0.949601 1.307770 22.796000 
1105 1 8.799460 11.465200 22.736700 
1677 1 5.698780 10.976400 21.857800 
270 1 5.455060 9.766340 17.506600 
625 1 4.603140 7.149070 21.468500 
410 1 3.544530 9.076710 20.708400 
1413 1 9.262550 11.433300 16.969100 
1747 2 2.207610 10.573700 24.012200 
1176 2 4.155220 8.748830 21.790600 
1870 1 11.315800 10.937700 16.111600 
1299 2 7.136500 7.829730 16.191200 
974 1 11.053100 0.329637 23.709600 
426 1 7.550520 5.208470 23.555900 
244 2 12.506200 11.893300 18.444400 
601 1 10.951400 1.107770 13.322800 
1312 2 6.527000 8.143290 21.801500 
1108 2 4.609710 5.810890 17.513100 
1792 2 2.821510 5.011110 25.860400 
1083 2 8.541580 11.050000 25.378900 
1667 2 6.693660 5.912600 22.207700 
1955 2 7.295600 1.083650 21.068000 
1806 1 6.842950 1.402670 17.644500 
672 2 8.031610 4.110850 25.541100 
1866 1 1.930030 7.293290 23.164000 
1623 2 2.840270 8.273290 22.587900 
66 1 2.113910 5.239090 25.907300 
1431 2 3.787060 3.863270 25.246200 
569 1 8.059520 0.673017 13.595000 
676 2 8.609420 3.513730 16.660600 
1521 1 6.734200 8.067040 23.922800 
670 1 5.954420 4.932180 19.566200 
588 2 1.803810 2.270040 24.853600 
149 1 2.051510 1.412230 18.696900 
1838 1 6.383780 8.938390 19.250600 
445 1 7.217700 11.773700 19.166900 
1303 2 7.698140 12.122600 21.984400 
1643 2 9.871660 6.823560 18.049400 
46 1 10.040800 6.529780 19.221000 
1131 2 12.646400 6.284380 23.748300 
1217 1 4.736230 11.862100 19.249200 
172 2 10.811100 13.182600 15.470900 
1760 2 8.691170 6.591050 14.186700 
636 2 1.536090 5.073980 21.492900 
1099 2 8.254610 6.336410 20.186600 
1133 1 12.499700 10.781400 18.620700 
993 1 9.876140 8.959140 17.944700 
309 1 4.336600 2.119200 21.809600 
1750 1 6.956210 7.261170 15.953400 
1531 2 10.844300 8.188780 21.010000 
594 1 5.024640 2.545070 25.791800 
1836 2 4.266670 2.284860 25.723300 
874 1 7.132440 9.639110 15.872600 
519 2 5.217860 9.558160 18.604000 
925 1 4.025000 0.453106 20.923000 
1729 1 12.100000 8.842120 22.388000 
862 1 8.957710 10.387400 26.578800 
753 1 7.389520 10.612200 24.062700 
888 2 12.902400 7.687500 17.928300 
357 1 9.058010 0.456511 21.384600 
1405 1 5.089290 4.723690 24.162200 
474 1 12.599100 8.499670 24.270900 
590 1 11.005100 10.686400 22.517500 
430 1 9.478230 9.057830 16.108000 
1494 1 3.755520 4.301010 18.607300 
1506 1 1.506730 3.235700 24.600800 
564 2 0.105346 10.086800 24.307000 
1951 2 3.405020 2.735140 20.214400 
578 1 3.242580 6.731230 18.700400 
341 1 9.577110 2.524130 19.334000 
248 2 6.328640 12.601400 24.622400 
940 2 11.953300 2.749920 19.199700 
952 2 0.999952 7.168390 14.158100 
1634 1 6.781090 12.920000 23.156400 
351 2 7.285840 10.897800 14.976200 
496 2 10.696400 10.924400 23.407200 
1015 2 6.538700 8.537750 23.917700 
1293 1 0.039355 5.109180 17.147200 
1049 1 3.172500 9.231260 15.482800 
494 1 7.934070 3.053810 14.476000 
1093 1 3.481070 11.714700 16.757000 
1642 1 4.471020 10.798200 22.477900 
488 2 1.344870 1.831610 13.333100 
1535 2 9.666760 1.296260 16.918700 
548 2 9.772360 4.438470 22.871400 
913 1 9.849790 2.953910 16.250700 
748 2 8.277420 9.665460 24.949300 
438 1 1.170380 0.962977 13.672900 
1109 1 10.840600 2.394670 14.945100 
988 2 2.967190 8.344350 16.086400 
1787 2 1.036130 3.673100 15.041800 
75 2 4.882080 3.433800 19.154400 
1017 1 0.830456 13.020700 17.817500 
1826 1 7.115420 5.442720 14.119700 
1569 1 6.348550 6.641010 25.708500 
1566 1 3.790400 4.091670 15.701300 
501 1 9.559520 4.150500 24.570500 
509 1 4.659930 11.391800 14.480600 
971 2 6.519050 13.252100 16.506100 
608 2 11.577000 5.332170 22.921300 
379 2 5.217800 1.322430 22.401800 
299 2 1.780930 11.996600 24.520700 
1148 2 13.149100 10.091400 22.353600 
1759 2 13.288500 5.816700 17.529800 
1166 1 4.244590 6.992550 14.136800 
355 2 0.487415 11.312000 17.180500 
1485 1 1.283050 8.844030 25.404700 
1184 2 1.536330 6.576530 16.764500 
860 2 10.442700 8.930890 16.642300 
1085 1 0.508495 5.499760 21.495200 
164 2 12.379900 4.912020 26.064400 
144 2 0.320830 2.917560 24.377700 
1536 2 6.450260 7.016350 26.042200 
760 2 1.212460 11.903000 25.874000 
1679 2 3.677390 9.647700 14.920600 
1418 1 11.892400 12.845700 16.511300 
1204 2 2.555620 7.711170 19.651500 
1516 2 7.923130 10.957400 16.105500 
1404 2 3.293330 9.871970 21.653900 
290 1 3.830590 10.838500 19.311300 
936 2 0.953874 10.818300 19.984000 
12 2 9.557050 2.102210 15.007400 
1247 2 4.881400 5.799300 13.295900 
1383 2 10.075000 6.164720 22.510500 
161 1 6.249180 8.231340 20.260800 
752 2 0.913008 9.393010 25.917800 
191 2 7.645080 2.016760 24.658900 
807 2 1.300230 7.960070 25.609400 
1325 1 6.971100 5.171730 25.019900 
1340 2 2.416810 11.993500 15.336100 
717 1 5.173970 10.087300 14.040100 
1666 1 6.812450 0.479609 21.140200 
95 2 7.676820 5.374550 18.274200 
678 1 12.038800 7.314290 20.076300 
1283 2 12.385400 6.645970 19.537600 
869 1 7.423950 7.965570 22.036600 
991 2 8.199810 0.978625 22.744800 
1555 2 5.009050 2.920580 16.937200 
1627 2 4.596650 12.609400 20.657300 
1641 1 2.422150 2.524410 14.513000 
1924 2 8.729360 5.048080 23.015700 
73 1 10.560200 12.560600 19.344700 
1304 2 8.898330 9.017870 15.026500 
1936 2 -0.039371 8.609050 22.200300 
718 1 8.801620 9.260690 24.730000 
735 2 11.412200 1.284830 20.379100 
959 2 6.488040 8.490480 22.005100 
1490 1 2.492440 2.375450 23.552800 
159 2 3.289820 13.245800 20.070200 
1661 1 9.305240 5.169020 13.837700 
1036 2 7.962930 10.833300 17.693900 
1121 1 9.347450 3.613610 21.803600 
1124 2 10.161300 0.233798 22.306900 
1737 1 12.499200 5.858580 23.989800 
771 2 2.315230 6.220850 15.859900 
278 1 1.930520 13.129100 22.032100 
995 2 3.470150 2.273300 22.086400 
1657 1 12.794100 4.896700 21.966300 
1240 2 2.569190 1.798360 18.585400 
157 1 12.778100 3.437070 23.234400 
1639 2 4.366660 8.110120 25.603100 
1571 2 8.302340 3.841570 13.964100 
1154 1 1.456990 12.006700 26.233200 
1447 2 12.463000 3.159650 23.570800 
1947 2 12.007600 2.441160 15.778700 
932 2 6.780470 1.347150 17.384200 
1021 1 8.135340 1.988340 23.466400 
535 2 12.580400 3.978400 25.928400 
1390 1 3.104370 5.364440 22.247400 
1339 2 2.044890 6.332390 22.759800 
1129 1 11.411700 11.502100 25.406900 
1090 1 12.018700 4.250300 24.729500 
1538 1 0.580058 6.543900 17.669600 
479 2 5.444490 12.041600 13.400500 
885 1 3.688240 0.017255 13.449700 
42 1 12.221000 9.397790 26.111400 
1678 1 13.061900 2.744570 13.702100 
1503 2 8.538300 16.190800 11.673700 
283 2 10.529300 19.172500 7.946870 
447 2 4.266470 20.629000 0.956998 
68 2 7.256960 13.456400 12.486400 
782 1 7.802210 13.419600 10.834200 
650 1 2.754480 22.306400 11.810900 
1706 1 3.643730 25.192200 5.025710 
1932 2 0.728577 19.623800 7.986920 
1825 1 1.485870 26.202500 10.901400 
1215 2 3.559400 18.605400 11.621700 
1003 2 4.820200 15.311700 7.166840 
167 2 4.511590 13.489200 2.560950 
546 1 3.322410 23.366800 8.707780 
1352 2 7.581870 23.462200 11.166300 
928 2 4.148360 22.577100 10.524900 
1233 1 12.504900 23.371000 10.558700 
1779 2 4.149340 25.300100 10.502500 
1219 2 8.502690 25.024800 3.234030 
1722 1 9.795940 15.627000 1.149580 
48 2 11.550000 22.644700 4.038090 
1938 1 1.806320 23.585500 11.006200 
389 1 7.868250 21.306400 7.266190 
1302 1 10.043100 17.848200 4.812710 
1768 2 9.864720 25.371400 2.237480 
595 2 13.034500 18.006800 2.008200 
1026 1 13.043200 23.473500 6.466700 
607 2 0.691308 13.949300 6.742880 
1879 2 1.970580 14.435700 3.997430 
1917 1 1.874090 17.434800 11.160200 
1841 1 10.231800 20.265600 11.219900 
429 1 4.501830 18.758700 1.280690 
478 1 4.986750 22.647100 5.792550 
1672 2 5.822940 16.159500 2.706380 
1554 1 1.809890 23.222600 6.607940 
839 2 0.721997 15.823300 11.536400 
110 1 0.227943 18.111500 12.753000 
1937 1 4.864020 23.974400 12.932500 
372 2 0.724029 18.736100 1.566210 
1766 1 6.686030 22.158400 5.508850 
461 1 7.853590 25.100700 7.372140 
271 2 9.439030 14.787600 11.535300 
476 2 5.848590 14.686800 2.504420 
266 1 1.005150 15.237500 5.156400 
1347 2 8.741250 17.684000 1.608490 
1742 1 0.562599 20.383800 3.676160 
568 2 6.685930 21.410700 3.710180 
30 1 0.165997 16.002500 11.242100 
1022 1 2.387080 18.654300 0.518555 
842 1 13.131300 19.489800 5.475230 
856 2 0.809960 22.616200 6.905810 
1791 2 8.051360 21.563500 0.699847 
1586 1 4.898620 13.909900 2.663940 
1368 2 0.835248 15.205700 3.258700 
536 2 0.484324 17.508900 13.077600 
1865 1 1.574480 24.845800 7.200520 
927 2 3.019240 21.959900 11.087300 
989 1 6.161760 16.439600 0.940304 
1222 1 2.986780 20.859200 2.036990 
163 2 11.899500 21.137100 1.082590 
1775 2 11.487500 24.923900 4.135730 
970 1 9.019110 14.279300 11.720300 
1118 1 2.023980 22.526500 10.469800 
318 1 10.271200 14.945000 6.183840 
657 1 6.955080 19.559000 12.046700 
893 1 10.037000 19.264500 6.283990 
1502 1 0.725042 18.619900 1.193710 
61 1 2.824370 23.903800 4.536370 
778 1 10.977000 25.460900 0.104462 
104 2 13.117000 15.748000 3.317540 
349 1 10.910800 16.222800 4.740600 
1946 1 0.321485 21.232700 4.324990 
1070 1 0.949642 17.607500 3.220370 
1288 2 9.764370 16.414700 4.156310 
1018 1 9.688050 25.802000 2.205770 
627 2 0.788089 26.339100 12.428000 
500 2 1.492530 21.493200 4.376450 
725 1 9.521940 15.751600 11.189500 
1805 1 1.803490 17.320400 5.300300 
1878 1 0.295047 14.178100 2.962900 
380 2 4.080040 24.604900 7.748640 
1470 1 3.159540 16.544400 8.669910 
1710 1 2.413090 13.933500 8.783960 
774 1 6.680310 22.457500 9.835760 
321 1 4.155070 16.671000 2.361320 
777 1 6.820220 14.168900 12.298700 
489 1 1.573180 25.040300 12.773000 
957 1 11.549600 26.263900 8.090030 
1774 1 8.783620 19.322000 8.633550 
1869 1 12.156000 16.342700 7.859530 
1472 2 3.384650 22.428800 6.573420 
1420 2 9.002390 13.248900 3.340590 
1741 1 5.474300 15.512100 9.578140 
1798 1 12.244500 22.911900 12.522300 
1433 1 0.923763 17.823500 7.738540 
1500 2 12.167500 14.939400 1.216680 
1170 1 1.310710 16.320800 2.990130 
1593 1 7.039990 16.267000 7.975840 
354 1 6.969770 18.730400 10.669500 
1171 2 6.572410 21.535600 5.719880 
1196 2 10.539600 17.657200 6.369410 
1875 2 9.499620 13.885600 7.413120 
513 1 11.808900 26.491100 9.261320 
693 1 0.182028 20.060300 7.265970 
1218 1 11.055000 22.007800 2.897740 
835 2 4.022320 25.106900 6.549890 
29 1 11.525700 16.838700 11.963400 
658 1 2.930670 18.257500 9.253150 
1688 2 8.266470 14.445600 10.353100 
1324 2 2.637170 24.193100 0.944203 
818 1 4.702120 14.753400 8.606300 
1197 1 2.003390 21.275800 5.694510 
620 2 8.325830 21.240500 6.542510 
472 2 12.429800 14.443800 8.000380 
553 1 0.126202 14.113400 1.004250 
924 2 10.728300 19.911500 8.731200 
138 1 4.660400 25.147300 3.271320 
1014 1 13.191200 20.153700 1.922380 
178 1 4.458720 16.640600 11.607000 
337 1 9.837030 22.641000 0.154012 
21 1 8.183510 24.360600 4.265350 
1579 2 12.492700 14.693000 5.608200 
866 1 7.859260 16.532200 8.981810 
653 1 10.770300 14.237100 0.295408 
1739 2 0.435684 20.964800 6.772400 
1880 2 0.095898 14.904000 5.062810 
811 2 3.302080 16.399200 7.298450 
1024 2 3.968420 16.884700 11.629900 
422 1 5.543640 25.984900 11.707300 
99 2 2.703220 21.605500 4.982710 
845 1 13.227300 23.137600 4.271640 
1136 2 0.007337 24.879500 12.380600 
1389 1 0.068763 22.526600 5.459690 
1009 1 2.427660 20.292700 10.344000 
1622 1 3.669130 18.699800 12.213400 
1112 2 7.832140 25.209300 6.065100 
199 2 11.066600 14.147000 12.031300 
1443 2 12.188900 13.935100 8.116580 
214 1 0.333760 25.718100 6.216590 
1151 2 1.861490 17.552400 9.716600 
1010 1 2.544810 19.578200 6.831760 
1796 2 3.291750 19.378700 0.531050 
129 1 5.377000 20.437800 6.095980 
223 2 4.072680 23.673800 12.767900 
1403 2 13.052100 26.430600 9.206520 
1663 2 11.529600 23.283600 7.537570 
1371 2 1.580270 25.025400 7.111190 
780 2 8.583550 17.935300 1.157710 
587 2 4.380280 18.317500 2.780040 
1491 2 5.434770 15.739300 8.602240 
1508 2 9.152000 21.298700 2.276300 
275 2 10.794200 17.596100 10.968700 
690 1 8.159020 23.834900 2.006340 
982 1 4.940570 18.146100 5.177500 
1041 1 11.223500 19.123700 8.750020 
1651 2 8.219030 22.175900 11.342200 
1242 1 6.114180 23.082600 2.812130 
674 1 11.233200 22.434500 6.485510 
1023 2 8.402110 18.647900 8.253900 
600 2 2.015400 17.924000 6.541530 
979 2 0.049924 16.222400 1.987010 
907 2 3.427670 23.253700 8.521800 
759 2 11.962300 14.427400 2.475240 
1801 1 2.588950 25.651000 1.141870 
2 1 12.912900 15.147900 6.794420 
373 1 0.182647 19.973300 2.174020 
1606 1 12.986600 17.829400 2.887930 
884 2 5.779540 13.658900 0.524802 
1519 2 3.659240 26.343300 0.010142 
1868 2 12.801200 18.239500 0.762424 
1134 1 7.665840 21.178800 4.154130 
540 2 5.293120 17.892900 6.717070 
997 1 7.453690 23.756700 11.210100 
941 1 5.120920 19.048300 7.382950 
623 2 5.258620 24.918000 4.263000 
36 2 11.760600 19.698200 2.566850 
1660 2 6.929210 26.478200 11.125600 
433 1 3.889320 22.227300 8.683090 
1590 1 10.630800 18.102400 12.032400 
288 2 3.112570 16.116600 2.854930 
656 2 12.553500 17.459200 11.622100 
24 2 1.976290 20.516400 11.208400 
96 2 4.036700 15.023000 8.950530 
1814 1 8.765870 19.447700 1.472380 
534 1 2.967110 13.873700 3.543820 
1860 2 7.734980 18.984900 12.162900 
1345 1 6.818770 26.318000 1.235530 
486 1 7.230150 13.808000 9.298960 
1373 1 11.223400 26.436300 3.223820 
1542 1 13.004100 25.225300 12.814200 
1920 2 6.978540 17.722700 10.441800 
1907 2 8.567250 25.048500 5.971640 
391 2 12.567700 21.990200 11.757100 
960 2 4.859060 19.482100 7.346430 
408 2 6.187620 23.916400 4.343450 
1119 2 1.613740 16.468200 5.646670 
912 2 12.938300 15.590400 11.464100 
465 1 12.517700 26.470100 10.291000 
1426 1 6.597550 17.788000 3.457440 
1813 1 1.092620 24.221200 2.029170 
1308 2 12.661000 24.455300 12.007700 
1815 2 8.338130 14.870100 3.495810 
1897 1 12.469700 20.767800 12.293800 
1974 1 9.012220 16.069800 2.977480 
975 2 6.271730 16.644800 2.367370 
302 1 12.539100 18.322500 10.672300 
377 1 4.890220 21.658000 10.303400 
1744 2 1.849400 26.240600 2.331870 
1451 2 6.339820 25.023800 9.797660 
819 2 11.255800 17.517900 4.671740 
1106 1 12.439900 24.893500 3.568840 
1915 2 6.005280 20.878300 6.516460 
1250 1 6.868130 14.863200 3.283660 
1810 1 9.003480 13.827500 6.478930 
91 2 5.253010 18.273800 5.192650 
1401 1 12.563800 15.665000 1.532370 
1583 2 11.257000 25.297500 1.575120 
1604 2 9.452480 15.964300 9.935570 
921 1 10.262400 18.133900 10.333600 
1113 1 10.893700 13.516200 2.896220 
182 1 9.673250 14.925800 9.088180 
1301 1 9.480470 25.075100 9.317490 
137 1 10.951400 13.883700 12.933100 
641 1 9.114170 16.504700 9.419160 
1592 2 1.174200 23.933900 10.330900 
204 2 11.829800 16.395500 7.753880 
1984 2 6.330890 19.694100 5.048100 
655 2 11.546700 19.497000 7.066590 
1694 1 7.677970 25.321800 11.571300 
1578 1 7.789020 21.021700 0.175482 
1834 1 1.491180 15.207800 3.851380 
293 1 4.915340 15.924100 6.093970 
764 2 7.475430 14.478500 8.850580 
1080 2 5.693970 21.934500 9.265600 
563 2 12.390000 18.436700 10.908000 
962 1 11.498200 21.690100 8.761370 
1903 2 2.886470 23.751300 4.476940 
322 1 5.824270 24.843100 4.606370 
763 2 12.451000 16.243800 7.962010 
1054 1 5.534910 15.933100 3.867690 
964 2 10.729900 20.614400 9.229560 
1315 2 7.991160 22.106300 11.884900 
1149 1 5.556830 22.165700 8.477800 
1986 1 5.230880 20.456400 3.430740 
1916 2 1.321740 23.060000 1.429370 
1827 2 7.634580 26.005800 9.230150 
584 2 9.897140 18.653200 10.794000 
1319 2 0.943007 23.085100 3.198630 
1863 2 8.347740 15.471100 8.909120 
723 2 3.072690 19.143600 8.572960 
573 1 4.186510 25.743700 8.149910 
101 1 11.946400 15.866500 9.069400 
938 1 12.622100 26.293600 4.098150 
107 2 10.055400 14.047200 0.339651 
958 1 4.240310 14.064100 0.367774 
1630 1 4.259290 21.494900 0.152086 
899 2 3.514440 20.623600 0.107997 
304 2 5.810740 24.298400 0.505397 
1610 1 5.959870 15.964300 13.127400 
298 1 10.924200 23.696600 14.936100 
1407 2 1.855420 18.967400 24.524200 
1511 2 0.712868 26.017700 15.697700 
715 2 11.240600 21.291100 19.433200 
1030 1 6.685990 15.524800 21.544500 
1780 2 5.615510 22.923000 16.017700 
737 1 11.432800 24.425200 24.639300 
1153 1 12.194100 22.941000 24.291900 
1559 2 11.928000 16.329400 17.716400 
1046 1 0.071898 25.586900 25.193900 
662 1 2.986520 22.301600 18.805400 
171 2 2.835240 20.209500 18.661600 
1294 1 8.791370 17.928800 19.395400 
918 1 9.780630 21.578400 16.571100 
33 1 11.423700 16.788600 19.585800 
327 2 3.607460 20.685500 22.284600 
1143 2 9.588990 23.435000 22.665600 
1051 2 13.110200 13.891000 19.602800 
1400 2 5.178740 19.632800 25.522100 
1541 1 5.868210 18.557600 22.118300 
353 1 10.055400 20.224000 26.513400 
1652 2 2.407650 18.193100 15.939100 
1939 2 7.878210 15.341600 20.905800 
345 1 5.443050 15.211600 25.484300 
1211 2 5.350680 25.007700 21.295400 
1612 2 4.641130 17.126000 14.961300 
1072 2 8.164150 24.694400 14.691800 
1314 1 3.905730 20.214500 20.303300 
316 2 1.337160 17.720900 22.171000 
201 1 9.728970 16.961300 17.844900 
1701 1 1.645880 26.001100 18.959800 
1114 1 2.438720 18.138100 15.194200 
1533 1 6.647220 21.870900 16.637700 
626 1 9.396790 13.483300 25.074100 
358 1 7.154830 18.868800 16.871200 
847 2 5.663600 14.994700 13.447900 
152 2 5.224290 20.941900 23.117100 
1716 2 7.474260 21.973700 17.527300 
1892 2 9.912390 18.442700 19.426600 
1964 2 5.726050 14.592600 17.703500 
612 2 11.682400 25.151100 15.907000 
1510 1 3.084830 18.898200 22.476100 
794 1 5.700530 22.731200 20.062500 
1563 2 0.257711 18.160600 22.578600 
1824 2 4.098490 19.742100 20.582300 
1658 1 -0.016250 20.861100 26.246300 
1461 1 1.082710 21.316900 13.888000 
517 1 12.969900 25.905200 15.102500 
537 1 2.793250 22.676700 24.278500 
1182 1 5.430180 20.455900 15.513400 
1378 1 9.482170 25.757400 22.866900 
184 2 9.207170 13.564900 23.417700 
281 1 8.283860 22.657900 20.728400 
1429 1 8.781660 17.235500 15.862400 
1271 2 7.520190 19.477900 23.482600 
1257 1 2.649860 21.989000 13.785700 
1575 2 11.611100 15.332900 16.701900 
1976 2 0.758749 19.329000 15.311800 
834 1 10.454800 13.774000 15.396600 
665 1 11.141800 24.835700 20.801300 
1229 1 3.242080 19.835000 15.986300 
1653 1 8.633750 19.516800 15.636400 
1343 2 7.644740 21.082600 18.957500 
664 2 9.816420 21.332700 16.541000 
923 2 10.618700 19.874600 25.595000 
1720 2 12.403600 22.563500 24.433100 
1469 1 0.841190 18.248000 22.197900 
71 2 1.637840 25.260300 13.658300 
1812 2 4.721000 20.979200 15.361500 
1496 2 3.169370 16.108600 24.205400 
1885 1 3.901640 22.484100 15.832100 
1248 2 11.068500 19.064700 14.526200 
98 1 3.410620 17.154800 17.261700 
415 2 4.694480 16.860100 18.964000 
668 2 2.694510 24.913800 18.495100 
256 2 10.725300 22.725300 18.640700 
1144 2 5.205950 18.164700 19.315900 
369 1 3.918510 24.505500 16.376400 
1608 2 5.664840 26.069200 17.220700 
1104 2 9.151210 20.951900 22.841900 
1727 2 10.696300 25.665000 16.666800 
837 1 4.677630 13.627600 20.837600 
542 1 5.700050 25.554400 19.332800 
1075 2 12.886800 16.065500 22.927800 
1648 2 1.257920 21.698000 20.990200 
132 2 7.553270 18.959000 16.100500 
1501 1 6.614950 13.847300 19.613600 
951 2 11.201800 18.393800 18.587200 
333 1 5.980280 25.857500 21.897600 
1842 1 5.632200 13.588900 17.406000 
1406 1 11.518600 15.084500 20.624400 
1840 2 10.378000 14.665900 20.983200 
1489 1 9.329570 14.708900 21.045700 
1514 1 9.372890 23.449100 25.393100 
1980 2 11.512000 17.093400 22.904500 
459 2 2.406710 23.976000 21.522800 
1788 2 1.188370 25.584000 18.398100 
1186 1 11.289600 16.562200 14.712800 
1292 2 4.349510 25.798100 22.241200 
1440 2 7.855940 17.388400 25.695700 
822 1 2.668600 16.186700 19.545200 
1587 2 9.741220 20.834900 17.222900 
378 1 9.988490 19.381300 22.535500 
1523 2 0.388976 26.478800 19.416800 
1518 1 7.708470 13.408700 21.876700 
131 2 3.269050 22.902400 24.591500 
707 2 7.187210 19.427800 14.185400 
1914 1 2.778210 24.745200 22.866300 
384 2 12.369900 14.994800 16.634100 
187 2 8.477280 25.177500 20.504900 
883 2 12.551600 25.116900 15.500400 
1529 1 1.928540 25.347800 20.717700 
237 1 10.484800 22.052700 23.662800 
853 1 6.136620 21.055200 22.011600 
1261 1 13.014500 15.646300 21.953000 
1602 1 0.801103 14.296400 23.686100 
212 2 8.859960 21.313400 23.569800 
1267 2 1.243120 25.773000 20.843600 
381 1 1.871490 24.536900 19.109000 
1157 1 0.814766 23.241400 24.654700 
125 1 1.207280 23.228700 15.238700 
1934 1 7.226540 20.034900 19.029600 
247 2 12.872500 25.525400 24.789000 
773 1 1.871150 25.252800 16.702600 
915 2 4.585440 15.416800 25.779400 
1962 1 7.247940 17.494000 24.932200 
1480 2 13.064400 22.570200 17.161900 
687 2 0.552287 20.581100 14.612000 
141 1 4.247100 16.560800 24.134400 
17 1 12.605800 18.781400 22.609100 
1853 1 8.105890 19.931400 25.331700 
696 2 2.770150 23.588500 24.315700 
1856 2 8.872890 16.095000 16.756600 
985 1 6.838410 26.168900 25.864400 
235 2 6.273550 24.313300 23.676600 
1858 1 10.329400 22.433600 17.984500 
1206 1 7.460000 23.541400 19.616200 
1441 1 3.560100 22.555400 13.906600 
616 2 5.527720 23.991200 19.821700 
1282 1 2.432760 16.731700 23.891200 
160 2 2.177470 22.093900 18.668400 
72 2 0.255704 13.633700 14.006500 
1551 2 11.841700 16.485400 14.217400 
1895 2 10.725700 19.371600 22.392700 
219 2 8.204220 18.022300 16.029100 
931 2 9.666620 14.729800 24.527500 
624 2 5.849350 26.194300 25.964800 
605 1 3.725260 25.978100 18.251200 
1351 2 10.460100 24.634600 23.120600 
295 2 2.048230 24.931000 17.342500 
400 2 10.402700 18.226500 20.558800 
224 2 5.518210 17.112400 25.057700 
505 1 0.463813 25.685000 15.582900 
1828 2 3.165740 14.230000 25.227400 
1226 1 2.151510 18.825600 17.872500 
614 1 6.938740 15.416700 18.916300 
119 2 12.905500 24.177200 21.901100 
721 1 0.243080 18.807900 18.610000 
142 1 9.561710 16.356400 22.082000 
114 1 4.047710 24.387800 24.331900 
1181 1 4.465580 20.921300 22.672800 
1786 1 5.128580 15.252800 15.938500 
1603 2 8.309710 21.811600 25.041000 
1758 1 6.576230 13.541400 25.369100 
1655 2 3.257750 20.122500 15.127000 
1910 1 4.487950 19.103400 23.896800 
848 2 6.403390 13.482000 22.885200 
399 2 5.323520 21.431100 19.445900 
914 1 5.684820 17.713700 19.249200 
1851 2 10.924500 23.800000 15.497900 
609 1 9.523300 18.573100 14.988100 
906 1 3.726320 18.821500 18.879400 
973 1 10.796800 17.777600 21.395400 
364 2 3.984940 25.681400 15.794600 
800 2 5.050950 25.862300 19.776300 
484 2 1.430080 25.144000 21.553300 
59 2 4.126090 15.437700 26.516400 
1721 1 9.120530 20.115700 19.144100 
1045 1 1.476700 16.020100 14.686900 
1162 1 9.004160 14.867100 16.557000 
1987 2 7.866160 18.130200 20.062700 
1676 2 11.049800 22.605800 26.592500 
1333 1 7.187970 21.756500 14.354500 
1601 1 1.281390 22.844600 18.109200 
567 2 2.869400 18.716000 18.748300 
755 2 5.355910 18.235500 15.800400 
1464 2 0.849450 25.938800 13.755000 
1507 2 3.449510 22.654100 15.298800 
1596 2 7.600740 23.106300 20.270400 
729 1 8.531690 22.776900 23.427400 
1399 2 12.039200 21.586300 26.261700 
1656 2 4.074640 14.246200 19.548100 
396 2 8.951720 25.590900 18.137000 
1971 2 2.375750 14.043200 21.568800 
613 1 1.393580 14.758200 16.077900 
1599 2 10.529800 15.275300 19.817700 
60 2 0.972526 16.025700 14.637700 
490 1 12.970300 20.891900 23.006000 
64 2 1.246560 17.610000 18.847500 
1077 1 4.952650 21.725000 18.326900 
887 2 6.408410 16.539700 23.078900 
1540 2 5.115740 19.920500 17.068700 
282 1 4.650350 24.834000 20.577200 
1560 2 7.761660 20.027600 19.072400 
1605 1 12.792200 23.746800 16.893200 
418 1 11.394000 18.977800 24.210600 
1513 1 3.745010 19.198400 25.784200 
1344 2 0.593636 23.781500 16.251500 
1795 2 10.258000 14.134200 15.352200 
177 1 7.754730 25.995900 17.754600 
1633 1 10.699000 14.681200 24.767300 
1568 2 12.472900 26.529400 17.343800 
495 2 13.008400 15.497200 25.947700 
221 1 4.451920 16.300600 20.150100 
1089 1 8.857800 26.142500 14.953400 
942 1 11.038500 21.030700 19.716300 
238 1 5.999900 18.652100 14.716300 
241 1 12.144300 14.878500 16.985100 
1266 1 5.473320 18.159700 16.796200 
1232 2 0.827085 19.022200 26.387400 
599 2 0.786810 21.558900 17.986500 
1376 2 3.234340 22.976400 19.798000 
1029 1 11.797000 19.869300 17.635700 
916 2 0.852246 21.565900 14.038500 
453 1 7.793850 21.822500 17.793900 
1037 1 11.552400 25.630600 16.998100 
1327 2 5.103920 25.049000 19.032500 
1988 2 10.035900 14.873700 25.897200 
562 1 4.889170 15.427500 18.109000 
1013 1 1.109250 21.865800 17.760300 
1993 1 1.608320 20.986100 22.851500 
499 2 5.604630 17.670900 18.489100 
1318 1 8.018990 24.224400 15.826900 
1416 2 4.456460 23.270100 13.933500 
1336 2 9.070330 13.392200 19.907700 
1457 1 9.191770 20.998400 23.583100 
1778 1 5.780410 24.427900 24.308100 
1098 1 0.225469 19.473200 14.014000 
510 1 12.338700 17.741400 14.526500 
1504 2 13.019300 18.144200 24.055300 
675 2 2.530050 15.947800 14.620000 
76 2 5.774180 17.907800 17.367300 
1736 2 5.281920 26.033300 22.935500 
502 1 3.090300 22.773000 22.737700 
1887 2 7.244880 23.656300 16.416800 
1855 2 11.028700 23.696500 26.060700 
1382 1 0.545946 14.702300 13.846800 
1274 1 4.280270 26.380900 15.616000 
1481 1 0.487968 13.363700 25.574100 
1638 1 8.227130 13.709700 26.346700 
1449 1 7.325680 18.451000 26.235100 
425 1 12.101300 18.987200 26.288400 
796 2 3.047300 22.242600 13.357800 
1718 1 11.670100 21.944400 26.427200 
16 2 24.466900 10.847000 12.843400 
739 2 18.562700 5.536260 4.719800 
1635 2 20.310800 11.162400 8.302530 
1004 2 19.320300 5.733750 2.789910 
37 1 24.237700 10.419800 4.558400 
346 1 20.507800 2.039420 8.429730 
443 2 18.131000 12.545800 12.167300 
1509 1 21.187100 10.894900 0.739645 
785 1 17.985700 6.004280 8.445730 
969 1 15.499200 12.764400 8.906250 
383 2 15.303400 11.485900 11.349300 
1132 2 14.832600 1.536580 4.294460 
450 1 14.313400 0.655631 3.036550 
1640 2 14.929500 8.721580 7.412440 
1375 2 22.953100 7.445140 4.868910 
727 2 14.141000 4.696260 8.757490 
14 1 13.963300 13.106800 5.334580 
532 2 15.983300 11.076800 2.767120 
387 2 14.494400 9.406580 5.237220 
804 2 24.665800 7.390420 9.680420 
558 1 13.809400 5.556070 7.194200 
801 1 25.053100 10.422000 13.097700 
323 2 16.372600 0.261478 8.198740 
900 2 25.797500 3.399900 2.369390 
254 1 14.385600 7.909190 8.945070 
724 2 24.220100 10.686100 4.724730 
85 1 16.241600 11.663100 5.727300 
1398 1 23.595800 2.466470 4.917430 
1432 2 19.257200 3.567900 6.809630 
1484 2 25.461700 7.155680 2.749440 
409 1 23.484500 12.621700 0.872283 
1349 1 15.234500 11.873200 10.620700 
1262 1 20.141600 1.066540 6.659520 
1380 2 14.252700 7.454760 5.038520 
1329 1 19.538100 2.656260 1.872080 
1384 2 22.833300 10.813800 11.711400 
1972 2 20.526800 11.963400 5.038770 
1495 2 14.177300 9.897360 8.898860 
1360 2 21.519600 9.203420 0.840804 
1011 2 22.049600 2.211650 0.319136 
1086 1 24.633900 2.715580 12.286700 
1064 2 13.847700 6.209430 1.540830 
206 1 25.953100 1.070670 6.405150 
1334 1 22.992300 3.490390 0.619190 
933 1 22.214900 9.555990 3.921270 
31 2 25.719800 3.876080 5.535500 
1392 2 19.167800 0.947642 5.254880 
1700 2 17.870900 8.985970 9.677800 
1478 1 26.165000 1.068280 12.709000 
555 2 23.000600 3.564050 3.483040 
273 1 20.371700 10.143700 8.802100 
1556 2 23.741000 4.314050 9.921860 
1943 2 25.130800 9.474090 8.783910 
1790 1 16.209600 3.778220 8.531080 
561 1 16.554600 1.212260 7.940530 
1387 2 16.191300 7.938060 0.732250 
516 2 21.161800 11.952400 9.246140 
382 1 24.561900 2.432690 7.734500 
1876 2 22.214100 6.005610 1.541200 
420 2 18.146000 4.764320 5.698890 
953 1 21.377800 3.813430 0.025015 
239 2 24.123600 3.093520 1.752730 
1192 2 18.312900 12.576500 12.555800 
1713 1 14.293300 4.542180 8.441000 
200 2 23.003600 1.014810 4.805620 
366 1 20.794900 9.653840 5.745330 
1746 1 18.855300 5.452270 1.033740 
987 2 14.577800 7.097560 2.877910 
1071 2 15.155100 2.781930 1.750260 
667 2 18.579600 1.851280 6.566180 
1960 2 17.722900 1.908810 8.207780 
565 1 16.164500 0.881719 1.881250 
1214 1 21.999500 1.630730 12.744300 
1 1 20.516800 5.948390 12.452100 
1279 2 22.986700 8.654740 2.169210 
151 2 19.907600 0.818805 4.028970 
1126 1 18.079500 7.813390 4.852350 
1665 1 18.806600 4.387110 5.634820 
1210 1 25.424400 8.647690 8.954730 
1982 1 14.638500 0.530460 6.322610 
1488 2 20.056500 4.226520 10.630100 
1546 1 14.876100 10.073400 7.614970 
1276 2 18.585200 0.634642 10.851900 
1733 1 16.974300 6.022750 10.326300 
709 1 20.006700 1.356270 10.653000 
52 2 18.513700 4.967900 10.640000 
1659 2 21.675400 9.904460 2.663690 
41 1 14.677500 9.064010 1.731140 
1300 2 23.922400 6.401210 5.936180 
1695 2 16.535000 0.138177 7.596680 
875 2 13.788200 6.017050 1.679030 
1163 2 23.484000 1.464840 11.040400 
216 2 22.593000 10.550600 3.323330 
145 1 20.125400 8.883100 12.980200 
1574 1 25.473800 3.629030 1.146770 
706 1 17.155500 6.748220 5.335570 
857 1 14.771200 2.442940 2.755090 
310 1 22.724000 8.775540 12.677100 
1925 1 26.413000 11.935500 11.931500 
1712 2 16.828300 12.001500 7.750690 
460 2 20.161200 10.256200 2.037390 
618 1 17.267400 1.002940 11.805600 
1550 1 21.735100 8.939070 1.933370 
877 1 16.970700 3.750910 1.891580 
1770 1 16.656200 1.980320 6.100360 
234 1 14.665000 7.409690 4.626530 
1692 2 13.843200 11.674500 12.596700 
1831 2 16.683100 9.800430 5.968280 
679 2 21.485300 8.308460 7.128130 
100 2 17.467800 7.936380 11.448800 
581 1 15.541600 8.454620 11.716200 
111 2 26.567900 9.667790 1.902860 
889 1 26.272900 7.300860 3.561650 
858 1 14.585700 9.883210 9.106330 
734 1 20.944400 4.951400 1.648110 
779 2 25.744300 12.303500 6.688650 
1079 2 24.968100 4.656960 12.170600 
1454 1 16.826500 9.400250 6.993790 
1664 2 15.119100 0.227903 1.987990 
4 2 15.961500 12.823800 5.662250 
766 1 22.167100 12.675800 7.505420 
1231 2 15.649000 7.379740 11.831900 
1012 2 24.160200 2.613550 10.888000 
762 1 19.151600 7.070100 9.134050 
1909 1 22.895500 2.356200 2.414520 
291 2 15.056500 2.188490 3.417040 
165 1 21.383500 12.228900 12.182000 
122 1 26.255600 5.318020 0.951375 
1969 1 24.772400 6.383720 5.246370 
1726 1 17.959100 1.605080 7.242110 
1290 1 26.583600 4.626120 2.673930 
153 1 14.236100 9.185490 0.362521 
768 2 17.714600 2.773550 7.838900 
539 2 26.075500 6.166760 9.512050 
1068 2 22.133800 1.307960 13.003100 
920 2 15.874000 1.509550 13.098900 
1867 2 14.145500 4.764510 4.308860 
1890 1 17.177800 7.224630 12.649400 
375 2 23.829800 11.205700 6.481640 
1223 2 24.857600 1.439230 13.107900 
1864 2 21.862200 6.275220 3.732430 
1445 1 20.351400 6.551060 3.283530 
961 1 21.985100 0.626912 10.080900 
939 2 13.353000 5.506480 9.227910 
477 1 13.903600 3.876910 4.552630 
226 1 24.634000 4.268940 11.096200 
1505 1 18.434400 11.985700 2.622360 
56 2 13.913200 12.931200 2.878160 
279 2 25.808200 11.346000 13.062900 
583 2 19.204100 10.902600 5.626630 
514 1 24.546700 12.981200 7.887490 
6 1 24.432000 3.034790 3.254870 
742 1 16.530800 0.340790 5.886550 
25 1 23.503000 7.590920 5.108930 
1647 2 23.277200 10.928600 0.824567 
1058 1 26.320700 3.368950 10.060200 
1309 1 22.197900 4.778650 8.041360 
1997 1 23.542400 7.859640 1.616380 
1689 1 14.378900 5.322250 9.824340 
694 1 20.580200 0.555097 3.392340 
1065 1 15.114700 2.290610 4.273490 
1738 1 16.182000 10.906600 3.189080 
603 2 19.231600 5.823950 9.657340 
736 2 14.412500 4.422740 8.157720 
82 1 21.889000 3.574980 9.881170 
897 1 15.575200 6.534410 0.868340 
1337 1 18.327600 12.286000 7.408190 
109 1 14.002000 0.803849 8.988650 
1458 1 17.043900 9.013640 9.814980 
1671 2 20.662200 10.892300 1.809670 
1528 2 15.940700 4.522350 2.870040 
1238 1 16.152700 5.062590 4.874080 
350 1 18.567600 1.501990 3.506950 
1296 2 21.615500 6.834510 9.281640 
1235 2 26.532200 4.001470 2.097190 
1702 1 22.688100 8.946250 8.551380 
529 1 19.894300 8.200030 0.308537 
1102 1 23.200700 0.164835 8.462020 
1981 1 21.631600 5.259220 10.367100 
227 2 20.469500 2.541690 9.203300 
1110 1 22.906200 6.452020 6.942000 
1332 2 15.331900 10.262900 8.010130 
451 2 17.335700 10.163100 1.219230 
1995 2 22.756900 8.669140 6.838580 
1922 1 24.482400 10.787300 6.536200 
1285 1 25.647500 6.215480 9.323760 
463 2 17.976200 4.779370 7.911860 
507 2 24.037800 2.374600 7.878770 
905 1 20.657300 11.516800 5.292720 
1421 1 16.928700 9.454430 2.160990 
1055 2 18.369500 7.564820 12.485900 
813 1 13.955800 6.058030 12.655900 
797 1 22.188600 4.558220 4.353050 
1753 1 23.909100 10.385500 11.345800 
1784 2 22.740300 8.415130 6.962570 
1850 1 20.055500 7.418170 7.003360 
1322 1 16.582100 3.941020 12.212000 
1256 2 16.858600 4.062760 6.863820 
1493 1 18.045100 9.653810 8.210640 
483 2 18.992900 1.685910 11.633600 
1316 2 25.686700 11.276100 6.816120 
1817 1 16.442400 2.051010 9.942090 
1203 2 17.801400 9.535970 8.616900 
1369 1 21.843500 13.139000 10.423500 
1898 1 25.084500 10.918100 2.611760 
640 2 17.866200 7.667940 4.747690 
218 1 18.593200 10.239300 10.220000 
260 2 15.416100 4.177460 3.829400 
731 2 18.516900 3.473600 1.738050 
371 2 16.850000 5.677960 10.473100 
1532 2 21.627900 9.054040 12.241000 
661 1 17.059700 6.069270 3.846520 
1803 2 22.335500 12.345500 12.288600 
15 2 21.892800 3.660730 7.616640 
1161 1 20.694900 11.412000 1.935180 
1241 1 18.423700 1.764960 0.200427 
805 1 24.133800 7.114610 10.380800 
527 2 15.763800 7.770650 7.729760 
1101 1 21.850900 7.629800 3.699110 
1839 2 19.628800 4.731460 2.781050 
1172 2 18.299200 1.231370 0.866139 
552 2 25.670800 3.251090 4.970650 
716 2 20.436100 8.403750 5.316850 
436 2 19.810300 0.321218 13.012500 
1894 1 24.284000 0.305608 11.542300 
1444 2 15.193600 7.811410 11.849600 
173 1 13.536300 11.994200 3.374970 
1954 1 18.362200 4.193390 8.061820 
1367 2 18.864600 6.569640 11.669300 
754 1 15.678800 7.422630 7.605620 
741 1 17.381700 4.089920 10.239700 
498 1 14.134600 12.489800 7.429180 
1548 2 13.301600 5.132310 11.719500 
1479 2 15.490600 2.575160 10.427900 
894 1 14.735800 4.795610 2.136120 
1320 2 22.105500 1.421070 0.354143 
1562 1 13.694800 12.225100 10.065200 
508 2 13.605800 11.935000 10.820400 
1239 2 20.030000 12.349300 9.323770 
708 2 14.180300 0.237211 9.612860 
713 1 20.382200 11.953800 8.999910 
1497 1 26.428600 8.089680 -0.048751 
692 2 26.137900 10.771500 2.970550 
9 1 18.133800 0.896258 12.936100 
1284 2 15.523500 8.468420 0.407155 
1097 1 16.642400 10.113500 0.071065 
1216 2 23.013300 12.202300 0.125831 
1091 2 21.033300 12.081800 13.020500 
363 2 23.627100 1.083350 22.596500 
1243 2 15.462100 8.629200 22.835200 
1468 2 17.365900 4.061370 16.649000 
873 1 15.979200 8.245050 25.270100 
945 1 19.673000 13.156500 17.941800 
1600 2 16.872900 5.893690 18.240200 
1145 1 18.606200 10.441600 18.433300 
431 2 25.886700 8.170870 21.159700 
367 2 20.481300 0.246508 17.615800 
1175 2 17.362300 5.430470 19.489000 
680 2 16.917500 11.407900 26.277500 
1146 1 19.258200 10.229300 14.645800 
108 2 14.229400 12.753000 24.863700 
666 1 17.365600 0.054664 22.715200 
1305 1 24.717400 0.597883 25.485400 
1381 1 24.441600 0.359868 23.258800 
423 2 18.609200 4.516660 17.554200 
1225 1 21.940900 3.153450 22.755800 
1000 2 18.304300 5.320240 20.832900 
859 2 18.338400 9.418490 23.510800 
747 2 21.250500 12.797000 20.876100 
638 1 20.407200 2.383650 17.138900 
1002 1 23.227800 2.248960 14.951000 
633 1 18.295500 8.744720 23.613500 
20 2 20.792700 12.114100 21.572800 
1845 1 23.357000 11.931000 13.649000 
1135 2 24.329400 4.261650 21.738000 
1618 1 22.067900 7.433320 22.493400 
1957 1 20.807800 10.207100 23.571700 
789 1 23.859900 11.476400 20.155900 
1474 1 14.615400 12.868300 21.755000 
1007 2 20.848800 11.511000 26.326900 
1889 1 15.889500 4.181430 16.329500 
1761 1 24.367100 7.394240 13.737600 
698 1 21.725100 5.092300 13.764800 
213 1 19.981500 3.163150 25.700100 
253 1 25.411600 10.335300 24.264600 
69 1 26.365900 10.325300 17.645900 
714 1 22.972100 9.619020 15.631500 
646 1 24.285400 8.795120 16.948700 
196 2 16.924300 8.727450 20.540700 
2000 2 25.672000 2.846080 19.466600 
1994 1 20.576600 0.633015 17.906100 
186 1 13.896500 8.269700 21.998500 
242 1 14.291800 8.539200 13.268900 
1422 1 17.485200 5.636380 26.050700 
598 1 23.987300 6.711120 22.412300 
343 2 15.485700 0.864897 26.391500 
685 1 20.765600 5.903230 16.043800 
320 2 13.605300 6.854200 24.061100 
1953 1 20.990900 1.353460 14.359000 
315 2 13.862100 2.730850 22.762500 
954 1 24.565700 13.000700 21.985400 
984 2 18.125100 8.942770 16.569900 
976 2 21.576400 12.094100 15.410600 
146 1 26.295400 5.284910 13.888500 
361 1 23.283400 9.017290 23.837100 
403 2 19.728600 2.084210 25.877500 
83 2 20.057200 4.978810 20.846200 
1194 1 21.400200 10.193000 16.719300 
1427 2 21.280500 2.569400 20.806800 
1765 1 15.436200 11.096400 18.087600 
1289 1 22.971100 6.247620 26.151500 
1393 1 18.944300 13.001100 15.896400 
1111 2 19.811800 2.114380 25.873200 
411 2 19.132600 11.584900 17.904500 
1140 2 24.889300 4.113220 16.963300 
1364 2 21.036200 9.328850 16.469700 
45 1 16.656300 12.519000 22.349900 
648 2 26.231100 12.943300 22.336700 
471 2 23.099700 12.112900 14.972500 
124 2 26.079600 5.496430 14.842700 
51 2 23.641100 1.673950 15.423000 
1906 1 17.820600 10.859400 15.822100 
1985 1 16.274500 10.821400 20.953000 
1620 2 13.989600 3.923460 22.627300 
210 1 19.843500 0.233825 20.816700 
1617 1 15.522800 4.193530 25.982300 
1183 2 21.163300 3.781870 13.601800 
1040 2 26.067500 2.119600 13.886600 
776 2 23.995600 6.319440 19.823700 
1100 2 13.441700 5.396730 18.127900 
1782 1 23.588200 5.768510 23.669000 
1687 2 18.981500 7.077450 26.396800 
207 2 16.561200 1.828550 13.584800 
1821 1 26.338300 9.358090 20.749500 
1028 2 20.130500 3.303740 15.673900 
1190 1 14.577700 4.482590 21.401000 
1734 1 15.981700 12.911200 18.032400 
799 2 17.389200 2.915050 22.709000 
816 2 19.806800 10.426500 19.828800 
188 2 18.396700 2.913800 22.435400 
250 1 14.764700 1.829600 22.380300 
525 1 20.941000 2.043030 20.547700 
1208 2 18.670800 9.418700 23.715400 
328 2 23.412300 6.665920 23.758600 
336 2 14.928000 7.902350 22.593800 
1160 2 21.542300 3.471910 26.470900 
890 1 23.057000 6.688640 20.038100 
1260 2 18.079100 2.498350 19.064200 
1769 1 26.079400 13.241700 21.012900 
197 1 26.225900 2.971630 23.806100 
1027 2 24.165700 7.655710 26.186700 
1158 1 23.733000 8.791920 21.309600 
746 1 20.015200 6.359510 23.613400 
88 2 17.764700 1.192450 19.214800 
1636 2 20.960400 2.320690 19.690400 
652 2 20.095700 0.860157 21.588700 
683 2 25.829200 4.024950 17.247300 
225 1 23.048400 0.705193 23.420000 
1277 1 16.351700 3.719090 22.983200 
301 1 18.414600 8.934780 14.912100 
697 1 26.200800 8.776130 22.211200 
231 2 20.851300 10.507600 24.661500 
828 2 26.077500 12.133300 17.298700 
1370 1 26.185800 2.541350 14.389000 
531 2 13.349500 2.638760 13.542900 
1428 2 20.031800 10.011900 15.060600 
1386 1 17.838600 3.604650 16.245800 
58 1 23.626800 13.108000 24.402100 
259 2 20.334500 4.574120 15.782500 
619 2 16.388200 0.359274 16.875100 
362 1 26.464800 10.033800 15.128600 
688 2 23.662900 2.804380 21.023900 
143 2 16.132900 11.007500 15.244200 
908 2 20.370300 7.560990 23.015600 
1553 1 24.062400 2.758910 21.942900 
798 1 20.811100 10.242900 18.084500 
585 1 24.515100 7.379050 18.865600 
602 1 13.970400 10.830900 23.201300 
903 2 19.228500 6.099960 25.403100 
230 1 18.013100 2.738380 19.491000 
397 1 18.003400 11.175400 23.565100 
1056 2 17.304600 11.903900 22.591400 
719 2 21.325000 9.268720 14.552300 
1385 1 18.097100 6.409200 14.890700 
1629 1 15.559300 8.362310 16.464200 
1463 2 14.130500 11.475900 20.149900 
902 1 14.176600 10.126900 16.671300 
1776 2 15.877200 12.011900 16.285200 
557 1 14.345200 1.375230 25.402400 
1524 2 14.678100 1.054850 25.523600 
1756 2 14.649500 10.008600 14.012000 
40 2 22.801600 10.213100 24.348600 
1138 1 19.177400 6.939770 26.316600 
1438 1 16.869600 12.720800 13.805200 
286 1 25.003700 0.342383 16.621000 
1705 1 18.381500 6.066560 21.250200 
1069 1 24.959200 12.787200 13.368500 
1419 2 24.834000 8.157630 13.681000 
1829 1 23.288100 6.241210 16.786400 
233 1 22.642900 1.992150 21.353800 
480 2 19.466600 10.752200 14.886900 
838 1 14.160200 11.934000 19.784300 
1499 2 14.598200 10.670100 23.011400 
1717 1 17.240800 4.726100 21.981100 
147 2 19.795200 6.602620 23.258700 
705 1 24.849900 9.754840 17.240000 
1341 1 16.074900 6.234480 19.659100 
193 1 14.958100 2.167590 15.180200 
1059 2 17.849200 1.884290 19.301400 
1707 2 24.705400 5.963960 24.751900 
1117 1 19.648900 9.795400 23.806500 
1236 2 21.839000 6.078150 20.394300 
1990 1 24.203900 4.061020 22.670700 
791 2 26.261000 2.770430 23.386100 
1983 2 20.807800 3.110140 16.803700 
1355 2 15.785500 6.740100 16.080200 
23 2 24.295200 5.809060 15.177200 
515 2 14.063500 12.261800 21.346400 
307 2 22.998400 4.203980 23.542800 
1767 2 25.450300 12.565800 21.268100 
1772 2 25.536500 9.308230 16.419500 
699 2 23.341100 6.549360 16.831600 
470 1 14.799300 8.524170 19.320400 
749 1 21.320000 10.904100 24.724900 
176 2 16.323600 3.005670 15.430700 
1044 2 23.149700 8.442210 14.969600 
334 1 15.986500 11.845300 26.265000 
1034 1 17.955700 13.172700 22.329700 
910 1 22.503600 2.883440 18.681600 
1547 2 23.742200 8.660670 16.831300 
1417 1 18.457100 2.127970 21.111900 
1291 2 15.769600 11.738000 19.210300 
1195 2 15.153800 3.275690 17.193600 
1526 1 15.267900 5.936360 15.773700 
77 1 26.490900 4.553110 15.866600 
90 1 23.928500 12.349500 15.608400 
300 2 17.459600 12.147400 15.196800 
1221 1 18.396900 4.587890 19.917700 
1127 2 22.960500 1.098710 18.507000 
1804 2 23.357000 6.420830 25.097700 
255 2 13.868100 2.967130 20.446800 
92 2 23.073900 9.411730 23.657800 
1757 1 24.338100 4.888760 20.635800 
126 1 18.179600 8.326980 21.992400 
1929 1 15.518000 10.565800 14.368300 
154 1 13.331700 9.169250 17.761000 
1874 1 25.541400 2.527720 18.353900 
1624 2 16.455700 7.042110 22.372800 
1078 1 17.445700 7.674170 19.904200 
261 1 23.425600 6.797130 14.818700 
775 2 23.656100 8.952250 18.416800 
112 2 18.640000 6.329310 26.497700 
79 2 18.179600 0.888368 18.802400 
1456 2 13.437900 5.696390 15.203800 
257 1 19.997600 8.962230 16.361400 
297 1 19.752300 4.034770 23.376500 
1187 2 14.851100 7.387270 17.436000 
1082 1 16.504000 6.110630 17.524800 
1084 2 14.933100 4.222390 20.475600 
11 2 16.768900 12.640300 22.285500 
1473 1 13.547100 13.231900 17.785900 
162 1 23.833300 9.921540 26.243100 
722 1 24.929900 5.723900 17.650700 
803 2 13.530800 9.373120 19.085200 
1139 2 23.437500 7.797860 22.298600 
1904 2 19.327400 12.980800 17.145500 
35 2 20.858000 11.552800 20.500500 
1477 1 23.736300 10.707500 23.203700 
332 2 23.233200 7.938580 20.063700 
992 2 20.187000 5.823950 16.316700 
277 1 21.777200 1.424840 25.789800 
1544 2 16.330000 12.120400 17.415700 
504 2 24.255500 3.434270 23.185000 
1944 2 15.148900 0.816055 14.981500 
492 2 23.216200 1.150850 24.116200 
879 2 15.704200 4.708750 25.342800 
1723 2 26.506000 5.827590 18.672100 
103 2 19.636700 9.570170 16.011400 
1213 1 18.092700 4.544600 17.752000 
194 1 16.056000 8.125130 22.751200 
121 1 20.420000 11.013600 20.217100 
1178 1 16.246400 12.408400 16.493100 
1703 2 13.515200 8.937230 21.839200 
97 1 13.375400 11.884900 21.350600 
229 1 24.352900 4.085100 24.930500 
1930 1 15.873400 2.617380 19.298700 
1492 2 15.829300 3.444820 25.720700 
428 2 25.918900 13.020300 21.935900 
582 1 23.850600 4.221490 15.743900 
1298 1 20.158100 3.736490 16.066800 
1188 2 14.245700 9.634090 17.198900 
1970 1 18.917000 4.229230 13.560200 
174 1 14.058000 0.347794 23.591700 
1785 1 14.479500 12.699000 24.562300 
758 1 21.560800 6.908430 25.052700 
1967 2 24.387600 10.928300 23.844200 
272 2 14.607900 12.336700 20.241900 
1409 1 18.258100 1.500830 18.490700 
695 2 25.590500 1.126000 25.001900 
232 2 20.824800 5.266230 13.892200 
106 1 25.944800 6.055850 23.798000 
1202 1 26.519200 11.179000 24.987300 
861 1 19.005100 12.218100 24.443800 
1328 2 23.282300 12.733000 19.612600 
1001 1 17.526400 0.881594 14.027700 
1908 2 19.079300 5.943930 26.491000 
566 1 15.793900 2.231250 13.524500 
871 2 21.426000 4.477160 26.458400 
1180 2 20.224600 15.288400 7.716030 
1141 1 16.351000 19.337300 11.125300 
702 1 19.245700 23.841300 1.858800 
983 2 18.837300 20.238600 7.608680 
1891 2 17.576800 20.246400 6.453260 
1545 1 15.720400 24.472500 8.749360 
621 1 13.392600 13.924100 1.282600 
416 2 23.008600 16.884700 4.357140 
610 1 17.504300 13.818200 13.031400 
990 1 19.067900 19.804200 12.256600 
881 1 19.093500 16.005000 12.345700 
1771 2 22.534400 18.733300 0.562541 
1818 1 17.866100 15.621700 2.418730 
39 2 17.568700 26.090800 3.806380 
1200 2 26.093800 19.964300 3.051610 
452 2 26.277400 17.724200 7.947490 
790 1 15.078800 20.824400 9.408800 
1802 1 16.838100 16.128000 4.613760 
1408 2 19.414000 22.232700 1.712650 
855 2 24.033500 24.087800 11.742100 
1258 1 21.496700 23.564900 2.048890 
1033 1 15.250100 24.280600 2.806220 
700 2 14.391200 21.172000 5.052010 
1637 1 21.251900 17.627000 9.868300 
370 1 23.594300 20.677000 8.178430 
179 2 20.225100 15.603400 4.245270 
344 2 20.691200 15.655100 3.939920 
296 2 16.831800 20.262800 10.493000 
865 1 22.798600 24.890900 4.337450 
1372 2 18.292500 18.187300 9.349470 
904 2 17.016300 16.292300 7.509330 
1311 2 25.569700 16.517100 12.557000 
639 2 18.814000 17.744800 8.810070 
32 2 13.461900 20.936100 13.078800 
1278 1 16.667200 18.868500 7.160210 
365 1 24.735300 25.791800 2.303100 
1615 2 19.411700 13.934600 0.751094 
1254 1 15.160700 23.270800 11.648500 
1530 1 17.959400 13.992600 1.067340 
681 1 15.324200 24.578800 12.886600 
1811 2 16.842300 15.860200 6.390490 
943 2 17.866200 22.254400 0.671073 
394 1 18.776600 25.940700 12.238300 
313 1 20.974000 24.179700 6.343420 
980 2 16.868200 20.920000 6.679130 
575 2 14.886700 14.156700 13.100100 
591 2 19.478700 25.699900 10.044500 
986 1 25.543200 24.847000 10.784000 
412 2 15.933200 24.136100 1.609960 
1031 2 24.305000 25.594700 10.576900 
593 1 17.852500 16.499200 7.925820 
1515 2 25.752100 21.500400 11.549800 
1032 2 21.655700 23.854200 1.377810 
851 2 17.727700 20.389900 11.256000 
911 2 23.311800 22.953600 8.967710 
926 1 16.358100 22.180500 11.050500 
977 1 20.197200 17.114900 2.890100 
1081 1 14.449500 17.704200 1.274790 
1730 1 19.071100 23.444500 9.870940 
1843 2 23.295800 20.823100 3.395910 
1625 1 23.345400 17.023400 0.563468 
1453 1 25.621800 16.118100 3.474090 
1594 1 23.601300 22.949500 2.344410 
326 1 21.890400 19.352300 12.097300 
934 1 22.970500 24.411700 9.201010 
1931 2 24.284300 15.229400 10.870400 
63 2 20.236200 18.107100 12.520800 
750 1 13.360500 15.902200 3.824100 
1728 2 25.238600 23.850800 5.590570 
870 1 19.253300 24.595500 10.782000 
994 1 19.107100 22.564700 12.810200 
78 1 21.476600 19.638200 5.004040 
556 2 19.616000 25.601200 12.276900 
303 2 22.605800 19.156200 8.245140 
1873 1 24.668600 21.265000 1.127590 
1414 1 20.039400 14.082300 12.793300 
1167 2 15.994100 18.490700 0.928138 
102 1 17.035200 23.916300 10.160500 
1061 1 21.309300 15.229300 3.997100 
359 2 24.510300 16.691700 6.154270 
712 2 13.401800 18.338900 4.640470 
802 1 18.874500 20.852900 7.254610 
1675 2 19.840200 23.869000 7.374030 
113 1 19.885800 20.689700 3.824830 
1822 1 24.019600 15.980600 11.157400 
1255 2 13.883600 18.835600 2.708490 
311 2 13.718000 21.028000 5.873140 
1923 2 23.931500 17.176800 2.130980 
901 1 18.284200 18.491800 5.203770 
1168 2 21.963700 21.590700 0.175309 
1517 1 14.963600 13.698700 12.232400 
846 1 15.249500 15.726900 7.125680 
1354 1 24.900700 13.723400 10.165400 
1467 2 19.710500 15.647300 7.962860 
572 2 25.097200 16.229400 9.494760 
1632 2 14.988400 20.122600 10.428600 
852 2 18.180400 19.913700 6.663390 
644 2 23.591800 24.285600 12.918000 
1073 1 18.133200 18.372600 8.775900 
168 2 24.554400 20.845200 0.792135 
1609 1 23.345800 15.916800 2.909140 
1063 2 17.551500 23.729800 10.794700 
1646 1 17.606700 20.351500 5.995870 
130 1 20.391100 15.455100 8.328990 
772 2 19.609800 20.927100 10.875700 
1212 2 14.229500 25.286800 5.846740 
417 1 23.286500 26.070400 5.927400 
22 1 20.539900 24.093700 12.952500 
1704 2 26.181300 18.140800 9.211550 
80 2 19.141100 24.341300 5.273990 
1613 1 15.407000 25.067300 0.428276 
65 1 23.476800 16.454900 4.609200 
217 1 20.784300 19.671800 10.013700 
996 2 22.856200 23.602000 5.331170 
1991 2 13.453900 16.507500 12.337800 
1781 1 23.812100 24.625600 11.462600 
829 1 16.220500 17.614000 1.937860 
1460 2 13.490400 13.375500 9.246700 
543 2 25.731200 24.265300 6.700060 
312 2 19.503700 23.088300 11.093400 
660 2 17.952900 14.900400 2.314900 
827 2 23.181400 23.888100 4.608120 
1862 1 17.814800 13.660200 10.555800 
1307 2 19.466400 19.844100 1.584110 
1268 2 14.333900 16.743700 6.916390 
128 2 22.703100 22.099600 10.422800 
1263 2 15.094000 24.545200 7.610180 
294 1 25.313200 21.076000 2.912470 
1584 2 20.394300 20.015100 3.089590 
376 2 23.839200 20.887100 5.142510 
8 2 16.559800 22.918800 8.201910 
522 1 21.532600 14.969400 13.072900 
1978 1 13.398100 21.722600 13.008700 
1893 1 21.434000 21.413200 0.283119 
1543 2 14.814500 20.259500 10.145900 
929 1 16.544800 21.780900 6.431060 
1871 2 24.735200 22.687300 5.316830 
1905 1 16.442700 16.971900 6.431800 
864 2 24.681000 13.656600 7.660020 
1330 1 19.289300 21.691300 1.722260 
597 1 14.676900 26.163800 9.667130 
1968 2 22.787800 16.891900 0.966376 
1434 1 25.998200 13.844400 8.818350 
306 1 18.604500 20.964600 10.702900 
1321 1 19.544000 25.646000 9.368760 
592 2 13.287700 22.045500 12.669100 
127 2 17.437900 14.728800 9.914090 
1794 1 13.875900 18.674700 0.776228 
765 1 24.297000 16.786600 9.418390 
1820 2 15.837500 16.576500 13.112900 
1902 1 20.116100 25.241600 0.662292 
1877 1 22.667700 22.215000 10.322200 
251 2 22.281900 13.571100 9.366330 
1396 2 22.571300 26.371300 8.355850 
615 2 21.382000 20.435200 10.626700 
208 2 24.685000 15.694900 3.109020 
744 2 16.301100 23.227700 10.538400 
726 1 24.925800 21.395100 11.312500 
919 2 19.146100 18.541300 4.385480 
576 2 19.743900 25.407800 2.360540 
1287 2 22.934100 17.821600 12.004100 
419 2 22.812300 15.641800 4.555690 
577 1 17.733800 18.952900 1.773290 
1941 1 25.166200 24.617400 13.187600 
720 2 23.479900 25.220100 0.147668 
1945 1 16.524600 13.674500 5.323050 
1483 2 14.720500 13.527200 4.734490 
1465 1 15.801600 20.667300 11.659400 
560 2 15.937000 25.243300 1.294580 
1164 2 14.821400 13.499100 5.196550 
810 1 15.065700 20.077000 6.769090 
1835 2 26.032200 23.975100 1.071150 
86 1 19.837200 18.090900 2.492810 
220 2 15.305100 15.336400 3.043250 
444 2 25.099700 21.718000 10.498000 
1228 2 23.871200 18.031400 5.577200 
622 1 16.431700 24.149100 1.580240 
493 1 22.052500 18.517300 1.364300 
756 2 23.493100 19.087800 10.127600 
1116 2 22.491100 24.360300 8.246240 
70 1 24.224900 23.421100 5.856440 
784 2 17.386800 16.621000 5.503410 
1066 1 20.330400 20.066100 7.642050 
1193 1 19.192200 15.201100 4.780380 
649 1 23.045400 15.108900 9.348700 
645 1 18.912700 18.507600 9.690350 
1607 2 14.060100 26.491200 6.974470 
733 1 24.637500 18.465700 7.310980 
1425 1 24.491800 16.046800 5.991630 
1338 1 25.935200 17.877100 4.987350 
1837 1 21.815200 17.345900 6.209640 
44 2 22.024100 15.474500 9.832840 
1402 1 23.469300 23.102000 8.936030 
222 1 14.588800 20.615600 4.586040 
1074 1 18.870600 26.317800 4.268070 
1452 2 21.075700 19.763700 10.804200 
1006 1 23.969400 20.023000 9.740570 
955 2 14.394200 20.183800 5.486480 
1265 1 22.767300 23.078600 7.288060 
1674 1 21.392700 16.644800 11.922700 
338 1 18.477600 23.867600 6.585370 
832 2 18.880800 15.927500 12.088200 
1259 2 26.330700 25.312600 6.231360 
767 2 21.499900 15.873500 11.218600 
401 1 14.277700 19.085300 10.761700 
1087 2 15.131800 23.006400 11.566000 
466 1 20.160800 14.616500 1.454330 
823 2 22.252600 20.968600 7.914600 
944 2 16.799300 16.127600 6.664170 
814 1 24.814300 23.837200 4.730240 
1525 1 20.325200 21.393400 11.314100 
1693 1 24.500000 13.884700 6.636220 
317 1 15.638500 16.203600 11.810200 
402 1 16.656200 20.695500 8.439310 
635 2 21.547000 23.805400 1.554450 
374 1 19.886700 19.355800 2.737110 
792 2 25.738100 16.455400 3.349680 
795 2 25.838100 13.553700 1.429890 
632 2 20.033800 18.396200 3.544880 
788 2 25.929300 13.662800 11.365400 
54 1 18.030400 22.756000 7.939670 
1270 1 15.687200 19.952000 4.146670 
809 1 25.963000 18.929200 10.597100 
1155 2 22.287300 25.179300 6.054050 
1799 2 16.650500 17.263500 2.865080 
1159 2 16.247200 16.004700 12.358300 
1120 2 13.445000 23.541600 9.758340 
1008 2 18.611100 23.462800 8.139870 
528 2 14.884800 24.847900 13.074400 
1234 1 14.324900 18.220000 4.393700 
1857 1 13.782500 15.985600 9.477410 
1595 2 15.700900 21.594200 8.322330 
117 1 13.531800 16.730000 12.092200 
520 2 16.126000 19.303000 3.068160 
1645 1 17.198600 21.596800 2.284960 
1471 2 15.419800 23.054400 2.927490 
643 2 19.677700 17.186100 1.353870 
265 1 23.500200 25.254100 -0.007381 
1958 1 23.670000 17.249500 2.515420 
833 1 25.372700 15.520400 12.548600 
1735 2 13.945500 25.651800 2.878940 
1096 2 13.515500 15.665600 0.478238 
339 2 26.124100 19.767200 1.024080 
1999 2 25.575800 14.206800 8.416840 
441 1 26.395500 14.308900 6.414250 
1094 1 23.754900 18.048000 13.226500 
123 2 21.510300 14.630300 16.252500 
280 2 18.228300 16.665100 20.902000 
808 2 19.398700 18.215800 25.453900 
325 1 19.306600 20.487500 21.535100 
1852 2 26.069000 22.637900 25.524200 
1123 2 24.503600 16.144900 17.104000 
1989 1 26.251800 18.607600 23.053600 
1888 2 23.085400 14.524900 22.795200 
1884 2 13.302600 21.533900 17.653900 
820 2 25.137100 23.929300 17.666500 
642 1 26.259000 23.549800 23.459300 
579 2 17.341500 13.381000 13.396600 
743 2 19.955900 21.756100 19.212100 
1626 1 22.889000 23.108800 14.195100 
898 1 19.974500 14.896100 17.805700 
1816 2 25.351100 20.538800 22.828300 
981 1 18.640100 19.675100 14.725700 
1060 2 21.376400 18.983600 14.950700 
1020 2 17.701000 14.011800 14.543800 
1577 1 23.453700 13.561500 13.962000 
392 2 25.926200 19.237100 18.793400 
677 1 15.224000 24.769700 24.867900 
849 1 23.863500 24.483500 20.164800 
424 2 20.242500 14.424400 18.341300 
84 2 19.409600 19.052300 15.600100 
1680 2 16.946200 14.372000 21.780000 
1374 1 18.380400 25.836000 16.711800 
1350 1 21.407300 25.552600 20.285300 
105 1 15.245000 19.209800 18.322600 
1411 2 20.437700 14.755800 22.799500 
404 2 23.766900 14.244000 14.735000 
1424 2 13.524800 25.297600 16.981600 
549 1 25.072200 21.983800 20.537300 
1832 2 22.252100 24.616200 20.042400 
1455 2 20.758200 17.913900 18.709900 
155 2 15.422100 23.623600 14.369100 
442 1 20.811300 18.382600 25.428700 
464 2 15.669600 21.325500 21.084100 
1365 1 13.990700 15.362400 15.004700 
469 1 15.868700 21.956000 19.895200 
74 1 16.903000 22.205600 25.442000 
289 1 22.824600 15.751200 16.546800 
485 1 23.452000 17.268000 21.214300 
455 2 19.359000 20.940300 13.542600 
406 1 17.393400 18.185200 19.090700 
545 1 21.694200 19.221100 15.741400 
170 1 26.525400 18.673300 15.896400 
195 2 20.557400 19.268300 25.177600 
81 1 19.813200 25.745400 19.614800 
1581 1 14.101800 20.431300 18.722500 
547 2 13.493000 18.901100 17.173400 
930 1 14.600000 15.781500 18.329000 
1050 1 14.001700 23.124100 14.706900 
285 1 18.721800 18.219700 22.321300 
1534 1 25.253600 24.372300 19.904200 
434 1 22.761600 15.432800 19.581800 
211 2 21.168100 15.048400 19.115000 
950 1 18.627900 22.164900 26.456000 
1498 1 23.028900 21.518900 20.794900 
1576 2 20.378700 22.581800 15.894900 
663 2 17.389800 20.634400 25.822000 
821 1 15.885400 14.491700 15.194300 
18 1 20.246700 22.760000 16.038200 
497 1 16.912600 23.502000 21.619000 
62 1 14.461700 19.535700 24.130800 
1752 2 19.000300 13.876700 24.941500 
1088 2 25.068100 18.428300 15.827000 
998 1 24.159600 16.491200 17.579000 
348 2 25.968200 14.128800 26.196800 
634 1 21.787000 25.598900 17.198500 
1169 1 14.850100 18.157300 19.803700 
967 2 19.531200 24.901800 24.634900 
390 1 26.442300 24.803900 22.067200 
909 1 23.962200 18.784500 25.306200 
263 2 21.805400 22.701300 25.453600 
93 1 23.892900 25.441500 17.239100 
10 1 20.283500 20.670100 14.691200 
689 1 23.909200 23.381900 25.342800 
541 1 26.449400 17.784300 21.827200 
544 2 22.144600 16.068400 23.088500 
745 1 20.164700 22.603900 23.725500 
580 2 18.249300 17.820500 18.942000 
761 1 21.040600 18.066000 13.704000 
1631 2 17.823500 18.539200 19.685700 
1430 1 15.765200 15.563500 19.032800 
968 2 14.817500 17.901900 16.385100 
181 1 23.977600 23.157600 16.486500 
1597 1 18.344600 15.568900 22.597600 
1611 2 24.437600 21.303000 19.997900 
456 2 16.527300 19.381600 25.784100 
1019 2 24.522800 13.332400 16.658200 
1412 2 24.188200 17.877100 22.056000 
1439 2 25.628000 13.842700 14.243300 
922 1 23.296800 22.203800 18.545200 
319 2 14.280100 18.223000 20.198500 
347 2 21.534600 19.564600 14.028600 
815 2 24.529900 14.405300 24.875900 
1690 1 19.613000 18.538100 15.333700 
1797 1 13.968700 17.838600 17.001900 
335 2 15.120400 16.747500 21.850500 
891 2 22.837300 24.442700 19.545600 
1650 1 17.947500 25.846200 14.492600 
1486 1 24.506400 19.129200 18.607200 
440 2 20.099000 17.277600 25.034900 
1442 1 14.377600 20.021100 20.475100 
1462 1 14.505800 24.567400 18.013200 
1748 2 23.012600 16.620800 23.856400 
1859 2 21.656200 23.350400 14.695900 
437 1 17.303100 19.397500 14.936100 
878 1 26.166400 17.116400 15.785500 
1280 2 23.202300 17.287100 14.207500 
1125 1 18.289800 22.990100 15.616100 
1107 2 23.409900 20.164800 23.463600 
882 1 15.283400 16.229900 24.371400 
13 1 25.291000 16.350900 25.958600 
432 2 16.747800 17.450400 17.713100 
1199 2 21.744200 15.758300 13.873900 
1275 2 16.313000 14.397600 16.755700 
1764 2 18.241900 24.258600 23.911400 
1673 1 18.566300 17.513600 21.112600 
1326 1 20.751200 17.002800 17.775700 
53 1 24.293200 13.918500 17.374600 
1598 1 22.040700 16.833300 23.876500 
449 1 24.847600 15.307000 19.798200 
1042 1 15.466500 25.307300 20.641700 
1743 2 19.529100 26.382200 20.547300 
1777 1 23.094800 25.480900 14.966300 
1437 1 21.880100 24.244700 14.299300 
1527 2 19.041700 18.896100 22.775500 
1800 2 22.058000 24.593300 18.610600 
787 2 16.741600 15.550700 14.941400 
1684 2 13.432300 22.069000 26.293300 
1220 2 18.997600 18.941300 22.185900 
1156 2 17.875100 24.176400 19.137900 
538 1 15.814000 26.219700 16.113700 
831 2 25.459900 18.635300 19.243500 
1808 2 17.002800 21.126500 18.960600 
1975 2 24.225100 21.788200 16.976500 
574 1 21.174000 14.708900 25.281600 
551 2 15.638100 19.732000 18.672100 
703 2 15.563600 16.420200 24.513400 
1057 1 20.913200 15.284200 15.441200 
1686 1 15.910600 15.486800 17.041800 
1191 2 18.637500 23.718900 16.077000 
1446 1 16.729400 21.441300 15.810400 
629 1 15.267600 15.353200 25.722100 
1165 1 17.752400 16.724500 13.431100 
1115 2 25.175800 24.490100 22.666300 
844 2 21.335000 26.210300 16.139900 
704 2 21.374200 15.867400 19.974800 
850 1 16.576500 13.940100 21.782600 
972 2 17.743300 26.407900 15.365000 
1762 1 21.582100 24.069500 19.147700 
1048 2 23.871700 21.900000 21.147400 
1709 1 23.508400 20.591000 23.187600 
487 2 25.256700 15.814200 21.363400 
1977 1 15.821700 25.957600 17.892400 
521 1 17.576400 15.554800 20.832900 
1950 1 21.672900 19.878900 23.634300 
1573 1 13.575100 15.921100 24.027100 
258 1 18.372400 24.859100 25.281500 
398 1 19.062600 19.163200 23.590300 
1896 2 23.627800 15.251000 18.559900 
1823 2 23.158600 24.727000 14.500400 
1005 1 22.560400 24.345200 20.765000 
1644 2 18.833400 17.695000 25.924300 
1366 1 19.716800 13.407100 19.852300 
1273 1 26.430800 17.004800 20.792400 
1933 1 17.667500 17.255400 25.157600 
946 1 21.482100 19.359000 19.055700 
268 2 13.521500 19.619100 24.499000 
1654 1 15.131400 23.550600 22.282200 
468 2 18.115100 22.026000 13.462300 
330 1 16.123800 14.239300 24.399700 
1745 1 15.241400 16.539300 21.977700 
1942 1 13.416000 26.271900 16.969700 
1475 2 26.146100 19.888100 24.713800 
28 2 22.761900 19.877200 23.287600 
751 2 15.469500 15.429300 18.443900 
203 2 26.401300 24.472100 23.838300 
115 2 26.554500 23.037100 25.936100 
1668 2 14.713700 16.722300 18.571300 
524 2 17.980700 22.223300 26.307600 
1436 2 20.090800 25.743000 20.668300 
1614 1 25.128500 19.154900 20.396400 
413 1 22.743300 25.541300 25.134000 
647 2 14.348100 20.283400 24.894100 
166 1 23.717200 16.497800 23.834600 
94 1 18.402100 14.312100 14.460600 
462 1 17.184700 13.533900 19.382000 
407 2 23.138200 14.185900 25.226200 
1395 2 15.763100 22.728000 21.669500 
1209 1 21.816100 13.539800 19.374700 
628 2 21.914600 23.265500 14.795200 
1935 2 17.951100 19.627100 15.593000 
192 2 22.845500 20.031200 18.738000 
786 1 22.620800 14.001700 21.920100 
1227 2 15.515200 24.832900 21.409100 
1310 1 21.524900 15.673800 22.784100 
872 2 15.790500 16.049600 25.091700 
305 1 22.007500 23.883600 17.275300 
1849 1 23.489900 20.563000 26.226700 
1459 2 25.926400 18.690100 15.052300 
1245 1 19.351300 18.738100 18.588700 
511 2 19.496200 22.006800 22.910400 
586 1 26.067100 22.646500 26.029500 
180 2 17.240100 19.656500 14.521800 
550 1 14.409200 14.174200 19.333800 
1397 1 13.651100 23.901700 26.196300 
1911 2 17.568900 22.990300 15.976100 
1252 2 14.483400 25.381100 22.209000 
1363 2 14.092000 25.350300 17.591200 
1724 2 24.125500 22.399900 15.142200 
523 2 16.043600 23.589000 19.132100 
329 1 21.177500 25.088300 23.222300 
1272 2 14.929900 14.963300 19.273100 
67 2 25.305600 24.224200 19.896800 
812 2 15.773300 14.696000 21.098800 
386 1 17.602300 25.645800 18.758600 
1379 2 22.806900 26.423700 24.145100 
1173 1 20.814300 16.136800 19.759000 
867 2 17.106300 14.654400 20.484400 
491 2 20.075700 14.768200 16.559200 
439 2 25.188800 17.382500 26.146700 
978 1 21.398900 23.098600 24.689800 
38 1 15.407600 15.508600 22.419900 
630 1 15.475200 23.701200 19.783600 
1588 2 14.224600 14.453600 15.421000 
1572 2 21.061900 23.505700 24.040300 
1807 2 18.345500 16.260300 21.696000 
1830 1 16.151600 18.055700 15.315100 
1246 1 17.792800 20.074500 26.111800 
1998 1 19.551600 16.063000 26.043200 
1189 1 16.966900 20.904100 20.751900 
1016 2 14.749100 25.235300 21.933600 
1264 2 14.581000 18.547200 17.103400 
1476 2 15.240900 23.928000 25.081600 
917 1 13.803700 21.654400 25.470600 
133 1 22.228700 13.573800 15.846300 
518 1 13.408600 25.386500 23.285300 
269 1 13.286300 15.812500 25.476500 
1450 1 26.126600 21.221500 16.649500 
1628 2 13.544200 15.307800 23.100400 
158 1 26.411500 23.856800 16.475600 
292 2 26.376000 25.050600 24.726900 
863 2 26.247500 16.932100 20.843000 
1205 1 13.343600 20.489400 15.416600 
7 2 13.486800 13.522600 23.505100 
1348 2 23.758000 26.446900 16.296000 
1038 1 14.687500 13.684800 15.172400 
1763 2 15.764300 13.318000 25.307700 
1358 1 25.545100 17.131300 13.467200 
243 2 17.271800 26.120500 13.831400 
