id type x y z 
371 2 10.649500 5.325790 12.280200 
605 1 10.823000 0.708587 0.173163 
1334 1 5.692890 11.796800 1.821850 
184 2 5.902480 12.786600 3.508510 
1549 1 10.881100 4.185410 1.555850 
393 1 6.966840 1.840550 12.695700 
512 2 6.088240 9.697710 8.655220 
252 2 5.367270 9.914290 2.980800 
711 2 5.347750 8.905380 12.920400 
1038 1 8.677660 11.863000 11.780900 
1039 2 8.046430 9.929080 3.716080 
819 2 8.451010 9.968620 8.408390 
1128 2 10.521200 12.883200 1.353480 
271 2 8.642520 6.650060 12.198700 
1485 1 4.412400 4.328700 2.159650 
1364 2 4.601730 9.451020 10.198100 
1260 2 2.257380 11.452400 12.070800 
27 2 10.400500 7.848370 3.912800 
770 1 4.302850 11.421900 13.108300 
52 2 9.521470 7.179430 9.033070 
962 1 9.582260 2.112270 9.833820 
1827 2 8.052670 3.692010 12.192900 
182 1 2.352620 8.930250 12.767700 
1511 2 4.916670 1.397640 4.210710 
956 2 8.663750 4.669790 4.287430 
1751 2 9.730500 12.598700 0.341424 
1716 2 9.182870 6.755290 8.717610 
1177 1 3.374110 4.293820 9.463470 
153 1 10.184800 11.033700 1.962460 
1416 2 6.987940 1.578120 11.969800 
1147 2 11.558700 6.544370 8.660450 
498 1 8.843110 7.661660 9.342950 
429 1 9.349150 12.861100 3.178880 
589 1 4.404290 3.564450 4.824910 
1327 2 5.246920 12.343000 8.637760 
1331 2 11.784200 11.429100 10.405000 
570 1 3.950270 6.862490 3.095460 
189 1 8.008340 2.980580 11.468800 
1490 1 0.907412 2.164960 4.383920 
1170 1 4.091080 10.856500 2.025350 
1378 1 6.399290 8.648230 2.266010 
476 2 11.117000 8.107350 6.912480 
895 2 1.433280 8.472060 7.396680 
175 2 8.189530 7.492960 6.623830 
289 1 2.476250 12.697500 10.038700 
754 1 10.823700 9.973370 5.643680 
813 1 4.389100 3.158780 7.511070 
654 1 12.167300 6.172300 6.288480 
362 1 0.270721 3.993800 12.247200 
673 1 8.507610 7.962790 11.270200 
222 1 9.448010 2.078110 0.659986 
1185 1 6.985290 5.150210 11.893400 
571 2 3.161760 6.775450 7.117940 
87 2 1.970020 1.230940 1.993940 
858 1 10.532700 2.369990 5.809370 
354 1 8.609020 11.498400 9.009410 
894 1 9.551090 5.596560 7.024490 
1438 1 0.665104 11.086300 12.170500 
1522 1 12.239300 12.774300 7.199470 
20 2 1.550180 9.176600 1.873190 
728 2 9.172820 10.576900 1.388440 
1901 1 6.361750 9.878820 4.151930 
868 2 9.384910 4.633360 7.575450 
1269 1 2.597990 6.530050 5.430410 
1309 1 2.738280 0.691332 3.861920 
1388 2 5.288050 6.378940 8.994670 
1196 2 10.985300 13.106000 8.603100 
1204 2 3.306800 8.647190 6.921750 
1497 1 1.398180 7.525290 3.913860 
1346 1 0.414250 12.121700 3.490550 
964 2 6.928510 1.549560 5.448600 
1996 2 6.638810 0.482176 12.336900 
592 2 10.596100 9.095720 11.578200 
131 2 3.829490 4.556680 4.501870 
1785 1 3.669000 9.410260 3.547500 
205 1 5.167000 8.306560 10.934000 
264 2 7.842170 3.458010 9.611480 
1431 2 12.098600 3.826930 2.519410 
23 2 12.378300 7.768910 10.345800 
1349 1 9.424400 8.742700 12.374700 
883 2 9.185050 2.915710 9.422410 
1951 2 4.081290 0.971963 6.087760 
1120 2 7.893200 8.984690 5.823350 
472 2 7.300660 12.864000 9.106630 
533 1 12.350900 10.304000 6.305210 
889 1 0.599025 9.858400 1.385180 
1083 2 9.128030 2.562020 1.869550 
915 2 2.865870 5.509930 9.133450 
164 2 8.293490 5.889080 5.229170 
482 1 4.559970 3.310610 10.217100 
756 2 1.983180 9.465430 12.313200 
671 2 5.231210 10.532600 12.246700 
597 1 11.994700 3.087740 5.622380 
1992 2 9.073310 10.977600 6.196240 
1670 1 0.451356 8.885580 8.906350 
414 1 10.067000 3.693890 4.224580 
314 1 1.736760 1.566900 13.034800 
655 2 1.178890 11.454000 4.010550 
236 2 1.358900 4.992880 3.580530 
1537 1 3.952420 0.416084 5.648220 
1649 1 2.886950 11.124500 9.564230 
790 1 13.105000 3.616640 9.883770 
623 2 11.289100 5.052210 6.397820 
783 2 3.941590 9.212510 9.678310 
161 1 3.280420 3.389150 11.212800 
1230 1 5.940990 1.545910 3.837130 
249 1 10.866300 12.574100 5.342780 
423 2 6.382580 2.512300 12.351100 
1719 2 8.618350 7.405670 9.620540 
1758 1 8.607590 4.308290 2.389070 
669 1 6.915450 1.126890 6.673640 
1912 2 11.238400 1.368470 6.383150 
1238 1 7.771250 7.254410 9.723740 
1415 2 1.854620 6.525710 11.443800 
1375 2 8.082130 5.498420 0.562688 
732 2 1.090590 1.146140 7.609060 
1768 2 0.766500 1.397050 3.053210 
1702 1 1.434580 5.555130 1.367020 
1657 1 10.644300 3.506470 10.577200 
1545 1 11.476500 0.207074 6.163470 
678 1 10.203000 12.616700 0.299346 
1985 1 11.663800 12.405100 0.565666 
308 2 3.233670 5.734420 5.207850 
1819 2 11.432800 8.264880 6.980310 
1108 2 7.192030 7.352880 10.156500 
1613 1 11.993600 0.897251 4.056860 
1838 1 11.180100 5.241900 11.846300 
1224 2 9.928360 3.570440 2.336790 
475 2 4.827370 1.124420 2.525050 
1773 1 7.442490 4.421030 7.441790 
869 1 8.530400 5.542140 2.226440 
1247 2 0.230192 3.192880 11.646300 
262 1 9.325200 2.519800 4.027610 
1384 2 12.818100 9.869170 2.657660 
1553 1 1.372440 6.470310 9.107040 
584 2 12.978200 10.558200 7.863940 
1669 1 8.403860 3.463820 9.112940 
336 2 12.509300 3.577530 1.308420 
823 2 0.237876 7.511160 3.907170 
6 1 8.478020 6.494620 5.578340 
1513 1 7.816990 9.673700 1.378100 
457 1 6.116240 8.843400 9.359990 
843 2 11.057400 0.852492 8.579360 
529 1 0.330182 7.759030 2.579390 
19 2 7.824870 5.631370 2.824730 
1391 2 8.747830 8.973890 1.225390 
340 2 4.210880 8.269840 7.177920 
337 1 10.980300 5.059740 6.227340 
1018 1 9.785360 7.206360 4.104560 
548 2 10.474600 0.200848 0.652390 
739 2 11.528400 9.424030 0.650929 
341 1 8.359990 3.775630 12.784900 
1703 2 11.414400 9.500710 2.556520 
818 1 7.191420 10.253300 7.241010 
776 2 7.100500 7.985850 0.070844 
896 2 4.464540 4.577690 11.110000 
757 1 10.882700 13.114300 8.907690 
1568 2 3.826130 1.359710 11.560900 
1103 2 2.194960 1.235810 10.210000 
1482 1 3.091280 7.443850 3.880230 
1786 1 6.007070 12.526600 7.949560 
1200 2 3.727090 2.807290 0.742100 
1761 1 4.471020 5.604130 11.240200 
1317 1 3.507740 9.588070 9.595960 
1590 1 11.760500 9.015910 11.112800 
481 1 1.398710 0.941209 0.282438 
1662 1 4.669210 1.849270 12.789100 
811 2 5.629430 7.964210 1.003780 
427 2 5.232150 10.424000 5.326400 
30 1 0.652208 8.768590 11.498400 
526 1 8.974430 10.040600 4.247800 
499 2 5.408830 10.468600 1.616930 
1357 1 0.168450 1.998410 9.825130 
1584 2 11.363000 2.389730 9.165480 
651 2 1.977220 12.027600 2.898560 
14 1 12.725900 11.265900 3.872420 
1316 2 4.072080 11.276000 1.362500 
1433 1 3.931390 7.329330 7.686880 
1916 2 4.331450 3.621130 8.351450 
1289 1 5.866920 1.311250 2.257770 
985 1 10.900600 3.902610 3.138810 
782 1 6.349740 11.160100 12.794800 
209 1 2.469140 8.225860 10.681300 
864 2 0.924330 11.703300 0.063994 
1585 1 13.130000 6.135090 10.144800 
1299 2 11.144900 1.541790 12.232000 
971 2 1.528600 9.836480 12.370400 
740 2 6.251410 1.494360 3.063020 
1110 1 3.810150 11.593600 0.905125 
1899 2 3.227390 8.140800 5.368970 
514 1 2.300370 11.890400 3.900050 
291 2 9.633010 2.441460 4.463630 
1617 1 13.002400 2.827920 1.347240 
603 2 13.136100 11.136800 7.639230 
1966 1 10.992100 9.520580 1.556480 
841 1 13.015500 5.201350 1.088610 
1661 1 9.669840 6.370870 9.172770 
970 1 10.025400 12.528300 10.697400 
276 2 11.006000 3.089330 5.163070 
1062 1 9.272120 9.414160 8.442770 
1854 1 7.792750 10.266400 10.961300 
1682 1 8.594530 11.097500 6.194900 
1356 2 8.079340 10.906900 6.975510 
797 1 4.816170 5.770300 5.899390 
345 1 6.163790 13.163800 2.390180 
573 1 5.544530 0.730510 12.538200 
1681 1 4.648860 5.482710 8.295770 
752 2 3.820340 6.961540 3.360210 
1030 1 11.656600 7.057230 -0.010297 
1926 1 13.108600 0.035359 11.975600 
836 2 8.034640 10.743700 11.221500 
840 2 3.413380 2.054410 5.255080 
199 2 8.410240 9.162080 6.633750 
1217 1 2.545200 10.411900 12.660500 
35 2 4.171080 4.029340 10.885200 
1976 2 6.035210 11.799600 11.796300 
405 1 7.938690 9.333730 5.556850 
430 1 12.972000 11.217300 8.253710 
966 1 10.566100 8.350660 4.733940 
989 1 0.623657 11.604100 0.453143 
167 2 0.098749 5.525150 6.052240 
1886 1 6.448300 12.063000 9.399270 
1181 1 11.801900 1.970460 7.584990 
446 1 1.661750 7.884970 7.577620 
1506 1 8.031590 0.881052 1.607860 
866 1 10.681300 7.692230 11.460800 
939 2 12.501900 4.489940 10.177100 
1565 1 11.529300 8.671360 7.385480 
1739 2 0.227095 5.862160 0.524200 
1381 1 2.885770 1.251470 1.808850 
322 1 2.099520 2.164770 7.409270 
1883 2 9.978650 4.798580 2.537560 
1500 2 9.943910 7.846230 4.131920 
1733 1 10.968600 4.868990 8.879000 
320 2 11.365600 0.962769 9.085030 
952 2 3.902800 3.504100 7.493630 
534 1 3.184440 9.432870 6.223730 
610 1 10.113100 7.381060 8.163360 
349 1 6.435020 8.423480 7.934040 
759 2 11.270900 12.126600 6.374490 
1303 2 6.180250 6.145030 7.150260 
387 2 12.562700 11.152300 5.066810 
1961 1 11.068700 6.221490 2.174390 
530 1 0.220031 0.201627 11.545700 
321 1 8.283230 8.062420 0.812069 
1713 1 13.040600 3.371790 7.485690 
1279 2 0.608878 9.872430 8.998660 
1725 1 2.319450 12.641700 0.523677 
1456 2 12.972300 6.953190 9.113070 
288 2 0.247134 5.630190 1.833860 
48 2 9.681620 0.083652 3.363320 
1754 1 11.974800 0.805560 13.226400 
791 2 5.883890 12.033100 13.001400 
1068 2 3.215790 1.303930 13.251500 
998 1 8.392600 10.623500 13.024400 
933 1 2.434040 5.186350 17.134700 
1466 1 8.785100 0.324764 23.240100 
935 2 9.203260 2.959800 17.088400 
903 2 3.200620 4.732730 25.916600 
141 1 3.380210 11.443500 19.516600 
1487 2 9.987690 7.519890 16.086600 
1793 1 6.594500 2.253230 14.478600 
1631 2 12.909500 5.044220 18.827100 
1732 2 5.675660 2.001150 24.056000 
151 2 0.079407 1.917070 18.935200 
1582 1 12.526300 12.644500 19.069700 
60 2 6.499140 7.820050 14.249100 
255 2 12.249200 3.972560 21.750200 
1387 2 12.762900 4.796660 25.716200 
177 1 5.650770 1.935160 19.727700 
1127 2 3.692040 9.725720 18.384500 
1376 2 0.866190 0.464590 20.822300 
1274 1 1.901270 1.676710 14.817800 
769 1 -0.013112 11.935500 15.035900 
1067 2 11.164700 12.839300 23.378900 
1198 1 12.565200 4.491920 19.711000 
135 2 1.682660 5.511150 18.555000 
26 1 9.651330 9.375340 23.363400 
278 1 12.389000 6.763740 15.839800 
1558 1 3.108720 2.398020 16.235800 
568 2 5.629060 0.663220 20.486900 
1887 2 7.794270 0.904736 14.078900 
1310 1 0.104449 11.693700 24.558300 
1589 1 6.265030 7.603840 17.256500 
686 1 2.233850 0.406551 19.311100 
1240 2 0.651225 1.726580 16.172100 
738 1 12.869800 0.048157 19.512500 
1959 2 3.792570 10.802400 22.771200 
1235 2 1.312770 7.989550 22.348000 
925 1 12.243500 0.045811 23.045700 
1044 2 8.518860 6.850310 22.566800 
1019 2 1.972190 3.228060 22.015100 
1616 2 12.962600 4.096240 19.797400 
1629 1 10.598400 6.818320 19.366200 
5 1 7.446340 4.990850 15.722100 
134 1 4.708750 12.195800 14.719500 
57 1 8.827020 5.510340 23.891900 
683 2 6.469110 9.565290 17.528500 
506 1 7.197140 11.123800 20.861200 
101 1 11.058600 5.895950 16.671500 
1639 2 2.450870 9.735380 26.331000 
1129 1 4.858890 8.303660 26.377200 
606 1 12.520800 12.044000 14.074200 
1092 2 6.794550 10.611800 21.684200 
275 2 5.615820 1.959890 15.931400 
1586 1 1.767030 12.259300 23.591100 
1249 1 8.548280 8.986470 18.999900 
1580 2 10.795900 9.731450 18.862200 
1473 1 11.949400 10.042900 15.048800 
1077 1 1.247490 1.021160 16.189300 
532 2 12.348000 10.036000 15.548500 
730 1 2.909440 5.426090 26.100900 
719 2 0.878672 4.529460 16.065800 
261 1 4.005650 7.520420 18.855200 
1314 1 4.721810 12.337600 25.567500 
1367 2 9.985630 5.075610 20.917600 
120 2 6.237030 3.988400 14.326000 
190 1 2.623020 9.850470 26.178600 
1547 2 3.237930 12.114700 18.411100 
42 1 9.136890 6.782190 23.736800 
1564 2 11.278800 9.464360 20.450900 
1025 1 2.887170 7.206390 20.921900 
388 2 9.659510 12.630000 15.663900 
1977 1 10.933300 1.929490 18.862900 
1677 1 5.521180 8.621140 20.798100 
1370 1 0.077925 1.123870 15.606800 
625 1 8.958750 3.957550 21.472400 
1089 1 4.526920 0.470011 16.690800 
1440 2 5.270870 9.488220 18.935700 
395 2 10.284600 6.177910 20.711100 
1296 2 10.070800 6.579660 17.063000 
477 1 12.662200 4.024870 23.816100 
1640 2 4.072620 7.490350 17.804000 
1723 2 8.194600 9.748570 22.498800 
426 1 11.009900 4.018910 17.891500 
569 1 12.994800 1.475700 23.170700 
394 1 12.396000 8.427020 17.914400 
1312 2 12.540700 8.056170 19.202900 
834 1 9.695430 11.255800 16.028400 
1792 2 4.741300 7.758750 21.816400 
1605 1 6.445000 0.200741 19.292200 
1667 2 7.075490 9.930850 24.571500 
1144 2 7.869840 12.083500 26.443400 
709 1 7.242230 0.704096 14.089000 
672 2 11.167200 11.424800 19.392500 
1866 1 3.518050 5.063860 23.664700 
1306 1 11.511400 6.845640 21.488100 
1782 1 1.890000 7.776880 21.614400 
1029 1 9.589600 9.058160 15.080000 
614 1 5.802090 12.180400 15.345900 
1921 1 10.029200 1.406700 20.871300 
1267 2 2.604750 1.788100 19.096300 
1137 1 8.966810 2.201650 25.129100 
1939 2 13.146500 11.891700 25.560000 
149 1 7.507970 6.449680 20.090600 
729 1 11.605000 1.602230 23.558100 
445 1 10.589600 10.076100 18.551000 
1428 2 7.034660 6.085220 19.947800 
1643 2 6.923490 4.218220 24.727700 
984 2 1.569430 5.367910 17.943500 
1343 2 6.556570 2.039020 22.932100 
562 1 3.479710 9.949050 18.004700 
32 2 10.985600 2.959620 18.045500 
1989 1 0.517533 1.734510 21.683400 
1085 1 3.736910 6.179660 19.793700 
1099 2 7.516890 6.896640 20.538900 
324 2 7.874460 0.533272 26.301700 
1076 2 10.264100 9.007180 23.268700 
874 1 10.940600 11.823200 18.559200 
1750 1 6.061080 2.151360 17.366900 
1531 2 12.270600 12.509700 18.298800 
1390 1 0.050321 6.141340 15.532200 
1836 2 9.882510 4.428230 22.126500 
880 2 12.957600 11.640600 15.502100 
519 2 3.098190 8.723670 20.928600 
1190 1 9.965740 2.525060 13.892600 
1944 2 9.163240 2.657820 14.316400 
1458 1 8.039620 4.830250 17.469300 
1286 1 1.326930 2.806340 17.773800 
727 2 11.809600 2.277540 13.956200 
1086 1 2.829490 2.690430 13.578600 
1405 1 5.137760 4.687240 21.059000 
1471 2 8.906200 2.453930 26.441000 
1311 2 9.997990 12.000200 17.326000 
1624 2 12.254400 8.907050 24.937100 
1634 1 6.821950 9.466410 24.247900 
421 1 12.415100 8.271830 24.052100 
1672 2 10.342600 9.669310 21.375100 
626 1 4.254230 10.875100 23.432300 
1244 2 5.409470 3.655130 21.251200 
920 2 12.774400 7.727000 16.045600 
248 2 6.925930 3.243730 18.360400 
940 2 1.911610 6.539190 13.451300 
1746 1 11.315300 3.366870 21.761400 
1054 1 4.095980 5.701180 22.392500 
152 2 2.687420 1.399910 22.419200 
1685 1 11.340700 8.984120 20.729700 
852 2 12.580800 9.498310 14.046300 
1882 1 8.794460 12.081100 21.956600 
1049 1 9.277570 7.339000 17.011800 
43 2 3.611150 3.857120 13.824500 
1571 2 1.983820 7.416150 16.650400 
1642 1 5.627930 9.414020 19.052900 
721 1 1.134010 12.163200 18.961600 
1535 2 11.698900 9.404910 20.462200 
1124 2 11.218400 13.054500 25.441800 
1234 1 12.977600 7.982490 14.386500 
1879 2 8.794150 5.943220 23.430100 
438 1 1.057810 5.108770 17.934300 
1188 2 4.951510 9.816550 24.389800 
1293 1 2.253560 4.902850 20.115500 
855 2 2.727370 1.605330 13.460300 
75 2 10.773000 0.604236 20.271000 
81 1 3.739990 1.558390 21.576900 
1826 1 3.876640 6.375600 13.261700 
937 1 4.094130 3.415950 23.733400 
448 2 8.226300 10.445700 14.031200 
1795 2 10.747100 12.720900 13.534900 
735 2 12.423500 5.973980 13.532600 
1680 2 4.646090 10.543900 15.202100 
612 2 12.393900 1.677320 23.251000 
1737 1 7.888000 6.457980 22.255700 
299 2 3.863350 5.345830 22.966000 
140 2 1.217020 8.544590 21.973700 
1538 1 3.140980 9.166980 21.309900 
1787 2 0.903884 1.921470 15.723000 
1448 2 8.876980 4.534700 22.250800 
1683 2 6.596470 12.283300 20.093800 
567 2 0.552039 11.536000 19.184400 
1600 2 12.248500 12.807200 18.965400 
431 2 2.383910 1.025970 24.099300 
803 2 5.965530 6.082520 19.062200 
885 1 1.617450 5.726790 14.619600 
1536 2 3.155000 5.531840 19.963500 
760 2 1.670840 2.604910 18.414400 
391 2 11.210000 2.761960 18.421500 
1154 1 1.612230 9.487840 23.190900 
1176 2 0.931705 8.863530 17.250800 
616 2 8.496500 2.593140 26.221500 
1890 1 10.492300 5.540050 14.527200 
1152 2 8.090330 4.704990 17.018700 
1166 1 4.824710 4.367750 15.032800 
1521 1 10.337400 12.354700 24.556500 
1526 1 10.383800 3.440070 17.029100 
1383 2 6.527360 1.526980 19.762900 
1618 1 13.140300 5.986000 22.784200 
107 2 9.767030 11.156900 20.829300 
489 1 1.042970 8.274020 14.501300 
1844 2 2.566710 4.483560 22.448700 
1227 2 11.616100 1.627160 23.980700 
1072 2 4.007700 2.976400 16.769200 
1518 1 6.883860 12.675200 21.186000 
247 2 10.341900 5.415040 18.738700 
1253 1 3.340240 7.899430 17.408500 
1845 1 7.565270 8.382810 21.929200 
1447 2 7.120310 6.366100 16.755600 
637 1 0.052289 4.941780 26.093100 
31 2 2.784300 6.191760 13.809400 
837 1 7.389950 11.921900 18.096200 
1747 2 2.667770 10.635900 25.565200 
1641 1 1.152720 3.436790 24.176300 
1731 2 13.074800 7.712670 17.779900 
1339 2 3.455880 0.211727 23.189800 
274 1 11.763900 11.749800 21.966700 
1090 1 6.476720 5.027820 25.017400 
718 1 10.177700 10.692600 20.858300 
892 2 6.446970 1.090960 20.171000 
959 2 5.834140 4.318370 25.599300 
1084 2 11.722300 6.861960 21.652600 
1919 2 10.483100 11.629200 15.190700 
307 2 0.872953 2.479330 24.239400 
1796 2 5.533780 4.588140 24.875700 
1937 1 7.020600 3.618870 18.491900 
1769 1 0.982028 2.891080 20.488500 
862 1 9.258300 4.117450 25.959600 
665 1 9.947590 0.559747 18.586300 
185 1 0.156070 10.247200 17.082600 
875 2 11.875500 8.316790 22.717400 
1551 2 4.239110 2.234100 15.757000 
542 1 5.515100 2.433590 24.556600 
97 1 10.432200 8.692490 25.851000 
1368 2 2.760400 12.744900 21.143700 
1021 1 9.086540 1.782080 16.267200 
1780 2 8.082370 8.926310 19.806600 
110 1 0.171844 2.779120 19.399000 
92 2 2.249190 12.147200 26.332800 
1373 1 9.639510 6.810250 20.508800 
749 1 1.332160 0.930040 24.205000 
125 1 4.432900 0.808348 13.758900 
794 1 6.056460 4.007380 23.188000 
144 2 1.917370 5.438190 25.830700 
1744 2 10.320600 7.954240 26.192300 
1651 2 5.273530 1.061670 13.343000 
66 1 0.152080 7.859570 23.640400 
1810 1 7.919720 12.260100 25.613400 
1410 1 6.234980 2.665110 26.306200 
351 2 8.882470 9.042260 13.285000 
460 2 10.218500 3.898740 13.666800 
1130 1 5.082610 5.209680 26.425900 
1503 2 5.013670 19.476300 9.387240 
283 2 6.885390 13.449200 5.295470 
447 2 6.661450 18.825800 3.354880 
824 2 4.259540 25.645700 6.125770 
965 1 2.705140 19.785800 11.280400 
650 1 11.788500 25.237400 8.795150 
832 2 2.734000 14.241900 8.041750 
1397 1 10.615900 22.158100 5.886900 
1412 2 0.344174 13.487800 8.885690 
169 1 11.528100 24.593200 5.133880 
1995 2 3.093380 16.327800 9.110260 
955 2 12.110700 18.418700 3.197360 
546 1 11.662600 22.256800 3.989730 
1660 2 11.208900 25.389000 12.847600 
928 2 5.300190 16.012400 4.790770 
1233 1 6.430410 25.709700 1.983660 
1131 2 5.389710 14.322600 1.673030 
792 2 2.513250 18.017600 5.754430 
1711 2 9.654050 20.519900 1.678990 
155 2 13.230500 20.156200 11.931800 
1938 1 5.641730 23.877000 9.626520 
160 2 1.030100 20.946800 9.274140 
1302 1 7.607680 18.343800 4.604490 
1578 1 4.670380 23.886400 3.778950 
1407 2 10.826400 17.865300 11.214300 
461 1 7.908560 25.053200 5.859110 
814 1 5.221570 22.655900 9.577750 
520 2 9.330410 15.356400 0.367596 
1917 1 7.944740 21.319800 5.899840 
1841 1 9.461880 19.756200 7.109540 
293 1 3.695240 14.895600 6.202280 
1525 1 0.143536 24.838100 12.994900 
119 2 6.293630 21.675400 3.827290 
1554 1 0.955191 23.538300 11.795000 
400 2 12.366300 15.939600 0.969597 
467 2 4.186140 14.942000 3.290830 
944 2 4.702450 24.781100 10.958000 
277 1 4.706060 22.336400 0.856616 
1766 1 4.407620 24.571200 5.570450 
41 1 11.597100 14.242900 2.824970 
1409 1 11.738200 24.736900 2.318380 
223 2 12.026600 21.378400 9.356130 
34 1 5.000890 25.846600 6.931970 
282 1 6.072880 21.727400 3.323990 
1742 1 0.897472 21.116000 9.565500 
50 1 9.108110 26.048400 3.245260 
1398 1 3.850820 22.060100 8.403800 
1022 1 5.351210 18.468500 3.147950 
1927 2 8.161070 17.643300 5.635120 
559 2 9.696230 16.138800 0.450201 
1115 2 1.481560 23.341900 9.106320 
726 1 3.449300 19.854400 1.355540 
948 2 10.905200 13.300300 5.133530 
1079 2 5.289470 23.701100 8.996380 
439 2 3.534620 19.959800 0.958001 
927 2 3.491280 17.893600 5.120080 
972 2 11.710300 23.266100 12.581600 
1222 1 3.834720 19.351600 0.195805 
1105 1 6.657630 20.179300 0.840687 
1775 2 12.036300 24.922300 5.086780 
1798 1 10.783800 18.030700 11.310900 
1118 1 3.710860 19.566700 5.521760 
206 1 0.709119 21.545300 1.040980 
826 1 3.562630 19.165100 7.767880 
1569 1 7.426310 14.957500 2.904610 
1920 2 7.761100 16.048000 3.916990 
1908 2 0.770984 14.838300 1.415850 
761 1 12.854400 16.743000 10.993700 
1501 1 8.570020 19.921100 10.936100 
266 1 4.793090 18.891000 8.955560 
1211 2 -0.007107 23.112200 12.340900 
1070 1 5.203240 15.786600 1.698830 
1288 2 7.592300 25.451800 1.204280 
1986 1 6.161500 22.377000 5.480580 
238 1 10.400700 20.698600 10.111900 
1712 2 10.940100 23.446200 6.234770 
684 2 3.224880 19.545500 11.613100 
1805 1 3.779950 14.659700 3.362360 
1797 1 8.594470 22.357100 13.070300 
380 2 3.965340 18.815400 8.093540 
1403 2 6.746480 22.595000 12.354400 
796 2 10.599100 22.507200 8.180800 
774 1 11.843700 22.200000 8.110080 
1460 2 3.619690 24.959200 10.226500 
777 1 6.091470 21.607100 11.652400 
1112 2 13.000400 25.242700 2.049840 
384 2 7.054000 20.671900 9.445410 
1774 1 12.641700 21.033200 10.857500 
1149 1 3.964220 14.227700 8.130530 
356 2 10.504700 26.257800 8.227910 
1350 1 3.521300 23.980100 10.014500 
1741 1 7.264300 18.027600 11.528200 
1610 1 4.671950 17.218500 8.780290 
845 1 7.558490 25.443300 0.864974 
496 2 11.191000 14.896300 9.552010 
1411 2 8.117690 20.868100 0.823603 
1593 1 0.514714 14.627000 1.435080 
815 2 2.749140 19.798500 3.938350 
1171 2 7.597670 24.940200 0.951680 
1056 2 10.186600 14.126600 4.301680 
710 1 10.414900 25.641700 4.855700 
84 2 0.176437 16.481700 11.376900 
1193 1 10.775300 17.597200 8.125200 
317 1 12.864000 17.587700 9.292400 
524 2 13.148600 18.433100 3.477120 
29 1 12.544800 15.256400 10.154900 
658 1 6.740810 22.895700 6.974220 
1435 2 8.331820 26.484100 2.524790 
1324 2 3.551130 24.733400 3.781930 
938 1 10.943300 20.831300 1.854860 
142 1 7.373230 18.064800 8.574760 
1856 2 10.466900 16.742700 7.948180 
1706 1 0.053790 24.224100 5.133700 
304 2 9.742690 19.463400 4.535660 
1704 2 6.405070 21.588300 12.416500 
355 2 3.157750 19.184600 11.981200 
1903 2 7.200740 25.725200 9.758400 
1053 1 2.971860 16.044600 9.179870 
1833 1 4.936120 14.798700 9.477720 
21 1 9.124630 24.906700 10.885100 
1579 2 10.343300 13.681400 10.364900 
544 2 3.644310 18.716300 1.426420 
1315 2 12.535800 21.349700 9.602250 
680 2 11.803900 16.925000 3.936680 
537 1 2.863360 25.209600 0.203403 
1441 1 1.409900 25.973800 9.522320 
1024 2 8.799520 23.806300 8.951280 
908 2 12.750200 15.075500 2.660210 
1964 2 5.514400 14.830600 10.574900 
899 2 6.759480 21.006100 6.102850 
246 1 8.102570 15.394400 9.124610 
958 1 0.513852 17.996300 5.363810 
1009 1 7.952130 19.857800 3.532820 
1699 2 3.170700 18.083900 4.460780 
3 2 1.967220 23.834700 11.142500 
1781 1 5.610710 24.226700 8.036600 
127 2 12.214100 16.256000 10.166400 
622 1 11.755200 18.609200 4.512270 
1539 2 10.160700 25.466500 6.342970 
1010 1 8.082680 14.311400 4.560880 
828 2 9.950070 15.959000 12.048300 
129 1 7.385500 13.757700 6.427270 
338 1 0.483541 24.009500 9.541850 
1865 1 3.162840 19.862000 9.939750 
765 1 0.278253 16.702200 6.171280 
1292 2 5.522940 23.110400 4.425650 
842 1 5.810430 16.489700 9.169200 
577 1 0.770350 18.948400 0.781701 
1491 2 4.456400 16.895600 9.308060 
963 2 0.168359 21.059600 13.134100 
1434 1 5.270020 15.314000 10.690200 
690 1 9.328700 19.565900 2.031500 
982 1 5.848560 15.327700 5.200990 
1422 1 12.544800 14.758300 1.724600 
1095 2 4.877390 24.609400 5.092950 
1242 1 1.867030 18.565300 3.382690 
674 1 10.708600 17.232200 3.383890 
1023 2 0.429766 16.698800 5.931010 
96 2 6.321580 13.898100 7.249410 
763 2 8.915440 21.231500 7.051960 
907 2 13.140800 23.190500 7.417820 
1637 1 3.750080 16.716000 2.995950 
1377 1 10.618800 26.255700 8.304050 
227 2 10.922800 24.883200 6.215140 
373 1 2.569320 18.144000 6.334100 
1638 1 8.637630 24.324400 1.984120 
1472 2 2.037410 21.260600 5.260830 
1748 2 4.264350 15.470800 0.798649 
59 2 1.824540 19.048700 10.523400 
1697 1 10.215400 24.861800 12.192700 
540 2 7.260170 20.066100 5.089020 
1480 2 9.663550 21.891200 9.827700 
941 1 10.305100 16.214700 9.574560 
352 2 5.199920 23.744000 7.011490 
1570 1 2.871670 22.437200 11.836400 
723 2 1.744920 16.038300 12.913100 
433 1 4.967430 16.022600 4.591930 
1727 2 7.075270 18.357700 9.436180 
648 2 2.341400 13.921800 13.239100 
563 2 13.195700 14.583800 6.939520 
24 2 0.492144 24.218000 6.264120 
1210 1 2.036930 15.840500 6.677970 
178 1 4.396410 18.054900 12.044000 
342 1 10.459900 16.062900 7.033890 
284 2 11.546400 20.754500 7.465860 
1345 1 9.341970 22.093300 10.133800 
486 1 5.801440 15.841200 12.628500 
860 2 9.639090 20.325000 7.521060 
1059 2 0.006647 22.485200 0.755740 
174 1 11.258000 20.575900 0.548438 
132 2 7.005030 17.663900 12.009200 
1080 2 4.102980 25.850200 7.948700 
960 2 8.254270 24.115000 11.585600 
1266 1 11.446100 21.262900 5.656220 
1552 2 3.796820 25.126300 11.817800 
1250 1 10.287600 14.524100 6.541020 
1319 2 3.946080 21.870800 7.857760 
1426 1 8.455030 25.459600 7.987150 
931 2 10.564700 16.066200 3.240750 
653 1 13.274400 14.084400 6.179980 
138 1 0.896609 23.761700 3.650470 
228 2 11.476800 24.596700 4.847180 
1974 1 7.252970 16.786900 0.827112 
1543 2 12.480700 19.709600 5.562570 
1863 2 3.992970 14.562200 7.912980 
1514 1 1.853020 24.368800 7.874370 
300 2 0.065491 19.786000 9.028670 
600 2 4.396440 14.167500 8.060840 
468 2 0.117825 23.645500 11.065200 
974 1 12.832100 22.532300 7.229770 
58 1 1.490950 15.133400 3.241850 
918 1 6.312730 20.187500 8.081300 
1846 1 1.868520 20.473000 5.981160 
91 2 7.580990 13.978400 3.919010 
1619 2 9.192250 24.691500 12.587400 
422 1 1.308790 21.634900 12.958500 
1400 2 11.119800 21.676700 5.648620 
1335 2 7.425500 26.012600 6.594050 
1113 1 10.848600 16.919200 0.631442 
1361 1 4.265650 26.222900 3.471700 
624 2 8.197330 18.284300 0.656522 
764 2 9.682050 19.485700 3.791000 
687 2 2.801050 22.752200 12.876400 
267 2 2.964370 24.993100 7.618960 
647 2 10.390800 25.382700 4.303450 
1621 1 4.385700 25.704500 9.403480 
339 2 1.781770 18.403600 5.298370 
1794 1 9.459250 15.232300 0.000335 
295 2 8.052510 23.545600 9.608450 
696 2 5.717500 18.592800 1.714460 
1180 2 11.030900 19.764100 10.331500 
1694 1 10.655800 19.069600 12.493300 
839 2 8.402090 17.607600 12.096500 
1182 1 7.668150 23.096200 9.968990 
1738 1 12.716400 16.627300 3.018070 
1304 2 7.530350 16.872600 8.214930 
1271 2 7.116820 17.161900 0.036350 
344 2 5.067410 22.100600 9.242730 
1273 1 2.775850 22.494700 7.217170 
629 1 9.139990 17.503600 4.807810 
1104 2 3.253780 15.207400 3.635500 
753 1 9.590340 16.150300 2.912820 
1648 2 3.270570 19.550000 5.771740 
1848 2 11.356300 20.794000 1.377240 
1362 1 2.914690 23.486800 5.516700 
535 2 11.088700 23.379400 2.804600 
1801 1 1.729340 20.488400 2.718080 
1595 2 13.192500 26.442600 12.221100 
1881 1 10.016100 21.557700 7.157610 
827 2 1.667320 24.590000 2.489030 
1012 2 1.667170 21.817800 10.288900 
1065 1 10.866400 20.991700 12.987200 
547 2 9.928340 15.848800 6.632380 
1300 2 0.287993 24.224700 2.146910 
1228 2 0.412806 18.170200 2.513200 
788 2 5.351220 16.966900 9.056670 
1418 1 10.908300 15.863200 12.220100 
1542 1 3.223920 25.218100 7.840940 
484 2 2.299430 20.693200 0.433780 
1366 1 1.391850 13.802800 13.170300 
298 1 3.777440 22.982600 14.499900 
1325 1 4.396190 26.259500 24.550900 
975 2 5.752840 18.788500 21.240300 
68 2 9.074250 22.589600 17.332400 
1625 1 4.920200 15.530000 25.320700 
1555 2 3.901560 22.826600 18.512200 
737 1 5.175610 22.195000 22.576500 
1153 1 10.291900 18.273900 20.577000 
1199 2 0.074631 14.185800 17.175500 
407 2 5.983640 26.240900 20.979600 
1684 2 10.036500 20.317000 24.985200 
444 2 10.031100 25.969100 16.732800 
1294 1 10.730400 15.591900 19.240700 
1767 2 0.581950 20.656000 16.947900 
780 2 6.201260 15.544600 24.815700 
327 2 11.385300 15.218100 16.712000 
1002 1 2.044820 25.150100 18.805200 
469 1 8.654310 24.912600 14.817300 
268 2 12.239000 20.997400 24.092900 
1541 1 4.403150 21.149900 25.090600 
1851 2 11.749900 26.290100 15.043600 
99 2 4.490800 18.698000 25.748500 
374 1 3.909970 16.693700 26.201900 
69 1 8.681560 14.102500 25.748700 
361 1 9.977810 17.586400 15.494200 
1612 2 6.902490 16.010500 13.328000 
1658 1 6.594430 26.357500 24.494400 
492 2 0.907334 21.662100 15.810400 
932 2 5.164270 20.467500 22.996000 
201 1 7.225970 22.984900 20.262800 
1860 2 1.916460 25.364300 17.321200 
1352 2 6.857780 19.368800 14.597900 
1855 2 9.652470 24.060600 16.585300 
1594 1 4.625420 18.108400 25.347600 
358 1 7.425650 25.478000 21.643400 
1666 1 4.229680 20.410900 20.545300 
1363 2 5.902230 23.619900 26.093900 
1512 2 9.048970 15.614200 16.909500 
1892 2 11.374800 14.449400 15.566700 
646 1 5.706030 19.157800 15.600400 
831 2 9.188070 21.189300 22.486700 
1510 1 4.831470 16.752300 23.496600 
509 1 2.678970 15.617300 13.922600 
1563 2 5.373990 21.495200 24.326900 
1824 2 2.957990 16.290500 23.293300 
523 2 11.613900 14.596200 13.420000 
108 2 5.531620 15.435300 22.653200 
1424 2 10.550000 21.179800 16.084700 
707 2 8.969810 17.793700 22.465600 
1045 1 7.507650 18.199900 20.326200 
923 2 10.462600 15.967200 18.825700 
478 1 1.078540 18.258100 25.187800 
281 1 6.097010 17.456300 24.656600 
1429 1 9.094820 14.197700 13.786500 
670 1 7.658840 23.652800 17.013100 
1257 1 1.920960 23.248400 15.596800 
893 1 12.241000 15.587800 14.223200 
1925 1 2.264900 18.270000 17.738100 
1413 1 8.230480 22.443100 15.867800 
116 2 13.067800 24.333400 19.332300 
768 2 7.071540 23.119200 13.579200 
1948 2 3.551020 24.903700 24.037800 
83 2 2.294870 25.216000 19.839800 
115 2 10.936500 22.793000 21.377000 
1561 1 3.245530 24.604700 14.044400 
1720 2 9.160270 22.819300 25.149800 
377 1 6.912480 25.075600 15.119700 
71 2 7.053290 22.382800 20.247600 
1812 2 7.306990 16.254400 17.976700 
1496 2 6.082940 22.940700 21.246300 
1885 1 1.046770 23.386400 18.786700 
1248 2 8.164600 25.503900 15.225100 
98 1 8.593340 26.520400 24.993700 
415 2 5.288820 19.828700 17.487000 
668 2 1.696560 18.290300 20.767100 
256 2 6.343470 24.076000 20.811600 
95 2 1.441610 15.674300 14.138500 
369 1 7.888600 24.595000 26.418000 
203 2 3.450790 22.228600 21.076500 
1679 2 6.007170 18.944200 14.665000 
137 1 4.454150 15.916800 14.422500 
1461 1 1.915350 18.003300 14.586800 
588 2 1.425860 25.655500 26.029500 
1566 1 4.894920 25.709200 20.318800 
1534 1 0.566703 26.512500 20.345600 
1852 2 6.618880 17.895200 25.573600 
1075 2 8.282470 14.790600 20.234900 
1026 1 9.728850 23.126700 16.998000 
1573 1 8.010930 15.523000 20.544500 
1842 1 10.129800 23.200300 21.142200 
1264 2 4.489700 14.591600 13.811700 
1469 1 3.599140 20.706500 17.714500 
1559 2 10.197900 26.480100 19.253400 
510 1 10.211200 20.451400 21.079400 
1656 2 5.967210 16.186800 25.486300 
1476 2 12.411300 18.685400 19.190400 
1134 1 11.914000 20.230300 23.729900 
1186 1 9.112750 18.864900 17.075100 
418 1 7.197440 17.506400 19.107700 
922 1 3.802050 17.711300 19.910600 
1614 1 7.122600 17.030700 16.149000 
501 1 9.579620 21.426100 23.594800 
1439 2 5.370630 14.540300 23.171200 
1157 1 5.635090 24.441700 26.497700 
541 1 3.001720 18.289500 22.999200 
1907 2 12.935400 22.797700 18.069900 
900 2 6.053880 21.462700 25.038100 
55 2 11.831200 17.346800 23.255500 
1035 2 5.098660 15.653300 17.625300 
180 2 12.317200 15.657300 21.268300 
13 1 6.723400 14.338400 26.021200 
1323 2 3.161630 15.990300 19.471500 
437 1 12.219200 21.634300 21.882200 
853 1 3.295490 21.917800 24.604600 
163 2 10.549500 23.318900 25.725800 
1952 2 5.166510 22.508800 22.374300 
212 2 9.800540 26.282600 23.257200 
552 2 4.535660 17.748200 16.669100 
793 1 5.633680 24.988500 18.369200 
779 2 0.938432 14.069900 23.520300 
292 2 1.917610 18.498900 25.242100 
1934 1 10.684700 22.380200 19.484500 
617 1 6.134760 17.488400 20.889600 
773 1 2.898530 21.918700 13.380700 
1423 2 10.544700 19.068700 20.507600 
1962 1 7.163480 13.781300 17.273900 
408 2 6.389730 25.824200 14.772800 
657 1 11.032400 20.691200 17.258600 
1930 1 11.990400 20.370000 14.155900 
17 1 8.260980 16.326600 17.598700 
1853 1 7.268020 20.479300 21.466900 
988 2 5.702240 17.671900 17.609600 
835 2 6.497230 21.878500 21.420800 
1017 1 6.091340 19.092600 18.393500 
1749 1 1.539040 14.251200 23.904200 
1858 1 12.842500 22.048500 17.110300 
1206 1 1.157700 15.483500 23.632100 
787 2 9.612780 17.692600 15.690400 
1615 2 3.507350 17.045500 23.933600 
1601 1 3.207040 22.900100 21.791300 
410 1 0.910532 23.240100 25.360500 
379 2 2.580650 24.403700 25.044000 
863 2 11.371600 15.572700 21.367900 
1870 1 7.927200 15.495400 16.143100 
105 1 11.256000 14.251500 15.712300 
382 1 2.656840 23.856900 23.377700 
1950 1 3.113130 15.648100 19.390600 
602 1 13.159000 18.248200 15.306200 
1622 1 4.911700 23.208200 17.374200 
1729 1 1.375770 21.123500 17.684000 
343 2 10.660000 21.045800 23.849700 
1109 1 9.668860 25.602800 20.482300 
1462 1 10.470600 26.382000 21.706500 
1341 1 9.941730 22.995600 24.565700 
590 1 9.191300 14.146000 23.610000 
372 2 2.763500 24.282300 20.231400 
154 1 9.155250 20.369200 17.672800 
632 2 8.053490 25.719200 23.850600 
1237 1 4.580850 21.722200 14.062900 
1771 2 2.644410 19.777100 20.351300 
392 2 5.213080 23.922500 18.311700 
263 2 2.987930 21.809600 24.910000 
1603 2 8.261310 18.901000 17.792600 
104 2 10.621300 19.345000 18.244900 
1047 2 6.539290 25.268900 25.487500 
643 2 12.483800 16.042000 26.552300 
1678 1 10.856100 26.042900 13.678000 
1791 2 9.963050 26.483200 22.620100 
914 1 0.719794 18.321700 21.402200 
1481 1 10.066600 18.538000 26.092800 
453 1 4.053190 19.013600 15.690700 
906 1 4.581470 13.931600 22.602300 
502 1 1.788900 20.361300 19.903100 
1736 2 9.843100 21.359100 20.328400 
1676 2 12.944300 26.350500 25.004300 
1184 2 4.951330 14.698400 14.737400 
1873 1 1.929480 17.237700 24.667100 
1721 1 5.569050 20.824800 23.201000 
689 1 8.937740 19.086000 24.951700 
1162 1 3.212210 21.910200 19.097900 
1987 2 -0.146010 18.613800 22.113500 
1504 2 11.520900 17.965200 21.142100 
390 1 2.831560 24.276500 24.949300 
1502 1 1.057990 15.110200 20.086600 
1489 1 5.481070 14.456500 24.129700 
755 2 2.953770 23.477900 14.709300 
909 1 5.398760 16.833900 18.274400 
1507 2 0.210486 15.016100 19.914600 
1596 2 9.364990 22.125600 21.219800 
849 1 3.236810 25.887700 21.592800 
1399 2 10.022300 23.007500 18.275600 
1457 1 8.896500 17.384800 22.643600 
396 2 2.277250 21.157100 19.683300 
1971 2 7.469870 15.141500 16.526000 
613 1 11.978800 16.504900 21.870900 
1395 2 11.360600 22.247600 21.603600 
1895 2 12.861200 19.543400 19.658100 
309 1 4.223820 22.642700 20.691200 
1933 1 10.965200 15.600900 24.328300 
1587 2 8.199820 22.266500 15.263600 
549 1 6.409350 22.807700 24.907200 
1169 1 11.884800 17.771700 16.200500 
1475 2 2.732010 17.410700 23.408700 
1560 2 7.211570 18.561200 18.794700 
74 1 10.754000 23.720600 18.307400 
181 1 0.500128 21.930000 15.859000 
656 2 11.817900 18.272500 15.797300 
1295 2 7.059570 17.728900 19.911800 
270 1 6.187410 19.012300 14.123900 
331 2 10.951200 15.501700 24.398200 
1956 2 4.268910 19.507200 14.630500 
1421 1 13.202000 15.725900 26.492600 
1955 2 7.064380 24.904000 17.503600 
33 1 10.533000 17.680800 22.958600 
1778 1 13.200700 18.539100 25.759200 
1900 2 3.077010 22.439800 14.646700 
503 2 7.509340 13.958100 25.334100 
1816 2 2.414430 23.520500 23.526400 
51 2 1.940050 20.182300 17.153200 
1133 1 11.188400 15.008400 21.307900 
599 2 3.812880 20.441800 13.681200 
53 1 0.666013 17.239900 21.609900 
36 2 3.717490 21.785500 22.274100 
1623 2 4.937240 25.926700 17.532200 
701 1 11.186800 15.722600 17.084800 
244 2 8.179340 14.764600 20.065200 
46 1 11.042900 20.263400 22.479200 
1540 2 7.081040 13.327400 17.814900 
1444 2 13.114500 16.189700 13.780100 
454 1 7.278850 14.695800 18.551400 
518 1 11.197100 25.160500 15.292800 
1606 1 8.930650 20.670200 25.848100 
471 2 6.697720 14.188400 25.417200 
1143 2 10.710900 18.916100 25.372200 
1465 1 6.611640 22.904500 14.202200 
1652 2 1.683510 16.135300 13.937200 
73 1 12.085200 14.396900 17.593200 
316 2 0.062513 16.672200 24.688600 
1150 1 10.685200 13.604000 16.299100 
587 2 7.444070 21.589500 26.232700 
1358 1 0.815756 15.756300 13.944200 
856 2 1.203060 25.005400 13.515500 
1459 2 5.221250 15.966400 13.372900 
1087 2 12.960500 15.126000 15.117000 
745 1 0.071835 19.278600 19.985900 
326 1 0.247521 16.600500 14.629600 
318 1 13.167500 19.371200 16.168300 
666 1 12.815800 21.634300 24.046900 
1064 2 10.682200 26.301500 21.173000 
692 2 0.631784 13.339500 22.255200 
226 1 5.763890 26.430200 21.777500 
313 1 2.622910 23.074400 26.463000 
1557 1 6.557790 25.910700 13.327500 
1663 2 10.872600 20.582600 13.604100 
1508 2 3.578700 24.098900 26.351900 
884 2 11.930800 18.525500 26.435800 
385 1 6.527870 17.239100 13.610300 
943 2 3.889950 25.861300 26.470500 
1246 1 8.469400 22.278500 26.454800 
357 1 10.507700 23.713900 26.375800 
579 2 18.387300 7.480870 12.771500 
767 2 16.799400 11.631300 10.269000 
1635 2 23.821800 9.844970 10.025700 
1155 2 14.610300 8.595170 2.683860 
37 1 22.590800 10.147600 5.743240 
346 1 20.707800 3.557170 6.477230 
465 1 17.690200 1.670720 11.377400 
1509 1 19.036200 11.048400 3.648700 
785 1 17.394300 9.668480 2.299640 
554 1 26.323700 1.211940 1.658230 
383 2 24.518700 12.581100 11.781200 
188 2 13.976100 3.229360 1.527070 
1940 2 21.309300 8.576160 2.348760 
676 2 14.107500 0.890692 12.594600 
1116 2 19.157500 3.328820 6.022390 
1262 1 16.938400 0.251275 3.003040 
585 1 18.556900 8.761260 1.194760 
1495 2 21.827700 11.295000 8.323410 
194 1 18.328900 6.869620 3.523710 
12 2 17.918200 6.083600 9.814960 
558 1 17.681400 6.244370 11.897200 
15 2 25.307700 5.459350 11.191500 
494 1 25.644200 0.815678 5.820180 
1718 1 14.924100 0.889489 2.678370 
312 2 24.114000 3.995550 8.427080 
1499 2 26.261400 13.278300 2.490750 
1715 2 17.041300 4.600300 2.951750 
1015 2 19.417300 3.593230 2.757420 
876 2 22.287500 6.280830 9.922260 
591 2 15.940200 2.887150 11.475600 
795 2 23.020900 5.717460 3.809620 
582 1 23.974400 1.567940 6.266760 
513 1 17.181800 0.089660 6.296520 
1380 2 18.792900 4.036890 5.751400 
1329 1 13.586500 7.274270 6.476690 
112 2 16.619100 1.867800 5.250300 
100 2 14.826300 3.448590 7.677710 
1687 2 18.664800 0.385022 4.812180 
1360 2 23.196600 12.026900 8.257700 
902 1 13.428000 2.822720 12.573200 
999 2 16.059600 6.006590 11.121900 
1419 2 20.445800 8.053280 12.024400 
979 2 24.549800 11.266800 1.959710 
1270 1 17.710000 11.425800 11.631000 
1291 2 16.607200 3.367740 12.717800 
1136 2 24.149700 3.204250 1.901420 
1392 2 23.563900 6.470730 4.668870 
240 2 25.086300 7.720240 9.093570 
1847 2 16.610900 9.645860 10.873600 
1516 2 13.839400 5.234690 12.602300 
1201 1 20.762200 4.532380 2.717780 
618 1 14.430600 5.389480 11.196500 
254 1 17.428200 8.699140 5.740410 
1790 1 23.275500 5.337650 5.065390 
561 1 17.060600 2.511150 3.072790 
242 1 17.064000 3.216240 7.985470 
416 2 21.667200 10.665100 7.838180 
708 2 14.047600 6.983010 5.498490 
976 2 21.025300 13.131300 8.613940 
1647 2 21.649400 5.011180 1.289190 
1353 1 25.974400 10.101600 5.481590 
516 2 18.588700 6.246390 12.540300 
1915 2 15.072800 1.721280 2.795790 
229 1 26.412700 4.969460 5.246450 
200 2 19.487500 1.138290 12.009300 
1756 2 15.647000 12.710000 10.467900 
1857 1 16.806600 12.638700 10.090200 
1014 1 15.588900 13.157400 9.416050 
649 1 24.514100 10.258600 10.013200 
667 2 14.560600 5.844970 5.878370 
1954 1 14.292100 8.272630 3.498100 
1894 1 20.868100 7.625450 1.625280 
1175 2 17.445800 9.938550 0.298717 
124 2 26.462700 12.858000 3.547480 
633 1 18.643600 5.555220 1.226620 
694 1 19.589700 1.149910 4.453950 
1126 1 21.780700 12.424900 4.887850 
1665 1 25.623500 5.108380 8.572180 
1817 1 14.552200 1.225210 10.782100 
1982 1 19.693600 2.723680 2.095460 
1488 2 21.614200 13.318100 5.233220 
1546 1 15.698900 11.034100 8.107870 
575 2 20.973300 11.203400 11.925900 
593 1 18.111400 9.888140 10.149100 
1328 2 15.153900 9.088300 1.275130 
1477 1 21.793600 8.446180 0.046426 
1659 2 18.589500 10.706300 5.265610 
85 1 17.955700 10.195800 6.158130 
64 2 25.299800 11.313100 11.157200 
1695 2 17.500900 2.961460 8.433390 
1417 1 14.347100 0.528054 5.695940 
1163 2 19.970300 3.355000 10.661200 
452 2 17.577400 10.127900 11.717700 
145 1 21.447800 10.904600 8.457980 
1752 2 18.782800 8.451160 2.872250 
706 1 18.054600 8.053410 8.472270 
857 1 18.225700 5.425950 2.544440 
310 1 16.347600 0.878894 9.131120 
1693 1 20.441700 6.903790 13.135900 
360 2 20.928400 8.438910 11.471000 
644 2 16.921500 2.966900 10.092700 
332 2 18.853700 5.247380 6.713100 
375 2 19.239700 11.151400 4.284600 
877 1 13.799800 10.913700 7.512660 
1770 1 18.737800 2.902300 5.237340 
170 1 21.216900 2.053530 9.123840 
771 2 25.561100 13.117200 7.765940 
77 1 22.811400 6.309510 12.388400 
679 2 21.451900 12.807500 5.230680 
1453 1 22.376100 12.064700 2.654040 
717 1 24.548600 11.564000 7.522420 
781 1 16.557500 10.828400 9.979200 
1963 2 19.009500 4.279310 5.873290 
202 1 13.715100 7.231620 9.241920 
1308 2 18.340100 2.605170 8.322550 
436 2 18.628200 5.200760 9.986580 
279 2 23.514500 5.336460 12.169400 
957 1 14.018600 5.070060 3.244520 
611 2 15.787100 11.280600 7.656160 
1420 2 16.050900 7.789550 3.068810 
368 2 18.302800 7.701110 2.342430 
1231 2 24.564600 9.968970 6.729540 
1256 2 25.347300 3.755230 5.416140 
583 2 18.346100 8.993720 1.162000 
1909 1 25.082200 11.602000 5.090610 
1301 1 15.967600 7.464520 7.798950 
714 1 21.682500 10.572300 7.358090 
934 1 22.313500 2.505820 4.266950 
1969 1 23.223200 5.610520 10.038900 
1726 1 25.102300 2.055530 7.986180 
1284 2 14.703200 12.113700 7.373950 
162 1 24.255500 7.388740 2.915420 
253 1 16.535200 11.233200 5.324600 
539 2 17.039000 5.408680 5.850610 
94 1 23.857700 11.596900 12.028100 
1789 1 25.697700 12.205900 11.984200 
1867 2 18.459900 6.268230 2.741910 
645 1 19.543000 8.132790 13.196000 
1268 2 19.062800 12.059400 11.745100 
364 2 23.248900 1.476350 6.429300 
1864 2 18.569500 7.609770 5.606980 
1445 1 24.636200 4.500750 6.870360 
961 1 18.105500 2.501650 8.893450 
1591 2 24.984400 7.028120 8.421780 
220 2 15.329900 8.986260 9.760690 
49 1 22.390000 2.133050 0.937152 
1714 1 25.200200 10.449400 8.140900 
1071 2 15.463800 8.837680 4.044150 
417 1 16.740500 4.356330 2.638140 
1401 1 15.348000 8.079620 3.848350 
607 2 20.410400 7.801060 2.418270 
604 2 15.088300 6.212580 3.562850 
106 1 24.901900 7.188060 9.133730 
25 1 15.850100 11.123200 12.082000 
1878 1 23.102400 9.933680 3.628560 
16 2 26.564300 0.585341 8.556760 
846 1 14.191000 12.485600 8.618070 
1997 1 20.085900 7.112120 6.885850 
1708 2 23.854100 10.612000 3.934190 
1122 1 14.893800 11.532300 6.366900 
1928 2 22.220400 11.506600 2.145280 
1527 2 20.573600 0.797064 2.802450 
473 1 15.817400 10.598400 0.119726 
736 2 23.199500 1.860310 3.869460 
82 1 24.880400 2.600850 11.228800 
365 1 19.194900 0.676390 7.421430 
1337 1 19.777200 3.457140 10.860600 
109 1 17.497700 6.523850 8.551370 
969 1 21.622900 8.956100 10.229000 
1947 2 18.501900 0.535077 9.569930 
1528 2 18.139900 2.816460 1.522440 
1804 2 21.379400 3.822750 1.540930 
350 1 22.124700 4.112790 1.078730 
443 2 17.331800 7.458770 7.686490 
1829 1 23.513700 8.623380 9.332590 
1946 1 26.237300 13.271400 7.066560 
1880 2 21.630400 5.636510 7.380900 
1834 1 26.215600 13.133200 4.180890 
1981 1 16.139600 7.062930 4.874980 
1007 2 24.439700 9.883500 6.822840 
712 2 15.300500 12.538400 3.514500 
136 2 24.664700 10.765200 6.569990 
121 1 17.498400 4.960080 6.817960 
1991 2 18.095500 9.942710 5.659380 
47 2 25.829900 2.110470 6.943070 
1285 1 18.227000 3.847080 6.663950 
463 2 21.495200 6.937010 7.118500 
245 1 16.987800 4.591130 10.081600 
806 1 20.227700 8.087230 7.695580 
301 1 16.077900 3.458120 12.551300 
1342 1 15.730500 1.040690 3.790060 
1710 1 21.096500 5.806080 7.557800 
912 2 17.290600 9.405490 5.630070 
172 2 17.898600 9.653960 13.112600 
265 1 26.038400 6.005320 2.873730 
1850 1 16.452800 6.520870 7.155260 
1322 1 14.885900 2.691370 1.562800 
1033 1 23.046200 0.496273 1.137160 
634 1 18.762100 7.005080 5.576370 
483 2 23.177000 0.048174 11.453600 
905 1 26.514800 12.751500 1.823390 
1040 2 25.508200 5.388270 12.088500 
1243 2 20.116300 12.699800 9.859740 
1862 1 18.467300 7.255340 12.132800 
1483 2 14.093100 13.157100 3.087540 
640 2 21.615300 7.495390 0.263762 
218 1 17.373600 8.237050 12.867000 
260 2 16.303100 6.499770 7.735460 
1675 2 17.050200 0.084224 6.613730 
80 2 21.555800 1.142710 8.043040 
1468 2 22.505400 3.869720 11.722100 
661 1 15.131000 7.510170 1.191430 
1803 2 24.848700 2.351600 9.986300 
458 1 15.998900 11.986300 2.587020 
1161 1 20.379600 8.812760 2.541150 
150 1 25.043900 3.138110 3.581880 
1691 2 24.155700 2.300610 3.895610 
1918 1 13.583400 9.362170 2.596990 
1058 1 21.894900 1.598360 7.359310 
1839 2 14.064000 1.257330 6.317440 
1061 1 19.437100 7.474970 3.118880 
1101 1 21.837500 6.191910 0.357764 
716 2 23.605700 8.541540 8.155610 
734 1 25.218200 10.379700 2.304760 
698 1 23.252500 1.113180 12.086600 
1897 1 16.603100 2.746430 10.406700 
865 1 19.220700 4.631030 4.964190 
870 1 14.723800 2.604760 6.990890 
1031 2 21.214500 1.665380 7.069260 
1478 1 19.324500 2.468730 12.905500 
741 1 22.956800 4.665260 11.419300 
1174 1 24.120400 8.505900 6.897110 
746 1 15.647200 9.556000 3.805430 
1479 2 14.001800 5.020980 2.040490 
348 2 24.995300 12.273900 2.412360 
1321 1 23.074400 1.495610 3.690880 
1562 1 20.681100 11.290700 11.741900 
508 2 20.474300 8.319470 7.475000 
1220 2 14.656700 8.827720 6.517810 
1759 2 22.831700 5.175900 11.589600 
713 1 22.741500 12.479400 9.452020 
515 2 24.188200 9.935400 3.023280 
1524 2 15.248000 1.519280 2.779520 
627 2 25.408000 12.880700 7.775130 
1263 2 13.314800 3.549380 7.749370 
1179 2 26.316100 1.116360 3.374200 
290 1 23.163900 9.736060 13.230200 
1876 2 16.053700 4.262530 0.431039 
1043 2 17.779800 5.209120 0.151454 
488 2 26.495800 3.325040 19.096600 
878 1 21.962600 12.570500 19.507300 
1627 2 25.730300 11.494000 22.942300 
873 1 13.564900 9.421570 21.577100 
495 2 17.765200 6.007720 20.312700 
470 1 13.360500 11.305800 25.528600 
1145 1 16.183700 4.401190 26.303100 
1251 2 13.667200 6.746270 26.274600 
578 1 21.255800 3.859530 14.222200 
608 2 15.311000 5.322890 18.348800 
1777 1 22.506600 3.189910 19.044600 
987 2 22.536500 7.700680 26.095400 
1055 2 21.378100 4.047290 24.857500 
1936 2 21.434500 1.089470 18.946000 
474 1 23.072300 7.348180 22.219300 
1783 2 19.950200 9.686920 15.377500 
993 1 19.912900 10.307200 19.794700 
1225 1 24.126900 7.683400 17.075000 
1000 2 16.450800 6.962000 22.396400 
1121 1 14.143400 3.414730 22.443200 
747 2 15.784800 6.213070 17.261600 
479 2 26.325000 3.986190 19.459200 
926 1 15.998200 9.834450 17.271500 
1745 1 13.324400 12.080800 20.126500 
636 2 24.006800 8.720800 21.640300 
404 2 17.280500 12.149600 14.095100 
1135 2 22.759700 6.874210 19.970200 
1567 2 23.003200 10.681800 13.727100 
1957 1 18.046700 9.430430 25.135600 
1404 2 26.034600 8.169700 17.554800 
1396 2 19.200500 2.537590 14.789100 
1550 1 20.287900 10.115500 22.800500 
1889 1 16.932500 2.954580 16.430000 
631 2 26.255200 6.031430 16.075400 
1052 2 25.535000 2.464180 26.114400 
1835 2 21.883500 9.233920 21.340100 
1290 1 25.835800 5.899930 22.197400 
1493 1 13.663100 5.395600 17.831100 
1172 2 18.958300 11.394400 26.168000 
580 2 22.343600 5.642720 22.872700 
196 2 19.169200 12.091100 20.390000 
1779 2 22.084900 2.173880 16.260700 
847 2 26.005500 10.386500 16.405900 
1978 1 19.034100 10.939700 17.692400 
462 1 20.301500 8.840880 18.645800 
197 1 23.128300 3.215810 26.206700 
598 1 25.344000 12.562900 18.330700 
1532 2 22.865000 11.873500 17.818700 
685 1 22.472700 6.144290 18.518400 
67 2 25.926100 6.719970 16.555200 
1953 1 20.232500 1.487560 15.761500 
1692 2 15.582300 9.697690 16.633300 
18 1 19.868000 1.258660 17.991400 
1216 2 14.166000 11.943100 22.657300 
1156 2 17.047200 4.930210 19.715000 
1252 2 13.342900 0.967152 20.088500 
594 1 19.832100 11.954100 24.602700 
1207 2 24.180000 8.110630 22.751000 
576 2 19.628200 2.883740 23.553000 
435 2 18.065400 12.244500 26.091400 
1427 2 22.940300 13.182000 17.171300 
381 1 23.690700 3.752370 23.516200 
848 2 24.705400 12.037500 23.594400 
1239 2 16.576700 10.195700 15.257300 
1111 2 24.081200 4.094770 16.463900 
799 2 20.841700 2.738630 25.795000 
1140 2 20.894800 7.984470 20.363900 
978 1 21.829800 1.840670 25.124900 
890 1 15.421000 7.374450 25.465000 
409 1 26.149500 7.590930 25.458700 
1027 2 25.750200 9.756120 24.660900 
1214 1 20.782400 10.324900 15.847700 
1519 2 21.715500 3.729550 22.203200 
1906 1 18.683800 6.832440 25.049700 
871 2 20.086700 1.503940 17.407900 
1620 2 18.730400 1.051600 16.689000 
1283 2 14.825500 11.408000 22.982500 
1821 1 26.001300 7.549270 16.001700 
812 2 16.318600 10.687600 18.997200 
888 2 15.158100 2.793760 24.617800 
1142 1 24.415800 1.669510 14.485500 
1100 2 15.936000 2.782010 19.449500 
973 1 19.030300 11.532300 25.597900 
1673 1 23.846100 8.981900 19.926300 
538 1 18.385100 2.053730 21.966700 
945 1 23.577700 5.453220 14.936600 
1028 2 19.346800 6.371990 16.824600 
527 2 14.109400 9.840840 15.248900 
1689 1 18.624800 9.411750 15.715700 
305 1 21.414300 1.020390 18.801400 
1988 2 17.368800 8.150740 20.487700 
7 2 18.510900 11.585800 20.861800 
564 2 22.226700 3.002390 26.088400 
525 1 22.013600 7.609150 20.486100 
1394 1 24.763700 2.625480 25.876100 
328 2 19.846400 10.254200 15.169000 
505 1 24.889400 2.635520 19.560700 
1107 2 20.046400 9.709720 20.665800 
720 2 22.257200 0.711537 22.899500 
156 2 23.368900 6.928690 18.464400 
807 2 24.207700 1.783800 25.931800 
428 2 18.612800 9.883750 24.151900 
1051 2 20.189500 8.237890 18.089000 
1696 2 24.513300 9.084500 14.617500 
158 1 18.218900 2.009590 14.637800 
88 2 17.625000 4.650150 13.291700 
1820 2 20.674000 13.058100 15.061000 
652 2 18.327100 5.860380 20.725900 
1949 1 24.562800 8.721770 14.378700 
1701 1 15.922700 3.075220 18.670400 
1602 1 25.258800 9.699150 24.244400 
1063 2 14.688800 0.457953 14.965200 
697 1 23.689400 11.044100 17.635000 
231 2 14.000700 -0.015988 19.876800 
38 1 15.704100 9.866620 20.978100 
789 1 18.593000 5.388190 13.807200 
531 2 18.593200 2.341060 20.424600 
695 2 22.670400 1.637440 24.857600 
449 1 25.538700 9.909840 18.537500 
1832 2 22.252700 1.029810 23.820600 
991 2 24.735600 1.435710 16.015000 
1902 1 21.636300 3.506770 25.430100 
566 1 16.547300 3.945180 17.080900 
1042 1 14.324700 0.424289 19.225900 
143 2 24.317100 9.176060 18.852400 
386 1 14.145700 3.277880 19.290200 
1574 1 25.953200 2.073690 25.636700 
1158 1 21.408500 3.047500 21.979000 
333 1 23.705600 1.351530 25.937600 
1494 1 26.464900 1.689570 24.193600 
1236 2 23.490600 12.849600 14.131100 
230 1 20.154700 7.296240 23.482100 
397 1 22.181800 11.656300 23.859100 
1970 1 19.607600 10.267700 15.380800 
216 2 21.924600 11.940800 23.797300 
886 1 23.074100 8.070370 25.390600 
1707 2 20.893500 11.091300 24.227900 
1806 1 15.224600 0.101614 15.761300 
1189 1 17.361000 0.934084 13.312000 
1776 2 19.642600 5.799970 23.828000 
329 1 15.845300 2.309640 23.741300 
1763 2 16.320900 11.291400 24.594400 
1202 1 17.345600 5.674250 20.326500 
682 1 13.648800 11.899400 16.667700 
1138 1 19.649700 3.096190 23.396100 
596 2 13.305000 6.998070 24.822500 
1650 1 17.576500 4.658430 14.392800 
1705 1 17.218700 6.158850 21.837300 
1069 1 22.150000 12.909400 17.723100 
224 2 23.459000 12.004700 25.945000 
1914 1 20.506800 3.093870 21.543400 
1973 1 24.117300 12.248100 16.495700 
1760 2 16.806900 9.416230 16.979800 
838 1 18.856600 11.270700 21.283400 
103 2 16.063100 8.115380 24.281100 
1001 1 25.938400 3.824120 19.612600 
146 1 21.812300 6.347830 14.771300 
1393 1 17.972200 12.171200 15.589100 
800 2 21.558600 2.896830 22.045500 
193 1 19.271700 6.782520 20.329000 
258 1 21.901400 1.033600 21.316200 
219 2 15.804000 5.658110 14.385600 
1967 2 25.959700 7.223620 20.591800 
947 2 21.789600 9.258040 16.348400 
1990 1 23.479800 12.753600 23.660600 
234 1 17.190200 3.069570 24.990800 
691 2 15.628000 12.886400 18.360100 
1355 2 15.919100 2.916830 17.246000 
40 2 26.289000 9.775280 24.727300 
210 1 18.761500 0.522897 21.086300 
1994 1 15.344600 5.447430 15.726800 
1831 2 15.841500 4.936280 25.847300 
930 1 19.570700 12.825400 20.532300 
699 2 22.219100 2.770800 20.329800 
366 1 20.684400 2.754390 26.503100 
1859 2 18.247000 3.776130 14.934600 
176 2 16.765600 1.386840 23.517600 
215 2 21.116600 6.331700 13.811300 
250 1 13.334400 4.440930 26.296300 
232 2 22.855500 5.407280 15.014500 
910 1 25.127400 1.195420 17.332200 
1686 1 14.230700 10.438400 19.559800 
22 1 13.459200 0.916265 15.288300 
493 1 20.360300 13.037300 22.336000 
913 1 17.462000 4.097820 20.313700 
398 1 22.229800 1.897480 23.285800 
1298 1 13.409500 6.835820 24.914500 
90 1 15.884800 5.562670 17.796800 
1818 1 15.835900 10.405700 22.682800 
1221 1 19.841200 5.330930 17.869100 
1700 2 20.071200 10.325800 19.117100 
1048 2 19.011900 0.515539 21.177000 
1486 1 16.187700 10.820800 19.486300 
1406 1 14.175500 13.100900 24.576100 
1757 1 16.519600 8.069500 18.079200 
126 1 15.484000 8.457070 19.986300 
1160 2 18.460500 7.513440 25.477500 
1734 1 17.485100 12.666000 14.108900 
1874 1 25.299400 6.453620 18.396200 
574 1 25.490200 10.618600 26.043200 
1213 1 19.802300 8.024510 26.171000 
897 1 16.153600 6.586620 23.043400 
775 2 19.188700 7.562860 25.412000 
1192 2 20.301300 4.507780 17.496800 
898 1 25.150700 10.290200 22.300800 
953 1 20.990300 5.451110 22.505100 
257 1 21.055700 6.626620 16.662700 
323 2 15.362700 5.004090 21.654500 
1187 2 22.258600 6.046410 17.628900 
1082 1 17.459500 8.188000 20.963400 
1709 1 20.687400 0.512630 15.734200 
11 2 25.295600 12.852700 24.799400 
581 1 21.015400 6.372990 18.814700 
528 2 24.867100 1.860920 13.778700 
1078 1 13.772600 10.016500 22.588600 
1577 1 23.956000 1.865950 16.563300 
1139 2 18.864600 3.834190 18.362200 
272 2 14.518600 10.813000 22.190300 
1374 1 16.192000 0.155162 21.740900 
994 1 18.375500 0.890825 17.089200 
954 1 20.717600 9.369010 24.650400 
992 2 20.995000 0.534746 15.937300 
1036 2 25.857900 7.002310 24.942000 
822 1 25.334400 8.160700 20.170000 
504 2 17.498400 2.443870 18.420400 
844 2 17.017500 0.058617 13.428500 
1344 2 24.884300 1.435060 17.947700 
725 1 16.051600 11.829500 14.368400 
609 1 15.861500 6.632000 13.647700 
722 1 21.690900 9.120220 14.474600 
1484 2 22.966200 8.407600 25.133300 
1929 1 14.698000 8.126570 16.412500 
1755 2 14.080600 10.895700 21.068500 
1195 2 16.464200 9.303050 19.762000 
1365 1 20.175400 3.959640 18.079100 
1449 1 13.851700 12.200900 22.492900 
1980 2 17.053500 4.228100 15.721500 
572 2 21.088300 6.760540 15.946900 
1740 2 24.828900 6.397410 16.612400 
1849 1 25.775400 12.835700 23.028300 
111 2 20.568700 11.771300 17.342900 
748 2 14.620000 9.732570 20.194900 
967 2 15.592300 2.665030 24.547500 
1442 1 15.554100 12.459800 24.328700 
1280 2 14.456700 4.942720 15.759600 
1 1 16.525500 10.431400 14.157200 
56 2 13.403700 5.074550 23.927700 
1159 2 16.151400 12.124500 13.280600 
1828 2 25.347700 11.785400 18.109000 
1611 2 21.795300 0.976347 22.223100 
243 2 17.266900 0.161725 22.281100 
500 2 26.000000 5.794710 26.444500 
434 1 23.914300 12.610500 26.365100 
507 2 25.705600 1.789640 26.270200 
1911 2 18.209500 0.344455 13.638900 
1728 2 21.838500 16.593100 2.844730 
1141 1 18.128100 13.325200 2.304090 
702 1 17.817100 19.259600 4.964420 
983 2 18.341800 20.754000 9.422710 
1891 2 14.856800 25.064700 3.312020 
78 1 15.225800 24.187200 3.815300 
1408 2 14.367400 23.493100 5.146110 
1102 1 24.319500 23.936100 9.090380 
334 1 19.617000 19.258800 9.420180 
173 1 17.191300 19.041300 0.892739 
1208 2 19.347500 18.738100 1.403590 
1011 2 21.182900 24.059500 2.632460 
784 2 15.089100 20.972800 1.253910 
118 1 24.874400 25.139400 8.845960 
950 1 14.650600 22.911800 5.611470 
1999 2 14.358000 16.959400 8.461560 
1583 2 14.479900 26.310500 0.060788 
1333 1 17.471000 23.270500 10.081400 
2 1 16.006900 20.898300 2.376450 
536 2 21.300900 24.314300 8.116180 
1258 1 19.477500 23.860900 1.356660 
1281 1 25.853900 16.563400 11.741500 
949 1 16.830200 14.285300 6.083930 
1446 1 18.001500 22.328600 2.354610 
370 1 22.085900 21.249100 3.146530 
1215 2 24.757100 20.833600 11.196000 
882 1 18.923100 24.997300 4.958910 
399 2 13.883900 25.305200 9.648560 
1898 1 22.841600 17.559100 7.425220 
1372 2 17.043400 19.401300 3.018340 
904 2 16.331500 22.633600 2.735560 
70 1 22.073600 22.967300 9.444420 
639 2 18.555600 17.774300 5.477270 
1369 1 20.263700 16.926900 12.680000 
1278 1 21.261100 19.269300 5.953260 
1006 1 26.514300 17.853500 11.019100 
1735 2 21.813400 25.778800 4.313640 
825 1 25.303400 19.435200 1.420680 
517 1 14.011200 22.572400 8.963650 
179 2 16.281400 13.534300 10.803900 
1811 2 14.549500 14.222300 8.563130 
804 2 25.842600 23.815900 4.929580 
1066 1 15.807100 25.060900 6.567790 
1529 1 25.215200 22.684000 12.749100 
980 2 21.368900 18.361800 0.009948 
72 2 25.483600 18.118800 12.704200 
1313 1 14.244600 21.330400 1.586620 
165 1 24.566800 15.265600 3.655930 
1753 1 23.626500 14.470700 11.694100 
621 1 14.485000 18.017400 6.454590 
1983 2 15.030500 19.295900 12.268700 
1515 2 22.459100 19.967600 10.207600 
1032 2 16.580500 26.277500 2.855990 
851 2 18.452500 18.489300 5.446300 
911 2 23.542700 23.190100 5.250280 
419 2 25.705200 19.814200 0.119975 
1371 2 26.479700 20.021700 7.675950 
1081 1 17.076700 16.853200 7.963920 
1730 1 23.486700 24.314300 3.924610 
901 1 19.823700 21.689800 13.279300 
413 1 24.914500 21.758300 4.686660 
601 1 20.963300 26.077500 11.098500 
1165 1 21.111700 24.089600 8.190190 
139 2 22.533800 16.936300 6.952620 
311 2 15.484200 19.655100 8.345350 
750 1 13.446300 15.745800 4.577840 
565 1 15.860800 20.845400 0.520746 
1320 2 18.356700 22.064600 2.175000 
1943 2 25.332700 16.743500 10.919900 
191 2 14.609500 20.369700 1.020990 
1869 1 16.283600 19.791800 9.373700 
700 2 19.257900 18.083700 7.719040 
1016 2 14.594200 22.558300 12.256800 
303 2 20.117100 19.200300 10.215800 
1825 1 23.351000 21.270200 7.735580 
1414 1 19.565400 23.429300 6.028200 
1167 2 22.088600 19.081700 5.941140 
102 1 13.746700 21.931100 12.677200 
1814 1 14.076900 18.954600 4.474740 
359 2 15.828600 23.381800 7.160350 
1896 2 22.083300 14.315100 11.639500 
802 1 18.461500 19.825100 3.372180 
1451 2 17.847900 18.343700 10.704200 
113 1 19.141300 15.796900 6.346880 
1822 1 26.384000 18.458700 8.340600 
1255 2 19.076600 19.936100 2.977940 
1572 2 18.107100 25.983900 0.820030 
705 1 24.651100 16.995300 9.784920 
1354 1 26.143700 25.857700 0.998641 
1632 2 20.828300 16.070700 8.348880 
977 1 14.922100 15.730700 11.930600 
1979 2 25.737200 25.090200 5.548000 
586 1 26.467900 17.323900 0.919293 
1467 2 22.651900 19.643700 3.189400 
1655 2 25.763900 17.531100 1.624430 
1505 1 16.193100 16.298000 3.325850 
1226 1 24.281600 18.046500 12.821200 
1037 1 13.447700 24.976400 11.654400 
1073 1 22.931800 21.140200 11.082000 
1004 2 21.177200 26.380900 1.037870 
1609 1 21.967200 21.853000 0.462913 
693 1 26.094500 23.468600 0.372032 
1646 1 24.273500 22.669900 10.606300 
1332 2 15.115500 26.427700 8.639620 
1942 1 16.942200 21.423800 12.257000 
1212 2 21.155500 23.584200 11.027900 
916 2 13.824400 22.541000 9.150180 
1607 2 21.057400 26.087800 8.025700 
1520 2 14.396700 20.710500 6.834540 
1470 1 25.969500 18.881900 6.943130 
1664 2 14.310100 26.149300 4.289520 
1060 2 24.741700 16.197000 3.974150 
217 1 23.853900 22.190700 1.646500 
1800 2 24.102600 21.356000 12.054200 
1517 1 14.206400 16.319500 9.069800 
1003 2 21.243900 24.031400 9.653360 
829 1 19.432300 17.484200 8.821110 
1905 1 15.915900 18.737800 3.874480 
1998 1 15.185600 23.428700 0.692620 
641 1 19.120600 19.066200 6.238640 
183 2 13.757000 14.074500 6.905530 
924 2 14.024300 14.281300 6.232460 
214 1 18.739000 23.244900 10.675400 
778 1 18.454600 22.513400 6.424400 
921 1 25.834800 21.850500 9.873210 
128 2 23.230800 20.612400 10.619200 
1097 1 18.792200 16.742100 2.175460 
294 1 19.832300 18.163600 11.562800 
1872 2 16.982200 15.695600 8.182120 
376 2 23.814400 22.510000 8.270680 
8 2 25.582400 18.396000 6.329300 
990 1 13.838800 19.616200 12.795900 
441 1 24.156600 13.589300 5.857260 
1443 2 15.476000 15.059100 3.731230 
148 2 23.342700 15.080000 11.107100 
929 1 21.437200 26.153800 7.742500 
1871 2 20.963200 21.323300 0.912481 
491 2 20.516800 16.551400 11.541400 
1932 2 20.124500 16.683500 6.906500 
1330 1 25.704800 16.480600 2.943360 
401 1 13.880700 20.574000 8.985790 
1968 2 26.263700 16.328500 2.550970 
455 2 25.969400 25.516100 10.279800 
306 1 16.136500 20.110000 11.967800 
61 1 21.250400 19.823100 0.914653 
208 2 24.103500 25.923000 2.938380 
1474 1 13.814900 17.046600 0.975464 
353 1 15.986500 23.437200 7.340060 
1164 2 18.372900 13.549600 7.078500 
1628 2 14.346600 17.365300 1.619140 
1910 1 26.371600 24.286900 6.953480 
766 1 20.382400 14.529100 8.153860 
251 2 23.530100 15.942700 3.677990 
1389 1 24.146800 20.587100 7.192080 
615 2 19.034000 23.223200 6.359330 
703 2 13.791200 17.334700 0.631642 
744 2 18.519300 24.733700 5.494580 
1057 1 21.231500 16.885700 9.777970 
919 2 24.717400 19.817000 8.189530 
302 1 18.458300 16.272600 10.842300 
89 1 18.588900 13.862000 7.461690 
1960 2 14.148100 22.572600 1.339770 
1351 2 13.547500 17.828200 8.659320 
619 2 16.674900 25.731900 5.624870 
688 2 23.680400 20.970200 2.922650 
1098 1 21.556700 25.763300 3.313480 
273 1 18.888900 18.893100 1.934280 
1868 2 13.594700 18.006500 9.727450 
560 2 22.006900 19.292100 4.313550 
1972 2 26.448100 17.028000 8.786800 
810 1 16.388600 20.583400 6.721080 
1020 2 22.164700 16.920500 10.262300 
86 1 23.894100 18.472800 1.425060 
724 2 16.485200 14.099800 1.377520 
620 2 13.907800 19.798500 5.904250 
1588 2 13.582100 16.307200 10.257000 
677 1 13.859900 25.371600 0.395474 
1091 2 19.686300 15.086800 8.510890 
1197 1 22.022300 19.599000 9.828420 
1630 1 24.134900 22.511900 7.281490 
1297 1 24.642500 13.801400 8.649750 
1498 1 22.818700 24.769400 12.571200 
1492 2 21.729100 22.524600 0.746001 
63 2 23.598600 17.603700 10.327300 
1965 1 16.151300 23.327900 2.398930 
1671 2 16.975200 17.056700 2.175880 
1843 2 18.158500 23.380800 1.437120 
733 1 24.036100 19.392000 10.582200 
1644 2 22.612600 20.586400 7.121830 
1338 1 20.478800 13.487700 5.066240 
996 2 26.407200 22.916000 8.124660 
44 2 18.606100 17.644900 11.403400 
1402 1 17.936200 18.850700 10.711900 
1556 2 19.803400 23.279100 10.530100 
1717 1 19.026600 25.930600 2.286850 
1599 2 13.755800 15.233600 4.854770 
968 2 13.791400 19.299900 5.620820 
1454 1 16.314900 14.429600 11.233800 
1265 1 17.346800 21.986700 3.297360 
742 1 14.457900 24.999900 5.815340 
122 1 24.646200 25.130400 5.889350 
1203 2 18.270000 15.075600 12.147600 
1645 1 13.268100 25.747200 3.661450 
1218 1 13.359800 17.964400 2.792860 
123 2 22.547300 22.723400 11.648700 
1146 1 26.504400 15.275300 8.431660 
466 1 22.302800 17.976900 3.420550 
1636 2 22.637400 24.332100 12.893100 
1913 1 13.913700 14.869100 7.171520 
1923 2 17.602400 14.754400 6.108650 
1008 2 21.392500 25.384000 4.562980 
296 2 15.994100 22.593100 7.477940 
1958 1 23.041500 24.185700 0.533716 
402 1 20.434200 24.193300 11.186400 
997 1 17.000600 15.722800 8.911300 
1604 2 17.164400 20.257700 12.108700 
805 1 23.719200 25.030600 7.580240 
285 1 14.218700 22.861800 2.046800 
821 1 13.931700 19.307800 10.006500 
1223 2 23.849400 24.492500 8.248620 
54 1 19.807100 20.716100 10.977300 
198 1 14.392500 20.714500 6.400040 
809 1 24.359000 20.574000 11.380600 
451 2 16.561800 21.287300 4.541340 
1799 2 26.124400 14.132000 4.117530 
1191 2 17.119300 22.737600 10.765500 
1875 2 19.645100 14.187400 2.462940 
1276 2 19.125600 23.763700 9.164110 
833 1 22.724600 17.784600 10.755100 
1347 2 14.936200 21.061800 1.686260 
663 2 17.208600 18.615800 0.160282 
830 1 13.844100 23.937100 10.326400 
879 2 17.097700 23.081000 3.929240 
758 1 22.549500 15.637900 3.578530 
450 1 18.783400 24.837400 6.047820 
1984 2 24.226700 25.194000 6.985320 
642 1 21.547600 16.388200 6.508220 
1151 2 24.307200 21.351100 4.622800 
1688 2 16.419000 14.668200 11.322900 
420 2 14.441300 16.654700 4.625960 
1318 1 18.220700 14.805700 11.973800 
801 1 20.986600 13.980300 11.498700 
1117 1 14.745500 14.142900 3.263630 
1132 2 13.630300 26.558200 11.359400 
1904 2 21.399400 17.758200 12.034900 
1272 2 13.517600 20.607300 13.239500 
1254 1 20.836900 23.069700 15.948700 
280 2 24.079400 23.870400 23.673000 
808 2 13.655700 21.763600 21.758000 
325 1 21.775800 21.187700 16.316200 
675 2 20.107600 15.930400 24.816700 
1877 1 19.912600 17.206600 20.042500 
981 1 21.251700 17.364000 13.900900 
1888 2 25.968600 19.808000 20.166000 
1884 2 20.590300 17.684800 22.900400 
820 2 22.971500 25.667200 20.653000 
1808 2 14.259500 25.203500 26.049900 
1633 1 19.899400 18.691000 23.685900 
743 2 18.455300 23.567600 22.460800 
1626 1 14.235000 18.710200 19.496100 
1119 2 25.941600 25.174000 22.056900 
1893 1 16.932100 23.098700 25.876100 
936 2 22.682800 15.755500 23.063500 
1287 2 26.411900 24.427400 16.444700 
1463 2 20.883000 14.700700 26.132800 
1013 1 25.220100 22.549700 19.890000 
1382 1 23.739800 17.489200 16.446100 
1452 2 20.433300 14.510100 18.889300 
39 2 15.988200 17.578200 23.347900 
424 2 21.755000 14.983000 26.053900 
147 2 25.940200 16.347200 21.627700 
1674 1 17.901500 18.699800 19.522700 
1114 1 23.716500 18.043800 17.528300 
2000 2 22.816900 24.472100 18.457200 
917 1 18.419700 18.166700 25.767000 
286 1 25.372800 24.448400 14.744200 
1530 1 14.444400 16.860500 21.397200 
595 2 16.006200 23.527300 24.584900 
168 2 16.996600 20.044100 25.983300 
171 2 22.237600 18.267700 14.588600 
1455 2 19.507300 19.612900 14.173500 
367 2 24.076200 26.186200 17.743400 
442 1 23.732500 17.119200 23.850600 
464 2 17.369800 19.465000 23.169000 
798 1 14.886900 15.555000 19.995800 
1544 2 13.588600 18.839200 14.895500 
10 1 22.068100 20.468500 13.776400 
166 1 16.931100 13.827900 26.308700 
485 1 24.789000 19.073000 22.827600 
1931 2 22.584000 19.110100 14.849400 
406 1 19.128300 22.022000 23.426700 
545 1 23.910300 21.480700 15.587100 
872 2 15.131400 14.597400 23.318700 
195 2 18.740800 21.481700 19.518700 
1945 1 18.464700 18.191900 13.582100 
1581 1 14.013300 24.838600 15.931100 
1305 1 23.661900 24.563800 22.336600 
1653 1 15.471600 16.561300 14.658700 
1050 1 19.378400 20.410000 15.584200 
93 1 24.521700 20.498300 21.975600 
130 1 20.071200 16.964400 25.071500 
76 2 26.155000 14.891700 15.214000 
211 2 15.760000 17.727900 22.284100 
159 2 17.430000 20.466900 15.351100 
951 2 16.706100 14.310700 26.416200 
1576 2 17.847500 24.089900 15.805900 
881 1 24.606800 14.297600 22.371400 
1041 1 17.597100 14.022600 16.560500 
1209 1 22.679600 15.862000 25.965800 
497 1 21.855100 15.431700 23.573300 
62 1 13.600100 19.671300 23.996500 
1123 2 21.373500 13.511700 23.450600 
1088 2 22.340700 14.990800 14.963900 
557 1 21.676100 21.972500 24.991800 
1608 2 25.897700 24.083500 13.681800 
221 1 25.630700 22.707100 22.670500 
411 2 21.114700 18.833800 16.402500 
1241 1 17.625000 23.813100 18.792300 
157 1 20.200600 26.164500 25.590600 
1772 2 24.581300 21.348900 22.434200 
235 2 15.919900 24.629500 20.235000 
1861 1 19.917100 13.742400 13.715900 
1802 1 20.615800 24.027200 23.328100 
297 1 16.035000 22.867200 21.359200 
553 1 15.206600 15.569500 24.556700 
1668 2 14.570400 14.305900 19.148700 
269 1 17.244100 19.411500 25.426200 
1348 2 20.944400 22.779000 15.671200 
1548 2 15.387000 24.233200 15.890100 
459 2 25.031500 22.244300 18.148300 
1430 1 24.130000 14.511400 19.153500 
239 2 16.108800 25.380800 26.136700 
854 1 14.027000 26.420200 26.221200 
1597 1 19.823800 19.699400 25.360700 
551 2 14.268300 19.138000 16.227400 
456 2 16.178900 23.567500 24.935800 
635 2 22.182800 22.807600 19.860000 
556 2 16.859100 16.651200 15.180800 
1592 2 26.199000 19.622800 13.556200 
1259 2 23.416500 20.706700 16.994800 
319 2 14.957900 23.229100 15.821100 
347 2 20.745000 14.080500 19.475400 
65 1 26.469300 16.842200 24.978600 
1690 1 16.463400 16.712300 16.274700 
117 1 22.539800 19.440200 16.838000 
1922 1 21.831400 16.237100 15.090600 
335 2 18.265500 13.691900 16.068900 
1232 2 24.249000 13.533400 21.632200 
1219 2 13.347000 20.730300 23.465100 
440 2 22.362700 23.543700 24.649600 
731 2 19.204200 26.180400 24.893900 
1464 2 22.472500 25.454100 16.776700 
891 2 26.378200 22.332700 23.384500 
1386 1 21.825800 22.067800 20.042100 
1437 1 22.518800 23.000400 13.951600 
986 1 23.626100 26.302700 17.322000 
1282 1 25.753400 21.675000 17.972600 
1125 1 19.272300 25.316100 14.590300 
480 2 19.576500 25.152100 18.011400 
1148 2 20.232500 14.172100 16.201500 
1106 1 13.560000 20.644900 25.299000 
432 2 19.144100 18.235700 19.850000 
1336 2 13.949000 22.847700 16.079600 
1275 2 25.536700 13.758900 14.201600 
1764 2 14.593000 25.899200 19.365100 
1722 1 16.904200 22.749300 15.388800 
1326 1 20.083300 22.089400 18.193000 
490 1 19.424900 25.142800 18.199200 
1598 1 17.548100 15.521200 25.736900 
237 1 14.915000 18.401100 26.103800 
942 1 14.922500 22.995900 24.516100 
1743 2 23.371600 24.662300 25.525700 
887 2 23.321800 15.178200 25.744200 
389 1 16.749000 23.873000 13.914900 
114 1 23.982600 18.814900 19.214700 
1840 2 16.044900 19.090200 18.337600 
1307 2 16.506000 23.402700 18.404600 
207 2 19.801800 17.630800 19.999500 
1277 1 16.085100 24.735000 25.868500 
403 2 19.947300 20.411300 24.549900 
233 1 16.551600 25.072200 20.598600 
816 2 25.670700 19.032800 24.538900 
204 2 19.998600 20.180000 16.155700 
1975 2 22.084200 24.961700 20.582900 
664 2 13.595100 19.736000 25.909100 
9 1 26.377300 25.206400 17.373100 
4 2 18.027200 15.575000 24.762200 
1436 2 17.303000 24.508200 20.548400 
187 2 15.718900 23.113500 25.406400 
1815 2 15.211500 20.807700 13.603200 
1765 1 18.136600 14.482800 19.814500 
859 2 15.944200 15.446300 24.582400 
1340 2 24.331500 17.106600 17.126200 
287 2 24.154900 25.218300 13.714700 
1993 1 25.759100 24.608400 22.381300 
704 2 25.952900 24.548500 21.117400 
850 1 19.386100 16.325200 18.609500 
1698 1 22.550300 15.595300 21.022100 
1762 1 23.215400 21.261600 17.107100 
1046 1 25.332400 19.757600 25.207700 
1425 1 23.695400 17.131000 18.884200 
487 2 23.573800 17.905300 22.938600 
555 2 19.372200 24.344300 15.525600 
521 1 19.474000 16.193400 23.870600 
378 1 14.719300 22.338200 15.677500 
1034 1 21.046200 15.123400 26.095500 
995 2 25.496700 17.878700 24.054500 
1074 1 22.924500 24.688500 25.182100 
1093 1 24.612600 14.161700 14.203600 
1823 2 21.623900 18.977500 25.574300 
1005 1 23.997700 17.367000 21.419000 
660 2 17.014600 14.260500 19.183400 
1941 1 21.492500 26.586100 15.059900 
1194 1 25.459100 14.072700 16.494200 
861 1 17.833500 20.178200 21.214100 
946 1 15.783200 19.014800 15.608600 
1807 2 21.769100 15.838300 21.125300 
1094 1 25.348100 18.451400 15.224200 
315 2 19.356500 20.190200 22.378900 
330 1 20.622000 17.210000 22.592100 
1173 1 21.170700 13.444300 25.298700 
1788 2 24.824700 20.724100 14.662300 
659 2 24.323200 24.518300 24.545300 
28 2 23.884700 14.275900 18.321500 
751 2 16.117900 18.447800 17.822800 
715 2 19.440400 23.096300 14.686700 
1178 1 13.607900 16.947600 13.267400 
1813 1 16.880000 24.262200 23.113100 
1359 2 14.945700 14.653600 19.532800 
1784 2 20.742100 21.730100 13.415600 
1229 1 23.769600 23.908700 16.109000 
681 1 14.328800 20.483900 14.280800 
213 1 15.059200 14.124800 22.367600 
772 2 18.592500 14.645500 18.261200 
1523 2 24.618500 21.145000 19.120000 
1261 1 17.534700 13.857900 23.517500 
241 1 14.780500 21.497800 20.380500 
630 1 15.631800 24.273300 17.554300 
817 1 24.792600 24.468200 24.862900 
628 2 22.342000 17.727700 18.103000 
1935 2 14.147900 18.948100 14.201100 
192 2 17.096500 19.891400 19.539800 
786 1 21.328500 18.303900 18.454300 
1385 1 19.499500 15.142000 15.697600 
638 1 22.309700 24.993100 19.229200 
259 2 22.036700 24.705400 17.663000 
1924 2 25.886200 24.998200 26.592400 
1575 2 23.688400 17.400400 16.479400 
1830 1 18.730300 21.041800 20.583300 
1245 1 16.099600 16.293800 23.729700 
511 2 16.421600 15.421700 15.069000 
1168 2 23.333500 21.357300 17.298900 
1809 1 14.934500 25.275700 20.050100 
522 1 21.421700 24.819600 17.044300 
1096 2 14.533200 13.621700 25.684400 
363 2 23.690500 18.842200 19.527600 
543 2 21.331400 26.132800 14.918500 
1450 1 23.294400 21.254900 19.199400 
1724 2 20.948200 21.607200 18.885000 
425 1 16.752000 18.319500 22.352400 
133 1 20.320600 14.001600 18.125800 
45 1 17.490400 13.316600 18.388800 
79 2 22.073900 21.327800 17.020200 
1533 1 20.869500 25.812100 21.104600 
1654 1 13.814400 24.405200 19.469500 
1379 2 18.995400 18.457200 23.262600 
550 1 21.783500 14.001800 14.897800 
867 2 17.829300 13.786900 23.108100 
1432 2 25.813800 18.263600 25.217600 
1183 2 20.074400 14.409400 14.670900 
412 2 18.214900 23.820900 25.571400 
1205 1 16.197300 19.137400 19.007100 
662 1 22.356200 22.990900 17.352600 
225 1 16.086500 26.385700 24.410100 
762 1 23.119500 13.581800 14.234100 
1837 1 26.050500 19.478900 13.336300 
186 1 17.920200 26.113300 26.377000 
