id type x y z 
470 1 3.515850 13.485600 7.717950 
76 2 3.276140 3.200480 4.749330 
734 1 11.431000 0.476858 12.366600 
982 1 4.879970 1.205440 2.991760 
217 1 2.672110 5.207870 1.081570 
1299 2 4.536290 5.352490 10.683100 
1306 1 2.731520 5.820520 2.156640 
1240 2 12.744500 1.622160 8.558600 
1205 1 7.909130 3.784150 3.165140 
295 2 11.592500 4.402500 2.006840 
1538 1 11.267800 4.162960 8.161380 
794 1 5.290480 9.705540 9.664140 
867 2 13.337300 11.856900 2.457090 
5 1 11.813900 9.805790 10.549400 
791 2 7.559690 10.954000 8.790520 
265 1 0.209662 9.396380 10.010000 
31 2 11.549500 2.488170 11.453200 
1236 2 9.034080 3.504320 4.473760 
933 1 6.313180 0.781630 1.074760 
50 1 3.796890 11.642700 5.753860 
1093 1 6.382770 3.926290 9.621320 
611 2 0.571597 0.463049 5.950740 
868 2 11.554400 8.321740 11.269000 
363 2 10.300700 8.278540 2.913270 
652 2 0.895398 4.275510 1.478680 
1919 2 12.703600 5.339830 1.931610 
1620 2 3.766140 13.266700 3.788350 
604 2 7.634330 7.774810 7.791440 
293 1 0.629315 3.317310 10.897000 
679 2 10.248500 11.944900 10.433400 
1209 1 12.304500 10.239600 3.207200 
822 1 11.057200 11.380400 10.355700 
696 2 13.132400 0.168505 12.609300 
85 1 8.474530 8.120580 7.542600 
1481 1 8.451070 9.043170 8.807680 
766 1 5.860530 11.574900 3.374230 
1779 2 6.620720 1.108130 11.470900 
270 1 1.639650 10.551400 8.307570 
1467 2 4.231090 0.502692 3.076770 
654 1 3.686440 5.218680 11.082700 
820 2 8.908360 5.904180 12.408000 
367 2 13.299000 1.564610 3.849060 
474 1 9.544150 0.951892 9.584130 
1988 2 6.467580 5.026320 9.725570 
1278 1 8.351950 2.929610 6.449330 
1582 1 9.621120 12.210100 10.879600 
1558 1 7.509470 4.907610 10.037600 
449 1 13.066800 8.965120 6.847630 
761 1 3.698270 4.880630 7.286620 
663 2 5.617110 1.405570 7.789900 
64 2 6.313460 8.538180 9.517520 
765 1 7.943040 10.987000 12.793100 
1547 2 9.250760 2.686900 4.813710 
1643 2 9.634410 5.920460 3.000540 
969 1 11.383400 4.377470 5.339410 
992 2 0.492148 12.856500 5.963640 
239 2 11.325600 12.670700 2.436330 
340 2 10.456800 11.656800 8.682190 
1731 2 5.682680 4.328810 5.024820 
95 2 6.541980 9.570130 0.606708 
657 1 4.144980 3.770130 6.336360 
686 1 5.701510 1.502820 5.825810 
672 2 0.217909 13.436500 9.241010 
524 2 4.519090 10.443700 6.525530 
480 2 0.439197 12.407000 3.357830 
1683 2 3.091360 12.619600 12.124400 
1762 1 5.295660 10.276300 1.651570 
534 1 3.919490 8.887880 3.578250 
925 1 9.575730 -0.012325 5.392380 
1838 1 2.986150 0.627465 1.120210 
648 2 3.950570 7.927230 3.674040 
539 2 12.027000 0.571781 12.331800 
1903 2 3.753770 11.235000 12.890000 
169 1 6.014480 6.886300 12.715400 
1802 1 8.582700 3.218040 4.496480 
913 1 10.469900 12.647900 4.818150 
153 1 11.594900 1.527980 2.532160 
1803 2 8.574480 1.608640 11.024200 
547 2 5.218000 1.408220 2.982110 
1138 1 5.955790 2.920940 3.663530 
1077 1 12.712000 8.165520 8.824420 
1688 2 11.922500 0.264132 1.411180 
1473 1 8.024520 10.114300 11.349800 
1580 2 8.338230 1.622300 1.405190 
1159 2 9.167290 6.238860 6.313660 
28 2 6.013720 5.109100 6.464210 
390 1 5.786750 11.777500 11.810800 
917 1 9.306940 7.809970 12.212900 
302 1 11.964400 7.307620 1.750010 
1060 2 9.390760 9.024360 2.760890 
883 2 2.082030 11.587200 8.431150 
316 2 12.778500 12.516700 8.388880 
83 2 2.786870 12.874900 4.490590 
617 1 0.165418 6.402950 10.284700 
1569 1 3.025920 12.186600 3.627270 
729 1 4.760520 1.222770 8.458400 
709 1 9.306560 0.808816 1.139480 
1563 2 5.775410 12.393900 5.942530 
556 2 1.125540 7.037030 5.148920 
1906 1 8.586620 0.573609 8.063910 
621 1 10.006800 11.933000 9.486720 
1079 2 8.610250 3.831490 6.788670 
1256 2 1.283780 8.338750 11.030100 
246 1 1.709270 8.766840 11.637300 
716 2 9.748580 4.420590 6.224190 
1972 2 3.807310 5.471770 11.525600 
511 2 12.688100 8.445630 9.803510 
308 2 0.827337 3.612850 11.564600 
1706 1 1.118200 1.245060 9.975580 
567 2 10.624900 0.559697 9.075620 
1362 1 8.250000 6.145480 6.368080 
216 2 11.422500 9.142290 8.961050 
1206 1 9.346710 5.562070 12.252800 
1344 2 9.164780 0.826073 9.968240 
365 1 5.878150 5.133730 1.768700 
778 1 2.075270 1.857440 2.646460 
510 1 10.317000 9.909770 8.212120 
200 2 7.252650 10.564000 6.887630 
668 2 4.696620 3.586380 1.617130 
998 1 11.037000 7.721290 10.253300 
30 1 2.890230 9.278350 9.115300 
1940 2 10.211900 1.479750 12.705100 
1839 2 2.940590 4.708700 1.422940 
247 2 0.617291 2.811440 10.609300 
1172 2 0.716057 6.651290 3.448270 
786 1 7.298220 8.474890 10.369100 
618 1 10.998300 2.785060 3.599490 
1386 1 11.399900 11.562600 7.883130 
629 1 3.542800 2.356120 1.895600 
1978 1 7.358780 10.091900 1.332590 
1798 1 7.107460 2.381330 11.768800 
1117 1 4.254940 4.360890 2.565530 
1334 1 10.581800 8.474430 1.771250 
156 2 12.313200 3.911160 11.092500 
593 1 3.924580 11.833700 12.899700 
1255 2 0.345893 11.223900 12.928300 
1253 1 8.792490 0.748980 11.013700 
1119 2 7.022810 8.822270 9.427150 
841 1 2.212580 6.748840 5.562870 
432 2 1.092860 0.303726 1.736330 
1847 2 4.578930 8.822920 8.963300 
517 1 6.957510 11.882200 7.772800 
1749 1 12.399600 0.230538 11.605200 
1606 1 5.313880 8.260020 9.685130 
171 2 8.155590 10.218600 2.330920 
192 2 9.420360 7.241820 5.634310 
182 1 0.780590 7.056750 2.975080 
1347 2 0.347429 5.765820 8.093850 
779 2 3.667720 1.040440 0.455165 
472 2 0.447238 2.808360 4.301580 
1628 2 7.513750 9.764840 10.767700 
1510 1 5.840090 12.046200 6.040070 
726 1 11.281100 2.679780 11.303000 
687 2 8.613410 9.358460 7.409640 
1610 1 5.272320 9.270280 -0.030205 
1432 2 12.473400 0.866918 4.937410 
669 1 11.377900 1.175160 7.604500 
225 1 12.600300 5.859970 10.281400 
780 2 4.392520 2.182160 8.582670 
1135 2 7.971200 4.615780 10.088800 
747 2 11.393400 7.613550 9.548910 
376 2 2.480310 8.944400 7.535330 
47 2 2.004700 8.531690 12.063800 
1849 1 9.634740 1.971950 8.414010 
1971 2 6.119940 7.237670 5.123290 
540 2 5.235400 0.697587 6.273210 
448 2 12.410300 12.089200 1.918160 
1897 1 10.311300 5.948960 2.983850 
968 2 10.095700 0.166095 0.772657 
1811 2 11.140200 8.391860 0.530946 
518 1 3.959430 6.229790 9.141960 
207 2 3.470330 1.401300 10.105300 
902 1 11.470100 12.968800 8.434890 
1720 2 12.167700 10.690600 11.008600 
1417 1 5.227430 0.947898 12.531300 
1618 1 6.502250 4.152230 5.639510 
1126 1 8.610630 1.502130 4.587270 
874 1 2.064070 6.310410 12.583000 
749 1 10.906600 -0.338770 9.560440 
1695 2 12.936400 9.571240 5.495260 
1433 1 2.475260 2.888610 5.761730 
331 2 3.774470 11.266100 8.952500 
1851 2 2.947660 11.953500 5.007210 
1852 2 2.825200 8.795890 1.248890 
1499 2 2.508680 2.473760 1.344670 
1148 2 3.250670 10.739700 10.025200 
1741 1 8.960080 9.743370 2.278540 
1621 1 1.276940 8.050740 5.163230 
1862 1 7.330260 10.061100 7.432540 
1654 1 1.160410 5.030330 8.598100 
1026 1 5.933160 6.467390 4.934980 
1082 1 12.266200 2.971990 6.130510 
1711 2 6.557830 12.739500 6.633780 
1282 1 10.349100 12.974200 12.960100 
263 2 6.194270 0.503501 7.451480 
259 2 11.425400 2.454880 6.636170 
1939 2 5.336930 10.189500 2.826180 
1073 1 6.641150 7.622450 6.290980 
60 2 1.539050 4.975640 8.551930 
1279 2 6.207880 4.730370 1.872630 
1228 2 11.987100 3.110230 0.190815 
440 2 12.842500 2.899770 5.734010 
1455 2 3.649580 6.871900 3.836250 
414 1 2.632490 11.209300 8.326320 
78 1 12.017400 11.794800 1.779250 
956 2 8.337990 10.634700 2.938190 
1817 1 5.054510 8.559500 6.094450 
1460 2 8.362900 4.315400 2.159610 
341 1 9.398640 2.644480 0.810709 
418 1 13.290000 6.533560 4.262050 
1044 2 2.896580 3.027690 6.161630 
1974 1 7.017030 7.777180 3.749330 
1705 1 1.369730 12.299000 12.687800 
1340 2 8.614980 5.437470 12.904000 
1969 1 9.625430 8.658220 4.003850 
525 1 5.270880 2.932460 7.763990 
57 1 3.704360 1.580970 10.124900 
1488 2 6.657420 11.596600 5.163260 
1377 1 4.496670 4.722050 12.071500 
1931 2 3.809110 4.772860 7.155710 
603 2 1.117800 9.286790 1.275290 
1520 2 6.281430 0.342393 1.602890 
1181 1 11.052600 9.710060 12.844800 
932 2 7.207530 8.479110 3.286890 
1188 2 10.374800 1.665590 6.533900 
268 2 2.767520 12.088400 4.570590 
494 1 8.932840 10.208300 3.563390 
1546 1 12.040200 8.378820 0.679225 
118 1 2.588290 11.341600 5.074730 
1509 1 11.336400 8.185930 12.475100 
1318 1 3.776550 10.620400 10.059000 
1059 2 1.284230 6.441170 5.167820 
1837 1 1.130810 3.557220 1.406550 
520 2 -0.141569 5.179620 7.077560 
860 2 4.109810 3.343760 12.359600 
1071 2 8.290010 10.299200 11.751800 
15 2 1.143710 8.810400 6.364840 
637 1 0.923142 4.256830 4.695210 
1854 1 0.402944 9.155950 0.108904 
988 2 9.972310 6.444700 0.192029 
1785 1 0.381955 12.778600 2.899420 
1702 1 7.168290 10.632400 4.453170 
116 2 9.366620 1.411060 4.692220 
882 1 12.246600 1.185480 4.500420 
1990 1 4.493220 6.539100 1.503490 
907 2 4.860920 5.751680 1.159790 
1924 2 12.293500 7.849190 0.736153 
980 2 5.556980 11.006600 2.271880 
911 2 12.450800 10.149400 7.162620 
317 1 2.784510 12.811600 4.882160 
799 2 9.720980 7.127080 11.908200 
251 2 1.154150 7.739270 11.390400 
292 2 9.078670 12.943800 12.836500 
1436 2 5.768480 13.051100 12.973100 
473 1 9.226620 7.906010 0.123913 
103 2 2.881040 11.886000 0.237616 
1259 2 3.437280 12.277800 12.716700 
479 2 8.122510 13.102700 0.121557 
1145 1 1.525050 1.598410 13.048500 
475 2 5.538560 9.004320 26.126300 
1667 2 2.218420 7.158330 23.583700 
42 1 7.567270 10.868600 25.284900 
1641 1 4.246180 11.520200 24.909700 
1954 1 1.774960 12.192600 16.873600 
1478 1 11.594800 4.414770 23.375300 
1765 1 6.957030 7.404380 20.492800 
1123 2 9.833280 8.106620 22.317700 
1742 1 3.482720 3.548990 14.071400 
832 2 9.733510 9.456480 21.940200 
748 2 4.585800 10.904800 22.003800 
730 1 1.245210 9.343480 17.212900 
1404 2 7.041850 8.427200 20.122600 
670 1 2.030140 1.101070 21.636500 
355 2 5.667030 10.057600 18.620000 
132 2 6.925910 5.793900 17.768300 
810 1 3.175000 10.603800 19.528700 
854 1 7.496890 12.429300 18.437200 
491 2 1.858810 5.886990 26.068700 
927 2 6.673110 7.950510 20.243400 
1698 1 0.773922 1.986930 17.304100 
1507 2 11.094800 3.821650 20.951200 
542 1 2.134220 7.140820 16.091200 
673 1 9.880250 12.242100 24.469800 
638 1 9.770140 5.086050 16.689800 
238 1 11.769000 5.836190 17.892600 
451 2 10.745000 2.498480 21.613400 
254 1 10.769600 4.700800 19.416200 
1208 2 12.938900 5.423140 18.653900 
1979 2 2.344480 12.842700 15.404800 
1747 2 1.157850 11.565300 19.738700 
549 1 7.592110 1.417960 21.889000 
1686 1 4.639820 6.636370 19.315400 
958 1 6.543900 0.877205 15.548500 
674 1 5.655370 10.580800 18.011300 
9 1 6.089240 11.983300 22.112900 
1494 1 12.333400 9.645850 17.938600 
560 2 -0.445860 7.638280 14.397900 
1993 1 8.599090 2.967320 19.529000 
1469 1 6.572710 4.453550 23.144800 
299 2 8.753690 10.304800 15.290800 
101 1 13.033400 8.537160 26.930000 
1356 2 7.785870 3.163810 17.156200 
1937 1 12.819600 7.939260 20.001000 
1570 1 2.765570 11.309200 25.637300 
1844 2 7.189140 1.155930 25.210000 
422 1 12.308200 0.762973 18.142700 
65 1 4.620560 5.183040 19.632900 
1701 1 3.051190 6.554520 25.035300 
287 2 10.787300 10.104800 14.383800 
1629 1 5.456110 4.415930 13.565400 
1451 2 5.843690 4.690470 18.663500 
1400 2 0.431369 3.583950 23.646400 
1106 1 2.188130 1.168850 25.435600 
713 1 9.901580 5.671830 19.533700 
427 2 4.997840 13.571100 24.733000 
1191 2 12.090800 7.843150 18.848600 
776 2 5.155490 11.204000 15.290600 
1759 2 2.500500 3.988580 19.277100 
1894 1 12.001500 9.931220 25.328800 
1050 1 10.451900 1.431120 14.454000 
1459 2 9.417240 6.996940 24.511200 
33 1 7.861600 10.797800 16.311000 
1678 1 1.935570 12.585400 15.094200 
1046 1 13.113600 11.304000 18.466000 
1595 2 9.745660 8.139070 20.840800 
1002 1 10.255900 0.678416 15.726400 
1557 1 -0.045223 5.480750 21.153600 
176 2 3.216170 3.367850 17.282200 
1369 1 12.949300 1.808510 15.890600 
439 2 2.945380 6.175860 13.482000 
1529 1 8.865580 2.963700 22.636700 
708 2 12.004300 6.697010 16.050900 
818 1 1.922140 8.392560 22.341500 
575 2 7.927090 11.438400 17.993500 
321 1 2.154440 10.178200 26.303200 
723 2 9.908700 0.557541 13.741700 
1184 2 2.762150 6.207970 25.856800 
99 2 11.092600 1.587040 24.828400 
1308 2 7.398730 12.442900 25.146000 
920 2 9.262850 4.616770 16.384000 
43 2 5.262420 1.302940 21.746300 
1550 1 11.051100 7.488830 15.508000 
1212 2 3.790260 5.714700 19.272800 
558 1 10.335100 2.265840 23.129400 
3 2 3.357140 6.678290 20.002200 
948 2 1.395750 7.996130 13.196600 
214 1 6.052790 8.143840 14.339100 
195 2 6.491610 12.591800 14.985000 
233 1 8.635880 4.848940 14.103600 
1450 1 11.010100 6.977430 19.719900 
1511 2 0.256109 10.420600 13.973800 
1171 2 12.185000 5.483720 21.954800 
855 2 1.612550 7.768670 16.243500 
384 2 13.208500 8.291850 23.143600 
829 1 6.705750 8.371340 18.711800 
1890 1 9.311190 5.710210 25.813500 
1315 2 2.259870 4.442940 15.306800 
930 1 2.854990 6.695490 19.481500 
1199 2 4.962100 13.027300 22.966800 
194 1 4.238990 9.475180 14.719800 
955 2 4.577830 5.342430 13.518600 
1168 2 11.271000 12.100700 19.734900 
1307 2 6.211500 1.423980 17.186800 
1735 2 12.936200 11.354500 22.708200 
1492 2 7.514930 8.381530 16.164300 
12 2 1.929940 10.039500 25.354700 
744 2 3.644280 1.038280 14.282000 
431 2 9.845970 2.926970 17.861900 
1277 1 1.873510 10.875700 22.233300 
1005 1 9.665250 8.766260 23.886800 
398 1 0.192055 9.696180 19.036100 
170 1 4.337060 5.320490 15.130200 
1364 2 6.006830 11.651000 18.157000 
1392 2 1.244150 5.967220 22.478700 
1124 2 5.029500 7.449330 22.662400 
1353 1 2.064460 10.627600 14.194300 
115 2 5.713580 0.836312 25.214900 
29 1 2.331290 12.032200 19.292400 
402 1 5.612780 8.494190 16.956000 
1092 2 9.146230 3.030260 20.066600 
271 2 0.987065 4.097420 19.491800 
831 2 5.995930 5.722370 18.376600 
1202 1 6.093910 11.602100 14.197700 
1753 1 12.763800 2.963370 24.110500 
1454 1 5.876360 10.714400 26.458400 
495 2 13.134700 7.322060 23.791100 
1932 2 10.450500 8.532080 17.167000 
768 2 12.082000 1.061280 17.721000 
1029 1 4.536390 1.020700 24.679700 
1522 1 6.304050 3.334860 16.227400 
1493 1 0.110330 4.961370 18.901800 
335 2 6.386590 6.054500 15.607300 
394 1 7.612690 6.257940 24.281200 
193 1 13.315800 5.343780 16.758300 
1975 2 2.256410 3.297540 14.907300 
1908 2 3.682440 1.281780 26.074100 
833 1 8.200380 11.724900 26.132400 
526 1 6.903090 4.544320 17.451500 
1387 2 4.491510 10.764200 14.224300 
588 2 4.870170 3.920030 14.700500 
466 1 10.071500 3.611470 21.077600 
98 1 5.089870 0.420538 21.214100 
8 2 12.781500 10.439400 17.767600 
1866 1 12.146800 4.417080 25.047400 
1343 2 6.960160 7.642290 14.108500 
971 2 7.276430 1.516280 22.467200 
1532 2 9.135600 4.887450 20.918100 
530 1 9.860700 4.458560 22.750200 
96 2 8.477800 1.608340 22.574400 
426 1 8.828610 9.586120 20.681100 
164 2 1.821640 10.607100 16.162100 
609 1 8.887270 8.543470 17.006600 
1525 1 1.591910 3.948640 17.835300 
940 2 11.841500 3.000680 21.351100 
1229 1 5.736180 0.149601 24.203000 
1534 1 4.376520 10.318300 23.924800 
1952 2 10.088200 7.155710 19.898600 
1410 1 1.733170 0.559335 19.222700 
600 2 8.624280 9.550810 24.715500 
1447 2 7.173240 2.882830 15.116200 
850 1 2.484250 6.547190 26.186700 
1860 2 7.721820 5.833170 24.053200 
767 2 4.636530 12.291200 21.097600 
113 1 12.609100 8.921770 23.534200 
572 2 2.702220 9.189100 19.020900 
1597 1 12.453400 7.490840 22.894200 
505 1 4.692280 6.421960 23.131900 
632 2 9.168110 3.164520 24.566200 
1533 1 7.159400 0.408229 25.955000 
1346 1 11.292000 4.991730 15.784700 
1179 2 4.546180 5.495410 22.723000 
816 2 4.885570 11.861600 25.414300 
250 1 5.680590 2.432310 20.731200 
1151 2 6.653680 4.116300 24.419600 
577 1 8.655650 7.062670 13.749800 
345 1 3.445100 1.964540 17.404500 
666 1 1.159480 9.044330 13.748500 
493 1 6.819550 4.977450 20.678900 
1464 2 0.558107 4.486240 19.142800 
1297 1 2.085990 6.367400 20.934700 
1419 2 2.129670 9.865600 21.960900 
1991 2 8.789680 4.617710 20.241300 
203 2 1.329890 4.117820 23.149300 
763 2 10.956800 5.674000 19.504200 
323 2 9.250290 1.035430 25.866900 
1252 2 3.819260 3.278040 21.017100 
1461 1 9.364520 7.177790 20.357400 
1099 2 0.812840 11.229400 18.523400 
477 1 10.858100 0.615695 25.185200 
1723 2 10.019900 5.217940 13.572100 
548 2 9.800540 0.090247 15.019000 
350 1 6.410200 2.647600 18.756000 
1416 2 7.886830 5.009940 22.672700 
1660 2 2.134290 0.240805 21.877900 
80 2 0.666372 2.680750 18.189200 
280 2 5.087320 1.515690 23.776000 
678 1 2.541140 7.698130 24.544900 
1140 2 11.555700 6.194060 19.678100 
1743 2 9.697950 10.887200 23.101000 
1737 1 9.095190 4.473500 20.105500 
1884 2 6.638530 11.010800 21.161200 
1677 1 6.568110 5.689520 16.690800 
601 1 10.422200 1.193410 20.070900 
758 1 9.768760 10.415700 23.307500 
1842 1 8.398050 2.924370 16.496000 
1217 1 0.867080 3.967580 14.243600 
1710 1 2.688580 13.076900 22.377800 
622 1 2.056710 3.902890 24.856000 
647 2 12.398200 5.566820 14.809600 
1829 1 8.775280 12.902700 21.484900 
715 2 12.646800 11.579700 13.500000 
1590 1 5.637580 2.098570 23.833000 
1084 2 5.485940 8.745940 14.772400 
1913 1 3.136560 3.384320 18.650400 
370 1 6.574210 10.849400 20.315700 
488 2 11.025400 4.520240 15.220500 
1371 2 9.343480 12.159500 25.821400 
1980 2 6.406970 1.854780 19.100600 
742 1 3.900180 3.324510 20.877000 
16 2 10.139900 11.189400 15.797900 
1150 1 0.865522 3.821730 20.085700 
1588 2 6.726630 3.624480 20.350200 
591 2 2.636480 11.945300 25.675000 
746 1 7.841290 1.629630 24.455800 
908 2 6.621320 12.110100 18.034600 
1323 2 13.231300 0.472170 16.431800 
1261 1 10.509700 11.230300 15.468200 
1226 1 0.098333 10.289100 25.676900 
918 1 11.096300 11.402800 22.591300 
796 2 9.872580 10.005800 14.705400 
741 1 12.642900 3.204330 17.494300 
1197 1 5.363450 1.984150 26.162900 
846 1 9.150530 10.627900 15.230700 
662 1 1.369270 4.826430 22.592700 
1335 2 12.668400 0.873959 24.102100 
147 2 0.051401 8.694560 24.141300 
1087 2 12.076500 9.911490 26.096000 
75 2 3.096410 1.461100 19.310100 
1440 2 3.441840 12.358300 23.879500 
1950 1 5.945420 12.252400 15.933100 
1449 1 5.978660 11.468000 18.606400 
27 2 2.340920 0.852745 25.054700 
1920 2 9.388110 8.213760 13.588700 
204 2 11.147500 11.466500 13.709500 
1808 2 5.132260 24.246000 4.081070 
1154 1 5.711360 25.306200 4.424020 
69 1 2.690970 20.850500 3.116480 
1180 2 10.475000 14.967200 0.273135 
1668 2 12.576400 14.376900 11.446400 
1192 2 7.636710 15.969000 8.114510 
157 1 7.133280 13.718900 12.643400 
1397 1 4.686610 16.021300 5.360780 
775 2 3.814380 21.501200 7.378220 
25 1 4.269150 14.336800 3.743430 
976 2 4.988550 14.078800 1.032380 
220 2 1.257380 20.444700 7.095960 
1021 1 9.800130 23.897500 10.741200 
690 1 -0.028487 13.517200 10.810400 
1948 2 8.724960 19.769200 7.101610 
1110 1 1.022530 13.463500 7.607660 
1881 1 9.274650 23.456800 13.432000 
1296 2 9.687880 14.058300 7.328700 
274 1 8.365200 19.539800 5.428530 
393 1 4.733150 25.029200 9.422530 
14 1 4.935570 21.346200 9.187270 
175 2 0.827160 24.113900 5.881370 
777 1 3.368070 23.167500 6.690470 
1631 2 2.493270 18.926400 8.817100 
1446 1 2.483920 18.716200 8.625650 
1341 1 7.667880 15.724600 8.045460 
1378 1 10.445500 17.819200 4.614120 
1886 1 10.265900 15.089800 8.080460 
1928 2 0.208739 17.735100 7.103570 
997 1 9.342510 17.755100 2.851660 
1160 2 4.756620 15.847400 10.991800 
1505 1 10.064900 24.086400 0.507787 
163 2 8.461050 21.497600 3.666530 
559 2 3.773240 16.223400 11.679100 
1820 2 1.103990 20.960600 4.001370 
484 2 2.232370 17.579600 2.777040 
1830 1 13.049900 18.839700 12.265800 
785 1 12.626200 25.478000 8.082470 
314 1 11.334600 21.561600 0.799103 
884 2 4.282030 15.858300 3.723860 
279 2 1.023810 14.828100 6.441390 
1462 1 9.276390 21.115900 4.096920 
1374 1 2.169680 17.590000 1.995760 
509 1 11.340300 19.860300 7.013480 
371 2 5.439760 18.914300 7.929590 
919 2 12.016300 13.558700 5.400430 
910 1 6.472930 16.995700 12.034200 
185 1 8.025600 25.771100 7.249720 
702 1 0.966607 25.514900 7.549590 
587 2 4.766790 18.742600 1.483760 
1424 2 7.955870 22.324000 9.536130 
817 1 12.728300 22.186100 6.387810 
909 1 10.342800 17.344300 7.007410 
1704 2 10.739400 22.905300 10.779500 
362 1 2.035400 25.859300 6.223200 
88 2 9.402970 23.485400 10.487900 
1921 1 8.976860 14.287600 5.293390 
750 1 2.979550 21.834700 4.647580 
1574 1 2.777500 25.533500 3.541130 
452 2 4.713210 22.375500 9.490980 
1617 1 10.647100 22.994200 2.852140 
1465 1 5.479780 23.224700 12.658000 
1963 2 7.527340 22.908100 8.812870 
1872 2 8.431680 14.230100 4.005450 
1707 2 5.407570 20.574900 2.379570 
1097 1 0.834841 14.574700 3.082030 
145 1 13.100900 24.128200 10.409000 
395 2 8.877050 18.983800 6.313800 
569 1 10.736700 23.714200 5.560840 
645 1 7.317230 16.983800 2.836040 
1513 1 3.140710 25.919600 7.199260 
1383 2 5.054720 20.074700 11.927900 
770 1 8.509210 21.847100 12.807800 
294 1 5.980120 17.386900 2.563690 
1413 1 10.608900 13.391300 2.689020 
1917 1 6.913610 19.726500 7.484460 
894 1 0.670020 17.779100 3.175360 
1020 2 6.261440 18.662900 6.041080 
639 2 5.632300 14.586700 6.045520 
732 2 5.145920 13.412800 7.952550 
1475 2 11.943100 14.753300 1.424970 
660 2 0.685505 14.732100 13.184500 
336 2 10.540200 23.812900 2.086260 
1524 2 5.043100 21.331000 8.327550 
415 2 7.930910 13.998000 11.491500 
1213 1 4.218070 19.128900 4.293840 
661 1 12.280700 15.966300 5.591200 
391 2 13.124100 23.366300 2.609020 
1219 2 10.620000 23.126300 7.575970 
642 1 11.180500 25.204500 6.560920 
857 1 4.678520 18.184400 12.558700 
1665 1 4.342610 23.446300 5.294950 
508 2 2.844570 23.003300 11.279900 
82 1 9.519780 18.407900 1.383100 
1696 2 10.485000 24.494100 5.240880 
1858 1 3.202490 17.555600 4.346350 
273 1 6.343710 13.847200 5.200110 
1338 1 6.654260 23.380400 6.286130 
245 1 4.224890 15.852800 10.041400 
1578 1 7.795950 21.132700 2.339110 
1497 1 8.378430 13.379700 3.243750 
388 2 5.123990 16.234600 5.143840 
92 2 9.429710 16.424700 12.142200 
1761 1 0.420535 23.808700 11.436700 
573 1 2.481160 13.719000 3.085280 
843 2 9.145860 19.629900 10.142800 
1684 2 1.404240 16.487400 2.834920 
1496 2 10.385200 16.507500 9.147350 
990 1 4.455670 14.583500 10.995700 
306 1 5.589240 17.004500 6.849100 
1283 2 1.493710 14.102000 3.445810 
155 2 2.623660 24.931600 8.462570 
837 1 1.390380 16.554700 9.995560 
126 1 1.085420 24.868700 9.811800 
1190 1 12.397900 16.355600 10.155700 
186 1 0.708594 21.070700 6.526500 
1863 2 13.149700 15.273600 12.215300 
1406 1 5.461370 22.859600 3.804130 
1591 2 5.924810 21.605900 4.067490 
1070 1 3.577330 16.835400 3.265400 
202 1 2.570840 20.734000 12.850800 
162 1 7.334090 24.786600 2.100050 
1200 2 1.288630 25.224100 10.949800 
377 1 9.624590 18.647500 12.089100 
863 2 11.109700 25.035700 5.787510 
354 1 6.942860 19.798600 9.247380 
1812 2 8.483530 26.484100 7.405630 
123 2 12.675100 16.632300 4.246990 
757 1 7.858890 17.638300 7.266620 
1348 2 3.557760 21.406600 6.702890 
962 1 2.864280 14.003500 9.400030 
1470 1 3.058390 18.520500 6.656740 
1517 1 4.253610 20.472200 7.963190 
378 1 3.666030 15.746400 6.993900 
903 2 3.706370 23.553700 5.474350 
825 1 7.188480 26.335000 12.934200 
1983 2 5.560630 17.436800 3.471110 
906 1 11.358300 20.652700 10.065500 
1887 2 8.899300 23.268600 2.243010 
975 2 0.254216 23.612800 11.592000 
1017 1 11.512600 20.339200 12.660600 
1234 1 3.656450 23.203000 10.200900 
592 2 4.195090 18.785000 3.836270 
1831 2 0.770172 22.150900 1.204020 
154 1 0.304242 15.569100 13.161400 
44 2 2.546990 25.960800 6.273980 
1619 2 2.834990 17.122600 7.200390 
1623 2 0.498300 17.852300 10.238900 
1170 1 1.860240 21.035400 10.623100 
1857 1 9.024840 17.804400 10.402900 
420 2 1.543890 22.715000 0.475645 
35 2 10.533100 15.060100 8.479210 
550 1 5.125790 20.070300 10.685000 
1273 1 8.324130 26.116600 3.712930 
159 2 9.907340 13.836400 5.898320 
1611 2 1.900440 23.255200 2.575670 
498 1 13.155400 15.185400 0.565967 
1380 2 7.225150 24.725900 1.383470 
1024 2 11.284600 21.080000 6.576700 
1331 2 7.450880 25.440300 5.098960 
288 2 2.601130 25.144500 3.881350 
1716 2 -0.069317 13.370800 12.892700 
1790 1 7.369070 23.364900 9.981930 
819 2 9.709950 19.551900 0.639598 
1826 1 6.180950 22.230400 7.074070 
1266 1 12.935800 13.537700 11.529800 
1395 2 7.819550 18.180200 7.971800 
1477 1 5.296400 22.653800 0.180658 
743 2 12.558700 17.106700 9.433350 
1120 2 2.657810 19.412000 11.868400 
1081 1 3.544650 20.932900 6.130220 
1663 2 0.045844 26.402500 10.297300 
886 1 11.126400 25.305800 4.872280 
1561 1 5.275710 14.442700 1.894360 
928 2 7.503310 17.082000 3.369570 
1516 2 10.379700 17.366400 6.398270 
738 1 10.422100 14.032500 6.510960 
1624 2 6.543380 23.099600 6.919010 
1622 1 13.002300 24.201800 1.838030 
759 2 8.746270 17.271700 11.584500 
1187 2 3.290800 17.649800 4.000120 
36 2 7.336880 19.533400 9.846020 
141 1 6.235870 14.726600 8.580180 
1909 1 10.897500 17.303100 8.464310 
179 2 4.570900 22.426900 11.676300 
643 2 11.478900 20.789600 7.588040 
234 1 8.950530 14.965400 7.606710 
4 2 9.474040 19.205600 2.582500 
1936 2 2.470200 14.823100 9.207530 
109 1 10.913700 19.701300 3.348210 
619 2 12.644500 22.892500 -0.108929 
177 1 -0.052631 22.366600 1.853960 
1339 2 5.174340 15.032100 3.211310 
1598 1 9.253820 22.340800 9.633750 
1998 1 1.590180 20.188400 7.565780 
532 2 7.205980 26.247500 13.123500 
111 2 3.731510 21.195300 2.028000 
1744 2 12.851800 26.375300 9.541230 
1407 2 10.720800 17.416300 4.777930 
469 1 0.993469 15.307500 9.066600 
1855 2 1.734020 21.689000 9.023170 
1941 1 2.447770 15.938400 4.261840 
1010 1 0.860017 23.676100 3.996880 
1871 2 4.550000 14.828700 9.153660 
2 1 1.023690 17.044500 6.197890 
353 1 12.620900 15.631100 12.277500 
1332 2 4.387840 26.008900 8.696270 
1658 1 0.785580 15.972900 11.700800 
1888 2 1.440810 14.920400 7.619260 
1063 2 12.728900 16.836500 8.579960 
880 2 2.608720 21.441400 4.570620 
1810 1 4.479790 24.123100 9.370970 
628 2 8.413460 20.905600 0.032453 
357 1 2.403010 22.698200 0.846444 
941 1 7.709790 19.480800 10.220400 
1431 2 9.937390 16.949000 2.155330 
467 2 11.319400 18.847400 12.945100 
787 2 8.071450 26.368300 2.119180 
140 2 13.432700 13.884800 4.978460 
1004 2 3.214090 17.854700 6.539980 
1554 1 10.971400 16.881900 13.181800 
667 2 5.473080 26.416700 11.989500 
585 1 0.173268 25.341300 13.084900 
740 2 7.830410 26.112500 4.236360 
1448 2 10.704300 16.420500 13.203700 
923 2 10.651100 24.399000 0.528426 
1254 1 3.013180 17.353400 0.224876 
438 1 9.051800 14.259600 13.063200 
1907 2 6.788060 17.660900 12.970000 
1260 2 4.238060 17.225700 13.376900 
1085 1 6.310390 23.886100 23.842700 
224 2 10.950200 16.479600 16.412700 
568 2 11.845900 22.358100 14.977500 
151 2 1.506450 16.793100 20.229700 
808 2 8.391250 19.003200 18.666000 
1758 1 9.310500 17.608500 20.402300 
1368 2 11.841900 16.459900 21.975800 
1506 1 4.329040 15.602400 26.236500 
405 1 2.297510 20.467500 26.231400 
1571 2 3.012250 19.858400 19.091600 
828 2 9.365820 24.046000 26.114000 
276 2 9.301140 14.756900 23.500700 
1736 2 10.511900 22.669500 14.829500 
1750 1 11.735300 18.749900 22.323100 
457 1 7.414210 24.668900 26.149500 
478 1 13.111200 21.120100 21.229500 
143 2 0.505964 16.322400 15.763900 
1713 1 1.434050 15.872000 21.644500 
344 2 3.840080 16.572200 17.632600 
232 2 12.803500 17.396900 16.860500 
172 2 7.540670 23.222700 15.461000 
528 2 10.156200 18.475800 26.423200 
1879 2 12.750200 19.896900 13.352200 
1649 1 6.698180 15.137100 20.991400 
1996 2 10.165600 25.128500 21.624900 
18 1 3.817790 17.192900 14.003700 
707 2 6.129710 21.122700 15.258500 
458 1 8.744930 14.765600 16.542200 
330 1 10.129400 20.832500 19.884100 
1061 1 4.225120 25.831200 14.661300 
383 2 4.543910 20.154700 24.734800 
1412 2 6.987560 15.979800 19.311800 
289 1 7.510660 18.896600 18.460200 
1381 1 7.089460 25.643600 21.183000 
551 2 10.868200 13.759000 13.798100 
1062 1 2.624820 23.890400 25.220400 
602 1 1.595540 17.937800 19.077500 
1129 1 9.835920 21.693900 25.926500 
1651 2 0.748567 25.670400 13.097700 
1147 2 10.319300 21.219400 23.031800 
465 1 5.367590 20.276800 24.301700 
1644 2 2.621380 26.421800 17.363400 
1614 1 5.533350 17.225400 18.448200 
960 2 3.226160 20.193600 18.656000 
1898 1 10.542900 20.945600 14.478400 
1778 1 6.139320 14.624100 19.182100 
695 2 0.476139 20.283500 22.043600 
507 2 10.768000 20.896300 23.555200 
535 2 1.403590 14.425100 20.896800 
1203 2 8.102430 16.301800 22.650300 
676 2 7.597090 24.023700 23.977300 
1286 1 10.390700 22.307900 22.497000 
134 1 10.489200 14.613900 21.068300 
675 2 6.337240 14.821600 18.369700 
1382 1 7.205570 26.466200 18.013600 
23 2 2.613760 21.298500 17.223300 
1727 2 10.712700 13.113700 20.240900 
1089 1 9.005680 25.807900 21.465400 
541 1 9.302390 16.845900 18.542700 
1573 1 -0.185479 23.352000 16.266900 
1568 2 8.177150 22.911000 21.395400 
17 1 7.039560 22.765400 15.045100 
562 1 10.201800 13.485100 26.442400 
1232 2 10.601200 19.230000 15.318500 
19 2 9.114930 21.623400 20.020700 
664 2 12.765200 14.469400 20.828900 
1769 1 5.316310 24.538100 18.280400 
94 1 8.415210 25.729200 13.243900 
565 1 4.466570 15.390700 17.872500 
1186 1 10.180500 20.713500 23.960400 
1064 2 10.738200 22.726900 23.356800 
1389 1 8.911190 15.900800 21.351100 
1772 2 12.744700 17.061300 25.856100 
358 1 0.627657 14.396700 25.026600 
408 2 2.726570 17.186000 21.082800 
1799 2 6.156590 24.611700 18.648500 
1556 2 -0.015405 17.846800 20.975700 
1074 1 11.806900 24.503000 15.534200 
21 1 13.333200 21.005100 14.481600 
198 1 11.832600 22.291800 24.765600 
1600 2 5.305410 17.645400 17.818400 
871 2 7.704560 25.888100 13.404200 
961 1 8.886520 17.318000 23.691900 
1328 2 7.048300 17.614400 15.328000 
1265 1 -0.037405 21.806800 21.056300 
531 2 5.862200 25.357300 15.478400 
262 1 9.480390 14.629600 24.214200 
382 1 6.839970 24.033400 18.813800 
114 1 11.241300 13.831400 13.739000 
571 2 0.027924 13.860900 22.506000 
735 2 12.502000 18.538800 25.592500 
1545 1 4.020850 13.742300 14.094700 
434 1 2.178540 15.766000 17.953800 
552 2 8.036680 13.890200 22.111000 
1819 2 11.456700 24.827000 16.663000 
1904 2 2.812650 24.509200 25.460700 
502 1 5.891450 13.560700 23.828900 
966 1 2.538310 21.845400 18.812900 
133 1 1.499830 23.164600 13.372200 
1935 2 5.977950 23.425000 26.191800 
1836 2 1.777990 16.795800 22.063100 
607 2 12.760700 22.929700 18.597800 
1782 1 10.390600 19.690800 15.664600 
1774 1 4.825100 23.657000 25.077400 
24 2 1.431440 21.733900 20.629600 
34 1 6.861470 17.535700 17.910800 
62 1 11.466900 15.668100 22.567600 
191 2 7.169090 22.457300 20.209100 
1100 2 3.333380 15.313300 26.434800 
589 1 8.853740 20.503100 21.816800 
401 1 4.283850 16.038800 14.082000 
1650 1 2.922010 25.863000 13.365400 
1207 2 10.117900 16.051200 17.433900 
1584 2 0.341212 22.456000 22.669700 
1427 2 3.827880 16.992500 14.464900 
872 2 8.650610 20.824600 20.364500 
460 2 5.231840 19.659100 16.414300 
90 1 11.762200 16.138700 25.918500 
1867 2 2.690820 23.482300 25.101500 
1456 2 0.191552 14.068800 19.286800 
1602 1 12.846500 26.419400 25.746500 
351 2 12.336100 18.973800 21.422800 
1943 2 1.915900 24.607800 20.958200 
788 2 3.412320 16.166400 26.273000 
1169 1 10.104700 23.774600 16.329600 
773 1 10.439300 16.099800 13.987200 
380 2 3.143080 23.702600 18.319900 
264 2 10.031000 18.592300 19.507400 
1223 2 3.602030 15.780600 17.069300 
842 1 7.727790 23.987100 21.271500 
1861 1 11.435000 19.100000 18.749000 
1013 1 12.489600 14.465700 24.212500 
7 2 4.551390 18.572100 21.878600 
1927 2 12.151900 14.131700 23.649500 
412 2 5.706080 25.072500 18.369300 
1289 1 4.969940 17.107600 25.233900 
1409 1 2.791140 18.940200 23.398700 
807 2 2.522670 23.483300 22.343500 
1072 2 11.858100 25.311800 23.552700 
1700 2 6.541220 18.737700 25.146600 
1809 1 11.434200 25.265200 22.548200 
1245 1 2.183990 23.183000 20.535400 
1586 1 10.372700 25.090300 18.155700 
1075 2 9.396130 21.751200 26.308400 
1345 1 8.207640 18.588600 21.578900 
1693 1 9.983860 17.112200 13.381000 
838 1 0.841222 23.044000 24.943800 
1934 1 1.159770 15.739400 20.140300 
725 1 0.905775 25.056500 19.948600 
260 2 3.285100 23.253600 15.587200 
1109 1 4.188570 26.023600 22.745800 
1601 1 0.824268 13.414900 21.450600 
1625 1 8.940230 21.718500 15.005100 
760 2 8.617990 25.161400 18.412100 
1930 1 8.092780 20.962400 26.191000 
1638 1 0.791067 18.321500 23.110000 
1767 2 8.399490 19.576200 15.657300 
824 2 11.451700 20.343400 21.274100 
1201 1 0.409104 16.379000 26.103600 
1146 1 13.243800 23.174700 21.243300 
523 2 1.114340 19.393700 16.212800 
20 2 6.167790 25.452000 20.408300 
443 2 8.206390 25.339800 20.626900 
1559 2 1.897690 19.092000 23.481100 
1361 1 3.673750 23.821000 18.923300 
1728 2 8.815150 19.050200 24.045400 
754 1 5.588940 21.747100 24.249400 
527 2 11.594000 16.726200 17.345500 
1755 2 6.112080 21.955400 23.588000 
1953 1 11.953700 17.600600 16.927200 
1659 2 3.767010 15.319000 18.063100 
1394 1 1.971170 19.775000 16.329900 
1182 1 3.035280 22.865000 15.991100 
1694 1 3.478110 17.584100 16.774400 
963 2 7.583000 17.058000 20.373800 
281 1 10.416600 23.865900 14.367800 
1873 1 2.414490 13.430700 26.457400 
912 2 10.903800 15.247300 23.758000 
1814 1 7.597860 15.384800 25.550600 
463 2 7.363290 18.601200 18.149900 
430 1 1.940850 15.713000 13.508000 
1357 1 4.548260 20.420600 18.854700 
1430 1 2.548820 21.463000 23.045600 
11 2 3.229220 25.923400 14.673300 
1136 2 8.186330 24.147600 15.123200 
1310 1 1.256410 14.083900 23.461600 
1028 2 5.227930 21.862100 20.867900 
1158 1 12.422000 22.029800 17.688700 
659 2 8.273080 13.668100 15.862000 
379 2 11.362700 20.067800 17.135800 
1049 1 10.286200 24.596700 25.423600 
1295 2 10.274100 22.630500 13.764700 
1466 1 8.018410 21.240500 19.855400 
349 1 3.915390 20.673800 21.176100 
447 2 5.353770 17.683600 18.732100 
1840 2 6.458580 22.845400 24.987600 
650 1 11.877300 24.949100 16.776300 
1892 2 3.124960 25.956500 23.194000 
964 2 6.568240 24.700100 25.029800 
984 2 12.586000 24.182400 17.233400 
1012 2 4.654110 22.767900 22.236200 
1009 1 8.150790 24.676500 19.176700 
1608 2 0.852014 22.071300 15.080400 
809 1 0.999548 18.855800 14.221500 
1039 2 9.213720 19.357200 21.070400 
924 2 12.241700 14.343100 15.669700 
1973 1 6.205790 21.801000 15.736000 
590 1 8.120310 18.871700 15.618000 
1968 2 3.816520 23.467500 24.743100 
1846 1 7.040610 21.606000 20.750000 
486 1 6.886550 22.954000 25.680500 
616 2 3.592290 20.246400 24.727800 
1285 1 12.035900 16.162800 19.126300 
1098 1 3.340080 17.255000 20.620300 
1322 1 3.900850 23.285000 22.920000 
1653 1 10.923800 13.642100 15.715700 
267 2 4.537080 25.689600 22.353200 
125 1 4.429230 18.230200 18.358600 
581 1 5.115880 25.005600 15.875600 
1365 1 1.673550 20.774200 21.924800 
877 1 4.805600 19.772500 15.876900 
1891 2 10.156500 26.612000 17.300000 
240 2 8.783100 22.326800 14.882400 
1721 1 6.355930 19.201000 20.092400 
188 2 9.441260 14.888600 15.292900 
889 1 6.017050 18.150000 14.538700 
1856 2 5.304920 19.262000 13.818800 
949 1 3.010220 24.507800 22.228100 
970 1 8.998800 22.310500 20.643900 
1178 1 9.368690 19.404200 18.150500 
1916 2 5.260390 17.039300 23.693300 
1319 2 0.225626 14.504900 23.255400 
1114 1 5.215920 17.325900 22.320800 
403 2 9.394680 25.784000 22.594300 
102 1 10.105000 26.363500 23.036400 
1358 1 12.512000 20.186800 23.736500 
752 2 11.803500 22.621800 18.888400 
772 2 1.040190 14.113400 25.404500 
339 2 10.940900 13.834900 23.556200 
1211 2 10.392000 16.348500 13.852300 
1813 1 12.385200 17.127800 22.771500 
1666 1 7.361880 24.895400 14.776600 
849 1 11.528700 14.411900 16.839800 
515 2 5.089880 15.043200 23.180800 
1003 2 8.695980 22.147500 13.754500 
1997 1 4.064610 19.319100 26.067900 
597 1 4.749140 13.229200 26.359500 
1804 2 0.736209 21.513100 15.387000 
1777 1 12.999000 18.895200 15.407000 
409 1 12.806900 15.062700 18.953600 
228 2 0.987395 13.730300 18.405300 
1249 1 3.107520 25.492300 26.109900 
1730 1 11.238800 18.745600 26.350300 
1091 2 0.313338 19.407700 25.903800 
187 2 0.876710 15.618700 13.466900 
1031 2 3.679510 15.917700 25.802700 
300 2 13.492600 7.256430 3.133960 
26 1 22.373900 5.115850 11.948200 
226 1 21.488500 5.515160 9.311530 
513 1 22.566000 11.158000 9.822810 
1237 1 15.174600 12.681600 10.113800 
1263 2 13.981500 1.384260 12.734200 
835 2 19.925900 4.271410 12.304900 
1566 1 23.643400 11.055300 1.184210 
1551 2 25.884900 7.988600 0.961435 
1189 1 16.904300 4.520430 11.400600 
1870 1 15.064600 12.335400 5.454640 
112 2 19.493400 10.640600 1.748040 
130 1 21.787700 0.195539 2.599060 
1428 2 21.173000 5.358110 9.237440 
1655 2 20.005300 10.505200 2.282230 
318 1 24.444200 8.526260 11.778400 
1360 2 15.339500 3.627200 3.197680 
1783 2 23.689400 6.472100 12.938300 
1541 1 18.223000 11.146100 11.943300 
1257 1 23.652100 1.495990 10.199500 
1303 2 19.026000 4.306660 4.698290 
1155 2 21.058800 2.308960 6.625560 
119 2 22.299000 5.380030 10.485700 
459 2 23.986900 10.845300 12.420200 
373 1 25.681100 12.490400 12.445500 
570 1 21.474500 6.183250 11.292400 
605 1 13.465000 1.790420 12.073100 
231 2 26.154000 5.744080 10.322200 
986 1 21.295900 9.457500 11.361300 
138 1 19.681700 6.531880 4.981530 
1981 1 23.942800 12.349100 4.400900 
389 1 15.997700 1.969940 13.014500 
1302 1 13.817000 11.025100 0.457042 
1125 1 13.905700 10.652100 2.653780 
1982 1 25.584800 8.953760 6.429590 
615 2 18.931300 1.740480 5.354630 
745 1 18.897600 3.792520 8.659750 
529 1 17.137800 5.436560 13.004900 
1756 2 20.404800 12.542200 6.650660 
1530 1 13.633600 2.647860 5.105950 
468 2 20.711200 2.648490 6.020070 
887 2 25.416800 2.061620 12.325100 
1149 1 23.013200 9.959640 10.249500 
1642 1 17.443300 10.019900 7.561020 
1116 2 14.814000 0.529506 6.169790 
1664 2 14.862400 10.316900 6.531740 
1605 1 14.610700 8.705800 4.722400 
356 2 22.360900 13.431700 4.865450 
1300 2 22.215600 -0.062128 8.115720 
1025 1 21.487800 2.971230 4.470020 
1398 1 19.512600 2.353500 4.878920 
1639 2 16.129000 12.575200 11.716300 
1317 1 21.924000 5.809140 4.254410 
1746 1 19.387500 0.489299 4.857840 
943 2 25.995200 10.294000 9.083650 
1548 2 16.159400 3.952260 7.219110 
1691 2 19.304200 4.205440 8.177180 
814 1 15.168800 4.669020 12.705700 
1985 1 22.631000 5.647690 8.238310 
196 2 22.863000 6.847660 8.587500 
875 2 17.881500 7.895050 7.663150 
1018 1 24.077700 7.885830 2.578400 
977 1 26.343600 4.984280 11.810400 
1613 1 17.533700 0.463816 13.006600 
1267 2 24.811600 4.647770 0.391327 
1821 1 20.099500 9.778190 4.656350 
1717 1 14.637100 10.115100 12.299100 
1474 1 14.672900 8.715330 9.889940 
1372 2 13.777100 11.103100 0.644388 
1722 1 24.227300 10.817600 12.371700 
1609 1 25.631300 1.586980 12.562800 
66 1 14.944900 7.186830 0.951951 
1640 2 15.691700 12.755200 9.535420 
839 2 16.071300 2.066600 8.066350 
574 1 18.456300 2.647430 11.637400 
236 2 22.863800 3.146530 10.932100 
800 2 24.776500 3.888280 1.472590 
693 1 24.870300 9.644600 2.001450 
953 1 22.743800 10.870500 13.054400 
1366 1 17.076300 2.390910 4.294830 
84 2 23.707600 6.434710 3.962490 
1270 1 21.704600 12.726700 4.494920 
1495 2 19.072100 9.396870 10.121200 
1745 1 19.562500 10.261600 9.775150 
1042 1 18.583400 10.063000 4.953950 
32 2 14.452700 9.705050 3.967800 
1239 2 13.570000 3.342010 5.059250 
862 1 21.361500 4.850930 5.466400 
10 1 21.502900 0.924282 6.956030 
733 1 16.938500 2.444670 10.349100 
1553 1 26.350900 8.300460 11.833200 
1656 2 13.443400 4.238610 13.085200 
348 2 20.798400 3.003450 9.932720 
1673 1 15.535000 12.571400 12.213900 
1376 2 15.998100 0.801173 11.010900 
253 1 21.905100 12.971200 12.153500 
995 2 23.542000 12.064900 3.975570 
830 1 23.258900 11.601900 5.329030 
309 1 15.981200 6.468770 10.136700 
1292 2 15.095500 6.064700 6.298900 
1107 2 15.446800 11.670700 5.251020 
1418 1 15.281900 4.031710 2.747570 
1294 1 18.826300 5.202540 3.057530 
497 1 19.047000 12.666000 7.641740 
1900 2 18.101300 9.973900 10.599700 
1103 2 15.713200 12.287500 0.644619 
1088 2 19.562000 0.712331 5.040430 
594 1 15.775600 2.986440 9.722450 
719 2 24.352100 9.249170 6.440190 
859 2 23.309900 12.820400 5.476540 
1490 1 26.232100 7.303200 5.209970 
1275 2 25.434300 0.960643 7.730830 
1458 1 17.471000 6.266760 8.864990 
1544 2 16.785500 6.305720 10.059700 
1108 2 20.386400 12.313900 1.673500 
433 1 14.448100 0.975238 2.954230 
512 2 25.628600 8.334250 9.477900 
1832 2 23.853200 10.829800 4.374660 
1196 2 13.910600 3.989870 1.436000 
1214 1 20.740900 0.822263 3.778620 
598 1 23.076200 2.046250 12.097700 
404 2 25.337500 0.767949 10.674300 
1218 1 17.123500 8.899720 11.276200 
1414 1 21.921400 7.059760 9.668030 
1967 2 22.951800 8.474800 11.791600 
1051 2 25.805800 8.769490 0.283613 
1945 1 21.803800 3.823850 7.150330 
845 1 17.453300 0.651435 1.988690 
1127 2 19.251400 1.378700 13.158500 
1843 2 20.089900 5.950780 1.183900 
1329 1 26.069100 5.884730 6.693990 
1141 1 17.974200 7.715020 7.021630 
446 1 19.038600 11.060600 1.890810 
856 2 21.496000 5.802960 5.398900 
1923 2 25.120300 2.335780 4.952690 
630 1 23.136900 8.549130 7.121260 
1989 1 24.480600 7.851340 9.462330 
1780 2 22.128500 2.014670 0.954210 
79 2 15.121100 0.877246 5.800810 
710 1 26.236200 1.174780 5.559720 
364 2 13.810400 7.302340 3.794870 
680 2 15.986800 6.990690 1.289500 
764 2 16.198400 6.467620 10.082800 
631 2 19.321400 4.141580 1.838850 
891 2 22.312100 0.070068 2.034480 
1531 2 21.552500 6.546220 3.476760 
1396 2 15.785000 8.784870 11.694500 
895 2 15.377300 6.652410 4.581900 
815 2 18.259900 12.032600 5.954900 
1227 2 22.616800 1.987240 0.906457 
89 1 15.483300 4.686800 8.022840 
1896 2 21.597100 6.624190 11.318000 
1370 1 22.968000 3.010560 8.718880 
1911 2 16.118500 4.029130 12.749500 
1327 2 20.522400 2.238540 12.483000 
938 1 17.050500 7.041590 0.762118 
1955 2 15.677700 0.712417 1.378350 
278 1 23.479300 6.219130 1.064380 
904 2 19.406100 10.016700 13.223000 
1115 2 23.829500 2.805320 9.841850 
1311 2 21.514100 2.295100 5.235140 
255 2 21.845600 3.921920 8.088090 
421 1 20.786500 10.089900 1.547130 
285 1 20.704900 5.694070 -0.083723 
641 1 15.997400 10.282800 4.368490 
51 2 22.719600 9.690110 9.828710 
1105 1 16.371800 3.718200 0.415180 
312 2 18.178500 11.857400 4.649750 
369 1 21.155300 0.522094 9.760410 
1877 1 19.112800 1.571850 9.086920 
521 1 19.099300 2.417740 6.295610 
1675 2 14.849700 5.592800 11.961500 
635 2 21.860200 6.429670 5.846020 
450 1 16.095900 11.025600 10.185200 
150 1 25.122000 4.241870 2.273160 
396 2 20.149900 5.881530 3.250770 
722 1 16.755000 6.282330 4.007460 
211 2 23.959200 6.319800 3.944660 
1748 2 16.199700 2.747980 12.690100 
166 1 19.104200 9.555840 11.699000 
1032 2 22.551100 2.375430 3.500520 
1224 2 15.044400 13.327500 2.959320 
704 2 21.631800 11.768300 9.125930 
627 2 22.353100 5.334250 8.321150 
1960 2 25.084600 8.232710 8.398980 
612 2 24.430900 3.472910 3.792030 
1067 2 13.906900 5.583600 7.067940 
899 2 18.067200 9.870580 11.711000 
993 1 26.275400 3.130160 8.271430 
947 2 20.691500 10.049700 6.714270 
1350 1 15.430300 1.162120 10.328600 
128 2 25.522800 11.524600 12.579000 
1788 2 20.036500 10.296600 8.329000 
230 1 13.561500 4.659600 4.602370 
1912 2 22.717600 12.516000 12.827000 
579 2 15.843000 10.197000 9.888380 
81 1 18.501700 2.192020 2.576490 
1895 2 18.787500 1.916130 10.656100 
222 1 19.946400 4.322860 8.164830 
97 1 21.126400 3.015090 9.625780 
782 1 22.426800 7.375950 12.780500 
329 1 24.139700 3.933030 4.090190 
1949 1 21.237000 10.360100 7.903560 
1875 2 16.866100 7.004100 3.011540 
870 1 23.986400 2.226310 2.081450 
1313 1 22.683400 1.073590 1.847060 
476 2 16.871700 2.595130 9.719720 
655 2 17.472800 8.446000 2.160090 
697 1 14.899500 0.864211 6.247270 
795 2 17.079500 1.661500 11.877300 
1724 2 19.145800 1.663500 1.622850 
1379 2 18.599200 2.107700 2.533410 
184 2 18.481500 7.775150 7.219020 
1805 1 14.008100 2.994390 2.496460 
1796 2 17.139400 1.496740 4.828710 
755 2 15.623200 4.365090 9.398630 
206 1 16.374400 11.622800 2.070090 
1316 2 19.420600 6.260630 12.901900 
229 1 24.745900 1.262050 5.391410 
1951 2 17.600400 5.582920 6.991390 
337 1 21.172300 11.487800 1.239030 
360 2 17.120600 6.784020 2.349550 
798 1 20.627000 3.512670 12.413200 
514 1 24.972500 5.283200 9.182670 
161 1 13.432500 13.247800 3.238910 
897 1 14.629800 6.900960 11.239600 
1122 1 16.886600 2.782970 7.713370 
625 1 17.517100 0.272806 6.384830 
1962 1 17.133500 8.535310 2.734130 
595 2 22.137800 12.042900 11.361200 
834 1 15.746500 1.869600 8.406010 
1274 1 15.486400 4.482860 5.579710 
45 1 21.597400 4.746780 2.209440 
987 2 16.621000 7.432660 11.890000 
1552 2 18.342300 9.847830 0.897404 
888 2 15.098100 11.263200 13.082500 
1902 1 16.423700 0.322888 -0.163897 
1336 2 23.278300 10.010800 1.680190 
1893 1 22.508700 6.527330 5.490130 
1058 1 14.054000 12.139800 6.959300 
1221 1 23.682000 12.420600 6.703690 
506 1 26.169800 7.221220 7.345380 
1142 1 13.849300 0.563224 9.313180 
282 1 25.822900 3.680680 0.212817 
951 2 13.451300 8.097510 0.936637 
1662 1 13.674900 5.212390 7.022270 
1463 2 15.550300 12.888900 10.466000 
805 1 20.028400 12.977800 2.270180 
1000 2 23.947000 1.054350 7.467520 
397 1 19.713300 9.961600 13.003800 
1672 2 21.027900 3.734300 12.455600 
1038 1 22.934000 8.633190 0.245768 
543 2 22.585400 8.423390 0.465385 
1670 1 20.937400 6.082390 12.944100 
1291 2 25.274600 0.627717 0.155372 
410 1 15.466600 8.067840 19.564400 
1016 2 23.397600 0.456875 22.159700 
218 1 18.234900 0.276625 15.189900 
1076 2 18.908500 0.934648 19.143600 
189 1 24.181800 10.942800 24.405700 
1173 1 24.939200 11.114600 21.744800 
1390 1 16.663700 8.967470 21.130200 
1537 1 15.524900 9.668760 16.506200 
1885 1 20.524300 9.770980 25.390100 
848 2 15.123000 11.971000 24.478000 
235 2 24.021400 5.063790 17.183000 
1733 1 18.940800 8.832260 24.222900 
1965 1 23.922800 8.193980 22.588600 
1527 2 17.521500 11.880200 16.650100 
978 1 14.208500 4.024300 23.306400 
1841 1 25.801200 12.259600 23.105300 
462 1 21.903200 10.361200 19.711700 
375 2 14.339200 10.558700 13.619400 
1438 1 18.422800 2.059670 26.065400 
1132 2 16.985100 8.618400 21.368700 
406 1 19.600100 4.700320 17.840200 
456 2 15.992800 3.868520 25.800700 
1258 1 15.337900 7.879450 22.691500 
1 1 26.381300 2.069150 23.376400 
1434 1 25.879900 10.309400 14.085300 
942 1 25.285400 4.959680 25.329700 
38 1 24.797400 4.881320 19.462900 
1166 1 23.663300 10.130000 14.460200 
1452 2 18.583000 5.269750 16.266000 
1225 1 21.530100 8.790650 14.158300 
1053 1 15.221900 6.270300 24.097300 
359 2 23.628900 4.003550 15.247600 
1388 2 13.664700 12.809800 21.515500 
1784 2 16.898500 8.727050 24.983300 
301 1 13.915300 4.427820 20.425800 
325 1 21.191200 9.471040 22.100000 
905 1 24.149700 6.248030 20.689400 
1964 2 14.253400 1.073360 15.248900 
1703 2 16.740800 6.532020 14.695100 
847 2 16.872800 0.437639 15.014800 
504 2 13.354500 4.931050 23.328200 
1773 1 15.181900 1.680420 14.914300 
937 1 24.294800 1.216130 21.601700 
1542 1 21.598200 12.774000 13.694400 
1676 2 21.576100 9.670560 13.307000 
1030 1 16.597500 1.104370 21.951300 
576 2 20.890500 3.673810 20.020100 
681 1 21.870800 12.917200 22.961600 
751 2 20.062500 10.910900 13.584100 
1384 2 23.323000 5.726790 18.083300 
952 2 17.951300 10.783100 25.994700 
338 1 18.484600 8.589460 21.941200 
210 1 26.307700 11.629000 19.250100 
1889 1 13.225200 1.082360 26.093300 
699 2 20.212500 5.843110 24.968900 
545 1 15.593600 11.559000 22.589800 
1284 2 25.860100 4.891720 13.539300 
46 1 24.278600 10.247300 22.779900 
444 2 19.430900 6.172310 24.386600 
1104 2 25.971600 0.440667 14.169800 
739 2 18.438200 11.021600 18.241000 
244 2 15.859400 8.304720 24.737600 
1671 2 14.842000 6.389910 22.377300 
797 1 13.364000 8.164650 15.873300 
1528 2 13.622800 8.480300 21.530300 
821 1 15.643100 12.656800 20.523600 
721 1 20.353900 6.216560 24.480300 
1692 2 24.086500 10.847100 24.408300 
297 1 23.016500 10.400300 18.249400 
979 2 14.374100 5.778850 15.873800 
1056 2 24.779200 9.289240 16.934600 
1008 2 15.535800 12.230200 20.453300 
1402 1 19.550300 2.287570 14.739700 
1019 2 21.644800 9.965480 25.372600 
168 2 16.213600 0.513533 25.752900 
1415 2 20.134100 9.306410 21.762300 
1776 2 19.090800 11.543600 24.696100 
1994 1 21.634600 8.755930 17.041100 
936 2 17.386400 11.369900 22.844600 
1712 2 15.210700 6.740500 17.627200 
324 2 24.944700 0.507145 25.104000 
1482 1 26.693600 4.613130 16.996700 
634 1 17.880600 4.716000 19.034900 
1669 1 24.177400 10.854900 16.573100 
1822 1 14.706000 12.768000 24.440600 
381 1 15.827000 12.126700 26.137800 
1324 2 22.623500 10.832000 19.771900 
1420 2 18.528300 10.439600 17.808000 
1130 1 19.271600 4.118890 23.343700 
935 2 13.588800 3.469810 23.211100 
1922 1 14.344800 6.626930 14.412100 
429 1 16.484900 8.148980 13.253400 
1444 2 21.751000 2.717590 24.597400 
813 1 14.755500 12.079500 14.927200 
1471 2 21.821500 1.855820 23.558500 
1314 1 19.310900 4.733490 14.663000 
1445 1 19.125100 12.149000 15.883500 
1596 2 14.715300 10.274500 15.308600 
71 2 13.385700 0.049509 25.730100 
1174 1 14.204100 9.954800 15.314400 
49 1 20.970500 0.414999 14.196100 
1280 2 16.399800 1.113450 20.844300 
241 1 22.542300 1.534320 23.838200 
1714 1 17.758900 3.448680 16.546300 
869 1 18.152900 12.387300 22.022100 
1647 2 20.754800 0.658538 22.584400 
424 2 18.109500 9.869230 14.639000 
1579 2 24.381000 1.868030 24.670400 
1248 2 18.920600 6.982540 17.902000 
762 1 14.040500 4.459740 13.702700 
1487 2 17.944900 8.551160 24.623300 
1001 1 21.402800 2.791050 25.721500 
1577 1 22.373300 1.503850 15.325000 
1771 2 25.225500 11.807300 22.177100 
1581 1 22.331300 0.818815 17.440300 
1957 1 22.248100 4.336920 16.065100 
1679 2 24.866500 12.041000 15.011800 
407 2 19.437300 3.646420 16.883900 
1121 1 13.690100 5.965580 23.355500 
974 1 13.765400 1.561350 21.192400 
1500 2 25.349600 3.954640 19.703700 
636 2 15.487800 7.938130 24.121300 
566 1 21.131600 8.888210 20.947500 
1787 2 23.249900 2.181850 14.059400 
784 2 18.306900 8.098890 22.989200 
561 1 24.745300 2.875640 16.005700 
1233 1 19.330200 10.624100 16.880400 
441 1 14.664000 3.356820 26.331700 
1489 1 17.918600 5.747830 23.219900 
1349 1 18.894400 13.602900 25.868600 
537 1 25.723500 1.892370 17.544000 
208 2 21.404500 8.952810 24.828600 
489 1 13.828300 12.244900 20.577500 
1501 1 19.976800 1.246320 23.267600 
712 2 25.055900 3.708890 16.377700 
1326 1 17.896500 7.008210 14.497500 
811 2 20.926800 12.138600 25.009900 
1648 2 20.399000 6.666910 13.942500 
878 1 14.113700 7.052980 25.546300 
327 2 18.540500 5.998830 22.646600 
610 1 17.749900 12.737700 13.763200 
1828 2 25.810100 9.352210 21.840800 
736 2 19.872700 11.899900 18.945100 
1102 1 21.980600 9.262620 25.236400 
1405 1 18.823100 9.326370 14.448100 
1519 2 17.831500 1.714350 25.675800 
52 2 16.443700 8.308250 15.284200 
1715 2 22.613600 5.594250 22.124000 
1268 2 23.645300 8.465200 15.364100 
959 2 26.465400 10.817100 24.937000 
1096 2 16.181600 0.395601 24.559300 
536 2 22.460700 5.552730 25.803600 
129 1 23.050400 2.039770 26.413500 
1231 2 17.843400 3.676860 19.053900 
1210 1 19.452100 8.284180 19.420300 
1555 2 16.086300 10.080900 15.291200 
1337 1 20.572100 10.740500 18.355400 
258 1 22.806300 0.779368 23.225900 
1069 1 21.227400 12.248500 23.535500 
538 1 18.005300 10.393300 23.545600 
1086 1 26.260600 9.128620 22.811100 
1899 2 25.168500 2.520240 17.253200 
1429 1 24.541400 4.652240 13.334200 
769 1 16.521700 0.050315 17.644900 
1791 2 23.652300 9.265430 22.891600 
934 1 24.898200 11.794900 14.691900 
737 1 18.700000 8.502280 26.365300 
1503 2 20.197700 8.692790 14.616600 
1786 1 21.298400 3.497250 23.142900 
1959 2 17.295700 13.142000 14.569400 
1977 1 19.056000 6.838720 22.692700 
70 1 13.477300 4.585760 18.295300 
803 2 17.781000 9.183000 24.289800 
104 2 22.906500 11.296600 18.687400 
692 2 23.270100 9.611270 13.029700 
1185 1 18.129700 6.219550 16.312000 
1615 2 24.455200 2.177540 21.908800 
48 2 14.142600 0.896209 21.879900 
717 1 25.366000 7.952460 16.349900 
544 2 25.899600 12.889800 22.676100 
67 2 26.193900 5.677430 19.076800 
1222 1 13.743300 6.307640 21.279800 
368 2 20.373200 12.799000 25.621700 
1878 1 20.365100 12.152400 25.355200 
492 2 24.040400 11.710700 22.033000 
633 1 24.718300 2.537360 22.064200 
1498 1 19.673500 4.658950 19.542900 
684 2 15.612400 4.529530 21.106000 
1241 1 17.608400 9.773160 15.391500 
1751 2 19.491200 12.510500 22.937200 
718 1 26.280300 2.073680 19.867700 
1512 2 19.042300 3.622250 16.211800 
1504 2 13.392600 3.924940 18.042500 
1480 2 25.940500 2.030260 21.782700 
1757 1 18.568700 11.825800 18.785500 
183 2 25.991000 3.849570 24.494800 
1057 1 22.776700 4.306480 22.903800 
656 2 21.161700 7.322110 21.099000 
1966 1 15.433100 9.546700 24.280300 
866 1 18.546100 6.664460 18.111100 
711 2 14.242700 3.639590 18.501700 
1536 2 26.357000 8.509590 21.501300 
283 2 15.154100 7.254490 18.339400 
1443 2 16.330400 12.985900 20.553200 
804 2 23.672200 7.430890 22.231700 
485 1 22.394700 12.985500 20.726800 
1518 1 22.559200 5.734040 24.981000 
1585 1 21.594600 6.785890 20.367200 
554 1 23.572700 5.612860 17.030900 
1034 1 18.591200 12.191500 23.809700 
1868 2 18.890500 4.015630 23.473700 
1422 1 14.566700 4.383100 18.130300 
1850 1 21.295400 12.691500 17.594000 
677 1 16.938200 2.582330 19.054300 
1007 2 16.745100 1.547810 17.813400 
1484 2 22.546500 3.040580 22.924700 
1708 2 21.639600 8.187250 19.101100 
503 2 25.295200 8.838620 16.241400 
1865 1 18.509700 3.665900 22.779500 
1539 2 21.749600 8.770390 16.818700 
1439 2 19.502800 3.908030 20.043100 
790 1 16.824900 7.082010 24.485600 
1342 1 26.590300 7.865770 23.789100 
1709 1 20.436400 1.323980 20.013100 
442 1 15.404800 9.555230 14.034400 
40 2 20.002700 2.377830 18.784100 
1036 2 20.778500 0.107413 14.128500 
1682 1 19.708400 0.922955 17.564000 
1491 2 23.341800 10.637600 17.419100 
1359 2 21.315200 1.228080 15.783600 
1607 2 16.757700 12.115200 23.309100 
266 1 25.552500 9.589590 16.234800 
1794 1 24.665500 0.621848 26.652900 
1793 1 18.598300 11.298300 26.435500 
1915 2 18.774500 3.083280 25.713300 
1914 1 25.771100 11.862700 25.357300 
1583 2 15.043600 3.850650 25.576100 
1047 2 16.682400 9.095700 19.105600 
1133 1 16.036900 3.182530 23.015100 
91 2 20.681300 9.417690 20.934200 
929 1 24.017900 3.467190 13.786600 
596 2 13.501200 24.381300 7.788060 
1816 2 21.869300 16.841400 11.273500 
892 2 21.321100 25.527100 5.058940 
945 1 17.818800 14.338300 5.067330 
63 2 15.503700 17.403800 7.839130 
272 2 24.182900 14.593600 6.589380 
1800 2 19.402200 20.687300 3.991350 
197 1 26.256800 18.228100 8.086560 
58 1 19.754000 21.351800 2.034680 
1288 2 21.346600 25.435600 2.135460 
347 2 21.795900 19.385400 12.460800 
1023 2 14.961300 24.495500 8.796950 
1725 1 16.812500 21.510300 4.796220 
1177 1 17.211700 16.257200 7.127290 
73 1 22.177300 23.280300 4.838840 
1244 2 26.634500 17.544400 10.745900 
110 1 24.657100 16.436900 5.203000 
387 2 24.922900 19.973400 6.349930 
1764 2 15.744500 25.305000 1.555800 
146 1 17.193100 20.916700 0.296110 
1543 2 18.551500 14.472800 9.132650 
614 1 22.950900 16.619300 10.934900 
1195 2 23.693300 20.920600 5.327930 
624 2 16.324600 19.958200 9.332990 
425 1 16.464800 18.926200 2.489100 
1827 2 26.077700 16.754700 4.901430 
1987 2 15.354100 14.755800 3.487300 
1175 2 24.076200 17.299300 10.507500 
1426 1 16.136800 23.368800 4.002180 
1853 1 24.122900 21.191800 2.418220 
1251 2 22.040600 25.946600 9.860090 
983 2 22.785600 23.231100 0.844484 
68 2 24.054600 19.273700 1.294880 
1925 1 15.240300 15.025400 10.277600 
720 2 16.805700 24.492500 4.189900 
944 2 19.702700 17.998400 7.248400 
1732 2 22.920200 13.931000 1.559360 
1298 1 14.563500 18.130600 3.128130 
1143 2 22.874300 22.358800 3.232690 
1161 1 26.441700 17.915600 11.558000 
1576 2 17.072100 22.533400 2.678460 
858 1 23.720300 16.816400 8.277050 
771 2 16.053700 19.399600 6.740250 
74 1 24.254200 14.057100 8.670010 
120 2 24.841000 24.323200 7.964310 
1880 2 16.318700 15.820200 5.590880 
1592 2 15.734600 24.133600 9.543800 
706 1 19.908200 21.251400 4.819790 
649 1 16.250800 16.121700 12.238300 
823 2 21.269400 19.751200 4.209570 
190 1 19.262500 16.971900 10.824900 
1479 2 17.759400 15.835600 6.697780 
1754 1 19.196600 25.318900 7.933590 
724 2 19.578900 22.615800 7.952140 
122 1 24.039600 18.434800 2.080220 
1594 1 15.534600 17.233600 6.677960 
1027 2 19.631100 20.942800 6.228930 
1567 2 13.690100 15.082500 12.136600 
1521 1 22.138300 13.984000 6.517530 
1242 1 20.399000 15.575000 2.356300 
806 1 21.882600 24.907500 8.829390 
93 1 17.736200 22.050800 8.279200 
307 2 26.052300 18.270300 4.002570 
626 1 15.900000 20.160800 11.239000 
2000 2 18.610800 14.218300 10.815500 
701 1 13.335400 21.088800 8.062310 
879 2 15.687600 17.376200 11.235100 
563 2 20.513800 19.371100 10.290900 
199 2 25.086800 14.254000 9.756900 
417 1 17.459100 22.714000 2.737400 
1565 1 25.653200 14.364600 4.826040 
516 2 20.562800 24.880900 3.537550 
965 1 17.884700 25.193600 2.774220 
416 2 19.084200 14.162400 2.103440 
1045 1 22.545800 24.998800 11.437100 
178 1 25.187700 20.900300 0.778247 
152 2 22.774900 21.944200 5.555700 
6 1 13.586400 26.408100 4.550230 
1768 2 13.824900 21.296400 3.755640 
1272 2 16.936500 14.535100 6.007120 
1011 2 14.179600 23.030900 11.110900 
87 2 14.549400 23.889000 1.326910 
212 2 13.618100 22.031800 9.326580 
1373 1 15.499200 25.589900 1.513310 
269 1 15.006200 20.379400 5.208470 
651 2 14.774300 24.213000 11.382500 
564 2 19.659500 20.383500 4.944290 
1933 1 25.377600 25.915200 4.489110 
1589 1 14.344000 22.168500 8.579970 
985 1 22.904100 18.393600 7.855530 
490 1 18.957700 18.358100 4.305120 
1264 2 16.559900 21.948400 6.126890 
853 1 17.788900 18.618800 5.601350 
812 2 25.191800 18.223000 1.803920 
658 1 23.075400 25.782800 4.233540 
252 2 25.317700 23.061500 12.423000 
1681 1 24.533100 20.808100 9.184810 
1094 1 16.986600 22.023200 10.715200 
1775 2 26.208700 14.170800 3.740480 
1250 1 24.470800 15.504900 6.177180 
1593 1 18.132500 18.189100 11.077600 
694 1 15.779600 24.912100 8.739890 
392 2 16.486700 20.402300 10.226700 
1305 1 20.424000 26.607400 12.071700 
1834 1 17.185000 14.072800 7.007220 
954 1 19.177100 16.279900 1.607540 
1845 1 16.293800 17.522900 0.586170 
328 2 19.842900 25.404200 9.431410 
1835 2 23.431300 15.102400 0.268872 
205 1 17.019100 24.170300 11.312500 
249 1 24.897700 23.917900 10.703600 
640 2 16.466900 20.068800 5.776000 
756 2 16.261200 24.980800 11.834400 
319 2 15.848500 25.025800 7.994060 
160 2 14.027100 18.010800 6.473620 
108 2 18.073900 15.641600 -0.248740 
1632 2 23.300800 21.288100 9.230550 
623 2 14.100400 21.923100 7.658350 
1037 1 15.803500 17.614000 12.415400 
914 1 22.395800 23.570700 0.188026 
303 2 15.874000 25.907900 3.204710 
1040 2 18.980900 17.185700 9.365810 
1795 2 19.310600 24.748300 4.869050 
1508 2 13.752600 20.107300 11.661900 
946 1 23.258700 13.734400 2.141210 
1526 1 15.887600 23.892200 7.954710 
41 1 21.674500 20.057600 3.793630 
500 2 23.888100 19.654600 6.267640 
1699 2 18.671300 13.939400 10.829600 
1657 1 25.865100 26.641900 10.312900 
1944 2 18.319100 21.715600 -0.088833 
1355 2 22.162100 23.380100 10.636800 
1882 1 14.963600 13.844400 0.886273 
793 1 17.676100 19.480600 8.649470 
1333 1 13.738500 23.104900 0.020377 
1986 1 18.095800 19.095300 0.334123 
148 2 13.796500 19.386200 1.953720 
1781 1 14.742100 20.576600 3.050320 
873 1 24.608600 18.985500 5.930790 
1262 1 21.799300 19.896700 7.812810 
482 1 20.981100 17.596900 12.789500 
1423 2 16.680700 21.871900 9.534720 
201 1 19.368200 25.519300 10.387200 
533 1 23.495300 18.524700 10.024700 
209 1 20.276200 17.316300 9.890540 
1139 2 19.465900 23.666700 10.555600 
461 1 20.068200 22.246600 5.944820 
1068 2 16.786500 18.521800 1.571690 
1947 2 19.285300 17.137000 8.482080 
248 2 19.949700 17.164600 9.371190 
901 1 22.481100 22.414900 7.001940 
1680 2 25.271300 25.019400 4.666690 
1612 2 18.351700 26.230700 0.960558 
333 1 15.648400 22.136900 0.129786 
827 2 14.831700 20.669100 11.596800 
121 1 15.918100 15.710100 3.762800 
499 2 21.990000 20.128100 8.261860 
471 2 16.605700 15.790300 11.844100 
315 2 15.450100 15.929500 4.245940 
1848 2 17.952600 25.890500 7.818420 
284 2 15.670900 16.417300 12.416900 
1942 1 25.920000 16.789600 3.912960 
1502 1 18.324000 22.540400 1.434020 
1792 2 21.017300 23.374100 12.079500 
714 1 15.807800 19.605300 8.795250 
1726 1 14.230200 19.448200 6.530920 
374 1 23.720500 21.588600 9.833720 
1540 2 14.715000 19.589900 3.573030 
731 2 20.506100 18.697500 0.740587 
1033 1 24.434600 24.387000 5.835750 
1956 2 22.257100 17.150600 2.548910 
322 1 13.926200 19.173600 -0.083716 
1789 1 23.906800 25.701200 2.057060 
39 2 15.856300 19.937400 1.782020 
1801 1 14.474400 16.800600 10.116300 
1425 1 18.130100 14.758400 9.413640 
1131 2 20.971800 14.028900 3.007120 
1457 1 20.572700 24.011700 13.133500 
158 1 24.022100 13.706400 11.229700 
411 2 19.645600 25.678100 11.547800 
1823 2 17.486700 16.720000 2.221380 
728 2 22.594800 18.347900 7.470460 
599 2 24.422400 20.891000 9.161400 
1167 2 21.857500 23.358300 6.506550 
1859 2 18.794600 18.101400 5.308700 
1230 1 21.099200 21.561000 12.317700 
1825 1 21.905400 19.588500 1.542500 
1833 1 14.448200 15.353400 5.271720 
1321 1 22.146200 19.165700 5.924500 
861 1 14.605400 14.784500 12.398200 
1674 1 23.759800 26.194700 8.650930 
999 2 14.661500 18.859500 1.150380 
275 2 14.886100 18.611000 4.003030 
310 1 20.378800 22.294600 10.440200 
1652 2 24.092200 17.789200 8.923090 
1153 1 14.018500 18.222900 4.318670 
851 2 26.094700 22.205200 9.931430 
1080 2 15.918000 15.598200 10.092000 
342 1 25.849800 23.678400 7.845700 
1246 1 25.931900 17.094300 0.938856 
753 1 17.850200 23.984700 5.477160 
423 2 23.470600 14.052400 5.872010 
1634 1 20.940100 25.476200 4.811080 
921 1 23.698200 20.511300 4.860140 
290 1 20.558500 14.515900 8.995240 
53 1 26.392600 14.203800 6.713290 
445 1 14.079300 21.374700 10.261600 
1022 1 14.397100 22.001100 6.877330 
1587 2 17.474400 25.016200 0.928573 
496 2 23.497000 26.257100 1.448160 
1238 1 14.698100 25.209700 10.775100 
1157 1 21.851200 18.934300 11.331600 
257 1 19.037000 17.548600 12.908100 
1483 2 21.741800 20.702400 0.718158 
1065 1 23.895700 19.962000 6.149600 
453 1 15.517000 22.203700 12.944700 
1164 2 14.485200 26.815000 1.013700 
1043 2 25.766900 21.054200 11.975000 
261 1 22.352100 16.957500 3.622930 
334 1 16.611100 14.707300 2.818650 
994 1 14.475300 22.444900 3.315930 
608 2 24.644200 15.319600 12.552900 
1015 2 24.070400 16.818800 6.602090 
1442 1 16.362900 13.673700 9.294820 
243 2 18.457200 22.374900 2.856890 
291 2 24.888200 15.547200 0.742342 
1165 1 23.907800 14.167100 0.519242 
1995 2 15.736700 21.652100 3.639580 
1645 1 16.273900 24.766400 3.243500 
939 2 24.639000 14.580800 8.546680 
298 1 24.011500 15.828500 12.761400 
1083 2 23.931800 26.302000 3.834920 
1401 1 16.232200 13.965300 0.002316 
1616 2 22.494400 16.135400 11.619100 
1014 1 15.149500 14.588800 4.577060 
1312 2 25.154300 13.904400 0.360320 
1048 2 25.362800 17.628500 1.068010 
1984 2 18.470600 19.494100 12.603900 
582 1 26.475600 19.151800 4.656810 
1718 1 25.659200 21.271000 11.370500 
683 2 21.754800 14.524900 12.794100 
864 2 25.590900 17.040200 5.259320 
1066 1 20.280000 25.163400 2.128960 
801 1 18.860700 14.534600 10.741800 
586 1 13.787200 16.888900 7.610360 
1485 1 16.507900 13.335600 10.490200 
1437 1 17.613600 25.054100 0.518069 
1035 2 15.765300 19.257100 12.990200 
1636 2 16.845800 22.248600 0.463283 
100 2 23.493400 20.095300 12.568100 
957 1 24.755200 14.265300 13.077700 
1807 2 24.159000 14.903300 12.973100 
1690 1 22.141600 17.967100 24.121700 
1738 1 18.254500 22.015000 14.433100 
54 1 19.554400 20.753200 21.292000 
688 2 21.640500 21.895900 25.850600 
1739 2 20.182400 24.872900 26.292900 
1905 1 21.278000 24.490100 24.816700 
167 2 24.441100 20.683200 19.750100 
1052 2 17.651400 25.148500 24.455700 
1304 2 20.554100 15.333100 22.183900 
1269 1 17.875400 16.873500 23.324700 
1301 1 17.567300 16.486200 16.986600 
1351 2 14.629600 21.480200 14.916100 
22 1 23.110500 23.296500 16.284900 
174 1 19.000100 24.771200 23.067900 
1472 2 13.345500 22.283900 24.346900 
136 2 23.409900 14.419300 21.706300 
313 1 15.620100 17.332100 17.833800 
1752 2 23.269800 16.155800 16.873700 
840 2 20.941200 18.531700 20.964000 
700 2 20.612500 15.669200 26.112000 
1193 1 26.378400 17.543000 21.190300 
774 1 16.828900 18.451300 24.821900 
437 1 15.331100 15.661700 17.201400 
1330 1 18.643000 23.497100 19.964800 
1163 2 16.510400 25.880100 23.986900 
372 2 17.659000 14.122700 17.448600 
1276 2 18.200500 23.788400 17.270400 
915 2 14.621400 23.270800 23.429500 
320 2 25.868700 22.783400 17.290000 
578 1 25.320600 25.853500 22.126800 
1006 1 16.573500 20.798700 17.129400 
1564 2 18.957500 24.192100 22.228300 
1113 1 25.501500 15.897000 22.755200 
705 1 21.661100 25.895700 17.401100 
1354 1 21.129800 22.535900 21.605500 
1435 2 16.958100 19.087500 14.859900 
332 2 18.591100 16.977000 16.644200 
1198 1 17.032700 15.371100 21.289700 
826 1 24.545100 22.860600 16.103200 
1112 2 23.870100 19.489400 24.550000 
1626 1 12.991100 14.135900 21.182700 
1144 2 21.935400 21.071300 22.427500 
142 1 19.498900 15.730900 25.451800 
352 2 17.329900 15.881600 21.089000 
135 2 16.830500 18.099300 25.479100 
1734 1 19.137300 19.650900 17.310400 
286 1 16.242800 19.789600 21.538100 
1910 1 25.411300 23.235400 24.362700 
1918 1 17.606300 24.082700 16.904300 
1194 1 24.832000 22.002200 21.900100 
865 1 23.475600 16.067000 15.626100 
1309 1 15.363300 23.340200 20.206900 
1118 1 25.949900 24.964300 15.380800 
989 1 18.786900 16.752300 17.261400 
1320 2 14.510000 15.696800 25.482300 
237 1 21.354300 20.118500 15.142900 
967 2 14.198100 24.427800 18.509500 
885 1 14.121100 25.926100 16.733900 
893 1 23.720400 25.648800 16.192500 
256 2 25.841100 16.601600 24.336400 
131 2 18.294100 16.993200 23.168500 
1215 2 21.988800 16.214800 17.306800 
783 2 13.618500 14.236800 15.344600 
1137 1 15.726900 22.146000 19.768400 
56 2 25.049000 22.086200 21.977200 
61 1 25.556000 13.671600 21.802900 
606 1 23.289100 19.675100 19.587900 
86 1 21.603400 15.045500 20.548900 
685 1 18.621700 21.674800 25.545600 
501 1 16.809700 25.865600 22.676100 
727 2 26.077800 23.207100 15.507600 
1760 2 13.339100 18.681300 24.319100 
665 1 14.402200 19.650200 14.099900 
546 1 24.699400 21.158500 19.598000 
519 2 24.933400 18.767100 24.027200 
1514 1 24.184000 26.083000 24.323400 
139 2 17.204500 14.470500 18.438000 
950 1 19.145000 19.889300 13.880900 
1697 1 14.831400 22.541500 17.756400 
1293 1 18.733900 24.559900 13.858600 
1183 2 24.262500 14.433900 24.319200 
1661 1 23.289900 19.054700 24.463100 
1523 2 23.187600 13.407100 17.928300 
698 1 24.778700 13.761800 17.821200 
1111 2 20.036200 14.775600 20.011300 
127 2 24.974500 13.958100 18.216500 
37 1 23.478400 25.201800 22.332800 
1453 1 24.458100 17.218700 26.025800 
644 2 17.416100 20.880100 15.011500 
436 2 24.317000 19.313300 17.626900 
428 2 25.787900 20.626400 25.350500 
1630 1 22.637300 22.118200 19.004000 
1876 2 22.417700 23.544700 16.109100 
1627 2 17.979800 17.043800 20.651100 
1468 2 20.589200 22.939400 20.176900 
1549 1 21.258900 16.341000 26.032000 
1689 1 20.834900 18.378600 22.746000 
691 2 14.075600 15.384600 22.343300 
1385 1 21.253400 21.280300 18.050800 
399 2 25.083700 19.946200 16.765700 
326 1 15.742900 24.121700 23.620800 
1869 1 22.017900 18.481100 18.228800 
1399 2 22.033300 18.065900 24.511700 
1054 1 23.622600 13.770500 21.540700 
1599 2 20.306900 19.690600 17.797600 
689 1 22.151200 21.591700 26.476900 
77 1 24.259100 19.473700 16.736500 
792 2 18.818800 17.167200 21.822600 
215 2 16.163000 18.943000 22.498800 
180 2 15.014200 22.169300 24.870300 
1766 1 15.843200 13.744600 18.938100 
1976 2 20.395600 26.520700 14.904200 
346 1 13.960100 20.813800 20.730200 
1797 1 25.899400 20.614200 13.777300 
55 2 14.548600 13.357000 20.490700 
1408 2 18.093300 22.370200 20.491300 
221 1 25.659400 15.442400 17.655300 
1560 2 14.877900 19.797200 20.242300 
881 1 18.493300 14.530600 15.867000 
852 2 22.185500 19.077700 16.341400 
1486 1 14.467700 25.027400 14.322000 
1156 2 26.223700 24.684600 23.382000 
1204 2 17.604500 24.566900 21.881200 
173 1 18.315000 18.818000 14.163000 
781 1 17.578700 19.804200 19.762300 
1391 2 25.962500 24.056100 17.058100 
890 1 26.173700 20.982600 24.824700 
900 2 24.657400 23.241000 16.555400 
1287 2 26.044400 22.115200 18.936300 
1247 2 21.413300 23.441700 14.641800 
223 2 20.508500 23.030000 20.972000 
1041 1 17.818900 22.807800 22.069200 
802 1 13.581900 17.286000 20.401900 
836 2 23.406600 13.598100 17.050900 
1635 2 21.003900 16.631800 17.702300 
1815 2 18.043200 16.266000 15.896500 
1603 2 24.800200 23.670700 13.888300 
1078 1 24.131000 17.679400 17.681200 
1763 2 22.327500 18.343600 19.739600 
1685 1 14.910700 24.751500 19.102700 
454 1 22.525200 16.335900 24.511800 
13 1 13.334600 26.302400 13.572800 
455 2 17.873200 25.772000 18.833900 
1999 2 18.950600 19.818600 20.963600 
584 2 13.868700 18.773600 17.336900 
366 1 21.884900 23.764300 20.407400 
896 2 24.146600 20.687900 18.801900 
1095 2 23.949100 25.842000 24.423300 
1090 1 23.719800 14.772100 19.039900 
106 1 13.711200 16.122900 22.508300 
181 1 24.573800 24.987700 20.205000 
703 2 21.848100 13.735400 16.770600 
916 2 17.079100 20.015800 16.921600 
400 2 20.028400 14.335700 14.856600 
580 2 25.322400 25.876200 16.040500 
1637 1 16.961700 14.168400 17.910200 
219 2 15.074800 25.104600 15.880000 
1476 2 21.592700 21.929200 18.542000 
1515 2 15.478900 19.401700 18.756200 
1101 1 21.746200 16.354100 17.344600 
553 1 22.123600 22.759800 13.865600 
1719 2 23.910600 25.694200 16.353100 
1290 1 19.178900 25.766000 26.291800 
1176 2 15.412900 23.123600 19.828400 
124 2 23.616600 16.760700 19.656900 
487 2 21.540900 22.618800 18.278200 
981 1 22.416800 21.268700 23.006000 
1864 2 20.928700 14.150400 19.601200 
926 1 26.835300 18.695800 26.030000 
583 2 20.161000 16.101000 24.106400 
304 2 21.896400 17.674400 23.857200 
242 1 16.283200 17.594900 21.666000 
1687 2 17.352600 16.305700 20.219700 
1393 1 21.750100 17.538900 15.902500 
1281 1 19.070100 17.424400 15.423200 
922 1 25.390500 25.123600 17.665200 
311 2 15.269300 16.393100 17.725700 
1970 1 15.346200 19.703700 18.835500 
1818 1 17.884000 17.502400 20.319500 
898 1 18.590900 22.760700 17.349500 
419 2 14.527600 25.419900 19.911000 
671 2 20.935400 21.334300 13.919600 
1152 2 21.026900 24.617300 24.623800 
1992 2 16.731500 16.880700 19.240200 
1806 1 23.835500 17.209200 20.029000 
1220 2 22.212800 22.907500 24.618200 
1128 2 18.269000 14.117900 21.576400 
107 2 24.485500 22.032800 23.004600 
1958 1 24.418700 18.543700 14.585600 
1770 1 16.124900 21.322400 14.815200 
1572 2 15.116100 22.112000 14.563300 
1562 1 14.447700 15.193300 23.903000 
227 2 21.966900 13.745600 22.769400 
1411 2 15.992700 22.636300 20.265300 
1441 1 15.080600 13.772300 21.127400 
1926 1 18.297400 15.874900 19.711200 
1604 2 15.821700 19.901100 21.277300 
1367 2 15.707700 24.008200 17.212500 
522 1 26.568800 26.024700 23.132500 
1325 1 16.395200 23.762900 16.141900 
1946 1 20.626500 23.152200 19.863200 
1901 1 19.403800 16.753500 21.462400 
1938 1 14.008000 17.934300 25.959200 
789 1 20.838000 13.711500 19.629300 
1535 2 19.618600 25.238800 14.150500 
296 2 24.411600 24.565200 19.884500 
435 2 13.633900 21.448100 21.232000 
1375 2 14.718400 13.580300 24.664200 
991 2 25.271900 26.077100 21.987600 
1235 2 22.664000 25.935600 19.447300 
646 1 15.240000 20.470200 23.361400 
876 2 24.818400 18.556900 16.118900 
973 1 20.926000 21.730800 23.691400 
305 1 21.089400 14.569500 25.149700 
1961 1 20.144200 15.429000 15.016500 
105 1 21.490400 23.076000 18.022800 
620 2 15.201700 20.921800 21.348400 
557 1 18.058500 14.313600 21.012100 
1633 1 22.404800 13.885500 16.666400 
413 1 18.840300 18.685600 22.291800 
1740 2 15.586000 23.363500 14.127200 
483 2 18.533500 24.721300 16.229000 
844 2 18.808900 19.148700 18.927200 
555 2 15.290900 26.489700 21.755100 
1134 1 24.529000 14.264100 15.568800 
149 1 13.925700 23.408900 23.360200 
1874 1 14.411200 25.053700 20.744400 
385 1 15.500500 26.195600 25.547900 
1271 2 14.655200 14.442100 26.554900 
343 2 22.543400 13.877400 20.136800 
144 2 13.755700 19.023100 14.800600 
1243 2 21.379800 22.405000 22.938600 
1929 1 19.266400 23.239300 14.769100 
931 2 19.261900 19.146600 14.019100 
165 1 20.404000 15.982600 17.563300 
1162 1 15.508900 13.509500 16.313000 
464 2 24.954400 14.770400 13.438200 
137 1 26.357200 21.552200 18.446400 
1352 2 15.210300 13.463000 15.655400 
1575 2 19.447900 19.268000 15.811800 
682 1 18.227300 25.371100 24.627900 
1421 1 26.133100 20.286800 22.816000 
59 2 25.167500 26.011500 19.879600 
1729 1 24.055800 19.447600 22.869100 
613 1 20.810100 22.740700 26.347600 
972 2 15.922800 23.952400 16.873300 
1883 2 19.683900 15.019600 14.510500 
361 1 20.482400 25.409000 17.879600 
1824 2 20.616100 25.280800 17.867800 
213 1 13.962400 14.201400 14.990600 
1363 2 18.937800 21.284800 24.068500 
1646 1 15.316000 23.286600 14.773900 
1216 2 13.847600 24.689200 21.161500 
1055 2 24.992500 21.230000 25.190800 
117 1 25.350600 20.422100 17.503000 
386 1 24.807200 23.295500 13.349400 
1403 2 13.423600 16.309400 19.996600 
653 1 13.500200 16.703900 14.422900 
481 1 14.248200 26.367800 22.775100 
277 1 13.972700 17.786200 17.970400 
72 2 19.159700 24.361900 13.720200 
996 2 19.339300 17.725500 14.016300 
