id type x y z 
1061 1 12.634500 7.968300 0.890872 
910 1 12.794800 10.757600 3.085600 
848 2 10.160300 6.316490 3.785270 
847 2 10.160300 6.316490 3.785270 
320 2 3.586420 12.375100 10.003000 
52 2 0.653476 3.023290 5.472020 
715 2 8.881350 11.913000 8.028330 
498 1 5.305030 12.774400 12.486300 
862 1 10.531200 6.518270 12.055200 
418 1 7.843660 0.761037 12.827900 
49 1 0.547126 3.156810 5.873270 
208 2 2.033780 2.146420 2.642370 
696 2 5.637140 10.350600 7.665880 
207 2 2.033780 2.146420 2.642370 
695 2 5.637140 10.350600 7.665880 
45 1 1.977660 6.044700 3.069530 
694 1 5.863090 11.070200 7.194460 
703 2 6.356820 12.321800 1.056490 
693 1 5.480460 9.912690 8.060420 
1046 1 12.817900 5.327910 0.538615 
34 1 1.879770 1.699220 8.307850 
281 1 1.657260 8.203630 0.279075 
55 2 2.100640 5.413170 7.539640 
56 2 2.100640 5.413170 7.539640 
441 1 5.538250 3.660770 12.789200 
81 1 1.430960 9.876180 9.940740 
289 1 0.681052 12.326000 2.656870 
1298 1 12.834600 8.191610 8.544530 
644 2 8.177650 4.917280 0.243779 
497 1 6.499480 13.316100 12.751300 
682 1 6.737970 11.018100 11.348600 
54 1 1.613820 5.264690 7.141370 
214 1 5.993410 2.548010 8.961010 
83 2 0.941726 10.191500 10.412900 
47 2 2.038850 5.953030 3.632830 
36 2 2.384170 1.338600 8.376630 
463 2 6.721690 7.192350 12.278800 
702 1 6.820260 12.652800 0.767439 
822 1 9.279250 3.394850 2.400670 
668 2 6.273480 8.325650 1.837260 
667 2 6.273480 8.325650 1.837260 
48 2 2.038850 5.953030 3.632830 
901 1 10.366500 10.645200 10.553100 
641 1 8.776460 4.944260 0.185256 
683 2 7.161040 10.535500 11.082300 
457 1 4.730060 4.956670 0.336802 
1043 2 12.900400 3.866680 12.902200 
205 1 2.669450 2.375220 2.991280 
896 2 10.985800 9.609420 6.096890 
895 2 10.985800 9.609420 6.096890 
35 2 2.384170 1.338600 8.376630 
894 1 11.437800 9.718040 5.531790 
893 1 10.638800 9.474000 6.671860 
213 1 6.352570 2.142730 7.784520 
716 2 8.881350 11.913000 8.028330 
704 2 6.356820 12.321800 1.056490 
701 1 5.806520 11.902500 1.318420 
846 1 9.911200 6.875590 4.489990 
845 1 10.304300 6.004420 3.319790 
225 1 5.930810 2.335340 2.367250 
226 1 4.981890 1.725470 1.720720 
227 2 5.403020 1.974580 2.016020 
228 2 5.403020 1.974580 2.016020 
229 1 7.313910 1.154140 4.415130 
230 1 8.588290 1.382130 3.947970 
231 2 7.846980 1.316180 4.281250 
232 2 7.846980 1.316180 4.281250 
233 1 7.539670 5.061200 7.323010 
234 1 8.597250 4.885760 6.412140 
235 2 8.074390 4.977270 6.784170 
236 2 8.074390 4.977270 6.784170 
237 1 0.848266 2.015760 11.626000 
22 1 0.055010 -0.026062 0.220002 
239 2 0.978618 2.304200 11.147700 
240 2 0.978618 2.304200 11.147700 
1044 2 12.900400 3.866680 12.902200 
713 1 8.419720 11.576100 8.366010 
1062 1 11.364700 8.006540 0.323940 
249 1 3.814750 3.173260 5.323730 
250 1 4.703930 4.229840 4.691050 
251 2 4.296290 3.649200 4.979240 
252 2 4.296290 3.649200 4.979240 
257 1 4.483630 4.176180 10.409300 
258 1 3.870950 5.366000 10.801500 
259 2 4.239550 4.710970 10.591000 
260 2 4.239550 4.710970 10.591000 
424 2 4.752920 0.862939 11.138500 
79 2 0.623044 5.960940 11.356100 
77 1 1.020360 5.194270 11.467300 
265 1 3.220040 10.702600 2.588410 
266 1 4.047190 9.629410 2.911290 
267 2 3.624450 10.157100 2.744840 
268 2 3.624450 10.157100 2.744840 
269 1 1.068100 9.057970 4.969900 
270 1 0.395418 8.172350 4.448280 
271 2 0.746699 8.551500 4.679000 
272 2 0.746699 8.551500 4.679000 
277 1 3.031520 8.531030 10.960600 
278 1 4.331940 8.432840 10.344100 
279 2 3.672580 8.423550 10.499600 
280 2 3.672580 8.423550 10.499600 
238 1 1.122070 2.472780 10.448000 
78 1 0.106548 6.481630 11.511100 
828 2 10.746000 2.858220 5.499260 
833 1 12.998200 0.335755 6.564760 
909 1 13.042900 10.438000 1.789880 
912 2 12.989800 10.519800 2.550400 
459 2 4.625410 5.491300 0.696406 
938 1 11.893000 12.217900 8.116480 
319 2 3.586420 12.375100 10.003000 
291 2 0.713946 11.662200 2.967250 
292 2 0.713946 11.662200 2.967250 
290 1 0.733081 11.153300 3.049710 
864 2 11.074300 6.935990 12.102700 
643 2 8.177650 4.917280 0.243779 
461 1 6.851100 6.678180 11.780000 
827 2 10.746000 2.858220 5.499260 
826 1 10.958100 2.706070 6.097420 
421 1 4.324850 1.176240 10.834700 
1297 1 12.914200 9.452220 9.155470 
876 2 9.202280 7.991870 9.258550 
53 1 2.629280 5.553810 7.926700 
875 2 9.202280 7.991870 9.258550 
874 1 8.641170 8.360730 9.024890 
937 1 12.108400 12.505300 9.389900 
873 1 9.871460 7.704820 9.705350 
872 2 8.040320 8.808760 5.133280 
33 1 3.120160 0.809568 8.296650 
871 2 8.040320 8.808760 5.133280 
870 1 8.479110 9.260930 4.630090 
861 1 11.518100 7.364700 12.339500 
869 1 7.837740 8.413930 5.612750 
868 2 9.379410 10.700000 2.555470 
823 2 9.863190 2.891520 2.222110 
825 1 10.517600 3.146560 4.967760 
82 1 0.466368 10.290500 10.784500 
437 1 8.169850 4.413550 9.874540 
438 1 8.366360 3.909710 11.050700 
439 2 8.284950 4.155460 10.456400 
440 2 8.284950 4.155460 10.456400 
206 1 1.618950 1.874740 2.399710 
317 1 3.905290 12.909400 9.900540 
902 1 10.494400 9.921510 11.625200 
50 1 0.814910 2.859070 4.714020 
51 2 0.653476 3.023290 5.472020 
417 1 8.189800 0.688235 11.464000 
469 1 4.841880 7.323770 5.122380 
470 1 4.324600 8.520010 5.561290 
471 2 4.631450 7.832040 5.332760 
472 2 4.631450 7.832040 5.332760 
473 1 1.770540 9.109640 7.131690 
474 1 2.732740 9.250330 8.125370 
475 2 2.331950 9.190460 7.654910 
476 2 2.331950 9.190460 7.654910 
477 1 5.879860 6.903570 7.452150 
478 1 5.282390 6.280240 8.383470 
479 2 5.581040 6.535440 7.961820 
480 2 5.581040 6.535440 7.961820 
422 1 5.378820 0.615166 11.511900 
853 1 11.708000 6.407770 6.814570 
854 1 11.870600 5.771220 7.976030 
485 1 5.272820 12.067800 4.843010 
486 1 6.739540 11.715600 4.858740 
487 2 6.119780 11.965600 4.731320 
488 2 6.119780 11.965600 4.731320 
493 1 2.696580 11.858400 6.403750 
494 1 1.972610 11.508500 5.198050 
495 2 2.309880 11.641900 5.754700 
496 2 2.309880 11.641900 5.754700 
1063 2 12.037100 7.963040 0.568485 
904 2 10.522300 10.316900 11.139200 
499 2 6.079590 13.008300 12.554400 
500 2 6.079590 13.008300 12.554400 
681 1 7.545590 10.207000 10.830600 
867 2 9.379410 10.700000 2.555470 
866 1 8.848690 10.762800 2.879310 
684 2 7.161040 10.535500 11.082300 
824 2 9.863190 2.891520 2.222110 
423 2 4.752920 0.862939 11.138500 
863 2 11.074300 6.935990 12.102700 
865 1 9.993900 10.736500 2.026830 
836 2 12.742400 0.196378 7.111810 
46 1 1.970220 5.877600 4.293760 
714 1 9.424130 12.191900 7.702100 
464 2 6.721690 7.192350 12.278800 
211 2 4.948630 0.147577 5.447400 
914 1 13.361100 12.877000 5.310010 
318 1 3.236520 11.635500 10.117100 
1064 2 12.037100 7.963040 0.568485 
806 1 11.390200 0.481563 -0.180910 
209 1 4.991750 0.772775 5.214140 
911 2 12.989800 10.519800 2.550400 
1299 2 12.889800 8.851760 8.826710 
212 2 4.948630 0.147577 5.447400 
855 2 11.834700 6.061100 7.318980 
856 2 11.834700 6.061100 7.318980 
633 1 9.939110 1.615600 8.753000 
634 1 8.719670 1.296960 8.112080 
635 2 9.301700 1.422940 8.345180 
636 2 9.301700 1.422940 8.345180 
637 1 11.932700 0.168368 12.501300 
638 1 11.004800 0.648405 11.664900 
639 2 11.496200 0.483487 12.095300 
640 2 11.496200 0.483487 12.095300 
835 2 12.742400 0.196378 7.111810 
216 2 6.136460 2.394080 8.348060 
282 1 2.062740 8.983460 1.240380 
645 1 6.848670 5.001860 3.121720 
646 1 7.308160 4.429950 4.158970 
647 2 7.027860 4.712010 3.552290 
648 2 7.027860 4.712010 3.552290 
653 1 11.493400 3.444140 10.174000 
654 1 12.152700 2.932800 9.034370 
655 2 11.721200 3.201480 9.544540 
656 2 11.721200 3.201480 9.544540 
215 2 6.136460 2.394080 8.348060 
881 1 8.884040 8.384930 0.515545 
821 1 10.318000 2.564840 2.065240 
665 1 6.291830 8.744020 2.257330 
666 1 6.415340 7.999420 1.208010 
458 1 4.402390 6.068270 1.184720 
903 2 10.522300 10.316900 11.139200 
80 2 0.623044 5.960940 11.356100 
284 2 1.899660 8.539600 0.541840 
462 1 6.630150 7.811920 12.818700 
419 2 7.972140 0.761887 12.179200 
420 2 7.972140 0.761887 12.179200 
84 2 0.941726 10.191500 10.412900 
460 2 4.625410 5.491300 0.696406 
283 2 1.899660 8.539600 0.541840 
940 2 11.963700 12.360500 8.681130 
1300 2 12.889800 8.851760 8.826710 
939 2 11.963700 12.360500 8.681130 
222 1 2.250000 3.480140 0.005694 
1041 1 13.453100 3.849530 12.204500 
1102 1 10.998900 11.939600 -0.150792 
808 2 10.930500 0.454302 0.263447 
807 2 10.930500 0.454302 0.263447 
1066 1 13.037200 7.845890 4.490950 
805 1 10.522000 0.423233 0.770644 
321 1 2.725500 12.217300 13.095400 
285 1 3.000510 12.803400 0.778224 
288 2 2.844360 12.289200 0.285393 
642 1 7.491810 4.874420 0.317466 
287 2 2.844360 12.289200 0.285393 
504 2 8.575950 11.794800 14.474400 
503 2 8.575950 11.794800 14.474400 
11 2 2.756600 0.352064 16.605200 
12 2 2.756600 0.352064 16.605200 
664 2 8.721850 8.656220 15.064800 
629 1 5.135330 0.777904 21.918600 
1194 1 10.204200 0.946696 23.010000 
1076 2 10.219900 8.716390 18.428600 
1075 2 10.219900 8.716390 18.428600 
501 1 8.726230 11.363500 14.016700 
1072 2 11.601600 6.453130 15.648300 
621 1 11.448700 2.981510 15.767100 
403 2 5.328970 0.240797 14.733700 
93 1 1.218440 8.766220 16.627500 
44 2 0.042874 5.680250 14.737700 
818 1 11.188500 3.614230 24.397300 
409 1 5.946490 0.121340 18.815800 
442 1 6.228510 3.402600 13.994200 
482 1 5.060060 9.849520 25.000800 
502 1 8.730980 12.098100 15.056400 
404 2 5.328970 0.240797 14.733700 
858 1 9.744840 4.151350 13.808100 
1097 1 12.818800 9.639690 24.239900 
789 1 8.641910 0.452484 19.114200 
1105 1 12.511400 12.907100 16.313100 
95 2 0.600011 8.587690 17.036600 
96 2 0.600011 8.587690 17.036600 
94 1 0.250173 8.370630 17.291000 
103 2 2.067370 10.139600 22.841100 
434 1 3.736960 1.701210 19.315700 
111 2 2.041560 13.179200 20.766900 
662 1 8.963790 8.150240 15.102500 
622 1 10.609400 1.947260 15.286900 
58 1 0.075939 5.852790 25.861000 
1101 1 10.680000 10.645500 25.985500 
112 2 2.041560 13.179200 20.766900 
1096 2 11.608300 12.202500 22.937400 
322 1 3.104380 13.170700 13.890800 
1053 1 11.457200 6.138140 20.864500 
444 2 5.950750 3.530220 13.497000 
623 2 11.035900 2.437620 15.556600 
1099 2 12.919800 8.989310 24.094200 
241 1 2.763560 2.762820 13.733300 
1098 1 13.080900 8.299670 24.170100 
301 1 1.654360 9.109480 14.029900 
43 2 0.042874 5.680250 14.737700 
297 1 1.234700 7.648660 20.143200 
253 1 1.352280 4.628130 22.169500 
254 1 2.339100 4.098240 21.542200 
255 2 1.844840 4.345280 21.803300 
256 2 1.844840 4.345280 21.803300 
261 1 3.440410 5.408450 14.092600 
273 1 3.930490 8.757100 17.310700 
274 1 3.569540 8.054410 16.186100 
275 2 3.796700 8.355440 16.750200 
276 2 3.796700 8.355440 16.750200 
539 2 4.945050 12.385300 19.251700 
538 1 4.317530 12.351000 19.232300 
1250 1 13.205300 6.665420 18.536100 
299 2 0.951905 7.590140 20.756200 
300 2 0.951905 7.590140 20.756200 
899 2 8.370090 12.301400 24.468200 
624 2 11.035900 2.437620 15.556600 
900 2 8.370090 12.301400 24.468200 
218 1 1.808320 0.714852 22.851100 
401 1 5.229290 0.978766 14.914700 
817 1 10.653000 2.614960 25.074400 
303 2 2.270720 9.007240 14.010900 
820 2 10.911000 3.161920 24.737800 
1398 1 13.160300 2.176060 23.368700 
1054 1 12.574300 6.168620 21.665000 
630 1 6.266920 1.274150 22.556300 
1093 1 11.560600 12.657700 22.923500 
859 2 9.177030 4.653280 13.876100 
443 2 5.950750 3.530220 13.497000 
306 1 2.365900 11.253900 16.870500 
830 1 11.502000 0.987498 18.287700 
466 1 5.739450 10.678600 14.019100 
1042 1 12.420000 4.066910 13.559600 
429 1 3.881410 3.666010 17.234700 
430 1 4.814160 3.419210 16.377200 
431 2 4.488400 3.512750 16.785200 
432 2 4.488400 3.512750 16.785200 
433 1 2.779320 2.244360 19.932400 
790 1 8.276560 1.373270 20.044900 
435 2 3.196440 2.056890 19.565700 
436 2 3.196440 2.056890 19.565700 
815 2 11.957200 3.058700 20.721400 
445 1 6.781780 6.272720 17.143100 
446 1 6.885120 6.962410 16.064800 
447 2 6.816720 6.569280 16.708300 
448 2 6.816720 6.569280 16.708300 
449 1 1.917770 6.146190 17.990700 
450 1 1.611550 4.982370 17.944800 
451 2 1.805410 5.511500 17.955800 
452 2 1.805410 5.511500 17.955800 
453 1 3.396340 6.879200 23.399600 
454 1 2.461070 6.845050 24.297200 
455 2 2.852300 6.822030 23.854300 
456 2 2.852300 6.822030 23.854300 
1894 1 0.280660 10.165300 20.133600 
1252 2 13.201300 7.327800 18.307300 
1070 1 11.222600 6.361710 15.361700 
101 1 1.788960 10.529100 22.396800 
1071 2 11.601600 6.453130 15.648300 
465 1 5.574540 9.791250 14.919800 
1104 2 10.892000 11.244600 26.279100 
467 2 5.627780 10.127300 14.556800 
468 2 5.627780 10.127300 14.556800 
262 1 3.889050 6.586550 13.750200 
489 1 4.658950 9.968220 19.491100 
490 1 4.278300 9.010370 20.305300 
491 2 4.438600 9.493930 19.853400 
492 2 4.438600 9.493930 19.853400 
1074 1 9.849780 9.063560 18.945900 
819 2 10.911000 3.161920 24.737800 
298 1 0.757824 7.390250 21.401000 
304 2 2.270720 9.007240 14.010900 
1069 1 12.335900 6.697480 16.075100 
537 1 5.559940 12.386600 19.284000 
1055 2 12.021000 6.148190 21.201700 
613 1 6.841430 1.189250 25.893200 
615 2 7.305850 1.708220 26.095200 
616 2 7.305850 1.708220 26.095200 
308 2 2.973050 11.472000 16.782900 
625 1 7.726740 2.192800 15.723900 
626 1 7.888820 1.314110 16.678200 
627 2 7.739380 1.762040 16.217900 
628 2 7.739380 1.762040 16.217900 
898 1 7.950990 12.542300 24.177200 
1040 2 12.895300 10.403400 20.527500 
631 2 5.808810 1.117950 22.286300 
632 2 5.808810 1.117950 22.286300 
614 1 7.668230 2.197150 26.204300 
649 1 4.713940 6.586210 20.333300 
650 1 4.023560 5.505630 19.998700 
651 2 4.377450 6.126880 20.237800 
652 2 4.377450 6.126880 20.237800 
657 1 4.652360 4.180610 24.138700 
658 1 4.848670 3.345730 23.200700 
659 2 4.701310 3.836990 23.746200 
660 2 4.701310 3.836990 23.746200 
661 1 8.312040 9.289670 15.071300 
669 1 8.008150 6.663410 19.348300 
670 1 7.728160 7.156990 20.764600 
671 2 7.970860 6.943030 20.141500 
672 2 7.970860 6.943030 20.141500 
673 1 9.558070 9.895390 23.112500 
674 1 9.989030 8.875060 22.345200 
675 2 9.749650 9.297350 22.644400 
676 2 9.749650 9.297350 22.644400 
677 1 6.522550 6.540050 23.687200 
678 1 6.625780 7.116370 24.863500 
679 2 6.535120 6.844730 24.268600 
680 2 6.535120 6.844730 24.268600 
816 2 11.957200 3.058700 20.721400 
685 1 6.328900 10.352200 17.592000 
686 1 7.573720 9.903070 17.992800 
687 2 7.010230 10.127500 17.860000 
688 2 7.010230 10.127500 17.860000 
1073 1 10.591500 8.301900 18.056300 
1056 2 12.021000 6.148190 21.201700 
1251 2 13.201300 7.327800 18.307300 
305 1 3.566250 11.576200 16.600700 
697 1 5.691710 10.050800 22.251700 
698 1 6.773490 10.230000 22.854800 
699 2 6.220960 10.086000 22.571500 
700 2 6.220960 10.086000 22.571500 
104 2 2.067370 10.139600 22.841100 
663 2 8.721850 8.656220 15.064800 
1039 2 12.895300 10.403400 20.527500 
1082 1 12.239600 10.111200 13.995100 
860 2 9.177030 4.653280 13.876100 
484 2 4.610380 9.455270 25.392900 
483 2 4.610380 9.455270 25.392900 
857 1 8.501470 4.994000 13.828400 
897 1 8.935580 12.250000 24.864500 
1095 2 11.608300 12.202500 22.937400 
814 1 11.921800 2.442610 20.722600 
842 1 9.107920 3.664510 18.476400 
242 1 1.808010 3.183220 14.708400 
481 1 4.127640 9.099720 25.652500 
1081 1 11.188900 10.654300 14.459200 
1195 2 9.934390 0.274001 23.047000 
1038 1 12.605500 10.917200 20.477800 
829 1 12.049900 -0.115392 19.038800 
1037 1 13.123000 9.829220 20.862700 
831 2 11.822900 0.494501 18.579800 
832 2 11.822900 0.494501 18.579800 
837 1 8.273780 3.461260 22.944400 
838 1 8.686670 3.833140 21.723000 
839 2 8.486990 3.665410 22.295200 
840 2 8.486990 3.665410 22.295200 
841 1 9.921470 4.455380 17.803600 
849 1 6.630110 3.810790 19.051800 
850 1 6.464700 3.523400 20.327300 
851 2 6.542070 3.662410 19.701600 
852 2 6.542070 3.662410 19.701600 
102 1 2.407500 9.662470 23.298500 
877 1 10.095100 6.211870 23.803200 
878 1 10.936700 6.095210 24.842000 
879 2 10.590300 6.162140 24.353800 
880 2 10.590300 6.162140 24.353800 
1103 2 10.892000 11.244600 26.279100 
885 1 10.105100 10.901000 17.442200 
886 1 9.950010 12.165800 17.162300 
887 2 10.071400 11.649500 17.319400 
888 2 10.071400 11.649500 17.319400 
889 1 8.364120 11.758000 20.247000 
890 1 9.054860 12.805800 21.101500 
891 2 8.670120 12.371300 20.594000 
892 2 8.670120 12.371300 20.594000 
1083 2 11.749000 10.352700 14.206600 
42 1 0.472065 5.912150 14.430200 
286 1 2.630930 11.705600 26.449000 
90 1 0.145663 11.806500 15.090400 
1100 2 12.919800 8.989310 24.094200 
882 1 8.797570 8.652870 25.744600 
307 2 2.973050 11.472000 16.782900 
223 2 2.307630 3.144730 25.868900 
224 2 2.307630 3.144730 25.868900 
243 2 2.361490 3.036150 14.230600 
844 2 9.560210 4.170340 18.168500 
843 2 9.560210 4.170340 18.168500 
244 2 2.361490 3.036150 14.230600 
263 2 3.757070 6.101010 13.947300 
264 2 3.757070 6.101010 13.947300 
540 2 4.945050 12.385300 19.251700 
1084 2 11.749000 10.352700 14.206600 
813 1 11.736600 3.809540 20.736800 
221 1 2.363180 2.977030 25.417200 
792 2 8.505870 1.022450 19.549400 
791 2 8.505870 1.022450 19.549400 
1196 2 9.934390 0.274001 23.047000 
883 2 8.798660 8.534480 26.384300 
110 1 2.244640 13.084700 20.191000 
220 2 2.248430 0.104724 23.050700 
10 1 2.505640 0.922124 16.569600 
1094 1 11.840700 11.395300 22.851900 
219 2 2.248430 0.104724 23.050700 
884 2 8.798660 8.534480 26.384300 
302 1 2.905860 8.853070 14.025000 
1122 1 11.717200 13.360400 13.627100 
581 1 3.484560 0.410420 26.181000 
324 2 2.898670 12.519300 13.380000 
323 2 2.898670 12.519300 13.380000 
148 2 0.737332 17.923000 2.313820 
151 2 1.241710 21.854700 4.551200 
313 1 2.972660 15.066800 8.111730 
202 1 1.358260 23.793100 2.607980 
1140 2 12.912000 14.381800 -0.208348 
150 1 0.758739 21.601600 4.128510 
201 1 1.193520 24.619300 1.558690 
138 1 1.778320 16.575500 11.751500 
139 2 1.719970 16.068200 11.444900 
140 2 1.719970 16.068200 11.444900 
586 1 4.376120 24.448000 3.009040 
1124 2 11.547900 13.781600 13.045200 
146 1 0.043371 18.048100 2.138480 
612 2 11.084400 25.839000 3.847430 
381 1 5.859590 23.640700 11.634300 
584 2 3.678620 26.300800 -0.018583 
562 1 6.643350 21.776700 0.667303 
604 2 7.379860 25.934700 1.716050 
198 1 2.628870 24.704700 9.940130 
603 2 7.379860 25.934700 1.716050 
154 1 0.429854 18.738200 9.614150 
542 1 5.368350 18.170000 -0.322953 
514 1 5.566460 13.990400 6.545970 
1125 1 12.586100 18.534900 0.856234 
383 2 5.552600 24.127500 12.013200 
744 2 8.411380 17.456900 0.695491 
763 2 6.731150 19.201400 3.248200 
802 1 12.958200 23.555400 12.581100 
520 2 9.471950 14.870800 9.430770 
519 2 9.471950 14.870800 9.430770 
316 2 2.459410 14.894000 8.051950 
199 2 3.318620 24.573400 9.879970 
200 2 3.318620 24.573400 9.879970 
617 1 10.392800 25.256900 9.323960 
141 1 1.743800 21.202700 7.549430 
741 1 8.652290 18.221300 0.647688 
143 2 1.838070 21.130700 8.151750 
144 2 1.838070 21.130700 8.151750 
309 1 1.750110 15.526100 5.184290 
512 2 3.531690 13.858100 3.390090 
834 1 12.410900 26.593700 7.821180 
382 1 5.265320 24.683300 12.293000 
611 2 11.084400 25.839000 3.847430 
610 1 10.895600 26.249700 4.341990 
329 1 0.463442 19.279200 6.453640 
2000 2 0.332844 24.342400 7.945090 
331 2 0.660588 18.628700 6.070860 
332 2 0.660588 18.628700 6.070860 
315 2 2.459410 14.894000 8.051950 
929 1 11.598500 13.732600 2.422110 
620 2 11.048700 24.931000 9.329210 
349 1 3.771890 20.468600 5.911200 
350 1 4.362590 20.348900 4.778950 
351 2 4.077000 20.407800 5.276340 
352 2 4.077000 20.407800 5.276340 
353 1 3.461050 18.910400 10.275800 
354 1 3.096560 18.188900 9.234380 
355 2 3.343500 18.618800 9.709490 
356 2 3.343500 18.618800 9.709490 
357 1 5.189960 20.119700 12.353300 
358 1 6.376910 20.472100 11.905700 
359 2 5.778610 20.308600 12.081300 
360 2 5.778610 20.308600 12.081300 
958 1 10.491500 16.557200 12.527100 
363 2 2.484710 22.001300 12.183700 
364 2 2.484710 22.001300 12.183700 
365 1 3.618510 21.483300 1.966270 
366 1 2.653080 20.484900 1.927280 
367 2 3.300650 20.995400 1.904360 
368 2 3.300650 20.995400 1.904360 
369 1 5.073660 21.451000 9.760470 
370 1 5.339000 22.598100 9.132500 
371 2 5.140880 21.978200 9.389070 
372 2 5.140880 21.978200 9.389070 
609 1 11.189400 25.416900 3.328340 
29 1 1.351910 25.803000 4.712720 
31 2 1.694550 26.123400 5.123940 
389 1 2.844700 23.640100 7.418830 
149 1 1.751580 22.137400 5.022990 
391 2 3.286010 23.779100 6.557940 
392 2 3.286010 23.779100 6.557940 
393 1 6.140030 26.137800 8.810240 
394 1 6.107180 24.883300 8.291820 
395 2 6.161040 25.394700 8.567660 
396 2 6.161040 25.394700 8.567660 
712 2 9.844470 13.888300 5.344310 
147 2 0.737332 17.923000 2.313820 
1168 2 12.406800 20.937000 3.235910 
425 1 2.434460 26.207500 12.221200 
204 2 1.189750 24.221800 2.051900 
619 2 11.048700 24.931000 9.329210 
361 1 1.858240 21.852100 12.558900 
525 1 4.182390 16.877400 2.733110 
526 1 4.133380 17.057600 1.452550 
527 2 4.172270 17.011200 2.040080 
528 2 4.172270 17.011200 2.040080 
529 1 4.059920 17.378400 5.327260 
530 1 4.001840 16.062100 5.381460 
531 2 4.062870 16.712900 5.355580 
532 2 4.062870 16.712900 5.355580 
533 1 5.590890 16.099300 10.104700 
534 1 6.159250 14.850000 10.234300 
535 2 5.728560 15.521900 10.122200 
536 2 5.728560 15.521900 10.122200 
1126 1 12.287900 17.208900 1.066670 
1123 2 11.547900 13.781600 13.045200 
515 2 5.717730 14.206900 7.048490 
553 1 7.604920 19.469700 8.334430 
554 1 6.329660 19.456900 7.872150 
555 2 6.920820 19.397300 7.984820 
556 2 6.920820 19.397300 7.984820 
561 1 7.092180 22.846300 1.296550 
563 2 6.888320 22.274400 0.976487 
564 2 6.888320 22.274400 0.976487 
569 1 6.413640 22.084200 5.704760 
570 1 6.792340 23.199800 6.232420 
571 2 6.639000 22.677900 5.960820 
572 2 6.639000 22.677900 5.960820 
362 1 3.055380 22.388100 11.719200 
907 2 9.215550 14.362500 1.189560 
390 1 3.541920 23.792600 6.178330 
1178 1 12.316800 21.687600 0.063496 
587 2 4.769560 24.000100 3.197320 
511 2 3.531690 13.858100 3.390090 
709 1 10.084100 13.703500 4.643800 
593 1 8.829300 24.748700 6.469790 
594 1 8.855730 25.993700 6.879630 
595 2 8.875660 25.322600 6.609370 
596 2 8.875660 25.322600 6.609370 
312 2 1.228860 15.121800 5.110120 
908 2 9.215550 14.362500 1.189560 
618 1 11.547300 24.537900 9.248680 
311 2 1.228860 15.121800 5.110120 
583 2 3.678620 26.300800 -0.018583 
601 1 7.356560 25.446400 2.208830 
152 2 1.241710 21.854700 4.551200 
1133 1 12.453500 15.121800 9.506630 
330 1 0.919207 18.152400 5.856190 
517 1 9.229490 15.274600 9.907590 
1167 2 12.406800 20.937000 3.235910 
1998 1 0.706293 24.900000 7.883340 
1999 2 0.332844 24.342400 7.945090 
729 1 7.435930 16.618200 6.400280 
730 1 8.536260 17.088400 6.232650 
731 2 8.028110 16.836200 6.257940 
732 2 8.028110 16.836200 6.257940 
737 1 7.556630 17.834200 10.310200 
738 1 7.618380 18.062100 11.595000 
739 2 7.514480 17.989000 10.925800 
740 2 7.514480 17.989000 10.925800 
384 2 5.552600 24.127500 12.013200 
518 1 9.670950 14.339100 9.065010 
203 2 1.189750 24.221800 2.051900 
745 1 7.053500 15.954900 3.815120 
746 1 7.577070 15.154300 2.804500 
747 2 7.280030 15.582600 3.395090 
748 2 7.280030 15.582600 3.395090 
753 1 11.022800 17.315200 8.336950 
754 1 11.061300 18.623800 7.699290 
755 2 11.066900 17.900300 7.991650 
756 2 11.066900 17.900300 7.991650 
510 1 2.925670 13.782700 3.699150 
1197 1 9.688650 23.327300 1.331930 
711 2 9.844470 13.888300 5.344310 
932 2 11.869400 14.049500 2.852510 
761 1 6.945380 19.360400 3.846200 
764 2 6.731150 19.201400 3.248200 
30 1 2.242630 26.538100 5.389830 
773 1 8.706380 21.821300 8.318170 
774 1 9.510820 23.028400 8.414850 
775 2 9.056590 22.423700 8.469250 
776 2 9.056590 22.423700 8.469250 
777 1 9.265650 20.670300 11.998000 
778 1 9.687310 20.894300 10.683100 
779 2 9.455380 20.683600 11.387900 
780 2 9.455380 20.683600 11.387900 
197 1 3.956930 24.406300 10.080800 
931 2 11.869400 14.049500 2.852510 
781 1 8.770840 24.552500 11.684700 
742 1 8.059510 16.999300 0.662672 
1136 2 13.108300 14.912100 9.842840 
762 1 6.467090 18.912600 2.626690 
1128 2 12.539700 17.931200 0.939477 
310 1 0.514758 14.776400 5.184260 
145 1 1.268360 17.680400 2.499760 
314 1 1.806530 14.747600 7.909150 
930 1 12.093200 14.384200 3.408200 
996 2 11.897000 23.341800 6.255190 
602 1 7.417340 26.400200 1.343640 
961 1 9.767410 20.443800 0.827023 
1165 1 12.990700 20.908700 2.657480 
513 1 5.773200 14.520000 7.738660 
993 1 12.349700 22.873200 6.428120 
783 2 8.730960 24.123800 12.082300 
995 2 11.897000 23.341800 6.255190 
137 1 1.760940 15.484900 10.960000 
585 1 5.129970 23.342400 3.533440 
945 1 10.792500 17.348700 3.969910 
946 1 9.730240 16.654600 4.152060 
947 2 10.297600 17.069800 4.079600 
948 2 10.297600 17.069800 4.079600 
949 1 12.147300 15.421100 6.203600 
950 1 12.783500 14.787200 6.996770 
951 2 12.532200 15.053700 6.668330 
952 2 12.532200 15.053700 6.668330 
957 1 10.718400 17.323900 11.522900 
906 1 9.299100 14.672900 1.750240 
959 2 10.691900 17.023300 12.025300 
960 2 10.691900 17.023300 12.025300 
588 2 4.769560 24.000100 3.197320 
963 2 10.031200 20.221600 0.442597 
964 2 10.031200 20.221600 0.442597 
969 1 9.254680 20.691300 5.113570 
970 1 9.449370 19.285200 4.877890 
971 2 9.418790 20.001100 5.100050 
972 2 9.418790 20.001100 5.100050 
973 1 12.677500 20.882200 10.078900 
974 1 12.523000 20.960900 8.753070 
975 2 12.634000 20.869400 9.453750 
976 2 12.634000 20.869400 9.453750 
142 1 1.905240 21.035400 8.951840 
509 1 4.172190 13.950900 3.198290 
1166 1 11.953200 20.960700 3.662960 
985 1 8.248570 22.516600 3.247020 
986 1 8.983460 23.390800 3.985860 
987 2 8.614810 23.007400 3.638550 
988 2 8.614810 23.007400 3.638550 
1127 2 12.539700 17.931200 0.939477 
994 1 11.385500 23.917200 6.006310 
1917 1 -0.155113 13.341300 11.336500 
757 1 4.221880 16.828800 12.828300 
426 1 2.048840 25.215200 12.922000 
1121 1 11.373300 14.223300 12.599000 
782 1 8.763050 23.584600 12.592200 
905 1 9.107640 14.100600 0.666884 
722 1 7.539580 15.945200 13.047100 
1169 1 12.640000 19.438100 6.200580 
743 2 8.411380 17.456900 0.695491 
516 2 5.717730 14.206900 7.048490 
801 1 11.691700 23.514600 12.557800 
804 2 12.225900 23.574100 12.522300 
1198 1 9.970450 24.379000 0.769270 
784 2 8.730960 24.123800 12.082300 
341 1 0.976729 19.385700 12.851000 
803 2 12.225900 23.574100 12.522300 
1200 2 9.959490 23.813700 1.029950 
1199 2 9.959490 23.813700 1.029950 
1918 1 -0.241194 13.633700 12.665800 
1922 1 0.565255 15.277500 0.903185 
32 2 1.694550 26.123400 5.123940 
1135 2 13.108300 14.912100 9.842840 
710 1 9.528540 14.222600 5.854000 
210 1 4.874130 25.883900 5.543780 
427 2 2.256790 25.636700 12.650800 
1139 2 12.912000 14.381800 -0.208348 
1924 2 0.131587 14.739800 1.112360 
428 2 2.256790 25.636700 12.650800 
1923 2 0.131587 14.739800 1.112360 
760 2 4.454930 17.207300 13.377800 
582 1 3.742040 25.726000 0.385348 
759 2 4.454930 17.207300 13.377800 
1161 1 12.307300 19.797300 13.004300 
809 1 11.400000 25.080300 21.419600 
1109 1 7.377320 15.361700 18.268900 
1131 2 13.054900 18.431200 20.782000 
1112 2 7.611120 14.844500 18.368800 
798 1 6.499950 25.076600 24.378200 
984 2 9.748310 22.152300 15.020600 
606 1 10.154800 25.684300 15.757600 
185 1 0.222572 20.614000 15.695100 
1193 1 9.774300 26.169500 23.062900 
598 1 4.417200 23.244900 25.006000 
725 1 5.481460 15.445900 24.956400 
1316 2 12.823100 15.825200 22.996700 
1092 2 12.087800 13.875200 19.650300 
120 2 0.472948 13.852300 23.834000 
521 1 3.931650 13.414600 24.469300 
386 1 0.572728 21.857400 18.286100 
134 1 1.006240 19.066700 22.286400 
402 1 5.286190 26.270200 14.583000 
119 2 0.472948 13.852300 23.834000 
941 1 10.954000 19.424500 22.872000 
983 2 9.748310 22.152300 15.020600 
524 2 3.747390 13.225300 23.817500 
944 2 10.734900 19.120400 23.350400 
728 2 6.148370 15.213500 25.403800 
943 2 10.734900 19.120400 23.350400 
1384 2 12.752000 25.110200 24.384300 
1106 1 13.307200 14.017900 16.584500 
1138 1 12.647000 14.530800 25.805000 
707 2 10.235400 15.363900 16.055100 
924 2 9.583340 18.824400 14.787800 
923 2 9.583340 18.824400 14.787800 
727 2 6.148370 15.213500 25.403800 
217 1 2.605260 26.175200 23.391700 
343 2 1.312450 18.850500 13.329400 
705 1 10.862900 15.234700 15.461200 
1129 1 12.709900 18.181500 20.183500 
1110 1 7.786780 14.101800 18.719100 
1090 1 12.742800 14.184700 19.734800 
325 1 3.665660 16.986100 16.817700 
326 1 3.878490 15.723300 16.499600 
327 2 3.746610 16.370600 16.622300 
328 2 3.746610 16.370600 16.622300 
333 1 5.176590 15.387700 20.158700 
334 1 4.378840 16.374800 19.948500 
335 2 4.656980 15.988300 20.038700 
336 2 4.656980 15.988300 20.038700 
1163 2 12.652400 20.085400 13.378400 
690 1 5.726900 14.917100 22.125400 
811 2 12.039400 25.061100 21.324100 
692 2 6.160560 14.583300 21.845400 
812 2 12.039400 25.061100 21.324100 
1382 1 12.431200 25.633800 24.028000 
1142 1 12.806300 17.621200 14.993300 
347 2 0.355039 17.863600 16.605100 
348 2 0.355039 17.863600 16.605100 
340 2 2.580010 16.092900 25.674100 
373 1 2.266830 22.604700 22.798800 
374 1 1.422990 23.139000 21.838800 
375 2 1.814890 22.836600 22.288800 
376 2 1.814890 22.836600 22.288800 
377 1 0.990472 19.585100 25.537500 
378 1 2.300080 19.226200 25.739400 
379 2 1.675130 19.417900 25.675100 
380 2 1.675130 19.417900 25.675100 
541 1 5.649230 19.326200 25.666500 
385 1 1.678410 22.137500 18.952300 
689 1 6.698870 14.305300 21.536800 
387 2 1.105220 22.012300 18.672800 
388 2 1.105220 22.012300 18.672800 
1383 2 12.752000 25.110200 24.384300 
917 1 9.942380 15.540300 23.886200 
133 1 1.693180 19.797600 21.272400 
337 1 2.520550 16.373300 25.042600 
406 1 2.684380 24.014500 15.494300 
918 1 10.209100 16.195400 24.881400 
543 2 5.567790 18.749800 26.054600 
414 1 1.724470 25.638400 19.157700 
605 1 9.852400 25.239400 14.456600 
506 1 6.053630 13.378400 16.291100 
1175 2 10.034200 23.408700 23.838700 
800 2 7.075580 25.088500 24.690000 
129 1 1.283330 16.800700 19.077100 
799 2 7.075580 25.088500 24.690000 
706 1 9.855860 15.553600 16.430500 
717 1 7.050330 17.184800 23.640500 
545 1 6.549290 18.663800 16.514100 
546 1 7.155090 17.530700 16.881000 
547 2 6.931170 18.031300 16.688100 
548 2 6.931170 18.031300 16.688100 
549 1 4.204950 20.227200 19.539100 
550 1 3.800690 18.956700 19.501000 
551 2 3.975570 19.601500 19.544000 
552 2 3.975570 19.601500 19.544000 
557 1 3.629900 16.891300 23.126100 
558 1 4.154120 18.071100 22.735800 
559 2 3.851230 17.500900 22.966800 
560 2 3.851230 17.500900 22.966800 
720 2 7.305410 17.603600 23.179800 
565 1 3.885210 20.080900 16.246200 
566 1 2.568760 19.477900 15.874600 
567 2 3.227590 19.840100 16.115500 
568 2 3.227590 19.840100 16.115500 
573 1 5.026390 21.765700 22.767200 
574 1 5.092790 20.583100 21.866500 
575 2 5.037260 21.237100 22.248500 
576 2 5.037260 21.237100 22.248500 
577 1 7.706630 21.515300 24.600000 
578 1 8.284030 20.601600 23.901600 
579 2 7.934690 21.089200 24.254700 
580 2 7.934690 21.089200 24.254700 
413 1 1.596680 25.237900 20.511500 
589 1 4.479940 23.035600 19.352300 
590 1 4.906680 22.830600 17.915900 
591 2 4.761100 22.859600 18.579200 
592 2 4.761100 22.859600 18.579200 
1179 2 12.986200 21.452100 26.414100 
505 1 5.842710 14.396800 15.475300 
1164 2 12.652400 20.085400 13.378400 
338 1 2.748760 15.773500 26.224200 
405 1 2.637090 22.619600 15.653200 
708 2 10.235400 15.363900 16.055100 
1174 1 10.638100 23.502800 23.626000 
718 1 7.688340 18.001800 22.756300 
721 1 8.438850 15.020700 13.630400 
733 1 7.635670 20.108300 20.848600 
734 1 7.657450 18.802200 20.514100 
735 2 7.597410 19.400600 20.707600 
736 2 7.597410 19.400600 20.707600 
962 1 10.563100 19.895400 26.594500 
749 1 9.739750 18.704200 18.989400 
750 1 10.292200 17.961600 17.827300 
751 2 10.022700 18.325200 18.440200 
752 2 10.022700 18.325200 18.440200 
1176 2 10.034200 23.408700 23.838700 
342 1 1.680860 18.452000 13.780400 
766 1 6.797960 21.809100 15.280800 
767 2 6.285060 22.118900 14.927400 
768 2 6.285060 22.118900 14.927400 
769 1 8.798310 21.288900 18.051400 
770 1 7.382870 21.159200 18.191400 
771 2 8.011220 21.210600 18.185300 
772 2 8.011220 21.210600 18.185300 
1107 2 12.939200 13.392100 16.453900 
785 1 7.501990 24.769200 16.251300 
786 1 6.879140 24.748400 17.506300 
787 2 7.218630 24.768400 17.013000 
788 2 7.218630 24.768400 17.013000 
1381 1 13.048600 24.604100 24.641100 
122 1 0.436727 14.782300 15.354600 
410 1 4.765640 26.104300 19.019900 
339 2 2.580010 16.092900 25.674100 
793 1 5.397300 24.999700 21.138900 
794 1 4.957800 24.312300 22.132100 
795 2 5.068920 24.578300 21.637700 
796 2 5.068920 24.578300 21.637700 
726 1 6.636780 14.961800 25.653600 
599 2 3.839400 23.049700 25.193600 
1144 2 12.891300 16.976900 14.623100 
121 1 1.631170 15.226500 15.191100 
1089 1 11.495100 13.636700 19.477700 
597 1 3.172610 22.610200 25.587500 
758 1 4.642020 17.429500 13.888700 
1314 1 12.539200 15.509500 23.530300 
398 1 0.065619 23.789600 24.514400 
927 2 12.927300 16.671100 17.732300 
691 2 6.160560 14.583300 21.845400 
1108 2 12.939200 13.392100 16.453900 
607 2 9.960830 25.543700 15.151300 
920 2 10.034100 15.824800 24.440800 
9 1 3.159890 26.379500 16.683300 
933 1 10.474400 16.000800 21.637000 
934 1 9.439080 15.883700 20.677200 
935 2 9.810470 15.925800 21.189600 
936 2 9.810470 15.925800 21.189600 
942 1 10.448400 18.691700 23.898500 
953 1 10.233600 22.102400 21.034200 
954 1 11.174900 21.088100 20.842500 
955 2 10.834600 21.547000 20.871000 
956 2 10.834600 21.547000 20.871000 
928 2 12.927300 16.671100 17.732300 
965 1 12.963000 20.622000 16.503100 
966 1 11.862300 20.560800 17.270300 
967 2 12.307900 20.593700 16.826500 
968 2 12.307900 20.593700 16.826500 
977 1 8.060000 23.846000 20.316300 
978 1 8.497990 24.367100 21.470700 
979 2 8.293930 24.159700 20.960900 
980 2 8.293930 24.159700 20.960900 
981 1 10.039200 21.551400 14.669000 
989 1 10.256800 24.055900 17.877000 
990 1 10.756700 23.301900 18.879400 
991 2 10.479700 23.763200 18.265700 
992 2 10.479700 23.763200 18.265700 
1091 2 12.087800 13.875200 19.650300 
345 1 0.530980 17.508700 16.149700 
1388 2 13.279200 24.414800 16.171300 
982 1 9.572690 22.530100 15.349700 
123 2 1.053230 14.959400 15.222600 
135 2 1.301990 19.303800 21.741500 
797 1 7.568550 25.081000 25.099300 
344 2 1.312450 18.850500 13.329400 
919 2 10.034100 15.824800 24.440800 
132 2 1.700740 16.693600 19.444700 
922 1 9.943900 18.960000 14.295500 
921 1 9.113110 18.566100 15.366500 
810 1 12.677500 24.979300 21.162700 
522 1 3.678230 12.935700 23.166200 
1111 2 7.611120 14.844500 18.368800 
600 2 3.839400 23.049700 25.193600 
544 2 5.567790 18.749800 26.054600 
1386 1 12.615600 24.339400 16.640500 
719 2 7.305410 17.603600 23.179800 
1173 1 9.546720 23.334000 24.116800 
131 2 1.700740 16.693600 19.444700 
124 2 1.053230 14.959400 15.222600 
765 1 5.796350 22.505400 14.403700 
1315 2 12.823100 15.825200 22.996700 
407 2 2.735370 23.399700 15.535700 
408 2 2.735370 23.399700 15.535700 
130 1 2.191760 16.418800 19.977400 
136 2 1.301990 19.303800 21.741500 
415 2 1.582970 25.427800 19.776200 
416 2 1.582970 25.427800 19.776200 
507 2 5.925680 13.841200 15.840100 
508 2 5.925680 13.841200 15.840100 
1180 2 12.986200 21.452100 26.414100 
608 2 9.960830 25.543700 15.151300 
1143 2 12.891300 16.976900 14.623100 
1132 2 13.054900 18.431200 20.782000 
925 1 12.541400 16.109100 17.853100 
109 1 1.797220 13.349900 21.430800 
523 2 3.747390 13.225300 23.817500 
1387 2 13.279200 24.414800 16.171300 
1162 1 12.921500 20.479400 13.937100 
1313 1 12.978600 16.157300 22.613400 
1141 1 12.978100 16.595400 14.190000 
106 1 0.310099 13.689600 17.895500 
412 2 5.293160 26.375900 18.984400 
118 1 1.024050 13.912200 23.739200 
411 2 5.293160 26.375900 18.984400 
723 2 8.030490 15.500200 13.260600 
724 2 8.030490 15.500200 13.260600 
1621 1 24.339100 4.383800 11.558000 
1805 1 25.320000 0.488638 3.462940 
66 1 25.413400 7.210830 2.125280 
1068 2 13.524100 7.621590 4.910530 
1016 2 14.521100 1.389110 10.860400 
73 1 26.505300 7.367880 8.112100 
1015 2 14.521100 1.389110 10.860400 
1532 2 18.329500 12.302200 3.809950 
1220 2 17.504500 0.066383 11.154100 
1905 1 24.953600 12.474400 4.548890 
1876 2 22.812400 9.651040 7.183380 
1824 2 22.682400 2.430020 0.939998 
1282 1 17.688400 8.607960 10.331700 
1026 1 14.247100 0.426403 4.056850 
294 1 25.633200 12.399900 7.572660 
1262 1 13.826200 7.709430 12.282000 
1875 2 22.812400 9.651040 7.183380 
1422 1 18.926000 1.893860 1.142670 
75 2 25.945400 7.622410 7.979690 
1874 1 22.203900 9.640750 7.673720 
1446 1 18.987900 7.491750 1.124120 
76 2 25.945400 7.622410 7.979690 
1833 1 25.926900 4.307670 8.400940 
1013 1 14.499800 1.406680 11.508800 
1873 1 23.222100 9.867510 6.638450 
1827 2 22.571700 0.791056 12.884100 
1529 1 18.756300 12.396300 4.149450 
1872 2 25.006300 6.439720 4.862450 
1806 1 24.637800 1.576570 2.905860 
1114 1 14.642200 11.177200 7.729330 
1027 2 14.494000 0.987479 3.819680 
1871 2 25.006300 6.439720 4.862450 
1870 1 24.361500 5.991710 4.606050 
67 2 25.131500 7.608740 1.606780 
1815 2 25.220200 0.384533 6.518090 
1869 1 25.311000 6.853750 5.086210 
1853 1 22.440400 6.246710 8.326140 
1113 1 15.724000 11.994800 7.663750 
1223 2 16.680100 3.718830 12.168500 
1049 1 14.080700 3.979340 3.667670 
1868 2 21.795600 5.936240 1.285970 
1115 2 15.223400 11.554700 7.720040 
1821 1 22.105100 2.691620 1.105980 
1411 2 21.962400 0.470694 5.522820 
1511 2 15.728300 9.859450 4.722200 
1693 1 22.659100 12.631300 8.886320 
295 2 25.867900 12.032500 8.098430 
1224 2 16.680100 3.718830 12.168500 
1225 1 16.730400 4.866440 1.439620 
1226 1 17.393200 3.831820 1.820820 
1227 2 17.050100 4.262590 1.603720 
1228 2 17.050100 4.262590 1.603720 
1229 1 16.750600 2.670560 5.081780 
1230 1 17.865600 3.210080 5.604000 
1231 2 17.344000 2.999140 5.295000 
1232 2 17.344000 2.999140 5.295000 
1233 1 20.814100 2.835090 11.208400 
1234 1 19.624300 3.300840 11.310000 
1235 2 20.262500 3.144820 11.276800 
1236 2 20.262500 3.144820 11.276800 
1700 2 22.278200 13.119700 12.067100 
1116 2 15.223400 11.554700 7.720040 
1509 1 15.580600 9.670390 4.052770 
1253 1 15.728300 7.798140 7.714850 
1254 1 16.238600 7.247990 6.754700 
1255 2 15.913400 7.504190 7.276760 
1256 2 15.913400 7.504190 7.276760 
1257 1 18.835000 5.846550 9.551050 
1258 1 17.807100 5.168390 10.170000 
1259 2 18.226900 5.539820 9.870500 
1260 2 18.226900 5.539820 9.870500 
1699 2 22.278200 13.119700 12.067100 
1867 2 21.795600 5.936240 1.285970 
1866 1 21.479200 5.492930 1.721660 
1265 1 15.057000 8.485730 1.572700 
1266 1 14.658300 7.209500 2.054190 
1267 2 14.958400 7.992180 1.748120 
1268 2 14.958400 7.992180 1.748120 
1118 1 14.747600 11.008500 10.902700 
1048 2 13.086500 4.887710 0.671525 
1836 2 25.826400 3.735010 8.387930 
1057 1 14.940800 5.772280 9.811760 
915 2 13.230100 12.357100 4.978750 
1412 2 21.962400 0.470694 5.522820 
1408 2 19.029800 -0.011490 4.495100 
1505 1 18.296300 10.837200 1.265130 
1036 2 14.366600 3.304830 7.639910 
1814 1 25.916500 0.460031 6.391620 
296 2 25.867900 12.032500 8.098430 
916 2 13.230100 12.357100 4.978750 
1832 2 23.548000 3.311850 5.461770 
1047 2 13.086500 4.887710 0.671525 
1860 2 23.959300 7.383960 10.777600 
1834 1 25.626400 3.063390 8.399620 
1859 2 23.959300 7.383960 10.777600 
1831 2 23.548000 3.311850 5.461770 
1281 1 16.876700 9.399110 10.804400 
1665 1 22.713000 9.524610 13.287500 
1855 2 22.869300 5.762130 8.168790 
1284 2 17.355100 9.000590 10.560400 
1283 2 17.355100 9.000590 10.560400 
1858 1 23.888300 6.763530 10.373900 
1512 2 15.728300 9.859450 4.722200 
65 1 24.940600 7.923450 1.075740 
25 1 25.113000 4.103760 2.798450 
1433 1 17.302300 2.978010 8.441550 
1434 1 17.686300 1.762160 8.863830 
1435 2 17.451500 2.337710 8.708380 
1436 2 17.451500 2.337710 8.708380 
1067 2 13.524100 7.621590 4.910530 
1822 1 23.318500 2.037790 0.606868 
1531 2 18.329500 12.302200 3.809950 
1409 1 21.891200 1.184110 5.226580 
1830 1 23.179300 3.912560 5.650040 
1854 1 23.258600 5.346370 8.019590 
1900 2 24.430900 10.818300 10.996400 
1222 1 16.168200 3.217820 12.291700 
1028 2 14.494000 0.987479 3.819680 
1447 2 18.342700 7.421510 1.399350 
1448 2 18.342700 7.421510 1.399350 
1449 1 17.684900 6.618350 4.759930 
1450 1 17.309000 5.374910 5.189570 
1451 2 17.492000 5.975230 4.988880 
1452 2 17.492000 5.975230 4.988880 
1327 2 15.440000 13.199500 2.316660 
1899 2 24.430900 10.818300 10.996400 
1898 1 24.550900 10.623600 10.421600 
1465 1 21.725900 6.457820 4.551640 
1466 1 22.269400 7.492920 5.392300 
1467 2 21.876900 6.839610 4.947840 
1468 2 21.876900 6.839610 4.947840 
1469 1 19.942700 8.474450 4.380820 
1470 1 18.862100 9.387520 4.285910 
1471 2 19.326800 8.931900 4.262790 
1472 2 19.326800 8.931900 4.262790 
1477 1 19.720300 6.663060 7.136940 
1478 1 19.987800 7.741610 8.008370 
1479 2 19.780800 7.207520 7.623960 
1480 2 19.780800 7.207520 7.623960 
1065 1 14.025400 7.472110 5.392690 
68 2 25.131500 7.608740 1.606780 
1050 1 13.541600 5.194040 3.731710 
1497 1 18.777900 10.646900 8.205560 
1498 1 18.970700 10.651600 6.875690 
1499 2 18.920600 10.617200 7.541740 
1500 2 18.920600 10.617200 7.541740 
1829 1 23.723500 2.852390 5.261920 
1897 1 24.420300 11.249600 11.540100 
1857 1 24.154900 7.839150 11.108500 
1506 1 17.214300 10.434500 0.594836 
1507 2 17.671100 10.684000 0.925674 
1508 2 17.671100 10.684000 0.925674 
1510 1 15.784400 10.003200 5.346820 
1807 2 24.944800 0.995130 3.274810 
27 2 25.530900 4.036580 2.490640 
1828 2 22.571700 0.791056 12.884100 
1484 2 18.757400 13.254500 11.080800 
1823 2 22.682400 2.430020 0.939998 
1217 1 17.394700 0.884319 11.045900 
1445 1 17.677500 7.535000 1.626070 
1001 1 13.647100 1.946220 0.073853 
26 1 26.046400 4.060870 2.083830 
1059 2 14.432100 6.028350 10.099000 
1835 2 25.826400 3.735010 8.387930 
1696 2 22.203400 13.017000 8.456700 
28 2 25.530900 4.036580 2.490640 
1622 1 22.961500 4.172930 11.725100 
1623 2 23.651100 4.256530 11.629200 
1624 2 23.651100 4.256530 11.629200 
1633 1 22.385500 1.659920 8.978390 
1634 1 23.597100 2.207720 9.412940 
1635 2 22.841400 1.878680 9.148310 
1636 2 22.841400 1.878680 9.148310 
1052 2 13.904800 4.497500 3.666690 
1892 2 24.019500 9.912930 3.484980 
1891 2 24.019500 9.912930 3.484980 
1645 1 19.749600 4.023460 4.102660 
1646 1 20.763900 3.566970 3.376410 
1647 2 20.302100 3.707020 3.691090 
1648 2 20.302100 3.707020 3.691090 
1649 1 20.787800 4.143550 6.432270 
1650 1 20.430500 3.338070 7.567720 
1651 2 20.567100 3.728390 6.848600 
1652 2 20.567100 3.728390 6.848600 
1657 1 21.028400 7.384440 11.052000 
1658 1 20.544700 6.237830 11.523100 
1659 2 20.734500 6.831570 11.334300 
1660 2 20.734500 6.831570 11.334300 
1051 2 13.904800 4.497500 3.666690 
1890 1 24.252900 9.339230 3.020670 
1889 1 23.901500 10.453600 3.742270 
1677 1 21.315000 10.084800 9.922080 
1678 1 20.018800 10.351200 10.559500 
1679 2 20.787600 10.126600 10.147100 
1680 2 20.787600 10.126600 10.147100 
1003 2 13.813300 1.699190 0.642497 
1888 2 21.195100 9.687480 1.751130 
1887 2 21.195100 9.687480 1.751130 
1689 1 21.797600 12.203500 4.834670 
1690 1 21.065700 11.277800 4.478280 
1691 2 21.393700 11.734300 4.728140 
1692 2 21.393700 11.734300 4.728140 
1808 2 24.944800 0.995130 3.274810 
1695 2 22.203400 13.017000 8.456700 
1045 1 13.515200 4.176350 0.953709 
293 1 26.120800 11.648000 8.561390 
1060 2 14.432100 6.028350 10.099000 
1813 1 24.600000 0.319748 6.543520 
1701 1 23.217800 13.007800 1.645620 
1002 1 13.880700 1.540290 1.176590 
1886 1 20.476300 9.556930 1.516810 
1885 1 21.686500 9.735450 2.117730 
1264 2 14.147300 7.844420 12.861300 
1421 1 18.904800 0.504216 1.088200 
913 1 13.298300 11.862100 4.781110 
1120 2 14.240200 11.057700 11.406000 
1035 2 14.366600 3.304830 7.639910 
1058 1 13.852100 6.249690 10.362200 
1907 2 24.753400 12.967600 5.076540 
1816 2 25.220200 0.384533 6.518090 
1856 2 22.869300 5.762130 8.168790 
1221 1 17.068500 4.166740 12.096600 
1482 1 19.011500 13.305200 11.589200 
1033 1 14.588000 2.680080 7.719260 
1826 1 22.756000 0.590808 12.191800 
1025 1 14.618900 1.475690 3.401730 
1326 1 15.778600 13.037300 1.752310 
1530 1 17.770300 11.940600 3.325550 
1034 1 14.050500 3.982270 7.477200 
1004 2 13.813300 1.699190 0.642497 
1014 1 14.496300 1.384940 10.199500 
74 1 25.307100 7.884610 7.873620 
1117 1 13.695300 11.227800 11.839600 
1328 2 15.440000 13.199500 2.316660 
1865 1 22.070500 6.247730 0.793432 
1406 1 19.245700 0.447756 4.060090 
1263 2 14.147300 7.844420 12.861300 
1219 2 17.504500 0.066383 11.154100 
1424 2 18.825800 1.221160 1.123230 
1423 2 18.825800 1.221160 1.123230 
1483 2 18.757400 13.254500 11.080800 
1407 2 19.029800 -0.011490 4.495100 
1119 2 14.240200 11.057700 11.406000 
1481 1 18.341200 13.199800 10.517000 
1908 2 24.753400 12.967600 5.076540 
1697 1 21.775800 12.831900 11.568800 
1486 1 19.035100 10.512700 13.381500 
245 1 25.301700 0.675504 13.228200 
1305 1 18.162700 12.196900 16.375100 
1844 2 23.180400 6.196400 24.570800 
1279 2 16.992700 9.687970 24.205600 
1616 2 22.883700 3.606420 17.376100 
1668 2 22.461500 9.723910 13.844900 
1488 2 19.551100 10.835500 13.427600 
72 2 24.995600 6.144990 17.930300 
1415 2 18.455900 1.880430 21.750600 
1401 1 16.377600 3.256960 15.287000 
1021 1 13.569000 0.453126 15.059700 
1023 2 13.751900 0.784080 14.505900 
1877 1 24.123600 4.499300 20.755000 
1588 2 18.881100 1.925850 17.793600 
1029 1 15.818300 3.382620 21.442400 
1642 1 19.461300 3.807560 25.583000 
1278 1 17.307000 10.157000 23.891900 
1681 1 20.855500 10.772200 23.543600 
1789 1 21.258200 0.617021 19.461100 
1078 1 15.555700 8.237070 21.184100 
1086 1 17.414300 8.969810 14.182200 
99 2 25.726000 8.226230 24.004300 
1708 2 21.651800 12.571900 15.463600 
70 1 25.194100 5.976690 17.391900 
1527 2 20.311300 12.701200 25.735200 
98 1 25.080900 8.490100 23.812600 
1237 1 18.869100 6.274480 22.281400 
1238 1 18.093400 5.182680 22.142200 
1239 2 18.421600 5.590000 22.210600 
1240 2 18.421600 5.590000 22.210600 
1242 1 16.986800 3.315420 24.694300 
1245 1 14.680700 5.670290 15.542000 
1246 1 15.735100 6.328750 15.967400 
1247 2 15.203800 6.022220 15.718200 
1248 2 15.203800 6.022220 15.718200 
1399 2 13.575900 1.710780 23.524000 
1464 2 18.646200 6.133420 13.775900 
1302 1 15.484500 11.795900 13.764000 
1286 1 14.718300 12.125800 26.047500 
1587 2 18.881100 1.925850 17.793600 
1269 1 19.640600 9.614620 16.541400 
1270 1 20.510100 8.717900 16.786900 
1271 2 20.132800 9.064730 16.710800 
1272 2 20.132800 9.064730 16.710800 
1273 1 13.396100 9.936550 16.926600 
1285 1 14.683300 10.860800 25.600600 
1275 2 13.712900 9.570670 16.325100 
1276 2 13.712900 9.570670 16.325100 
1277 1 16.697100 8.988120 24.325100 
1414 1 18.848800 2.377940 21.624500 
1487 2 19.551100 10.835500 13.427600 
1077 1 15.864100 6.967470 21.394800 
1425 1 13.302000 3.173350 17.579500 
1289 1 14.745100 13.039000 17.813200 
1290 1 15.353700 11.969900 18.452900 
1291 2 15.084000 12.462600 18.145700 
1292 2 15.084000 12.462600 18.145700 
1644 2 20.059600 4.179170 25.584800 
1294 1 14.202400 12.968100 21.805900 
1295 2 14.902200 12.547600 21.916400 
1296 2 14.902200 12.547600 21.916400 
1661 1 19.744200 8.176040 24.949000 
37 1 25.814700 1.654010 20.430500 
1664 2 19.911300 7.537900 25.135500 
1684 2 20.950000 10.690300 22.843400 
1280 2 16.992700 9.687970 24.205600 
1841 1 22.724800 6.572440 24.393800 
1288 2 14.646000 11.489800 25.850600 
1019 2 13.946700 5.023890 23.445800 
1087 2 16.901900 9.396160 14.245900 
1088 2 16.901900 9.396160 14.245900 
92 2 25.991000 11.730300 15.325200 
1032 2 15.271200 3.276680 21.069800 
1031 2 15.271200 3.276680 21.069800 
1085 1 16.544300 9.889110 14.375500 
1790 1 21.845100 1.900420 19.229900 
1683 2 20.950000 10.690300 22.843400 
1005 1 16.082300 0.946245 18.466100 
1526 1 20.742700 12.793700 26.132600 
40 2 25.915900 2.174240 20.755500 
1601 1 19.503600 0.151912 14.967900 
63 2 25.738500 8.765380 13.827600 
1017 1 13.921200 5.290310 24.119300 
1429 1 16.685800 5.413300 18.989000 
1430 1 17.566900 4.614860 18.130400 
1431 2 17.045300 5.090430 18.566600 
1432 2 17.045300 5.090430 18.566600 
1404 2 16.337200 2.587140 15.098600 
1453 1 16.995400 8.537360 18.338500 
1454 1 16.127500 8.845840 17.403800 
1455 2 16.572200 8.661110 17.907600 
1456 2 16.572200 8.661110 17.907600 
1457 1 17.226300 6.324060 24.673400 
1458 1 15.943700 6.558610 25.412400 
1459 2 16.455000 6.423390 25.089300 
1460 2 16.455000 6.423390 25.089300 
1287 2 14.646000 11.489800 25.850600 
1473 1 18.719100 7.291390 19.143500 
1474 1 19.075900 8.056100 20.249200 
1475 2 18.893500 7.801980 19.861200 
1476 2 18.893500 7.801980 19.861200 
100 2 25.726000 8.226230 24.004300 
1863 2 23.079700 9.869840 25.473400 
71 2 24.995600 6.144990 17.930300 
1862 1 22.697300 9.610960 26.043700 
1662 1 20.123800 6.878850 25.401400 
1489 1 20.827500 11.075200 19.349400 
1490 1 22.131400 11.571400 19.648900 
1491 2 21.461700 11.373800 19.475400 
1492 2 21.461700 11.373800 19.475400 
1663 2 19.911300 7.537900 25.135500 
1494 1 17.580000 10.653100 20.153900 
1495 2 18.011200 11.201700 20.472400 
1496 2 18.011200 11.201700 20.472400 
1403 2 16.337200 2.587140 15.098600 
1427 2 13.613400 3.709930 17.713600 
1400 2 13.575900 1.710780 23.524000 
1585 1 18.443000 1.756920 17.315200 
1610 1 24.819700 2.229580 14.460800 
1462 1 18.222900 5.656460 14.164400 
1020 2 13.946700 5.023890 23.445800 
1615 2 22.883700 3.606420 17.376100 
1812 2 22.964700 0.136779 16.029700 
57 1 26.197800 4.522970 26.075100 
24 2 26.366300 0.464504 26.428200 
1625 1 19.683100 5.830610 16.621900 
1626 1 20.449800 5.111840 17.508600 
1627 2 20.098100 5.474800 17.046100 
1628 2 20.098100 5.474800 17.046100 
1629 1 20.901500 4.493600 20.223800 
1630 1 19.735400 4.263110 19.971700 
1631 2 20.391500 4.318580 20.026400 
1632 2 20.391500 4.318580 20.026400 
1637 1 22.307400 1.948740 22.241900 
1638 1 22.072400 3.014500 23.285400 
1639 2 22.215200 2.526240 22.695900 
1640 2 22.215200 2.526240 22.695900 
1525 1 19.546100 12.574200 25.428700 
1653 1 21.898400 6.752230 21.799300 
1654 1 20.881000 7.547810 21.974500 
1655 2 21.300100 7.047190 21.867200 
1656 2 21.300100 7.047190 21.867200 
1303 2 15.674000 12.031200 14.351300 
1811 2 22.964700 0.136779 16.029700 
1809 1 23.089600 0.503396 16.617900 
1705 1 22.449100 12.306800 15.322200 
1641 1 20.625600 4.413610 25.488400 
1669 1 22.092000 7.822720 17.922000 
1670 1 22.113600 7.446930 19.206500 
1671 2 22.077500 7.671010 18.604500 
1672 2 22.077500 7.671010 18.604500 
1673 1 23.714100 8.246930 20.988700 
1674 1 24.769300 8.949150 21.363700 
1675 2 24.160500 8.580710 21.161200 
1676 2 24.160500 8.580710 21.161200 
1682 1 20.949900 10.640100 22.241100 
1685 1 24.735700 9.426490 16.904300 
1686 1 24.280300 9.944280 18.074800 
1687 2 24.427600 9.673920 17.459900 
1688 2 24.427600 9.673920 17.459900 
91 2 25.991000 11.730300 15.325200 
1463 2 18.646200 6.133420 13.775900 
1080 2 15.691300 7.591510 21.291800 
1843 2 23.180400 6.196400 24.570800 
1308 2 18.258700 11.765600 16.821500 
1079 2 15.691300 7.591510 21.291800 
1861 1 23.397800 10.197500 24.980700 
64 2 25.738500 8.765380 13.827600 
1402 1 16.303700 1.974400 14.951400 
1030 1 14.677300 3.105000 20.729500 
1864 2 23.079700 9.869840 25.473400 
1249 1 13.266100 7.980190 18.255000 
1666 1 22.255000 10.054500 14.461300 
1795 2 19.957300 0.228045 23.934700 
1611 2 24.614500 2.911710 14.435500 
1416 2 18.455900 1.880430 21.750600 
1008 2 15.547100 0.924301 18.157700 
1307 2 18.258700 11.765600 16.821500 
1304 2 15.674000 12.031200 14.351300 
1837 1 25.204500 2.874870 23.777100 
1838 1 26.493700 2.912750 24.102300 
1839 2 25.828800 2.825150 23.986700 
1840 2 25.828800 2.825150 23.986700 
1842 1 23.984400 5.867530 24.768800 
1845 1 22.391900 6.389070 14.735000 
1846 1 23.689900 6.357930 14.848300 
1847 2 23.080300 6.310660 14.808200 
1848 2 23.080300 6.310660 14.808200 
1528 2 20.311300 12.701200 25.735200 
1850 1 26.370500 3.141720 17.977500 
1851 2 26.431100 2.615290 17.492300 
1852 2 26.431100 2.615290 17.492300 
1792 2 21.423300 1.143760 19.409900 
1306 1 18.314100 11.280700 17.380600 
1878 1 24.578300 5.600370 21.553700 
1879 2 24.349600 5.100280 21.168000 
1880 2 24.349600 5.100280 21.168000 
247 2 25.649000 0.237444 13.521100 
85 1 26.470400 11.124500 26.391400 
21 1 26.009500 0.959026 26.095800 
1895 2 26.265200 10.691300 20.164100 
1896 2 26.265200 10.691300 20.164100 
1796 2 19.957300 0.228045 23.934700 
1293 1 15.588200 12.158200 21.980100 
1428 2 13.613400 3.709930 17.713600 
1791 2 21.423300 1.143760 19.409900 
87 2 25.853300 10.963600 26.392500 
1913 1 25.007000 11.193500 23.201800 
1397 1 14.090300 1.326250 23.883500 
1914 1 23.958900 11.872900 22.687300 
1442 1 20.931600 3.708480 15.295500 
1241 1 17.272300 2.078780 24.246600 
248 2 25.649000 0.237444 13.521100 
1613 1 22.933000 3.907850 17.739700 
1441 1 21.091000 3.271960 13.980800 
1461 1 19.061000 6.754690 13.354700 
1586 1 19.426800 2.056860 18.312800 
1007 2 15.547100 0.924301 18.157700 
1849 1 26.306300 2.089050 17.027000 
1706 1 21.214000 12.861200 15.501800 
1243 2 17.047700 2.658860 24.522000 
1244 2 17.047700 2.658860 24.522000 
1612 2 24.614500 2.911710 14.435500 
89 1 25.422200 11.609100 15.534800 
1609 1 24.414800 3.422500 14.292500 
88 2 25.853300 10.963600 26.392500 
1603 2 18.927100 0.025389 14.441800 
69 1 24.762700 6.352330 18.602500 
1493 1 18.405500 11.698400 20.922100 
1444 2 20.992500 3.459690 14.663900 
1413 1 18.202900 1.369030 21.992000 
1707 2 21.651800 12.571900 15.463600 
1916 2 24.523100 11.449600 22.937400 
1915 2 24.523100 11.449600 22.937400 
1643 2 20.059600 4.179170 25.584800 
60 2 26.456700 5.270800 25.997500 
1614 1 22.909400 3.182890 16.679900 
1443 2 20.992500 3.459690 14.663900 
1485 1 20.136600 11.193700 13.417300 
97 1 26.214600 7.999720 24.232300 
1667 2 22.461500 9.723910 13.844900 
61 1 25.851900 8.349460 14.307000 
1793 1 19.419200 0.037649 24.313100 
1794 1 20.453900 0.464176 23.574200 
1022 1 13.863100 1.201600 14.110700 
86 1 25.276200 10.695800 26.586900 
23 2 26.366300 0.464504 26.428200 
41 1 25.998600 5.338200 15.127000 
1274 1 13.893400 9.316680 15.815900 
39 2 25.915900 2.174240 20.755500 
1318 1 16.743800 12.762000 25.378600 
1426 1 14.024100 4.309560 17.851800 
1389 1 15.177200 0.310457 21.640400 
1018 1 14.051000 4.822700 22.869200 
1006 1 14.840100 1.185880 17.897600 
13 1 24.646900 -0.080488 19.073500 
1261 1 14.650500 7.909370 13.462300 
1301 1 15.802300 12.294900 14.855500 
1024 2 13.751900 0.784080 14.505900 
59 2 26.456700 5.270800 25.997500 
1893 1 25.894100 11.068500 20.143300 
38 1 26.092900 2.615200 21.205400 
1604 2 18.927100 0.025389 14.441800 
1909 1 22.737200 13.097500 17.740700 
1801 1 22.798700 0.471752 24.846700 
62 1 25.478600 9.328410 13.334500 
1825 1 22.321800 0.939621 13.402900 
115 2 25.422000 15.431000 8.616200 
1704 2 22.967300 13.493900 1.928440 
183 2 25.099800 21.967000 9.767980 
1009 1 15.998800 25.811900 5.097960 
1520 2 16.159800 14.255100 9.506090 
1347 2 16.341100 16.008600 0.294940 
166 1 25.062200 24.370000 4.151320 
1984 2 24.315900 23.993200 1.179750 
1982 1 24.957200 23.779400 1.611740 
1 1 26.271000 23.773900 13.021000 
1742 1 25.157500 18.012700 0.083644 
1207 2 16.595500 25.357900 2.484970 
1157 1 13.368300 17.517200 10.523100 
113 1 25.836500 15.503600 9.028370 
165 1 25.764500 23.817000 5.052580 
1562 1 18.460400 18.756600 1.902550 
1785 1 21.624200 21.153600 1.498820 
1617 1 23.197800 24.548800 7.602950 
1541 1 19.676200 14.047000 2.240210 
1962 1 25.142700 20.097500 12.619400 
1209 1 15.225800 23.172000 3.937230 
1517 1 16.204000 14.712200 10.075200 
1729 1 21.483100 15.977700 5.992630 
161 1 26.582200 21.625000 1.579690 
1158 1 14.309100 18.497000 10.571100 
1619 2 22.692100 24.581200 8.083240 
155 2 26.311100 18.696400 9.503420 
1325 1 15.020800 13.425500 2.919100 
1722 1 22.478900 16.579700 0.152144 
1011 2 15.839600 25.468500 5.744920 
1410 1 21.942100 26.463200 5.865460 
1333 1 15.373000 14.420100 5.904410 
1334 1 16.622600 14.149400 5.728620 
1335 2 15.856200 14.311500 5.777350 
1336 2 15.856200 14.311500 5.777350 
1214 1 18.808700 25.863500 8.687540 
1338 1 15.001400 14.625100 12.645800 
1339 2 15.562900 14.893200 12.760900 
1340 2 15.562900 14.893200 12.760900 
1731 2 21.331000 15.585400 5.426980 
1187 2 13.538500 24.669700 1.499460 
184 2 25.099800 21.967000 9.767980 
1818 1 24.110500 26.216400 9.763960 
1997 1 26.388700 23.853000 7.988940 
1607 2 21.484400 25.219000 2.347270 
1000 2 14.526200 24.402500 9.616020 
1349 1 14.049200 16.839800 3.230430 
1350 1 15.091600 16.270100 3.194780 
1351 2 14.432200 16.605000 3.249000 
1352 2 14.432200 16.605000 3.249000 
1353 1 17.072000 16.984000 7.733410 
1354 1 16.025300 17.475000 7.099050 
1355 2 16.507600 17.262500 7.424890 
1356 2 16.507600 17.262500 7.424890 
1417 1 18.216700 22.438400 10.390300 
1438 1 20.295900 25.149600 12.168300 
1337 1 16.321400 15.120800 12.923800 
1365 1 15.646900 20.290300 2.286030 
1366 1 15.381700 19.135500 1.617650 
1367 2 15.578400 19.665400 1.951210 
1368 2 15.578400 19.665400 1.951210 
1369 1 17.904400 16.546200 4.348110 
1370 1 18.016900 15.936400 3.204930 
1371 2 17.955700 16.143400 3.944850 
1372 2 17.955700 16.143400 3.944850 
1373 1 17.192500 19.488600 5.439740 
1374 1 17.634600 19.276900 4.293980 
1375 2 17.416300 19.389800 4.796300 
1376 2 17.416300 19.389800 4.796300 
1377 1 14.919000 21.235600 11.620600 
1378 1 16.141900 21.705400 11.384700 
1379 2 15.525900 21.488400 11.464700 
1380 2 15.525900 21.488400 11.464700 
116 2 25.422000 15.431000 8.616200 
164 2 26.351400 21.394000 1.149540 
1159 2 13.866200 17.958300 10.552700 
1206 1 16.879200 24.918000 2.646050 
1394 1 15.172100 21.279400 7.092340 
1395 2 15.027500 21.915200 6.878240 
1396 2 15.027500 21.915200 6.878240 
1211 2 14.733900 22.824800 4.009090 
1393 1 14.896200 22.700100 6.569710 
127 2 24.467100 16.652000 4.710720 
1418 1 18.325000 23.817600 10.654300 
1012 2 15.839600 25.468500 5.744920 
1786 1 20.492600 22.025700 1.661440 
1782 1 20.370500 24.885900 0.318109 
1732 2 21.331000 15.585400 5.426980 
1720 2 21.471700 15.774500 10.321500 
1719 2 21.471700 15.774500 10.321500 
1439 2 20.459000 25.406400 11.603600 
1216 2 18.831900 25.382500 8.216510 
1215 2 18.831900 25.382500 8.216510 
1440 2 20.459000 25.406400 11.603600 
1906 1 24.488500 13.355600 5.612620 
997 1 14.366400 24.942600 10.091700 
1543 2 19.409900 14.374300 1.633160 
1188 2 13.538500 24.669700 1.499460 
1533 1 19.066000 13.831200 7.169350 
1534 1 18.239500 14.323300 8.168390 
1535 2 18.643500 14.116500 7.622270 
1536 2 18.643500 14.116500 7.622270 
1537 1 17.273200 17.692300 11.282100 
1538 1 18.340200 16.675500 11.590200 
1539 2 17.860900 17.059500 11.343400 
1540 2 17.860900 17.059500 11.343400 
4 2 25.884800 23.496400 12.657300 
1420 2 18.310500 23.155700 10.558100 
1419 2 18.310500 23.155700 10.558100 
1545 1 21.323000 17.472800 2.335470 
1546 1 22.033400 17.948700 3.332800 
1547 2 21.698500 17.743200 2.806820 
1548 2 21.698500 17.743200 2.806820 
1553 1 20.041300 18.256500 7.675970 
1554 1 19.987100 17.189600 8.567440 
1555 2 20.001900 17.711400 8.054300 
1556 2 20.001900 17.711400 8.054300 
1557 1 18.075000 20.572600 8.986230 
1558 1 16.833900 20.183000 9.223380 
1559 2 17.437500 20.338100 9.109590 
1560 2 17.437500 20.338100 9.109590 
1921 1 26.201900 14.292300 1.180840 
114 1 24.850300 15.563100 8.236550 
999 2 14.526200 24.402500 9.616020 
1577 1 18.442300 22.975600 5.544790 
1578 1 18.082200 22.592200 6.908580 
1579 2 18.415800 22.777500 6.324320 
1580 2 18.415800 22.777500 6.324320 
128 2 24.467100 16.652000 4.710720 
1171 2 13.007800 19.348700 5.735510 
1561 1 19.380900 18.420900 1.121530 
1589 1 18.693800 23.189600 2.692630 
1590 1 18.171400 22.166700 3.175560 
1591 2 18.480200 22.740900 2.951950 
1592 2 18.480200 22.740900 2.951950 
1593 1 21.353800 19.965200 4.554620 
1594 1 20.423400 19.516600 5.430820 
1595 2 20.833800 19.691200 5.184920 
1596 2 20.833800 19.691200 5.184920 
1743 2 24.662400 18.305600 0.231236 
167 2 25.320000 24.025700 4.597500 
1518 1 16.153000 13.936200 9.051090 
1210 1 14.235600 22.454200 4.136700 
1717 1 21.869700 16.178300 10.545900 
1981 1 23.783200 23.912200 0.931528 
1542 1 19.187700 14.634800 1.119280 
1345 1 16.029600 16.582400 0.541565 
1564 2 18.885700 18.621600 1.569070 
1730 1 20.859200 15.289000 5.024760 
1172 2 13.007800 19.348700 5.735510 
1820 2 24.460300 25.866200 10.316900 
1733 1 23.101800 19.900900 10.648500 
1734 1 21.848500 19.088500 10.220600 
1735 2 22.463500 19.492800 10.378100 
1736 2 22.463500 19.492800 10.378100 
163 2 26.351400 21.394000 1.149540 
1185 1 13.874000 24.662100 0.962956 
1170 1 13.594200 19.070400 5.299280 
1749 1 23.153500 17.799600 8.116170 
1750 1 23.108300 17.914400 6.768900 
1751 2 23.179200 17.786500 7.373760 
1752 2 23.179200 17.786500 7.373760 
1757 1 19.592500 20.181700 12.055400 
1758 1 19.388800 19.267400 13.089100 
1759 2 19.474700 19.685000 12.493200 
1760 2 19.474700 19.685000 12.493200 
1973 1 24.929500 21.049200 7.393770 
1723 2 22.117300 16.179300 0.134709 
1741 1 23.977600 18.528100 0.444248 
1769 1 24.086000 19.996600 4.314360 
1770 1 24.009200 20.864000 3.399050 
1771 2 23.962700 20.414900 3.834870 
1772 2 23.962700 20.414900 3.834870 
1777 1 20.366900 21.673400 7.675090 
1778 1 21.272200 21.283000 8.807650 
1779 2 20.722800 21.465000 8.317520 
1780 2 20.722800 21.465000 8.317520 
1718 1 21.006900 15.293800 10.125200 
1605 1 20.810600 25.347400 2.758460 
1181 1 15.783500 24.321800 12.999600 
1544 2 19.409900 14.374300 1.633160 
126 1 24.103300 16.459800 5.317800 
1787 2 21.170100 21.526400 1.518930 
1788 2 21.170100 21.526400 1.518930 
1797 1 22.893800 22.241500 12.382800 
1798 1 21.887800 22.933100 11.645500 
1799 2 22.375700 22.532300 12.080400 
1800 2 22.375700 22.532300 12.080400 
1160 2 13.866200 17.958300 10.552700 
3 2 25.884800 23.496400 12.657300 
1186 1 13.128300 24.766600 2.084610 
1348 2 16.341100 16.008600 0.294940 
181 1 24.660800 22.591900 9.623040 
1744 2 24.662400 18.305600 0.231236 
168 2 25.320000 24.025700 4.597500 
1563 2 18.885700 18.621600 1.569070 
1974 1 24.115900 20.431900 6.529020 
1208 2 16.595500 25.357900 2.484970 
1937 1 25.318000 16.408300 12.029000 
1938 1 24.999400 17.523500 12.812000 
1939 2 25.083200 16.946100 12.407600 
1940 2 25.083200 16.946100 12.407600 
182 1 25.421800 21.495200 9.963340 
125 1 24.782500 16.871400 4.134150 
1606 1 22.123900 25.112300 2.106340 
1437 1 20.754700 25.611300 11.104600 
1963 2 25.055100 20.358900 13.113000 
1964 2 25.055100 20.358900 13.113000 
1519 2 16.159800 14.255100 9.506090 
1010 1 15.781800 25.229100 6.184080 
1975 2 24.533000 20.840200 6.881050 
1976 2 24.533000 20.840200 6.881050 
1205 1 16.120700 25.789800 2.142190 
1213 1 18.821200 24.632300 7.760160 
1620 2 22.692100 24.581200 8.083240 
1989 1 22.266300 22.457900 4.828310 
1990 1 21.665300 23.677200 4.638290 
1991 2 21.937500 23.096300 4.708630 
1992 2 21.937500 23.096300 4.708630 
1819 2 24.460300 25.866200 10.316900 
1983 2 24.315900 23.993200 1.179750 
156 2 26.311100 18.696400 9.503420 
1817 1 24.798100 25.647200 10.802400 
1212 2 14.733900 22.824800 4.009090 
1618 1 22.146200 24.470500 8.404210 
1703 2 22.967300 13.493900 1.928440 
153 1 25.659300 18.791900 9.330600 
1702 1 22.851000 14.252600 2.260800 
1134 1 13.617600 14.684700 10.007900 
998 1 14.645500 23.841800 9.210470 
2 1 25.351900 23.293800 12.029300 
1608 2 21.484400 25.219000 2.347270 
162 1 26.020800 21.248800 0.476920 
1694 1 21.832100 13.434400 8.200530 
1137 1 13.143500 14.328400 0.455978 
1762 1 18.703900 22.623900 13.257200 
1724 2 22.117300 16.179300 0.134709 
1919 2 26.401400 13.538400 12.059200 
1920 2 26.401400 13.538400 12.059200 
1218 1 17.762900 26.059000 11.257000 
1405 1 18.820900 26.272200 5.082090 
1698 1 22.581700 13.376300 12.473500 
1597 1 16.700100 22.166100 0.496917 
1522 1 15.402000 18.555600 13.025600 
1145 1 15.478100 19.443800 18.078200 
186 1 26.155400 21.749500 16.066800 
1903 2 24.417200 15.402500 15.348300 
105 1 26.014600 13.982400 19.080000 
1154 1 14.395800 18.208300 24.461600 
1761 1 18.600000 23.485700 14.389400 
1943 2 21.924800 17.223100 13.491800 
1967 2 20.961100 21.233100 15.326000 
1944 2 21.924800 17.223100 13.491800 
178 1 22.306500 22.823600 24.637200 
1802 1 23.366200 26.111700 25.580400 
1714 1 22.316100 14.431300 21.470000 
1996 2 21.952200 24.648800 21.515700 
1201 1 16.445600 25.463000 25.799000 
1321 1 15.765500 15.577000 16.075400 
1965 1 21.514800 20.879200 15.466800 
1882 1 23.563800 14.675500 25.194700 
1883 2 23.737200 13.923400 25.157200 
194 1 25.633700 21.067600 23.529900 
1715 2 22.158600 13.909300 21.926200 
1716 2 22.158600 13.909300 21.926200 
173 1 24.760500 19.912100 18.594200 
1514 1 18.937100 13.910200 22.350900 
1901 1 24.128100 15.279000 16.108500 
1320 2 17.139000 13.135200 24.945400 
1190 1 18.191300 24.832400 19.989100 
1942 1 21.546000 17.687300 13.204400 
6 1 25.203300 25.327500 16.665700 
169 1 23.539800 19.340700 16.366100 
1310 1 15.692400 15.447300 19.894900 
1941 1 22.507000 16.757300 13.646900 
1521 1 16.126500 18.555300 14.245200 
1712 2 19.063400 14.594600 18.203800 
1329 1 18.015600 17.409600 18.465700 
1330 1 17.928300 17.950600 19.760200 
1331 2 17.987600 17.622700 19.141600 
1332 2 17.987600 17.622700 19.141600 
177 1 23.185800 23.903400 24.505000 
1357 1 15.606400 20.710000 20.882400 
1358 1 16.537400 20.370900 21.946700 
1359 2 16.075600 20.547700 21.316400 
1360 2 16.075600 20.547700 21.316400 
1362 1 14.249400 22.335000 23.673800 
190 1 25.827300 22.852900 21.006100 
1709 1 18.890400 15.159900 18.284900 
1884 2 23.737200 13.923400 25.157200 
157 1 25.841700 17.546000 23.214400 
1763 2 18.734100 22.874400 13.758700 
400 2 26.170500 23.751200 24.904400 
1390 1 15.603400 25.673100 21.137000 
1391 2 15.393700 26.319900 21.424200 
1392 2 15.393700 26.319900 21.424200 
926 1 13.234800 17.200800 17.455500 
14 1 23.833900 25.463000 19.291700 
1783 2 19.770400 24.553700 26.242700 
1204 2 16.255400 26.079000 25.937400 
1711 2 19.063400 14.594600 18.203800 
170 1 23.804300 18.322300 15.538100 
399 2 26.170500 23.751200 24.904400 
158 1 25.772700 16.448200 24.050900 
189 1 24.619900 23.034900 21.483900 
1549 1 18.888900 19.586700 22.165600 
1550 1 19.689300 18.538200 22.341900 
1551 2 19.245500 19.127200 22.266700 
1552 2 19.245500 19.127200 22.266700 
1152 2 14.498600 22.514700 19.137400 
1565 1 15.913500 21.377800 14.937600 
1803 2 23.089500 26.594600 25.271300 
1567 2 15.605100 21.741500 15.482100 
1568 2 15.605100 21.741500 15.482100 
1569 1 18.484300 20.825300 16.539500 
1570 1 18.477600 20.923700 17.848000 
1571 2 18.479600 20.864500 17.188000 
1572 2 18.479600 20.864500 17.188000 
1573 1 16.322700 24.407100 23.350700 
1574 1 17.390200 23.855800 22.944400 
1575 2 16.930700 24.111100 23.110900 
1576 2 16.930700 24.111100 23.110900 
179 2 22.725200 23.292700 24.596500 
1202 1 16.061700 26.696900 26.228800 
1177 1 13.496800 21.332400 26.206600 
1342 1 16.468800 16.742900 22.331100 
1902 1 24.608100 15.515000 14.801400 
16 2 24.278300 25.962900 19.023900 
1600 2 16.663400 22.580100 26.442100 
1502 1 18.267700 14.243300 14.203100 
1598 1 16.643600 22.934100 25.975800 
1184 2 15.543000 24.811600 13.348300 
1146 1 15.363700 19.370800 16.835700 
1203 2 16.255400 26.079000 25.937400 
1881 1 23.824900 13.402600 25.133300 
1150 1 15.363200 22.389000 19.031500 
180 2 22.725200 23.292700 24.596500 
1725 1 21.167500 15.861300 17.220700 
1726 1 21.845800 16.421800 16.111500 
1727 2 21.520500 16.016800 16.575400 
1728 2 21.520500 16.016800 16.575400 
1737 1 18.983600 15.999400 24.361000 
1738 1 20.272500 15.795300 24.578800 
1739 2 19.644700 15.878200 24.496600 
1740 2 19.644700 15.878200 24.496600 
171 2 23.638900 18.743300 15.981700 
1745 1 18.077000 18.687700 15.817100 
1746 1 18.800900 17.740400 15.193600 
1747 2 18.412600 18.215600 15.467300 
1748 2 18.412600 18.215600 15.467300 
1753 1 17.796400 19.100800 24.433900 
1754 1 17.297400 19.514200 25.486100 
1755 2 17.505900 19.284000 24.924500 
1756 2 17.505900 19.284000 24.924500 
1599 2 16.663400 22.580100 26.442100 
1765 1 20.545800 23.647800 17.055700 
1766 1 20.515800 24.529400 18.165800 
1767 2 20.483900 24.114500 17.613600 
1768 2 20.483900 24.114500 17.613600 
1773 1 18.934500 22.426700 20.048000 
1774 1 20.124000 21.786400 20.482000 
1775 2 19.410300 22.136300 20.294000 
1776 2 19.410300 22.136300 20.294000 
1966 1 20.468900 21.609300 15.054300 
1153 1 13.530700 19.350200 24.509100 
1156 2 14.042300 18.810900 24.527300 
1182 1 15.442700 25.336000 13.887500 
1151 2 14.498600 22.514700 19.137400 
1911 2 23.425400 13.439800 17.883400 
1912 2 23.425400 13.439800 17.883400 
1385 1 13.610200 24.538100 15.688500 
1503 2 18.819000 14.617900 14.189500 
1149 1 13.851200 22.491600 19.429900 
1581 1 17.493300 23.949700 16.750100 
1584 2 17.100600 24.418100 16.879900 
193 1 25.001400 20.364200 24.711600 
1925 1 20.543400 16.827000 20.131300 
1926 1 21.736400 16.689900 19.770300 
1927 2 21.094900 16.695600 19.936200 
1928 2 21.094900 16.695600 19.936200 
1929 1 25.400500 15.315200 20.638400 
1930 1 25.028100 14.747500 21.828300 
1931 2 25.221800 15.007000 21.215800 
1932 2 25.221800 15.007000 21.215800 
1933 1 22.525900 16.663600 23.297600 
1934 1 23.226100 17.194400 22.220200 
1935 2 22.788100 16.900300 22.697200 
1936 2 22.788100 16.900300 22.697200 
1583 2 17.100600 24.418100 16.879900 
1346 1 16.568700 15.388600 26.412300 
397 1 25.640600 23.786900 25.478700 
1947 2 24.372600 16.648700 18.521200 
1948 2 24.372600 16.648700 18.521200 
1949 1 22.308200 19.788600 18.905500 
1950 1 21.141600 19.411000 18.471500 
1951 2 21.738700 19.597000 18.628600 
1952 2 21.738700 19.597000 18.628600 
1953 1 22.795000 19.982300 21.460800 
1954 1 22.552400 21.088900 22.265000 
1955 2 22.716300 20.527400 21.845600 
1956 2 22.716300 20.527400 21.845600 
1957 1 20.892700 19.607100 25.427400 
1958 1 22.057500 19.078100 25.099800 
1959 2 21.389800 19.330000 25.304400 
1960 2 21.389800 19.330000 25.304400 
1784 2 19.770400 24.553700 26.242700 
1946 1 23.854800 16.294600 18.242200 
1968 2 20.961100 21.233100 15.326000 
1781 1 19.563500 24.354900 25.812300 
1364 2 13.944800 22.538600 23.177100 
1969 1 23.905600 23.033900 18.512400 
1970 1 22.564600 22.983700 18.389600 
1971 2 23.235400 23.004100 18.371800 
1972 2 23.235400 23.004100 18.371800 
1977 1 19.417800 21.860500 23.375600 
1978 1 19.821300 22.346600 24.443700 
1979 2 19.566700 22.156100 23.950100 
1980 2 19.566700 22.156100 23.950100 
15 2 24.278300 25.962900 19.023900 
1985 1 23.265800 23.848300 15.948100 
1986 1 23.263200 23.133300 14.866200 
1987 2 23.290900 23.470500 15.415700 
1988 2 23.290900 23.470500 15.415700 
1993 1 21.584400 24.263700 21.063800 
1994 1 22.331000 24.893000 22.049100 
1995 2 21.952200 24.648800 21.515700 
1361 1 13.735600 22.868100 22.557700 
1341 1 16.700200 17.478500 23.474300 
175 2 25.036500 19.869700 19.222200 
176 2 25.036500 19.869700 19.222200 
1501 1 19.630700 14.992000 14.387800 
196 2 25.329200 20.689000 24.209200 
1155 2 14.042300 18.810900 24.527300 
1309 1 14.720500 16.348800 19.801000 
1566 1 15.400200 22.068500 16.185100 
1904 2 24.417200 15.402500 15.348300 
1147 2 15.390700 19.396300 17.527200 
1192 2 18.329100 25.419200 20.172200 
172 2 23.638900 18.743300 15.981700 
1148 2 15.390700 19.396300 17.527200 
195 2 25.329200 20.689000 24.209200 
191 2 25.299200 23.045700 21.274100 
1582 1 16.546500 24.949600 16.977400 
8 2 25.945600 25.026900 16.340800 
192 2 25.299200 23.045700 21.274100 
1311 2 15.180100 15.873300 19.874100 
1312 2 15.180100 15.873300 19.874100 
1524 2 15.741200 18.550000 13.589800 
1319 2 17.139000 13.135200 24.945400 
1363 2 13.944800 22.538600 23.177100 
17 1 24.846100 26.243700 22.728300 
1945 1 24.926000 17.111000 18.770200 
1189 1 18.470600 26.152900 20.210100 
174 1 25.446700 19.890300 19.886300 
1191 2 18.329100 25.419200 20.172200 
1515 2 18.568200 14.084800 21.746200 
1322 1 16.109900 16.017400 17.306400 
1516 2 18.568200 14.084800 21.746200 
19 2 25.288700 25.927400 22.638900 
18 1 25.739400 25.326000 22.560400 
20 2 25.288700 25.927400 22.638900 
1323 2 15.951500 15.828100 16.612200 
1324 2 15.951500 15.828100 16.612200 
1343 2 16.595000 17.083700 22.930700 
1344 2 16.595000 17.083700 22.930700 
1523 2 15.741200 18.550000 13.589800 
1804 2 23.089500 26.594600 25.271300 
1183 2 15.543000 24.811600 13.348300 
1713 1 22.082100 13.410000 22.246200 
160 2 25.855900 17.165200 23.608600 
1513 1 18.310700 14.191000 21.157800 
117 1 26.312200 13.603000 24.094200 
187 2 26.461500 21.121600 15.861800 
188 2 26.461500 21.121600 15.861800 
1721 1 21.551700 15.531100 26.824500 
1504 2 18.819000 14.617900 14.189500 
7 2 25.945600 25.026900 16.340800 
1710 1 19.165300 13.785900 18.064500 
1602 1 18.419100 26.690900 14.013300 
1317 1 17.444200 13.491000 24.530900 
1764 2 18.734100 22.874400 13.758700 
159 2 25.855900 17.165200 23.608600 
1130 1 13.518400 18.598100 21.374300 
346 1 26.764200 18.206800 17.172400 
246 1 25.963300 26.433300 13.980200 
107 2 26.454400 13.843400 18.369800 
5 1 26.273400 24.799500 16.102200 
108 2 26.454400 13.843400 18.369800 
1910 1 23.969500 13.647700 17.880300 
1810 1 22.892300 26.380800 15.463300 
1961 1 24.872200 20.707000 13.825100 
