id type x y z 
264 2 5.409740 6.054410 13.021200 
281 1 0.048254 7.248130 2.715170 
848 2 9.813080 7.652240 1.567600 
847 2 9.813080 7.652240 1.567600 
320 2 0.758621 11.371800 10.185700 
710 1 8.836760 13.063800 4.860240 
715 2 7.781190 10.414600 7.051180 
603 2 7.091090 0.450319 3.631510 
862 1 10.888200 8.313160 11.245600 
418 1 6.919400 2.574630 11.546100 
21 1 1.390770 1.089610 -0.062379 
208 2 3.634530 0.705548 2.628070 
696 2 4.473490 11.146500 8.808960 
207 2 3.634530 0.705548 2.628070 
695 2 4.473490 11.146500 8.808960 
45 1 2.518230 3.353680 1.981910 
694 1 5.103480 11.354000 8.821280 
703 2 5.697560 10.721200 3.103690 
693 1 3.908540 10.825100 8.794550 
1062 1 12.607600 11.122800 2.370990 
34 1 2.777800 1.442500 8.413100 
500 2 3.213880 12.634700 12.321600 
55 2 2.477710 4.327370 7.307180 
56 2 2.477710 4.327370 7.307180 
1066 1 12.398900 7.402440 4.872150 
457 1 5.196560 6.880600 0.970157 
52 2 2.753340 1.694230 5.639300 
615 2 6.232380 2.538490 0.994532 
914 1 11.427500 9.082450 7.371450 
73 1 -0.118272 6.604400 8.613410 
1025 1 12.893000 1.566210 4.294110 
54 1 2.440550 3.718180 7.399710 
214 1 5.307850 2.531910 9.274110 
321 1 0.249330 10.296400 12.497200 
47 2 1.975920 3.557990 2.216460 
36 2 2.407800 1.602940 8.997900 
463 2 4.211690 9.102550 11.416600 
702 1 5.277820 11.203200 3.244090 
822 1 10.553400 1.609760 1.842860 
668 2 7.021310 8.228500 3.665690 
667 2 7.021310 8.228500 3.665690 
48 2 1.975920 3.557990 2.216460 
901 1 7.505380 10.140000 10.343500 
601 1 6.406710 0.386696 3.850850 
1050 1 12.948300 5.019620 2.028170 
940 2 9.695840 12.942400 9.577420 
613 1 6.449680 2.064260 0.719695 
1067 2 12.992700 7.748690 4.503610 
896 2 9.561990 7.069330 5.906570 
895 2 9.561990 7.069330 5.906570 
35 2 2.407800 1.602940 8.997900 
894 1 9.194660 6.474080 5.651270 
893 1 9.599530 7.688530 6.253230 
213 1 5.850730 2.730020 8.286060 
716 2 7.781190 10.414600 7.051180 
704 2 5.697560 10.721200 3.103690 
637 1 11.058000 0.787471 11.809700 
846 1 10.198000 7.311170 2.122800 
845 1 9.632530 8.039620 1.053430 
225 1 4.513730 3.385570 4.688780 
226 1 5.360510 3.010140 3.774740 
227 2 4.990140 3.162880 4.170450 
228 2 4.990140 3.162880 4.170450 
229 1 7.540920 3.327720 5.279860 
230 1 7.702190 2.550340 6.508600 
231 2 7.532730 3.041710 5.860220 
232 2 7.532730 3.041710 5.860220 
233 1 8.920110 3.994570 8.076600 
234 1 9.510640 4.437110 8.990850 
235 2 9.251140 4.156650 8.655850 
236 2 9.251140 4.156650 8.655850 
1814 1 0.390725 0.293575 6.963810 
396 2 8.881340 0.932771 8.918000 
610 1 10.293500 0.994680 6.087720 
289 1 0.493759 13.074100 2.615810 
939 2 9.695840 12.942400 9.577420 
713 1 7.982820 10.002600 6.717270 
394 1 8.691920 1.440060 9.422340 
249 1 5.833140 6.583530 6.581020 
250 1 6.379410 5.556330 6.082190 
251 2 6.089570 6.091050 6.339790 
252 2 6.089570 6.091050 6.339790 
257 1 3.785030 3.401120 11.952200 
258 1 3.819830 4.023020 10.740800 
259 2 3.888700 3.767960 11.414100 
260 2 3.888700 3.767960 11.414100 
86 1 -0.234340 8.550960 0.795108 
1001 1 13.335900 1.340210 0.632530 
682 1 6.729070 13.035900 11.739700 
265 1 2.871590 8.396430 2.904380 
266 1 2.247090 9.137100 1.953780 
267 2 2.596260 8.813870 2.613020 
268 2 2.596260 8.813870 2.613020 
913 1 11.363600 9.285890 8.688810 
938 1 9.396800 12.220600 9.598640 
1807 2 0.082052 0.704425 3.215350 
906 1 9.808950 12.121900 1.321050 
277 1 1.541500 6.432600 10.735400 
278 1 1.709240 7.547680 11.228700 
279 2 1.663800 6.920540 10.978400 
280 2 1.663800 6.920540 10.978400 
609 1 9.933170 0.717736 4.789540 
323 2 0.518333 9.896690 12.954600 
828 2 10.923400 3.743090 4.243840 
212 2 5.000980 0.212536 7.150970 
290 1 0.996480 12.037500 1.856460 
395 2 8.881340 0.932771 8.918000 
459 2 4.897610 6.323720 1.524440 
905 1 8.487420 11.880800 0.770813 
319 2 0.758621 11.371800 10.185700 
291 2 0.940429 12.532100 2.178260 
292 2 0.940429 12.532100 2.178260 
49 1 3.251700 1.303160 5.281990 
864 2 10.358200 8.893360 11.158500 
915 2 11.298200 9.255900 8.072100 
461 1 3.475380 9.134990 11.576900 
827 2 10.923400 3.743090 4.243840 
826 1 10.845600 3.467500 4.790100 
497 1 3.656730 12.531600 12.931300 
458 1 4.755830 6.062860 1.914950 
876 2 8.255010 7.426360 9.191110 
53 1 2.269750 5.053700 7.177160 
875 2 8.255010 7.426360 9.191110 
874 1 7.873680 7.070340 9.072260 
1052 2 13.235300 5.536450 2.330320 
873 1 8.733450 8.103950 9.266300 
872 2 4.637860 9.202730 6.175500 
33 1 1.985570 1.502180 9.450500 
871 2 4.637860 9.202730 6.175500 
870 1 5.182020 9.203970 6.566830 
861 1 10.076300 9.288080 11.099400 
869 1 4.151820 9.216270 5.684820 
868 2 9.974830 10.785600 4.188650 
823 2 10.163600 1.310120 1.595420 
825 1 11.324900 4.060620 3.634500 
205 1 3.006870 0.493227 2.434880 
437 1 9.277830 5.881170 12.925700 
438 1 9.116910 5.950010 11.411600 
439 2 9.168680 5.950250 12.160600 
440 2 9.168680 5.950250 12.160600 
206 1 4.177910 0.803527 2.569940 
317 1 0.397659 11.372700 9.874630 
902 1 7.549510 10.633400 11.622100 
908 2 9.199020 11.933700 1.136010 
916 2 11.298200 9.255900 8.072100 
417 1 7.909340 3.571470 11.652400 
469 1 2.865210 6.220450 4.700540 
470 1 4.095790 5.892020 5.161490 
471 2 3.363380 6.045760 4.904710 
472 2 3.363380 6.045760 4.904710 
473 1 2.577550 8.729050 7.629860 
474 1 1.782540 8.797590 8.649560 
475 2 2.164250 8.796610 8.103550 
476 2 2.164250 8.796610 8.103550 
477 1 5.171940 6.256170 8.732790 
478 1 5.316120 5.811080 10.085700 
479 2 5.294200 6.083770 9.459430 
480 2 5.294200 6.083770 9.459430 
614 1 6.013900 3.237700 1.421670 
853 1 12.942300 5.739720 7.435910 
854 1 12.021400 6.021770 8.225630 
485 1 4.662540 11.817900 5.834860 
486 1 4.778340 13.140400 5.268630 
487 2 4.800440 12.485800 5.525240 
488 2 4.800440 12.485800 5.525240 
493 1 1.243430 10.508700 6.085170 
494 1 1.522830 11.765600 5.638020 
495 2 1.420870 11.379400 5.776020 
496 2 1.420870 11.379400 5.776020 
1063 2 12.576500 10.561800 2.577580 
904 2 7.498770 10.349400 11.044000 
50 1 2.376000 1.911970 5.957270 
616 2 6.232380 2.538490 0.994532 
211 2 5.000980 0.212536 7.150970 
867 2 9.974830 10.785600 4.188650 
866 1 10.683300 10.815600 4.346970 
611 2 10.137200 0.815994 5.405090 
824 2 10.163600 1.310120 1.595420 
263 2 5.409740 6.054410 13.021200 
863 2 10.358200 8.893360 11.158500 
865 1 9.155260 10.904000 4.003850 
51 2 2.753340 1.694230 5.639300 
46 1 1.405620 3.757360 2.538900 
714 1 7.504410 11.072300 7.315980 
464 2 4.211690 9.102550 11.416600 
270 1 -0.249531 8.418800 5.660170 
1061 1 12.306300 9.921170 2.900880 
318 1 1.332710 11.464900 10.706000 
1064 2 12.576500 10.561800 2.577580 
1114 1 12.685900 10.871400 6.140710 
498 1 2.910150 12.687900 11.875200 
244 2 1.443730 1.524630 12.543700 
701 1 6.227780 10.254900 3.085440 
1051 2 13.235300 5.536450 2.330320 
855 2 12.444800 5.821460 7.831600 
856 2 12.444800 5.821460 7.831600 
633 1 12.172100 1.689930 8.171620 
634 1 12.175400 2.662130 7.402440 
635 2 12.154900 2.149530 7.754630 
636 2 12.154900 2.149530 7.754630 
1049 1 13.526400 6.230720 2.738840 
638 1 9.698570 1.455720 11.857700 
639 2 10.455800 1.001330 11.817000 
640 2 10.455800 1.001330 11.817000 
602 1 7.602180 0.491438 3.494110 
216 2 5.635320 2.684930 8.724310 
262 1 5.810660 6.328000 13.021700 
645 1 8.416880 4.442570 3.210530 
646 1 7.811490 5.519970 2.875520 
647 2 8.083730 4.983670 3.047010 
648 2 8.083730 4.983670 3.047010 
653 1 11.399000 4.761490 11.293700 
654 1 11.905500 3.741490 10.396000 
655 2 11.605100 4.333370 10.840400 
656 2 11.605100 4.333370 10.840400 
215 2 5.635320 2.684930 8.724310 
243 2 1.443730 1.524630 12.543700 
821 1 9.702120 0.812483 1.298640 
665 1 6.377110 7.950650 3.855020 
666 1 7.514420 8.355860 3.686570 
1068 2 12.992700 7.748690 4.503610 
903 2 7.498770 10.349400 11.044000 
393 1 8.990780 0.386928 8.468510 
324 2 0.518333 9.896690 12.954600 
462 1 4.876460 9.021190 10.957500 
419 2 7.481080 2.945830 11.575600 
420 2 7.481080 2.945830 11.575600 
612 2 10.137200 0.815994 5.405090 
460 2 4.897610 6.323720 1.524440 
604 2 7.091090 0.450319 3.631510 
1116 2 13.158300 10.842600 5.824690 
907 2 9.199020 11.933700 1.136010 
241 1 1.732470 2.106370 12.648900 
1808 2 0.082052 0.704425 3.215350 
57 1 2.018460 6.269840 0.682521 
210 1 5.106570 0.845214 7.394600 
499 2 3.213880 12.634700 12.321600 
1115 2 13.158300 10.842600 5.824690 
1045 1 11.134100 5.799730 -0.183229 
242 1 1.288800 0.730519 12.172400 
1806 1 0.641871 0.875074 3.109280 
261 1 4.723250 5.557140 12.862900 
59 2 2.023370 6.504810 0.047946 
60 2 2.023370 6.504810 0.047946 
504 2 8.695400 12.190300 13.877200 
503 2 8.695400 12.190300 13.877200 
124 2 2.263710 12.602700 15.662800 
810 1 12.016500 0.149874 19.886400 
664 2 7.885320 8.445220 14.243600 
629 1 6.377220 1.570660 23.228300 
441 1 5.051920 2.316180 15.057400 
1076 2 10.163800 8.342780 17.573000 
1075 2 10.163800 8.342780 17.573000 
1397 1 11.982600 1.759910 24.187200 
1094 1 11.900400 11.788000 23.852600 
621 1 10.472300 3.270520 15.085500 
44 2 1.679720 4.628070 14.756300 
442 1 4.265850 2.001740 13.823700 
217 1 3.960780 0.465997 23.677000 
818 1 10.065900 2.289920 24.965200 
41 1 1.491150 4.127190 14.499400 
539 2 6.201560 13.131700 20.349500 
1398 1 12.091200 0.321628 24.181000 
805 1 8.478990 -0.313350 25.304400 
43 2 1.679720 4.628070 14.756300 
858 1 11.527800 6.577380 14.073100 
1081 1 10.621400 9.333130 13.848000 
789 1 9.582190 1.708430 18.559900 
123 2 2.263710 12.602700 15.662800 
883 2 7.174280 9.176860 26.271700 
641 1 7.483810 5.973430 25.220600 
220 2 3.476310 0.467450 23.427200 
103 2 0.445010 8.341260 24.290800 
434 1 3.816700 3.918430 21.008800 
1095 2 11.728500 12.370100 23.803600 
662 1 7.397660 7.961510 13.807800 
622 1 10.134400 3.522550 13.719000 
643 2 7.499120 5.597260 25.743700 
885 1 11.619900 12.822300 16.256300 
10 1 2.709080 0.872456 18.907800 
1850 1 0.893331 2.283920 16.988500 
538 1 6.579560 13.372200 20.043000 
482 1 3.549870 9.504500 26.040600 
322 1 0.875050 9.534030 13.465600 
623 2 10.285000 3.327090 14.394000 
1425 1 12.426900 2.434480 16.942100 
881 1 7.539490 8.819140 26.107800 
1102 1 12.514900 10.168700 26.381300 
301 1 2.194760 7.889930 14.502800 
1193 1 9.410980 -0.125906 22.376700 
39 2 0.897336 1.245890 21.807100 
253 1 1.074440 5.164720 22.024200 
254 1 0.740713 6.212860 22.663200 
255 2 0.881420 5.714180 22.349300 
256 2 0.881420 5.714180 22.349300 
1106 1 12.832900 12.996300 14.104700 
273 1 5.091460 7.621790 16.474800 
274 1 6.122910 8.444750 15.813600 
275 2 5.542830 7.994660 16.288100 
276 2 5.542830 7.994660 16.288100 
790 1 9.278530 1.989480 17.158800 
812 2 11.297900 -0.062512 19.735600 
222 1 3.834920 3.294890 24.883500 
410 1 5.968990 0.135432 20.526900 
1046 1 10.469800 4.651330 26.447100 
899 2 9.020070 11.126100 24.157300 
624 2 10.285000 3.327090 14.394000 
900 2 9.020070 11.126100 24.157300 
484 2 3.723570 10.032700 26.289600 
40 2 0.897336 1.245890 21.807100 
69 1 1.675240 5.126970 19.107700 
303 2 2.725640 7.641560 14.431200 
820 2 9.564120 2.688160 24.709300 
1018 1 11.384100 4.789450 22.696400 
537 1 5.595200 12.876900 20.864700 
630 1 6.429740 2.430060 24.090300 
882 1 6.523510 9.537890 26.476200 
859 2 11.488800 6.336700 14.592700 
1090 1 13.464500 12.205700 19.391200 
306 1 4.612960 11.292400 18.434800 
288 2 1.768490 11.998200 24.475000 
466 1 5.125890 11.099300 15.349900 
523 2 5.029820 11.454100 23.700900 
429 1 4.251700 4.438820 16.214100 
430 1 5.031430 4.868010 17.277500 
431 2 4.647850 4.648830 16.688900 
432 2 4.647850 4.648830 16.688900 
433 1 3.954570 2.662290 21.582600 
811 2 11.297900 -0.062512 19.735600 
435 2 3.887970 3.246750 21.299300 
436 2 3.887970 3.246750 21.299300 
642 1 7.457720 5.237560 26.358900 
445 1 8.522790 4.891310 15.894200 
446 1 7.859190 5.775460 15.483800 
447 2 8.198410 5.199400 15.619700 
448 2 8.198410 5.199400 15.619700 
449 1 2.428890 7.667960 18.079800 
450 1 1.334160 7.803090 18.813900 
451 2 1.790200 7.780290 18.535600 
452 2 1.790200 7.780290 18.535600 
453 1 3.414780 7.676520 23.554400 
454 1 4.214330 6.539040 23.184100 
455 2 3.846410 7.052600 23.340100 
456 2 3.846410 7.052600 23.340100 
112 2 2.521450 13.122300 20.706100 
287 2 1.768490 11.998200 24.475000 
122 1 2.717490 12.091700 16.043800 
101 1 -0.064584 7.714130 24.291500 
411 2 6.410330 0.544150 20.425500 
465 1 5.532470 11.017600 14.003900 
1104 2 12.015200 9.955120 26.152500 
467 2 5.450310 11.082100 14.550400 
468 2 5.450310 11.082100 14.550400 
686 1 8.680210 12.479600 17.193700 
489 1 3.304600 9.163660 20.991400 
490 1 3.907160 10.518700 21.300100 
491 2 3.572070 9.773650 21.102900 
492 2 3.572070 9.773650 21.102900 
1074 1 10.045300 8.504270 17.105500 
819 2 9.564120 2.688160 24.709300 
1017 1 12.355700 5.648780 22.766600 
304 2 2.725640 7.641560 14.431200 
409 1 6.792030 1.142580 20.260400 
1037 1 12.967100 9.740440 17.399300 
1055 2 13.263400 7.099200 20.241000 
1426 1 12.849400 1.886710 16.034500 
1851 2 0.267585 2.190390 17.191300 
110 1 2.545420 12.908600 20.133200 
308 2 4.380740 10.800400 18.050400 
625 1 5.617420 1.082030 16.944700 
626 1 6.536570 1.992090 17.491400 
627 2 6.131060 1.491200 17.069900 
628 2 6.131060 1.491200 17.069900 
285 1 1.607940 12.543000 24.568400 
412 2 6.410330 0.544150 20.425500 
631 2 6.494230 2.044280 23.647000 
632 2 6.494230 2.044280 23.647000 
71 2 1.936610 4.627610 19.512700 
649 1 5.462700 6.027530 19.832400 
650 1 4.327210 6.847460 20.117300 
651 2 4.875630 6.464390 19.962000 
652 2 4.875630 6.464390 19.962000 
657 1 7.075830 5.605100 22.275500 
658 1 7.441020 4.254370 22.629700 
659 2 7.361280 4.927100 22.458300 
660 2 7.361280 4.927100 22.458300 
661 1 8.465420 8.739570 14.445600 
669 1 9.278590 8.395490 20.690000 
670 1 9.453580 6.928950 21.283700 
671 2 9.445500 7.602320 20.989400 
672 2 9.445500 7.602320 20.989400 
673 1 12.405600 8.894130 22.475200 
674 1 11.730900 10.011200 21.918100 
675 2 12.133300 9.498720 22.226700 
676 2 12.133300 9.498720 22.226700 
677 1 7.106370 8.752620 23.223700 
678 1 6.105460 8.298250 22.587300 
679 2 6.605040 8.610700 22.881600 
680 2 6.605040 8.610700 22.881600 
1097 1 13.046300 7.270380 24.797200 
70 1 2.056640 4.173730 19.904200 
1837 1 0.805348 3.706300 24.610600 
687 2 8.231800 12.911100 17.054500 
688 2 8.231800 12.911100 17.054500 
1073 1 10.481100 7.949580 18.309000 
1056 2 13.263400 7.099200 20.241000 
302 1 3.376620 7.334790 14.302300 
305 1 4.274190 10.325000 17.849000 
697 1 7.427760 9.720560 19.343800 
698 1 6.258770 9.148880 19.251900 
699 2 7.030040 9.596790 19.287900 
700 2 7.030040 9.596790 19.287900 
104 2 0.445010 8.341260 24.290800 
663 2 7.885320 8.445220 14.243600 
11 2 3.180760 1.176150 18.720600 
1082 1 11.360300 10.068000 14.826100 
860 2 11.488800 6.336700 14.592700 
111 2 2.521450 13.122300 20.706100 
1893 1 0.623544 10.667000 19.000100 
444 2 4.438810 2.276820 14.259400 
897 1 8.567740 10.806300 23.772800 
218 1 2.885940 0.531181 22.979600 
1852 2 0.267585 2.190390 17.191300 
842 1 10.164400 5.438590 19.278800 
443 2 4.438810 2.276820 14.259400 
1096 2 11.728500 12.370100 23.803600 
1400 2 12.059400 0.932454 24.098300 
1399 2 12.059400 0.932454 24.098300 
1428 2 12.631100 2.279260 16.543800 
1091 2 13.412600 12.412000 20.014100 
1092 2 13.412600 12.412000 20.014100 
58 1 2.012260 6.616020 26.032700 
219 2 3.476310 0.467450 23.427200 
837 1 10.193400 2.987630 21.066000 
838 1 9.307100 2.602930 21.879400 
839 2 9.770020 2.736320 21.548300 
840 2 9.770020 2.736320 21.548300 
841 1 10.180900 4.121490 18.767700 
849 1 7.395220 4.129970 18.857700 
850 1 6.292830 3.804400 19.759100 
851 2 6.849240 4.022550 19.318000 
852 2 6.849240 4.022550 19.318000 
102 1 0.709306 8.894730 24.513100 
877 1 9.796420 7.567790 23.950700 
878 1 9.669620 8.577200 24.741100 
879 2 9.755930 7.958530 24.371100 
880 2 9.755930 7.958530 24.371100 
1103 2 12.015200 9.955120 26.152500 
37 1 1.229680 1.639200 22.147400 
886 1 11.628800 11.857500 17.265200 
887 2 11.565900 12.297800 16.855600 
888 2 11.565900 12.297800 16.855600 
889 1 10.557900 11.136600 19.871200 
890 1 9.695870 10.615400 19.108800 
891 2 10.192400 10.877600 19.562500 
892 2 10.192400 10.877600 19.562500 
1083 2 11.062000 9.727620 14.281100 
42 1 2.028720 5.124940 14.983900 
817 1 9.090060 3.282210 24.553200 
72 2 1.936610 4.627610 19.512700 
121 1 1.968250 13.157200 15.415700 
857 1 11.472200 6.147460 15.248600 
307 2 4.380740 10.800400 18.050400 
223 2 3.882700 3.969220 25.284900 
224 2 3.882700 3.969220 25.284900 
1054 1 12.902900 7.538610 20.434400 
844 2 10.082500 4.823330 18.956600 
843 2 10.082500 4.823330 18.956600 
1427 2 12.631100 2.279260 16.543800 
809 1 10.633500 -0.217641 19.848100 
1839 2 0.241585 3.505540 24.956700 
1041 1 13.262400 3.679240 13.821100 
1084 2 11.062000 9.727620 14.281100 
884 2 7.174280 9.176860 26.271700 
483 2 3.723570 10.032700 26.289600 
792 2 9.394770 1.867820 17.652000 
791 2 9.394770 1.867820 17.652000 
898 1 9.517860 11.349200 24.619700 
286 1 2.152050 11.264300 24.266400 
9 1 3.685120 1.522120 18.389500 
521 1 5.203810 10.703600 23.786200 
540 2 6.201560 13.131700 20.349500 
524 2 5.029820 11.454100 23.700900 
522 1 4.888490 12.108400 23.712200 
644 2 7.499120 5.597260 25.743700 
726 1 6.838550 13.294900 25.446500 
813 1 13.506600 2.509190 19.739900 
502 1 7.876130 12.416000 14.247800 
38 1 0.436940 0.950657 21.291700 
12 2 3.180760 1.176150 18.720600 
481 1 3.705890 10.600000 26.593300 
1019 2 11.835000 5.198710 22.760200 
1020 2 11.835000 5.198710 22.760200 
1840 2 0.241585 3.505540 24.956700 
1070 1 13.439500 6.243220 17.324200 
221 1 3.718910 4.580380 25.667600 
109 1 2.220190 13.306800 21.379700 
1093 1 11.647200 13.037900 23.810200 
23 2 1.315160 0.588691 26.163800 
24 2 1.315160 0.588691 26.163800 
1047 2 10.783500 5.169140 26.401500 
1048 2 10.783500 5.169140 26.401500 
1101 1 11.486100 9.684710 26.174500 
22 1 1.199620 0.106871 25.647900 
501 1 9.189840 11.941200 13.640300 
148 2 1.306260 18.561300 2.650620 
151 2 1.595310 21.094300 6.305020 
313 1 1.096590 13.444500 7.538950 
202 1 0.863388 24.732400 1.712170 
1142 1 12.541300 16.195300 13.428300 
150 1 2.072070 21.282600 6.741290 
201 1 1.886490 23.808600 1.575660 
961 1 11.733700 18.596200 0.886644 
139 2 0.487684 14.795400 11.917800 
140 2 0.487684 14.795400 11.917800 
586 1 5.276470 24.897700 3.725490 
1124 2 9.573900 15.490600 12.257400 
146 1 1.832040 19.244400 2.536770 
909 1 12.708800 14.195400 3.394580 
421 1 3.981810 25.398800 13.133700 
544 2 5.214320 19.991900 0.608444 
562 1 3.826990 24.201000 1.158930 
1134 1 11.673400 17.225500 10.253000 
198 1 2.662970 25.457200 9.969360 
801 1 12.959300 24.679900 11.882800 
963 2 11.625700 18.266200 1.326860 
153 1 0.569238 17.666300 10.694100 
331 2 1.556710 17.588700 7.017460 
513 1 5.250680 14.188400 8.114550 
1356 2 13.292600 19.330300 7.832590 
744 2 7.743790 17.489800 0.554048 
763 2 6.609690 21.793700 3.582010 
1333 1 12.124800 13.774700 7.451880 
520 2 8.794490 16.123700 8.260420 
519 2 8.794490 16.123700 8.260420 
316 2 1.117610 13.965500 7.952120 
199 2 2.351080 25.083000 9.533500 
200 2 2.351080 25.083000 9.533500 
617 1 12.387700 25.414000 7.729360 
141 1 1.531850 20.733900 9.367540 
344 2 0.465142 18.590100 13.202600 
143 2 1.681920 21.165800 9.725420 
144 2 1.681920 21.165800 9.725420 
1162 1 12.281400 22.014900 13.118500 
1336 2 12.590600 14.018200 7.540920 
723 2 7.246000 17.166500 10.675600 
741 1 7.184200 17.528300 1.087560 
683 2 6.284080 13.457700 11.676300 
721 1 6.918640 17.714800 10.641100 
1122 1 9.814370 16.028300 12.675500 
209 1 4.955530 26.192600 6.943290 
722 1 7.461980 16.467800 10.501000 
784 2 9.611570 24.070800 11.029500 
315 2 1.117610 13.965500 7.952120 
929 1 9.365590 14.866300 3.251170 
620 2 11.809500 24.985100 8.167760 
349 1 4.738250 19.317400 5.334490 
350 1 3.421420 19.248700 4.937160 
351 2 4.109480 19.212100 5.100780 
352 2 4.109480 19.212100 5.100780 
353 1 4.251430 18.969000 11.790800 
354 1 3.127060 18.374300 11.661800 
355 2 3.717620 18.703200 11.796500 
356 2 3.717620 18.703200 11.796500 
30 1 1.569800 24.492500 5.777300 
743 2 7.743790 17.489800 0.554048 
514 1 6.514270 14.145500 8.263910 
1198 1 10.047500 20.469900 1.866910 
958 1 9.561550 18.334900 12.029700 
511 2 3.698100 13.957300 0.416510 
512 2 3.698100 13.957300 0.416510 
365 1 3.269780 21.289400 2.568730 
366 1 2.741230 22.068700 3.456080 
367 2 2.957790 21.625700 3.046740 
368 2 2.957790 21.625700 3.046740 
369 1 5.133510 22.354800 11.090600 
370 1 4.582270 21.149600 10.729200 
371 2 4.800880 21.752000 10.927600 
372 2 4.800880 21.752000 10.927600 
542 1 5.642090 20.463300 0.384567 
29 1 2.706000 24.143800 6.109260 
31 2 2.019990 24.353900 5.963600 
389 1 7.436950 24.606200 9.660470 
1140 2 12.856100 14.844300 0.025903 
391 2 6.690240 24.751200 9.776160 
392 2 6.690240 24.751200 9.776160 
329 1 1.296850 18.003700 7.119350 
964 2 11.625700 18.266200 1.326860 
377 1 1.941950 21.635200 -0.031054 
1355 2 13.292600 19.330300 7.832590 
712 2 8.625000 13.629600 5.297530 
147 2 1.306260 18.561300 2.650620 
1168 2 12.426500 21.815300 1.856290 
1187 2 13.011600 25.143000 1.380060 
204 2 1.425630 24.309500 1.752330 
619 2 11.809500 24.985100 8.167760 
910 1 12.808700 13.664100 4.633890 
525 1 4.355000 16.917100 3.216260 
526 1 4.581130 17.090800 1.836090 
527 2 4.459570 17.023400 2.611350 
528 2 4.459570 17.023400 2.611350 
529 1 3.865850 15.823800 5.275940 
530 1 3.129670 14.831600 6.334720 
531 2 3.564310 15.394300 5.840200 
532 2 3.564310 15.394300 5.840200 
533 1 3.069410 14.738900 9.864480 
534 1 3.799410 15.972400 10.265500 
535 2 3.330410 15.419100 10.077100 
536 2 3.330410 15.419100 10.077100 
1354 1 12.596600 19.499400 7.681720 
1123 2 9.573900 15.490600 12.257400 
515 2 5.956310 14.175700 8.257030 
553 1 7.403990 20.044300 7.177480 
554 1 6.534570 21.065900 6.799240 
555 2 6.997880 20.553300 6.958940 
556 2 6.997880 20.553300 6.958940 
561 1 4.665750 23.046100 0.933217 
563 2 4.262820 23.635600 1.011720 
564 2 4.262820 23.635600 1.011720 
569 1 5.049950 22.969000 7.315130 
570 1 4.536140 23.007500 8.387130 
571 2 4.767680 22.980500 7.679910 
572 2 4.767680 22.980500 7.679910 
2 1 1.120480 23.931200 11.863600 
1133 1 11.962400 16.254700 9.390760 
390 1 6.167830 24.935200 9.798460 
541 1 4.831450 19.595500 0.894700 
587 2 4.944610 24.687000 4.277560 
343 2 0.465142 18.590100 13.202600 
709 1 8.320990 14.086900 5.653580 
593 1 7.831830 24.095200 6.643490 
594 1 7.733540 25.395900 5.930240 
595 2 7.797920 24.624200 6.244880 
596 2 7.797920 24.624200 6.244880 
312 2 0.512753 15.226200 4.037030 
332 2 1.556710 17.588700 7.017460 
618 1 11.173800 24.753600 8.145940 
311 2 0.512753 15.226200 4.037030 
804 2 12.584700 25.076000 12.316600 
516 2 5.956310 14.175700 8.257030 
152 2 1.595310 21.094300 6.305020 
1169 1 12.984700 19.566800 4.853640 
1117 1 12.816100 13.326900 10.824100 
517 1 9.323080 16.442000 8.561940 
1167 2 12.426500 21.815300 1.856290 
330 1 2.141820 16.913100 6.780830 
742 1 8.468550 17.667200 0.142874 
729 1 6.636630 17.026200 4.771300 
730 1 6.378530 16.612200 6.103210 
731 2 6.502500 16.775300 5.456990 
732 2 6.502500 16.775300 5.456990 
737 1 5.720000 18.258900 8.462660 
738 1 4.343240 17.921900 8.823410 
739 2 5.104850 18.108800 8.707970 
740 2 5.104850 18.108800 8.707970 
1197 1 9.112010 20.583200 0.776053 
518 1 8.195070 15.778100 7.957120 
203 2 1.425630 24.309500 1.752330 
745 1 6.577200 14.455500 3.412160 
746 1 6.670850 14.282900 2.122190 
747 2 6.628260 14.351600 2.814060 
748 2 6.628260 14.351600 2.814060 
753 1 10.425600 18.310300 7.122650 
754 1 9.649930 19.334900 7.606840 
755 2 9.991210 18.911000 7.429150 
756 2 9.991210 18.911000 7.429150 
994 1 12.960500 25.431500 4.798610 
1199 2 9.392690 20.590500 1.182910 
711 2 8.625000 13.629600 5.297530 
932 2 9.925810 15.152000 2.624340 
761 1 7.122560 21.561600 3.285920 
764 2 6.609690 21.793700 3.582010 
156 2 0.203006 17.740900 10.001200 
773 1 9.705920 22.268000 7.495230 
774 1 9.332540 22.334300 8.810110 
775 2 9.512930 22.405200 8.168690 
776 2 9.512930 22.405200 8.168690 
777 1 8.457070 20.069100 10.800200 
778 1 7.635380 21.303800 11.495200 
779 2 8.042370 20.841700 11.210300 
780 2 8.042370 20.841700 11.210300 
197 1 1.940390 24.829600 9.125850 
931 2 9.925810 15.152000 2.624340 
781 1 9.467820 24.588700 10.983900 
1165 1 11.922400 22.099800 1.393820 
1136 2 11.812200 16.688700 9.805160 
762 1 5.924890 22.162500 3.845210 
149 1 1.195020 21.016900 5.858990 
310 1 1.078140 15.030500 4.130190 
145 1 0.955363 18.076400 2.679680 
314 1 0.952129 14.516800 8.487160 
930 1 10.202300 15.389700 2.204900 
996 2 12.531500 24.740200 4.765270 
1188 2 13.011600 25.143000 1.380060 
803 2 12.584700 25.076000 12.316600 
543 2 5.214320 19.991900 0.608444 
1139 2 12.856100 14.844300 0.025903 
993 1 12.031200 24.442000 4.694110 
783 2 9.611570 24.070800 11.029500 
995 2 12.531500 24.740200 4.765270 
137 1 1.007350 15.253500 12.416300 
585 1 4.668030 24.614200 4.684970 
945 1 8.602740 18.923100 3.622090 
946 1 9.679300 18.281100 4.106450 
947 2 9.272790 18.570200 3.817160 
948 2 9.272790 18.570200 3.817160 
949 1 12.050800 17.130800 5.751110 
950 1 11.243800 15.978400 5.834050 
951 2 11.649800 16.717100 5.783750 
952 2 11.649800 16.717100 5.783750 
957 1 10.533600 19.098600 11.958000 
911 2 12.761800 14.020600 3.920020 
959 2 10.062300 18.733100 11.944600 
960 2 10.062300 18.733100 11.944600 
588 2 4.944610 24.687000 4.277560 
802 1 12.080900 25.475800 12.685500 
1200 2 9.392690 20.590500 1.182910 
969 1 10.692800 21.697700 4.192930 
970 1 9.589910 22.409100 4.748950 
971 2 10.139000 22.032800 4.470190 
972 2 10.139000 22.032800 4.470190 
973 1 12.079300 23.095500 9.933780 
681 1 5.773770 13.890200 11.557000 
975 2 12.173100 22.292100 9.969620 
976 2 12.173100 22.292100 9.969620 
142 1 1.900800 21.703800 10.234300 
509 1 4.290790 14.176600 0.283932 
1166 1 12.914300 21.717600 2.110280 
985 1 9.903570 23.911500 2.029890 
986 1 9.116880 24.876800 2.558530 
987 2 9.457900 24.443500 2.145970 
988 2 9.457900 24.443500 2.145970 
912 2 12.761800 14.020600 3.920020 
684 2 6.284080 13.457700 11.676300 
423 2 4.251830 25.198500 12.577900 
1135 2 11.812200 16.688700 9.805160 
32 2 2.019990 24.353900 5.963600 
1121 1 9.357960 14.911100 11.931000 
782 1 9.909570 23.463800 11.236100 
724 2 7.246000 17.166500 10.675600 
974 1 12.245200 21.853300 9.823190 
424 2 4.251830 25.198500 12.577900 
937 1 9.995590 13.485300 9.617680 
962 1 11.406900 17.828500 1.842490 
4 2 0.575900 23.938700 12.301900 
1 1 0.165710 23.834100 12.816000 
155 2 0.203006 17.740900 10.001200 
3 2 0.575900 23.938700 12.301900 
1185 1 12.464000 25.531500 1.264880 
1335 2 12.590600 14.018200 7.540920 
1393 1 12.709400 22.283400 6.430220 
758 1 3.506630 15.132000 13.415900 
422 1 4.772870 24.910500 12.018700 
342 1 0.377032 19.241600 12.825500 
510 1 3.113940 13.785900 0.635837 
174 1 -0.045731 19.511500 19.872900 
1109 1 10.041600 15.285100 19.202900 
806 1 8.678100 25.640700 26.472500 
1112 2 10.410600 14.914700 19.540600 
798 1 7.733960 22.096100 25.909500 
984 2 8.408140 22.799400 13.978600 
606 1 11.543600 24.886000 15.470000 
581 1 4.977640 25.758500 25.614600 
133 1 0.307615 21.892900 22.730000 
598 1 3.294100 22.777800 24.437600 
339 2 3.853790 17.276000 25.860600 
728 2 7.060240 13.674400 25.789800 
505 1 7.216000 14.611900 13.878200 
120 2 -0.033488 15.357100 23.006000 
337 1 4.550620 17.559300 25.509200 
1164 2 11.870500 21.568600 13.489000 
134 1 0.885013 20.664100 22.500000 
926 1 13.149700 14.985800 17.510400 
119 2 -0.033488 15.357100 23.006000 
941 1 10.637000 19.195000 24.901800 
983 2 8.408140 22.799400 13.978600 
346 1 2.872820 15.739600 17.807000 
944 2 10.327400 19.045900 24.639000 
808 2 8.523260 26.076700 25.934600 
943 2 10.327400 19.045900 24.639000 
1363 2 12.212600 23.524900 22.045000 
690 1 8.452820 14.209700 21.978700 
965 1 11.845900 19.501600 17.047100 
707 2 9.881030 15.603400 15.872900 
924 2 9.484100 18.876400 15.081100 
923 2 9.484100 18.876400 15.081100 
362 1 3.487180 21.708800 13.787600 
6 1 1.771940 24.798200 18.422900 
386 1 0.395709 19.590100 15.976600 
705 1 10.083000 15.556800 16.321600 
158 1 1.563570 18.688000 24.329000 
1110 1 10.722700 14.332800 20.059800 
1108 2 12.835600 13.559100 14.275200 
325 1 4.556420 14.387900 17.053100 
326 1 5.530640 14.201100 18.176900 
327 2 5.023340 14.336200 17.523800 
328 2 5.023340 14.336200 17.523800 
333 1 6.512890 16.905100 19.932700 
334 1 7.858720 16.586700 20.239400 
335 2 7.113460 16.684900 20.281300 
336 2 7.113460 16.684900 20.281300 
426 1 3.228730 26.023100 15.405900 
186 1 0.227984 21.940900 14.578200 
1105 1 12.787500 14.293500 14.556900 
692 2 8.669870 13.730400 22.191900 
1107 2 12.835600 13.559100 14.275200 
118 1 0.437217 14.868200 23.376200 
403 2 7.743520 26.357500 13.966500 
347 2 2.441770 16.081600 17.494600 
348 2 2.441770 16.081600 17.494600 
605 1 10.410300 25.046400 16.324600 
373 1 2.864810 22.133300 20.123600 
374 1 1.690640 21.658400 20.053400 
375 2 2.414690 21.897400 20.101200 
376 2 2.414690 21.897400 20.101200 
401 1 7.247890 25.997800 14.114600 
1161 1 11.318100 21.167100 13.579900 
360 2 6.615020 17.842900 13.942400 
1125 1 13.005200 17.856100 25.408800 
384 2 5.747370 23.924900 15.903100 
397 1 0.949159 25.301800 23.735800 
689 1 8.852930 12.964500 22.331700 
807 2 8.523260 26.076700 25.934600 
341 1 0.418637 17.984000 13.461200 
584 2 5.632800 25.826900 25.631300 
917 1 10.183500 15.265100 25.572600 
760 2 3.356720 15.580900 13.789600 
506 1 6.426440 14.785200 14.843500 
406 1 3.291130 21.490300 16.528200 
918 1 9.243300 15.418900 24.422700 
5 1 0.831066 24.290400 17.691400 
414 1 2.801280 24.095900 21.363300 
1313 1 13.133800 14.880300 21.811700 
338 1 3.253700 17.195700 26.023000 
1175 2 10.452800 23.744100 24.905800 
800 2 7.275780 22.646200 26.030400 
129 1 3.675980 15.842300 21.320200 
799 2 7.275780 22.646200 26.030400 
706 1 9.693080 15.700800 15.141200 
717 1 7.094280 17.269500 22.487700 
545 1 6.784180 17.023300 16.819800 
546 1 7.700750 17.074000 17.654200 
547 2 7.254960 17.139900 17.287200 
548 2 7.254960 17.139900 17.287200 
549 1 4.130480 19.473300 19.040500 
550 1 3.668340 18.602900 18.309700 
551 2 3.952530 18.937500 18.667500 
552 2 3.952530 18.937500 18.667500 
557 1 4.316470 14.836700 24.036100 
558 1 4.850640 14.767500 22.822700 
559 2 4.602790 14.762100 23.377200 
560 2 4.602790 14.762100 23.377200 
720 2 7.258010 17.555200 23.436200 
565 1 3.115660 18.805900 14.247600 
566 1 3.453660 18.525000 15.610400 
567 2 3.361180 18.724500 14.892800 
568 2 3.361180 18.724500 14.892800 
573 1 4.263310 20.110500 22.851900 
574 1 4.514470 18.977600 22.120200 
575 2 4.205670 19.525900 22.593800 
576 2 4.205670 19.525900 22.593800 
577 1 7.494090 20.630400 23.399300 
578 1 7.231760 21.801200 22.885300 
579 2 7.485480 21.130000 23.130600 
580 2 7.485480 21.130000 23.130600 
413 1 3.636850 25.287300 21.196400 
589 1 6.181120 24.121100 18.492800 
590 1 5.656930 23.963500 19.713100 
591 2 5.908890 23.898100 19.145500 
592 2 5.908890 23.898100 19.145500 
379 2 1.519710 21.426500 26.263600 
399 2 0.693709 24.879000 23.989500 
7 2 1.284840 24.533900 18.043200 
176 2 0.429823 19.151200 20.153800 
405 1 2.623560 21.474700 17.624800 
708 2 9.881030 15.603400 15.872900 
1174 1 9.684940 23.821600 25.283000 
718 1 7.431990 17.514400 23.937700 
173 1 0.968083 18.798300 20.334900 
733 1 7.400410 20.393500 20.429900 
734 1 6.838180 19.491800 19.344200 
735 2 7.184560 19.839700 19.857500 
736 2 7.184560 19.839700 19.857500 
428 2 3.106240 25.615400 15.711200 
749 1 10.780200 17.830600 18.812700 
750 1 10.522000 19.080000 18.779400 
751 2 10.709200 18.552500 18.734400 
752 2 10.709200 18.552500 18.734400 
1176 2 10.452800 23.744100 24.905800 
427 2 3.106240 25.615400 15.711200 
766 1 6.998590 21.299800 16.417800 
767 2 6.611570 20.772300 16.036500 
768 2 6.611570 20.772300 16.036500 
769 1 9.340380 22.566000 17.156400 
770 1 10.337400 21.811000 17.711600 
771 2 9.754590 22.219700 17.322800 
772 2 9.754590 22.219700 17.322800 
382 1 5.493670 23.393900 16.284300 
785 1 8.280650 25.758000 17.362500 
786 1 8.371790 25.099000 18.543900 
787 2 8.393840 25.460500 17.843800 
788 2 8.393840 25.460500 17.843800 
1194 1 8.231960 26.358700 22.004400 
160 2 1.192400 18.150600 24.156500 
425 1 2.771880 25.024700 16.288500 
359 2 6.615020 17.842900 13.942400 
793 1 6.953560 24.379000 22.599800 
794 1 5.978050 23.883900 23.175000 
795 2 6.419940 24.168300 22.822300 
796 2 6.419940 24.168300 22.822300 
383 2 5.747370 23.924900 15.903100 
599 2 4.058990 22.928200 24.445500 
361 1 3.057940 23.051200 13.798500 
1143 2 12.653700 16.747000 13.849200 
400 2 0.693709 24.879000 23.989500 
597 1 4.686530 23.121900 24.613400 
404 2 7.743520 26.357500 13.966500 
1364 2 12.212600 23.524900 22.045000 
1195 2 8.932840 26.377100 22.265200 
363 2 3.208410 22.348200 13.831400 
691 2 8.669870 13.730400 22.191900 
340 2 3.853790 17.276000 25.860600 
607 2 11.210100 24.971800 15.795800 
920 2 9.731530 15.332700 25.152700 
402 1 8.499000 26.479200 13.762300 
933 1 10.415200 16.883900 21.889000 
934 1 11.060000 17.124400 22.913000 
935 2 10.753500 16.909200 22.362500 
936 2 10.753500 16.909200 22.362500 
942 1 9.723480 18.918100 23.937500 
953 1 10.727600 21.192600 21.916500 
954 1 10.607200 20.356600 21.035200 
955 2 10.652200 20.789300 21.434900 
956 2 10.652200 20.789300 21.434900 
1901 1 0.397114 15.713100 15.919500 
378 1 0.928604 21.186700 26.097300 
966 1 12.695800 19.625000 16.020800 
967 2 12.295000 19.552800 16.495400 
968 2 12.295000 19.552800 16.495400 
977 1 8.746750 23.731200 20.561500 
978 1 9.050490 22.547700 20.438100 
979 2 8.915060 23.266800 20.501000 
980 2 8.915060 23.266800 20.501000 
981 1 7.703620 22.873000 13.991700 
989 1 13.132600 21.854100 18.813600 
8 2 1.284840 24.533900 18.043200 
991 2 13.190300 22.505900 18.678100 
992 2 13.190300 22.505900 18.678100 
380 2 1.519710 21.426500 26.263600 
345 1 1.951800 16.446000 17.209400 
175 2 0.429823 19.151200 20.153800 
982 1 9.122950 22.726100 14.187200 
357 1 7.238460 18.177000 13.913200 
135 2 0.570273 21.296500 22.723100 
582 1 6.195090 26.004500 25.547000 
157 1 0.778801 17.573100 23.942300 
919 2 9.731530 15.332700 25.152700 
132 2 3.446010 16.423400 20.836000 
922 1 9.870050 19.318300 14.861000 
921 1 9.046990 18.452200 15.327400 
759 2 3.356720 15.580900 13.789600 
725 1 7.566640 14.203500 26.090600 
1111 2 10.410600 14.914700 19.540600 
600 2 4.058990 22.928200 24.445500 
364 2 3.208410 22.348200 13.831400 
159 2 1.192400 18.150600 24.156500 
719 2 7.258010 17.555200 23.436200 
1173 1 10.979100 23.649200 24.467300 
131 2 3.446010 16.423400 20.836000 
381 1 5.906870 24.372500 15.510500 
765 1 6.229440 20.314200 15.727800 
727 2 7.060240 13.674400 25.789800 
407 2 2.985940 21.474600 17.075700 
408 2 2.985940 21.474600 17.075700 
130 1 3.261640 16.827900 20.470100 
136 2 0.570273 21.296500 22.723100 
415 2 3.354150 24.912400 21.168700 
416 2 3.354150 24.912400 21.168700 
507 2 6.773760 14.684800 14.424300 
508 2 6.773760 14.684800 14.424300 
1362 1 11.497700 23.958500 21.804900 
608 2 11.210100 24.971800 15.795800 
1141 1 12.798800 17.339200 14.190200 
1196 2 8.932840 26.377100 22.265200 
757 1 3.479880 16.081200 14.273900 
1144 2 12.653700 16.747000 13.849200 
1361 1 12.726300 23.191400 22.066100 
106 1 0.239949 15.452700 19.524100 
1163 2 11.870500 21.568600 13.489000 
398 1 0.246881 24.205600 24.212800 
583 2 5.632800 25.826900 25.631300 
685 1 7.895160 13.384500 16.919500 
1922 1 1.101660 14.486800 26.187900 
358 1 6.126160 17.487600 14.068700 
1923 2 0.621674 14.975500 26.306600 
1924 2 0.621674 14.975500 26.306600 
1138 1 12.379000 15.067900 26.152400 
797 1 6.866180 23.097800 26.143400 
1621 1 22.703400 3.223550 10.745500 
1485 1 18.707300 11.129500 13.048200 
1303 2 16.417800 12.700200 11.916800 
1827 2 23.326100 0.478876 12.860600 
1016 2 17.028500 2.571370 12.213900 
1869 1 25.833100 3.389690 3.915460 
1015 2 17.028500 2.571370 12.213900 
1004 2 13.566000 2.090730 0.536527 
1663 2 18.016100 9.677280 1.009940 
113 1 24.451000 13.420500 11.012900 
1876 2 23.243100 8.489440 7.563180 
1824 2 20.125600 1.594650 2.941510 
1282 1 15.971800 9.019570 11.370900 
77 1 26.418900 3.757210 11.358000 
85 1 25.969800 9.775170 0.950791 
1297 1 15.082800 10.208300 9.167250 
1875 2 23.243100 8.489440 7.563180 
1300 2 14.777100 10.785300 8.724960 
1205 1 17.008800 0.363230 2.831230 
1874 1 23.588800 9.168890 7.723280 
1446 1 18.659700 6.885320 1.259260 
1113 1 13.607900 10.807700 5.230510 
74 1 25.668800 6.371390 7.616370 
1534 1 19.246600 13.335900 5.510660 
1873 1 22.920200 7.974700 7.481430 
1700 2 18.913500 11.847000 9.842730 
81 1 24.812200 9.631360 10.556400 
1872 2 25.852700 4.022160 4.275300 
284 2 26.449400 6.635240 2.879340 
237 1 25.713800 0.845335 10.744300 
1027 2 13.448000 1.304920 4.015130 
1871 2 25.852700 4.022160 4.275300 
1003 2 13.566000 2.090730 0.536527 
1422 1 18.643300 2.313340 0.357579 
269 1 25.099900 8.623110 5.165670 
1870 1 25.714700 4.445230 4.836000 
1853 1 23.310300 5.299360 8.179290 
1697 1 18.993800 12.292000 9.384950 
1223 2 16.747500 6.276830 12.529600 
64 2 25.634900 6.602820 13.300300 
1868 2 22.240300 4.563880 1.477140 
61 1 25.493400 6.276170 12.484900 
1821 1 19.938000 1.541840 3.489450 
240 2 25.675800 0.343028 10.336300 
1511 2 16.105200 9.907710 4.010230 
1693 1 21.077600 11.993100 7.346810 
295 2 24.793300 11.258200 7.538670 
1224 2 16.747500 6.276830 12.529600 
1225 1 17.050400 3.053540 2.844090 
1226 1 17.216300 4.236390 2.363770 
1227 2 17.135000 3.620980 2.633320 
1228 2 17.135000 3.620980 2.633320 
1229 1 17.743100 1.796980 5.172680 
1230 1 16.445500 1.541040 5.339000 
1231 2 17.159100 1.653950 5.150020 
1232 2 17.159100 1.653950 5.150020 
1233 1 19.890100 5.498030 9.954100 
1234 1 19.818700 4.448590 10.756000 
1235 2 19.835600 5.068580 10.146800 
1236 2 19.835600 5.068580 10.146800 
272 2 25.849400 8.573340 5.455880 
1264 2 14.019400 10.604600 12.975700 
1509 1 16.071300 10.128400 4.694750 
1253 1 16.323200 7.224300 7.363880 
1254 1 14.867000 7.627310 7.634070 
1255 2 15.544300 7.374670 7.567510 
1256 2 15.544300 7.374670 7.567510 
1257 1 18.694300 4.547280 7.697090 
1258 1 17.815000 5.211470 7.091470 
1259 2 18.059500 4.969310 7.243660 
1260 2 18.059500 4.969310 7.243660 
1699 2 18.913500 11.847000 9.842730 
1867 2 22.240300 4.563880 1.477140 
1866 1 22.762300 5.105940 1.544230 
1265 1 15.748300 8.151960 0.728338 
1266 1 14.435300 8.387920 0.797541 
1267 2 15.117900 8.247540 0.894654 
1268 2 15.117900 8.247540 0.894654 
999 2 13.720500 1.324680 10.924800 
1694 1 21.158800 10.924300 6.533950 
1836 2 26.079300 3.093520 7.211700 
1057 1 13.393900 6.132200 10.153200 
1207 2 16.546300 0.491734 2.242350 
1013 1 16.943700 2.919200 12.709200 
78 1 25.913600 3.932750 9.988400 
1505 1 15.170600 12.117700 1.893560 
1036 2 14.799700 4.332360 5.586410 
1805 1 25.923100 0.534425 3.446770 
296 2 24.793300 11.258200 7.538670 
1065 1 13.404900 8.174760 4.564810 
1832 2 22.864000 2.720940 4.559940 
1208 2 16.546300 0.491734 2.242350 
1860 2 23.242900 6.583650 10.767800 
1834 1 25.886200 2.518940 7.128460 
1859 2 23.242900 6.583650 10.767800 
1831 2 22.864000 2.720940 4.559940 
1281 1 17.331600 9.125940 10.810000 
1219 2 19.884400 1.283590 10.845100 
1855 2 23.242100 4.576480 8.159180 
1284 2 16.636200 9.100070 11.095600 
1283 2 16.636200 9.100070 11.095600 
1858 1 23.145000 5.921490 10.771700 
1512 2 16.105200 9.907710 4.010230 
1304 2 16.417800 12.700200 11.916800 
25 1 24.866600 1.647610 1.408920 
1433 1 18.062700 1.653700 8.719020 
1434 1 16.887700 2.236100 8.930690 
1435 2 17.408200 2.007570 8.762730 
1436 2 17.408200 2.007570 8.762730 
82 1 25.126700 8.477420 10.223700 
1822 1 20.316300 1.300860 2.263520 
239 2 25.675800 0.343028 10.336300 
294 1 25.080000 11.662500 6.951530 
1830 1 22.196100 2.566410 4.223380 
1854 1 23.222400 3.882770 7.935850 
1900 2 22.355200 10.644800 10.812700 
1222 1 16.871000 5.919930 12.167900 
1028 2 13.448000 1.304920 4.015130 
1447 2 19.201300 6.663260 0.729573 
1448 2 19.201300 6.663260 0.729573 
1449 1 15.778200 6.287870 3.288290 
1450 1 16.682900 6.994710 4.019050 
1451 2 16.207600 6.635150 3.603300 
1452 2 16.207600 6.635150 3.603300 
1299 2 14.777100 10.785300 8.724960 
1899 2 22.355200 10.644800 10.812700 
1898 1 22.004800 11.101500 10.661400 
1465 1 23.149400 5.864490 5.044090 
1466 1 23.873300 6.616730 4.193810 
1467 2 23.547900 6.212620 4.676450 
1468 2 23.547900 6.212620 4.676450 
1469 1 20.327600 11.860100 3.162480 
1470 1 21.724200 11.733000 3.156930 
1471 2 20.826300 11.874400 3.086920 
1472 2 20.826300 11.874400 3.086920 
1477 1 19.216500 8.487920 3.805320 
1478 1 19.665700 7.146560 3.686840 
1479 2 19.509000 7.881400 3.767300 
1480 2 19.509000 7.881400 3.767300 
79 2 26.236700 3.907870 10.680100 
1701 1 23.755800 11.372800 2.078680 
1698 1 18.758500 11.390700 10.374400 
1497 1 18.194400 10.661800 6.373350 
1498 1 17.637500 10.414500 7.563160 
1499 2 17.847300 10.549900 6.887380 
1500 2 17.847300 10.549900 6.887380 
1829 1 23.393900 2.874270 4.831460 
1897 1 22.770100 10.061600 10.814600 
1857 1 23.213100 7.432770 10.840200 
1506 1 15.209200 12.433000 0.600139 
1507 2 15.315100 12.296300 1.263330 
1508 2 15.315100 12.296300 1.263330 
1510 1 16.136500 9.705290 3.466860 
1463 2 19.836800 7.729430 12.611200 
27 2 24.342900 1.876370 1.140260 
1662 1 17.571900 9.794690 1.464470 
1217 1 19.724200 1.497500 11.472600 
1823 2 20.125600 1.594650 2.941510 
1487 2 19.354000 11.097200 13.042500 
1445 1 19.684800 6.212700 0.310141 
833 1 15.225900 3.990410 9.999490 
1464 2 19.836800 7.729430 12.611200 
1059 2 13.473200 6.984050 10.632400 
1835 2 26.079300 3.093520 7.211700 
1696 2 21.226200 11.382000 6.913230 
28 2 24.342900 1.876370 1.140260 
1622 1 22.689100 3.322950 12.037700 
1623 2 22.787300 3.366190 11.430800 
1624 2 22.787300 3.366190 11.430800 
1633 1 23.063600 0.764482 9.135230 
75 2 26.081200 6.502340 8.116600 
1635 2 23.018800 1.218880 8.489070 
1636 2 23.018800 1.218880 8.489070 
87 2 26.172000 9.285430 0.869251 
1892 2 23.231800 9.785040 4.223440 
1891 2 23.231800 9.785040 4.223440 
1645 1 19.424500 4.267530 3.287720 
1646 1 19.843300 4.968810 4.392720 
1647 2 19.733300 4.718360 3.968450 
1648 2 19.733300 4.718360 3.968450 
1649 1 20.877900 2.645070 7.489620 
1650 1 20.163200 2.771600 6.260050 
1651 2 20.421700 2.795660 6.842180 
1652 2 20.421700 2.795660 6.842180 
1657 1 20.749800 5.996730 6.948400 
1658 1 21.180100 7.189310 6.621600 
1659 2 21.058300 6.584720 6.819380 
1660 2 21.058300 6.584720 6.819380 
88 2 26.172000 9.285430 0.869251 
1890 1 23.512100 9.956410 3.578730 
1889 1 22.989300 9.702160 4.876830 
1677 1 19.397500 8.462310 8.823990 
1678 1 20.330700 8.538160 9.880560 
1679 2 19.741000 8.471930 9.249020 
1680 2 19.741000 8.471930 9.249020 
1000 2 13.720500 1.324680 10.924800 
1888 2 21.841900 8.104280 1.213270 
1887 2 21.841900 8.104280 1.213270 
80 2 26.236700 3.907870 10.680100 
1704 2 23.945900 11.822700 1.660780 
1833 1 26.195400 3.669370 7.306090 
282 1 26.225500 5.985980 3.061610 
998 1 13.696500 1.087460 10.384700 
1695 2 21.226200 11.382000 6.913230 
1865 1 21.687400 4.227220 1.461640 
1486 1 19.986100 11.186600 13.126000 
1060 2 13.473200 6.984050 10.632400 
271 2 25.849400 8.573340 5.455880 
1702 1 24.318900 12.387900 1.171360 
834 1 15.217200 4.965210 9.186230 
1886 1 22.247500 8.276260 1.126000 
1885 1 21.092300 7.949210 1.411450 
1661 1 18.411000 9.546640 0.488822 
1042 1 14.285500 3.910080 13.016500 
1703 2 23.945900 11.822700 1.660780 
26 1 23.797400 2.246390 0.799966 
1035 2 14.799700 4.332360 5.586410 
1058 1 13.467700 7.393860 11.019700 
1026 1 14.045900 1.190190 3.699190 
1488 2 19.354000 11.097200 13.042500 
1856 2 23.242100 4.576480 8.159180 
1221 1 16.428900 6.881500 12.803900 
84 2 24.881400 9.085210 10.446600 
1033 1 14.236700 4.773950 5.497440 
1301 1 16.486000 13.228700 12.298900 
1664 2 18.016100 9.677280 1.009940 
1461 1 19.786700 7.187060 12.157700 
836 2 15.163900 4.416790 9.542590 
1034 1 15.352200 4.154070 5.881030 
293 1 24.582800 11.177000 8.191800 
1014 1 17.091100 2.053940 11.620800 
835 2 15.163900 4.416790 9.542590 
83 2 24.881400 9.085210 10.446600 
1220 2 19.884400 1.283590 10.845100 
997 1 13.823400 1.470080 11.577400 
1302 1 16.170600 12.290100 11.574000 
1218 1 20.194000 1.009920 10.348400 
1634 1 22.772700 1.375170 7.930860 
1298 1 14.441600 11.108900 8.162150 
1261 1 13.441800 10.451900 12.996800 
1801 1 22.213000 0.245380 0.138178 
283 2 26.449400 6.635240 2.879340 
1206 1 16.207200 0.518060 1.757110 
238 1 25.644600 -0.150609 9.660780 
1263 2 14.019400 10.604600 12.975700 
1009 1 15.637300 0.277005 7.242660 
1828 2 23.326100 0.478876 12.860600 
1525 1 21.044100 10.979000 0.097291 
63 2 25.634900 6.602820 13.300300 
76 2 26.081200 6.502340 8.116600 
1815 2 26.250000 0.057615 6.870370 
1905 1 22.913600 12.994300 4.900460 
1816 2 26.250000 0.057615 6.870370 
1826 1 23.054900 0.205531 12.431700 
1262 1 14.905700 10.826000 12.963800 
1002 1 13.670700 2.789100 0.609878 
1442 1 19.051400 3.454700 13.134700 
1846 1 21.729400 5.740480 15.138500 
1844 2 22.929000 3.507940 24.898000 
1279 2 18.544400 12.019900 24.505400 
1616 2 21.984800 2.610090 15.326300 
1053 1 13.671900 6.590710 20.053600 
90 1 25.847000 12.941400 17.420300 
1424 2 18.814500 2.166580 26.248500 
1415 2 17.171600 2.206300 22.980300 
1401 1 15.971800 3.808610 15.818800 
298 1 25.766400 7.945650 20.900700 
1023 2 14.771200 0.592563 14.164200 
1877 1 25.133600 2.565070 20.500000 
1588 2 18.930600 2.609820 17.901500 
1029 1 16.277600 6.011400 22.856100 
1642 1 21.998400 6.157610 24.068300 
1278 1 18.999000 12.197600 24.879600 
1681 1 19.265700 9.431540 23.497500 
1917 1 25.642300 12.833800 14.299300 
1078 1 16.296800 8.186480 20.498300 
1086 1 17.798600 10.098000 14.140900 
99 2 23.846900 4.791360 21.860200 
18 1 24.566400 0.339769 23.978100 
1006 1 17.031900 1.317350 19.871100 
1707 2 21.593000 12.346100 14.873100 
1274 1 14.961900 12.684100 15.993300 
1237 1 19.465800 4.567940 25.036400 
1238 1 18.700900 5.097290 24.126400 
1239 2 19.140000 4.777160 24.498700 
1240 2 19.140000 4.777160 24.498700 
1242 1 15.188300 5.214210 26.652400 
1245 1 14.650200 7.494070 15.380200 
1246 1 14.038600 7.044470 14.401500 
1247 2 14.353600 7.281650 14.877000 
1248 2 14.353600 7.281650 14.877000 
1708 2 21.593000 12.346100 14.873100 
1072 2 13.576800 5.556560 17.531300 
1666 1 23.756100 8.436470 13.631400 
1286 1 14.924300 11.363700 23.787100 
1587 2 18.930600 2.609820 17.901500 
1269 1 19.693900 9.281190 16.351000 
1270 1 20.850900 9.789420 15.632500 
1271 2 20.380200 9.589840 15.935900 
1272 2 20.380200 9.589840 15.935900 
1249 1 16.604200 7.520610 17.747500 
1894 1 25.929200 10.431700 19.332700 
1275 2 15.407900 12.554500 16.595700 
1276 2 15.407900 12.554500 16.595700 
1277 1 17.981500 12.013500 24.055600 
1414 1 17.408900 2.617730 22.990700 
1790 1 22.077800 1.678380 18.790400 
1077 1 15.587700 8.966260 21.412600 
1916 2 25.760400 11.689600 22.100600 
1289 1 18.084000 11.306000 18.224700 
1290 1 17.601500 10.487500 18.879500 
1291 2 17.834600 10.984000 18.650000 
1292 2 17.834600 10.984000 18.650000 
1644 2 21.887400 6.734820 24.462100 
1294 1 15.764100 12.647900 21.292600 
1295 2 15.959600 13.090800 21.729100 
1296 2 15.959600 13.090800 21.729100 
1040 2 13.223000 9.388130 17.751600 
95 2 25.531800 8.810060 16.202100 
300 2 25.238300 7.675740 20.862600 
1684 2 19.378900 9.241010 22.918400 
1280 2 18.544400 12.019900 24.505400 
1841 1 22.561700 3.864020 25.271600 
1288 2 15.038500 11.075500 24.415300 
1203 2 15.851300 0.014047 25.403300 
1087 2 17.080000 9.882750 14.766300 
1088 2 17.080000 9.882750 14.766300 
1849 1 26.152400 2.146720 17.480300 
1032 2 16.258700 5.390840 22.764000 
1031 2 16.258700 5.390840 22.764000 
1085 1 16.524000 9.700580 15.195700 
94 1 25.916900 8.882780 16.793500 
1683 2 19.378900 9.241010 22.918400 
1005 1 15.916300 1.846870 19.206200 
1803 2 21.767100 0.400086 26.462100 
19 2 24.249500 0.292419 24.427800 
1251 2 16.089700 7.959210 17.637600 
1920 2 25.079000 12.304400 14.360800 
97 1 24.198000 5.330250 21.979000 
1429 1 15.806900 5.097900 18.933800 
1430 1 16.803500 5.089970 19.898700 
1431 2 16.338300 5.128440 19.299100 
1432 2 16.338300 5.128440 19.299100 
1404 2 16.343200 3.343830 15.915800 
1453 1 19.980800 7.658450 18.797600 
1454 1 18.846000 8.148440 19.145800 
1455 2 19.369800 7.937130 18.935400 
1456 2 19.369800 7.937130 18.935400 
1457 1 17.534700 7.912740 24.818700 
1458 1 16.493200 8.076260 24.133700 
1459 2 16.956600 7.999480 24.541800 
1460 2 16.956600 7.999480 24.541800 
1287 2 15.038500 11.075500 24.415300 
1473 1 22.222400 5.691970 17.974000 
1474 1 21.359900 4.603870 18.228900 
1475 2 21.687400 5.094430 18.137700 
1476 2 21.687400 5.094430 18.137700 
100 2 23.846900 4.791360 21.860200 
1863 2 23.947200 9.602680 24.968700 
1285 1 15.023200 10.500500 24.861600 
1862 1 24.550400 9.815910 24.973300 
299 2 25.238300 7.675740 20.862600 
1489 1 22.229100 12.167900 17.968700 
1490 1 21.367300 11.630000 18.810900 
1491 2 21.760100 11.945900 18.362800 
1492 2 21.760100 11.945900 18.362800 
814 1 13.415700 3.564130 20.769600 
1705 1 22.237000 12.517600 14.586400 
1601 1 18.830700 0.672009 14.845500 
1884 2 24.530300 12.723800 25.235400 
1403 2 16.343200 3.343830 15.915800 
1913 1 25.522200 12.288800 22.390200 
1462 1 20.031300 8.259970 13.021300 
1585 1 18.585800 2.269080 18.251500 
1610 1 25.367300 3.393520 13.784800 
1100 2 13.561100 7.012630 24.912800 
1789 1 21.570200 0.519598 18.358600 
1615 2 21.984800 2.610090 15.326300 
816 2 13.376800 2.979740 20.150100 
1527 2 21.133500 10.591500 26.181100 
96 2 25.531800 8.810060 16.202100 
1625 1 19.036900 6.592980 16.489900 
1626 1 18.342100 5.767240 15.615700 
1627 2 18.703700 6.220960 16.087000 
1628 2 18.703700 6.220960 16.087000 
1629 1 19.810100 4.293060 21.404900 
1630 1 18.949300 3.823760 20.548800 
1631 2 19.400500 4.032370 20.991300 
1632 2 19.400500 4.032370 20.991300 
1637 1 21.391400 1.545580 23.042200 
1638 1 20.024600 1.369720 22.995900 
1639 2 20.739200 1.477990 23.011600 
1640 2 20.739200 1.477990 23.011600 
67 2 25.029200 6.179760 26.211500 
1653 1 21.231400 7.436580 21.195500 
1654 1 22.295200 6.928780 21.215400 
1655 2 21.803400 7.141090 21.168700 
1656 2 21.803400 7.141090 21.168700 
1706 1 21.075500 12.159800 15.210200 
1604 2 19.323000 0.465514 15.018800 
1250 1 15.505000 8.266780 17.636000 
1039 2 13.223000 9.388130 17.751600 
1641 1 21.714100 7.247440 24.847500 
1669 1 25.451100 4.881950 16.744100 
1670 1 25.470100 5.798070 17.949400 
1671 2 25.584200 5.370670 17.401300 
1672 2 25.584200 5.370670 17.401300 
1673 1 22.240100 9.559900 21.674700 
1674 1 22.631100 10.479100 22.680200 
1675 2 22.306000 10.013700 22.175800 
1676 2 22.306000 10.013700 22.175800 
1682 1 19.583500 8.982370 22.379100 
1685 1 23.166400 8.389050 17.391000 
1686 1 22.488600 8.352720 18.764100 
1687 2 22.759200 8.307520 18.268600 
1688 2 22.759200 8.307520 18.268600 
1421 1 18.862200 2.007000 25.669500 
1603 2 19.323000 0.465514 15.018800 
1080 2 15.878200 8.579660 20.991200 
1843 2 22.929000 3.507940 24.898000 
1089 1 13.355700 12.674200 20.627900 
1079 2 15.878200 8.579660 20.991200 
1861 1 23.383700 9.198440 24.951100 
1915 2 25.760400 11.689600 22.100600 
1402 1 16.853400 2.883300 15.976700 
1030 1 16.028500 4.773300 22.599100 
1864 2 23.947200 9.602680 24.968700 
1305 1 18.299000 13.080700 15.800500 
65 1 25.611600 5.809620 25.863400 
66 1 24.493200 6.457690 26.341400 
1611 2 25.466500 2.884440 14.173100 
1416 2 17.171600 2.206300 22.980300 
1008 2 16.406200 1.631690 19.576000 
815 2 13.376800 2.979740 20.150100 
1667 2 23.064800 8.895550 13.707400 
68 2 25.029200 6.179760 26.211500 
1882 1 23.818000 12.672800 25.520000 
89 1 24.952100 12.603900 18.270800 
1493 1 19.910600 11.901800 21.971600 
1842 1 23.390300 3.205850 24.565600 
1845 1 22.729700 6.117650 14.476000 
1883 2 24.530300 12.723800 25.235400 
1847 2 22.302800 5.994430 14.931400 
1848 2 22.302800 5.994430 14.931400 
1881 1 25.080600 12.899700 24.991800 
1665 1 22.719700 9.317240 13.719300 
297 1 24.595900 7.346160 20.795800 
91 2 25.413700 12.811800 17.753000 
1792 2 21.917400 1.143420 18.435000 
1038 1 13.331000 8.996410 18.369600 
1878 1 24.296900 1.392840 20.445800 
1879 2 24.771700 2.077010 20.532300 
1880 2 24.771700 2.077010 20.532300 
1838 1 26.408300 3.300960 25.353700 
1495 2 19.926000 12.238600 21.347900 
1204 2 15.851300 0.014047 25.403300 
1273 1 15.844100 12.392600 17.074100 
1914 1 25.795700 10.957400 21.945900 
1043 2 13.781100 3.726890 13.436700 
1098 1 14.038300 6.621080 24.990700 
62 1 25.753800 6.557620 13.903000 
1791 2 21.917400 1.143420 18.435000 
1825 1 23.736000 0.551096 13.428700 
1022 1 14.728100 0.961446 13.692500 
17 1 23.816300 0.319931 25.098600 
1919 2 25.079000 12.304400 14.360800 
1804 2 21.767100 0.400086 26.462100 
1241 1 16.434000 4.833770 26.002400 
1668 2 23.064800 8.895550 13.707400 
1613 1 21.747500 2.539120 15.910900 
1441 1 19.731200 4.524550 13.633200 
1069 1 13.743900 5.022820 17.684600 
1586 1 19.215700 3.091250 17.585700 
1007 2 16.406200 1.631690 19.576000 
20 2 24.249500 0.292419 24.427800 
1044 2 13.781100 3.726890 13.436700 
1243 2 15.789800 4.962170 26.348900 
1244 2 15.789800 4.962170 26.348900 
1612 2 25.466500 2.884440 14.173100 
1528 2 21.133500 10.591500 26.181100 
1609 1 25.695300 2.364450 14.615800 
92 2 25.413700 12.811800 17.753000 
1024 2 14.771200 0.592563 14.164200 
1496 2 19.926000 12.238600 21.347900 
1202 1 15.643400 0.561085 25.250100 
1444 2 19.398300 4.009160 13.305200 
1413 1 16.589300 1.553080 23.019500 
98 1 23.664100 4.269440 21.633800 
1252 2 16.089700 7.959210 17.637600 
1526 1 21.315700 10.200700 25.730100 
1643 2 21.887400 6.734820 24.462100 
1802 1 21.065000 0.720031 25.979200 
1614 1 22.222800 2.720010 14.693900 
1443 2 19.398300 4.009160 13.305200 
1423 2 18.814500 2.166580 26.248500 
1494 1 19.859900 12.532500 20.943100 
93 1 25.238400 8.878070 15.653300 
1895 2 26.574000 10.433200 19.167400 
1896 2 26.574000 10.433200 19.167400 
1071 2 13.576800 5.556560 17.531300 
1099 2 13.561100 7.012630 24.912800 
1021 1 14.633500 0.100781 14.562400 
1918 1 24.636900 11.717400 14.339500 
1743 2 25.072700 18.704900 0.451510 
1999 2 25.089400 23.880600 8.835560 
183 2 25.093900 21.065300 11.664000 
1172 2 13.202200 19.230900 4.272430 
1520 2 15.038600 16.530300 8.421890 
1818 1 21.923700 24.412300 10.017600 
166 1 25.368200 24.213500 5.284830 
1984 2 24.565300 24.886200 1.356190 
1982 1 24.399700 24.425000 1.674840 
1597 1 15.907100 23.270800 0.857722 
1407 2 18.998100 25.505400 4.915620 
1605 1 22.050900 24.941600 3.325290 
1405 1 19.023200 25.792500 4.243110 
1561 1 18.400100 20.616100 0.818658 
165 1 25.219000 22.729100 4.937430 
1562 1 19.211900 19.768300 0.303017 
1785 1 22.620300 22.376600 2.511440 
1617 1 22.720000 22.098700 9.120910 
1328 2 15.306200 16.016400 1.741890 
1521 1 17.389300 19.708800 13.128300 
1209 1 14.978300 23.704900 4.701890 
1517 1 15.190900 16.216300 7.938180 
1729 1 21.133100 17.573500 6.630790 
1181 1 16.995700 24.777800 10.931600 
1171 2 13.202200 19.230900 4.272430 
1619 2 22.320100 21.814000 9.733060 
1338 1 16.154400 15.894200 10.967300 
114 1 24.436600 13.554400 9.843550 
1158 1 14.707000 19.623400 10.801300 
1011 2 15.146800 26.414400 7.407970 
1523 2 17.589100 19.223500 12.424500 
1813 1 25.733000 26.308000 7.074590 
1783 2 18.571500 24.979200 0.427435 
1599 2 15.722300 23.063500 0.345177 
1541 1 18.851300 13.457700 1.000520 
1182 1 16.912100 25.771200 11.704200 
161 1 26.053900 21.965600 2.255680 
1339 2 15.625500 15.948200 11.445500 
1340 2 15.625500 15.948200 11.445500 
1731 2 21.756300 17.776900 6.454300 
1118 1 13.792000 14.073600 11.038600 
184 2 25.093900 21.065300 11.664000 
1483 2 16.978100 14.001400 8.054550 
2000 2 25.089400 23.880600 8.835560 
1607 2 21.625100 25.118700 2.853430 
1157 1 14.112900 19.670200 11.989600 
1349 1 15.823900 17.141300 5.395610 
1350 1 14.850900 16.250300 4.956770 
1351 2 15.296100 16.699100 5.224560 
1352 2 15.296100 16.699100 5.224560 
1797 1 21.231600 21.261300 12.998400 
1784 2 18.571500 24.979200 0.427435 
1542 1 17.525200 12.912900 1.358940 
1941 1 20.784900 17.204700 12.812900 
1417 1 15.131700 23.630600 8.213820 
1438 1 20.523600 24.248800 12.204400 
1184 2 17.093700 25.402900 11.433300 
1365 1 16.168600 18.502600 1.594060 
1366 1 15.446000 19.572100 1.411150 
1367 2 15.868600 19.064000 1.530550 
1368 2 15.868600 19.064000 1.530550 
1369 1 18.082600 16.539700 3.289330 
1370 1 18.283000 17.814700 3.542390 
1371 2 18.255300 17.141900 3.304640 
1372 2 18.255300 17.141900 3.304640 
1373 1 15.730600 19.980500 5.132130 
1374 1 16.998800 20.339600 5.231680 
1375 2 16.374900 20.176000 5.143260 
1376 2 16.374900 20.176000 5.143260 
1377 1 15.067900 23.117100 11.858800 
1378 1 14.186500 22.213000 11.378500 
1379 2 14.757900 22.712900 11.653100 
1380 2 14.757900 22.712900 11.653100 
1531 2 16.421100 13.272000 4.488650 
1183 2 17.093700 25.402900 11.433300 
1159 2 14.395100 19.695900 11.325200 
1411 2 22.243200 25.138800 6.287240 
1529 1 17.088500 12.923200 4.913900 
1395 2 13.343100 21.980600 6.541980 
1396 2 13.343100 21.980600 6.541980 
1211 2 15.583000 23.856500 4.167980 
1906 1 24.239900 13.683900 4.934450 
127 2 24.409900 16.085000 2.453940 
1418 1 15.928900 23.007900 8.977690 
1012 2 15.146800 26.414400 7.407970 
1786 1 21.786500 21.335300 2.331190 
1962 1 24.317900 17.611500 13.362700 
1732 2 21.756300 17.776900 6.454300 
1720 2 21.747500 14.308300 8.428050 
1719 2 21.747500 14.308300 8.428050 
1439 2 20.134600 24.446900 12.861200 
1216 2 18.927600 25.230100 8.794840 
1215 2 18.927600 25.230100 8.794840 
1440 2 20.134600 24.446900 12.861200 
1406 1 18.841800 25.222100 5.442450 
1353 1 13.746200 19.085400 7.969090 
1781 1 18.026900 25.688300 0.393949 
1170 1 13.563200 18.823100 3.793260 
1533 1 19.509600 14.256700 6.397660 
1744 2 25.072700 18.704900 0.451510 
1535 2 19.337200 13.681100 5.935880 
1536 2 19.337200 13.681100 5.935880 
1537 1 19.136600 15.526200 9.701030 
1538 1 19.385200 16.364400 10.835400 
1539 2 19.281000 16.005000 10.291600 
1540 2 19.281000 16.005000 10.291600 
1409 1 21.681700 24.873900 6.346360 
1420 2 15.540600 23.359700 8.692750 
1419 2 15.540600 23.359700 8.692750 
1545 1 20.617200 18.029600 2.088090 
1546 1 21.942700 18.243300 1.789850 
1547 2 21.461600 18.160500 1.989220 
1548 2 21.461600 18.160500 1.989220 
1553 1 18.275400 17.448900 7.322200 
1554 1 18.348300 16.676200 6.115670 
1555 2 18.297700 16.997700 6.662770 
1556 2 18.297700 16.997700 6.662770 
1557 1 15.747500 20.424700 8.604170 
1558 1 16.808900 19.582300 8.746390 
1559 2 16.296500 19.998500 8.786750 
1560 2 16.296500 19.998500 8.786750 
1010 1 14.680900 25.947700 7.577520 
154 1 26.578400 17.644200 9.478440 
1482 1 16.793400 13.371500 8.137770 
1577 1 18.291400 22.822100 7.112260 
1578 1 19.004000 22.617700 5.915770 
1579 2 18.627700 22.680200 6.564060 
1580 2 18.627700 22.680200 6.564060 
128 2 24.409900 16.085000 2.453940 
1408 2 18.998100 25.505400 4.915620 
1800 2 21.538000 20.796000 12.821200 
1589 1 18.667800 22.890600 3.031080 
1590 1 19.233300 21.937700 2.295580 
1591 2 18.877600 22.479700 2.682840 
1592 2 18.877600 22.479700 2.682840 
1593 1 19.875200 18.933800 4.958670 
1594 1 19.586000 20.320800 4.660150 
1595 2 19.570300 19.666800 4.792670 
1596 2 19.570300 19.666800 4.792670 
1186 1 13.466900 24.694600 1.616020 
167 2 25.218500 23.413000 5.068630 
1518 1 14.795600 16.628000 9.081370 
1210 1 16.056500 23.854600 3.889840 
1717 1 22.075100 14.238200 7.826180 
1981 1 24.439400 25.494200 0.885802 
1119 2 13.369100 13.588700 10.821400 
1524 2 17.589100 19.223500 12.424500 
1564 2 18.954700 20.124000 0.566711 
1730 1 22.418700 17.871100 6.081770 
1504 2 19.113100 14.847200 13.251500 
1820 2 22.210300 25.154300 10.178900 
1733 1 22.311900 17.362800 9.888570 
1734 1 22.930800 18.280500 10.384900 
1735 2 22.471600 17.731700 10.130200 
1736 2 22.471600 17.731700 10.130200 
163 2 25.582700 21.574600 2.236590 
1503 2 19.113100 14.847200 13.251500 
1327 2 15.306200 16.016400 1.741890 
1749 1 25.367600 16.745100 7.017820 
1750 1 24.725700 15.382200 6.892920 
1751 2 25.043100 15.991000 6.952010 
1752 2 25.043100 15.991000 6.952010 
1757 1 18.131000 21.849600 10.520700 
1758 1 18.754000 23.079300 10.576600 
1759 2 18.414900 22.504500 10.509100 
1760 2 18.414900 22.504500 10.509100 
1973 1 24.840100 19.599100 8.518470 
1543 2 18.284400 13.323000 1.146660 
1600 2 15.722300 23.063500 0.345177 
1769 1 23.950700 19.250300 4.327940 
1770 1 25.398600 18.731700 4.413030 
1771 2 24.525000 19.061600 4.321090 
1772 2 24.525000 19.061600 4.321090 
1777 1 19.537100 19.111700 9.127810 
1778 1 19.352900 19.922300 7.956910 
1779 2 19.430800 19.540200 8.491050 
1780 2 19.430800 19.540200 8.491050 
1718 1 21.487800 14.537500 8.990960 
1337 1 15.271200 16.028200 11.939400 
1120 2 13.369100 13.588700 10.821400 
1798 1 22.031000 20.321900 12.562300 
126 1 24.115300 16.760600 2.519480 
1787 2 22.232100 21.799600 2.484640 
1788 2 22.232100 21.799600 2.484640 
1325 1 14.620100 16.384800 1.826660 
1689 1 20.682500 14.661300 3.488380 
1907 2 23.584200 13.452700 4.931250 
1410 1 22.857100 25.383300 6.295840 
1160 2 14.395100 19.695900 11.325200 
1691 2 21.113000 15.140800 3.436780 
164 2 25.582700 21.574600 2.236590 
1997 1 25.308100 23.679900 8.321320 
181 1 25.629500 21.110400 12.071000 
1214 1 19.107300 25.189100 9.310730 
168 2 25.218500 23.413000 5.068630 
1563 2 18.954700 20.124000 0.566711 
1974 1 24.779800 19.788900 6.951650 
1481 1 17.048500 14.563200 7.784970 
1937 1 22.534700 14.585200 11.570800 
1938 1 21.588700 14.139800 12.171800 
1939 2 22.074600 14.457700 11.850400 
1940 2 22.074600 14.457700 11.850400 
182 1 24.521700 20.993200 11.123100 
125 1 24.558100 15.427700 2.455360 
1606 1 21.296900 25.203400 2.328820 
1334 1 13.357200 14.233000 7.909380 
1412 2 22.243200 25.138800 6.287240 
309 1 26.510700 15.552100 4.012690 
1519 2 15.038600 16.530300 8.421890 
1608 2 21.625100 25.118700 2.853430 
1975 2 24.797900 19.779100 7.732570 
1976 2 24.797900 19.779100 7.732570 
1326 1 15.769300 15.541800 1.609930 
1213 1 18.658100 25.280000 8.071160 
1620 2 22.320100 21.814000 9.733060 
1989 1 21.761800 22.294100 5.501870 
1990 1 21.725000 21.386000 6.494380 
1991 2 21.751700 21.937700 6.082480 
1992 2 21.751700 21.937700 6.082480 
1819 2 22.210300 25.154300 10.178900 
1983 2 24.565300 24.886200 1.356190 
1690 1 21.769600 15.413300 3.257070 
1817 1 22.293300 25.673900 10.360200 
1212 2 15.583000 23.856500 4.167980 
1618 1 21.885700 21.378500 10.052800 
1998 1 24.839500 24.143600 9.666600 
1544 2 18.284400 13.323000 1.146660 
1522 1 17.399200 18.800800 11.950900 
1530 1 16.013200 13.578100 4.160910 
1692 2 21.113000 15.140800 3.436780 
1799 2 21.538000 20.796000 12.821200 
1742 1 24.721900 18.846300 0.914662 
1721 1 21.577500 15.367700 -0.032031 
1532 2 16.421100 13.272000 4.488650 
162 1 25.117500 21.262400 2.391270 
1484 2 16.978100 14.001400 8.054550 
138 1 26.505600 14.418600 11.540000 
1394 1 13.893200 21.663800 6.747380 
1137 1 13.257200 14.419900 0.511309 
115 2 24.484300 13.437100 10.396800 
1501 1 19.017800 14.458900 13.165200 
1908 2 23.584200 13.452700 4.931250 
116 2 24.484300 13.437100 10.396800 
1782 1 18.832300 24.603800 0.472489 
1942 1 20.347000 18.467000 13.127000 
1986 1 23.774600 23.279600 12.907400 
1944 2 20.578300 17.660100 13.071600 
1943 2 20.578300 17.660100 13.071600 
1145 1 15.996000 17.912600 17.407700 
1762 1 17.026100 22.660600 14.854900 
1903 2 26.344300 15.565200 15.764300 
1910 1 24.033800 14.120500 21.047700 
1314 1 13.423100 15.540700 22.910000 
1794 1 17.993300 25.590900 22.073300 
1793 1 17.601700 25.220200 23.305300 
1967 2 18.627100 19.460400 15.768200 
1764 2 17.424700 22.751300 14.327800 
178 1 22.779600 24.635200 23.159100 
1384 2 13.882100 24.319600 24.610500 
1318 1 17.033400 14.599300 25.001800 
1996 2 22.115900 24.282700 19.735300 
1317 1 15.783100 15.240800 24.769900 
1321 1 16.533900 16.438800 15.350100 
1965 1 19.020800 19.967400 15.841200 
1737 1 21.836900 18.173100 25.545700 
1581 1 16.192000 25.212100 16.596200 
194 1 25.259100 23.291300 25.533100 
1723 2 21.851800 14.593200 26.754200 
188 2 26.413600 22.313900 14.776800 
829 1 14.567400 26.269500 18.217000 
1514 1 19.615200 15.298900 22.101300 
13 1 25.734000 25.828800 18.533200 
925 1 13.777800 16.019400 16.927300 
1190 1 19.260500 25.116700 19.325800 
832 2 14.028500 26.120800 18.105300 
1319 2 16.250600 14.967300 24.797500 
169 1 21.939900 19.691400 15.558200 
1310 1 16.925700 14.846200 18.755400 
107 2 26.239200 15.530200 19.614900 
1710 1 19.138600 14.676300 19.868300 
1712 2 19.675400 14.422400 19.381300 
1329 1 18.646600 17.817500 19.681200 
1330 1 17.943100 18.860100 20.137300 
1331 2 18.290200 18.394900 19.878800 
1332 2 18.290200 18.394900 19.878800 
177 1 21.658600 23.961200 23.211300 
1357 1 16.064200 20.023400 20.071000 
1358 1 15.978200 20.958300 20.940900 
1359 2 16.061400 20.474200 20.430900 
1360 2 16.061400 20.474200 20.430900 
1129 1 13.251300 17.011500 20.165800 
190 1 24.703800 24.961800 20.755800 
1709 1 20.090200 14.214100 19.001700 
1306 1 18.778300 14.174400 16.310200 
1385 1 13.705000 22.794700 15.136400 
1763 2 17.424700 22.751300 14.327800 
1387 2 14.330300 22.864300 15.479100 
1738 1 21.432600 17.434200 24.434500 
189 1 25.328500 25.276000 21.981200 
1957 1 22.680100 21.181200 26.191900 
1713 1 21.938400 13.532600 22.903900 
15 2 25.293800 26.062300 18.421100 
1390 1 14.818400 26.493400 20.855800 
187 2 26.413600 22.313900 14.776800 
1711 2 19.675400 14.422400 19.381300 
170 1 23.275000 20.234500 15.359400 
1714 1 21.884000 13.902100 24.059400 
1715 2 21.878000 13.595300 23.491800 
1958 1 21.775100 21.463800 25.284400 
1549 1 20.969200 20.432000 22.455100 
1550 1 19.728200 20.072000 22.767500 
1551 2 20.292200 20.253700 22.578100 
1552 2 20.292200 20.253700 22.578100 
1152 2 16.062900 24.159400 19.992500 
1565 1 15.153900 19.985700 15.193100 
1320 2 16.250600 14.967300 24.797500 
1567 2 15.079000 19.560500 14.715500 
1568 2 15.079000 19.560500 14.715500 
1569 1 16.904700 21.696400 18.098000 
1570 1 17.407800 21.696900 16.964000 
1571 2 17.178200 21.811000 17.583000 
1572 2 17.178200 21.811000 17.583000 
1573 1 16.118900 22.603600 22.460800 
1574 1 15.904200 21.729900 23.362800 
1575 2 15.901400 22.180400 22.942900 
1576 2 15.901400 22.180400 22.942900 
179 2 22.218100 24.298800 23.142400 
1796 2 17.817500 25.471700 22.660300 
1716 2 21.878000 13.595300 23.491800 
1342 1 16.925300 16.739300 21.495400 
1902 1 25.667800 15.254600 15.631300 
1179 2 13.612700 20.693500 25.736300 
388 2 26.481200 19.269700 16.499300 
1316 2 13.282900 15.189000 22.408300 
1201 1 16.001200 25.741000 25.509900 
1154 1 13.530100 20.760300 22.750800 
1146 1 14.749400 17.862600 17.874900 
1909 1 22.873500 13.464000 20.333400 
1761 1 17.608000 22.759700 13.698500 
1150 1 16.427600 24.401000 19.391300 
180 2 22.218100 24.298800 23.142400 
1725 1 21.785300 15.085000 16.519200 
1726 1 23.205000 14.600400 16.923300 
1727 2 22.534600 14.962300 16.698700 
1728 2 22.534600 14.962300 16.698700 
1345 1 19.349300 17.226300 26.577100 
1386 1 14.918300 22.761600 15.910800 
1739 2 21.627300 17.769200 25.044900 
1740 2 21.627300 17.769200 25.044900 
171 2 22.730300 19.947400 15.561300 
1745 1 19.413900 16.172400 16.906700 
1746 1 20.270800 16.869200 16.280400 
1747 2 19.764800 16.508200 16.601600 
1748 2 19.764800 16.508200 16.601600 
1753 1 17.571500 19.604100 23.955700 
1754 1 16.560800 18.700800 24.766300 
1755 2 17.161300 19.260900 24.347700 
1756 2 17.161300 19.260900 24.347700 
1388 2 14.330300 22.864300 15.479100 
1765 1 20.015000 22.735200 16.114600 
1766 1 21.339100 22.100100 16.213900 
1767 2 20.634900 22.484200 16.105100 
1768 2 20.634900 22.484200 16.105100 
1773 1 18.634600 22.524300 20.873900 
1774 1 19.647300 22.118600 19.998600 
1775 2 19.142300 22.348800 20.464200 
1776 2 19.142300 22.348800 20.464200 
1966 1 18.306700 18.920600 15.822700 
105 1 25.639500 15.601200 19.642700 
1348 2 18.909600 16.723500 26.509100 
1132 2 13.225000 17.630800 20.093800 
1151 2 16.062900 24.159400 19.992500 
1324 2 16.361600 16.040600 14.844400 
1810 1 22.388800 25.818000 16.636400 
1307 2 18.570800 13.658600 16.119300 
1811 2 22.710600 25.457600 16.218700 
1149 1 15.612200 23.970900 20.450000 
385 1 26.103500 18.955300 16.885300 
1584 2 16.690300 25.444000 16.290100 
193 1 24.532200 22.901300 24.714900 
1925 1 22.957300 17.500700 22.413100 
1926 1 22.273000 17.333300 21.118700 
1927 2 22.698500 17.418200 21.696600 
1928 2 22.698500 17.418200 21.696600 
1929 1 24.110300 17.224300 25.352700 
1930 1 24.559100 16.138200 25.077000 
1931 2 24.380400 16.564200 25.149200 
1932 2 24.380400 16.564200 25.149200 
1933 1 25.352000 19.571200 23.361400 
1934 1 24.166200 19.573200 24.028000 
1935 2 24.675000 19.607800 23.643300 
1936 2 24.675000 19.607800 23.643300 
1583 2 16.690300 25.444000 16.290100 
14 1 24.653800 26.257100 18.198600 
1513 1 19.010200 16.184800 23.027900 
1947 2 23.925200 18.266700 18.460000 
1948 2 23.925200 18.266700 18.460000 
1949 1 21.911900 19.627100 18.914100 
1950 1 20.910400 19.547400 19.837700 
1951 2 21.325500 19.590600 19.453300 
1952 2 21.325500 19.590600 19.453300 
1953 1 22.905200 22.374200 21.054100 
1954 1 23.830400 21.288600 21.116100 
1955 2 23.549000 21.777800 21.062200 
1956 2 23.549000 21.777800 21.062200 
1128 2 13.687700 17.673000 24.911800 
1722 1 22.140800 14.068800 26.993600 
1959 2 22.194700 21.271200 25.710500 
1960 2 22.194700 21.271200 25.710500 
16 2 25.293800 26.062300 18.421100 
1946 1 23.687100 18.483600 17.915800 
1968 2 18.627100 19.460400 15.768200 
1344 2 16.259300 16.887100 21.799000 
1126 1 14.133700 17.611500 24.616900 
1969 1 25.489800 21.421100 17.908400 
1970 1 24.737000 22.129500 18.619400 
1971 2 25.090700 21.814700 18.316500 
1972 2 25.090700 21.814700 18.316500 
1977 1 18.998600 23.087900 25.174800 
1978 1 19.101200 22.168300 24.246400 
1979 2 19.092900 22.615400 24.704900 
1980 2 19.092900 22.615400 24.704900 
185 1 25.947600 22.800300 14.941400 
1985 1 22.703700 23.233500 13.629000 
1308 2 18.570800 13.658600 16.119300 
1987 2 23.186300 23.290700 13.329100 
1988 2 23.186300 23.290700 13.329100 
1993 1 22.094100 24.102900 18.937900 
1994 1 22.022000 24.594600 20.263900 
1995 2 22.115900 24.282700 19.735300 
1724 2 21.851800 14.593200 26.754200 
1341 1 15.735300 17.208300 22.024400 
1961 1 23.417300 17.031200 14.143300 
1391 2 14.361700 26.384800 21.632300 
1347 2 18.909600 16.723500 26.509100 
196 2 24.909900 23.155100 25.106600 
1156 2 13.371600 20.204100 22.403200 
1309 1 15.796300 14.711200 19.286100 
1566 1 14.871300 19.227100 14.001000 
1904 2 26.344300 15.565200 15.764300 
1147 2 15.524300 17.936600 17.592200 
1192 2 19.003700 25.712200 18.907300 
172 2 22.730300 19.947400 15.561300 
1148 2 15.524300 17.936600 17.592200 
195 2 24.909900 23.155100 25.106600 
191 2 25.109500 25.232000 21.279700 
248 2 26.113600 25.838800 14.737700 
1382 1 14.229400 24.277600 24.086800 
192 2 25.109500 25.232000 21.279700 
1311 2 16.452500 14.821600 18.998200 
1312 2 16.452500 14.821600 18.998200 
1812 2 22.710600 25.457600 16.218700 
1795 2 17.817500 25.471700 22.660300 
245 1 26.297600 26.291100 15.446300 
1343 2 16.259300 16.887100 21.799000 
1945 1 24.099800 18.019300 18.960800 
1189 1 18.743800 26.170500 18.127900 
1293 1 16.312000 13.617800 22.136500 
1191 2 19.003700 25.712200 18.907300 
1515 2 19.276700 15.881600 22.551000 
1322 1 16.151800 15.656300 14.365700 
1516 2 19.276700 15.881600 22.551000 
1127 2 13.687700 17.673000 24.911800 
1809 1 22.966000 25.065200 15.810300 
1323 2 16.361600 16.040600 14.844400 
1177 1 13.288200 20.863100 26.191900 
1381 1 13.387100 24.360200 25.055100 
1389 1 14.084400 26.320800 22.125600 
247 2 26.113600 25.838800 14.737700 
1912 2 23.488700 13.778200 20.639700 
1911 2 23.488700 13.778200 20.639700 
1582 1 17.303700 25.902200 15.654300 
1131 2 13.225000 17.630800 20.093800 
1180 2 13.612700 20.693500 25.736300 
1178 1 14.093900 20.564900 25.290800 
1130 1 13.273800 18.188100 20.060500 
831 2 14.028500 26.120800 18.105300 
387 2 26.481200 19.269700 16.499300 
1392 2 14.361700 26.384800 21.632300 
1602 1 20.041900 26.644000 15.125700 
1963 2 23.983600 17.292900 13.814800 
108 2 26.239200 15.530200 19.614900 
1346 1 18.579000 16.160300 26.509800 
990 1 13.291600 23.085200 18.594100 
1502 1 19.465700 15.555500 13.636100 
1155 2 13.371600 20.204100 22.403200 
1383 2 13.882100 24.319600 24.610500 
1964 2 23.983600 17.292900 13.814800 
1153 1 13.208100 19.625700 22.120200 
830 1 13.258200 25.906300 17.941100 
117 1 26.158900 15.667600 22.618500 
1315 2 13.282900 15.189000 22.408300 
246 1 26.175700 25.521300 14.173600 
927 2 13.475000 15.488500 17.307300 
928 2 13.475000 15.488500 17.307300 
1598 1 15.203900 22.892000 26.235300 
1437 1 19.790800 24.604900 13.485200 
1741 1 25.608800 18.379800 26.646800 
1921 1 26.732400 15.441900 26.442100 
