id type x y z 
5 1 1.245400 2.158630 4.855030 
314 1 2.476540 12.300100 11.178800 
1831 2 1.963130 6.118100 6.864800 
1887 2 3.715710 12.882400 4.534990 
517 1 5.118420 11.400900 11.133900 
188 2 0.211747 2.545030 4.760900 
788 2 11.469900 2.081110 4.157360 
790 1 9.224420 0.169130 6.339860 
1822 1 3.136560 4.479150 3.194190 
316 2 2.483300 11.951800 10.533700 
21 1 1.912000 5.707010 3.529290 
642 1 12.018200 5.093770 5.466430 
1823 2 2.766820 5.487590 3.031990 
839 2 11.246400 2.127800 9.002280 
1999 2 0.346174 1.491870 13.023000 
681 1 9.520510 10.486900 2.257690 
590 1 7.523090 3.659530 5.481170 
1830 1 2.565200 6.111180 6.738880 
263 2 2.332900 10.488700 2.397160 
859 2 10.376300 4.588900 11.085800 
240 2 3.933830 1.764870 10.169200 
434 1 7.044900 2.614990 11.810300 
1821 1 3.460330 6.220880 3.269400 
244 2 5.330950 8.281840 1.100260 
206 1 5.439170 5.593820 6.107930 
208 2 5.283380 6.328070 6.114110 
1824 2 2.911490 5.770320 3.025340 
1057 1 13.198500 5.697930 11.042400 
433 1 6.049540 3.381780 12.251000 
198 1 0.211797 0.348439 12.410400 
221 1 4.858190 2.261920 2.625690 
297 1 2.711300 9.051590 11.723300 
229 1 3.578520 5.691850 9.754480 
230 1 4.501590 4.721650 10.075500 
231 2 4.063810 5.156830 9.802160 
232 2 4.058100 5.116730 9.898950 
435 2 6.514660 3.005100 11.912000 
661 1 10.622000 6.635190 1.574450 
1859 2 0.441790 6.483290 11.009900 
187 2 0.084259 2.511020 4.674970 
245 1 6.153720 8.801310 4.374460 
246 1 5.464750 9.981720 4.544850 
247 2 5.867170 9.621100 4.481600 
248 2 5.812220 9.378510 4.405200 
253 1 3.681890 9.343580 8.934830 
254 1 2.920890 8.094540 8.880870 
255 2 3.404410 8.747500 8.965110 
256 2 3.211730 8.599640 8.967950 
1801 1 1.617190 3.063400 0.546568 
261 1 2.113020 10.049700 2.037900 
614 1 9.323180 0.286129 12.441300 
217 1 4.774990 2.080970 10.295000 
269 1 1.866160 9.498870 4.550430 
270 1 2.569560 9.087710 5.891740 
271 2 2.281960 9.335120 5.175800 
272 2 2.378550 9.375790 5.418850 
63 2 0.160611 13.333000 3.961350 
660 2 12.758300 2.923920 12.943300 
837 1 12.012600 2.503330 9.309910 
313 1 2.647270 11.721500 10.019400 
488 2 7.660200 12.399700 4.687910 
844 2 12.464900 9.797000 0.854310 
298 1 1.878380 9.402550 12.811000 
1841 1 2.815080 5.605850 1.842680 
1314 1 10.897100 11.973700 10.006600 
290 1 1.003050 11.305700 6.776310 
291 2 0.648930 11.817900 7.263780 
292 2 0.676852 11.729900 7.078750 
1315 2 11.051900 12.769600 9.942490 
1313 1 11.402400 13.201600 9.957700 
222 1 5.894700 3.000850 2.828860 
1815 2 0.911104 3.148970 8.557430 
1814 1 0.289888 2.848940 8.871010 
699 2 7.141630 6.208810 9.532360 
315 2 2.580670 11.886100 10.498400 
795 2 9.268850 0.593130 11.430900 
616 2 9.206110 0.453333 11.661500 
787 2 11.588900 2.113850 4.158470 
421 1 9.748000 3.928100 2.299290 
265 1 5.219310 12.575200 1.149250 
861 1 12.105800 8.298050 4.863580 
904 2 12.001500 12.045900 3.384310 
59 2 0.507835 6.265720 10.930700 
880 2 9.051060 8.612820 11.207400 
794 1 8.694160 0.233728 11.034200 
1641 1 0.443796 6.123700 0.610130 
518 1 5.588700 10.181900 11.518200 
684 2 9.157750 10.141400 2.550420 
390 1 3.437100 1.691320 6.630910 
1832 2 1.787280 6.268810 6.915530 
238 1 3.616080 1.173860 10.656900 
592 2 7.921380 3.514290 5.237840 
469 1 5.807400 12.225900 7.414910 
470 1 4.402100 12.164300 7.926740 
471 2 4.855640 12.079600 7.740070 
472 2 5.070910 12.180100 7.746690 
473 1 5.112450 8.184750 12.769400 
486 1 8.096640 12.097600 4.318720 
475 2 5.332490 7.827140 12.472800 
476 2 5.415790 7.809720 12.208000 
793 1 9.545880 1.654400 11.372000 
485 1 7.157290 12.638600 4.951790 
210 1 3.792440 3.456640 6.447190 
241 1 5.428020 7.785780 0.465334 
841 1 11.850500 9.308050 0.666236 
474 1 5.614950 7.471540 11.650600 
487 2 7.617230 12.355700 4.534170 
60 2 0.436278 6.422560 11.072400 
493 1 7.724140 9.968140 7.737650 
494 1 7.351510 8.751230 8.025010 
495 2 7.566990 9.354910 7.756940 
496 2 7.660880 9.494770 8.004820 
1080 2 11.977400 8.507450 9.183270 
442 1 6.316610 5.842690 2.623030 
392 2 4.136320 2.396830 6.247260 
207 2 5.206660 6.331650 5.999660 
1116 2 11.677800 10.501600 12.508400 
424 2 9.349470 3.485910 1.911450 
589 1 8.498370 3.337810 4.832960 
591 2 8.050640 3.533280 5.092590 
212 2 4.297930 2.618920 6.304530 
1888 2 3.574160 12.936900 4.397040 
842 1 13.013200 9.994980 0.957911 
223 2 5.347700 2.604780 2.656710 
441 1 7.585220 5.438830 2.598710 
50 1 0.228586 8.817590 7.375340 
239 2 4.112610 1.876260 10.174000 
423 2 9.509470 3.355800 1.685530 
682 1 8.574110 9.579850 2.721980 
389 1 4.536290 2.246030 5.247990 
862 1 12.314100 9.039970 3.870080 
615 2 9.337420 0.613706 11.582900 
633 1 7.556260 2.780190 9.278970 
634 1 7.877890 2.447980 8.135120 
635 2 7.610740 2.511370 8.390980 
636 2 7.703470 2.651850 8.732880 
786 1 10.899400 1.498400 4.237860 
23 2 2.835140 5.488480 3.044620 
641 1 12.533500 5.592160 4.296550 
199 2 0.728404 1.280320 13.066100 
901 1 11.772600 11.623800 4.007500 
1829 1 1.271020 6.186900 7.006430 
1886 1 3.084510 12.994100 4.891870 
299 2 2.291370 9.154240 12.658200 
665 1 9.342080 7.389600 5.143750 
666 1 7.945200 7.157500 4.662870 
667 2 8.633770 7.247580 4.753960 
668 2 8.645690 7.444950 4.976480 
673 1 10.852700 5.762220 8.231020 
674 1 9.883460 5.549260 7.276390 
675 2 10.232100 5.843210 7.776850 
676 2 10.365400 5.583520 7.844300 
796 2 9.274840 0.534789 11.739800 
863 2 12.189600 8.775870 4.343200 
1820 2 0.549915 1.281880 12.889800 
683 2 9.159700 10.127200 2.383200 
698 1 7.837320 6.337650 9.751000 
663 2 10.327800 7.123650 1.622470 
785 1 11.730900 2.558110 4.066920 
1813 1 1.361230 3.766000 8.435690 
519 2 5.331350 10.731400 11.241400 
8 2 0.130073 2.272790 4.514940 
58 1 1.287340 6.193000 11.329400 
1078 1 12.420200 8.827650 8.878070 
209 1 5.253460 2.573900 6.766430 
1077 1 11.592200 8.124830 9.625150 
903 2 12.106100 11.990400 3.565420 
1113 1 11.510800 11.086600 12.907100 
662 1 9.918440 7.543220 1.947360 
658 1 13.079400 3.427380 13.178300 
1079 2 12.115900 8.581850 9.296620 
6 1 0.205596 2.666180 3.533220 
843 2 12.519700 9.722570 0.898897 
237 1 3.465240 2.488340 9.700670 
838 1 10.837200 1.885710 8.877340 
840 2 11.287100 2.103290 9.119460 
443 2 7.085730 5.565800 2.627900 
1819 2 0.373165 1.304540 13.064700 
858 1 10.378300 5.151580 11.437900 
659 2 12.875400 2.863020 12.907500 
902 1 12.232800 12.433200 3.114020 
205 1 5.026680 6.974790 6.075430 
391 2 4.506210 2.702010 6.449670 
879 2 8.923710 8.650630 11.149000 
436 2 6.490280 2.942280 11.938500 
877 1 8.770800 8.764030 10.690500 
885 1 9.907240 10.355500 6.894800 
886 1 11.068200 11.127300 7.024660 
887 2 10.657400 10.812500 6.986890 
888 2 10.600800 10.719200 7.053590 
1643 2 0.059131 6.807480 0.643453 
224 2 5.333080 2.718610 2.842320 
664 2 10.234000 7.203450 1.828240 
24 2 2.788070 5.459910 2.981240 
267 2 5.423850 12.116300 1.716090 
1316 2 11.319600 12.748200 9.954530 
1981 1 0.977215 0.870957 0.990713 
1115 2 11.946100 10.596500 12.429900 
1816 2 0.986510 3.541170 8.688380 
7 2 0.264202 2.526720 4.536810 
300 2 2.339480 9.174490 12.170800 
264 2 2.192140 10.564800 2.391880 
422 1 9.158910 2.985210 1.255570 
720 2 8.439740 12.214200 11.379300 
242 1 5.243690 8.558000 1.502310 
57 1 0.207162 6.018660 10.147900 
718 1 9.092650 12.455200 11.332000 
262 1 2.403480 10.941700 2.901750 
200 2 0.367072 1.655680 13.031700 
243 2 5.306320 8.131740 1.166320 
719 2 8.419680 12.180700 11.375300 
644 2 12.266200 5.465190 4.778000 
643 2 12.210400 5.265070 4.756180 
266 1 5.481490 11.555800 2.013050 
860 2 10.385600 4.773590 11.271700 
700 2 7.332680 6.188780 9.447410 
444 2 6.825800 5.837810 2.633880 
878 1 9.334650 8.501590 11.717300 
1969 1 1.566620 0.002230 8.639840 
697 1 6.647290 5.981020 9.415160 
268 2 5.328280 12.216300 1.350740 
857 1 10.451100 4.013550 10.467600 
520 2 5.387830 10.861000 11.369000 
211 2 4.274650 2.485890 6.311790 
717 1 7.951870 11.900300 11.414200 
18 1 1.198360 1.638160 12.142800 
289 1 0.299840 12.175600 7.564100 
657 1 12.570900 2.205010 12.631500 
20 2 0.424574 1.291170 12.845800 
864 2 12.285600 8.816210 4.446920 
1114 1 12.080300 10.140800 12.155500 
19 2 0.587703 1.641410 12.892000 
781 1 11.171400 -0.113671 2.088060 
381 1 6.852550 0.077378 2.926040 
920 2 8.072220 13.213400 7.614300 
213 1 3.386000 5.394570 12.895800 
1885 1 4.257580 13.005200 4.090610 
782 1 12.633300 0.218933 0.909737 
1997 1 0.198272 3.145620 12.712200 
830 1 13.150800 1.777320 6.193540 
2000 2 0.421204 1.766860 12.662000 
870 1 12.711800 5.585500 -0.003084 
215 2 3.690350 4.946810 13.068800 
216 2 3.706110 4.770590 13.343600 
1804 2 1.507330 2.107730 26.265500 
737 1 7.358830 11.965300 17.419200 
1848 2 1.464640 4.265830 20.834600 
404 2 6.785110 1.510490 25.354900 
1866 1 0.539816 12.229800 22.132000 
43 2 2.655680 9.677400 25.362100 
638 1 9.645400 2.752390 15.063100 
1075 2 11.080600 6.460230 22.956200 
29 1 4.282650 5.145760 18.711400 
31 2 3.915500 4.766370 18.165500 
739 2 7.293020 12.474200 17.849200 
1991 2 2.589000 0.651760 20.886000 
1105 1 11.622700 13.120100 23.803200 
1803 2 1.658700 1.952060 25.933900 
876 2 9.537350 10.945800 19.280200 
686 1 9.039060 11.663600 23.446600 
498 1 3.460300 13.163400 14.091100 
873 1 9.753490 10.492100 19.587600 
70 1 2.685190 8.192230 21.781600 
72 2 3.305100 8.294430 21.287500 
1846 1 1.635340 4.668410 21.047500 
439 2 5.954240 3.167620 15.492000 
834 1 12.131400 3.858840 22.148100 
293 1 1.809720 12.974600 17.270700 
691 2 5.976600 10.814600 20.226200 
915 2 10.475700 9.914250 16.105900 
279 2 1.739900 10.267800 15.635200 
1038 1 11.296800 7.199160 15.002600 
66 1 2.373930 11.484400 21.955900 
897 1 7.382150 8.120960 17.548300 
1809 1 1.668370 0.575712 20.924900 
1834 1 1.078350 3.079270 17.948000 
225 1 3.231210 5.849690 23.696600 
226 1 2.095140 6.638240 24.007300 
227 2 2.505240 6.213630 23.960400 
228 2 2.822860 6.148000 23.692300 
233 1 3.406620 1.124140 17.405300 
1868 2 1.553270 11.608900 21.441100 
235 2 4.207170 0.941838 17.236200 
236 2 4.071410 1.018580 17.467000 
1099 2 7.463050 9.999760 14.145000 
90 1 2.574590 10.318000 18.628600 
900 2 7.745030 8.650150 18.013800 
848 2 12.989400 0.155188 23.624000 
249 1 9.585000 4.979280 21.253800 
250 1 8.221510 5.062100 21.412700 
251 2 8.935650 5.115070 21.411200 
252 2 8.923900 4.990530 21.406500 
882 1 9.608990 12.234700 26.451600 
1073 1 10.887300 6.229480 23.722300 
22 1 2.221430 9.827420 24.592800 
1054 1 13.314100 2.715390 17.331400 
65 1 0.983515 10.665700 21.398000 
1108 2 12.488600 12.848500 23.808800 
403 2 6.808690 1.399630 25.459300 
402 1 6.902460 0.755620 26.312900 
277 1 1.775090 10.093600 16.296200 
898 1 8.010840 8.910830 18.427600 
30 1 3.630240 4.334050 17.593300 
890 1 11.983900 9.323590 21.405500 
408 2 6.299890 0.394380 20.969200 
889 1 12.911800 10.040600 22.197100 
287 2 2.767280 13.247600 25.241200 
1100 2 7.728290 9.861450 14.080500 
581 1 5.851810 0.932483 24.663700 
1865 1 1.430600 12.032600 20.597200 
280 2 1.670920 10.390100 15.648100 
458 1 5.093160 7.348290 14.921400 
183 2 1.486400 2.280390 26.006600 
690 1 6.097510 11.282400 19.756000 
914 1 10.336500 10.147100 15.506300 
680 2 11.025800 7.541950 19.285700 
583 2 6.701600 1.376910 25.371900 
68 2 1.105920 11.495800 21.546000 
916 2 10.596300 9.950450 16.075900 
234 1 4.716220 1.042060 17.356400 
1847 2 1.271630 4.120810 20.755700 
1076 2 11.080400 6.285070 23.127000 
688 2 9.453140 11.760600 22.745500 
477 1 5.020280 11.006600 15.773200 
71 2 3.232410 8.337970 21.371700 
678 1 11.516100 7.842210 19.544500 
1811 2 2.464820 0.585944 20.983400 
32 2 3.897230 4.610110 17.736700 
425 1 5.560960 4.576450 22.717800 
426 1 5.407830 3.283960 22.230300 
427 2 5.416900 3.891280 22.531400 
428 2 5.429430 3.920220 22.505900 
429 1 6.426290 2.636760 18.469100 
430 1 7.243090 3.476840 19.218900 
431 2 6.735910 2.954300 18.908100 
432 2 6.761200 3.119570 18.998700 
288 2 2.893160 13.177600 25.223200 
846 1 12.334600 0.319435 23.134200 
913 1 10.581200 9.552230 16.768200 
438 1 5.784700 2.556890 15.532700 
445 1 5.255410 7.761420 23.682500 
446 1 6.658120 8.172120 23.584000 
447 2 5.790130 8.024120 23.729200 
448 2 5.920970 8.098230 23.624500 
1040 2 10.847300 7.110800 14.664500 
450 1 5.091890 10.825500 23.296200 
451 2 4.809340 11.332000 23.486600 
452 2 4.887300 11.538600 23.456200 
453 1 5.805660 7.082490 19.552000 
454 1 6.197830 6.018100 20.146200 
455 2 5.900500 6.603950 19.862300 
456 2 5.984250 6.556080 19.938900 
679 2 11.159400 7.650510 19.136800 
401 1 7.705190 1.578300 24.773600 
55 2 0.495991 7.749050 18.562100 
91 2 3.097730 10.483400 18.315300 
465 1 7.111710 11.199800 25.732600 
466 1 7.816920 10.149100 25.963700 
467 2 7.502140 10.616500 25.893100 
468 2 7.548800 10.786800 25.771800 
480 2 5.423330 10.506300 15.769500 
278 1 1.689700 10.632200 15.086300 
1854 1 0.227791 6.678220 19.040300 
1039 2 10.608100 6.857020 14.502500 
869 1 12.739300 6.649020 25.795100 
714 1 10.892900 13.032300 17.113200 
497 1 4.410970 12.469100 13.917900 
1856 2 0.310083 7.595650 18.577200 
1983 2 1.369200 2.284040 25.998100 
285 1 2.485980 12.708500 25.448300 
1802 1 0.522691 3.054990 24.825800 
1844 2 2.587030 9.562630 25.360000 
640 2 10.105200 3.076360 15.346200 
687 2 9.610860 11.705300 22.769000 
67 2 1.282930 11.495600 21.294700 
599 2 8.250440 0.168502 16.834700 
625 1 9.450050 2.434150 22.301100 
626 1 9.048240 1.164120 21.836200 
627 2 9.144810 1.713610 22.128600 
628 2 9.184050 1.704570 22.058200 
629 1 10.509500 3.129340 18.546200 
630 1 11.061400 4.008780 19.485700 
631 2 10.751400 3.556410 18.973300 
632 2 10.836000 3.494840 18.992100 
637 1 10.637400 3.443930 15.488400 
639 2 10.080300 3.185270 15.414400 
1857 1 2.019720 7.079240 14.821500 
479 2 5.222960 10.755300 15.769200 
44 2 2.726540 9.630210 25.441600 
449 1 4.420800 11.939000 23.672300 
740 2 7.272750 12.580600 17.537500 
998 1 12.931400 0.487985 15.137600 
649 1 11.632600 2.246470 25.539400 
650 1 11.031400 3.209910 24.654500 
651 2 11.487600 2.534300 25.256700 
652 2 11.434500 2.653100 25.146900 
653 1 8.408210 5.861460 17.479200 
654 1 8.528680 5.141470 16.375900 
655 2 8.558620 5.506860 16.945200 
656 2 8.324880 5.525090 16.923500 
418 1 8.110320 1.039620 16.333800 
440 2 5.997670 3.183270 15.549900 
460 2 5.188580 7.180450 15.765300 
685 1 9.941140 11.642000 22.192600 
669 1 8.933410 7.706350 21.816300 
670 1 8.770700 9.211410 21.628900 
671 2 8.931130 8.481510 21.821800 
672 2 8.895120 8.457450 21.667700 
677 1 10.675700 7.237610 18.796800 
1117 1 11.958400 13.295400 13.614000 
1098 1 6.970200 9.796130 13.795300 
1 1 2.390670 3.042800 25.183100 
1812 2 2.720120 0.604823 20.982500 
646 1 4.277520 4.767700 26.354800 
693 1 8.192070 4.874610 13.351000 
419 2 8.123710 0.109505 16.701700 
1860 2 1.950290 7.035540 14.745400 
584 2 6.768240 1.310970 25.587900 
3 2 1.326110 2.096290 26.150000 
1074 1 11.332800 6.554540 22.547200 
695 2 7.835370 5.448390 13.509000 
694 1 7.532870 6.085280 13.529400 
54 1 0.473690 7.689010 17.555900 
1497 1 13.145600 8.374800 14.575900 
89 1 3.635150 10.657000 18.063500 
184 2 1.394240 2.146920 25.679400 
738 1 7.035020 13.167700 17.884100 
1106 1 12.896300 12.708400 23.783500 
689 1 5.876410 10.728000 20.837900 
692 2 5.900670 11.036500 20.153100 
892 2 12.359700 9.625510 21.791400 
69 1 3.731690 8.499470 20.890900 
181 1 1.361210 0.923692 24.996900 
1842 1 2.023780 9.739010 26.208100 
459 2 5.059070 6.933540 15.952700 
874 1 9.100550 11.410000 19.039500 
92 2 3.006590 10.434100 18.267700 
457 1 5.043170 6.803440 16.352500 
1833 1 0.240734 2.183260 17.604600 
798 1 10.717500 0.055692 19.708000 
899 2 7.620100 8.472480 17.981400 
1992 2 2.611010 0.699122 20.934700 
833 1 11.705300 2.629100 22.047700 
197 1 1.151910 0.355203 13.781800 
835 2 11.867700 3.202870 22.114900 
836 2 11.901800 3.312850 22.064600 
478 1 5.758640 10.056200 15.831500 
648 2 4.834170 5.222210 26.327800 
871 2 12.767700 6.023560 26.149700 
618 1 11.917300 -0.020800 18.650500 
41 1 3.351410 9.375840 25.554400 
405 1 6.219140 0.872171 20.462500 
875 2 9.584600 10.725500 19.518500 
617 1 12.143900 0.224284 20.236400 
582 1 6.295310 2.417180 25.711500 
1855 2 0.488527 7.715420 18.587700 
1069 1 12.915300 9.625290 17.874400 
56 2 0.390417 7.613850 18.697600 
853 1 8.687210 5.486190 26.068800 
854 1 8.164480 5.753520 24.721900 
855 2 8.350040 5.577400 25.161300 
856 2 8.378750 5.530640 25.240000 
872 2 12.750000 5.932090 26.212600 
1810 1 2.868070 1.386140 20.635000 
407 2 6.384140 0.306381 21.000800 
1845 1 1.224520 3.333230 20.814400 
865 1 10.266400 9.245050 24.352900 
1836 2 0.593580 2.758860 17.690300 
867 2 10.614500 9.171540 25.018900 
868 2 10.484900 9.294410 24.917900 
891 2 12.596500 9.779940 21.840900 
1279 2 12.624100 5.577330 16.816700 
1853 1 1.428200 7.820060 18.864700 
1277 1 12.216000 5.312950 17.190800 
847 2 13.010700 0.379866 23.634600 
1280 2 12.750000 5.371050 17.025700 
437 1 6.159130 3.908590 15.692300 
1984 2 1.383450 2.089860 26.140200 
1990 1 2.859760 0.514913 21.962100 
1107 2 12.525800 12.907200 23.914200 
1037 1 10.172500 6.838090 13.954500 
1097 1 8.139560 10.187500 14.283200 
696 2 7.872570 5.637830 13.347800 
1867 2 1.337710 11.687800 21.504600 
1835 2 0.560276 2.577250 17.777800 
866 1 10.832200 9.484960 25.547900 
1818 1 1.810820 2.152480 13.792400 
500 2 3.974590 12.830000 13.996700 
4 2 1.352640 2.023960 26.241800 
214 1 4.058150 4.281580 13.627700 
97 1 0.889919 13.303500 13.549200 
499 2 3.849430 12.857500 13.922200 
182 1 2.732840 1.413380 26.335000 
881 1 10.862200 12.047000 26.399400 
883 2 10.270400 12.146900 26.326400 
645 1 5.415860 5.572880 26.299200 
884 2 10.113200 12.364900 26.356900 
2 1 0.238113 2.108570 26.389200 
647 2 4.899650 5.082130 26.282800 
202 1 8.319310 25.709800 2.486950 
1968 2 2.849220 25.162300 3.674340 
323 2 5.179580 18.858200 1.390620 
1170 1 12.277400 22.318500 7.191470 
562 1 6.207850 22.317100 1.827290 
531 2 6.185420 16.821400 9.357070 
1143 2 11.836900 19.300900 2.079480 
151 2 0.315722 22.400200 3.391570 
145 1 3.089720 19.600700 4.131040 
147 2 2.415540 19.906900 3.850560 
1121 1 11.412700 15.376600 0.775696 
1124 2 11.181700 15.563700 1.404480 
375 2 6.258330 24.918700 9.945160 
155 2 0.551965 21.657300 7.271820 
783 2 11.723200 26.255300 1.283600 
593 1 9.264410 23.387800 10.664200 
165 1 3.573660 24.746900 2.963960 
1123 2 11.216500 15.430400 1.332340 
169 1 3.139390 25.851700 8.170330 
342 1 2.817600 21.212800 1.380660 
602 1 11.017800 26.503400 0.263356 
503 2 5.305220 15.999600 2.943860 
942 1 11.961900 22.820500 0.232755 
1965 1 2.083460 24.396500 3.954750 
1141 1 12.050400 18.748000 1.916000 
1955 2 0.767364 21.532900 7.217660 
149 1 0.183532 22.556100 3.906830 
742 1 9.211980 20.243600 0.620590 
729 1 9.123590 14.255300 4.869960 
1953 1 1.032810 20.863200 6.648590 
1972 2 1.940470 25.788100 8.373030 
564 2 6.213210 21.889300 2.667890 
502 1 5.866570 15.754400 2.960640 
172 2 2.276630 25.629900 8.559050 
321 1 5.713040 19.300900 1.042510 
588 2 10.857100 22.966400 3.628900 
201 1 6.835700 24.736900 2.820120 
791 2 9.785120 26.046700 6.792280 
1929 1 0.329887 16.446500 7.295680 
310 1 2.219430 14.034100 7.430870 
311 2 2.524810 14.620900 7.688490 
312 2 2.507390 14.661900 7.556360 
382 1 7.744330 25.749300 3.993890 
304 2 2.104210 17.589600 0.887203 
526 1 5.706920 15.486500 5.588030 
1966 1 3.453310 25.442000 4.444410 
1110 1 12.923400 14.356000 6.531710 
744 2 8.629740 20.375100 0.046418 
1766 1 0.347574 23.895300 0.300652 
1954 1 0.403602 21.345800 8.117080 
333 1 2.365790 15.849200 10.266700 
334 1 2.995070 15.752700 11.256500 
335 2 2.575280 15.733600 10.634300 
336 2 2.681340 15.927000 10.801400 
379 2 5.319110 21.957600 12.205300 
604 2 11.556200 26.128300 1.348350 
463 2 7.863130 14.021600 1.379730 
343 2 2.294250 21.195300 0.958277 
358 1 2.774830 19.432400 10.317600 
360 2 3.489470 19.116800 10.337800 
895 2 5.678190 14.133900 11.401900 
595 2 9.288100 23.007600 9.961200 
365 1 4.950740 21.988200 6.450380 
366 1 4.316260 22.002200 5.127770 
367 2 4.559620 21.916300 5.645770 
368 2 4.557700 21.957100 5.794610 
369 1 4.433290 22.994500 8.724100 
370 1 4.309760 21.777900 9.280090 
371 2 4.256910 22.525000 9.031840 
372 2 4.243690 22.407100 8.997760 
361 1 4.610340 25.276400 0.266674 
1925 1 2.339540 16.146700 3.663480 
150 1 0.557681 22.016300 3.004950 
525 1 5.601890 15.114300 6.857670 
167 2 2.959520 25.308800 3.612610 
563 2 6.228640 21.755100 2.455530 
1111 2 12.599900 13.826800 6.765690 
1956 2 0.962210 21.672500 7.282420 
784 2 11.551900 26.254600 1.111680 
1971 2 2.167600 25.720800 8.329370 
731 2 9.765810 14.660500 4.986140 
152 2 0.346403 22.234600 3.511070 
319 2 6.399550 16.958600 13.010200 
416 2 9.390350 22.720200 9.896840 
1979 2 1.538120 22.296100 11.598600 
767 2 13.201500 25.417200 4.878800 
529 1 6.299640 17.264300 8.870310 
1138 1 12.823700 15.452100 12.004900 
203 2 7.172540 25.686000 3.045290 
284 2 2.107250 14.287700 1.668920 
1861 1 0.103192 13.410900 3.892990 
324 2 5.216170 19.009100 1.377240 
612 2 9.617830 25.910900 6.898360 
168 2 2.770950 25.268700 3.698080 
601 1 11.816200 25.269400 1.343960 
587 2 10.695700 23.043400 3.389690 
527 2 5.691980 15.244000 6.215070 
461 1 8.059550 13.835900 2.027090 
1109 1 12.222800 13.288800 7.155030 
1978 1 2.392150 23.010200 11.401900 
301 1 2.595450 18.212600 0.626427 
1169 1 11.269100 23.507400 7.214680 
178 1 0.973867 22.615200 12.395500 
363 2 4.435960 24.563900 0.518066 
1970 1 1.631920 25.172100 7.488050 
146 1 1.898320 20.324400 3.830390 
545 1 6.366500 18.597000 3.937940 
546 1 6.688730 19.275700 5.209930 
547 2 6.573130 19.177700 4.742410 
548 2 6.539820 18.920700 4.516270 
549 1 4.263960 19.121900 6.627150 
550 1 3.545460 18.259500 7.562290 
551 2 3.942940 18.462700 7.056050 
552 2 3.880710 18.778000 7.080260 
553 1 7.894550 19.124500 10.706700 
554 1 7.325010 19.998200 11.551400 
555 2 7.833890 19.452500 11.237200 
556 2 7.702650 19.610100 11.258900 
1134 1 12.294600 16.437900 9.275430 
1890 1 0.221897 14.151900 9.403150 
561 1 6.164410 21.353000 2.818570 
1144 2 11.969500 19.295500 1.963210 
569 1 6.390810 25.380600 7.052080 
570 1 5.377710 25.261900 6.237790 
571 2 5.804100 25.337400 6.690120 
572 2 5.877910 25.438600 6.899600 
1977 1 2.216910 21.371800 12.033100 
917 1 8.327930 13.295400 7.106110 
506 1 9.622690 17.400500 3.925720 
166 1 2.479080 25.994800 3.314530 
462 1 7.532150 14.216900 0.924290 
359 2 3.387010 19.142200 10.431400 
594 1 10.240900 22.727800 9.428950 
596 2 9.438390 22.955100 9.816780 
701 1 9.306890 16.368700 0.131196 
415 2 9.238310 22.792900 9.830060 
1136 2 11.773600 16.316400 9.002550 
156 2 0.999664 21.567500 7.266990 
1172 2 11.804200 22.976300 7.074940 
1927 2 2.285210 16.436200 4.204980 
302 1 1.637280 17.310500 1.060650 
1967 2 2.977990 25.264000 3.705410 
357 1 3.937860 18.667700 10.599900 
413 1 8.817380 23.180300 9.259000 
743 2 8.765610 20.602900 0.248723 
148 2 2.532040 19.869700 3.931310 
158 1 0.250351 22.295000 6.672350 
1926 1 1.996080 16.591200 4.841770 
1142 1 11.661200 19.939700 2.032060 
374 1 6.127250 25.426500 9.421010 
309 1 2.997340 15.215000 7.520800 
171 2 1.998230 25.560600 8.540190 
281 1 1.266170 14.320500 1.733990 
585 1 10.339500 23.331000 3.228670 
383 2 7.558130 25.519700 3.092680 
507 2 9.233280 17.263100 3.084380 
397 1 5.067570 25.076600 12.349500 
1139 2 13.146300 16.029500 12.189100 
749 1 8.388400 16.521100 6.748140 
750 1 9.016640 17.649800 7.366190 
751 2 8.907760 17.144500 7.125570 
752 2 8.756820 16.976200 7.060720 
179 2 1.640350 22.213200 11.666500 
1928 2 2.226120 16.385000 4.339830 
504 2 5.224210 15.958700 2.877100 
322 1 4.747340 18.405900 1.621610 
609 1 10.845100 25.909100 6.326820 
362 1 4.366750 23.899200 0.687739 
177 1 1.198800 22.040500 10.986600 
501 1 4.698380 16.127900 2.791050 
769 1 7.022220 19.597600 7.657490 
770 1 7.378380 20.763100 8.125800 
771 2 7.182360 20.156400 7.904980 
772 2 7.204170 20.185800 8.005060 
773 1 10.929600 18.367100 11.320600 
774 1 11.424200 19.411200 12.260200 
775 2 11.133600 19.000100 11.825900 
776 2 11.229600 18.793100 11.732500 
464 2 7.679170 14.143800 1.545490 
530 1 6.016650 16.409800 9.849920 
1122 1 11.065300 15.705500 1.969720 
926 1 12.189500 17.611000 6.033990 
180 2 1.635790 22.292800 11.735100 
1931 2 0.605714 17.200100 7.327270 
414 1 9.116850 21.815100 10.115600 
378 1 5.876140 22.096400 12.395100 
603 2 11.753900 26.337900 1.034880 
1932 2 0.633117 17.324100 7.625510 
1135 2 11.852300 16.312000 9.078500 
894 1 6.191670 14.144200 11.875500 
508 2 9.322000 17.270600 3.439950 
380 2 5.231420 21.738100 12.134700 
768 2 13.262400 25.584400 4.853300 
1171 2 11.942800 22.845000 7.027690 
170 1 2.035440 24.919300 9.331890 
918 1 8.083180 13.258700 8.360420 
376 2 6.343170 25.195700 9.880410 
896 2 5.669840 14.220300 11.219300 
384 2 7.288570 25.666800 3.006030 
303 2 2.009170 17.626200 0.739686 
925 1 12.647500 16.362100 5.025140 
949 1 10.454900 19.681600 7.787040 
927 2 12.399600 16.781200 5.493000 
928 2 12.478700 16.613800 5.462700 
933 1 9.096460 15.993600 11.882500 
934 1 9.378270 15.423500 10.578200 
935 2 9.293740 15.722100 11.236300 
936 2 9.236700 15.706800 11.240500 
1980 2 1.717360 22.229800 11.666200 
153 1 1.693160 22.134100 7.603460 
528 2 5.750450 15.371300 6.202110 
586 1 11.400200 22.699400 3.814770 
945 1 9.618600 20.298500 4.370300 
946 1 10.648800 20.015300 5.100550 
947 2 10.197800 20.178000 4.831580 
948 2 10.032800 20.089300 4.930590 
204 2 7.550150 25.831500 2.970370 
950 1 11.040400 19.357600 8.955750 
951 2 10.804900 19.514000 8.356280 
952 2 10.658200 19.545500 8.299380 
732 2 9.678640 14.498600 4.974850 
972 2 7.572140 22.831600 5.620920 
341 1 1.926590 21.163300 0.356321 
971 2 7.596000 22.584500 5.523180 
969 1 7.659500 22.694800 6.068370 
970 1 7.455300 22.693400 4.844890 
532 2 6.068210 16.939500 9.356700 
505 1 8.998020 17.171600 2.762200 
994 1 12.744700 25.352000 10.400100 
344 2 2.380550 21.266100 0.848414 
282 1 2.594740 14.205600 1.570950 
610 1 9.248910 24.918600 6.689630 
1930 1 0.936951 17.753600 7.798050 
364 2 4.516970 24.733100 0.381607 
789 1 9.886110 26.268100 7.863920 
766 1 12.985100 25.083400 4.812750 
1140 2 12.976000 15.991300 12.220000 
1112 2 12.669700 13.823900 6.913960 
373 1 6.550210 24.656400 10.543500 
613 1 10.284800 26.435400 11.136400 
730 1 10.314500 14.817700 5.236620 
377 1 4.633820 21.588300 11.651800 
919 2 8.059290 13.215400 7.781350 
283 2 2.056500 14.385600 1.688060 
611 2 9.822490 25.928200 6.841510 
792 2 9.866460 26.030600 6.419660 
1133 1 11.193600 16.106500 8.582830 
893 1 5.339750 14.034000 10.803200 
977 1 13.178500 21.822200 13.225400 
320 2 6.266450 17.098600 13.127100 
318 1 6.708840 17.021300 12.470600 
1938 1 0.463184 18.080600 11.947800 
1118 1 10.632200 13.604200 13.233100 
542 1 7.764920 24.277100 0.023510 
400 2 5.097730 25.757700 13.037800 
544 2 8.392900 24.035500 0.059403 
218 1 5.907430 26.434000 13.094000 
220 2 5.314770 25.780700 13.325600 
398 1 5.385840 25.228900 14.202100 
910 1 11.840500 13.491800 20.839100 
817 1 12.809800 25.436600 15.498100 
524 2 7.695160 17.828800 23.030700 
541 1 9.081250 23.664500 26.591700 
759 2 9.660500 20.510100 14.249300 
406 1 6.314350 26.400800 21.522200 
411 2 8.301490 24.095200 19.874900 
820 2 12.516600 26.163300 14.902700 
1962 1 1.603430 21.580800 23.387700 
491 2 5.430710 15.529000 16.626000 
538 1 8.314010 14.323900 15.086000 
338 1 2.663020 15.646000 14.186300 
921 1 10.986800 15.541500 23.629100 
966 1 12.967300 23.308900 22.586700 
523 2 7.649320 17.712900 22.980400 
580 2 9.462280 23.873400 14.036300 
537 1 7.395570 13.403600 14.461000 
810 1 11.966500 22.679900 19.841400 
954 1 12.812300 16.487500 18.998900 
967 2 13.158600 23.201700 23.112700 
346 1 2.494410 24.824100 24.230800 
716 2 10.946200 13.854500 17.129700 
1949 1 2.678040 23.375300 21.771000 
125 1 4.571520 19.201800 25.376200 
812 2 12.109100 22.177700 20.169200 
305 1 4.657870 13.956700 19.802000 
819 2 12.331900 26.266300 14.877300 
481 1 4.709030 16.126800 25.513700 
1119 2 11.187200 13.461300 13.384800 
105 1 0.287057 16.311300 23.271600 
558 1 10.558700 17.169100 14.532700 
702 1 8.201530 17.276100 26.195000 
1894 1 1.780450 15.050500 19.443400 
325 1 5.599450 14.803600 22.690000 
326 1 4.170480 15.283000 22.400600 
327 2 4.925680 15.054200 22.258500 
328 2 4.715310 15.201100 22.493600 
329 1 3.707480 18.407500 21.122500 
330 1 2.957640 17.667100 20.549700 
331 2 3.310800 18.056700 20.937200 
332 2 3.283160 18.048700 20.898500 
337 1 2.349470 16.643400 14.665000 
339 2 2.480500 16.200200 14.410900 
725 1 12.113800 18.960200 24.713500 
955 2 12.559000 16.749500 18.562400 
345 1 3.469690 24.174400 24.238500 
286 1 3.068150 13.697500 25.063700 
347 2 2.943770 24.311800 24.078800 
348 2 2.914240 24.544800 24.299200 
349 1 4.841850 20.715100 17.544900 
350 1 3.954440 20.563200 18.687200 
351 2 4.462370 20.741700 18.220400 
352 2 4.507410 20.632000 18.072100 
353 1 3.460410 22.480800 15.126400 
354 1 2.825620 23.353900 16.030000 
355 2 3.226480 22.884600 15.868900 
356 2 3.162620 22.989700 15.505800 
957 1 12.952500 19.787400 15.643600 
410 1 8.295430 24.624800 20.224600 
811 2 12.049300 22.142000 20.271200 
521 1 7.086430 17.671000 22.512200 
799 2 11.556800 26.278600 19.517800 
393 1 5.136480 24.912100 18.989900 
540 2 7.945280 13.861200 14.796100 
388 2 6.410850 24.292500 23.252400 
394 1 4.454770 23.991500 18.088400 
396 2 4.691830 24.488100 18.550900 
761 1 4.893040 21.702600 25.743500 
295 2 1.906010 13.580300 17.034200 
294 1 2.261020 14.052100 16.659100 
1959 2 0.737415 20.146000 15.743300 
1893 1 0.871373 15.257500 20.113400 
412 2 8.353930 24.056400 19.748200 
1912 2 1.193180 20.883700 18.994400 
1376 2 10.573900 19.791300 17.526500 
959 2 12.872600 19.016700 15.700100 
911 2 11.356100 13.455000 20.345500 
509 1 2.195050 17.449300 17.787600 
510 1 3.205670 18.307200 17.259900 
511 2 2.859800 18.044900 17.432300 
512 2 2.698120 17.936100 17.373800 
513 1 6.686860 18.709600 16.348400 
514 1 7.928020 18.924900 15.821800 
515 2 7.223560 18.885600 16.061900 
516 2 7.213160 18.746400 16.233800 
340 2 2.563530 16.083200 14.419200 
196 2 0.082170 24.894800 17.502400 
813 1 12.579400 26.067300 13.818600 
758 1 9.473120 20.631400 13.531400 
533 1 4.302120 19.310900 13.698800 
534 1 3.143570 19.052500 14.089400 
535 2 3.787360 19.132900 13.897700 
536 2 3.700500 19.425200 13.852500 
923 2 10.441100 15.418400 23.422000 
557 1 9.878870 16.559500 15.475300 
1817 1 4.218620 26.394400 13.347000 
108 2 0.958177 16.118400 24.113500 
306 1 4.200430 13.744000 18.486000 
953 1 12.081000 17.021000 18.124700 
764 2 5.476290 21.785300 25.737400 
607 2 9.509450 25.013600 23.261700 
565 1 5.562450 20.610700 21.389400 
566 1 4.849610 20.883600 22.438300 
567 2 5.186950 20.488700 21.758400 
568 2 5.328640 20.911800 21.887600 
573 1 7.305030 22.020500 15.683600 
574 1 6.709960 23.142100 16.180400 
575 2 7.075140 22.603800 15.932100 
576 2 7.093550 22.530900 15.981800 
944 2 11.723600 22.273300 26.392200 
605 1 8.841030 24.916700 23.326500 
715 2 10.930400 13.870600 17.299500 
578 1 9.164730 23.274200 14.452500 
1911 2 1.321970 20.826300 19.060800 
1908 2 0.685147 16.068000 24.086300 
606 1 10.123600 25.106700 23.299900 
608 2 9.780040 24.940200 23.092300 
1375 2 10.462200 19.766700 17.714300 
126 1 4.843270 18.474400 24.223400 
1910 1 1.492020 21.134300 18.450400 
597 1 7.551050 26.491200 17.528300 
1909 1 0.873406 20.559400 19.524500 
818 1 11.512900 26.187900 15.085600 
707 2 7.314740 14.120700 24.509100 
708 2 7.553430 14.095900 24.559800 
709 1 8.284030 13.724100 20.821600 
710 1 7.506380 14.795700 20.652300 
711 2 7.774830 14.283000 20.758700 
712 2 7.908940 14.273800 20.783200 
956 2 12.411900 16.848200 18.528400 
912 2 11.632400 13.518600 20.342900 
941 1 11.499300 22.086200 25.788600 
1961 1 2.326620 20.048800 24.171600 
399 2 5.212920 25.914300 13.270000 
164 2 1.447930 20.552000 23.637900 
1951 2 2.482600 23.335100 20.858400 
107 2 0.851748 16.191200 23.990200 
733 1 8.991370 16.826300 18.487600 
734 1 9.063380 15.817000 17.722800 
735 2 8.881390 16.343200 18.068500 
736 2 9.019200 16.163400 17.904200 
1963 2 1.467050 20.485700 23.460800 
1373 1 11.030900 19.656100 17.472500 
909 1 11.147800 13.400700 19.694700 
395 2 4.878240 24.337900 18.575400 
745 1 6.632590 17.038000 19.880700 
746 1 6.340590 18.119700 19.124000 
747 2 6.572010 17.509400 19.685800 
748 2 6.495810 17.693300 19.492200 
753 1 7.823270 20.974400 19.475200 
754 1 7.308170 21.307500 18.354300 
755 2 7.730640 21.144500 18.816000 
756 2 7.635230 21.005200 18.942200 
958 1 12.766500 18.412500 15.517900 
727 2 11.358900 18.577700 24.937300 
726 1 10.922800 18.386600 25.005600 
1895 2 1.343040 15.168300 19.800400 
777 1 10.962200 22.947200 16.640000 
779 2 10.472100 23.319600 17.126300 
1964 2 1.560050 20.462500 23.567700 
780 2 10.481000 23.217500 17.034100 
489 1 5.641210 15.368100 16.180200 
127 2 4.656200 18.869900 24.957100 
809 1 12.001800 21.385000 20.538400 
1952 2 2.702440 23.197800 21.014100 
1950 1 2.459450 23.116100 20.374600 
924 2 10.536400 15.152500 23.142400 
905 1 10.849300 18.124700 21.521400 
906 1 9.902790 18.365900 20.570200 
907 2 10.316400 18.273000 20.953400 
908 2 10.436600 18.359300 21.022100 
106 1 1.409360 17.227800 24.601400 
762 1 6.159490 21.904800 25.676800 
492 2 5.379820 15.517300 16.571200 
999 2 12.514800 26.178300 14.772100 
778 1 9.992060 23.503200 17.394500 
922 1 9.883880 14.978400 22.871900 
522 1 8.269490 17.891700 23.233200 
317 1 6.101810 17.083300 13.714200 
490 1 5.174880 15.627600 17.377700 
420 2 8.318140 26.482400 16.652300 
1120 2 11.299800 13.306300 13.533500 
385 1 6.091480 23.952400 22.397800 
929 1 9.761040 22.139500 23.286700 
930 1 9.118990 20.993600 23.527800 
931 2 9.400260 21.682500 23.458500 
932 2 9.396620 21.524600 23.475900 
1982 1 6.397740 24.214400 23.775400 
1896 2 1.482910 15.145700 19.695500 
943 2 11.654400 22.393500 26.320100 
797 1 11.671800 25.290100 19.795000 
1768 2 0.082890 23.564700 26.393000 
763 2 5.487300 21.718100 25.712000 
980 2 12.861100 22.068200 13.758100 
163 2 1.332530 20.547900 23.520900 
728 2 11.377800 18.620000 24.828200 
757 1 10.044500 20.602100 14.931500 
539 2 7.938180 13.896800 14.762300 
387 2 6.368660 24.127100 22.999400 
219 2 5.042050 25.818600 13.260700 
979 2 12.838400 22.223000 14.198400 
706 1 7.350500 13.572500 24.261600 
559 2 10.267000 16.943800 14.968100 
620 2 11.626900 26.324700 19.670500 
705 1 7.557120 14.721100 24.912200 
409 1 8.350520 23.579800 19.358300 
760 2 9.681210 20.585800 14.380600 
1000 2 12.525600 26.055700 14.959200 
417 1 7.795800 25.837200 16.018200 
1907 2 0.838322 16.243500 24.242600 
128 2 4.556330 18.806800 24.878500 
560 2 10.401700 16.859100 14.979900 
978 1 12.505300 22.402100 14.344600 
1374 1 9.742310 19.965200 17.830300 
579 2 9.440560 23.787200 14.019100 
483 2 4.889970 15.538600 25.868800 
161 1 0.465551 20.205700 23.925900 
1957 1 0.762064 20.189500 15.833500 
1993 1 0.271400 23.652700 16.856200 
800 2 11.623100 26.304500 19.504700 
619 2 11.375200 26.431700 19.766300 
1906 1 1.543680 15.603300 23.910300 
960 2 12.952800 19.236900 15.545900 
598 1 9.210400 26.340400 17.100500 
543 2 8.411000 23.916400 26.611700 
484 2 4.944360 15.740600 25.730500 
482 1 5.021490 15.211100 26.148000 
307 2 4.421730 13.729100 19.061900 
194 1 0.974540 24.925600 18.333700 
713 1 11.001100 14.461900 17.331400 
14 1 0.574802 25.463200 16.609000 
968 2 13.214100 23.303500 23.353200 
386 1 3.085170 26.335500 20.504200 
162 1 1.379370 20.026100 22.519100 
296 2 2.112980 13.481100 16.941100 
600 2 7.910670 26.353600 16.872800 
937 1 12.799500 15.263600 15.571500 
1905 1 0.386032 15.978400 25.101800 
308 2 4.462260 13.872800 18.998100 
703 2 8.798660 16.870500 26.323100 
577 1 9.717880 24.075900 13.630200 
704 2 8.748470 16.849400 26.366400 
741 1 8.328720 20.589800 26.116300 
1298 1 14.502300 9.715990 11.397200 
1998 1 25.860600 1.727620 11.866400 
33 1 23.149400 4.638530 11.073800 
1699 2 17.186700 8.862360 8.426890 
1094 1 15.011600 7.955100 6.815160 
1463 2 18.819700 11.100500 4.363950 
1095 2 14.565600 7.232690 7.179840 
48 2 25.345900 6.359080 4.299650 
1687 2 22.794100 12.550600 3.609340 
1460 2 19.816900 2.900700 10.715900 
1059 2 13.679800 5.805960 11.414100 
1444 2 23.236800 7.956960 0.664754 
94 1 22.918100 8.402970 10.802600 
1883 2 25.669900 11.744100 -0.139800 
1662 1 20.923100 5.639010 1.828420 
1516 2 18.093100 11.220100 10.482200 
1481 1 21.821500 9.986050 0.477459 
113 1 22.216100 12.311800 9.462310 
1238 1 15.310600 2.801190 11.383400 
1515 2 18.153500 11.305000 10.373000 
1494 1 18.076600 12.408400 7.005370 
1033 1 13.726500 4.199450 9.110880 
1104 2 13.778900 13.229700 0.636727 
1789 1 22.892500 4.556750 5.647320 
1025 1 15.916700 0.448050 2.707360 
1087 2 15.805400 13.013600 4.116660 
1027 2 15.138700 0.795358 3.049870 
1028 2 15.112800 0.681646 2.767560 
1029 1 16.363600 4.417930 5.814680 
1030 1 15.697600 3.401850 5.004740 
1031 2 15.935600 3.886900 5.457800 
1032 2 16.085800 3.920480 5.334830 
1408 2 22.418200 0.931203 5.024460 
1035 2 13.903900 3.894070 8.540860 
829 1 14.126700 1.378120 6.930940 
1406 1 22.162700 0.543749 5.659830 
186 1 26.438700 3.161780 5.354730 
1046 1 15.506700 7.642600 0.837109 
116 2 22.296500 11.814500 10.289900 
1282 1 17.731000 12.272600 1.324330 
46 1 24.761300 6.576350 4.428290 
51 2 26.220500 8.488260 7.556430 
1793 1 21.607600 0.713254 12.180200 
832 2 13.699900 1.589180 6.601800 
49 1 25.756800 7.904900 7.725570 
1474 1 17.561500 6.827530 12.959300 
1462 1 19.155000 10.702400 4.559820 
1210 1 19.700400 2.314370 4.016660 
275 2 25.858200 10.418700 10.856300 
1440 2 18.604700 0.054969 11.945200 
1202 1 18.042500 3.876080 0.521484 
831 2 13.773100 1.532340 6.530500 
1914 1 21.620000 12.538200 11.336500 
1405 1 22.689800 1.223810 4.526110 
1797 1 22.401400 1.483330 13.154900 
1464 2 18.779400 11.171300 4.276750 
1680 2 20.559100 9.072000 13.090300 
1026 1 14.457200 1.114140 2.758510 
273 1 25.633800 10.897100 11.049200 
9 1 23.983800 2.462880 8.768780 
1459 2 19.682300 3.018380 10.739200 
1438 1 18.865300 0.905473 12.310400 
1484 2 21.496400 10.490800 0.849248 
1791 2 22.341400 4.677820 5.670340 
1209 1 18.669100 3.150610 4.129820 
1211 2 19.114900 2.718860 4.143850 
1700 2 17.352600 8.789810 8.476630 
1664 2 21.059500 5.210710 2.399560 
1085 1 16.137200 12.966700 3.417790 
1514 1 17.867400 11.599800 9.906450 
991 2 17.056200 1.180410 8.511250 
190 1 23.284500 1.398170 7.689410 
276 2 25.871300 10.303000 10.879800 
77 1 25.194500 8.861210 13.162100 
1246 1 18.353400 0.657189 0.772263 
1004 2 17.263400 4.124070 1.160840 
1086 1 15.265500 13.008700 4.703280 
1482 1 20.793300 10.886700 1.034740 
1249 1 18.978500 7.344790 6.435250 
1250 1 18.891700 6.689100 5.247290 
1251 2 18.863500 6.954970 5.826000 
1252 2 19.029200 6.892810 5.880190 
191 2 24.009800 1.382790 8.327660 
1237 1 16.353900 3.603030 11.192100 
1261 1 21.842400 8.709360 3.341960 
1639 2 20.083700 7.467550 9.472630 
1269 1 16.164100 10.180000 5.405420 
1270 1 15.054700 9.493930 5.102420 
1271 2 15.576000 9.849090 5.350880 
1272 2 15.671500 9.834820 5.333220 
192 2 23.970400 1.556410 8.504760 
185 1 26.055800 1.577280 4.649410 
1043 2 14.893700 6.874420 3.347470 
1002 1 17.449700 4.012860 2.105800 
1858 1 26.406900 6.716000 11.586000 
1300 2 15.124600 9.250030 11.404600 
1685 1 22.535500 12.338700 3.085920 
1608 2 24.581500 0.182054 2.374980 
1601 1 20.635100 1.314690 0.396467 
1263 2 21.909300 8.343300 3.993190 
114 1 23.060200 11.675700 10.685000 
115 2 21.992900 11.866200 10.325000 
1688 2 22.665900 12.593500 3.894450 
36 2 22.618200 4.484800 10.541900 
1264 2 21.862200 8.536360 3.820920 
1034 1 14.097300 3.400090 7.996760 
1425 1 24.668000 5.624200 7.880720 
1426 1 25.455400 4.616190 7.644260 
1427 2 25.048100 5.143980 7.778120 
1428 2 24.978200 5.082130 7.674530 
1058 1 14.290000 5.850270 11.971100 
1626 1 24.473500 3.049390 2.540990 
1063 2 15.506700 10.000800 2.078240 
1870 1 24.353300 10.789500 7.204780 
1445 1 19.159000 8.114230 2.402200 
1446 1 17.878500 8.014890 2.846400 
1447 2 18.518700 7.986580 2.623520 
1448 2 18.434100 8.012490 2.559800 
1449 1 22.565000 7.405400 6.749720 
1450 1 23.014800 8.641890 6.798820 
1451 2 22.788600 7.994810 6.812610 
1452 2 22.781700 8.030290 6.746000 
1453 1 20.191400 2.968020 7.927050 
1454 1 20.282500 2.407750 6.671930 
1455 2 20.176000 2.738150 7.494020 
1456 2 20.163000 2.671150 7.270210 
1916 2 22.250800 11.880600 10.500400 
1637 1 20.569900 7.594810 9.865660 
1461 1 18.414300 11.650700 4.070290 
1239 2 16.007400 3.217820 11.404400 
1469 1 20.423100 9.595670 7.734250 
1470 1 20.318700 10.900500 7.315310 
1471 2 20.262500 10.341800 7.493130 
1472 2 20.382800 10.198600 7.529390 
1060 2 13.680300 5.908270 11.432300 
1442 1 23.047500 7.881010 1.139550 
1475 2 17.448000 6.784840 12.296800 
1476 2 17.665400 6.907060 12.375100 
1103 2 13.945800 13.085700 0.908049 
1663 2 21.120200 5.316500 2.380990 
1088 2 15.694900 13.086800 4.110350 
1181 1 16.441000 4.000100 0.856061 
1913 1 21.623700 11.080800 10.135400 
624 2 13.577900 3.738410 1.829360 
1686 1 22.820000 12.916400 4.343710 
1519 2 15.002100 12.530100 11.794500 
1489 1 14.841000 11.548900 8.158680 
1490 1 14.000300 11.386600 9.285740 
1491 2 14.460400 11.546500 8.706640 
1492 2 14.387000 11.298300 8.437910 
1248 2 17.934100 0.071296 0.875370 
1240 2 16.041400 3.415550 11.238800 
1915 2 22.106800 11.684900 10.259900 
1517 1 14.540100 13.143900 11.628700 
34 1 22.297600 4.239990 10.009600 
1496 2 17.388400 12.516100 7.517820 
1299 2 15.067700 9.239760 11.416300 
95 2 23.492400 7.997450 10.501600 
1796 2 22.055800 0.961320 12.633700 
992 2 16.968800 1.229420 8.747080 
1234 1 20.243000 3.052000 11.205900 
47 2 25.400700 6.502890 4.327830 
10 1 23.810500 0.734959 9.047570 
1872 2 23.792500 11.162600 7.012640 
1284 2 17.536900 12.912800 1.355570 
1513 1 18.314200 10.875900 10.809900 
1061 1 15.604700 9.871370 1.371930 
93 1 24.129500 7.713920 10.412800 
1262 1 21.992400 8.089880 4.705600 
11 2 24.048400 1.348800 8.415440 
1044 2 15.029200 6.901750 3.257420 
623 2 13.544700 3.806100 1.747340 
1627 2 23.684700 3.367740 2.572770 
1628 2 23.734400 3.364580 2.672780 
1638 1 19.609400 7.102360 9.020120 
1640 2 20.209300 7.359250 9.639530 
1443 2 23.208900 7.888050 0.508381 
1003 2 17.289600 4.327080 1.215770 
1862 1 25.264700 9.127700 3.718660 
1048 2 15.951300 7.545110 0.367193 
1661 1 21.194700 5.047110 2.965830 
1697 1 16.752700 8.509550 8.684230 
1673 1 17.607700 4.568560 8.938890 
1674 1 17.852800 5.266990 7.969020 
1675 2 17.677700 5.040940 8.453990 
1676 2 17.707800 4.964550 8.493200 
1062 1 15.245100 10.113000 2.570200 
1795 2 21.844100 0.919908 12.648200 
1064 2 15.502500 10.191700 1.936610 
1093 1 14.226700 7.034870 7.400370 
1096 2 14.537000 7.520670 7.169050 
1625 1 23.064900 3.639930 2.605200 
1483 2 21.081000 10.354800 0.864351 
1602 1 21.347600 2.966810 0.251343 
52 2 26.189000 8.398940 7.656810 
990 1 16.839800 1.181260 9.331950 
1041 1 15.455300 6.698590 3.758190 
1184 2 17.371900 4.244010 1.098890 
1698 1 17.840100 9.288200 8.455660 
1869 1 23.255200 11.357000 7.160590 
1790 1 21.646700 4.784980 5.509660 
1792 2 22.178000 4.795350 5.643590 
64 2 25.408800 10.054500 3.807690 
62 1 26.153500 10.491300 3.520790 
1658 1 17.111200 9.375330 13.328600 
1871 2 23.698400 11.058500 7.075460 
1212 2 19.219600 2.710240 3.987750 
35 2 22.794500 4.347690 10.545400 
1881 1 25.291400 11.986000 1.129880 
1606 1 24.493600 0.715733 1.887850 
45 1 26.034400 6.193640 4.088770 
1458 1 19.264900 2.873950 10.285700 
1864 2 25.403200 9.992130 3.875360 
1297 1 15.542300 8.732400 11.468300 
989 1 17.183400 1.255850 8.021950 
61 1 24.704000 10.386200 4.255050 
96 2 23.609800 7.889680 10.477500 
12 2 23.946600 1.561190 8.334720 
1863 2 25.399600 9.948480 3.786630 
1042 1 14.495900 7.235890 3.057960 
1407 2 22.475600 1.040060 5.080270 
189 1 24.830700 1.232780 7.796550 
1183 2 17.256200 4.024600 0.840483 
1182 1 17.274200 5.493930 0.917512 
1495 2 17.449900 12.550700 7.416050 
1247 2 17.855000 0.096091 0.910282 
1677 1 20.691000 8.562070 12.638200 
1036 2 14.034600 3.768310 8.491080 
1473 1 17.676100 6.886930 11.615700 
622 1 13.867100 4.418150 1.993580 
1283 2 17.524500 12.944100 1.317600 
1520 2 15.196800 12.828200 11.878000 
274 1 26.154300 9.784540 10.579000 
1642 1 26.231700 7.408220 0.869973 
81 1 25.658800 10.725600 0.019867 
1102 1 13.679800 12.958900 1.454840 
1493 1 16.888700 12.708400 7.863600 
1518 1 15.540800 12.298300 11.956800 
1622 1 24.617100 4.789270 0.319141 
621 1 13.525000 3.223570 1.699800 
1607 2 24.703300 0.290951 2.403120 
1644 2 26.452000 6.946360 0.681104 
1439 2 18.789400 0.396606 11.860500 
821 1 15.512700 1.621960 0.239490 
1047 2 15.885600 7.508620 0.319853 
1257 1 18.422600 3.650170 12.946300 
1679 2 20.621600 8.899100 13.121300 
83 2 25.389600 11.652900 0.060137 
1837 1 22.302300 5.434320 13.294100 
1849 1 23.689300 8.505310 20.204400 
1023 2 17.516100 6.505740 24.161300 
805 1 16.176100 1.932650 20.482700 
1617 1 22.928800 2.017120 17.678000 
258 1 25.194000 5.366000 15.439600 
1880 2 24.880600 8.556460 14.233600 
801 1 16.889100 0.571147 24.274200 
1540 2 19.689400 12.379000 14.081300 
1660 2 17.342100 9.813030 13.816100 
73 1 25.347700 10.906900 17.993100 
99 2 26.539600 12.983800 13.503600 
828 2 15.619000 3.666740 23.339600 
1082 1 14.462900 10.572800 24.599400 
1538 1 19.502200 12.142800 13.910100 
823 2 14.958900 1.665510 26.300200 
26 1 25.342500 6.086890 23.648600 
1989 1 25.274100 1.338970 20.931800 
1243 2 18.256100 9.736750 25.952500 
1884 2 25.522700 11.588900 26.620900 
1393 1 18.521700 0.201174 16.243100 
1782 1 22.020000 1.680130 26.093400 
1466 1 20.877100 12.248300 24.520700 
1875 2 24.825700 11.708400 17.547200 
257 1 26.307400 4.636450 15.772000 
1424 2 19.469700 3.224970 23.305000 
827 2 15.679100 3.656880 23.215300 
1609 1 24.596300 2.299700 23.849000 
826 1 15.771100 4.018490 23.760100 
1241 1 17.902500 9.539640 25.994500 
1787 2 23.927000 2.086690 23.628600 
53 1 26.248700 8.323490 18.873800 
1222 1 20.625400 5.565500 25.052600 
1840 2 21.867700 5.026630 14.223300 
42 1 26.291600 9.013310 24.476300 
1013 1 16.655100 1.634600 13.958500 
74 1 24.192400 11.611400 16.917900 
1468 2 20.215900 12.482100 24.665100 
1843 2 26.310500 9.030060 24.408700 
1539 2 19.814300 12.605400 14.149300 
806 1 14.894700 2.044260 19.870600 
1784 2 20.970600 1.920540 26.417600 
80 2 24.735600 8.711460 14.172300 
1413 1 21.774000 1.836770 20.430400 
1293 1 17.015400 13.040100 16.142000 
28 2 25.499500 6.222850 22.979800 
1242 1 19.000500 10.136100 25.537000 
1603 2 21.070900 2.017610 26.371400 
1825 1 25.159500 5.173660 22.182100 
1049 1 13.785100 6.339360 21.030500 
1050 1 13.518400 5.595070 19.770800 
1051 2 13.595400 5.868040 20.204500 
1052 2 13.519300 5.926180 20.374400 
40 2 21.921300 5.018720 14.129700 
1852 2 23.385100 8.627850 20.679900 
1045 1 16.190500 7.111130 26.229100 
1618 1 22.437000 1.741030 16.037600 
1258 1 14.948200 4.970700 14.567600 
1619 2 23.136400 1.661180 16.640300 
1021 1 17.035000 6.674990 23.763300 
1585 1 17.874100 5.561650 20.587200 
1065 1 14.234600 7.947900 23.157300 
1066 1 14.221500 6.716750 23.668400 
1067 2 14.311700 7.176850 23.418500 
1068 2 14.227100 7.245220 23.373700 
1214 1 20.299200 0.016845 16.315000 
1289 1 17.958400 12.571700 18.859600 
39 2 21.905000 5.078040 14.220300 
824 2 15.011700 1.600560 26.272100 
1221 1 20.759500 6.874920 25.278800 
1879 2 24.721600 8.575890 14.094800 
1092 2 15.220000 12.083100 21.105800 
1223 2 20.767000 6.454080 25.344600 
1421 1 19.822100 3.248560 23.397000 
79 2 24.669400 8.739480 14.047800 
1089 1 14.661500 11.875100 21.022600 
1022 1 18.103200 6.374420 24.478200 
1839 2 21.961100 5.021650 14.310400 
1882 1 24.605300 12.073000 25.851400 
1457 1 16.252400 5.064310 14.352900 
1610 1 25.230300 2.441330 20.167400 
1188 2 18.793800 0.659351 19.889000 
38 1 21.805300 5.939980 14.922700 
1588 2 17.569800 5.174290 20.557200 
1083 2 15.243100 10.051100 24.772200 
825 1 15.246000 3.069880 22.681900 
1186 1 18.948600 1.055380 19.190500 
1478 1 19.066300 7.405100 15.154200 
1084 2 15.001100 10.204400 24.705500 
1783 2 21.239800 2.118810 26.415300 
1900 2 26.499800 13.108800 13.519700 
1781 1 20.356900 2.121310 25.644300 
1788 2 23.838800 2.192830 23.856100 
76 2 24.820300 11.729100 17.690700 
1799 2 23.228100 1.618640 16.563200 
1225 1 15.920600 8.201210 20.022200 
1226 1 16.215800 8.955650 21.095600 
1227 2 16.127100 8.589870 20.572200 
1228 2 16.052100 8.565950 20.695800 
1229 1 17.070000 3.918470 17.728200 
1230 1 17.673100 2.742100 17.270600 
1231 2 17.495800 3.198540 17.514300 
1232 2 17.316300 3.217940 17.422900 
1233 1 18.770000 3.052820 14.178400 
1317 1 13.328700 12.257300 15.685100 
1235 2 18.425200 3.298240 13.739200 
1236 2 18.550200 3.363840 13.575600 
1499 2 13.816900 8.319050 14.605100 
1187 2 18.882500 0.665000 19.814700 
802 1 18.241200 0.234661 22.912300 
1717 1 22.588700 13.115900 14.777800 
1253 1 15.722600 6.080870 16.848000 
1254 1 16.396100 6.845680 17.859300 
1255 2 16.070700 6.408290 17.460100 
1256 2 16.035500 6.571550 17.585900 
1587 2 17.375300 5.279300 20.483000 
1415 2 22.163800 2.316950 20.688900 
845 1 13.520700 0.167536 23.992300 
1876 2 24.755200 11.766000 17.815900 
1265 1 18.664700 12.564200 21.311700 
1266 1 18.670300 11.859200 22.440000 
1267 2 18.691700 12.254800 21.889800 
1268 2 18.679000 12.240000 21.821300 
1273 1 16.957000 9.982520 17.342300 
1185 1 18.771500 0.236857 20.270800 
1718 1 23.260600 12.009400 14.299700 
1276 2 16.534000 10.159700 17.073800 
1259 2 15.412400 4.999790 14.605400 
1015 2 16.080300 1.161540 14.126000 
808 2 15.596200 2.034920 20.301600 
1081 1 15.674500 9.909770 25.007800 
1467 2 20.156400 12.456000 24.575500 
1877 1 24.805900 7.499500 14.319900 
27 2 25.351300 5.821090 22.798900 
1828 2 25.542100 5.906940 22.617700 
1826 1 26.392700 6.048420 22.366100 
1224 2 20.639200 6.314630 25.337700 
1465 1 19.658600 12.893200 24.756800 
1500 2 13.915700 8.111260 14.770900 
1275 2 16.498900 10.173100 17.113100 
1720 2 22.915400 12.614200 14.603400 
1016 2 16.115200 1.197190 14.177900 
1292 2 18.392000 12.623200 18.385800 
1838 1 20.846800 4.712470 14.018300 
1666 1 23.564600 12.165000 22.654300 
1498 1 14.535500 8.010810 14.671400 
1479 2 18.522300 7.124080 15.477800 
1423 2 19.154700 3.351960 23.316000 
259 2 25.692100 4.960970 15.565100 
807 2 15.558400 2.015860 20.204600 
1274 1 15.772300 10.373600 16.939100 
1798 1 24.088500 2.203530 16.388900 
1851 2 23.479000 8.828190 20.700700 
850 1 16.216200 0.208094 17.615400 
1667 2 24.077800 12.002200 22.401800 
1414 1 22.674600 2.706130 20.814800 
1416 2 22.105900 2.259340 20.614300 
1422 1 18.607200 3.250720 22.977400 
1696 2 20.539400 9.943850 16.514400 
1429 1 19.237800 8.705170 23.126300 
1430 1 19.462200 9.347780 21.873100 
1431 2 19.347500 8.959620 22.493800 
1432 2 19.430200 9.027010 22.561900 
1433 1 20.564300 4.346670 17.975800 
1434 1 20.250700 3.957170 19.336100 
1435 2 20.502000 4.313930 18.619400 
1436 2 20.318500 4.252740 18.559500 
1695 2 20.563900 9.917050 16.518500 
1873 1 24.337500 12.128200 18.475900 
1719 2 22.968700 12.695300 14.603600 
78 1 23.835600 9.203100 13.967200 
1874 1 25.448000 12.451500 17.226200 
1694 1 19.956000 10.418300 16.517800 
1480 2 18.514100 7.126630 15.546300 
1260 2 15.426500 5.089990 14.530100 
1693 1 20.942100 9.555410 16.599600 
75 2 24.812300 11.724000 17.665800 
1624 2 23.845000 4.826480 26.026100 
1318 1 13.912500 11.422900 14.904000 
1477 1 18.127600 6.965270 16.002900 
1827 2 25.451700 6.049630 22.748900 
1091 2 15.396500 12.001500 21.198600 
1611 2 25.141200 1.943010 20.651200 
1612 2 25.261900 1.877660 20.614300 
1014 1 15.668700 0.734839 14.293100 
1586 1 16.846800 4.666150 20.630500 
1800 2 23.302400 1.550670 16.715600 
1319 2 13.479900 11.911600 15.309800 
1024 2 17.602200 6.599230 24.155700 
1620 2 23.190500 1.625030 16.647700 
1659 2 17.292000 9.930160 13.793600 
1878 1 25.283400 9.092660 14.920500 
1850 1 23.030200 8.851710 21.196500 
260 2 25.854500 5.064280 15.641700 
1672 2 21.564500 11.566300 19.896700 
1629 1 21.565800 6.536290 21.491900 
1630 1 21.035900 5.265290 21.855700 
1631 2 21.342900 5.842600 21.662400 
1632 2 21.440600 6.046580 21.791400 
1633 1 23.938300 5.091490 19.632200 
1634 1 24.432100 4.262850 18.764200 
1635 2 24.292400 4.626700 19.290100 
1636 2 24.100300 4.803430 19.223500 
1668 2 24.151500 12.142100 22.394600 
1671 2 21.451200 11.389600 19.641100 
1598 1 23.418700 0.565628 16.700800 
1670 1 20.810400 11.903000 19.603600 
1645 1 22.004900 9.412910 23.701600 
1646 1 22.792700 10.020500 24.746300 
1647 2 22.409100 9.595640 24.277800 
1648 2 22.477800 9.769370 24.287600 
1649 1 19.126100 7.528960 19.313400 
1650 1 19.280300 8.560130 18.403800 
1651 2 19.085100 8.080920 18.774600 
1652 2 19.179700 8.048830 18.982100 
1653 1 23.193600 7.754660 17.333300 
1654 1 22.164600 6.958240 17.722500 
1655 2 22.511100 7.356560 17.538400 
1656 2 22.584400 7.385040 17.403800 
1785 1 23.221400 1.878990 23.468200 
25 1 24.918500 6.921830 22.348300 
1090 1 16.112400 12.237100 21.313100 
1669 1 22.008600 11.012400 19.783300 
1665 1 24.741800 11.971400 22.027200 
1621 1 24.013100 4.071700 25.644200 
1320 2 13.781300 11.758700 15.345300 
1244 2 18.491000 9.885330 25.722400 
822 1 14.480200 1.748710 25.926300 
37 1 22.690800 4.527880 14.543800 
1070 1 13.779500 9.920720 19.074500 
1072 2 13.476300 9.893930 18.591900 
17 1 26.165000 1.598150 14.112600 
1678 1 20.557400 9.452100 13.692100 
1278 1 13.236400 5.687880 16.510500 
82 1 26.241200 12.317800 26.092900 
1291 2 18.578200 12.600500 18.453100 
1071 2 13.482100 9.891880 18.423800 
1055 2 13.769700 2.441490 16.871700 
84 2 25.422100 11.990700 26.434400 
1056 2 13.799900 2.444160 17.030800 
1053 1 14.236600 2.306610 16.472500 
1623 2 24.135800 4.778480 26.180300 
1657 1 17.522400 10.312700 14.321500 
1786 1 23.435700 5.561730 25.910700 
1537 1 20.226000 13.183100 14.352300 
1290 1 18.919500 12.769400 18.103000 
1604 2 21.130400 2.031240 26.395300 
98 1 26.175800 12.065800 13.550100 
1441 1 23.438200 8.039610 26.392700 
100 2 26.541300 13.032900 13.707700 
1899 2 26.478200 13.091900 13.757200 
1594 1 23.662500 23.545000 2.269070 
1935 2 22.189200 15.840200 9.555080 
1196 2 17.144600 23.965300 9.746130 
1218 1 20.650800 26.218300 8.891290 
1505 1 22.122300 16.186200 3.557440 
104 2 24.853000 15.692600 1.705420 
1345 1 14.272000 19.259900 2.181670 
1704 2 20.711400 14.492300 1.196170 
1178 1 15.599600 18.948500 12.441100 
1703 2 20.641200 14.094200 1.093940 
1340 2 19.100800 14.076400 11.230700 
1600 2 20.472100 23.130700 12.376100 
1933 1 21.290600 15.580300 9.843550 
1154 1 15.102400 18.437300 9.130590 
1338 1 19.113600 14.821400 11.044000 
176 2 24.519700 24.333600 8.881480 
133 1 22.849000 15.814600 10.152700 
135 2 22.318500 15.896500 9.532460 
1018 1 21.604600 25.303700 9.683150 
1382 1 16.212300 25.580400 5.268030 
1361 1 17.055100 23.815200 2.413330 
1339 2 18.902400 14.328100 11.219400 
1360 2 17.018300 20.542200 10.449100 
1566 1 19.799900 25.670000 2.316590 
1159 2 16.644800 16.079700 12.796700 
1760 2 24.007200 21.245400 10.622700 
1772 2 25.876500 24.865400 5.400200 
1902 1 23.934200 16.003600 1.062690 
962 1 13.623200 22.979200 2.949430 
1771 2 25.879900 24.925100 5.452600 
1101 1 14.137600 13.497200 0.246837 
1192 2 15.186100 22.186700 7.671750 
1176 2 13.581300 21.419400 10.818200 
1488 2 19.112200 14.451500 4.288430 
1417 1 21.150200 22.213100 12.253000 
1777 1 24.409100 23.745100 12.047000 
1702 1 20.852900 14.444300 0.557165 
1940 2 25.770700 17.797600 11.641400 
137 1 25.930300 16.998200 10.892700 
1364 2 17.409100 23.528400 2.148990 
110 1 25.276600 14.815200 6.844960 
1007 2 17.266200 21.001200 4.243870 
1156 2 14.390700 18.398700 9.468780 
1190 1 14.758900 22.659800 7.557260 
1545 1 21.509800 21.730500 1.542640 
1005 1 17.294200 20.725200 3.590600 
1357 1 17.378700 20.079500 10.314800 
1337 1 18.807500 13.416900 11.308900 
1509 1 18.773200 14.983100 8.274930 
1399 2 20.861800 25.685800 9.378460 
1147 2 13.770500 19.747700 5.984550 
1904 2 24.767800 15.407800 1.754340 
112 2 25.274300 14.549300 6.166570 
134 1 22.067400 17.068200 9.340730 
1346 1 15.728200 19.112700 2.032530 
1759 2 23.781800 21.495700 10.841500 
1691 2 21.393800 13.697600 6.613370 
1368 2 17.832900 20.459400 0.150598 
1195 2 17.257300 24.112400 9.687140 
103 2 24.965900 15.676800 1.750800 
1560 2 21.820000 19.035300 12.294100 
1174 1 13.572500 22.238800 10.626500 
1220 2 20.801400 25.454000 9.078450 
961 1 14.437000 21.953100 3.206330 
1757 1 23.283000 21.511500 10.801100 
1006 1 17.082200 20.951300 4.881240 
1367 2 17.713700 20.479100 0.260656 
1383 2 17.154300 25.078300 5.680010 
1145 1 13.779000 19.979600 6.570850 
1219 2 20.967400 25.185800 6.679400 
1194 1 16.965000 23.384400 9.344420 
1203 2 17.049600 24.996100 5.785760 
1944 2 25.009100 20.060800 0.587095 
143 2 24.900600 19.817000 0.557736 
1397 1 20.872400 25.055900 6.771430 
1934 1 22.482300 15.374700 8.815760 
1201 1 17.889100 25.291700 5.093240 
1903 2 24.693500 15.601500 1.876910 
1937 1 25.183000 17.466500 12.384300 
1779 2 24.257600 24.352600 12.449500 
814 1 14.130600 26.100900 9.714110 
138 1 25.428700 18.872700 11.091700 
139 2 25.967400 17.805400 11.538200 
1941 1 24.852200 20.833800 1.237660 
995 2 13.692900 25.848600 10.692900 
174 1 24.035400 23.917700 8.333990 
1689 1 21.230200 13.409400 5.978370 
1193 1 17.200700 24.706400 10.216300 
1191 2 15.090500 22.103600 7.842040 
1577 1 20.900800 20.113300 9.603330 
1189 1 15.461100 21.543600 8.077480 
154 1 25.072600 24.497300 9.269040 
1722 1 21.077300 17.543100 0.652388 
144 2 25.046700 20.097800 0.512757 
1599 2 20.384200 22.924400 12.443500 
1724 2 21.438000 17.904000 0.199861 
175 2 24.506400 24.196900 8.818970 
136 2 22.155000 15.882000 9.408220 
1301 1 15.673700 15.314100 2.787020 
1303 2 15.519900 15.949500 2.615820 
1309 1 16.000600 16.597400 5.261240 
1310 1 15.937000 16.387300 6.572440 
1311 2 16.044700 16.687000 5.716100 
1312 2 16.050100 16.519800 5.903030 
1365 1 17.247900 20.603500 0.349536 
1546 1 21.116400 21.454800 0.118544 
1179 2 15.379100 19.021000 13.012800 
1738 1 23.170800 15.072000 13.292900 
173 1 24.565900 21.047600 10.554500 
1692 2 21.353900 13.714800 6.323690 
121 1 25.248000 16.504500 2.249150 
1359 2 17.052200 20.566200 10.563100 
1333 1 16.236600 14.841700 9.104540 
1334 1 14.804200 15.273500 9.254840 
1335 2 15.389400 15.139600 9.174600 
1336 2 15.474000 14.967400 9.035930 
1579 2 20.845900 20.177400 8.992770 
1897 1 26.151400 13.688300 12.619900 
1175 2 13.464800 21.434600 10.805600 
1596 2 23.605600 23.192800 2.664200 
1901 1 25.339300 15.003800 1.077740 
1137 1 13.348000 16.696300 12.427200 
1347 2 15.129300 19.078700 2.068610 
1348 2 15.124400 19.059100 2.259540 
1349 1 16.508400 18.771100 7.042270 
1350 1 17.435200 19.575500 7.643480 
1351 2 16.992900 19.057200 7.444230 
1352 2 16.858400 19.233900 7.196680 
1358 1 16.764500 21.149800 10.779700 
1709 1 26.045700 19.170800 4.237870 
1943 2 25.186300 20.024900 0.655736 
1304 2 15.325800 15.926500 2.546540 
109 1 25.436100 14.059900 5.658240 
1780 2 24.397700 24.453400 12.499700 
964 2 13.965200 22.449900 2.982960 
1160 2 16.735300 15.812100 12.585000 
1369 1 18.862100 22.030300 6.736910 
1370 1 18.460200 21.773200 7.910380 
1371 2 18.777600 21.932100 7.310880 
1372 2 18.646300 21.839000 7.236040 
1420 2 20.611200 23.095100 12.582800 
1524 2 17.545900 16.635300 0.441705 
1485 1 19.819800 14.322600 4.183840 
1363 2 17.629400 23.555600 1.873070 
765 1 13.617300 26.089900 4.971490 
1508 2 21.876100 16.304400 4.176560 
140 2 25.845600 17.952600 11.642600 
1776 2 23.250500 22.318200 6.016830 
1148 2 13.671600 19.797500 5.889300 
1506 1 21.779600 16.269500 4.682110 
993 1 13.961300 25.587400 11.410700 
111 2 25.400100 14.571200 6.265930 
1217 1 19.360400 22.831600 11.980900 
1155 2 14.361100 18.602800 9.345550 
1511 2 18.671900 15.500800 7.766180 
1512 2 18.819700 15.393000 7.930280 
101 1 24.597500 15.010300 2.570910 
1521 1 17.465000 16.835200 1.201350 
1710 1 25.183700 18.362300 4.985070 
1204 2 16.897600 25.100200 5.472120 
1597 1 20.789700 23.708800 11.923600 
1775 2 23.021700 22.267800 6.281460 
1384 2 16.957600 25.111500 5.626520 
1774 1 22.454800 22.674000 5.936240 
1525 1 19.264600 18.246400 2.413580 
1526 1 18.959800 17.475600 3.749280 
1527 2 19.107400 17.793600 2.954040 
1528 2 19.002100 18.004700 3.091100 
1529 1 19.272800 17.932300 10.112600 
1530 1 18.637100 17.471700 11.389700 
1531 2 19.187700 17.659400 10.664200 
1532 2 19.060500 17.617000 10.686800 
1559 2 21.918900 18.746200 12.316200 
1146 1 13.691200 19.647500 5.285870 
816 2 13.451200 25.655400 10.508100 
1889 1 25.309500 13.719100 9.793860 
1723 2 21.220000 17.912600 0.258832 
1756 2 24.078200 19.103200 7.889860 
1008 2 17.099600 20.973400 4.178260 
1739 2 22.941800 15.531400 13.047700 
985 1 14.581900 24.974300 -0.030426 
815 2 13.575900 25.515300 10.690100 
1547 2 21.145700 21.514000 0.543675 
1548 2 21.413400 21.785800 0.866714 
1553 1 20.583100 17.632700 6.648620 
1554 1 19.901300 18.830300 6.513560 
1555 2 20.322100 18.129900 6.568430 
1556 2 20.314800 18.245800 6.640950 
1507 2 21.973600 16.215400 4.196950 
1773 1 23.673400 22.026700 6.228000 
1755 2 24.040500 19.245300 7.926840 
1180 2 15.428000 19.016200 13.010100 
1565 1 20.570400 25.916900 3.517140 
1281 1 17.086100 13.436600 1.084540 
1567 2 20.221600 25.874000 2.993500 
1568 2 20.253600 25.731200 2.952500 
1569 1 20.828500 21.615100 3.886400 
1570 1 19.806000 22.573400 3.895420 
1571 2 20.430500 21.919200 3.960080 
1572 2 20.411800 22.103400 3.923150 
1578 1 20.970500 20.370800 8.353410 
1580 2 20.737800 20.184000 9.035940 
1593 1 23.395700 22.781500 3.340550 
1595 2 23.545600 23.265700 2.892570 
1157 1 17.081100 15.530700 12.159000 
1754 1 24.035200 19.638100 7.478860 
1701 1 19.961500 14.260100 1.682460 
1173 1 13.503300 20.929000 10.836400 
1381 1 16.682900 23.912500 5.575210 
1153 1 13.843900 18.613900 9.632800 
1711 2 25.638500 18.781000 4.529030 
1712 2 25.495400 18.774900 4.578040 
1419 2 20.471700 22.861700 12.461600 
1770 1 25.851300 24.854200 4.808210 
1523 2 17.622100 16.861500 0.316000 
1400 2 20.825300 24.991100 9.072540 
1936 2 22.301800 16.019100 9.487300 
1362 1 18.034800 23.396400 1.605810 
963 2 13.958000 22.455300 3.235370 
1557 1 21.245700 18.784200 12.574100 
1745 1 22.955900 19.664600 3.785330 
1746 1 21.798600 19.125000 3.460350 
1747 2 22.294100 19.446900 3.651090 
1748 2 22.413000 19.428400 3.601700 
1753 1 24.141600 18.467200 8.160380 
1690 1 21.409500 14.234200 7.030240 
1302 1 15.153300 16.631100 2.341670 
1245 1 17.489100 26.145700 0.839223 
1510 1 18.663900 16.160400 7.531200 
1486 1 18.531300 14.723500 4.562150 
1158 1 16.491300 16.229900 13.027800 
1398 1 20.114700 24.572600 9.071830 
1939 2 25.769500 17.704700 11.716900 
1892 2 25.936900 14.021800 9.623920 
1737 1 22.649800 16.160100 12.965500 
1769 1 25.730800 24.933700 6.094270 
1558 1 22.559800 19.070500 12.021500 
1762 1 23.132700 25.184900 0.133868 
1942 1 25.051500 19.119000 0.980583 
1891 2 26.107400 14.044300 9.502630 
1740 2 23.006100 15.572300 12.980500 
1001 1 16.982100 25.271900 6.905240 
1794 1 24.725600 25.059300 12.520300 
1487 2 19.034900 14.474400 4.452730 
996 2 13.473900 25.770200 10.321900 
1605 1 24.805300 26.268800 2.708020 
1437 1 18.809600 26.338800 11.552800 
1017 1 15.683400 23.919300 12.951000 
142 1 24.197200 20.165600 -0.048786 
1394 1 19.326000 25.257000 16.140900 
1206 1 16.480000 20.570600 20.957200 
1536 2 19.765600 15.948500 14.396900 
1213 1 19.448800 26.303700 14.821600 
1681 1 23.522700 15.291000 24.188700 
159 2 24.450300 21.002100 14.529400 
1019 2 16.398400 23.891900 13.772100 
1199 2 16.448900 23.873900 13.739100 
1409 1 21.531300 24.991500 19.922600 
1386 1 17.847400 20.798200 21.264800 
87 2 24.474300 14.787100 20.230400 
120 2 25.132800 16.444300 16.276600 
1168 2 16.801700 22.396000 24.486300 
1011 2 14.992700 24.786400 20.423800 
1921 1 23.332600 18.896800 22.741300 
1561 1 21.769900 20.940600 21.880400 
1986 1 24.545900 25.122400 22.451300 
1615 2 22.931500 24.891000 15.063700 
1705 1 18.860600 15.860800 24.293100 
1744 2 22.978700 22.326900 24.414600 
1166 1 16.717700 22.248700 25.179700 
1502 1 13.627800 16.717100 25.399900 
1805 1 25.797800 26.245400 22.816400 
1522 1 17.661100 16.635700 26.417100 
102 1 22.462900 18.260900 23.938400 
983 2 17.279200 26.282900 23.503800 
1385 1 19.278800 24.237400 25.442900 
1324 2 14.019600 15.873400 21.516100 
1127 2 14.695100 14.190000 18.301200 
1721 1 21.687300 18.382600 26.410500 
1129 1 16.658600 20.535500 16.436500 
1130 1 16.779800 21.969500 16.225200 
1131 2 16.717500 21.114000 16.332800 
1132 2 16.756800 21.225000 16.365800 
1009 1 14.809500 24.583000 21.128900 
1294 1 16.864200 14.118800 15.276200 
86 1 24.819600 15.157800 19.836700 
1388 2 17.092100 21.172100 21.113600 
1761 1 23.523400 25.127900 25.309700 
1958 1 25.495900 20.281700 14.204000 
1215 2 19.417400 26.243100 15.955800 
965 1 13.361100 23.473900 23.966300 
85 1 23.977700 14.304900 20.556500 
1177 1 15.044100 18.998500 13.656600 
1920 2 25.246600 16.461100 16.035200 
16 2 26.598900 24.911700 17.600900 
1996 2 26.420400 24.484300 17.798800 
130 1 25.955300 18.084200 19.914300 
129 1 26.064500 17.777100 21.227500 
1743 2 23.237200 22.304700 24.414800 
1125 1 14.719100 13.620700 18.804000 
15 2 26.431000 24.867000 17.487300 
123 2 23.327700 18.109700 23.518200 
1164 2 14.512000 20.355800 25.439600 
1758 1 24.845100 21.575700 15.421700 
1806 1 26.223500 24.500800 21.877600 
1947 2 25.161200 21.413500 21.021300 
1207 2 17.167500 21.032200 20.994500 
1167 2 16.964900 22.378700 24.372900 
1988 2 25.552600 25.183200 22.663500 
1200 2 16.503300 23.858800 13.590800 
1592 2 22.153300 24.409400 19.283700 
1764 2 23.175500 25.076600 25.928000 
1404 2 21.199200 26.365700 22.642500 
1305 1 16.788100 15.145100 21.591900 
1306 1 18.132900 15.187500 21.302700 
1307 2 17.425000 15.165800 21.374600 
1308 2 17.570900 15.198200 21.572800 
1985 1 25.828600 24.729900 23.748200 
1742 1 22.794100 22.563300 25.232100 
160 2 24.795800 21.016500 14.415400 
1503 2 14.161600 16.521500 25.642300 
1325 1 19.133700 18.475300 20.845500 
1326 1 19.245700 17.551500 21.817500 
1327 2 19.190800 17.805700 21.368600 
1328 2 19.086600 18.036900 21.323900 
1329 1 18.746300 16.586800 18.221200 
1330 1 19.605100 16.099800 17.244600 
1331 2 19.044200 16.299300 17.897600 
1332 2 19.141200 16.384100 17.811900 
1126 1 14.667100 14.367900 17.625700 
1151 2 14.397100 20.610000 18.858200 
1020 2 16.511000 23.828800 13.578200 
1534 1 19.956100 16.422300 14.631300 
1353 1 16.227500 16.844400 15.471300 
1354 1 17.251600 16.776600 16.227300 
1355 2 16.721000 16.795300 15.826700 
1356 2 16.476400 16.899200 15.616100 
117 1 26.220500 16.531400 15.951600 
1613 1 22.709600 24.127500 15.160400 
721 1 13.545500 20.344900 22.704000 
1544 2 19.767100 20.264000 23.847300 
940 2 13.514000 15.316000 15.442000 
1501 1 14.937000 16.567900 25.911000 
987 2 14.879100 24.458500 26.388500 
1583 2 21.167000 26.155200 22.887000 
13 1 25.921800 24.137100 18.493200 
973 1 13.856400 23.856600 17.301200 
1149 1 13.726500 21.082400 18.920900 
1012 2 15.102300 24.730000 20.480900 
724 2 13.547400 19.953400 22.212200 
981 1 17.275600 25.513800 23.687200 
1389 1 18.030600 23.082000 18.455400 
1391 2 18.232300 23.314700 18.794200 
131 2 26.102700 17.829900 20.523800 
1010 1 15.192200 24.881000 19.828700 
1741 1 23.286600 22.231800 23.832600 
1683 2 23.425000 14.468100 24.468500 
1410 1 22.892900 24.917600 18.559300 
1412 2 22.181000 24.408400 19.195700 
1924 2 23.109900 18.133000 23.198000 
1590 1 22.814800 23.755500 19.712600 
1296 2 16.947800 13.629900 15.647600 
1343 2 16.686500 18.126700 23.620400 
1162 1 14.974300 19.813700 25.177200 
1945 1 24.738700 21.949300 21.604400 
1974 1 23.576400 20.721500 17.604200 
1198 1 17.052900 23.172900 13.355100 
1387 2 19.809400 24.232300 25.860800 
1401 1 21.179100 26.315100 22.025300 
1128 2 14.660600 13.890100 18.255600 
1295 2 17.110000 13.531300 15.672800 
1767 2 26.590900 23.726700 26.382100 
1402 1 19.723100 23.070600 22.234900 
1549 1 16.412400 18.076400 19.725300 
1550 1 15.257000 17.894600 19.044100 
1551 2 15.960400 17.797900 19.218100 
1552 2 15.784200 17.788700 19.391400 
157 1 23.762500 20.964800 14.128100 
1504 2 14.294800 16.763400 25.684200 
1562 1 21.491300 21.139100 20.449500 
1564 2 21.567700 21.018600 21.252100 
1573 1 20.140200 21.629100 15.860100 
1574 1 21.275600 22.188500 16.163400 
1575 2 20.685400 21.965400 16.130300 
1576 2 20.724900 21.847900 16.044300 
1975 2 24.084500 20.661400 18.112200 
1165 1 16.933600 22.523300 23.862700 
1582 1 21.010500 26.022400 23.545500 
1341 1 16.599500 18.078200 23.117500 
119 2 25.283200 16.640300 16.113700 
852 2 16.105600 26.102900 17.321500 
1589 1 21.485000 23.906200 18.622700 
1591 2 22.070600 24.297400 19.306600 
1208 2 16.913600 20.976700 21.112400 
1411 2 22.119800 24.246100 19.359900 
1390 1 18.638800 23.809800 19.446500 
804 2 17.186200 26.313400 23.226900 
1994 1 26.106700 26.083400 18.200300 
1286 1 17.058000 13.771600 24.370600 
1614 1 22.944300 25.420300 15.186900 
1616 2 22.977800 24.558300 15.129700 
1541 1 19.111500 20.614700 24.010900 
1563 2 21.726900 20.875800 21.157500 
1922 1 24.140400 17.845400 23.954300 
1344 2 16.856700 17.992100 23.847900 
997 1 16.024600 23.750800 14.453100 
1706 1 20.221700 15.775800 24.423700 
1707 2 19.420600 15.746900 24.407100 
1708 2 19.726400 15.821300 24.303500 
1713 1 21.184800 14.077900 17.557500 
1714 1 22.229100 14.753700 17.162900 
1715 2 21.842600 14.412400 17.309200 
1716 2 21.523700 14.324400 17.394300 
118 1 24.931600 17.299500 16.763600 
1948 2 24.863600 21.539700 21.171700 
1205 1 16.874100 22.098400 20.747700 
1682 1 23.317400 13.935700 24.654500 
1725 1 22.594500 18.008900 18.695700 
1726 1 22.147500 17.726100 19.961400 
1727 2 22.542900 17.919700 19.426800 
1728 2 22.167000 17.729900 19.480500 
1729 1 20.519100 15.109700 21.214500 
1730 1 21.487700 14.927100 20.194600 
1731 2 21.035700 14.915000 20.667300 
1732 2 21.184900 14.830600 20.740100 
1733 1 20.780400 18.603600 16.301600 
1734 1 22.228600 18.319000 15.778600 
1735 2 21.669500 18.461400 16.082900 
1736 2 21.378600 18.405000 15.954200 
1392 2 18.381600 23.485400 18.966400 
1976 2 23.925300 20.613500 18.110300 
1581 1 20.319000 24.171000 26.253000 
1287 2 16.394600 13.834200 24.432500 
1749 1 19.664500 19.482400 17.948800 
1750 1 18.985200 20.417200 18.557300 
1751 2 19.285500 19.839600 18.153900 
1752 2 19.392800 19.774500 18.347100 
1418 1 20.237900 23.312400 13.472300 
1918 1 24.825700 16.612700 15.036300 
1533 1 19.092900 15.622000 14.287800 
193 1 25.513400 24.814700 16.904000 
1946 1 25.043400 20.936700 20.658200 
195 2 26.427500 24.808900 17.525000 
1543 2 19.736500 20.163000 23.799100 
938 1 14.136100 15.503100 15.453000 
1342 1 16.876500 18.118000 24.376100 
122 1 23.010700 17.352000 22.551400 
1395 2 19.352700 26.016200 15.728100 
1808 2 25.605700 25.247600 22.681400 
1763 2 23.372200 25.171900 26.201600 
1807 2 25.464200 25.143200 22.650200 
1321 1 13.984100 16.373700 22.086200 
1973 1 24.466800 20.372400 18.551000 
1161 1 14.156200 20.818700 25.756900 
1684 2 23.292500 14.606800 24.397700 
803 2 17.278500 26.398300 23.335100 
1288 2 16.435500 13.791200 24.773900 
1403 2 19.659200 23.183400 22.120700 
1919 2 25.402900 16.429500 16.154000 
1163 2 14.496400 20.256000 25.496100 
124 2 23.315100 18.169900 23.436500 
1378 1 19.018600 19.934300 13.884500 
988 2 14.874500 24.597100 26.192500 
1377 1 17.623900 19.361700 13.895100 
723 2 13.706800 19.668800 22.253400 
986 1 15.178700 23.954100 26.155400 
1379 2 18.527700 19.527700 13.771300 
88 2 24.435500 14.811200 20.163600 
1960 2 24.689300 21.082700 14.599100 
1542 1 20.253400 20.006800 23.771500 
1584 2 19.702700 24.325200 25.789400 
1923 2 23.169700 18.225100 23.352300 
939 2 13.567200 15.388200 15.457700 
851 2 16.121400 26.259400 17.472100 
1987 2 25.502600 25.158100 22.670200 
1898 1 26.027300 13.321000 14.620500 
132 2 26.059000 18.009500 20.385700 
1917 1 24.997200 15.438000 16.451100 
1995 2 26.448900 24.760900 17.635900 
1778 1 23.471600 24.638400 13.422400 
1380 2 18.739100 19.676600 14.004300 
1216 2 19.608500 26.400200 15.871400 
1535 2 19.565700 15.929600 14.507000 
722 1 13.827100 19.401000 21.925500 
1285 1 15.699400 13.806500 24.786200 
1150 1 14.718200 20.306000 18.717200 
984 2 17.162500 26.446400 23.502800 
975 2 14.273800 23.437900 17.207600 
982 1 16.542500 26.487800 22.805800 
1322 1 13.941500 15.766200 20.871700 
1396 2 19.549000 26.224300 15.886400 
1323 2 13.894800 16.136800 21.676500 
976 2 14.249400 23.547100 17.125600 
849 1 15.953600 25.520900 17.125100 
1152 2 14.385500 20.552300 18.571800 
974 1 14.632900 22.880600 16.908800 
1765 1 26.224800 23.310700 26.065000 
141 1 25.776100 19.877700 26.383500 
1197 1 17.130100 24.984000 13.780900 
1366 1 18.475000 20.249300 26.539000 
