id type x y z 
395 2 4.141680 1.691670 2.370500 
450 1 7.119130 9.549030 10.567800 
867 2 8.461130 4.955540 4.529030 
1796 2 6.252460 3.698120 11.304200 
495 2 3.798770 11.536400 8.870780 
1856 2 1.443270 2.286950 5.610660 
22 1 10.300800 2.708840 4.350350 
137 1 7.349450 7.827370 11.333600 
170 1 0.762916 2.273280 2.750160 
667 2 8.497590 11.808700 5.035810 
242 1 4.126390 1.217330 6.977150 
1811 2 1.021950 10.814200 0.762477 
449 1 6.173250 10.792200 9.723850 
668 2 8.497590 11.808700 5.035810 
1934 1 12.431000 6.523920 1.603260 
1054 1 12.160200 9.398630 2.722290 
1834 1 3.320350 8.164040 1.065500 
981 1 5.732300 6.168850 9.299160 
634 1 1.970560 1.603420 8.532880 
1228 2 6.963650 2.747420 0.390019 
1908 2 3.880050 3.928910 0.203621 
1221 1 4.072960 0.912976 2.033710 
1331 2 0.862767 9.058130 6.964880 
1079 2 2.604200 5.746140 7.620140 
1795 2 6.252460 3.698120 11.304200 
526 1 9.371660 8.882870 8.448440 
1077 1 2.319150 6.377500 7.156750 
1652 2 0.313378 3.835960 12.625600 
1330 1 1.059440 9.461310 6.571030 
1907 2 3.880050 3.928910 0.203621 
876 2 6.397910 7.289550 3.991890 
496 2 3.798780 11.536400 8.870780 
794 1 7.151430 7.646690 3.756950 
868 2 8.461130 4.955540 4.529030 
1846 1 1.887540 1.692790 5.614920 
204 2 11.913800 6.745030 4.687410 
1333 1 11.264100 5.220900 10.371500 
1649 1 0.503256 3.947910 12.143900 
1855 2 1.443270 2.286950 5.610660 
1527 2 12.815000 13.265200 13.040100 
527 2 8.948040 8.669300 7.969030 
640 2 5.350680 4.503490 3.812740 
639 2 5.350680 4.503490 3.812740 
1528 2 12.815000 13.265200 13.040100 
201 1 11.637600 7.849920 4.972350 
1582 1 10.607500 11.983600 10.643400 
1136 2 5.774250 10.704300 6.264340 
646 1 1.125410 12.068200 6.745700 
211 2 2.115560 1.990600 9.012830 
1449 1 8.675390 3.045780 8.246950 
1302 1 9.015640 6.226770 7.088880 
1336 2 10.954600 5.766960 10.260200 
605 1 1.457770 7.645720 10.503300 
1227 2 6.963650 2.747420 0.390018 
665 1 8.065770 11.541700 4.567290 
486 1 2.978580 12.738800 7.858560 
666 1 9.990990 12.331800 11.828800 
1847 2 0.184866 2.266670 2.681960 
534 1 0.399153 6.818140 12.316500 
28 2 10.504400 9.511740 5.867720 
1836 2 3.069740 8.439040 1.534490 
779 2 6.715060 0.962930 9.745420 
1452 2 8.945340 0.434644 6.801710 
61 1 4.394870 6.979410 11.186600 
638 1 5.963100 7.221170 4.068530 
1057 1 8.995950 11.933600 5.399270 
1933 1 13.117600 5.406470 0.419829 
1670 1 3.057210 4.098310 10.404000 
1558 1 10.815600 3.014920 2.389040 
1853 1 0.928401 2.739980 5.568860 
396 2 4.141680 1.691670 2.370500 
1203 2 4.500020 13.030000 0.371352 
1935 2 12.361500 5.944610 0.987580 
607 2 1.229740 6.867280 10.253700 
1876 2 0.836712 10.926600 12.978200 
1134 1 6.412940 10.803200 6.795780 
1672 2 3.023700 3.850700 10.946700 
401 1 7.490470 9.968510 2.705990 
1304 2 9.476400 6.093960 6.873700 
488 2 1.356640 12.667100 7.635600 
1200 2 7.732300 1.484680 3.526370 
1442 1 10.316800 9.347400 12.378600 
1875 2 0.836712 10.926600 12.978200 
1486 1 11.370200 12.513900 5.812310 
367 2 3.820260 7.966400 5.504810 
1835 2 3.069740 8.439040 1.534490 
714 1 2.999090 8.202090 9.656940 
528 2 8.948040 8.669300 7.969030 
243 2 4.290970 0.639510 6.608510 
310 1 0.825446 12.854900 4.382870 
1451 2 8.945330 0.434645 6.801710 
27 2 10.504400 9.511740 5.867720 
778 1 6.515350 0.107567 9.931950 
366 1 3.642630 7.382480 5.137820 
1080 2 2.604200 5.746140 7.620140 
1651 2 0.313377 3.835960 12.625600 
919 2 10.422500 12.270800 1.370080 
637 1 5.565570 4.326610 3.426320 
1306 1 12.888600 9.904890 11.890500 
1163 2 9.377890 2.102190 11.472500 
238 1 12.363600 7.827420 9.260200 
244 2 4.290970 0.639511 6.608510 
368 2 3.820260 7.966400 5.504810 
135 2 4.141020 11.402400 3.604920 
1505 1 2.756840 5.774450 3.083720 
1164 2 9.377890 2.102190 11.472500 
23 2 10.361100 2.603550 4.362880 
1053 1 12.654000 9.903980 3.697860 
1833 1 2.836050 9.274450 1.697200 
1584 2 10.123800 12.221200 11.654900 
913 1 10.533100 11.464200 8.329080 
1135 2 5.774250 10.704300 6.264340 
1204 2 4.500020 13.030000 0.371352 
661 1 3.591130 9.998390 13.122500 
1329 1 0.878749 8.353760 7.394510 
403 2 8.080150 9.851810 2.738410 
1199 2 7.732300 1.484680 3.526370 
1198 1 8.210160 1.572550 3.714870 
1146 1 8.978180 0.720961 6.892610 
64 2 4.638760 7.110740 11.722700 
606 1 1.615640 6.258950 10.164900 
875 2 6.397900 7.289550 3.991890 
1055 2 12.309000 9.659020 3.034200 
1013 1 13.038800 3.800620 7.300490 
1809 1 1.264530 11.513800 1.294940 
833 1 12.488300 12.650600 4.924030 
777 1 6.985610 1.243610 9.807760 
1078 1 3.449050 5.160680 7.917650 
1335 2 10.954600 5.766960 10.260200 
1303 2 9.476400 6.093960 6.873700 
1423 2 7.461120 13.135300 8.869640 
1905 1 3.006900 4.284680 0.707103 
209 1 1.735700 2.233510 9.552560 
1812 2 1.021950 10.814200 0.762477 
1793 1 5.447130 2.895910 7.035090 
1421 1 7.931550 7.992260 12.516800 
1447 2 9.536820 6.965810 1.907730 
983 2 5.756000 6.195260 8.446770 
7 2 2.751860 0.518591 11.797300 
280 2 0.709573 6.795870 13.263600 
780 2 6.715060 0.962930 9.745420 
452 2 6.414080 10.275100 10.073900 
1424 2 7.461120 13.135300 8.869640 
451 2 6.414080 10.275100 10.073900 
1161 1 10.103300 1.538060 11.553900 
1892 2 8.699640 3.444130 7.498210 
8 2 2.751860 0.518591 11.797300 
134 1 4.278480 11.347700 3.306360 
48 2 0.182598 5.238190 0.243062 
1671 2 3.023700 3.850700 10.946700 
24 2 10.361100 2.603550 4.362880 
984 2 5.756000 6.195260 8.446770 
636 2 4.956300 2.874870 7.514560 
1854 1 5.217940 4.914140 4.679850 
1890 1 6.635700 4.200100 11.887400 
136 2 4.141020 11.402400 3.604920 
1918 1 11.091400 8.673250 11.510300 
713 1 2.943630 9.415650 10.222900 
1794 1 5.976080 2.903750 10.796000 
46 1 0.008664 5.639270 0.946526 
487 2 1.356640 12.667100 7.635600 
1889 1 8.476090 3.723610 6.844080 
1919 2 10.931000 8.985070 12.063300 
982 1 6.171470 5.695490 8.013790 
635 2 4.956300 2.874870 7.514560 
1557 1 10.322600 3.610490 0.928601 
1446 1 10.411400 6.669320 1.593600 
844 2 11.437800 2.429280 7.682680 
920 2 10.422500 12.270800 1.370080 
1201 1 4.120200 8.801750 5.972500 
662 1 11.205500 10.025500 6.039800 
212 2 2.115560 1.990600 9.012830 
1506 1 1.766070 4.714110 3.219510 
1162 1 8.888270 2.270800 11.553500 
670 1 5.390730 11.014100 6.141450 
918 1 10.493500 12.649600 0.816965 
210 1 2.359590 0.491495 11.451700 
1301 1 9.849220 5.820690 6.286560 
493 1 3.939630 11.320800 9.044770 
240 2 12.422400 8.253860 8.585560 
1560 2 10.457800 3.316850 1.473540 
203 2 11.913800 6.745030 4.687410 
485 1 0.774861 12.826900 8.117580 
237 1 12.749400 7.938260 7.903320 
394 1 4.003140 2.162700 2.625680 
1610 1 10.197400 3.063150 7.084080 
494 1 4.752050 13.227900 9.112470 
1678 1 0.801523 10.629600 0.399017 
703 2 7.646210 7.808000 11.770600 
1507 2 2.044860 5.176410 3.288190 
843 2 11.437800 2.429280 7.682680 
239 2 12.422400 8.253860 8.585560 
1848 2 0.184865 2.266670 2.681960 
1334 1 10.596000 6.322340 10.206500 
1669 1 3.435400 3.704250 11.527300 
1433 1 4.302060 2.920630 7.847710 
1810 1 4.241280 10.359800 4.263930 
715 2 2.881370 8.871630 10.109500 
663 2 10.721600 11.604000 8.429750 
1891 2 8.699640 3.444130 7.498210 
866 1 8.310160 5.374180 4.774070 
608 2 1.229740 6.867280 10.253700 
279 2 0.709573 6.795870 13.263600 
441 1 6.781850 13.193300 2.520180 
25 1 10.018800 9.132820 6.731990 
1448 2 9.536820 6.965810 1.907730 
21 1 11.819100 2.438370 8.126650 
1920 2 10.931000 8.985070 12.063300 
704 2 7.646210 7.808000 11.770600 
716 2 2.881370 8.871630 10.109500 
62 1 4.868610 7.391480 12.507400 
1056 2 12.309000 9.659020 3.034200 
865 1 8.507100 4.271230 4.216960 
1202 1 4.512880 12.881700 1.153170 
1197 1 6.806610 1.350540 3.625280 
402 1 9.422760 9.748900 1.899260 
194 1 11.961100 9.945910 0.335906 
1873 1 0.396086 10.949300 12.441000 
41 1 12.578500 5.974420 4.491840 
702 1 7.602140 12.601300 8.890520 
1445 1 8.881450 6.938470 1.850620 
525 1 8.112090 8.423940 8.277620 
664 2 10.721600 11.604000 8.429750 
1226 1 7.742990 2.772970 1.154240 
1508 2 2.044860 5.176410 3.288190 
1986 1 12.503400 0.645879 5.064370 
1559 2 10.457800 3.316850 1.473540 
404 2 8.080150 9.851810 2.738410 
1583 2 10.123800 12.221200 11.654900 
1936 2 12.361500 5.944610 0.987580 
1214 1 11.782300 0.188858 9.890700 
1377 1 3.297220 0.269839 12.110800 
26 1 9.875900 9.736250 5.220440 
1332 2 0.862767 9.058130 6.964880 
63 2 4.638760 7.110740 11.722700 
917 1 10.055100 11.986800 1.835790 
835 2 12.181300 12.302500 5.216870 
836 2 12.181300 12.302500 5.216870 
47 2 0.182598 5.238190 0.243061 
1225 1 6.558920 1.806810 0.456685 
1589 1 2.448830 7.996600 24.568500 
1127 2 6.362600 1.715120 14.453700 
682 1 10.890500 5.565250 16.270000 
541 1 6.239910 9.240470 15.383100 
1376 2 6.186810 8.802590 23.117300 
340 2 8.092040 10.351500 20.636000 
1437 1 11.456200 0.330606 24.657600 
489 1 11.109000 3.572730 16.557300 
31 2 5.929410 8.976710 15.613400 
1122 1 4.585970 4.362030 14.071300 
589 1 2.836580 11.155600 24.504800 
480 2 5.853690 11.585200 23.526400 
827 2 1.106560 1.837520 25.944500 
101 1 6.771490 11.194200 26.507300 
720 2 8.821240 0.664756 16.008700 
453 1 12.048500 2.388490 16.334900 
592 2 2.802000 10.735400 24.355800 
229 1 8.954590 11.803400 17.126900 
4 2 6.749830 11.889400 14.180500 
268 2 10.327800 2.296560 18.844300 
317 1 6.380930 4.266830 23.964700 
1851 2 3.633780 7.567190 18.447500 
1493 1 2.305800 11.963200 15.670600 
717 1 9.391640 0.542143 16.133800 
1799 2 3.329310 2.451410 22.241200 
1782 1 8.352600 3.243600 15.604200 
1867 2 6.266370 4.482490 19.638600 
1868 2 6.266370 4.482490 19.638600 
1879 2 3.612460 12.117500 20.631900 
980 2 12.772700 8.187590 17.645700 
1128 2 6.362600 1.715120 14.453700 
235 2 3.324080 3.740230 18.696900 
1894 1 1.575930 8.087690 14.392600 
339 2 8.092040 10.351500 20.636000 
1880 2 3.612460 12.117500 20.631900 
1798 1 3.653520 2.813920 22.464300 
583 2 5.701430 2.289310 17.026500 
1613 1 6.664220 8.229920 21.889100 
1274 1 2.051880 5.357490 24.249000 
633 1 4.418510 4.801190 23.525000 
1715 2 4.043690 0.771794 19.758600 
455 2 10.824800 5.033520 14.086100 
502 1 10.216400 5.339750 13.520400 
1110 1 8.646560 12.785300 25.184100 
912 2 8.619720 10.375900 23.610000 
789 1 6.479570 7.971940 19.904900 
1850 1 3.399060 8.264590 18.508200 
1797 1 3.054610 1.630780 22.021500 
1590 1 3.712000 7.231410 24.887700 
253 1 5.587880 10.991400 17.621900 
590 1 3.362020 9.688810 24.132500 
596 2 1.502440 6.574110 20.234600 
615 2 2.316640 2.266530 15.382200 
236 2 3.324080 3.740230 18.696900 
1141 1 4.811410 1.088770 25.874000 
1863 2 11.927100 10.922900 20.171100 
282 1 10.409600 2.983060 21.823800 
276 2 6.720170 0.690540 21.533600 
196 2 12.013000 9.683040 26.435000 
1878 1 3.337740 11.995200 20.582700 
337 1 7.982490 10.285300 21.193200 
826 1 1.929220 1.769580 25.523700 
1664 2 0.462084 5.744130 16.924500 
625 1 11.261100 8.151030 21.756100 
719 2 8.821240 0.664756 16.008700 
929 1 5.818800 11.132900 19.076100 
1800 2 3.329310 2.451410 22.241200 
1357 1 0.369764 3.603220 13.677500 
1713 1 3.479090 0.654553 19.065200 
456 2 10.824800 5.033520 14.086100 
825 1 0.480015 2.054260 26.034400 
1893 1 8.418760 7.397350 15.107300 
994 1 5.282180 6.608740 16.266900 
1631 2 11.463000 11.512100 23.892800 
718 1 8.147340 0.901011 16.085200 
382 1 9.501720 10.706700 13.978800 
548 2 8.218210 2.509590 24.203800 
546 1 8.514150 2.066590 23.952900 
1439 2 11.345900 0.914220 24.762000 
1419 2 5.288190 4.519250 23.652400 
138 1 11.940900 11.521500 14.486000 
285 1 9.864410 4.933880 20.866400 
38 1 3.006820 0.161783 15.696500 
501 1 8.213640 6.443130 14.333200 
1495 2 2.426370 11.709800 15.560400 
274 1 6.886680 0.738063 21.129800 
1133 1 0.053159 6.454220 17.005200 
996 2 5.322440 5.809350 16.753100 
594 1 2.649030 6.572580 20.592800 
139 2 11.680000 11.669500 15.375600 
911 2 8.619720 10.375900 23.610000 
326 1 8.357040 3.864140 16.682100 
627 2 10.682700 8.595910 21.341400 
545 1 7.818340 2.987620 25.787600 
195 2 12.013000 9.683040 26.435000 
1968 2 10.773800 4.659420 25.089400 
1586 1 8.896390 9.154730 17.422900 
726 1 13.263000 4.151430 18.652600 
930 1 2.961470 8.559000 15.264300 
1663 2 0.462084 5.744130 16.924500 
1065 1 0.906464 0.786426 17.896500 
1866 1 6.714880 5.111160 19.452800 
461 1 10.598800 4.602050 24.427800 
29 1 5.172200 8.311750 15.862500 
384 2 9.035920 10.193300 14.174400 
910 1 9.122280 9.832450 23.545000 
1275 2 1.399550 5.483020 23.570900 
341 1 2.997720 9.822500 20.918600 
591 2 2.802000 10.735400 24.355800 
1420 2 5.288190 4.519250 23.652400 
1440 2 11.345900 0.914219 24.762000 
490 1 11.510800 3.465390 21.318500 
491 2 11.431700 2.884090 16.393600 
492 2 11.431700 2.884090 16.393600 
1966 1 10.581500 4.882980 25.913400 
266 1 10.709500 1.878700 18.655100 
1150 1 12.379500 0.178315 21.231000 
230 1 9.808720 12.099000 18.391400 
440 2 11.469200 0.918688 14.089400 
1962 1 9.439920 7.983110 18.200500 
828 2 1.106560 1.837520 25.944500 
728 2 12.689900 5.014540 18.685100 
1862 1 12.177900 11.110600 19.880700 
581 1 5.645880 2.663110 16.887700 
1900 2 1.738430 10.377700 18.213600 
995 2 5.322440 5.809350 16.753100 
1629 1 11.958100 10.911800 24.422400 
328 2 8.382650 3.589260 16.143000 
1864 2 11.927100 10.922900 20.171100 
1865 1 5.619470 4.334050 20.006600 
1269 1 13.128200 5.362960 21.629300 
993 1 5.130850 5.332470 16.716700 
1585 1 3.405930 8.630200 21.244000 
1877 1 4.146300 13.089900 20.948600 
547 2 8.218210 2.509590 24.203800 
791 2 6.411790 7.824110 20.461000 
232 2 9.115690 11.911500 17.629000 
1630 1 11.491000 11.690100 23.239200 
283 2 10.891400 3.220550 21.569500 
977 1 12.254100 8.372430 17.508500 
1662 1 6.076620 1.350240 16.204600 
343 2 3.153190 9.128150 21.255400 
1494 1 2.602710 11.036600 15.486900 
16 2 9.225870 8.130440 25.757400 
1273 1 0.762463 5.257610 23.162200 
479 2 5.853690 11.585200 23.526400 
1588 2 9.238690 8.586870 17.811800 
32 2 5.929400 8.976710 15.613400 
1716 2 4.043690 0.771793 19.758600 
628 2 10.682700 8.595910 21.341400 
792 2 6.411790 7.824110 20.461000 
284 2 10.891400 3.220550 21.569500 
1587 2 9.238690 8.586870 17.811800 
278 1 1.034820 6.177500 13.589900 
630 1 6.155640 5.804450 25.712400 
1373 1 6.791460 9.522970 23.233700 
14 1 9.633080 7.729320 25.943000 
383 2 9.035920 10.193300 14.174400 
454 1 11.413200 4.529780 13.828600 
1121 1 2.985280 4.869680 14.635200 
3 2 6.749820 11.889400 14.180500 
104 2 6.243450 10.399000 26.209600 
1899 2 1.738430 10.377700 18.213600 
1 1 6.370110 12.072000 14.701000 
566 1 2.567370 10.371000 18.128100 
439 2 11.469200 0.918688 14.089400 
616 2 2.316640 2.266530 15.382200 
503 2 8.242190 6.907050 14.707900 
504 2 8.242190 6.907050 14.707900 
1614 1 0.068931 7.806780 19.087100 
649 1 3.786970 6.777530 18.230900 
381 1 8.870620 9.758580 14.562400 
478 1 5.716360 11.669500 24.201000 
327 2 8.382650 3.589260 16.143000 
979 2 12.772700 8.187590 17.645700 
1896 2 2.850400 8.398830 15.001000 
241 1 5.063070 1.573550 17.485500 
614 1 3.101040 2.757400 15.690700 
301 1 8.090990 5.926900 22.276500 
595 2 1.502440 6.574110 20.234600 
1967 2 10.773800 4.659420 25.089400 
304 2 8.311620 6.280490 23.202800 
1276 2 1.399550 5.483020 23.570900 
275 2 6.720170 0.690541 21.533600 
783 2 10.585400 6.174490 16.684400 
1852 2 3.633780 7.567190 18.447500 
287 2 9.685850 5.475260 19.748200 
265 1 10.093400 3.021120 19.169000 
102 1 5.984670 9.794780 26.352100 
303 2 8.311620 6.280490 23.202800 
1897 1 1.043030 10.486000 18.133600 
133 1 4.218730 13.046700 26.223200 
1661 1 0.839147 5.259100 17.439400 
1592 2 3.222440 7.919930 24.568600 
288 2 9.685850 5.475260 19.748200 
1271 2 13.208800 5.559500 22.235400 
593 1 1.146720 7.033320 20.308200 
103 2 6.243450 10.399000 26.209600 
727 2 12.689900 5.014540 18.685100 
234 1 3.886730 3.817160 18.925700 
1125 1 6.075840 0.774558 14.271400 
344 2 3.153190 9.128150 21.255400 
77 1 0.546941 10.428800 24.226700 
1272 2 13.208800 5.559500 22.235400 
286 1 10.262000 5.499620 19.115800 
1632 2 11.463000 11.512100 23.892800 
931 2 5.552760 11.386400 18.081000 
13 1 8.768540 8.464370 25.486500 
626 1 10.065500 8.558020 21.078800 
482 1 0.120284 8.708610 18.068000 
701 1 11.660900 11.714100 15.875400 
338 1 8.514360 10.541100 20.175600 
613 1 1.924210 2.024730 14.986800 
437 1 11.047300 0.644922 14.268500 
302 1 8.194520 6.385100 23.557200 
15 2 9.225870 8.130440 25.757400 
1375 2 6.186810 8.802590 23.117300 
1895 2 2.850400 8.398830 15.001000 
584 2 5.701430 2.289310 17.026500 
1861 1 11.925500 9.978070 20.438700 
233 1 2.247720 4.035720 18.469100 
140 2 11.680000 11.669500 15.375600 
1591 2 3.222440 7.919930 24.568600 
438 1 12.037000 1.573910 13.886700 
477 1 5.611140 11.466600 22.801600 
267 2 10.327800 2.296560 18.844400 
1496 2 2.426370 11.709800 15.560400 
784 2 10.585400 6.174490 16.684400 
617 1 0.972847 10.892100 13.423500 
1144 2 4.817520 0.354773 26.177000 
377 1 4.374310 0.744776 19.945700 
932 2 5.552760 11.386400 18.081000 
231 2 9.115690 11.911500 17.629000 
1124 2 3.668620 4.522480 14.350900 
1123 2 3.668620 4.522480 14.350900 
909 1 8.368090 10.698300 23.846300 
1374 1 5.653820 8.506590 23.533300 
1438 1 11.357800 1.832110 24.963800 
782 1 10.452800 6.268390 17.179200 
273 1 6.055590 0.604621 22.308400 
193 1 11.637800 9.192450 25.895300 
1066 1 1.911520 1.587890 18.640100 
1067 2 1.510750 1.145040 18.204000 
1068 2 1.510750 1.145040 18.204000 
632 2 6.295940 6.646740 25.715300 
631 2 6.295940 6.646740 25.715300 
1126 1 6.691070 2.375890 14.214400 
514 1 3.386830 11.498200 13.396000 
1143 2 4.817530 0.354773 26.177000 
629 1 6.642100 7.246840 25.915200 
1112 2 8.118460 13.245500 25.081100 
1325 1 12.557600 5.432900 18.655600 
1111 2 8.118460 13.245500 25.081100 
515 2 3.772760 10.690800 13.327500 
2 1 6.766280 11.542800 13.365600 
516 2 3.772760 10.690800 13.327500 
1906 1 4.031900 3.542800 26.306800 
45 1 0.199069 4.779610 26.368100 
1656 2 3.585840 15.352500 11.240600 
793 1 7.211250 18.381500 13.116500 
1140 2 10.203700 25.769400 1.552110 
309 1 3.248660 16.779000 6.147680 
415 2 12.565800 19.277000 9.903410 
880 2 0.857060 24.422400 10.504600 
1682 1 12.002800 24.183000 13.062700 
5 1 1.400750 24.556700 10.659700 
168 2 5.404520 24.900200 11.585400 
1654 1 3.960250 15.515900 11.596500 
1949 1 10.739000 17.159000 6.764040 
807 2 12.835400 22.521800 5.145750 
59 2 1.556830 25.299700 7.056450 
1277 1 8.894250 24.303900 4.692590 
12 2 4.009320 18.227700 13.140500 
1258 1 0.608884 19.929600 1.010390 
1570 1 9.740040 20.493200 8.674100 
1636 2 5.695860 17.606200 10.103100 
961 1 10.192700 20.376100 4.220600 
1655 2 3.585840 15.352500 11.240600 
602 1 0.753284 14.188400 5.484220 
1745 1 2.889670 14.993900 0.192485 
289 1 8.697540 22.660600 7.670790 
1484 2 6.694570 14.881900 11.688600 
1753 1 3.567610 22.890300 9.234380 
756 2 8.490490 14.874000 5.687420 
1725 1 10.659600 19.404800 1.367110 
700 2 11.596800 24.309700 7.607960 
131 2 6.724300 20.385600 7.413810 
1517 1 12.122800 22.743000 10.786900 
709 1 4.116230 19.443300 9.988030 
1572 2 10.145800 19.896200 8.336430 
1278 1 6.685120 22.121600 2.184100 
1418 1 11.040600 17.409900 11.979100 
1673 1 9.667060 15.015900 1.009610 
409 1 3.897180 18.019500 3.123580 
648 2 1.589370 16.008800 8.958380 
1483 2 6.694570 14.881900 11.688600 
879 2 0.857061 24.422400 10.504600 
1634 1 1.753110 16.314000 8.470320 
1676 2 9.446260 15.436200 0.746527 
787 2 5.067240 14.491100 4.265910 
1693 1 0.794622 18.143700 6.126490 
1282 1 1.665660 18.639500 9.594230 
938 1 5.449250 21.821900 4.525730 
1237 1 2.948610 23.836300 5.115000 
603 2 2.668780 16.451700 5.560740 
1299 2 11.233000 15.523100 9.447640 
1518 1 10.875700 22.888700 9.841450 
1633 1 4.969170 17.376700 10.164900 
1106 1 11.894100 20.624900 2.912620 
1114 1 11.272900 15.118000 3.682580 
1181 1 8.991030 15.960300 0.277319 
165 1 4.808850 24.592200 12.010500 
1724 2 4.225310 21.970800 13.165000 
1324 2 2.629530 21.407800 3.014730 
1545 1 1.682150 18.405500 11.034300 
1386 1 8.416880 25.967300 11.783000 
1728 2 10.825100 18.783800 1.062610 
1137 1 9.962840 26.214800 1.130440 
1410 1 6.393710 15.788600 0.239106 
1260 2 1.387450 19.676400 0.613921 
246 1 4.650810 26.118000 6.380810 
1951 2 10.748600 17.720600 6.324560 
1805 1 0.285687 25.884500 4.885240 
311 2 0.785719 13.542800 4.957140 
442 1 7.613420 14.248000 1.899820 
1987 2 11.188900 16.959800 12.412000 
1321 1 3.022340 20.088000 2.882090 
159 2 4.977110 17.987200 7.213310 
89 1 0.820880 15.386900 10.340000 
785 1 5.160350 14.505300 4.791330 
312 2 0.785719 13.542800 4.957140 
411 2 3.726430 18.079800 2.719680 
734 1 9.928440 25.899700 7.743270 
753 1 8.957180 15.305600 5.760670 
1548 2 1.568520 18.744800 10.498900 
1400 2 6.818310 17.451000 4.489410 
1985 1 11.291300 16.471900 12.973800 
1259 2 1.387450 19.676400 0.613921 
1931 2 7.200680 19.134400 1.453900 
471 2 3.186920 20.996000 6.549050 
364 2 6.539200 25.008100 5.247710 
786 1 4.950560 14.595300 3.460220 
1399 2 6.818310 17.451000 4.489410 
36 2 1.375950 25.138200 0.740102 
712 2 4.231810 20.190700 10.121200 
711 2 4.231810 20.190700 10.121200 
764 2 0.280414 19.191300 4.107760 
1675 2 9.446260 15.436200 0.746527 
1115 2 11.053500 15.499500 3.399600 
1113 1 10.463000 16.185600 2.882980 
1105 1 12.733200 21.211900 3.701850 
877 1 0.159239 24.075000 10.248900 
1422 1 7.474350 14.003800 8.674550 
1385 1 8.599390 26.195900 13.050600 
73 1 0.001634 15.659000 4.043740 
291 2 8.584630 22.743400 7.705200 
945 1 7.795950 14.192500 5.699760 
1409 1 6.161100 17.314600 0.160170 
1014 1 7.553330 20.728700 10.925000 
1531 2 4.397150 14.224800 7.903980 
754 1 10.708800 18.171300 6.118590 
362 1 6.239600 24.893800 5.300500 
1387 2 8.207660 25.837000 12.347100 
1240 2 3.102090 24.886800 4.642400 
1723 2 4.225310 21.970800 13.165000 
1520 2 11.352600 22.778900 10.467000 
962 1 8.580230 20.329400 4.474450 
1411 2 6.345150 16.501600 0.280271 
1547 2 1.568520 18.744800 10.498900 
58 1 2.281520 25.343300 6.186290 
1930 1 7.287640 18.605900 1.723510 
292 2 8.584630 22.743400 7.705200 
937 1 5.442830 17.936300 6.680040 
1519 2 11.352600 22.778900 10.467000 
1388 2 8.207660 25.837000 12.347100 
57 1 1.012130 25.374400 7.242090 
1641 1 5.404260 21.976600 6.863680 
710 1 4.155120 20.457600 10.198700 
166 1 6.179160 24.763100 11.330800 
575 2 5.492850 23.277900 7.546110 
1726 1 10.459600 18.478400 0.186156 
1094 1 7.878990 22.954900 1.244760 
840 2 5.001120 25.064600 2.629630 
1635 2 5.695860 17.606200 10.103100 
10 1 3.875730 17.518600 12.643200 
1988 2 11.188900 16.959800 12.412000 
698 1 11.303800 24.275300 7.286270 
1952 2 10.748600 17.720600 6.324560 
873 1 6.351930 15.221500 11.723500 
1607 2 11.909700 20.066600 12.702600 
1450 1 9.460140 24.469800 5.834340 
1941 1 12.361200 13.387100 12.642700 
1297 1 11.492500 16.208400 8.803600 
1747 2 2.791940 15.950800 0.121212 
416 2 12.565800 19.277000 9.903410 
573 1 7.019150 17.965800 4.601360 
160 2 4.977110 17.987200 7.213310 
1653 1 3.181600 14.598000 10.908200 
1398 1 6.316100 16.523900 4.430990 
1139 2 10.203700 25.769400 1.552110 
1093 1 6.505470 20.906400 4.741840 
863 2 12.887500 15.277700 6.551240 
731 2 8.281230 16.859000 8.271480 
732 2 8.281230 16.859000 8.271480 
410 1 0.650784 19.747400 4.305590 
1532 2 4.397150 14.224800 7.903980 
1300 2 11.233000 15.523100 9.447640 
699 2 11.596800 24.309700 7.607960 
939 2 5.950540 21.413600 4.737890 
1138 1 11.143400 25.533100 2.125550 
472 2 3.186920 20.996000 6.549050 
729 1 2.729550 21.002700 7.430290 
796 2 7.501170 18.282600 12.669700 
1279 2 9.214230 24.630800 5.293520 
1280 2 9.214230 24.630800 5.293520 
413 1 12.017100 19.679800 10.510900 
1482 1 7.817890 14.610300 11.377100 
1298 1 11.290400 14.680400 9.622510 
806 1 12.576600 22.407400 5.512560 
1608 2 11.909700 20.066600 12.702600 
755 2 8.490490 14.874000 5.687420 
1721 1 4.540890 22.071000 12.751200 
1147 2 11.989900 26.496100 10.813100 
576 2 5.492850 23.277900 7.546110 
1696 2 0.717969 18.735900 7.201980 
1412 2 6.345150 16.501600 0.280270 
34 1 1.052560 26.235400 1.149740 
1606 1 11.428000 20.250900 12.550600 
940 2 5.950530 21.413600 4.737890 
1145 1 12.239000 25.736900 11.212400 
952 2 7.714750 21.226000 11.125000 
862 1 12.839400 14.796000 6.697850 
837 1 5.603650 25.236600 3.094410 
129 1 6.823750 20.911000 7.566430 
795 2 7.501170 18.282600 12.669700 
1929 1 6.991100 19.656000 1.052890 
361 1 7.157800 25.309300 5.857190 
1650 1 8.388960 17.640000 12.983400 
1116 2 11.053500 15.499500 3.399600 
1322 1 2.691600 21.904500 2.816020 
443 2 7.146430 13.573600 2.215650 
950 1 7.710190 22.106100 11.708100 
1323 2 2.629520 21.407800 3.014730 
1530 1 4.330590 14.306300 7.683950 
444 2 7.146430 13.573600 2.215650 
1095 2 7.206240 22.382400 1.864640 
647 2 1.589370 16.008800 8.958380 
730 1 7.833310 16.311900 7.333490 
1695 2 0.717969 18.735900 7.201980 
167 2 5.404520 24.900200 11.585400 
363 2 6.539200 25.008100 5.247710 
645 1 2.525680 16.045700 4.952030 
604 2 2.668780 16.451700 5.560740 
1529 1 6.429990 17.453800 9.602310 
735 2 9.399260 25.373200 9.365030 
864 2 12.887500 15.277700 6.551240 
290 1 9.399570 24.396400 8.843380 
469 1 3.025790 21.214700 5.743370 
1727 2 10.825100 18.783800 1.062610 
157 1 6.471780 18.105700 11.646100 
788 2 5.067240 14.491100 4.265910 
601 1 8.510090 17.007100 8.678750 
158 1 4.567490 18.137400 7.479490 
951 2 7.714750 21.226000 11.125000 
1571 2 10.145800 19.896200 8.336430 
132 2 6.724300 20.385600 7.413810 
964 2 9.371710 20.610800 4.259250 
130 1 6.678710 19.225600 7.656550 
1481 1 6.383050 23.363800 7.587510 
1694 1 1.026620 18.733900 7.571020 
1569 1 10.557000 19.885000 7.951900 
1239 2 3.102090 24.886800 4.642410 
963 2 9.371710 20.610800 4.259250 
1096 2 7.206240 22.382400 1.864640 
11 2 4.009320 18.227700 13.140500 
763 2 0.280414 19.191300 4.107760 
839 2 5.001120 25.064600 2.629630 
1030 1 12.243300 25.757100 5.113070 
861 1 13.084200 15.937800 6.321460 
574 1 4.810000 23.666100 6.764280 
412 2 3.726430 18.079800 2.719680 
838 1 4.561430 25.038200 2.553860 
1107 2 12.088600 20.945400 3.059520 
1754 1 2.140980 23.244100 8.951820 
733 1 9.784780 25.605700 9.805570 
1031 2 12.389200 26.159400 5.109610 
1238 1 2.968270 25.044700 4.292020 
1755 2 2.974310 23.078500 9.012440 
1756 2 2.974310 23.078500 9.012440 
1148 2 11.989900 26.496100 10.813100 
414 1 12.665200 18.932200 9.315540 
33 1 1.245790 24.464300 1.010350 
35 2 1.375950 25.138200 0.740101 
736 2 9.399250 25.373200 9.365030 
1022 1 13.243800 21.824100 8.374800 
60 2 1.556830 25.299700 7.056450 
1108 2 12.088600 20.945400 3.059520 
1953 1 0.548069 22.465600 6.098740 
1932 2 7.200680 19.134400 1.453900 
1605 1 12.485600 19.800400 12.947200 
1257 1 2.106960 19.080700 0.479456 
1748 2 2.791940 15.950800 0.121212 
808 2 12.835400 22.521800 5.145750 
1032 2 12.389200 26.159400 5.109610 
697 1 9.435810 26.388200 4.964560 
766 1 13.190600 20.290400 6.424290 
1746 1 2.854430 16.738000 0.069402 
154 1 8.956030 15.336700 13.255200 
882 1 1.319350 24.148500 13.636400 
813 1 8.347990 26.449000 24.915900 
1926 1 12.594300 19.594800 25.234400 
1722 1 3.161830 21.631400 13.864800 
1843 2 1.575020 25.217300 20.631800 
385 1 7.369730 16.707100 17.789800 
70 1 12.725900 23.125400 25.793300 
155 2 9.254290 14.914700 13.516700 
397 1 5.715490 19.518700 22.331500 
466 1 3.757400 14.292200 14.174200 
1646 1 4.886040 21.827400 20.014900 
688 2 5.520810 14.559500 16.149200 
1927 2 12.891800 19.670800 25.889500 
1026 1 4.016430 25.394200 16.087100 
552 2 3.787670 15.597800 21.265400 
812 2 12.481900 17.752200 23.344600 
966 1 12.444800 21.186900 15.079100 
597 1 10.216900 15.680400 25.206400 
152 2 0.745891 23.083300 23.455800 
19 2 4.112580 25.450300 23.325900 
1291 2 10.487800 24.994900 19.111400 
1036 2 7.564380 16.914300 15.249900 
542 1 6.932400 13.799500 18.944300 
582 1 0.098001 19.978000 17.693100 
1035 2 7.564380 16.914300 15.249900 
1153 1 2.502600 21.358700 26.254900 
559 2 1.181100 16.908600 13.854100 
153 1 9.279680 13.612600 13.434700 
1004 2 6.776030 25.986600 18.141100 
1001 1 7.429810 25.854400 17.924200 
1417 1 6.169540 20.610900 18.411200 
1099 2 12.015600 14.163300 21.981700 
642 1 0.365652 13.674300 22.979200 
98 1 1.119990 22.165800 19.223600 
506 1 13.149800 20.081100 16.724500 
20 2 4.112570 25.450300 23.325900 
18 1 3.930290 25.779700 24.034200 
802 1 10.666200 20.595400 23.950500 
641 1 1.351580 13.277600 22.972500 
500 2 7.232110 17.328500 23.617400 
1474 1 0.743550 20.426300 14.884100 
550 1 3.349510 15.678500 20.856000 
1154 1 7.686340 20.490500 23.711300 
499 2 7.232110 17.328500 23.617400 
1593 1 0.094158 25.590700 23.951400 
1514 1 13.127700 24.892400 13.747200 
654 1 7.655550 13.869500 21.452900 
551 2 3.787670 15.597800 21.265400 
1223 2 5.747530 20.031500 18.258700 
1684 2 12.757100 24.465800 13.572200 
505 1 12.709200 19.036000 15.864500 
1869 1 7.573660 22.618200 17.057300 
189 1 0.889084 17.220400 23.874300 
810 1 12.837800 17.639000 22.684000 
816 2 8.088520 25.842700 25.618300 
1253 1 5.855910 23.898200 25.388000 
1523 2 8.814980 20.513500 26.025200 
1563 2 6.221900 24.764300 14.585400 
558 1 1.266940 17.121600 13.452600 
1783 2 11.498900 25.074600 16.130400 
1781 1 11.390000 24.916200 16.629800 
1648 2 4.753410 22.625600 19.714400 
1830 1 3.166590 22.618600 25.531500 
1224 2 5.747530 20.031500 18.258700 
1165 1 2.314360 21.625000 21.781500 
669 1 2.476230 16.899000 18.202000 
468 2 3.179260 14.188200 13.994100 
100 2 1.270350 22.202300 19.891600 
804 2 10.693400 20.608200 23.375100 
1155 2 2.931890 22.199700 25.728400 
1536 2 6.874260 20.613700 14.924500 
1168 2 2.318910 20.814600 22.394200 
1562 1 5.914890 24.956100 14.083100 
1152 2 12.736900 26.439800 21.569900 
1524 2 8.814980 20.513500 26.025200 
815 2 8.088520 25.842700 25.618300 
1222 1 5.163400 19.652800 18.353400 
119 2 3.986380 21.801300 16.352300 
99 2 1.270350 22.202300 19.891600 
671 2 3.213060 17.630700 18.578100 
655 2 7.555100 14.597600 21.697100 
685 1 5.558490 15.293800 16.683700 
465 1 2.404310 14.160400 13.900900 
560 2 1.181100 16.908600 13.854100 
1516 2 10.083400 22.891200 13.782100 
801 1 9.944230 22.303600 13.632100 
988 2 10.558400 23.199800 22.398500 
1825 1 5.415360 19.709600 25.140600 
1533 1 5.598620 20.353800 15.542300 
1027 2 3.511430 25.897700 15.908000 
687 2 5.520810 14.559500 16.149200 
884 2 1.845530 24.449400 13.840100 
1028 2 3.511430 25.897700 15.908000 
118 1 3.390260 21.777000 17.123100 
1290 1 10.490500 25.685700 19.404900 
1475 2 1.290210 20.395700 14.401100 
990 1 10.983000 15.168700 16.000000 
30 1 3.406970 18.015600 18.293800 
883 2 1.845530 24.449400 13.840100 
313 1 4.577030 14.145900 23.697400 
1832 2 7.274510 20.878000 23.430200 
643 2 0.685859 13.524500 22.981600 
1784 2 11.498900 25.074600 16.130400 
1254 1 5.009020 23.023200 26.235400 
1829 1 6.708730 21.002000 23.201300 
1326 1 2.292970 14.549800 18.765400 
498 1 6.785190 17.256700 22.851900 
169 1 1.193660 24.404100 21.489300 
657 1 1.097730 22.883000 16.310300 
315 2 4.319290 14.477700 23.992400 
314 1 4.083330 14.740700 24.636100 
1327 2 2.755260 14.596900 17.769600 
1033 1 7.440070 17.560900 15.426300 
467 2 3.179260 14.188200 13.994100 
1928 2 12.891800 19.670800 25.889500 
1940 2 10.279600 23.568400 25.968600 
770 1 7.574940 22.365100 19.956200 
803 2 10.693400 20.608200 23.375100 
1100 2 12.015600 14.163300 21.981700 
814 1 7.885120 25.461400 25.772100 
1564 2 6.221900 24.764300 14.585400 
771 2 8.208990 21.805900 19.577000 
1521 1 8.495730 21.557400 26.321100 
318 1 9.423750 19.808000 17.327300 
1841 1 1.569090 25.331600 20.470800 
387 2 7.458600 16.954700 18.479600 
599 2 10.613800 15.970300 25.065200 
1476 2 1.290210 20.395700 14.401100 
1397 1 10.677700 20.706700 22.557900 
992 2 11.697300 15.589700 16.605400 
549 1 4.023390 16.052100 22.237300 
1151 2 12.736900 26.439800 21.569900 
1292 2 10.487800 24.994900 19.111400 
811 2 12.481900 17.752200 23.344600 
1515 2 10.083400 22.891200 13.782100 
889 1 3.056200 14.000300 17.053000 
190 1 1.946140 18.152000 24.070400 
1188 2 8.425450 25.450300 22.998900 
1828 2 5.036250 19.681900 25.714700 
1534 1 7.314970 20.655100 14.894500 
986 1 10.738800 23.099300 23.444700 
97 1 1.375750 22.288600 20.241900 
1872 2 8.088280 23.654500 16.876900 
659 2 0.560397 22.808200 16.917700 
1645 1 4.668080 23.141400 19.601200 
1187 2 8.425450 25.450300 22.998900 
1680 2 11.229000 18.900200 19.446600 
1098 1 13.056400 13.368700 21.452600 
1185 1 7.907890 25.819900 23.314300 
600 2 10.613800 15.970300 25.065200 
1167 2 2.318910 20.814600 22.394200 
1034 1 7.948600 16.361100 15.205800 
1535 2 6.874260 20.613700 14.924500 
1002 1 6.315830 25.827000 18.851800 
644 2 0.685859 13.524500 22.981600 
497 1 7.921950 17.742300 23.831900 
1522 1 8.543050 20.286300 26.010500 
653 1 7.670040 15.111300 21.532400 
672 2 3.213060 17.630700 18.578100 
386 1 7.169830 17.281400 19.086100 
1503 2 11.195500 21.941700 19.297500 
120 2 3.986380 21.801300 16.352300 
772 2 8.208990 21.805900 19.577000 
1003 2 6.776030 25.986600 18.141100 
1156 2 2.931890 22.199700 25.728400 
1677 1 12.162900 19.113700 19.459300 
790 1 11.581200 25.748000 15.378400 
1166 1 2.409650 20.811300 22.687700 
985 1 10.717800 23.378900 21.832100 
191 2 1.306070 17.615500 23.773300 
9 1 4.050120 19.133200 13.638100 
1205 1 9.774250 15.716300 18.726900 
991 2 11.697300 15.589700 16.605400 
330 1 12.587800 22.322400 18.549100 
192 2 1.306070 17.615500 23.773300 
316 2 4.319290 14.477700 23.992400 
1939 2 10.279600 23.568400 25.968600 
151 2 0.745891 23.083300 23.455800 
1683 2 12.757100 24.465800 13.572200 
1473 1 1.458850 19.839500 13.817700 
1081 1 0.424525 14.972800 17.338400 
379 2 5.119710 19.387900 21.972900 
1328 2 2.755260 14.596900 17.769600 
544 2 6.495470 14.344600 18.854100 
686 1 5.413450 14.361000 15.796300 
320 2 9.320090 19.449800 16.190800 
769 1 8.483550 21.586100 19.631700 
319 2 9.320090 19.449800 16.190800 
1504 2 11.195500 21.941700 19.297500 
781 1 0.179481 22.867800 23.366200 
508 2 13.024700 19.294800 16.142800 
598 1 11.184900 16.392200 24.802100 
1581 1 6.006270 14.806500 18.854800 
1109 1 7.360770 13.561200 24.474300 
1826 1 4.820710 19.338600 26.271500 
380 2 5.119710 19.387900 21.972900 
149 1 1.286010 23.140200 23.709200 
150 1 11.558500 21.975000 19.994100 
1827 2 5.036250 19.681900 25.714700 
965 1 11.621600 22.271800 15.509000 
967 2 12.044800 21.698900 15.370100 
17 1 4.312720 24.919200 23.222200 
1208 2 10.030200 15.473800 19.035100 
393 1 9.796530 19.403400 15.787400 
1186 1 8.604280 25.326100 22.633900 
1142 1 4.797560 26.357300 26.372700 
989 1 11.849000 16.225700 17.108700 
1647 2 4.753410 22.625500 19.714400 
543 2 6.495470 14.344600 18.854100 
378 1 4.191230 19.678800 21.756900 
388 2 7.458600 16.954700 18.479600 
1502 1 10.864800 21.619200 19.010600 
968 2 12.044800 21.698900 15.370100 
1207 2 10.030200 15.473800 19.035100 
1501 1 10.320500 15.112000 19.408100 
987 2 10.558400 23.199800 22.398500 
1289 1 10.731400 24.197600 18.797700 
1513 1 10.220700 23.533500 14.411600 
507 2 13.024700 19.294800 16.142800 
117 1 4.240850 21.703300 15.745600 
809 1 12.349100 17.725200 24.028400 
1831 2 7.274510 20.878000 23.430200 
660 2 0.560398 22.808200 16.917700 
1097 1 11.255200 14.731700 22.777300 
1871 2 8.088280 23.654500 16.876900 
1925 1 12.932400 19.703200 26.536900 
1679 2 11.229000 18.900200 19.446600 
1844 2 1.575020 25.217300 20.631800 
1206 1 10.440500 18.641000 19.554400 
1256 2 5.979220 23.691900 25.610100 
1870 1 8.040580 23.961400 16.921500 
1255 2 5.979210 23.691900 25.610100 
1561 1 6.407700 24.189300 14.990600 
1149 1 13.177800 25.475800 22.491200 
557 1 0.976299 16.143600 14.831200 
881 1 2.243850 25.246800 14.141900 
156 2 9.254290 14.914700 13.516700 
1938 1 10.459500 23.132600 25.714100 
656 2 7.555100 14.597600 21.697100 
1084 2 0.124473 15.376400 17.002400 
1083 2 0.124472 15.376400 17.002400 
1937 1 10.040200 24.604200 26.446100 
1456 2 25.616000 4.336690 8.900730 
1293 1 24.413300 8.553480 3.306020 
674 1 17.942200 9.268690 0.873259 
1171 2 19.791900 2.453570 7.128380 
1461 1 19.399600 1.342990 11.444800 
306 1 17.569200 3.431220 4.577020 
197 1 17.275200 2.699630 1.973270 
1129 1 19.371100 12.860300 6.810950 
511 2 19.376800 12.565000 0.901552 
424 2 15.106900 8.746470 0.693327 
1455 2 25.616000 4.336690 8.900730 
1997 1 18.111000 6.425980 11.789700 
1267 2 20.627400 7.795660 2.907150 
1957 1 23.801800 11.966000 2.533290 
334 1 14.889200 11.741200 1.966580 
53 1 18.174700 5.945210 0.411401 
1219 2 15.364400 3.897470 4.116150 
163 2 16.897500 2.615190 1.574120 
1370 1 24.121700 2.361500 0.567055 
1860 2 23.945700 9.485310 5.502910 
254 1 25.222100 8.794870 11.704900 
1469 1 25.359300 1.678350 10.770100 
1245 1 23.113800 12.367900 8.154160 
305 1 20.694900 9.939270 2.118740 
1472 2 24.693800 1.711530 11.119200 
359 2 22.356200 0.308675 2.307020 
1407 2 17.332700 9.307110 3.135400 
1470 1 24.227600 1.766680 11.477600 
1773 1 21.960100 6.593350 5.806560 
1242 1 18.421300 4.841300 4.330510 
512 2 19.376800 12.565000 0.901553 
420 2 13.584000 9.372480 5.411540 
678 1 25.021000 1.387900 8.015280 
1702 1 17.278800 0.831729 8.258880 
1358 1 13.764900 10.729500 12.061500 
475 2 16.566600 10.656900 6.396560 
419 2 13.584000 9.372480 5.411540 
1220 2 15.364400 3.897470 4.116150 
6 1 17.524000 3.186560 10.720400 
1016 2 13.377900 1.932980 2.555000 
1416 2 15.289400 6.729140 3.924020 
161 1 16.559400 2.695980 0.966805 
1874 1 20.860400 11.029400 12.797800 
618 1 26.458100 10.466300 4.351780 
144 2 26.316100 6.003630 6.160090 
1071 2 14.525600 1.488500 6.423430 
358 1 21.854500 0.917293 2.028690 
87 2 18.068600 8.053200 5.542060 
1471 2 24.693800 1.711530 11.119200 
255 2 25.457900 8.751290 11.178700 
870 1 20.748500 3.135650 10.035300 
423 2 15.106900 8.746470 0.693327 
422 1 14.983700 9.526780 1.031310 
1359 2 13.410100 10.559200 12.036700 
1791 2 22.499700 6.747370 5.416600 
54 1 17.189200 6.429770 1.378090 
1233 1 17.603000 4.684130 7.321680 
1234 1 17.295200 4.588540 8.873030 
1235 2 17.396400 4.578060 7.996660 
1236 2 17.396400 4.578060 7.996650 
620 2 26.405500 10.600100 3.914200 
509 1 19.501400 12.121900 1.027740 
256 2 25.457900 8.751290 11.178700 
624 2 17.811900 6.653920 12.351500 
1248 2 22.749100 12.970200 8.163210 
2000 2 19.128000 9.164720 8.305520 
1294 1 25.381700 7.813980 2.943270 
539 2 17.258300 9.448550 11.160900 
1813 1 15.713100 7.847030 8.996230 
322 1 22.490100 12.120600 10.471300 
933 1 20.615400 4.480980 1.230580 
88 2 18.068600 8.053200 5.542060 
960 2 17.698000 12.665800 4.050820 
958 1 17.081900 13.097600 4.158800 
1104 2 14.040500 4.469510 7.120180 
1806 1 23.919700 3.233200 5.062190 
540 2 17.258300 9.448550 11.160900 
959 2 17.698000 12.665800 4.050820 
1999 2 19.128000 9.164720 8.305520 
1740 2 25.558700 5.262150 3.292680 
1366 1 21.409900 11.074900 6.346040 
185 1 25.075800 0.223403 0.210753 
1477 1 18.558800 8.049390 6.060630 
1454 1 25.257000 3.561800 8.723900 
1029 1 14.083400 2.595260 0.490756 
335 2 15.216600 11.687800 1.620270 
949 1 13.826500 1.318900 2.841600 
1719 2 14.188800 5.620700 10.989000 
307 2 21.239700 10.681000 2.087590 
164 2 16.897500 2.615190 1.574120 
321 1 23.474600 11.304300 10.925600 
1414 1 14.733200 7.248750 3.944780 
1453 1 25.919900 4.969340 9.090430 
1244 2 18.139700 4.555830 4.377670 
360 2 22.356200 0.308675 2.307020 
819 2 20.765600 6.940640 10.167600 
916 2 14.146600 12.707900 8.270700 
1434 1 22.204000 4.559600 7.790960 
43 2 20.347800 10.602700 11.950000 
1717 1 13.922400 4.916900 9.920230 
141 1 25.985800 5.890330 5.409390 
1070 1 15.415300 0.922241 6.657870 
323 2 22.791300 11.654100 10.807900 
1101 1 14.293900 4.650050 7.216780 
1015 2 13.377900 1.932980 2.555000 
333 1 15.827500 11.831200 0.697933 
365 1 25.695300 8.508270 10.666400 
1739 2 25.558700 5.262150 3.292680 
1069 1 19.675900 2.651870 6.555270 
44 2 20.347800 10.602700 11.950000 
1405 1 16.780000 9.678310 3.277950 
473 1 16.301500 10.884800 6.551220 
1464 2 18.989800 0.786870 11.361100 
1413 1 15.807400 6.362840 3.592760 
925 1 17.403400 12.089200 8.973060 
1072 2 14.525600 1.488500 6.423430 
1597 1 23.322900 5.591380 0.242353 
677 1 24.545700 0.809406 6.740880 
894 1 14.018300 2.475560 6.421880 
849 1 22.075300 2.567980 11.035400 
1820 2 18.337800 3.888120 10.969200 
817 1 20.546600 7.518340 10.774800 
172 2 23.849000 2.686260 4.570720 
537 1 17.391700 8.949720 11.137700 
1609 1 15.460100 2.626890 10.043300 
1092 2 25.699100 12.395800 9.498190 
872 2 21.448400 2.786870 10.727200 
474 1 17.335900 9.948260 6.391080 
1218 1 15.342100 3.657300 3.838640 
175 2 13.382700 3.092200 12.986600 
1091 2 25.699100 12.395800 9.498190 
871 2 21.448400 2.786870 10.727200 
1792 2 22.499700 6.747360 5.416590 
510 1 19.017100 13.196700 0.258807 
1249 1 23.488900 5.122530 11.644500 
417 1 13.555200 8.689710 5.412060 
1169 1 19.765600 2.184990 7.586770 
1998 1 18.838900 9.447210 8.459320 
1741 1 17.765400 10.317000 11.922900 
1090 1 25.682000 13.219300 9.935120 
1247 2 22.749100 12.970200 8.163210 
915 2 14.146600 12.707900 8.270700 
42 1 20.358400 10.340400 11.580500 
1958 1 24.467400 11.410900 3.434130 
1718 1 14.528200 6.034920 11.305500 
1265 1 21.351400 7.316910 2.403190 
1435 2 22.469500 4.765720 7.758430 
1268 2 20.627400 7.795660 2.907150 
56 2 17.669200 6.114930 1.077730 
1790 1 21.189700 10.993400 1.893140 
570 1 21.934600 0.802911 5.387560 
679 2 24.721500 1.544020 7.613170 
1103 2 14.040500 4.469510 7.120180 
86 1 17.386300 7.901370 5.217720 
934 1 20.285500 4.856020 2.594910 
174 1 13.753400 2.633350 12.937200 
1415 2 15.289400 6.729140 3.924020 
1845 1 26.084000 2.861210 3.058230 
680 2 24.721500 1.544020 7.613170 
619 2 26.405500 10.600100 3.914200 
1266 1 20.192800 7.722460 3.267470 
1436 2 22.469500 4.765720 7.758430 
1177 1 23.084800 0.230950 10.050300 
1818 1 18.465200 4.154390 11.412800 
1814 1 16.653100 8.301350 8.261000 
329 1 18.571000 0.014019 11.017000 
421 1 15.230700 8.340590 0.470491 
1243 2 18.139700 4.555830 4.377670 
957 1 18.137200 11.705100 3.996780 
1738 1 24.925800 5.222160 3.858350 
1045 1 23.956900 9.902530 5.620140 
85 1 24.013000 4.938070 9.833780 
1819 2 18.337800 3.888120 10.969200 
308 2 21.239700 10.681000 2.087590 
1815 2 15.890800 8.009260 8.802530 
171 2 23.849000 2.686260 4.570720 
1816 2 15.890800 8.009260 8.802530 
1720 2 14.188800 5.620700 10.989000 
1252 2 23.955700 4.913630 10.924200 
1478 1 24.094300 8.967780 8.063870 
1463 2 18.989800 0.786870 11.361100 
623 2 17.811900 6.653920 12.351500 
55 2 17.669200 6.114930 1.077730 
723 2 26.188600 13.192700 0.448105 
1251 2 23.955700 4.913630 10.924200 
1960 2 23.935000 11.580100 2.818420 
1089 1 25.772700 11.966600 9.529250 
1406 1 17.857300 8.638990 3.582750 
176 2 13.382700 3.092200 12.986600 
1817 1 19.573300 8.340720 8.037990 
1789 1 23.575100 2.120590 4.146020 
517 1 23.654000 8.374070 9.096700 
1365 1 20.395200 9.928660 6.314940 
1172 2 19.791900 2.453570 7.128380 
1842 1 17.757300 6.790470 13.085200 
476 2 16.566600 10.656900 6.396560 
1480 2 23.726400 8.538730 8.810470 
1612 2 15.644800 2.315920 10.313300 
928 2 17.528500 12.752500 8.912240 
1217 1 15.053900 4.478610 4.814560 
1250 1 24.597500 4.298760 11.006200 
1367 2 21.038000 10.607600 6.355240 
724 2 26.188600 13.192700 0.448104 
1479 2 23.726400 8.538730 8.810470 
1241 1 23.423200 5.682870 7.447510 
927 2 17.528500 12.752500 8.912240 
1408 2 17.332700 9.307110 3.135400 
1611 2 15.644800 2.315920 10.313400 
1360 2 13.410100 10.559200 12.036700 
1295 2 24.987200 8.165740 2.895670 
1368 2 21.038000 10.607600 6.355240 
324 2 22.791300 11.654100 10.807900 
1296 2 24.987200 8.165740 2.895670 
834 1 13.663400 10.263000 5.622750 
1959 2 23.935000 11.580100 2.818420 
1737 1 26.012400 5.432570 2.964190 
1859 2 23.945700 9.485310 5.502910 
622 1 20.810600 6.712680 9.826290 
936 2 20.742000 4.412080 1.840500 
935 2 20.742000 4.412080 1.840500 
1857 1 23.326500 8.615930 5.389810 
820 2 20.765600 6.940640 10.167600 
336 2 15.216600 11.687800 1.620270 
202 1 26.185100 10.433600 2.726780 
143 2 26.316100 6.003630 6.160090 
1950 1 13.582600 12.414300 8.146170 
853 1 20.320800 12.983200 4.007980 
1526 1 14.298600 12.663000 10.674300 
822 1 21.206800 1.573370 0.246929 
1183 2 22.125100 0.012295 5.359830 
1766 1 16.369400 5.351050 12.984400 
1703 2 17.371300 0.119035 7.950030 
841 1 13.362400 2.250390 2.125420 
173 1 13.546600 3.721150 12.417700 
741 1 26.308200 5.477300 6.939900 
1184 2 22.125100 0.012295 5.359830 
721 1 25.869600 13.221100 0.835166 
1704 2 17.371300 0.119035 7.950030 
183 2 23.049700 1.245590 13.208700 
184 2 23.049700 1.245590 13.208700 
1785 1 23.357000 10.755700 0.229321 
181 1 23.314700 0.825470 13.049400 
182 1 23.050100 1.958530 13.256600 
1372 2 24.018300 2.589600 0.027456 
1371 2 24.018300 2.589600 0.027457 
1600 2 23.327900 5.995260 0.168405 
1599 2 23.327900 5.995260 0.168405 
281 1 15.168400 5.929650 15.392700 
1786 1 24.251100 9.881330 26.066100 
1736 2 25.739500 1.582980 22.151400 
145 1 21.000500 9.088680 19.452400 
1976 2 17.226200 7.554370 19.753200 
1491 2 22.541000 1.532770 20.133800 
568 2 23.321700 11.212300 14.521700 
1017 1 23.658700 6.298970 20.679000 
1038 1 25.370200 8.091660 24.923900 
392 2 19.429900 1.202130 18.562800 
973 1 21.116500 4.462710 20.094100 
1492 2 22.541000 1.532770 20.133800 
1231 2 22.659600 2.363140 23.239100 
374 1 21.232300 10.650700 23.228000 
111 2 20.586300 12.825900 20.332200 
1681 1 14.215200 2.957800 17.037100 
1040 2 25.831500 7.555500 25.210200 
845 1 19.104200 5.079780 16.121100 
110 1 19.748400 12.675500 19.905900 
1286 1 19.620400 6.995920 21.963100 
1489 1 22.351100 1.579790 20.528000 
1735 2 25.739500 1.582980 22.151400 
681 1 16.855700 4.948340 22.274400 
885 1 15.730100 9.003820 17.256200 
1285 1 21.230000 8.940640 17.134400 
1762 1 17.333900 8.088090 14.246300 
691 2 18.462600 11.095000 20.380400 
847 2 18.640400 5.002040 15.417600 
690 1 18.230800 11.639500 20.554800 
433 1 13.559800 0.436882 16.514800 
107 2 21.535700 3.472900 17.451000 
1351 2 25.997300 10.176400 16.305800 
1733 1 26.237400 0.813367 22.254600 
1948 2 19.439900 2.585050 13.834000 
106 1 21.519000 3.093270 16.960000 
1839 2 21.469600 5.025400 19.591900 
857 1 19.155500 7.103790 17.372400 
389 1 19.444100 1.085620 18.042500 
586 1 20.526000 0.624200 25.845200 
848 2 18.640400 5.002040 15.417600 
1039 2 25.831500 7.555500 25.210200 
1705 1 13.694000 12.063000 16.953300 
1984 2 20.764900 4.705150 25.136500 
1346 1 15.602500 5.249790 25.675700 
108 2 21.535700 3.472900 17.451000 
298 1 20.327900 7.851310 13.725400 
1974 1 17.570300 7.726740 20.842700 
1708 2 14.223200 12.446200 17.129700 
446 1 14.693300 3.465070 16.010000 
1361 1 14.689500 12.864900 17.240900 
84 2 24.272900 6.949620 13.637500 
1887 2 21.997800 0.663150 16.091000 
1462 1 19.781600 2.000350 13.533700 
1349 1 26.388000 10.006800 15.994300 
683 2 16.912700 4.706190 21.959500 
757 1 23.459600 7.629240 17.244900 
122 1 20.407300 6.776470 22.788200 
1898 1 16.614600 4.707670 18.371100 
1837 1 23.626400 11.398500 13.722700 
147 2 21.143600 8.759230 19.926500 
1943 2 23.417800 11.136000 18.884000 
523 2 15.346600 12.196900 20.386500 
1947 2 19.439900 2.585050 13.834000 
390 1 19.064100 1.015050 19.429900 
684 2 16.912700 4.706190 21.959500 
567 2 23.321700 11.212300 14.521700 
1350 1 25.576100 9.826540 21.209600 
448 2 14.342700 2.978040 16.715700 
1965 1 17.885500 3.722900 21.858400 
325 1 25.940600 3.533220 19.008300 
1975 2 17.226200 7.554370 19.753200 
1626 1 23.208300 8.511850 24.590300 
1667 2 25.918000 12.765100 18.803300 
464 2 15.462100 4.809420 24.945800 
126 1 20.000600 9.802070 16.398800 
1668 2 25.918000 12.765100 18.803300 
127 2 20.397300 9.565450 16.868700 
1427 2 15.176100 12.077300 24.258300 
1580 2 24.932600 3.258430 16.025200 
1020 2 23.988000 6.943700 20.972200 
447 2 14.342700 2.978040 16.715700 
1712 2 25.805200 0.339675 15.592400 
1232 2 22.659600 2.363140 23.239100 
1008 2 17.221400 4.622940 18.463100 
765 1 21.478700 7.377150 13.814500 
522 1 15.476400 11.440000 20.494800 
1213 1 15.135100 5.644060 16.704900 
1788 2 23.871900 10.377700 26.065400 
81 1 25.316100 6.942830 13.456400 
79 2 26.437400 10.647600 24.227000 
1945 1 16.133500 4.047040 13.334600 
458 1 16.683000 1.026690 14.421500 
1774 1 13.720800 2.562050 25.643500 
125 1 21.354800 3.858890 17.987800 
760 2 18.093000 10.694100 23.626400 
148 2 21.143600 8.759230 19.926500 
1707 2 14.223200 12.446200 17.129700 
1000 2 16.705200 0.428841 17.643900 
1037 1 26.233600 7.363630 25.741000 
1007 2 17.221400 4.622940 18.463100 
391 2 19.429900 1.202130 18.562800 
128 2 20.397300 9.565450 16.868700 
1972 2 26.256100 13.233300 15.490200 
538 1 18.426600 11.033300 22.980900 
1050 1 18.343900 9.672950 25.718500 
974 1 19.881800 2.910410 22.605300 
705 1 23.286100 6.434930 17.033600 
426 1 16.078900 1.097210 24.053700 
1764 2 16.951600 8.436490 14.726500 
146 1 21.473200 8.370790 20.820900 
530 1 24.964700 4.716760 24.405200 
859 2 19.692500 6.469370 17.616900 
1216 2 15.155400 5.738430 15.975900 
269 1 16.389500 11.700900 13.934100 
264 2 14.759200 8.481580 21.509200 
90 1 13.293900 13.011700 13.717400 
1444 2 13.752900 8.300600 14.214400 
1347 2 14.362100 1.879500 19.567000 
83 2 24.272900 6.949620 13.637500 
272 2 16.650100 11.861600 13.738500 
824 2 20.911900 1.248520 26.460600 
1625 1 22.347100 7.907210 23.487600 
299 2 20.959200 7.603960 13.907800 
1914 1 24.049700 0.458262 19.682500 
1006 1 18.174600 3.332420 17.878400 
524 2 15.346600 12.196900 20.386500 
529 1 24.491200 4.841310 23.281200 
123 2 19.975800 7.064590 22.380000 
270 1 17.141300 12.679800 13.925200 
1577 1 23.860000 3.541220 16.466000 
1627 2 22.707600 8.249210 23.779600 
300 2 20.959200 7.603960 13.907800 
707 2 23.225600 6.968440 17.040200 
1348 2 14.362100 1.879500 19.567000 
376 2 21.115100 11.064400 22.841200 
976 2 19.673900 3.344370 22.238400 
1973 1 17.240100 7.635610 19.436200 
162 1 22.912200 2.063480 22.827400 
1075 2 18.129900 11.736800 16.604400 
262 1 15.427700 9.011690 21.418800 
708 2 23.225600 6.968440 17.040200 
1742 1 16.801700 7.413530 23.876200 
1787 2 23.871900 10.377700 26.065400 
80 2 26.437400 10.647600 24.227000 
428 2 16.325700 1.443050 24.379800 
830 1 14.399100 6.888990 24.659800 
375 2 21.115100 11.064400 22.841200 
1309 1 16.494800 10.122100 18.185600 
858 1 20.151600 6.184400 17.777600 
676 2 18.117800 9.698560 26.403900 
1961 1 23.797800 12.368000 24.104200 
725 1 14.490800 2.364010 19.662500 
758 1 18.089200 9.943940 23.965500 
1709 1 25.975300 0.237299 15.644900 
1964 2 23.783500 12.819000 23.245800 
1170 1 18.719600 3.071920 13.889800 
261 1 14.503200 7.518980 21.873200 
483 2 25.570900 3.293980 19.484800 
975 2 19.673900 3.344370 22.238400 
109 1 20.798100 12.917900 20.529800 
1578 1 25.266800 3.034940 15.777500 
1763 2 16.951600 8.436490 14.726500 
82 1 23.934000 7.245800 13.682500 
652 2 25.565500 9.401580 21.310000 
1391 2 14.042800 2.713900 22.421800 
1018 1 24.030500 7.513120 21.064600 
463 2 15.462100 4.809410 24.945800 
124 2 19.975800 7.064590 22.380000 
565 1 23.204700 10.869600 15.176100 
860 2 19.692500 6.469370 17.616900 
350 1 23.856900 10.575400 19.429400 
1598 1 23.687100 6.643920 26.167000 
1744 2 17.236200 7.358480 24.180200 
1389 1 13.974200 2.479720 22.140800 
1963 2 23.783500 12.819000 23.245800 
531 2 24.562500 4.706630 23.635200 
1761 1 16.760800 8.765150 15.159200 
887 2 16.337000 9.704580 17.776600 
521 1 15.062100 12.398300 20.184600 
1345 1 14.411900 1.237960 19.301900 
484 2 25.570900 3.293980 19.484800 
888 2 16.337000 9.704580 17.776600 
271 2 16.650100 11.861600 13.738500 
263 2 14.759200 8.481580 21.509200 
112 2 20.586300 12.825900 20.332200 
445 1 22.124100 4.597670 14.212100 
1019 2 23.988000 6.943700 20.972200 
1579 2 24.932600 3.258430 16.025200 
869 1 22.313200 1.506150 19.274200 
759 2 18.093000 10.694100 23.626400 
532 2 24.562500 4.706630 23.635200 
1076 2 18.129900 11.736800 16.604400 
692 2 18.462600 11.094900 20.380400 
1982 1 21.224500 4.928030 25.428000 
462 1 15.340200 4.481300 24.465000 
277 1 19.168900 11.825700 16.764100 
1838 1 21.773600 5.272240 19.217500 
1270 1 13.385300 5.936060 22.829600 
1658 1 16.701300 1.943780 24.946100 
1767 2 16.242400 4.304780 13.496100 
1840 2 21.469600 5.025400 19.591900 
689 1 18.815300 10.363100 20.245000 
93 1 25.346700 10.536200 16.697100 
1768 2 16.242400 4.304780 13.496100 
1352 2 25.997300 10.176400 16.305800 
373 1 21.305400 11.367700 22.064300 
852 2 22.040900 4.222580 14.479600 
293 1 13.817800 3.555210 22.761700 
1628 2 22.707600 8.249210 23.779600 
1944 2 23.417800 11.136000 18.884000 
651 2 25.565500 9.401580 21.310000 
1942 1 23.454400 11.710500 18.771700 
1743 2 17.236200 7.358480 24.180200 
650 1 25.630100 8.671870 21.367400 
1392 2 14.042800 2.713900 22.421800 
427 2 16.325700 1.443050 24.379800 
1229 1 22.719400 2.565040 23.953700 
1922 1 18.008700 7.501440 25.357900 
846 1 18.225300 4.725480 15.019600 
1428 2 15.176100 12.077300 24.258300 
1981 1 20.153000 4.483090 25.033900 
823 2 20.911900 1.248520 26.460600 
1983 2 20.764900 4.705150 25.136500 
105 1 24.068600 13.242100 22.774900 
1215 2 15.155400 5.738430 15.975900 
1005 1 17.972000 5.256960 19.234700 
829 1 14.073000 7.937060 25.139900 
1711 2 25.805200 0.339676 15.592400 
998 1 16.104500 0.189925 17.441600 
675 2 18.117800 9.698560 26.403900 
1615 2 26.369400 8.283690 18.657700 
1426 1 15.916700 12.030300 23.759500 
1616 2 26.369400 8.283690 18.657700 
1971 2 26.256100 13.233300 15.490200 
1261 1 20.433600 13.256400 13.719200 
1734 1 25.002200 2.253150 22.277200 
851 2 22.040900 4.222580 14.479600 
1074 1 17.758200 11.726700 16.628300 
1969 1 26.107300 12.776300 15.051000 
1425 1 14.573600 12.312200 24.613800 
831 2 14.122300 7.364950 24.826700 
513 1 13.771000 8.372640 13.616100 
832 2 14.122300 7.364950 24.826700 
997 1 17.059200 0.704036 17.723700 
850 1 20.138700 3.126530 14.763400 
78 1 25.779400 10.623700 24.338200 
1443 2 13.752900 8.300600 14.214400 
1666 1 25.363200 12.933300 18.929200 
1885 1 21.948100 0.890496 15.690800 
999 2 16.705200 0.428840 17.643900 
722 1 26.364100 13.048000 26.343300 
1888 2 21.997800 0.663150 16.091000 
459 2 16.879600 0.992143 14.077400 
460 2 16.879600 0.992144 14.077400 
1369 1 23.797000 2.584760 25.938200 
1858 1 19.871800 12.769900 24.300800 
1441 1 13.698700 8.082940 14.956000 
978 1 13.438100 8.052200 17.849200 
481 1 25.721600 2.450600 20.628800 
1710 1 24.621300 1.399870 15.750900 
1665 1 26.280500 12.488800 18.171800 
1402 1 17.500200 1.276750 13.275500 
1775 2 14.118400 2.844900 26.286000 
1776 2 14.118400 2.844900 26.286000 
76 2 26.454900 16.136900 3.558860 
1750 1 21.585700 16.713400 7.438470 
1546 1 23.331300 17.566300 8.868930 
1883 2 22.651000 17.566800 4.479820 
407 2 19.335300 20.609000 0.958984 
1729 1 21.449500 24.623000 12.800600 
1543 2 13.655700 25.654700 1.192430 
1190 1 20.495600 17.199000 0.280007 
972 2 24.705900 24.235300 3.310310 
1160 2 18.650500 16.055600 9.291150 
1058 1 19.543600 19.218300 7.782880 
432 2 20.132900 14.008200 10.776000 
75 2 26.454900 16.136900 3.558860 
1995 2 18.308200 24.463300 12.542200 
1757 1 15.082800 25.475200 7.393830 
805 1 13.631800 22.685500 4.948830 
1308 2 20.189400 18.402800 10.922300 
533 1 23.634800 15.936000 12.024100 
1488 2 17.264700 17.719500 5.359050 
188 2 24.557200 26.314800 0.242630 
1691 2 23.276500 20.115300 7.460690 
431 2 20.132900 14.008200 10.776000 
1073 1 15.275900 17.189800 9.490460 
1772 2 24.443400 24.775100 12.883300 
1212 2 18.906500 22.339600 7.012530 
1211 2 18.906500 22.339600 7.012530 
1485 1 19.719700 15.874500 6.676350 
187 2 24.557200 26.314800 0.242630 
1194 1 19.716600 21.828800 10.545600 
1692 2 23.276500 20.115300 7.460690 
1698 1 15.510400 21.228200 1.552960 
1770 1 24.444100 25.117000 12.620800 
1808 2 25.960100 26.032200 4.960920 
948 2 26.459900 21.569400 9.209610 
50 1 17.611700 25.309100 5.476530 
1807 2 25.960100 26.032200 4.960920 
1542 1 13.626800 25.739400 1.213730 
569 1 22.360500 23.172400 7.258170 
1544 2 13.655700 25.654700 1.192430 
186 1 23.882400 25.977100 0.087560 
1881 1 23.510400 17.702600 4.833130 
1087 2 15.569300 21.466700 11.653900 
1884 2 22.651000 17.566800 4.479820 
1903 2 25.025100 13.402800 12.394300 
519 2 24.773100 24.900500 7.917080 
895 2 14.853700 25.042800 4.179870 
774 1 26.155500 16.103100 10.979800 
1191 2 20.794900 17.297900 0.044430 
1130 1 20.011400 16.607100 5.284420 
220 2 23.352100 13.818800 4.329380 
116 2 22.693400 22.223400 10.538500 
971 2 24.705900 24.235300 3.310310 
1487 2 17.264700 17.719500 5.359040 
748 2 14.173300 17.696200 2.003320 
1051 2 20.823700 13.633800 3.487530 
430 1 17.417300 17.903700 5.792150 
1924 2 24.481900 18.216500 1.714040 
1689 1 23.146100 20.626200 7.744330 
1541 1 14.465700 24.827200 3.047740 
970 1 24.026200 23.947700 3.219500 
1209 1 19.093500 22.566100 7.704530 
1102 1 13.864300 24.055800 8.825230 
903 2 16.677700 15.717100 7.474930 
855 2 19.802300 13.327000 6.644960 
1307 2 20.189400 18.402800 10.922300 
739 2 25.266000 15.678300 7.244340 
673 1 19.256400 18.092600 11.878800 
1158 1 18.757100 15.465000 9.295810 
745 1 14.507300 17.755500 2.525500 
1044 2 15.027800 16.985300 9.689890 
1622 1 19.118000 17.024800 2.988560 
821 1 19.282500 23.616900 1.902060 
1132 2 20.008300 16.375600 5.764530 
738 1 24.869000 19.807700 11.553600 
1955 2 21.687700 23.042700 3.329260 
609 1 16.043100 15.062400 13.078600 
1246 1 17.294900 19.706100 8.835660 
587 2 24.014800 20.592600 3.582410 
1283 2 23.942300 18.154800 8.940180 
405 1 19.124200 21.425400 0.946549 
1751 2 21.932700 16.258800 8.299200 
1021 1 14.826400 21.797100 8.817360 
1760 2 14.662500 24.687200 7.246830 
1917 1 14.076000 19.486400 7.080300 
621 1 21.635700 13.634400 3.248090 
1059 2 17.028300 19.593600 9.615920 
418 1 15.201200 18.181000 5.261150 
585 1 23.786700 20.019500 3.988030 
1195 2 19.284500 21.704200 10.866600 
536 2 23.304800 15.623900 11.485700 
1801 1 20.406400 19.693200 4.009970 
1085 1 15.358300 21.838600 11.519600 
1921 1 24.388400 17.950400 1.581740 
1131 2 20.008300 16.375600 5.764530 
49 1 18.134100 24.302300 4.689890 
252 2 25.216100 19.998000 11.485600 
1759 2 14.662500 24.687200 7.246830 
115 2 22.693400 22.223400 10.538500 
747 2 14.173300 17.696200 2.003320 
1994 1 18.906200 24.660500 12.402700 
902 1 16.134000 15.436800 7.373560 
1697 1 16.549200 21.248000 2.293810 
217 1 24.231900 13.924100 4.605130 
1157 1 18.019700 16.688400 9.265820 
904 2 16.677700 15.717100 7.474930 
1803 2 20.098900 19.701500 4.173510 
408 2 19.335300 20.609000 0.958985 
68 2 16.003400 15.315300 3.883820 
406 1 19.238600 20.075800 1.247230 
1539 2 19.997600 24.864200 8.299720 
1318 1 20.773400 18.994900 8.408640 
1624 2 18.675300 16.563200 2.571120 
1320 2 20.261700 19.078400 7.874050 
773 1 24.174000 18.228100 9.476340 
37 1 23.301100 22.349300 6.351440 
1284 2 23.942300 18.154800 8.940180 
1674 1 22.341600 25.900100 5.097600 
947 2 26.459900 21.569400 9.209610 
946 1 26.303700 21.367600 8.169710 
1690 1 23.278700 19.447600 7.070750 
219 2 23.352100 13.818800 4.329380 
737 1 24.925700 15.675900 6.829010 
520 2 24.773100 24.900500 7.917080 
1575 2 16.766100 20.628900 5.575300 
1758 1 14.786500 24.189900 7.192500 
1954 1 21.205500 23.011200 4.334350 
1902 1 25.094800 13.411400 12.214200 
572 2 22.753500 22.854200 6.544220 
114 1 21.930600 20.574300 11.616800 
1699 2 16.135100 21.299600 2.117540 
926 1 17.705800 13.569900 8.662660 
1576 2 16.766100 20.628900 5.575300 
1913 1 18.374000 16.251100 2.109370 
1401 1 15.307200 26.237300 11.240300 
1904 2 25.025100 13.402800 12.394300 
761 1 26.211500 18.777100 3.679020 
1043 2 15.027800 16.985300 9.689890 
1023 2 13.792900 21.940400 8.599980 
905 1 13.428900 15.909900 1.453230 
92 2 14.930100 13.349900 10.900600 
1159 2 18.650500 16.055600 9.291160 
518 1 24.498200 24.776900 8.485780 
250 1 26.283000 21.761200 9.539810 
1849 1 20.287900 14.289200 11.026000 
457 1 15.016700 24.017200 10.620400 
706 1 22.165300 13.331000 8.084590 
1088 2 15.569300 21.466700 11.653900 
113 1 22.583500 22.234800 10.338100 
1305 1 20.636400 18.308300 10.752400 
1540 2 19.997600 24.864200 8.299720 
1996 2 18.308200 24.463300 12.542200 
1574 1 16.209800 21.655600 6.061270 
1901 1 26.113900 14.897600 11.707900 
901 1 16.913400 16.100300 7.349460 
200 2 18.604600 23.910800 1.760070 
1042 1 14.810100 16.502500 10.179900 
221 1 21.948200 14.394700 1.339140 
1730 1 21.283300 25.972100 12.580600 
1573 1 16.888800 20.136300 5.042920 
51 2 18.156300 24.886600 5.089070 
198 1 13.729700 25.767900 5.401360 
429 1 25.094700 25.172100 7.352560 
1230 1 24.020800 20.919300 2.846620 
40 2 26.385100 22.217600 5.961860 
740 2 25.266000 15.678300 7.244340 
1700 2 16.135100 21.299600 2.117540 
1749 1 21.345200 16.177300 9.221580 
52 2 18.156300 24.886600 5.089070 
222 1 22.350000 13.418700 0.222198 
1731 2 21.315500 25.273300 12.724800 
762 1 26.480600 22.352200 0.105952 
223 2 22.272200 13.617500 0.677487 
1060 2 17.028300 19.593600 9.615920 
1086 1 15.753300 20.525200 12.037200 
696 2 17.613600 18.610000 12.432200 
259 2 21.499000 20.795200 12.334600 
1179 2 22.924900 26.314400 10.302900 
1623 2 18.675300 16.563200 2.571120 
1052 2 20.823700 13.633800 3.487530 
67 2 16.003400 15.315300 3.883820 
1993 1 17.671500 24.233600 12.724200 
1196 2 19.284500 21.704200 10.866600 
224 2 22.272200 13.617500 0.677487 
65 1 15.739200 15.358500 4.210310 
588 2 24.014800 20.592600 3.582410 
1752 2 21.932700 16.258800 8.299200 
1714 1 25.174600 24.396700 3.759270 
907 2 13.524300 14.261300 2.261860 
1804 2 20.098900 19.701500 4.173510 
199 2 18.604600 23.910800 1.760070 
1403 2 14.866300 24.365800 10.221900 
249 1 26.446200 19.789600 11.190700 
1192 2 20.794900 17.297900 0.044429 
1956 2 21.687700 23.042700 3.329260 
1317 1 17.656600 17.015500 4.686920 
74 1 26.429600 16.689600 2.954160 
39 2 26.385100 22.217600 5.961870 
1281 1 24.385900 18.716400 8.338370 
357 1 22.772800 26.381800 2.143120 
251 2 25.216100 19.998000 11.485600 
914 1 14.454800 13.281300 8.476390 
1049 1 20.200600 13.902900 2.964840 
874 1 24.307600 18.964100 0.663322 
695 2 17.613600 18.610000 12.432200 
1923 2 24.481900 18.216500 1.714040 
1537 1 19.838700 25.026500 7.079910 
571 2 22.753500 22.854200 6.544220 
742 1 14.003900 17.697400 4.717890 
1701 1 17.613700 25.916400 8.136100 
908 2 13.524300 14.261300 2.261860 
1802 1 19.300000 20.785600 5.034030 
535 2 23.304800 15.623900 11.485700 
1771 2 24.443400 24.775100 12.883300 
1538 1 18.602000 22.065600 6.962190 
1024 2 13.792900 21.940400 8.599980 
257 1 21.513300 21.794200 12.798400 
1182 1 25.742600 26.071900 4.952250 
744 2 14.412100 17.910400 4.861230 
854 1 20.041300 13.921300 6.659170 
969 1 21.704800 23.496800 2.844820 
91 2 14.930100 13.349900 10.900600 
856 2 19.802300 13.327000 6.644960 
1210 1 20.570600 24.564300 9.093260 
767 2 13.557400 19.765600 6.535360 
1193 1 18.787400 21.445700 11.623500 
425 1 18.034100 24.468100 1.661700 
743 2 14.412100 17.910400 4.861230 
1319 2 20.261700 19.078400 7.874050 
893 1 15.292500 25.010200 4.433290 
746 1 14.265500 18.150800 1.060180 
896 2 14.853700 25.042800 4.179870 
142 1 23.288600 15.231000 11.186700 
1732 2 21.315500 25.273300 12.724800 
470 1 25.857800 15.540600 7.965950 
66 1 16.120500 15.123800 2.966500 
1780 2 14.233600 17.443700 13.132500 
1180 2 22.924900 26.314400 10.302900 
1778 1 13.614900 17.597800 12.103100 
1882 1 22.242300 17.740900 4.140200 
218 1 22.788800 13.920500 4.204720 
260 2 21.499000 20.795200 12.334600 
694 1 17.388200 18.942900 12.655100 
768 2 13.557400 19.765600 6.535360 
1404 2 14.866300 24.365800 10.221900 
878 1 25.715800 22.152700 5.260980 
1779 2 14.233600 17.443700 13.132500 
775 2 26.406300 15.514000 11.012700 
776 2 26.406300 15.514000 11.012700 
1041 1 19.995800 13.526200 10.210300 
906 1 13.451500 13.823000 2.602130 
693 1 16.905700 19.596400 10.146800 
1769 1 24.750500 24.104900 13.164800 
258 1 20.609500 20.678700 12.797400 
610 1 15.183500 13.837900 10.950300 
1178 1 23.030000 25.583100 10.195700 
1617 1 16.874900 15.607800 0.101689 
580 2 20.999100 22.457100 22.940900 
348 2 13.653400 20.363200 22.125300 
346 1 13.450900 20.591500 22.634400 
1619 2 16.782200 15.111800 26.361700 
354 1 26.276600 16.574200 20.396100 
1310 1 14.920500 14.733700 14.947300 
1912 2 25.284400 23.714700 20.471800 
1364 2 16.113000 19.921200 15.440900 
1821 1 21.614800 17.887100 20.328300 
886 1 13.318300 15.026900 16.457700 
942 1 15.576700 17.625900 16.107400 
577 1 22.709700 23.286300 22.504700 
1430 1 21.506700 22.914800 16.422200 
1596 2 26.237700 25.601800 23.611400 
954 1 17.363200 24.703100 25.650100 
1343 2 21.656600 18.557800 13.795900 
562 1 20.733300 20.054200 23.479500 
214 1 14.444000 15.880600 18.818000 
1644 2 26.318700 22.189200 26.397800 
924 2 16.139500 18.244700 21.040300 
1061 1 15.605600 19.702400 19.168200 
553 1 18.864100 20.136100 17.808000 
1046 1 19.451500 14.047200 24.367000 
1344 2 21.656600 18.557800 13.795900 
1312 2 14.401300 14.784800 15.049400 
1459 2 24.385000 22.072800 14.165600 
1620 2 16.782200 15.111800 26.361700 
1552 2 18.710200 23.024200 20.619700 
121 1 17.564500 17.546400 23.558500 
1062 1 15.636600 21.438700 19.025800 
1174 1 13.332500 15.941100 25.907400 
1380 2 23.776600 23.127400 24.182100 
799 2 22.790900 20.256300 25.968800 
1460 2 24.385000 22.072800 14.165600 
1063 2 15.682100 20.589300 19.314400 
1466 1 22.860800 24.132900 25.683900 
1594 1 25.665300 25.399400 23.313700 
1510 1 14.390900 15.204700 23.416100 
798 1 22.245200 19.827100 26.314800 
797 1 22.832600 20.586300 25.026800 
1640 2 17.348000 26.122900 21.217800 
611 2 17.284200 15.152900 13.428400 
1595 2 26.237700 25.601800 23.611400 
1010 1 13.858800 23.469200 22.861800 
1659 2 15.921300 23.114800 14.560700 
225 1 26.000900 19.853000 20.501400 
1643 2 26.318700 22.189200 26.397800 
94 1 23.783200 14.227500 20.930900 
1550 1 20.189100 24.218300 18.440200 
1618 1 16.519000 14.302100 26.293100 
1565 1 17.026300 23.052000 17.673700 
1378 1 23.700000 22.990400 24.175300 
434 1 14.104800 25.813700 16.198100 
564 2 20.922600 19.231300 23.506100 
372 2 25.798200 20.073800 23.537100 
1990 1 15.990100 19.311300 26.385200 
944 2 15.654400 17.421200 16.803000 
1823 2 22.135400 18.007300 20.172700 
297 1 13.965100 15.430000 14.236200 
352 2 19.726700 14.823300 18.776500 
1341 1 21.094500 18.264600 13.323100 
1601 1 19.509500 25.558800 15.134200 
1915 2 24.265900 26.351000 19.076900 
554 1 19.442700 21.491900 18.210900 
227 2 25.483100 19.420800 20.386000 
1765 1 26.007500 20.628000 24.059300 
1685 1 20.477200 25.645000 24.142800 
1468 2 21.813000 24.263400 26.342400 
1390 1 19.861400 20.867500 21.420100 
1637 1 17.443400 26.137600 22.374700 
1429 1 22.386000 22.825200 15.759700 
205 1 15.692400 20.430600 15.058900 
1011 2 14.196700 23.897500 23.354600 
1509 1 15.488600 15.505000 22.283700 
897 1 23.154800 17.409000 23.370900 
345 1 14.513900 20.150000 21.248100 
1313 1 19.042900 15.553600 22.240100 
1314 1 20.247300 14.779900 22.025100 
1431 2 22.044500 22.787900 16.002700 
1916 2 24.265900 26.351000 19.076900 
749 1 19.830500 16.512700 16.178500 
1992 2 16.491700 19.020100 26.290800 
371 2 25.798200 20.073800 23.537100 
180 2 22.772800 21.980300 20.208100 
1824 2 22.135400 18.007300 20.172700 
216 2 14.298300 16.018100 18.989400 
226 1 25.224800 18.764100 20.440000 
941 1 16.042400 17.053300 17.559300 
1117 1 18.288800 17.934300 19.324900 
332 2 13.720300 22.170200 17.888000 
1009 1 14.873300 24.009300 24.224900 
1499 2 19.108800 23.060200 24.897800 
1064 2 15.682100 20.589300 19.314400 
1384 2 20.816600 23.939800 18.413100 
556 2 19.049400 20.693800 18.216300 
1025 1 14.504400 24.976500 18.870400 
1353 1 24.339100 17.028100 14.024000 
1525 1 21.688300 13.385100 16.419000 
1356 2 24.566100 16.575200 14.488700 
1383 2 20.816600 23.939800 18.413100 
579 2 20.999100 22.457100 22.940900 
215 2 14.298300 16.018100 18.989400 
1604 2 19.145400 25.474800 15.363100 
612 2 17.284200 15.152900 13.428400 
399 2 14.538200 25.181100 19.615200 
561 1 20.598800 18.571400 23.626500 
956 2 20.014900 20.345900 20.776900 
206 1 21.768900 14.914400 16.374600 
578 1 20.818500 22.699600 23.054800 
1012 2 14.196700 23.897500 23.354600 
953 1 19.787300 20.033700 20.290300 
1315 2 19.761600 15.073600 21.964600 
1911 2 25.284400 23.714700 20.471800 
1687 2 20.148700 25.865500 24.109600 
1688 2 20.148700 25.865500 24.109600 
1311 2 14.401300 14.784800 15.049400 
1264 2 19.853400 13.298500 14.218200 
1176 2 13.678500 16.076800 26.002400 
1458 1 24.427200 22.392000 14.739800 
1339 2 24.749800 16.389000 25.729200 
1555 2 22.999500 18.811600 16.706500 
1263 2 19.853400 13.298500 14.218200 
178 1 22.046400 21.669600 19.995800 
1382 1 19.183800 22.841700 20.923000 
1946 1 14.015900 22.300300 17.632600 
1394 1 17.407800 20.743300 23.883200 
369 1 23.179700 15.474800 20.815000 
555 2 19.049400 20.693800 18.216300 
1082 1 26.075300 15.841800 16.906300 
1316 2 19.761600 15.073600 21.964600 
892 2 16.887200 14.534100 19.505600 
563 2 20.922600 19.231300 23.506100 
1639 2 17.348000 26.122900 21.217800 
96 2 23.475300 14.597200 20.987500 
1568 2 16.963500 22.917500 18.161500 
890 1 16.938700 14.607500 20.280200 
891 2 16.887200 14.534100 19.505600 
1362 1 16.546800 19.650900 15.938900 
1686 1 19.243800 26.129700 24.059400 
1354 1 24.899800 16.040100 14.995000 
294 1 15.980300 24.758100 25.503000 
1355 2 24.566100 16.575200 14.488700 
1989 1 17.273700 18.674800 26.251300 
899 2 22.929400 16.791900 23.458000 
69 1 13.753500 22.248600 26.332900 
898 1 22.575600 16.509200 23.383900 
900 2 22.929400 16.791900 23.458000 
1288 2 17.855000 16.726700 23.535000 
398 1 14.407300 25.275500 20.252100 
1556 2 22.999500 18.811600 16.706500 
95 2 23.475300 14.597200 20.987500 
1342 1 22.297000 18.728000 13.856400 
1500 2 19.108800 23.060200 24.897800 
1337 1 26.042100 19.392500 23.338900 
296 2 16.617100 24.690400 25.566000 
1991 2 16.491700 19.020100 26.290800 
1119 2 18.735400 17.688200 19.797300 
1173 1 14.291000 16.857500 26.074800 
370 1 24.227800 16.262700 24.911100 
1638 1 16.259200 22.469200 14.032000 
207 2 22.113800 14.318900 16.459800 
1048 2 19.641700 13.485100 24.480900 
955 2 20.014900 20.345900 20.776900 
342 1 18.026500 16.147000 24.193600 
1118 1 18.947100 17.634100 20.207000 
751 2 19.000600 16.927400 16.190300 
1396 2 17.481200 20.573300 23.472500 
1977 1 18.771200 21.258900 15.463100 
245 1 26.203500 19.814700 16.698700 
1566 1 16.731100 22.843500 18.821900 
1381 1 16.626300 25.736300 19.815300 
922 1 16.017800 17.813900 20.944000 
1498 1 18.471500 22.884500 24.916200 
1979 2 19.087800 21.862900 15.027100 
1980 2 19.087800 21.862900 15.027100 
1457 1 24.164300 21.577700 13.446100 
1910 1 25.806700 22.810400 20.347800 
436 2 14.065700 26.226500 16.297500 
1621 1 16.614300 14.271200 19.058100 
921 1 16.608200 18.886200 21.275800 
943 2 15.654400 17.421200 16.803000 
1602 1 17.666000 25.759400 15.665100 
1340 2 24.749800 16.389000 25.729200 
1822 1 22.674600 18.711100 20.051800 
177 1 23.181300 22.079500 20.505000 
1909 1 24.945400 24.435400 20.454200 
658 1 26.037300 22.357400 17.238600 
347 2 13.653400 20.363200 22.125300 
1432 2 22.044500 22.787900 16.002700 
295 2 16.617100 24.690400 25.566000 
1553 1 22.551900 18.037000 17.710500 
1970 1 26.148700 13.945600 15.952200 
228 2 25.483100 19.420800 20.386000 
1660 2 15.921300 23.114800 14.560700 
1551 2 18.710200 23.024200 20.619700 
331 2 13.720300 22.170200 17.888000 
1175 2 13.678500 16.076800 26.002400 
1490 1 21.356900 23.682500 18.899700 
1567 2 16.963500 22.917500 18.161500 
355 2 26.139500 16.297600 20.176600 
351 2 19.726700 14.823300 18.776500 
842 1 17.706300 15.030300 13.417400 
349 1 20.366200 14.892700 18.719000 
208 2 22.113800 14.318900 16.459800 
1379 2 23.776600 23.127400 24.182100 
923 2 16.139500 18.244700 21.040300 
213 1 13.336200 15.947600 20.228400 
1978 1 19.319900 22.598400 14.867800 
1554 1 22.965300 18.591100 16.245600 
1549 1 18.114300 22.940700 20.518000 
818 1 24.417400 25.612000 18.529200 
1657 1 15.433700 23.572900 14.636000 
1497 1 19.955500 23.094600 25.032200 
1642 1 25.707400 22.646000 25.679100 
1706 1 19.255400 14.624800 19.147500 
1120 2 18.735400 17.688200 19.797300 
179 2 22.772800 21.980300 20.208100 
1363 2 16.113000 19.921200 15.440900 
400 2 14.538200 25.181100 19.615200 
752 2 19.000600 16.927400 16.190300 
750 1 18.336100 17.156400 15.767700 
1512 2 15.056800 15.289000 22.849400 
1047 2 19.641700 13.485100 24.480900 
1511 2 15.056800 15.289000 22.849400 
1603 2 19.145400 25.474800 15.363100 
1287 2 17.855000 16.726700 23.535000 
1393 1 17.794100 20.418700 22.873300 
1395 2 17.481200 20.573300 23.472500 
1467 2 21.813000 24.263400 26.342400 
800 2 22.790900 20.256300 25.968800 
72 2 13.488200 22.475200 26.333400 
1262 1 19.371400 13.557200 14.411200 
356 2 26.139500 16.297600 20.176600 
71 2 13.488200 22.475200 26.333400 
248 2 26.375800 19.813400 17.133700 
353 1 26.047400 15.650800 19.730600 
247 2 26.375800 19.813400 17.133700 
1886 1 22.351800 26.444200 16.902900 
435 2 14.065700 26.226500 16.297500 
1338 1 25.052500 16.789300 26.386300 
1189 1 22.088400 17.168000 26.206900 
1465 1 21.290500 24.703300 26.497800 
1777 1 14.618200 17.451500 13.586400 
