id type x y z 
1135 2 9.439710 12.238900 4.131610 
1427 2 1.673980 3.845270 9.061340 
1831 2 2.579260 6.881130 3.446010 
1887 2 3.033190 10.715100 4.696200 
1315 2 13.023600 12.851500 12.754300 
1697 1 12.578200 11.985000 9.758080 
860 2 13.264800 3.904360 10.983300 
444 2 9.973680 8.313400 2.536710 
572 2 10.921300 1.166500 8.566560 
904 2 12.209900 10.624900 3.608410 
470 1 6.529500 13.235600 9.397690 
94 1 0.949032 7.176060 9.975290 
462 1 4.538570 13.108800 3.743120 
1885 1 3.027330 11.252700 4.403950 
282 1 0.847221 12.871600 2.101510 
93 1 0.179875 6.635070 10.871000 
1804 2 3.492330 3.576940 0.257947 
1830 1 2.879670 6.407340 3.298180 
266 1 5.810090 8.571820 1.519250 
615 2 9.887470 2.108030 12.329600 
570 1 11.431900 1.689940 8.480150 
591 2 12.929100 7.239150 3.750140 
1086 1 12.851400 12.520800 6.546580 
382 1 9.815970 1.414600 4.105510 
206 1 1.403350 6.351560 6.291000 
208 2 1.070890 5.998850 6.544490 
265 1 5.348590 7.424820 2.224660 
374 1 6.691210 0.530342 10.075300 
276 2 1.277110 10.524700 11.837300 
795 2 10.061800 2.147030 12.257600 
518 1 5.707120 4.079060 11.903600 
1133 1 9.721440 11.562300 4.106860 
229 1 5.267970 4.292560 5.174680 
230 1 3.941020 4.454340 5.272080 
231 2 4.390200 4.406880 5.328370 
232 2 4.444650 4.345330 5.219470 
501 1 3.465670 10.091100 1.409470 
661 1 9.151780 7.796680 5.898620 
1270 1 12.051100 6.393940 12.215100 
244 2 6.568540 10.093500 4.526860 
883 2 10.649600 11.911100 0.378338 
782 1 12.207300 4.168910 1.833790 
859 2 13.178700 3.976830 11.002900 
389 1 7.829880 2.925750 8.127870 
243 2 6.603100 10.142200 4.562160 
403 2 7.665700 5.171470 3.273210 
1042 1 13.051500 9.467180 5.931060 
718 1 10.731500 10.748400 12.041100 
919 2 9.684130 12.758000 11.025500 
612 2 11.356600 4.869940 7.605520 
204 2 10.785300 1.787880 4.844510 
381 1 10.995100 2.543150 4.000900 
269 1 4.209690 7.811920 6.886490 
270 1 5.021010 7.953350 5.881010 
271 2 4.414590 7.835630 6.570480 
272 2 4.759690 7.913350 6.421100 
442 1 9.532430 8.916810 2.488840 
17 1 1.616850 1.818760 12.272100 
581 1 7.724270 5.838790 2.172820 
584 2 7.869280 5.400400 3.172920 
475 2 4.101410 1.326260 7.854760 
609 1 11.028100 3.903930 7.201130 
783 2 11.246100 4.827030 1.246260 
1428 2 1.642050 3.810160 9.250780 
441 1 10.300600 7.877830 2.369610 
290 1 4.403750 11.645000 8.845180 
291 2 4.074310 11.234000 8.139080 
292 2 4.184840 11.396100 8.602690 
519 2 5.878250 3.930780 11.280000 
1803 2 3.266280 3.824470 0.082441 
188 2 1.570240 1.678790 5.317740 
6 1 2.352180 2.009150 4.751830 
571 2 10.888800 0.844009 8.452810 
699 2 7.354720 7.966190 12.916900 
242 1 6.841230 10.205200 5.161380 
1699 2 12.321600 11.523400 9.261700 
186 1 0.748758 1.950420 4.988540 
3 2 3.414940 3.894000 -0.055743 
445 1 8.396820 7.145990 0.199864 
1841 1 -0.048427 3.850420 2.652260 
796 2 10.161900 2.259020 12.174600 
1700 2 12.506700 11.449900 9.228790 
478 1 4.311370 12.152000 12.778400 
253 1 5.269950 9.240380 11.384900 
5 1 1.718560 1.632310 6.199040 
1044 2 13.067400 9.224490 6.505840 
789 1 11.652100 5.567720 7.057250 
471 2 6.410730 13.033300 10.049200 
390 1 7.422290 2.300860 6.605490 
1832 2 2.425000 7.137060 3.747390 
520 2 5.810770 3.485100 11.422400 
1425 1 1.347680 3.627850 9.685600 
268 2 5.346340 7.988260 1.879640 
542 1 9.158880 1.135280 1.416600 
616 2 9.928160 2.169880 12.232500 
1426 1 2.046600 3.921620 8.584540 
861 1 8.014030 10.213700 10.613800 
402 1 8.475510 5.693820 3.765680 
1271 2 11.947700 6.774090 12.437300 
264 2 7.527410 10.724800 1.256760 
472 2 6.357330 13.014100 10.297900 
476 2 3.784470 1.478720 7.921570 
210 1 7.709660 4.071570 6.863750 
1094 1 10.115500 8.433640 8.722490 
273 1 1.473290 10.636900 12.466800 
792 2 11.578300 4.897220 7.903160 
263 2 7.639610 10.944100 1.148370 
487 2 9.206840 10.832800 7.208360 
1088 2 12.659000 13.245700 6.314150 
494 1 6.134050 12.490700 6.721340 
495 2 6.528830 13.047500 6.393420 
496 2 6.546370 12.905500 6.507060 
241 1 6.340130 9.930230 3.810310 
309 1 1.184530 9.507190 8.160950 
392 2 7.198260 3.184540 7.226720 
207 2 1.179550 6.165590 6.573030 
19 2 2.409160 0.421818 12.595300 
1134 1 9.254880 12.908900 4.068250 
312 2 1.936560 9.388120 7.787170 
1998 1 3.684940 1.583870 8.490370 
212 2 7.249320 3.128930 7.328310 
1888 2 3.028120 10.787700 4.682890 
184 2 3.382890 3.932850 0.078954 
223 2 5.890870 1.475260 3.859640 
583 2 7.633650 5.099640 3.251130 
601 1 11.035900 3.954060 0.409922 
310 1 2.270340 9.197540 7.629420 
790 1 10.925000 5.409340 8.398370 
275 2 1.387240 10.447600 11.776800 
1698 1 12.265400 11.013600 8.789620 
862 1 7.131640 10.096300 9.607620 
52 2 4.474600 5.807750 9.649990 
517 1 5.980450 3.247970 10.872900 
503 2 3.720300 10.987600 1.020100 
222 1 6.485450 0.680333 3.129350 
474 1 2.231380 0.131456 10.480900 
383 2 10.653600 1.828560 4.620700 
544 2 8.687250 1.471460 1.002980 
903 2 12.276700 10.787800 3.665290 
504 2 3.669050 10.752200 1.183420 
311 2 1.763940 9.404510 7.905260 
1829 1 2.377270 7.504710 4.153050 
502 1 3.766240 11.463900 0.918482 
262 1 7.845430 10.880800 1.762440 
665 1 7.866060 6.725600 7.992370 
666 1 6.631910 7.397500 8.369140 
667 2 7.217540 7.174300 8.059620 
668 2 7.530680 6.874390 8.028730 
673 1 9.623550 5.747860 11.107000 
674 1 8.435230 5.536320 11.119400 
675 2 9.089690 5.707150 11.146300 
676 2 8.989040 5.797400 10.981800 
486 1 9.426230 11.135300 7.873690 
863 2 7.599000 10.143500 10.090200 
473 1 4.157960 1.232420 7.065130 
488 2 9.221590 10.868000 7.364400 
698 1 7.709610 8.221770 12.458000 
663 2 9.963560 7.845700 5.855640 
289 1 3.809600 11.068600 7.786310 
187 2 1.645350 1.480660 5.161840 
375 2 7.280860 0.203448 10.673800 
254 1 3.986700 9.243790 10.784400 
604 2 11.422600 4.908860 1.009590 
858 1 12.941100 3.627100 11.203000 
209 1 6.365350 3.399030 7.585770 
202 1 10.238200 2.553740 5.351010 
610 1 12.419300 4.332950 8.067210 
1313 1 12.767700 12.217200 12.810900 
662 1 10.391600 7.971680 5.846910 
1847 2 0.843843 0.663730 1.576130 
602 1 11.775400 5.562710 0.743094 
781 1 10.441500 4.818680 2.005770 
582 1 8.246440 4.188780 2.869600 
283 2 0.862242 13.060700 2.546460 
791 2 11.574900 4.803430 7.626100 
267 2 5.539880 8.037760 2.015400 
96 2 0.614216 6.935930 10.223000 
1095 2 10.336700 8.423160 9.506310 
881 1 11.378100 11.775800 1.088100 
51 2 4.651290 6.021510 9.563820 
1096 2 10.377700 8.506330 9.572500 
205 1 0.581414 5.626680 7.000740 
391 2 7.343440 2.923060 7.522350 
920 2 9.565320 12.916100 10.748900 
485 1 9.020040 10.572100 6.774760 
49 1 4.633360 5.337660 9.289880 
569 1 10.466000 0.463071 8.642650 
1272 2 11.761300 6.825380 12.420200 
201 1 11.182800 1.186590 5.264390 
784 2 11.364500 4.506340 1.322180 
845 1 11.736800 0.439997 0.470527 
224 2 5.941020 1.288520 3.487280 
664 2 9.579840 8.010550 5.750590 
95 2 0.626587 6.959520 10.355100 
58 1 2.820770 4.164900 12.781200 
203 2 10.351300 1.802340 4.622030 
256 2 4.491170 9.175940 11.025200 
237 1 10.122400 3.023770 11.745300 
404 2 7.910070 5.183030 2.946170 
1316 2 13.154300 13.047500 12.615900 
200 2 2.741610 0.492854 12.304400 
1845 1 4.628280 4.353470 0.621881 
603 2 11.315100 4.645020 1.420210 
720 2 10.944000 10.412700 12.720200 
50 1 4.411810 6.397930 10.053200 
221 1 5.577820 1.812730 3.774800 
211 2 7.481590 3.333390 7.338370 
274 1 1.216520 10.589900 11.158100 
1093 1 10.505800 8.291710 10.077100 
1801 1 4.101240 2.498570 1.250240 
719 2 10.655700 10.395600 12.621800 
864 2 7.450740 10.013300 10.173600 
1886 1 3.159600 10.182900 5.084680 
543 2 8.658320 1.459280 1.115340 
1848 2 0.718311 0.711831 1.697170 
700 2 7.316450 8.193060 13.111300 
185 1 1.738290 0.395244 5.020730 
373 1 7.696180 -0.024179 11.165900 
401 1 6.924670 5.177930 3.624360 
611 2 11.649900 4.749690 7.736930 
917 1 10.296700 13.049000 10.867000 
884 2 11.000200 11.869700 0.520782 
376 2 7.153150 0.175418 10.423400 
8 2 1.720360 1.689490 5.157120 
463 2 5.130120 13.158000 3.122780 
255 2 4.610800 9.313800 11.145200 
443 2 9.964900 8.481410 2.434970 
7 2 1.478650 1.557350 5.440520 
384 2 10.402400 2.150220 4.231610 
281 1 0.771853 13.147800 3.343920 
614 1 10.779700 1.732540 12.835400 
261 1 7.451290 11.071200 0.367530 
1858 1 2.407500 5.804900 12.416900 
918 1 9.120460 12.768100 10.760400 
1136 2 9.478260 12.424200 4.132640 
59 2 2.468150 5.021120 13.067100 
1087 2 12.894300 12.944200 6.152990 
541 1 8.199110 1.945770 0.665815 
284 2 0.838971 12.900900 2.540030 
1 1 1.233030 0.774547 1.844670 
1997 1 3.424950 1.217600 11.810700 
469 1 6.372710 12.750700 10.727100 
1609 1 2.669460 3.974660 1.126990 
613 1 9.729740 1.460340 11.303900 
464 2 4.800140 13.228300 3.251950 
793 1 9.351810 2.330080 12.733500 
901 1 11.834300 10.114500 3.553760 
1043 2 12.770500 9.190900 6.570830 
589 1 12.573000 7.250720 3.250940 
461 1 5.637620 13.163200 2.815380 
1041 1 12.731000 9.032770 7.186730 
63 2 -0.028670 10.475000 0.540170 
902 1 12.482000 11.256900 3.883760 
592 2 13.194300 7.361330 3.667400 
1269 1 11.794300 7.440210 12.849500 
314 1 1.888020 13.277300 9.300450 
2000 2 2.620720 0.196210 12.362200 
1819 2 2.264130 0.156282 12.496000 
20 2 2.401590 0.146488 12.215200 
1999 2 2.431030 0.626095 12.187200 
1820 2 2.129110 0.215417 12.091000 
847 2 11.870500 0.407256 0.009551 
217 1 6.789050 1.752470 13.310500 
60 2 2.444220 5.149730 13.027900 
183 2 3.522110 3.612100 0.186974 
479 2 3.917010 12.688500 13.117700 
1859 2 2.256860 5.140360 13.128600 
651 2 12.485000 7.135390 23.074600 
1074 1 7.754970 9.806690 24.218200 
1118 1 11.288600 7.023870 19.887200 
560 2 12.107900 11.963200 19.271500 
239 2 6.248920 1.989560 13.775200 
853 1 8.947950 5.461000 22.971100 
626 1 11.920700 3.419300 24.107900 
434 1 5.953750 3.233620 17.809600 
29 1 0.739426 4.691160 18.858300 
31 2 1.321160 4.508890 19.324100 
213 1 2.529490 3.546240 17.377000 
647 2 2.494050 7.645970 25.696300 
214 1 2.337180 3.607340 15.847500 
458 1 4.802680 9.473850 15.502300 
854 1 9.810130 6.386790 22.646400 
686 1 6.522690 8.230270 21.267900 
1812 2 0.174330 0.150059 21.995900 
559 2 12.140100 11.957500 19.116900 
70 1 8.214080 13.296000 17.832900 
448 2 8.591570 7.235580 25.960500 
1120 2 10.834400 6.817310 19.864500 
439 2 3.120100 6.893130 16.867100 
406 1 7.925010 0.312282 23.461100 
240 2 6.364210 2.028870 13.678500 
1050 1 11.196600 3.140550 21.178100 
915 2 8.790090 4.964190 14.541400 
279 2 1.048500 8.715330 18.485700 
65 1 0.524853 12.544000 19.810200 
537 1 8.226080 11.346000 14.021500 
1865 1 2.346860 12.720900 20.195300 
636 2 5.445670 5.827360 15.201900 
433 1 6.522230 4.384660 18.282700 
225 1 2.664820 6.709990 22.393200 
226 1 2.298080 7.960510 22.667800 
227 2 2.522590 7.356770 22.645100 
228 2 2.498380 7.353660 22.368000 
1080 2 10.023900 8.434390 15.442100 
705 1 5.202170 10.055500 24.866600 
1119 2 10.835500 6.687980 19.841400 
298 1 2.357750 9.781600 15.749500 
1051 2 11.340000 3.924090 21.100100 
887 2 11.100300 11.524600 15.890000 
491 2 5.445100 8.801370 18.665300 
646 1 1.860510 7.782550 26.131100 
30 1 1.564120 4.611010 20.148100 
538 1 7.031510 11.663400 14.682000 
1844 2 0.387899 11.011800 24.675900 
633 1 4.698140 5.383560 14.751100 
706 1 5.654640 8.926830 25.513300 
619 2 11.627400 0.020230 19.344700 
891 2 10.765200 9.414100 21.459600 
198 1 1.977490 0.281113 13.858600 
708 2 5.707040 9.367510 25.369500 
892 2 10.970100 9.393140 21.482200 
540 2 7.648460 11.578800 14.309600 
652 2 12.942800 6.689340 23.224100 
277 1 1.070450 8.525520 19.096300 
865 1 11.122400 11.725900 22.898900 
709 1 6.540650 13.045200 24.998600 
658 1 10.926700 1.926270 16.087400 
697 1 6.877950 7.843300 13.519900 
299 2 1.810510 10.402100 15.574900 
640 2 8.406820 0.797367 16.589100 
306 1 5.543050 12.742800 17.810700 
639 2 8.490020 0.778696 16.669000 
711 2 6.055370 12.575200 25.262300 
280 2 1.086210 8.596480 18.576900 
1857 1 2.149380 8.160010 13.550300 
648 2 2.338500 7.704270 25.815700 
297 1 1.377600 10.711100 15.552800 
914 1 9.110250 5.388460 14.737800 
680 2 9.358940 3.697170 18.131600 
638 1 8.682450 0.205318 16.896700 
866 1 11.289000 12.118200 24.040700 
916 2 8.604110 4.811470 14.445400 
308 2 4.976760 12.624600 18.509300 
460 2 5.094750 9.688460 14.931700 
41 1 -0.149954 10.245500 24.130700 
688 2 7.211950 8.421160 21.170400 
300 2 2.005100 10.160800 15.564200 
712 2 6.044390 12.557000 25.240600 
678 1 9.884320 4.129120 18.261000 
1866 1 1.311790 11.622900 21.031700 
32 2 1.313410 4.783030 19.513700 
425 1 5.112640 2.736310 23.136100 
426 1 5.536500 1.927650 22.228700 
427 2 5.462010 2.351280 22.792200 
428 2 5.241750 2.308380 22.694000 
57 1 2.156460 5.229140 13.780700 
430 1 6.960150 1.097570 19.549400 
431 2 7.050460 1.199600 20.225800 
432 2 7.238310 1.246460 20.269500 
627 2 11.663700 2.702040 24.296400 
216 2 2.434780 3.434410 16.587200 
913 1 8.250300 4.328450 14.303600 
438 1 3.707030 6.374300 16.544800 
657 1 12.152200 1.671060 15.677400 
1289 1 12.495500 8.551150 17.697300 
465 1 7.920100 11.363700 21.233200 
710 1 5.668490 12.142200 25.550400 
900 2 9.086530 9.909900 18.302500 
713 1 4.234410 10.842700 22.137100 
2 1 3.368100 4.223930 25.753600 
877 1 11.274200 5.494010 16.427500 
453 1 4.787990 5.043530 19.848600 
454 1 3.715530 5.667620 20.174900 
455 2 4.383780 5.351320 20.045700 
456 2 4.250930 5.552910 20.060400 
679 2 9.591120 3.543050 18.269300 
492 2 5.134400 8.809680 18.393400 
878 1 11.501600 6.409780 17.041200 
1075 2 8.185360 10.305600 23.893500 
197 1 3.944030 0.079997 13.301700 
635 2 5.500670 5.484630 15.349800 
467 2 8.085210 11.952800 21.071100 
468 2 8.065000 12.140700 20.771200 
645 1 2.945590 8.243090 25.153600 
278 1 1.199580 8.907160 17.874100 
68 2 1.475550 11.914300 20.222500 
489 1 4.784470 7.951740 18.340000 
707 2 5.515020 9.277070 25.296500 
539 2 7.640420 11.601500 14.305100 
898 1 8.810280 10.374700 18.779500 
617 1 11.773600 0.441981 20.349300 
1991 2 0.755695 0.367394 22.024400 
717 1 10.825700 10.251700 13.344000 
1040 2 7.953220 7.013490 17.571200 
436 2 6.056070 3.564900 17.947700 
252 2 7.969790 3.819810 25.029900 
687 2 7.115940 8.074510 21.393000 
888 2 10.876400 11.653000 15.865900 
889 1 10.372500 9.281800 21.869100 
43 2 0.572701 10.984700 24.166500 
447 2 8.472750 7.022190 26.070800 
868 2 11.037000 11.856500 23.592800 
557 1 12.491500 12.457600 19.392300 
629 1 7.390670 4.994350 21.423200 
630 1 6.803360 3.852650 21.419300 
631 2 7.158390 4.428350 21.484800 
632 2 7.277990 4.450320 21.268100 
807 2 13.124000 0.103328 23.358800 
1826 1 0.662810 5.229990 23.103900 
490 1 5.616640 9.309690 18.445700 
1117 1 10.220200 6.529620 19.792100 
897 1 9.418350 9.888850 17.784700 
1292 2 12.823900 9.115120 17.858400 
238 1 5.870900 2.261510 14.105600 
251 2 7.909520 3.710090 24.933300 
1291 2 13.088800 8.812030 17.804800 
44 2 0.360210 10.771000 24.761500 
90 1 3.084840 12.871500 24.843500 
650 1 13.297900 6.323320 23.065200 
653 1 3.037910 2.104640 20.228800 
654 1 3.857230 1.498350 19.521400 
655 2 3.490370 1.697220 19.811300 
656 2 3.392970 1.891090 19.654700 
233 1 4.228940 1.143030 16.804200 
440 2 3.024310 6.949180 16.809800 
890 1 11.327900 9.701180 20.934300 
685 1 7.744390 8.213370 21.266000 
669 1 6.010090 6.672910 23.573200 
670 1 5.976520 5.734640 24.433700 
671 2 5.879390 6.229470 23.879500 
672 2 6.017200 6.315450 23.917500 
677 1 8.935160 2.866470 18.300400 
181 1 1.442430 4.256140 26.178500 
1052 2 11.265900 3.656340 20.968100 
1860 2 2.038220 8.181390 13.544300 
466 1 8.320020 12.611600 20.644200 
249 1 7.777140 3.358910 24.573200 
660 2 11.620300 1.772110 16.016200 
408 2 8.612590 0.717645 23.243300 
798 1 11.795200 0.873864 18.633800 
1867 2 1.623720 12.043500 20.040900 
66 1 1.731020 11.476400 19.329800 
681 1 12.458200 8.235360 25.439500 
457 1 5.385880 9.974950 14.501100 
446 1 8.819100 7.056140 25.376400 
799 2 11.567200 0.207622 19.251600 
67 2 1.662540 11.909800 20.043300 
1077 1 9.265410 8.129830 15.317200 
682 1 11.176300 8.612000 25.774400 
684 2 11.716300 8.536330 25.644800 
215 2 2.334900 3.508820 16.452700 
477 1 3.785450 13.083500 13.592900 
92 2 3.370260 13.121900 24.325700 
886 1 10.473400 11.397600 15.837700 
879 2 11.479100 5.945650 16.732000 
1992 2 0.348244 0.239751 21.964800 
714 1 5.441570 10.374700 22.411300 
459 2 5.085480 9.681900 14.952900 
628 2 11.658100 3.029840 24.191900 
250 1 8.128840 4.419640 25.303600 
1868 2 1.270300 12.057100 20.320000 
716 2 4.703200 10.505900 22.281700 
1079 2 9.860440 8.267360 15.295800 
435 2 6.334300 3.971880 18.082700 
1049 1 11.257500 4.533890 20.871600 
1277 1 12.870800 3.929880 13.828200 
1073 1 8.776320 10.816400 23.783500 
899 2 8.996620 10.137000 18.312800 
1078 1 10.503100 8.516670 15.354900 
715 2 4.828220 10.609600 22.160000 
429 1 7.258120 1.422420 20.747700 
625 1 11.280800 2.216920 24.476300 
437 1 2.815300 7.232200 16.984300 
856 2 9.359580 5.981300 22.747800 
1811 2 0.392127 0.016379 21.951900 
659 2 11.414900 1.845680 15.717900 
1990 1 1.293070 0.683935 21.525400 
91 2 3.372690 13.351500 24.358800 
405 1 8.998160 0.875915 22.900900 
1076 2 8.372390 10.240300 24.064400 
1037 1 7.777330 6.476370 17.112800 
407 2 8.767860 0.569323 23.332600 
634 1 5.879900 5.714690 15.533100 
855 2 9.376220 5.929740 22.858100 
867 2 11.076200 11.913700 23.591800 
880 2 11.326800 6.075200 16.729700 
885 1 11.633900 11.865100 16.163600 
1038 1 7.928170 7.416720 18.115100 
1039 2 7.725220 6.893410 17.627700 
800 2 11.604800 0.049080 19.564800 
683 2 11.639000 8.403160 25.726500 
620 2 11.470900 0.238116 19.416500 
558 1 11.611500 11.450900 18.741200 
182 1 3.111870 6.370050 26.040700 
1981 1 2.619560 2.069850 26.326700 
307 2 5.017760 12.871800 18.177200 
1810 1 0.137767 0.995777 22.713000 
1802 1 4.261630 3.029050 25.530400 
637 1 8.431400 1.374000 16.253900 
1833 1 1.327960 0.202170 16.518000 
235 2 4.802510 0.859002 16.652600 
1989 1 -0.039146 2.568500 18.370900 
22 1 0.702977 10.949400 25.412900 
234 1 5.256770 0.532415 16.431500 
1842 1 1.301870 11.584800 23.642200 
649 1 12.262900 7.203110 23.316600 
236 2 4.684030 0.781795 16.746800 
806 1 12.839300 0.045050 22.682500 
1834 1 2.111830 0.493713 17.662400 
305 1 4.737580 12.629200 18.802000 
808 2 12.951100 0.164381 23.077000 
1835 2 1.599100 0.152479 17.209800 
1836 2 1.474410 0.253880 16.980300 
848 2 11.900300 0.285044 26.377600 
1984 2 3.669580 3.764290 26.437600 
4 2 3.477370 3.347930 26.405700 
1983 2 3.252320 3.576040 26.382700 
882 1 10.361800 11.952900 26.452000 
480 2 4.008230 12.610500 13.275900 
925 1 13.098200 16.106300 6.083950 
553 1 7.505660 20.675000 9.902110 
323 2 4.507730 19.218100 4.115820 
764 2 6.775650 23.389600 1.514810 
362 1 3.899930 26.069000 1.436500 
531 2 8.126610 16.086900 9.177550 
336 2 0.449935 16.475600 9.718060 
380 2 4.585360 21.631100 13.012000 
145 1 3.358590 21.796700 2.317540 
147 2 3.834870 21.835800 1.947360 
1123 2 12.789500 14.407400 2.578790 
743 2 10.041300 21.805200 2.694240 
1956 2 1.749340 18.028700 6.777080 
1124 2 12.834900 14.553900 2.604650 
1926 1 0.450914 15.213500 5.073300 
593 1 11.203700 24.264900 9.890440 
379 2 4.674690 21.688000 13.079900 
1140 2 12.660200 15.482000 9.910130 
758 1 10.609400 21.946500 13.113100 
156 2 1.826820 18.034600 6.736960 
126 1 7.257900 18.982500 1.037750 
1817 1 7.288100 24.234500 12.459400 
1143 2 10.437800 18.652500 1.973880 
335 2 0.579235 16.551700 10.040900 
125 1 6.987480 20.237000 1.646140 
361 1 4.035150 25.000100 2.060440 
363 2 3.954270 25.378900 1.835700 
1335 2 10.260400 18.183600 7.918120 
729 1 6.050820 16.657600 2.955430 
1966 1 1.704870 24.056600 4.453710 
1972 2 5.342130 23.280600 9.508620 
564 2 8.550830 25.106200 3.229200 
1061 1 10.353100 14.235400 6.595460 
172 2 5.593170 23.489100 9.474510 
246 1 7.649890 14.334400 0.591615 
1085 1 12.745800 13.849500 6.398130 
1969 1 5.421270 23.053000 8.465870 
1112 2 6.740970 15.506300 12.973700 
549 1 2.770460 13.267800 6.080830 
760 2 10.528800 21.250800 12.748500 
1968 2 1.130220 24.026000 3.963830 
1139 2 12.615200 15.463300 9.934140 
1144 2 10.381800 18.528600 1.829470 
18 1 2.973620 25.581500 12.172400 
526 1 3.544110 16.060000 3.732090 
1173 1 12.932600 20.668900 7.672590 
170 1 6.488270 23.491000 9.716260 
168 2 1.030940 24.129800 3.910700 
773 1 12.109100 19.153600 10.789300 
1142 1 10.865100 17.947800 1.808900 
1062 1 9.170060 14.626200 6.994090 
334 1 0.288094 16.393500 10.588100 
757 1 10.574500 20.752000 12.498200 
1109 1 6.223860 15.003700 12.837100 
192 2 0.211000 23.566700 8.331600 
358 1 6.685990 18.724800 11.903500 
169 1 5.124860 22.578300 9.965590 
343 2 3.209820 18.685600 0.850819 
762 1 6.600350 23.028200 2.056370 
360 2 6.260390 18.790000 11.797500 
342 1 3.185910 19.279800 0.760832 
595 2 10.283400 24.431900 10.213400 
11 2 0.453718 23.758600 8.261430 
1121 1 13.004600 14.148300 2.108670 
1953 1 2.373890 18.786700 6.588050 
1063 2 9.843670 14.419900 6.731710 
369 1 5.595510 22.075000 4.764680 
370 1 7.083300 22.278200 4.697540 
371 2 6.412250 22.255300 4.590330 
372 2 6.474140 22.060700 4.754180 
301 1 0.556940 16.357800 2.461490 
366 1 4.014230 24.671100 5.534790 
928 2 12.709100 16.308600 6.059140 
742 1 10.127900 21.251100 3.308450 
1813 1 8.741690 25.629000 6.418870 
563 2 8.364420 25.408800 3.233520 
189 1 1.321700 23.864600 8.012210 
1064 2 9.757310 14.514600 6.748380 
165 1 0.298628 24.408900 4.184730 
1971 2 5.401290 23.405300 9.475410 
731 2 6.325010 16.296100 2.488590 
894 1 4.005980 15.684100 9.337820 
766 1 12.520600 25.350000 2.546900 
416 2 10.314900 24.281600 10.308600 
1979 2 2.311780 19.733500 10.381500 
1122 1 12.575200 14.832800 3.169030 
529 1 8.641860 15.876700 9.743180 
151 2 3.303540 21.493500 6.372700 
1169 1 12.116000 19.791700 5.075250 
493 1 7.010170 13.434000 6.088390 
190 1 0.527015 22.730500 8.889960 
324 2 4.710740 19.165500 3.918090 
1333 1 10.539600 18.477200 8.204490 
556 2 8.218320 20.749000 9.807780 
1111 2 7.021650 15.538800 12.822400 
763 2 6.857910 23.312100 1.531080 
527 2 3.232050 15.753300 3.395880 
1176 2 12.454200 21.286600 8.130330 
767 2 12.011100 24.734900 2.790730 
786 1 11.305900 24.422300 6.459030 
893 1 3.874650 16.835500 9.868960 
1710 1 0.931885 20.471600 3.512890 
551 2 2.988620 13.905600 6.556450 
152 2 3.354310 21.642800 6.216830 
1970 1 4.975600 24.600400 9.568430 
146 1 4.428340 21.665000 1.617430 
545 1 9.162230 16.295900 3.683650 
546 1 9.388920 15.230500 2.959430 
547 2 9.316150 15.766000 3.315070 
548 2 9.497320 15.804800 3.488210 
1977 1 3.158450 19.939900 9.463380 
941 1 12.207900 22.590000 0.188422 
1816 2 7.846960 25.682200 6.911060 
1334 1 9.519990 17.983600 7.598150 
1711 2 1.251270 20.304300 3.494760 
497 1 2.929140 16.575700 12.745200 
304 2 0.217545 16.539000 2.358910 
153 1 1.978450 17.120200 6.202550 
926 1 12.098100 16.680800 6.069790 
1110 1 7.255610 15.873100 12.833500 
561 1 9.007470 25.606400 3.418840 
177 1 1.817430 20.676600 10.115300 
344 2 3.105780 18.502500 0.822608 
896 2 4.140080 16.094400 9.529800 
550 1 3.377160 14.360700 6.835570 
1814 1 7.537530 25.518600 7.346600 
364 2 3.842580 25.512700 1.637840 
178 1 2.041790 19.025900 10.614700 
313 1 2.546790 13.099900 10.384000 
1141 1 10.018200 19.125500 1.961950 
774 1 13.001800 18.825600 9.816750 
970 1 8.467100 21.591600 6.571860 
594 1 9.823900 24.888500 9.522050 
596 2 10.389800 24.181200 10.231900 
554 1 8.815530 20.705200 9.567340 
415 2 10.407300 24.427100 10.370800 
1978 1 3.102200 20.230900 11.019800 
787 2 11.501900 24.990300 6.689040 
1172 2 11.754100 19.621300 5.188840 
315 2 2.153240 13.233900 9.876650 
333 1 0.638525 16.478000 9.221270 
127 2 7.239320 19.748600 1.321130 
744 2 9.826200 21.736700 2.733230 
413 1 10.409200 25.038100 11.088600 
741 1 10.008500 22.272000 2.223420 
148 2 3.897710 21.635300 1.869110 
367 2 4.814040 25.103700 5.444020 
895 2 4.069460 16.177700 9.760920 
128 2 6.938650 19.552800 1.314080 
963 2 13.276000 20.969200 2.417100 
962 1 12.808100 20.758500 2.001600 
171 2 5.510330 23.178900 9.687440 
555 2 8.404480 20.530000 9.683500 
552 2 2.959460 13.810600 6.398790 
1954 1 1.011890 18.247600 6.263460 
365 1 5.265800 25.188900 5.301160 
1137 1 13.187000 15.028300 9.659600 
1138 1 12.253500 15.857200 10.131900 
749 1 8.863370 18.622700 4.085340 
750 1 8.036660 19.005000 5.151440 
751 2 8.445620 18.845000 4.718800 
752 2 8.324900 18.995200 4.635590 
179 2 2.588270 19.760600 10.440200 
1815 2 8.192290 25.481500 6.956020 
964 2 13.231400 20.953800 2.083560 
321 1 5.137460 19.223000 3.654520 
1955 2 2.013980 18.016500 6.575110 
730 1 6.783080 15.839500 2.182210 
368 2 4.543830 24.717200 5.469270 
12 2 0.358445 23.590400 8.399670 
769 1 5.327050 17.972100 8.071870 
770 1 5.785990 19.186000 8.535690 
771 2 5.605880 18.818500 8.166360 
772 2 5.582940 18.544300 8.263110 
759 2 10.622300 21.208000 12.845200 
1967 2 1.378340 23.870500 3.748020 
378 1 4.523620 22.142700 12.764000 
776 2 12.588400 18.772600 10.140900 
1175 2 12.351100 21.061200 8.268020 
530 1 7.575380 16.150100 8.853830 
1174 1 12.128000 21.509400 8.564650 
155 2 1.819050 18.043800 6.731190 
180 2 2.592910 20.177100 10.457700 
166 1 0.883676 22.951400 3.586740 
414 1 9.929350 23.609800 10.528900 
525 1 2.891840 15.116700 2.965050 
316 2 2.237090 13.259500 9.936790 
158 1 1.853930 17.938300 7.782150 
788 2 11.317300 24.878900 6.661200 
1818 1 1.497620 26.382000 12.136300 
927 2 12.531600 16.269500 6.019150 
765 1 11.642800 24.208600 2.971740 
768 2 12.083100 24.879900 2.787250 
1171 2 11.595200 20.000100 5.477860 
322 1 4.027410 19.171600 4.441730 
1336 2 10.113900 18.194800 7.947220 
341 1 3.183470 17.893100 0.954127 
357 1 5.338840 19.108400 11.594000 
167 2 1.053160 23.958100 3.976140 
1709 1 2.142220 19.746900 3.252050 
247 2 8.504300 14.495800 0.665070 
949 1 9.400880 17.881800 11.289500 
149 1 3.858720 21.805300 6.736300 
150 1 2.770410 21.525100 6.005040 
191 2 0.321006 23.537400 8.080030 
359 2 6.021870 18.998400 11.652300 
1965 1 1.651100 24.583300 2.840830 
761 1 7.153980 23.660600 0.872594 
1980 2 2.714580 19.956000 10.320600 
532 2 8.100350 15.964800 9.161970 
528 2 3.227020 15.926400 3.418910 
248 2 8.358760 14.412800 0.791072 
945 1 5.603400 16.983800 6.185180 
946 1 5.593340 15.786100 5.564700 
947 2 5.649480 16.326000 6.092400 
948 2 5.635190 16.266500 5.936240 
785 1 11.758300 25.427600 7.393130 
950 1 10.052900 17.242400 12.247800 
951 2 9.668710 17.587100 11.853100 
952 2 9.694910 17.563000 12.058200 
732 2 6.327110 16.182100 2.621010 
972 2 9.101120 21.835300 6.760130 
562 1 7.995090 24.594000 3.141360 
971 2 8.804370 21.859000 6.671240 
969 1 9.625870 22.028200 7.049510 
1712 2 1.688450 20.072400 3.325380 
775 2 12.370300 19.029500 10.405100 
690 1 1.964860 15.442700 0.341749 
1170 1 10.947200 19.833700 5.806780 
245 1 9.095570 14.657000 0.752086 
199 2 2.387450 26.220900 12.642500 
937 1 13.249900 15.659800 12.828400 
691 2 2.047940 15.190900 -0.045848 
1778 1 0.145781 22.778400 13.210400 
953 1 10.989500 14.037000 13.952800 
910 1 12.469200 14.421500 22.890400 
726 1 7.801460 17.852500 25.633100 
524 2 5.148650 19.834100 24.807900 
533 1 2.363050 19.437300 15.662500 
933 1 5.706510 19.165400 14.653500 
817 1 11.060100 23.757300 15.209900 
411 2 6.965630 24.337100 22.851100 
1910 1 5.289660 13.794800 22.380900 
607 2 9.024600 24.781700 26.021700 
130 1 2.029540 15.845200 20.642600 
1911 2 5.018180 14.169300 22.028300 
1324 2 13.217400 19.462800 25.646800 
484 2 -0.045997 18.693400 26.122600 
1321 1 12.556900 19.998400 25.716000 
523 2 5.159570 19.752200 24.738100 
954 1 9.930390 14.816100 13.766800 
597 1 9.098150 23.878900 19.418900 
132 2 2.167930 15.495200 20.246700 
702 1 4.693450 18.131300 21.676500 
420 2 7.998330 24.067400 18.672600 
1305 1 10.714500 18.269000 23.080600 
218 1 6.957700 25.632800 13.978700 
498 1 3.744500 16.820900 13.815600 
449 1 0.122512 15.717300 22.416800 
812 2 10.922900 23.918100 23.011500 
703 2 4.136640 17.776100 22.000300 
577 1 3.868500 20.942500 18.457800 
943 2 12.318900 22.768700 26.043500 
296 2 2.257490 13.786200 16.416900 
320 2 11.674400 18.545200 14.610600 
293 1 1.835410 13.745500 16.135900 
923 2 8.626780 14.680300 23.828900 
353 1 3.386680 24.065300 15.851400 
325 1 5.710450 15.939800 19.391700 
326 1 5.555170 17.134400 18.729000 
327 2 5.547260 16.677700 18.892400 
328 2 5.679490 16.454500 19.146900 
354 1 4.190810 22.902100 16.435100 
330 1 0.493960 19.075600 23.061200 
331 2 1.444620 19.078300 23.101700 
332 2 1.314850 19.279400 23.155500 
1952 2 2.539280 22.726100 22.191200 
689 1 2.480940 14.824300 26.011600 
934 1 4.987590 18.312700 15.598200 
195 2 0.245448 22.801800 19.210500 
608 2 9.200820 24.867100 26.049800 
514 1 3.355400 16.442200 17.032100 
534 1 1.952090 20.570500 15.321900 
975 2 12.126800 22.629200 19.505800 
349 1 2.346730 18.980200 20.221400 
350 1 1.983090 19.924000 19.214000 
351 2 2.195790 19.521400 19.747000 
352 2 2.137740 19.370800 19.898600 
922 1 8.082100 15.077300 23.586400 
921 1 9.167910 14.211900 23.888900 
355 2 3.740150 23.549000 16.251200 
356 2 3.868750 23.478000 16.062600 
1909 1 4.953030 14.946500 21.713900 
410 1 7.137240 24.884700 23.334000 
811 2 11.023600 23.811200 23.126800 
521 1 5.028720 19.355000 25.403000 
606 1 9.019990 25.696700 26.018000 
393 1 4.926970 25.087600 19.855100 
1150 1 12.033600 15.640500 17.567300 
515 2 2.836730 16.909500 17.299600 
394 1 3.786620 24.523400 19.347500 
396 2 4.609260 24.855700 19.670800 
998 1 12.496500 24.612900 14.509200 
1308 2 10.424300 17.963400 23.485500 
399 2 7.571570 24.609400 13.577900 
418 1 7.404040 23.275400 19.129600 
450 1 1.013230 15.605400 23.815900 
412 2 7.086870 24.540300 22.792400 
194 1 1.394560 22.563300 19.878700 
813 1 11.107600 25.499300 14.858900 
727 2 8.370710 17.739300 25.647400 
196 2 0.427185 23.125700 19.188100 
509 1 5.528330 15.476300 15.226800 
510 1 5.490540 15.272100 16.590000 
511 2 5.546190 15.286200 15.974300 
512 2 5.546610 15.436600 15.885800 
1106 1 11.601300 15.712800 26.343600 
15 2 0.238483 23.015800 18.793300 
377 1 4.819700 20.977400 13.292100 
974 1 11.424600 21.839600 19.074000 
809 1 11.764900 23.695700 22.705600 
451 2 0.509202 15.544700 23.309100 
1306 1 10.098700 17.608400 23.750900 
936 2 5.198950 18.731000 15.049900 
955 2 10.503100 14.512900 13.831000 
1982 1 5.720330 26.333700 25.098900 
535 2 2.127790 20.059700 15.466600 
346 1 1.677050 25.835200 25.649700 
513 1 2.324870 17.370800 17.329200 
1766 1 1.387350 21.626900 25.678800 
295 2 2.356070 13.859800 16.383600 
1151 2 11.536800 15.173300 17.115700 
220 2 7.300560 24.600700 13.588300 
397 1 8.327130 24.438600 13.965100 
579 2 4.547860 21.308500 18.377400 
728 2 8.362700 17.677300 25.735800 
618 1 12.172300 25.881200 19.149300 
566 1 3.435330 26.269000 23.365900 
567 2 3.997490 25.917800 23.064100 
568 2 4.102150 25.941200 22.958300 
573 1 5.557650 21.302300 21.451200 
574 1 6.895880 20.919600 21.945800 
575 2 6.277670 21.248400 21.583700 
576 2 6.075340 21.036700 21.587700 
911 2 12.248300 14.242600 22.253400 
1996 2 0.095291 22.898200 18.973200 
536 2 2.087450 20.113900 15.522000 
725 1 8.953950 17.604200 25.789100 
912 2 12.411200 14.457400 22.230000 
1205 1 12.481600 18.639400 18.794900 
1206 1 10.653900 18.504300 19.371300 
578 1 5.066300 21.282100 18.050700 
956 2 10.401000 14.461500 13.816200 
71 2 8.199290 13.434200 17.459200 
483 2 0.006177 18.891400 26.038100 
516 2 2.834880 16.987000 17.305700 
131 2 1.959300 15.389100 20.173600 
1376 2 8.036470 20.245200 14.183000 
1149 1 11.269700 14.931300 16.676400 
1127 2 13.238400 21.530500 16.013700 
976 2 11.993400 22.468500 19.275000 
1108 2 11.781500 15.938000 26.221400 
810 1 10.354700 24.110200 23.339800 
1767 2 1.494990 21.866500 25.940300 
505 1 5.173850 16.467700 26.160600 
16 2 0.230756 22.723700 18.968400 
959 2 10.148700 21.557600 16.927900 
924 2 8.605510 14.602400 23.664100 
1912 2 5.323010 14.269900 22.005700 
1995 2 0.022417 22.772100 19.184400 
1809 1 0.675676 25.868500 22.465500 
508 2 5.192460 16.232900 25.647900 
733 1 8.758400 17.527500 15.582300 
734 1 8.427050 16.423900 16.490400 
735 2 8.810930 17.202100 15.820600 
736 2 8.481400 17.041000 16.330000 
1768 2 1.764920 21.920200 26.063200 
935 2 5.151390 18.488900 15.293200 
958 1 10.977200 21.822200 16.956700 
395 2 4.293240 25.024000 19.367100 
745 1 4.472400 22.842100 24.634700 
746 1 5.280130 23.368200 25.487800 
747 2 4.765780 23.204700 25.006700 
748 2 4.742640 23.130700 25.157600 
753 1 8.691180 21.191200 25.201200 
754 1 8.173260 22.347500 24.660100 
755 2 8.518630 21.857400 24.864600 
756 2 8.673290 21.872600 24.950700 
419 2 8.257350 23.943900 18.933600 
1323 2 13.225700 19.452500 25.705000 
944 2 12.187600 22.729200 26.137700 
960 2 10.295900 21.326700 17.089200 
777 1 7.977800 19.483700 18.183600 
779 2 7.365980 19.503000 18.381500 
909 1 12.073600 14.376100 21.608500 
780 2 7.495270 19.547300 18.380900 
1307 2 10.422700 18.040200 23.320500 
819 2 11.623600 24.610800 15.049300 
345 1 1.837330 24.856200 24.997300 
1949 1 2.122600 22.115100 22.400200 
1344 2 12.952100 20.438800 22.392700 
818 1 12.197300 25.019400 16.110500 
905 1 10.257700 15.999200 20.158000 
906 1 8.996130 15.083600 19.838600 
907 2 9.665160 15.420700 20.010700 
908 2 9.667780 15.422500 20.000200 
14 1 0.441780 21.857600 18.465200 
957 1 9.774090 21.206900 16.982800 
797 1 10.297600 26.416200 19.225000 
740 2 7.486890 17.631500 22.133400 
778 1 6.872600 19.511800 18.646000 
1105 1 12.422400 16.343900 25.502900 
522 1 5.488640 19.981800 24.341500 
1152 2 11.788400 15.299600 17.225500 
400 2 7.274600 24.616500 13.906600 
1951 2 2.653410 22.764600 22.339100 
1960 2 0.591351 22.922500 14.093500 
820 2 11.751100 24.774900 14.994900 
929 1 9.578760 21.670400 22.137600 
930 1 9.278580 20.374100 21.021200 
931 2 9.520710 20.889000 21.444000 
932 2 9.257410 20.912700 21.737300 
738 1 7.585440 17.255000 21.497800 
599 2 8.153000 24.029500 18.761000 
598 1 7.832850 24.882500 18.886600 
1000 2 11.611400 24.570900 15.134200 
317 1 11.981800 18.808300 14.178800 
1341 1 12.116800 20.361300 22.484300 
701 1 3.750420 17.376400 22.152800 
1388 2 11.680000 18.375800 19.705600 
507 2 5.328880 16.376100 25.472900 
739 2 7.455200 17.789000 22.137100 
219 2 7.558000 24.505800 13.542100 
319 2 11.661100 18.480600 14.837700 
600 2 8.336490 24.020400 19.086800 
1208 2 11.527500 18.712800 19.517800 
398 1 6.602640 23.747500 14.187800 
1207 2 11.667100 18.350400 19.710400 
999 2 11.888000 24.564500 14.883100 
1950 1 2.991390 23.411900 22.468000 
409 1 6.842520 23.940800 22.385100 
417 1 8.465430 23.628900 17.803900 
704 2 4.300980 17.708400 21.987800 
1765 1 2.195870 22.222700 26.643300 
329 1 1.998600 19.247200 23.280100 
737 1 7.481710 18.057200 22.709800 
347 2 1.728410 25.377800 25.266300 
318 1 11.406700 18.110500 15.209600 
973 1 12.280200 22.888600 19.448900 
452 2 0.387734 15.690600 22.909600 
580 2 4.420570 21.041100 18.000900 
1386 1 12.012700 18.164100 20.289300 
129 1 2.017630 15.079000 19.523500 
506 1 5.490880 16.217900 24.886000 
1107 2 12.033500 15.922000 25.895400 
846 1 12.111100 26.477700 25.858200 
348 2 1.820010 25.483500 25.421800 
159 2 0.619448 22.856500 13.972400 
160 2 0.614339 23.208300 14.063600 
157 1 1.183530 22.221000 14.563500 
565 1 4.295580 25.731000 22.674400 
500 2 3.276490 16.680500 13.337100 
1994 1 0.957854 23.775100 18.117700 
72 2 8.108930 13.284400 17.173500 
1898 1 0.919668 14.345100 13.498600 
1374 1 8.208240 20.781400 13.765200 
499 2 3.209470 16.669200 13.191200 
1343 2 12.858100 20.509400 22.508900 
942 1 12.326400 22.971600 25.430600 
481 1 0.109898 18.619600 25.481700 
1958 1 1.418550 23.916500 13.532500 
1126 1 12.937900 21.355600 15.535100 
1375 2 7.854550 20.206500 14.428700 
69 1 7.957350 13.655400 16.524500 
387 2 6.347660 26.146300 25.603000 
388 2 6.223750 26.099100 25.579800 
89 1 3.567890 13.524500 23.852500 
1373 1 7.898320 20.017400 14.630200 
294 1 2.978970 13.715900 16.778200 
385 1 6.540910 26.016500 26.067300 
692 2 2.115450 15.043100 26.458100 
605 1 9.242820 24.241800 25.848700 
1900 2 -0.131043 13.892100 13.419700 
13 1 -0.019137 23.972900 20.004800 
1662 1 20.649300 0.689467 3.967190 
1664 2 21.233500 0.281992 4.414310 
115 2 24.738600 12.691400 8.906630 
1863 2 25.480800 8.546450 3.137120 
1517 1 15.809300 10.464000 11.305500 
1463 2 15.919700 12.532900 4.052930 
822 1 16.346600 5.373170 2.338360 
1506 1 22.918600 10.059700 1.565040 
1687 2 23.738900 2.366920 6.261300 
1460 2 21.353400 2.353690 9.967010 
1621 1 22.799600 4.235960 0.213123 
1444 2 20.874500 3.708320 3.380760 
1720 2 22.714200 12.102000 13.093400 
994 1 13.988400 0.725019 10.994500 
1237 1 17.069500 3.595660 12.311100 
1516 2 22.192800 9.479500 10.272000 
1824 2 25.889400 4.394060 2.857720 
1891 2 26.136600 11.555800 5.433940 
1340 2 19.119300 11.353700 13.146300 
1515 2 22.128200 9.649450 10.309200 
1892 2 26.173200 11.531000 5.406040 
1033 1 16.556700 2.567440 5.082310 
1718 1 23.545900 11.653800 12.758600 
40 2 24.972800 4.180710 11.545400 
1492 2 16.648500 6.646750 12.194800 
111 2 23.353700 9.673780 6.056020 
1839 2 25.024200 4.232180 11.585200 
1338 1 19.236000 10.883900 12.893300 
1784 2 21.115700 0.997812 0.153196 
1030 1 13.862800 3.242790 5.365960 
1677 1 21.802400 6.270200 9.932530 
423 2 16.907100 9.499110 3.460550 
1505 1 23.080500 10.719000 0.435241 
1035 2 17.226000 2.611270 5.325930 
1248 2 18.156500 3.399250 1.536630 
45 1 24.773300 7.642310 8.576850 
641 1 13.602500 7.315470 10.508900 
829 1 14.053600 0.991595 8.174540 
48 2 24.526400 8.082790 8.111960 
839 2 15.694200 4.646820 8.561400 
1837 1 26.036200 4.458790 11.870500 
1890 1 26.364900 12.099300 5.598990 
21 1 25.641000 4.231370 4.197560 
1483 2 19.108800 11.633600 1.284500 
1862 1 25.470500 9.580690 3.497360 
1474 1 21.801600 5.946970 5.184850 
1537 1 19.503700 8.377890 12.779100 
1210 1 18.966400 6.302240 4.093830 
1915 2 24.853600 12.858300 8.833370 
991 2 17.578200 1.000790 9.480660 
1717 1 22.184300 12.131200 13.155200 
1032 2 13.685800 3.886150 5.031670 
1916 2 24.957500 12.737900 8.836660 
832 2 14.469700 1.286170 7.975790 
1247 2 18.217400 3.255840 1.498250 
1464 2 16.012800 12.604700 4.196420 
1046 1 19.430800 7.971510 1.069640 
1246 1 18.407400 3.422550 0.798464 
1490 1 16.059500 6.182290 12.160500 
110 1 23.620600 9.608420 5.461500 
1459 2 21.456600 2.337400 9.921910 
1233 1 21.896300 2.283850 12.823300 
1484 2 19.156800 11.525600 1.403220 
990 1 18.054500 1.046380 8.992610 
1209 1 17.909000 5.484730 4.275180 
1211 2 18.207600 5.580530 4.055810 
1822 1 26.487000 5.498940 2.980340 
1781 1 20.265200 1.365550 0.097326 
1903 2 22.806100 13.293200 4.063790 
1514 1 22.590700 9.227280 9.911030 
1823 2 25.707900 4.707380 3.043610 
1846 1 26.547200 0.575206 1.300180 
1489 1 17.129500 7.100790 12.421100 
1441 1 20.380800 3.751610 2.926830 
1840 2 24.942000 4.302830 11.700000 
23 2 25.575600 4.673100 3.141450 
1300 2 19.316100 4.732890 11.553400 
1691 2 18.200600 10.912600 9.833670 
1249 1 19.992100 8.642960 7.984790 
1250 1 19.972800 9.130730 6.759790 
1251 2 20.222900 8.972380 7.328420 
1252 2 20.070100 8.739430 7.295780 
1679 2 21.468800 6.054650 9.361880 
989 1 17.124900 1.322390 10.108600 
1261 1 22.267000 6.772830 1.162750 
1639 2 18.893900 5.605440 7.043360 
1462 1 16.542600 12.378200 4.410030 
24 2 25.836100 4.083020 3.124150 
644 2 13.754400 7.819120 9.778680 
1930 1 21.474500 12.362100 8.542730 
1889 1 25.975700 10.934200 5.205230 
1240 2 16.441600 3.211720 12.146400 
1864 2 25.512100 8.734970 3.381020 
1482 1 18.773900 12.009900 1.505910 
623 2 15.454300 7.795710 5.637750 
112 2 23.452300 9.893280 5.995020 
1685 1 23.637700 2.965970 5.805460 
814 1 15.146900 0.020333 12.236800 
1663 2 21.128500 0.234275 4.370740 
1263 2 22.225100 6.676670 1.773270 
34 1 26.068100 1.403670 8.720440 
824 2 15.926500 5.735260 2.355930 
1688 2 23.900700 2.523430 6.149200 
857 1 13.615800 4.224980 10.552600 
1264 2 22.269400 6.488070 1.754680 
1034 1 17.920500 2.434210 5.531150 
1678 1 21.128300 5.969910 8.773350 
1245 1 17.942800 2.903670 2.073850 
1438 1 18.705600 0.311278 13.154000 
421 1 16.409400 9.617350 3.592690 
1520 2 15.540500 10.195300 11.810400 
1494 1 16.000400 10.361600 6.936070 
1539 2 19.528400 8.359790 12.202400 
642 1 13.836000 8.359470 9.555290 
46 1 24.250400 8.830640 7.570930 
869 1 15.460600 10.478500 0.227982 
61 1 25.638300 8.089540 4.296650 
1031 2 13.847300 3.870890 5.352330 
1449 1 25.065600 4.214350 7.630570 
1450 1 24.434500 5.518720 7.450760 
1451 2 24.818800 4.899860 7.471740 
1452 2 24.805700 4.775130 7.441400 
1453 1 19.743300 3.393590 6.966170 
1454 1 20.545500 2.253950 6.768620 
1455 2 20.168200 2.816840 6.825070 
1456 2 20.174000 2.784880 6.690950 
1439 2 18.534600 0.653364 12.714300 
1637 1 18.306300 5.497050 7.633340 
1914 1 26.117200 12.845900 9.221200 
1689 1 17.870400 10.391200 9.418560 
80 2 24.590000 9.227970 12.423700 
1470 1 20.113800 11.855800 5.761990 
1471 2 19.451100 11.762400 5.522900 
1472 2 19.664100 11.788000 5.252220 
1540 2 19.424800 8.129370 11.853400 
1442 1 21.440000 3.459230 3.786320 
1475 2 21.725000 6.544430 5.050570 
1476 2 21.943700 6.436020 5.140740 
1047 2 18.347700 8.065530 0.829299 
79 2 24.822400 8.873220 12.720900 
1931 2 20.976800 11.977300 8.439330 
1518 1 15.576300 9.737070 12.435700 
996 2 14.006200 0.088879 11.930900 
1870 1 20.477100 10.086900 3.775840 
1686 1 23.906900 1.820370 6.517710 
1045 1 17.882600 8.168650 0.845527 
1719 2 22.706000 11.743300 12.968900 
1519 2 15.782900 10.052100 11.794500 
1932 2 21.031000 12.021000 8.539010 
1437 1 18.654600 1.441800 12.386200 
1641 1 24.939700 7.064460 0.242314 
1861 1 26.437300 10.304200 0.700127 
1298 1 19.223100 4.699150 10.934700 
621 1 15.114800 7.709790 6.283640 
424 2 16.986200 9.364890 3.507780 
1507 2 23.042200 10.465700 0.986492 
1239 2 16.631300 3.267450 12.363700 
37 1 24.631500 3.996830 12.349400 
823 2 15.707100 5.847760 2.557460 
831 2 14.447600 1.295030 8.194240 
1234 1 21.678700 2.744130 9.441790 
1496 2 15.832700 10.829800 7.321930 
624 2 15.657600 7.615870 5.966330 
1872 2 20.787100 9.231040 3.433040 
1238 1 15.888900 2.984380 12.073100 
1513 1 21.742300 9.868950 10.730700 
1877 1 25.769600 8.370050 12.117700 
643 2 13.698200 7.848180 9.997950 
1262 1 21.913800 6.099800 2.497760 
840 2 15.756300 4.717480 8.789290 
109 1 22.940900 10.133000 6.407680 
1680 2 21.385500 6.026000 9.426710 
1627 2 24.149300 0.969703 2.898290 
1628 2 24.138600 0.918369 2.824480 
1638 1 19.414300 5.516730 6.805790 
1640 2 19.034400 5.615710 7.294660 
1443 2 21.274800 3.629550 3.409110 
794 1 13.428700 0.449462 12.598900 
1299 2 19.426900 4.743860 11.643200 
1913 1 24.622400 11.786300 8.475720 
62 1 25.511200 8.209790 2.688590 
1339 2 19.109700 11.626500 13.194300 
1673 1 17.154600 7.498980 9.184600 
1674 1 16.660000 8.235000 8.347890 
1675 2 17.044000 7.756610 8.881490 
1676 2 17.184100 7.869020 8.730130 
837 1 15.269100 4.754760 7.836480 
1473 1 21.958200 7.174820 5.178430 
1531 2 15.145300 13.321200 9.768140 
1821 1 24.924600 4.657370 2.597550 
1879 2 24.909000 8.786060 12.475200 
1625 1 24.901200 1.068460 2.977860 
64 2 25.514600 8.550900 3.545050 
1902 1 23.390200 12.823800 3.267170 
1493 1 15.694300 11.123200 7.881680 
992 2 17.591900 1.355190 9.491790 
838 1 16.127500 4.732950 9.250620 
47 2 24.378900 8.028420 8.389750 
1904 2 22.841000 13.196400 4.029290 
1869 1 21.031900 8.881310 3.194310 
38 1 24.453700 4.909410 11.065200 
1692 2 17.934100 10.869800 9.587290 
1036 2 17.004200 2.583090 5.294900 
1297 1 19.679500 4.704580 12.212200 
1048 2 18.794200 8.106510 1.014120 
1871 2 20.833300 9.488900 3.448660 
1212 2 18.530700 6.072140 4.056750 
1602 1 22.127300 1.326500 0.405056 
622 1 16.004300 7.582740 5.122460 
872 2 15.443700 10.800200 0.713320 
1626 1 23.535400 1.075960 2.653700 
1458 1 21.068900 2.068950 10.571400 
422 1 17.636400 9.334910 3.309850 
1491 2 16.403400 6.630790 12.150200 
1495 2 15.814900 10.712200 7.371940 
1508 2 23.069500 10.382800 1.008810 
588 2 14.314800 1.957540 2.342370 
1929 1 20.587400 11.394000 8.561560 
821 1 15.326000 6.327010 2.443020 
1029 1 13.590000 4.445940 4.764880 
871 2 15.447800 10.689800 0.691618 
1481 1 19.353100 10.921500 1.279610 
116 2 25.114100 12.618200 8.986000 
78 1 24.053000 9.053090 11.585600 
1440 2 18.783000 1.117530 12.743800 
830 1 15.242800 1.642160 8.019470 
1690 1 18.016800 11.433800 10.216800 
1461 1 15.400900 12.854600 3.851090 
35 2 25.610600 1.170900 8.897620 
586 1 14.078600 1.706290 2.651170 
39 2 25.022600 4.021520 11.348900 
101 1 23.333700 13.028400 4.943340 
1469 1 18.905200 11.853800 4.996710 
33 1 24.946400 0.884669 9.498660 
1530 1 14.837700 13.069000 10.164600 
36 2 25.288200 1.207570 9.145100 
587 2 14.329700 1.844590 2.117840 
585 1 14.638300 2.340550 1.667970 
113 1 24.329300 12.770700 9.721680 
870 1 15.440100 11.074600 1.340960 
590 1 13.471100 7.287580 4.328850 
815 2 14.045800 0.111271 11.946100 
1538 1 19.308800 8.203560 11.331900 
1838 1 24.796000 3.405510 10.559300 
1880 2 24.720100 8.780040 12.475100 
121 1 21.858100 12.855400 4.041450 
77 1 24.855300 9.512240 12.990400 
1158 1 16.280500 13.178000 12.836100 
98 1 26.405300 13.035400 12.835500 
1398 1 21.445200 0.033019 8.730940 
995 2 14.205300 0.303493 12.120900 
1603 2 21.213200 0.642780 0.181113 
1236 2 22.307700 1.453390 13.151500 
1849 1 24.901600 9.034170 21.442000 
1023 2 18.062400 9.709440 21.141100 
803 2 16.658000 1.152190 25.137900 
1668 2 21.485000 12.230500 24.745100 
1183 2 19.523700 5.616440 24.927400 
1253 1 22.146300 4.707220 14.501500 
1241 1 13.949300 9.416390 20.856800 
1009 1 17.922700 0.121067 21.759400 
1296 2 15.809700 11.090300 18.640800 
1002 1 18.490400 4.862410 24.645700 
257 1 25.934000 1.898680 14.416300 
828 2 16.464000 7.342510 22.824900 
1648 2 20.492300 9.283350 24.774700 
1665 1 21.146000 11.410200 24.835300 
1457 1 17.600400 4.969050 14.901500 
1447 2 15.046800 7.618240 25.732100 
835 2 15.035000 4.426510 25.729200 
1243 2 14.556700 8.912410 20.477500 
1054 1 16.630000 2.063640 18.176500 
1666 1 21.517900 12.644700 24.574600 
1583 2 20.333200 1.367690 22.485900 
1069 1 15.438700 5.405380 20.465200 
1058 1 14.687100 6.904610 16.086700 
1065 1 13.447500 9.988580 23.294200 
1424 2 22.450000 3.567900 23.127400 
827 2 16.398800 7.267160 22.821600 
1394 1 20.260100 1.444250 16.963100 
826 1 15.647800 7.072080 22.427300 
1280 2 13.314700 3.793500 14.187400 
1787 2 25.617200 1.755210 25.627900 
1874 1 25.257800 11.129800 16.665000 
1657 1 17.040100 8.421840 14.816100 
1053 1 16.307400 1.201270 19.203400 
833 1 15.270700 4.766560 26.116200 
984 2 16.758200 0.674478 25.274300 
55 2 25.189300 6.367020 16.097100 
1186 1 17.630600 3.439050 20.945900 
1014 1 14.834900 1.721260 15.586000 
1279 2 13.452700 3.648200 14.042500 
1213 1 19.449800 0.859107 15.474400 
1015 2 15.631400 1.517590 15.206900 
801 1 17.697300 0.442556 25.177000 
1413 1 20.077600 2.685700 19.731900 
1716 2 20.183500 12.509000 15.920100 
1654 1 20.269100 9.911210 17.672500 
1242 1 14.873300 8.542980 20.339500 
1294 1 16.282000 11.250400 18.165200 
1658 1 18.108400 7.825270 14.896200 
1293 1 15.624600 10.809600 19.244800 
1098 1 13.674500 3.280390 18.304200 
1404 2 20.374500 1.409330 22.661500 
1694 1 21.431300 8.547880 14.739900 
1828 2 26.230500 5.157500 23.204200 
1852 2 25.277200 8.834410 21.100300 
42 1 24.392300 10.473300 23.967200 
258 1 26.130700 3.016660 15.133000 
981 1 17.023800 1.827410 25.664900 
1068 2 14.098900 10.384000 23.373500 
1021 1 17.311500 9.326750 21.124700 
1585 1 20.114700 6.507560 20.737700 
1202 1 19.504700 5.963670 25.467100 
1498 1 13.398500 9.889690 14.438800 
1805 1 24.032100 2.417310 20.880900 
834 1 14.849800 3.830240 25.281800 
1610 1 25.287400 2.087170 18.508800 
1181 1 20.311200 4.552880 25.180300 
1987 2 23.709400 1.626580 20.976400 
1808 2 23.682700 1.677190 20.773000 
1655 2 19.887300 10.098300 18.244400 
53 1 25.677200 7.370980 16.205600 
259 2 25.954300 2.519210 14.851300 
1714 1 20.531900 12.978700 16.003200 
1421 1 22.680800 4.388760 23.042300 
1715 2 20.102500 12.693600 15.878000 
1430 1 19.890200 12.883500 21.919600 
1022 1 18.375300 10.064600 21.197500 
1752 2 16.521600 10.783700 15.457400 
1582 1 21.024400 1.004520 22.562400 
386 1 26.018500 -0.058421 21.272000 
1499 2 13.415400 9.378510 14.190000 
1004 2 19.464600 5.280750 24.642300 
1876 2 24.567300 11.036500 16.874300 
1588 2 19.637200 6.543300 20.485200 
1083 2 15.942200 12.683800 21.458300 
825 1 16.927000 7.428800 22.993500 
1082 1 15.984000 12.902800 20.572200 
1478 1 22.764600 8.236020 17.977100 
1084 2 16.206500 12.804700 21.407700 
1653 1 19.174400 10.324100 18.535700 
76 2 24.293500 10.710600 16.884400 
75 2 24.192800 10.732500 16.839900 
1788 2 25.572200 1.819020 25.809500 
1003 2 19.534500 5.039990 24.811500 
1986 1 23.478600 1.121000 20.852800 
1225 1 15.335500 2.709290 22.632900 
1226 1 14.060200 2.700670 21.846200 
1227 2 14.629500 2.878410 22.206100 
1228 2 14.718600 2.939040 22.311200 
1229 1 17.957000 4.387840 18.972400 
1230 1 17.277400 4.726820 17.933600 
1231 2 17.580300 4.458180 18.411200 
1232 2 17.777100 4.332770 18.532800 
805 1 13.555800 0.496302 23.663500 
74 1 23.499700 11.127300 16.332400 
260 2 26.007700 2.550240 14.792800 
1875 2 24.272600 10.714100 17.010500 
54 1 24.718900 6.157490 16.707800 
73 1 24.265900 9.779350 16.657300 
1059 2 14.678500 6.367440 15.653500 
1850 1 25.726300 8.577570 20.204500 
1642 1 25.233600 7.754260 25.566500 
1611 2 25.774400 2.293720 18.435300 
1255 2 22.033900 5.442400 13.870500 
1256 2 21.962800 5.293800 13.868400 
1587 2 19.651300 6.373670 20.725800 
1415 2 20.754000 2.909910 19.436600 
1856 2 25.295100 6.336790 15.994100 
1100 2 13.616400 3.620330 18.271000 
1013 1 15.973200 1.184350 15.001900 
983 2 16.661700 1.072300 25.067600 
1827 2 26.110300 4.858300 23.326500 
1060 2 14.515200 6.520390 15.729900 
1273 1 17.269600 7.890650 18.579400 
1785 1 26.144300 2.273120 26.148400 
1099 2 13.540500 3.720680 18.038300 
1276 2 17.285800 7.560540 18.166700 
1259 2 17.912700 4.585660 15.251200 
1395 2 19.540500 0.584468 16.712100 
1097 1 13.286600 4.343750 17.796900 
56 2 25.480000 6.420200 16.078300 
1825 1 25.753700 5.355260 22.469400 
1283 2 17.477400 10.560800 24.255900 
1223 2 22.434600 6.977840 22.953200 
1215 2 19.462700 0.733468 16.322900 
1057 1 14.304600 5.911810 15.360500 
1713 1 19.712300 12.137200 15.669000 
1055 2 16.294000 1.462800 18.789000 
1401 1 19.821600 1.667870 22.442800 
1275 2 17.216100 7.491160 18.103000 
1667 2 21.441500 12.237500 24.738400 
1843 2 24.262500 10.375800 23.902500 
1284 2 17.460800 10.719800 24.621300 
1072 2 15.239100 5.955870 19.972400 
1750 1 16.240300 10.376700 15.952500 
1644 2 25.059100 7.244670 26.270500 
1479 2 22.371200 8.258850 18.899800 
1423 2 22.593000 3.763070 23.130100 
1258 1 18.320400 4.232650 15.765900 
1254 1 21.969900 5.711140 13.325700 
1274 1 17.342500 7.284290 17.609200 
1071 2 15.236400 5.699020 19.936800 
1851 2 25.413200 8.619930 20.871800 
1188 2 17.899700 3.446870 21.463500 
1396 2 19.669900 0.564830 16.628200 
1414 1 21.079800 3.356480 19.184100 
1416 2 20.634100 3.018060 19.346000 
1422 1 22.280000 3.011340 23.178600 
1696 2 21.615000 9.165760 14.778600 
982 1 16.436000 1.054720 24.365300 
1855 2 25.283100 6.498250 16.197000 
1873 1 24.251800 10.882000 17.964200 
1056 2 16.505400 1.460870 18.745900 
1433 1 20.617400 6.410480 16.594800 
1434 1 20.323900 5.597960 17.839800 
1435 2 20.436700 5.802150 17.091500 
1436 2 20.504200 6.251490 16.957000 
1695 2 21.375100 9.205430 14.826600 
28 2 26.143900 4.948160 23.437200 
1067 2 13.964700 10.274800 23.445000 
1693 1 21.427100 9.841430 14.958300 
836 2 14.990400 4.323240 25.685600 
1182 1 19.820400 5.690400 23.908400 
1480 2 22.443800 8.193530 18.681900 
1260 2 17.962400 4.486620 15.307700 
1185 1 18.252200 3.237510 22.117800 
804 2 16.920700 0.954447 25.211900 
1660 2 17.532600 8.126120 14.916800 
1786 1 25.148100 1.328040 25.321600 
1477 1 22.142200 8.145620 19.395600 
1646 1 19.801300 9.269370 24.995700 
1187 2 17.939300 3.379030 21.510500 
1184 2 19.460000 5.292060 24.805700 
1281 1 17.470500 11.067700 25.044000 
1081 1 16.302100 12.554200 22.006000 
1586 1 18.919700 6.612110 20.374900 
1214 1 18.468300 0.637806 16.849800 
1257 1 22.547000 0.990438 13.456800 
1024 2 17.829400 9.787830 21.132500 
1216 2 19.329600 0.484146 16.486800 
1278 1 14.066700 3.271360 14.225000 
1070 1 14.903300 6.088260 19.484200 
1853 1 24.854200 6.257180 15.170400 
1751 2 16.673100 10.996300 15.294800 
1500 2 13.633100 9.252150 14.225500 
1629 1 23.771000 4.865130 19.042700 
1630 1 24.286100 5.510200 20.026900 
1631 2 23.936000 5.143000 19.543700 
1632 2 24.078100 5.200900 19.503700 
1633 1 23.575500 3.200270 16.684400 
1634 1 22.566300 4.095460 16.747300 
1635 2 22.984300 3.496700 16.920600 
1636 2 22.959200 3.603200 16.666800 
1659 2 17.631100 8.001300 14.822900 
1446 1 15.247400 7.272220 25.525800 
1221 1 22.210400 6.986750 23.642000 
27 2 26.269400 5.328370 23.232700 
1645 1 21.034300 9.012590 24.633900 
1749 1 16.858600 11.319500 14.880800 
1224 2 22.607200 7.027830 22.986700 
1647 2 20.568800 9.087250 24.848200 
1649 1 21.349900 10.154300 21.809800 
1650 1 22.032000 10.670300 20.756300 
1651 2 21.741900 10.253800 21.326300 
1652 2 21.667700 10.543800 21.473900 
1656 2 19.672000 10.123400 18.093000 
1497 1 13.747000 8.564190 13.840200 
1445 1 14.865900 8.296080 26.208200 
1222 1 22.722200 7.047260 22.404300 
26 1 26.067100 4.197560 23.664500 
1016 2 15.143500 1.474880 15.445900 
1282 1 17.436100 10.165200 23.795700 
1622 1 23.234200 3.678150 25.842900 
1244 2 14.376000 8.985860 20.574600 
1295 2 15.913400 11.135500 18.841200 
1854 1 26.321500 5.629720 16.351500 
1102 1 14.363200 12.881800 25.337900 
1448 2 15.136800 7.736060 25.797100 
25 1 25.732800 5.742070 24.129300 
1066 1 14.593700 11.079000 23.632600 
1671 2 21.533600 12.662900 18.939100 
802 1 15.873400 0.108816 25.796600 
1669 1 21.912800 12.235800 18.673300 
1878 1 24.249500 8.224580 13.250300 
1624 2 22.992500 3.815180 26.221500 
1782 1 21.296400 0.471534 25.637200 
1672 2 21.525500 12.689600 19.138500 
1623 2 22.944900 4.081110 26.404400 
1612 2 25.955100 2.586030 18.448600 
873 1 14.120000 12.738200 15.883300 
1290 1 13.516100 9.515940 18.137900 
1432 2 19.483500 13.109800 21.818900 
1643 2 25.073600 7.694830 26.141200 
1670 1 21.036300 13.131800 19.477900 
1604 2 21.312500 0.769940 26.518500 
1337 1 19.333700 12.196600 13.279100 
1783 2 21.242900 0.834617 26.569700 
1235 2 21.944000 1.711550 13.375100 
1594 1 20.189300 24.558800 2.977390 
1935 2 22.598800 15.617600 11.628800 
1196 2 17.407300 24.429400 10.599600 
1153 1 15.847300 16.003700 10.031700 
1346 1 16.446100 19.456300 4.121630 
1529 1 15.473200 13.763400 9.352760 
1345 1 15.427400 18.796700 4.368390 
1770 1 22.004100 20.827100 4.368020 
303 2 26.447100 16.456900 2.104780 
1764 2 25.052200 21.735000 1.580260 
1661 1 21.827700 26.651500 4.551610 
1418 1 21.846900 23.913000 11.731900 
1417 1 20.550100 23.421300 12.449700 
1789 1 23.544400 24.966800 6.576740 
1774 1 25.067000 17.446400 4.049660 
1739 2 19.292800 15.347400 12.997300 
133 1 23.488500 15.291200 10.793400 
135 2 22.729700 15.871900 11.418100 
144 2 22.806800 18.566500 0.898668 
1747 2 18.786600 14.380800 4.067180 
1361 1 21.082600 16.852500 3.723980 
142 1 23.273300 17.846400 0.529452 
1360 2 19.329700 21.343300 8.983980 
1366 1 19.554300 20.206200 1.817520 
841 1 15.998100 15.556100 1.702460 
987 2 14.621200 24.911700 1.316390 
1772 2 22.221800 19.980100 4.337100 
1145 1 14.134300 23.559000 4.444450 
1944 2 23.052200 18.506200 1.285290 
1771 2 22.218900 20.302900 4.216490 
114 1 24.714000 13.570100 8.159350 
1384 2 17.722500 25.243500 6.519140 
154 1 24.867700 19.938500 9.549960 
1488 2 18.335000 17.501800 2.396990 
1155 2 16.314400 16.383100 9.829720 
1777 1 25.064200 22.347900 11.436000 
176 2 24.903400 19.322500 9.037350 
844 2 16.347200 14.814700 1.496060 
939 2 13.858300 16.046700 12.950200 
1364 2 21.192600 16.988000 4.407040 
1130 1 17.855900 20.969900 12.374600 
1007 2 18.947200 20.973000 4.863420 
1566 1 25.339700 21.454300 6.455140 
1567 2 25.022500 21.452200 6.006460 
1807 2 25.258000 25.490500 0.382146 
1005 1 18.464900 21.302000 5.095390 
1357 1 19.720100 20.919100 9.342120 
842 1 16.296400 14.305000 1.372250 
1509 1 18.228500 16.740600 6.898050 
1163 2 17.625500 26.125300 2.157730 
1606 1 23.685600 24.772900 3.366480 
9 1 26.281400 23.502600 7.222090 
143 2 22.900300 18.306600 0.780330 
134 1 22.774900 15.387100 12.430900 
1882 1 24.864500 14.107800 0.706468 
10 1 26.466200 24.487900 8.680700 
1754 1 17.141900 14.323800 6.307450 
1748 2 18.835100 14.335900 4.027500 
1195 2 17.350000 24.275400 10.503100 
1501 1 16.643600 19.889600 0.768372 
1146 1 14.756600 22.411900 5.207140 
173 1 24.157400 16.603700 7.903030 
1536 2 18.941800 13.715900 10.006600 
103 2 23.015100 13.385200 4.335310 
1760 2 24.569000 16.449500 7.341910 
1006 1 19.546700 20.673900 4.813190 
1734 1 21.552600 20.955100 11.600000 
986 1 14.173500 24.754600 0.947818 
1532 2 15.187600 13.424500 9.679820 
1219 2 22.508300 22.026900 8.666850 
1194 1 16.892200 24.664900 10.620500 
1405 1 21.710900 22.994800 4.858100 
1722 1 20.973900 14.884600 1.703910 
1792 2 24.170000 25.232800 6.463840 
1397 1 22.497000 21.939200 8.530170 
1934 1 23.015400 16.908900 11.525300 
1795 2 24.691400 25.997400 11.591000 
1738 1 19.859900 15.413800 12.717600 
1303 2 15.537100 15.809100 5.002060 
1779 2 24.729400 22.005000 11.946100 
980 2 14.100600 22.389300 12.111300 
174 1 25.090000 18.843100 8.734940 
1156 2 16.456000 16.489200 9.689420 
721 1 17.742300 22.898500 3.005470 
1147 2 14.466900 22.839700 4.991670 
1164 2 17.653800 26.301200 2.251350 
1600 2 20.958100 24.233100 12.220000 
1193 1 18.051300 23.963000 10.605700 
1026 1 14.614400 26.375700 4.345950 
1577 1 20.271100 17.458000 10.597800 
302 1 25.917500 16.738000 1.840450 
1204 2 17.883600 25.115000 6.506760 
97 1 25.809800 14.607300 13.003300 
1310 1 13.889700 18.264700 2.102510 
1399 2 21.771800 25.721700 8.645780 
1312 2 13.975600 17.704800 2.121580 
1745 1 18.424000 14.517800 3.540170 
136 2 22.906400 15.990400 11.613500 
1189 1 14.219000 24.744800 8.543960 
1365 1 20.574500 21.047400 1.319380 
940 2 13.547000 16.021600 13.088700 
1001 1 17.216200 24.909000 7.484890 
1302 1 15.707400 16.458900 5.126770 
1545 1 22.322100 22.796300 0.031822 
722 1 16.485900 23.110300 2.784370 
1796 2 24.594500 26.034600 11.373200 
1408 2 21.445900 23.261800 5.618450 
1593 1 20.134200 23.342400 2.665810 
978 1 14.396200 22.628100 12.258900 
1927 2 26.391500 15.002500 5.099720 
1154 1 16.976500 16.706600 9.470920 
1359 2 19.286100 21.069900 9.001230 
1608 2 23.744600 24.203500 2.953120 
1203 2 17.991600 25.511800 6.862770 
1352 2 14.760500 18.816800 7.399770 
1162 1 18.065500 26.042000 2.700180 
1579 2 19.768100 17.685800 10.093700 
1535 2 18.953100 13.783600 9.901640 
1351 2 14.666500 18.525200 7.469630 
1596 2 20.098000 23.869000 2.709340 
138 1 25.661200 18.980500 12.474000 
175 2 25.000100 19.308000 9.166150 
1347 2 16.062800 19.171700 4.333950 
1348 2 15.820700 19.222400 4.323690 
1311 2 13.952100 17.601600 2.259210 
977 1 13.246500 22.265000 11.758900 
1349 1 14.382300 18.955000 6.953840 
1161 1 17.196100 26.329000 1.763540 
1358 1 18.770300 21.708800 8.684710 
988 2 14.660800 24.916200 1.405420 
1943 2 23.006100 18.234300 0.892582 
1201 1 18.907900 25.196100 6.577270 
723 2 17.160700 22.920500 2.978730 
1780 2 24.769600 22.092400 11.745300 
1942 1 23.129100 19.339800 0.509157 
1159 2 16.158100 13.876500 12.759500 
1369 1 15.894300 22.363700 6.785330 
1370 1 16.506200 21.206100 7.521360 
1371 2 16.201600 21.598900 7.077750 
1372 2 16.286600 21.732000 7.070620 
1791 2 24.141200 25.475000 6.463250 
1723 2 20.464800 15.132600 1.101720 
1485 1 18.679700 17.137200 1.773010 
1363 2 21.158600 16.858300 4.408910 
1558 1 16.812000 17.450000 12.800800 
1560 2 17.174700 17.760000 13.291600 
1503 2 16.524500 20.295500 0.027704 
1776 2 24.863900 17.929200 4.448770 
1220 2 21.764500 25.771300 8.825570 
1601 1 21.328400 26.487000 0.713321 
1027 2 14.445200 26.328400 4.830530 
1383 2 17.854700 25.315600 6.591090 
1933 1 21.829300 15.719500 11.051700 
1925 1 25.682100 14.805000 4.914570 
1511 2 18.194700 17.469400 6.483890 
1512 2 18.204600 17.507000 6.457530 
1736 2 21.775200 20.120600 11.301200 
1901 1 22.841600 14.590500 3.902270 
1504 2 16.567500 20.216700 0.358706 
1759 2 24.491100 16.342600 7.402970 
1314 1 13.500900 13.404300 12.605600 
1775 2 24.637200 18.320900 4.578600 
1534 1 19.259000 13.337000 9.437810 
1755 2 17.386900 14.165500 7.184570 
1525 1 15.606200 20.705300 10.356600 
1526 1 16.870500 20.005300 10.156000 
1527 2 16.193000 20.293500 10.208500 
1528 2 16.392600 20.364700 10.206100 
1368 2 20.343300 20.534300 1.671190 
1350 1 15.099900 18.339400 7.915300 
1761 1 24.606600 21.119500 1.211000 
1301 1 15.394700 15.262100 4.551810 
843 2 16.175200 15.030100 1.497600 
1028 2 14.288400 26.045200 4.982630 
1753 1 17.634000 14.008300 7.492420 
1025 1 14.052800 25.998300 5.636850 
1191 2 14.118200 24.209100 8.805970 
1735 2 21.916600 20.305000 11.413100 
1008 2 18.918800 20.946700 4.830520 
1721 1 20.006500 15.158000 0.568631 
1599 2 20.983900 24.127500 12.507500 
1533 1 18.616900 14.030700 10.342400 
1400 2 21.762100 25.610700 8.740250 
1486 1 18.150400 17.913000 2.836240 
1553 1 22.130700 18.741100 7.507380 
1554 1 20.881400 19.255000 7.641600 
1555 2 21.558800 18.992700 7.582470 
1556 2 21.674700 19.046700 7.636040 
1218 1 21.061300 25.144800 8.780330 
1773 1 24.511700 18.540800 4.926140 
1605 1 23.833000 23.694200 2.533510 
979 2 13.863500 22.238100 11.877000 
1941 1 23.293700 18.448500 2.253610 
1018 1 22.567000 25.566500 8.765380 
141 1 21.891500 18.174200 1.074110 
724 2 16.950400 23.087600 2.984650 
1569 1 20.841400 14.908200 7.428560 
1570 1 21.376400 16.180700 7.299600 
1571 2 21.093500 15.429000 7.212110 
1572 2 21.230500 15.532400 7.366950 
1578 1 19.548000 17.893800 9.539940 
1580 2 19.643400 17.610200 10.023400 
1510 1 18.148600 17.956200 5.905170 
1595 2 20.086300 24.007700 2.744850 
1724 2 20.369500 15.067200 1.143010 
1763 2 24.808300 21.548100 1.388320 
1382 1 17.706800 26.329800 6.518480 
1756 2 17.398300 14.175900 6.842540 
1607 2 23.808700 24.287600 2.937580 
1568 2 24.935100 21.495000 5.740810 
1407 2 21.533400 23.238700 5.555010 
1769 1 22.374900 19.394700 4.290880 
1746 1 19.229100 14.364500 4.439920 
1794 1 24.239500 21.467400 12.353600 
1385 1 18.252500 24.246500 0.569572 
1928 2 26.452300 14.968700 4.994300 
1936 2 22.659500 15.989200 11.285900 
1362 1 21.170100 16.875900 4.988980 
1487 2 18.345200 17.773200 2.130330 
1406 1 21.340800 23.405200 6.271510 
1309 1 13.942500 16.911700 2.124430 
1565 1 24.603300 21.716100 5.248050 
1988 2 25.260100 25.475400 0.439720 
1985 1 24.699900 25.589300 0.528966 
1367 2 20.229500 20.576100 1.375300 
1757 1 24.813600 16.214500 6.853960 
1733 1 21.999900 19.724500 11.152300 
993 1 13.726300 25.641000 11.829200 
1192 2 14.298900 24.135100 8.660900 
1762 1 25.263300 21.933700 1.734990 
1420 2 21.070400 23.953300 12.454100 
938 1 14.364800 16.404800 13.022400 
1304 2 15.460800 15.789200 4.655020 
1793 1 25.741700 26.172200 11.555100 
1132 2 18.578800 20.963500 12.938800 
1381 1 17.433300 24.745900 5.541610 
985 1 15.031600 24.982900 1.838530 
1190 1 14.251000 23.551600 8.930280 
1160 2 16.300800 14.118500 12.963200 
1148 2 14.288100 23.038300 4.876060 
1131 2 18.593800 21.039800 12.720600 
1419 2 20.992500 24.165400 12.329400 
1597 1 20.438200 25.296400 12.396900 
1797 1 24.057700 26.067500 11.269300 
1790 1 24.631900 25.814900 6.402180 
104 2 22.963100 13.393700 4.025760 
1548 2 21.835600 23.108100 -0.027820 
961 1 13.786200 21.050200 2.663870 
816 2 14.106500 26.570900 12.045300 
1740 2 19.414100 15.190800 12.915400 
1178 1 14.735200 20.072300 12.453900 
482 1 26.545700 18.925500 0.215721 
1157 1 16.223100 14.537700 13.285900 
1387 2 18.165200 23.524100 0.047944 
1180 2 14.751700 19.567700 13.078100 
1584 2 18.297500 23.528700 0.042329 
1806 1 25.875500 25.286100 0.278972 
1884 2 24.456400 14.538300 0.007909 
1737 1 18.628100 15.142400 13.166500 
1179 2 14.787400 19.584900 13.080100 
1331 2 18.266300 13.749400 18.612500 
100 2 26.331900 13.814000 13.252600 
338 1 26.441100 15.528200 16.761600 
1104 2 14.597300 13.510400 25.022900 
1681 1 20.836400 15.297000 23.319500 
1125 1 13.700400 21.744800 16.569000 
1019 2 16.507500 23.655800 14.718800 
1199 2 16.632400 23.748900 14.768100 
1409 1 21.798800 25.438500 19.837200 
1907 2 24.080200 17.727800 23.421300 
696 2 14.781000 14.816700 19.187200 
120 2 22.803600 15.199600 15.919800 
1168 2 14.574200 23.476000 23.849500 
1319 2 14.662600 17.955200 16.873100 
1921 1 19.179900 21.427800 22.895700 
1561 1 19.983200 20.112200 19.415000 
1197 1 15.442900 23.160400 14.814100 
1615 2 23.985000 21.690200 15.293200 
1705 1 20.262800 17.966900 21.287100 
1744 2 23.750500 25.794900 23.563500 
1166 1 14.772800 23.854300 23.556200 
966 1 15.389800 24.843800 20.421600 
1732 2 16.741600 17.842700 19.571400 
968 2 14.501200 24.616400 20.810900 
102 1 20.315700 20.582900 23.214100 
83 2 24.111800 14.307100 26.337100 
117 1 23.540900 14.288900 15.422900 
106 1 23.681400 17.716000 22.238400 
137 1 24.558800 18.042800 13.373700 
695 2 14.506900 14.976700 19.334200 
1101 1 14.533800 13.936300 24.893600 
997 1 16.805600 23.529400 15.838500 
1883 2 24.570800 14.579100 26.455900 
851 2 14.612500 24.860200 17.487000 
874 1 13.423600 13.869500 15.950500 
1973 1 24.820600 19.356500 16.650400 
86 1 22.215500 16.758000 20.037000 
1113 1 16.984200 16.199100 15.710000 
875 2 13.832300 13.240200 15.788600 
1729 1 17.290400 17.716500 19.972800 
1937 1 25.801000 19.393200 14.428600 
82 1 23.300200 14.135500 26.311000 
1091 2 14.333000 16.967500 22.106900 
849 1 14.868700 24.803400 16.945000 
1920 2 22.802300 15.268600 15.835500 
139 2 25.654100 18.591400 13.237400 
1116 2 17.479700 15.882500 15.939900 
1618 1 24.148400 24.686800 16.263400 
107 2 24.162600 17.905100 23.481200 
1743 2 23.438500 25.854800 23.689000 
1502 1 16.567200 20.394500 26.131200 
1317 1 15.056300 17.434100 17.005900 
123 2 20.063700 21.233600 23.215500 
105 1 23.536900 18.577900 23.729100 
1379 2 21.000800 18.331800 14.534100 
1961 1 24.820400 21.159500 24.452800 
1947 2 23.176900 20.239700 20.423500 
124 2 20.028100 21.440800 23.519700 
1167 2 14.661900 23.457500 23.849800 
1465 1 16.757500 16.202200 21.595300 
1200 2 16.428800 23.733000 14.869000 
1592 2 22.098400 24.565000 20.200900 
1380 2 20.986700 18.529200 14.416800 
850 1 14.197700 25.132800 18.042800 
1620 2 23.902800 25.848300 15.891500 
1329 1 18.779500 14.264000 18.214200 
1923 2 19.898600 21.276500 23.226700 
967 2 14.765900 24.536900 20.672400 
339 2 26.439000 16.032500 16.529200 
1742 1 23.294400 25.658800 23.975300 
1619 2 23.490200 25.606800 15.991900 
1524 2 16.528100 19.978600 22.687500 
1325 1 16.009100 21.612500 18.485900 
1326 1 14.660600 21.730100 19.004300 
1327 2 15.386000 21.574800 18.576200 
1328 2 15.271900 21.585800 18.727300 
1940 2 25.575600 18.624900 13.377900 
876 2 13.806700 13.354500 15.896300 
1115 2 17.343000 15.800800 15.996100 
1959 2 25.686600 17.302100 19.840600 
81 1 24.856400 13.945000 25.785300 
1590 1 21.917100 24.577700 21.209300 
1020 2 16.340800 23.627000 14.725600 
1012 2 17.311400 26.397000 21.521700 
1353 1 18.919100 20.353800 16.515700 
1354 1 17.528500 19.778000 16.708800 
1355 2 18.400000 20.172800 16.678400 
1356 2 18.058900 20.032600 16.452600 
1521 1 16.801800 20.396900 23.154300 
1613 1 24.392400 21.708500 14.872700 
1011 2 17.503600 26.323900 21.617700 
1544 2 19.994000 25.027400 23.865800 
1468 2 17.143900 15.777800 22.357000 
84 2 24.221100 14.331700 26.276000 
1267 2 15.552600 16.680300 25.364100 
1285 1 19.629100 18.429600 25.948800 
1287 2 19.671600 18.128000 25.416600 
285 1 23.835700 13.312000 21.787200 
1917 1 23.418100 15.986700 15.632600 
1906 1 23.899200 16.906900 23.955600 
87 2 22.490200 16.450600 20.435200 
1523 2 16.504400 19.930600 22.833300 
1389 1 17.258400 24.270100 18.681300 
1391 2 17.768700 23.994900 18.694700 
1581 1 18.076700 22.979900 26.248000 
108 2 24.210000 17.974000 23.108500 
1741 1 24.317000 25.969700 23.099600 
1683 2 21.415200 15.366000 23.922200 
1410 1 23.162700 23.952700 19.822000 
1412 2 22.004600 24.220000 19.891100 
1924 2 19.921800 21.338100 23.266900 
1288 2 19.865300 17.889300 25.441100 
1899 2 26.459200 13.791400 13.387500 
1177 1 14.744000 19.226600 13.591800 
1598 1 24.740600 26.182700 15.408900 
1945 1 23.233000 20.121700 21.325700 
1974 1 25.551100 18.689800 17.709900 
1431 2 19.615700 13.312400 21.846200 
1198 1 16.505800 24.473000 14.431800 
1702 1 17.888900 13.983000 25.849500 
1128 2 13.297700 21.502600 15.972600 
1092 2 14.356400 17.384800 22.377600 
1103 2 14.382100 13.351300 25.272500 
1402 1 17.315700 22.908500 22.098200 
1549 1 20.386900 17.248300 17.295700 
1550 1 19.489000 16.529200 18.148200 
1551 2 19.823800 16.848600 17.834500 
1552 2 19.957400 16.868000 17.573600 
965 1 14.271300 24.378900 21.009400 
1542 1 20.200300 24.749500 24.206800 
1562 1 19.143000 21.301100 19.928200 
1564 2 19.501800 20.707900 19.699100 
1573 1 20.635900 23.197100 16.788600 
1574 1 19.881100 23.358400 15.696000 
1575 2 20.338900 23.393900 16.208000 
1576 2 20.320600 23.316400 16.295600 
1975 2 25.379400 19.047200 17.306800 
1165 1 14.431500 22.907700 24.351700 
161 1 23.624100 22.797100 23.959900 
1342 1 13.503300 20.459400 22.067200 
119 2 22.940400 15.109500 15.839600 
1522 1 16.425100 19.465400 22.377900 
1589 1 21.420800 23.775800 19.604500 
1591 2 21.917700 24.424000 19.981200 
1286 1 19.937500 17.596400 24.881200 
1411 2 22.066100 24.576200 20.048800 
1390 1 18.610700 23.745400 18.551800 
1701 1 18.949400 13.791800 25.066700 
1090 1 13.957900 17.689600 22.305000 
164 2 24.832200 22.352600 24.380500 
1614 1 23.378000 21.513600 15.743200 
1616 2 23.965000 21.674400 15.172200 
1541 1 19.581000 25.254600 23.228700 
1563 2 19.433200 21.068800 19.715600 
1922 1 19.903500 21.496600 24.322800 
1758 1 26.441300 23.405800 14.622300 
1893 1 25.103000 14.316100 19.366500 
1706 1 19.289000 17.930000 22.254900 
1707 2 19.786800 17.957800 21.586400 
1708 2 19.869800 17.914600 21.955100 
1800 2 24.032700 25.687700 15.896400 
1617 1 23.695100 26.248100 16.874000 
1393 1 19.905100 26.293400 16.796000 
288 2 24.119300 13.441400 22.305300 
118 1 21.927700 15.105100 15.477400 
1948 2 23.122400 20.245800 20.673600 
1467 2 17.259200 15.916800 22.315000 
1682 1 21.666900 15.402500 24.400500 
1725 1 21.405500 20.505700 17.249900 
1726 1 22.394300 19.893600 17.662100 
1727 2 22.051700 20.165800 17.398300 
1728 2 22.057000 20.255800 17.473400 
1129 1 19.174000 21.230300 13.200100 
1918 1 22.725600 15.272600 16.836600 
1731 2 16.622300 17.842300 19.608300 
1377 1 20.808100 17.522000 14.501600 
1957 1 25.761800 17.138700 19.903100 
88 2 22.343300 16.257400 20.405400 
1010 1 16.854500 26.008600 21.511200 
1114 1 18.003400 15.492300 16.250300 
1392 2 17.876700 23.937700 18.612900 
1976 2 25.123800 18.907500 17.163200 
1993 1 25.962800 22.127300 19.828800 
1798 1 23.124700 25.565900 15.383500 
162 1 25.563600 22.246300 23.257300 
1896 2 24.759400 14.262000 19.033000 
1962 1 25.469100 22.519000 24.927800 
193 1 25.799400 23.247500 18.425300 
1268 2 15.575500 16.667800 25.292000 
1266 1 15.261100 17.086500 25.244700 
85 1 22.829900 15.711100 20.928000 
286 1 24.345300 13.875900 22.842900 
1946 1 23.273000 20.672900 19.925100 
1265 1 16.067700 15.881500 25.610100 
1543 2 19.722900 25.118200 23.671400 
1330 1 18.000500 13.528900 18.830300 
340 2 26.410100 16.264200 16.560000 
122 1 20.445600 22.049600 22.902500 
1730 1 16.257400 18.147800 19.324900 
693 1 14.749100 14.775400 18.630600 
1332 2 18.237900 13.975100 18.544600 
1881 1 24.551900 15.577400 26.370100 
1557 1 17.499200 18.166100 13.840200 
694 1 14.219600 15.165400 20.056800 
1466 1 17.489300 15.643200 22.705400 
1684 2 21.129100 15.326000 23.702000 
1017 1 17.085200 22.848400 14.181700 
163 2 25.003700 22.300700 24.059700 
1403 2 17.331500 22.923800 21.935200 
1919 2 22.667000 15.222000 15.853700 
337 1 26.148900 16.879200 16.398300 
140 2 25.598200 18.572700 13.258100 
1897 1 26.090200 13.754900 14.394900 
1895 2 24.843000 14.014000 18.770600 
287 2 23.968200 13.694000 22.087700 
1703 2 18.199900 14.012900 25.518400 
1908 2 24.319200 17.994300 23.194800 
1546 1 21.132500 23.454200 26.414000 
1799 2 23.892000 25.608000 16.073500 
1322 1 13.785800 19.275100 25.623100 
1318 1 14.245600 18.281100 16.365300 
1320 2 14.807900 17.923500 16.705200 
1894 1 24.356300 13.950100 18.350300 
1905 1 25.014700 18.056200 23.251500 
1378 1 21.159000 18.948700 14.433300 
1704 2 18.420300 13.888100 25.592400 
1089 1 14.626000 16.729100 22.235500 
852 2 14.406800 25.115000 17.405100 
1429 1 18.988000 13.690800 21.558800 
1963 2 24.868300 22.322900 23.995400 
1964 2 24.848000 22.101700 24.159300 
1547 2 21.681400 23.108400 26.433100 
1217 1 21.556800 24.176700 13.224700 
1559 2 16.960000 17.531000 13.282900 
99 2 26.519300 14.042600 13.496100 
1938 1 26.632100 18.078300 13.434400 
1939 2 25.626800 18.647700 13.586800 
