id type x y z 
1135 2 9.840210 12.796500 4.075330 
1427 2 2.934480 3.838300 9.178900 
1831 2 1.481530 7.456180 2.880900 
1887 2 2.851900 10.519700 3.962600 
882 1 12.380000 11.619300 1.688520 
1697 1 11.570000 11.501300 10.222000 
1859 2 2.206490 6.602370 12.552900 
444 2 9.852810 8.970660 2.328790 
572 2 10.413000 1.919030 8.729490 
1814 1 7.082970 0.099913 6.996200 
1802 1 4.756420 2.383210 0.258925 
94 1 0.453760 6.419550 8.705070 
462 1 5.457410 12.932400 3.125310 
1885 1 2.560750 9.967180 4.024310 
860 2 13.168500 4.102000 10.614100 
1803 2 4.259040 3.458430 0.416889 
614 1 10.738300 0.990165 12.487200 
1830 1 1.709840 7.603770 3.303240 
266 1 4.610220 8.505010 2.592310 
615 2 10.439300 2.026970 12.410300 
570 1 9.844100 1.890970 8.518450 
591 2 11.885500 6.155550 4.116090 
4 2 4.093880 3.531730 0.254203 
382 1 11.572300 1.568980 3.768990 
281 1 1.206920 13.526200 3.427780 
208 2 0.171937 7.789740 5.822390 
265 1 4.609850 7.583800 1.664900 
374 1 7.340520 0.893243 10.274000 
276 2 1.893250 10.963400 11.083000 
795 2 10.400000 2.164480 12.605800 
518 1 5.423650 4.282290 11.842000 
1133 1 10.514400 12.566500 3.756950 
229 1 1.896000 4.217680 4.931860 
230 1 2.750740 5.150880 4.568100 
231 2 2.308750 4.573540 4.858750 
232 2 2.474950 4.920950 4.759720 
501 1 4.114600 12.450100 0.720166 
661 1 10.296900 8.961410 5.742400 
1270 1 10.622500 7.200630 12.575400 
244 2 6.751330 10.605100 4.452190 
883 2 11.671300 11.663700 1.404140 
782 1 12.010200 5.426710 1.086820 
470 1 5.455710 11.548000 10.971300 
389 1 7.300770 3.878770 8.125160 
243 2 6.762650 10.617900 4.469630 
403 2 7.919730 5.850870 3.627570 
1981 1 3.397570 2.846030 1.604310 
718 1 11.287200 10.188100 12.613300 
848 2 12.012000 1.841430 0.896856 
612 2 11.307200 5.520270 7.711410 
204 2 10.980700 2.452520 4.678610 
381 1 10.172300 2.384540 3.868590 
269 1 4.004130 7.982640 5.899040 
270 1 5.291790 7.263920 5.985380 
271 2 4.599020 7.563290 6.035940 
272 2 4.737440 7.562440 5.754670 
442 1 9.699160 8.576310 2.736220 
17 1 3.539230 1.754200 12.567100 
581 1 7.541570 5.144030 4.416640 
584 2 7.744760 5.914270 3.741210 
475 2 4.350330 0.562209 8.317060 
609 1 12.259600 4.741680 7.526100 
783 2 11.065800 5.561440 0.427146 
1428 2 2.922890 3.778910 9.146070 
441 1 10.047400 9.155540 1.735090 
290 1 5.807560 9.384590 8.875030 
291 2 5.222180 10.143100 8.654480 
292 2 5.546120 10.026800 8.537540 
519 2 5.442090 4.134820 11.194100 
373 1 6.400180 0.769683 11.328300 
188 2 1.127450 0.815178 5.265200 
93 1 0.458191 7.389930 9.618170 
571 2 10.680100 1.804790 8.807080 
1449 1 0.140095 3.764190 7.358680 
242 1 6.234910 10.253800 4.623880 
1699 2 12.045700 11.251200 9.703420 
1042 1 13.142300 9.964160 6.214460 
857 1 12.674900 4.112180 10.304200 
551 2 3.348550 13.302500 6.021300 
550 1 2.975610 12.565700 6.325120 
796 2 10.520600 2.208670 12.762000 
1700 2 12.069100 11.181400 9.826010 
20 2 2.507740 0.597277 12.097600 
253 1 5.131110 8.246440 13.013900 
5 1 1.763280 1.241570 4.490660 
1044 2 12.949700 9.476540 6.570740 
789 1 11.778500 6.201890 8.002270 
471 2 5.613050 12.350700 11.376800 
390 1 7.606930 2.983830 6.629650 
1832 2 1.676600 7.532320 2.684240 
520 2 5.484570 4.272240 11.233400 
1425 1 3.442670 4.010480 9.561830 
268 2 4.562260 7.970320 2.208880 
542 1 8.609620 3.175680 1.080550 
616 2 10.436700 1.847530 12.580300 
1426 1 2.415930 3.840480 8.476380 
861 1 7.278870 9.509650 11.255900 
402 1 7.873900 5.497390 2.691430 
1271 2 11.034600 6.887460 12.251300 
264 2 7.850170 11.005800 0.672841 
472 2 5.671240 12.050400 11.123900 
476 2 4.545060 0.755076 8.428030 
210 1 6.283180 4.353270 6.800520 
1094 1 10.264000 8.465030 8.837020 
273 1 2.186210 10.348700 10.392700 
792 2 11.552100 5.388000 7.413350 
263 2 7.603730 10.777400 1.136850 
487 2 9.550490 11.707800 7.580860 
1819 2 2.689570 0.770456 12.019300 
446 1 7.428130 6.608640 0.085068 
3 2 4.015320 3.280600 0.129031 
1818 1 1.618790 0.943622 12.437300 
241 1 7.349490 11.048900 4.610830 
309 1 1.526030 9.204600 6.993520 
392 2 6.844400 3.484000 7.261310 
207 2 0.217019 7.732370 5.769560 
590 1 11.852100 6.292550 4.601300 
1134 1 9.419800 12.816400 4.716750 
312 2 1.812560 9.800970 7.526090 
1998 1 4.618570 0.685129 8.867620 
212 2 6.979560 3.489120 7.223200 
1888 2 2.809720 10.577100 3.816080 
313 1 2.372920 13.125600 8.982410 
223 2 4.684380 1.488080 4.762970 
583 2 7.637820 5.933000 3.746380 
493 1 6.244350 13.205400 7.273590 
310 1 2.307760 9.904790 7.836830 
790 1 10.907100 5.607550 6.809600 
275 2 1.822030 10.985800 10.822200 
1698 1 12.406800 11.126800 9.355790 
862 1 8.485300 8.895800 10.644800 
52 2 4.524010 6.435810 9.246460 
517 1 5.480040 3.979940 10.609200 
503 2 3.567290 12.316000 0.491808 
222 1 4.402190 1.618050 5.133270 
474 1 1.905800 2.455840 10.827000 
383 2 10.911400 2.341290 4.168200 
544 2 8.215110 2.728330 1.154250 
2000 2 2.580330 0.780257 12.286100 
504 2 3.389540 12.311000 0.437332 
311 2 1.980020 9.654220 7.497610 
1829 1 1.604560 7.371670 2.003200 
502 1 2.951630 12.213000 0.227025 
262 1 7.715190 11.020800 0.254813 
665 1 8.222330 7.649820 7.424210 
666 1 6.856260 7.931790 8.248260 
667 2 7.674780 7.778910 7.701020 
668 2 7.402390 7.863220 7.823850 
673 1 8.222160 4.889050 10.100700 
674 1 9.008640 5.221070 11.177500 
675 2 8.647790 5.028290 10.684300 
676 2 8.580320 5.186230 10.651900 
486 1 9.865280 11.723900 7.247080 
863 2 7.826620 9.340060 10.893600 
473 1 4.122460 0.451459 7.720330 
488 2 9.431610 11.593200 7.589580 
1999 2 2.757870 0.327805 12.319900 
663 2 9.908170 9.057510 5.266230 
289 1 5.170780 10.726200 8.399080 
187 2 1.333180 0.940375 5.116270 
375 2 7.019790 0.819218 10.621800 
254 1 4.336470 9.203030 12.761700 
604 2 11.272600 5.833430 0.450915 
184 2 3.858400 3.468840 0.125654 
209 1 6.197670 2.628930 7.688100 
202 1 10.768300 1.807790 5.481400 
610 1 10.574300 5.099610 8.350970 
717 1 10.769200 11.251500 12.988600 
662 1 9.587760 9.298220 4.754490 
1847 2 1.676130 -0.035009 1.726510 
602 1 10.902700 6.640950 0.734918 
781 1 10.317000 5.187800 0.942378 
582 1 8.714550 6.477230 3.798470 
1804 2 4.048750 3.169520 0.231083 
791 2 11.365900 5.471280 7.601360 
267 2 4.569080 8.079810 2.117810 
96 2 0.421675 6.793770 9.061370 
1095 2 10.618900 8.284960 9.435460 
881 1 11.166000 11.630100 1.260400 
51 2 4.650430 6.519150 9.383100 
1096 2 10.567600 8.318700 9.164570 
205 1 0.424856 7.236510 5.437820 
391 2 6.967170 3.544400 7.434300 
1269 1 11.840700 6.403430 11.979400 
485 1 8.810390 11.484800 7.991440 
49 1 4.299590 6.604790 8.925290 
569 1 11.262400 1.917050 8.976330 
1272 2 11.224400 6.795620 12.211300 
201 1 11.463400 3.485690 4.667630 
784 2 11.107400 5.683900 0.488889 
845 1 11.410400 2.287430 1.083780 
224 2 4.716080 1.401550 4.715860 
664 2 9.994780 9.140830 5.505900 
95 2 0.320032 6.851980 9.113140 
58 1 1.797770 7.264860 12.857400 
203 2 11.023400 2.348710 4.538030 
256 2 4.667470 8.837160 12.752900 
19 2 2.523340 0.227898 12.227400 
404 2 7.847450 5.743160 3.458790 
186 1 0.110437 1.222880 5.276180 
200 2 2.579540 0.604134 12.545800 
552 2 3.037520 12.972800 5.940030 
603 2 11.194600 5.680840 0.633395 
720 2 10.798800 10.841300 12.636500 
50 1 5.037540 6.091370 10.104800 
221 1 5.094720 0.952463 4.065350 
211 2 6.723390 3.455750 7.419940 
274 1 1.705710 11.491000 11.338200 
1093 1 11.010500 8.086730 9.903370 
1801 1 5.346780 3.363690 1.628060 
719 2 11.176300 10.595200 12.694000 
864 2 7.873430 9.198970 10.872900 
1886 1 3.112270 11.055500 3.872180 
543 2 8.395150 2.601690 1.303640 
1848 2 1.751280 -0.001800 1.937240 
592 2 11.690200 6.190510 4.069680 
185 1 1.333670 0.975779 6.383480 
1983 2 4.390410 3.452170 0.473312 
401 1 6.972310 6.558290 3.708810 
611 2 11.647700 5.323540 7.518620 
199 2 2.758220 0.879962 12.353000 
884 2 11.614600 11.515200 1.506320 
376 2 6.974430 0.948983 10.727900 
8 2 0.996826 0.659788 5.444870 
57 1 1.866920 5.633690 12.521200 
255 2 4.748090 8.712260 12.780700 
443 2 9.870770 8.718880 2.263280 
7 2 1.052820 0.902436 5.323120 
384 2 10.840300 2.139720 3.999900 
183 2 4.147080 3.405790 0.434635 
1984 2 4.177850 3.523920 0.554714 
261 1 7.842560 10.553200 1.633480 
1858 1 2.587790 6.381210 11.611300 
918 1 8.612870 12.892300 10.681600 
1136 2 9.917070 12.797100 4.032580 
59 2 1.793780 6.159300 12.348400 
846 1 12.244100 1.252850 0.797584 
541 1 7.911200 2.080380 1.437980 
63 2 0.329751 10.226700 1.084210 
1 1 1.381980 0.127154 2.383740 
1997 1 3.729500 0.541357 11.196600 
469 1 5.903840 12.667300 11.772900 
1609 1 3.531120 4.843990 1.648960 
613 1 11.226400 2.467280 12.422700 
1861 1 0.537027 10.188800 1.527330 
793 1 9.822700 2.202870 11.726500 
847 2 11.789200 1.711950 0.952986 
1043 2 12.867100 9.695540 6.720480 
589 1 11.551800 5.885360 3.477030 
1820 2 2.968630 0.771724 12.500200 
1041 1 12.523100 9.172520 7.351020 
60 2 2.273530 6.316680 11.943300 
902 1 12.863300 8.727810 3.264040 
480 2 3.630620 11.896600 14.075100 
1074 1 8.569810 9.166460 24.098100 
1118 1 9.929440 6.809290 19.077500 
560 2 11.694300 12.199500 19.604200 
239 2 6.930740 2.199270 13.917400 
853 1 9.381010 6.482680 23.594900 
626 1 12.218900 2.800210 23.806900 
434 1 6.678420 2.464940 18.400100 
648 2 1.321120 7.326690 26.317700 
31 2 1.170030 3.728600 18.701800 
213 1 2.801390 2.979280 15.035800 
647 2 1.346820 7.288780 26.361700 
214 1 2.269620 3.728940 16.012700 
458 1 5.478620 9.498850 15.875400 
854 1 10.387800 7.150270 22.967000 
686 1 8.213020 8.319120 21.484800 
700 2 7.445570 7.794800 13.804200 
559 2 11.671000 12.355100 19.592900 
25 1 1.092490 6.035170 23.375900 
448 2 7.004140 6.999150 26.172900 
1120 2 10.343900 7.078630 18.349500 
439 2 3.040840 6.513510 16.905200 
406 1 8.774590 0.959211 22.018900 
240 2 6.849920 2.426250 13.704600 
1050 1 11.275900 4.280140 22.086700 
915 2 9.102940 4.860660 14.704600 
279 2 0.694897 7.347450 19.340700 
65 1 1.662430 10.107000 20.283800 
537 1 8.432690 11.883900 13.248100 
1865 1 1.077030 11.671500 20.147200 
636 2 4.990940 5.278040 14.130600 
433 1 5.724870 3.066970 16.970000 
225 1 2.687670 7.948150 22.537600 
226 1 1.767090 9.022050 22.775300 
227 2 2.373450 8.528830 22.918000 
228 2 2.330560 8.521790 22.752000 
1080 2 9.885120 8.679360 15.415500 
705 1 3.918150 9.485150 24.766500 
1119 2 10.434500 6.896710 18.558400 
298 1 2.998310 9.479210 16.268600 
1051 2 11.388600 3.863780 21.557200 
887 2 10.450800 11.970100 16.198200 
491 2 4.778250 8.935640 19.352700 
387 2 6.570230 0.411530 24.600400 
30 1 1.469210 4.179960 18.678100 
538 1 7.238850 11.842100 13.811900 
1102 1 13.154900 13.164300 26.212300 
633 1 5.787380 5.183320 14.332600 
706 1 4.583010 9.270110 25.942300 
646 1 1.832890 7.942210 26.354700 
891 2 11.106600 9.148280 21.353500 
198 1 2.284930 0.860532 14.118500 
708 2 4.399830 9.242580 25.447700 
892 2 11.063900 9.317520 21.631200 
540 2 7.721920 11.818400 13.446500 
1857 1 1.630300 8.211680 14.136200 
182 1 3.112450 4.205030 26.321100 
865 1 11.134300 11.406900 24.816500 
709 1 6.602440 12.543500 24.956700 
658 1 12.335100 0.672487 15.362300 
29 1 0.771300 3.050270 18.893500 
299 2 2.189660 9.602180 16.283200 
640 2 8.686790 0.316460 16.018000 
306 1 4.878900 12.761200 19.125100 
639 2 8.802650 0.109181 16.091100 
711 2 6.476450 12.689300 24.264700 
280 2 0.751567 7.310770 19.366000 
70 1 8.309470 13.207900 17.592400 
800 2 11.497800 0.179616 19.142600 
297 1 1.672880 9.535710 16.474400 
914 1 9.503230 5.041290 13.887000 
680 2 9.990920 3.308820 17.492700 
638 1 8.172320 -0.064398 16.134800 
866 1 10.642300 12.703600 24.247300 
916 2 9.149200 4.919990 14.548800 
308 2 5.579880 12.687000 18.542700 
460 2 5.465240 10.294300 16.245700 
1827 2 0.713976 4.980200 23.285700 
688 2 7.807370 8.259650 20.931000 
300 2 2.470530 9.412310 16.353100 
712 2 6.455160 12.721200 24.332600 
678 1 9.616210 2.847070 17.380700 
1866 1 0.879571 11.040800 21.580000 
32 2 1.134090 3.501750 18.644200 
425 1 4.418740 3.231880 22.186200 
426 1 5.256230 2.389570 22.528800 
427 2 4.882370 2.772070 22.321000 
428 2 4.755130 2.723590 22.465100 
41 1 0.174245 10.787200 25.130200 
28 2 0.424453 4.879950 23.286400 
558 1 12.329800 11.710100 19.694600 
1834 1 1.696250 0.645281 17.058200 
627 2 12.317500 2.753750 24.495000 
216 2 2.444990 3.491550 15.606300 
913 1 9.006480 4.531040 15.226900 
438 1 2.434440 6.976680 16.982100 
682 1 11.508500 9.807650 25.874300 
1289 1 12.366900 9.811560 17.191300 
465 1 9.054320 12.002900 20.419700 
710 1 6.336210 12.862100 23.705400 
900 2 8.185350 10.321600 17.787100 
713 1 5.480140 11.280200 22.497900 
2 1 4.678650 3.436880 25.005600 
877 1 11.527900 6.263950 15.612200 
453 1 3.816330 4.968510 20.292800 
454 1 4.110350 6.228000 19.654800 
455 2 3.960330 5.404160 20.080600 
456 2 3.893940 5.529170 20.090900 
679 2 9.932580 3.384960 17.441400 
492 2 4.686220 9.005680 19.098800 
878 1 12.823500 5.779890 15.147300 
1075 2 7.839390 9.239550 24.138800 
237 1 10.012400 2.120610 13.537900 
635 2 5.173600 5.138100 14.263200 
467 2 8.830600 12.071800 21.076900 
468 2 8.658340 12.159900 21.266600 
645 1 0.960096 6.885170 26.060500 
278 1 1.211960 6.797400 19.131000 
68 2 1.411020 11.121500 20.649100 
489 1 4.337570 9.195640 18.780100 
707 2 4.329580 9.356720 25.409300 
539 2 8.020460 11.834700 13.674500 
898 1 8.237470 10.245200 18.656200 
617 1 11.514000 0.852835 18.261400 
1991 2 0.035563 0.703939 21.643800 
1500 2 13.317700 9.006540 14.095400 
1040 2 6.614470 6.629160 17.480400 
436 2 6.028280 2.832020 17.482600 
252 2 8.360260 4.128380 24.487900 
687 2 7.829590 8.319660 20.676100 
888 2 10.426400 12.014200 15.823700 
889 1 10.669900 9.747920 21.805000 
698 1 7.185510 8.222650 13.939500 
447 2 7.089320 6.823500 26.158700 
868 2 10.714400 12.119000 24.515400 
557 1 11.318800 12.735100 19.597000 
629 1 8.261040 4.273660 19.873700 
630 1 7.213090 5.161180 20.792500 
631 2 7.835210 4.802830 20.552000 
632 2 7.973720 4.642630 19.913200 
305 1 6.019780 12.833600 18.288300 
1835 2 1.823710 0.229029 17.154100 
490 1 5.141170 8.656150 19.704400 
1117 1 10.865800 7.143870 17.935800 
897 1 8.018360 10.149000 17.364000 
1292 2 12.695300 9.203410 17.368900 
238 1 6.447440 1.952740 13.666400 
251 2 8.664290 4.224400 24.786600 
1291 2 12.792000 9.460450 17.604400 
90 1 2.347660 13.113500 23.673700 
388 2 6.683620 0.462954 24.616100 
26 1 0.953084 4.656450 22.107900 
653 1 4.118720 1.807180 19.909200 
654 1 3.176530 1.096120 19.488500 
655 2 3.607720 1.530950 19.721700 
656 2 3.792810 1.340130 19.555600 
1497 1 12.787200 8.564900 14.436700 
440 2 2.778510 6.480560 16.965800 
890 1 11.492800 8.775870 21.107100 
685 1 7.451230 8.099810 20.309200 
669 1 4.848390 6.143860 22.613500 
670 1 5.869720 6.636420 23.375800 
671 2 5.585960 6.310200 23.064200 
672 2 5.206720 6.571880 22.904900 
677 1 10.506600 3.986390 17.604600 
181 1 2.807580 2.195040 25.893700 
1052 2 11.671900 3.818760 21.287500 
1860 2 1.741320 8.190820 13.855900 
466 1 8.590590 12.199300 21.679600 
249 1 9.085330 4.321700 24.973500 
660 2 13.011400 0.485609 15.257200 
408 2 9.130880 1.374500 22.059300 
798 1 11.114600 0.621027 19.995100 
1867 2 1.539010 11.079500 20.716300 
66 1 2.295520 11.601300 20.889000 
681 1 11.745100 8.650650 25.252100 
457 1 5.574380 10.718900 16.435700 
294 1 2.565480 13.148000 16.712600 
799 2 11.663700 0.234492 19.402700 
67 2 1.488530 11.183400 20.675700 
1077 1 9.672160 8.486480 16.083900 
620 2 11.256500 0.329777 18.878900 
684 2 11.490500 9.230440 25.532600 
215 2 2.536940 3.213550 15.556500 
477 1 3.471550 11.323600 14.604400 
649 1 13.190200 7.017850 23.658000 
886 1 10.281500 11.920300 16.603500 
879 2 12.232100 5.945790 15.364200 
445 1 6.766450 7.357070 25.572600 
714 1 5.116300 10.321000 21.573800 
459 2 5.598810 9.944700 16.051100 
628 2 12.392100 2.782760 24.595600 
250 1 7.950690 4.098260 24.139100 
1868 2 1.467370 11.122500 20.750600 
716 2 5.438160 10.960900 22.035500 
1079 2 9.826360 8.687740 15.330200 
435 2 6.411670 2.816510 17.709800 
1049 1 11.827600 3.383220 20.838600 
217 1 7.360960 2.733010 14.062300 
1073 1 7.310410 9.305570 23.969600 
899 2 8.060990 10.238200 18.121700 
1078 1 9.816190 8.747350 14.944200 
715 2 5.217750 10.519800 22.047100 
429 1 7.082060 0.536801 20.027900 
625 1 12.329900 2.419080 25.344300 
437 1 3.394500 6.000610 16.635100 
856 2 9.864230 6.808030 23.309100 
1811 2 -0.060497 0.327358 21.457600 
659 2 12.787200 0.546707 15.508400 
385 1 6.861470 1.104010 24.814700 
1836 2 1.870050 0.129718 16.937800 
405 1 9.562330 2.000270 22.025300 
1076 2 7.801740 9.251430 23.901600 
1037 1 6.637550 7.175400 17.267800 
407 2 9.199240 1.489100 22.154700 
634 1 4.392890 5.360410 14.112700 
855 2 9.817520 6.832590 23.347000 
867 2 10.696600 11.962800 24.510200 
880 2 12.020800 6.171310 15.170700 
885 1 10.628900 12.062600 15.381800 
1038 1 6.896520 5.803620 17.741200 
1039 2 6.796310 6.573140 17.550600 
1825 1 0.792089 4.340770 24.051800 
683 2 11.628600 9.228340 25.611400 
1290 1 13.112900 8.880280 17.716100 
27 2 0.723693 5.115460 22.931900 
619 2 11.464400 0.158640 19.132600 
1809 1 0.439512 1.163270 20.895600 
307 2 5.672440 12.833600 18.878600 
277 1 0.272371 7.809840 19.656900 
296 2 2.645090 12.862500 17.532200 
479 2 3.778090 12.114500 14.042300 
601 1 11.295500 5.318790 26.024400 
295 2 2.410850 12.790500 17.186400 
1828 2 0.686728 5.055050 23.113300 
293 1 2.552550 12.426200 17.960700 
605 1 9.472090 0.839614 25.417200 
697 1 7.800360 7.222340 13.477300 
699 2 7.417030 7.890490 13.750200 
478 1 3.890720 12.345600 13.678100 
637 1 9.196110 0.610245 15.662100 
607 2 9.756380 0.280925 25.481400 
608 2 9.861280 0.192427 25.653900 
566 1 4.079500 0.245041 23.119200 
1990 1 0.865085 0.091193 22.063000 
91 2 3.052270 13.152500 23.900200 
1898 1 1.390370 13.221700 13.680000 
432 2 6.844490 0.140097 19.989300 
1845 1 5.008960 4.521220 26.401200 
925 1 11.857800 16.099600 5.247640 
553 1 8.396080 20.307200 10.905100 
323 2 4.673710 19.373800 4.116300 
764 2 8.230930 24.122800 0.376136 
362 1 5.098640 24.681300 1.899620 
531 2 7.680340 17.056100 9.149140 
336 2 0.286420 16.100300 9.724070 
463 2 5.543460 13.587300 3.040330 
145 1 4.603000 21.874500 1.488570 
147 2 4.829880 21.855800 2.113080 
1087 2 12.938100 13.517600 6.080070 
743 2 9.700850 22.114200 3.656730 
1956 2 1.292550 18.025200 6.651900 
1124 2 13.093200 14.207600 2.521320 
1926 1 -0.039652 14.553900 6.133120 
593 1 10.994500 24.290900 9.577380 
917 1 9.233720 14.006200 10.451800 
1140 2 12.009400 15.155800 9.721350 
197 1 3.632220 26.066100 12.871300 
156 2 1.507360 17.995600 6.674470 
126 1 7.147520 20.751300 1.047900 
549 1 3.499940 13.637100 5.636530 
1143 2 10.795100 19.427300 2.145060 
335 2 0.321795 16.223000 9.814870 
125 1 8.156820 20.293300 1.929740 
361 1 4.713610 26.120400 1.858910 
363 2 4.980800 25.578600 1.724630 
1335 2 10.099500 18.406700 8.114590 
729 1 5.968800 17.016000 2.490440 
1966 1 1.427880 22.598700 3.402110 
1972 2 5.584280 23.323100 9.467080 
564 2 8.153110 25.708200 4.284260 
1061 1 9.380120 14.255700 7.217020 
172 2 5.310480 23.389200 9.497520 
246 1 9.368600 14.214300 0.608815 
495 2 6.459590 13.859600 7.191640 
1969 1 5.776830 24.286900 9.455330 
1112 2 6.106090 15.347600 12.371300 
481 1 -0.019694 17.061900 0.693569 
760 2 11.445000 20.874400 13.047700 
1968 2 0.599562 23.325500 3.379940 
1139 2 12.009000 14.915200 9.497630 
1144 2 10.716400 19.503100 1.958420 
18 1 2.229610 26.472800 11.127800 
526 1 3.059250 16.608600 4.026830 
1173 1 11.844200 20.666000 9.292420 
170 1 4.393190 23.447500 10.205500 
168 2 0.576649 23.182000 3.452680 
773 1 12.639800 18.547600 12.048200 
1142 1 11.172500 19.882100 2.116960 
1062 1 9.274810 15.533400 6.836690 
218 1 7.048200 23.950600 12.433500 
757 1 11.479000 20.590300 12.501700 
1109 1 5.471700 15.105100 12.264100 
192 2 0.934082 24.467200 8.370530 
358 1 6.107010 19.575300 11.993400 
169 1 6.142390 22.728100 10.058800 
343 2 3.290160 18.521000 0.639796 
762 1 7.707590 24.577200 0.305521 
360 2 5.554730 18.805200 11.888600 
342 1 3.356500 19.107400 0.779599 
595 2 10.585500 24.407800 10.541200 
11 2 1.131240 24.658800 8.375220 
1121 1 12.809300 14.748000 2.497450 
1953 1 0.478060 17.701400 6.014310 
1063 2 9.269840 14.934100 7.090290 
369 1 7.041510 22.395700 5.923730 
370 1 5.882990 23.023200 5.283880 
371 2 6.364300 22.738600 5.420600 
372 2 6.517040 22.601300 5.492760 
282 1 0.965562 13.922200 2.101290 
366 1 3.701030 25.162900 6.451230 
928 2 11.452300 16.448900 4.816700 
742 1 9.618700 22.977900 3.172650 
1813 1 7.876180 25.667000 7.497800 
563 2 8.146120 25.779400 4.073680 
189 1 0.269484 24.638800 8.647900 
1064 2 9.305760 14.822400 7.073610 
284 2 1.160160 13.672900 2.797510 
1971 2 5.248200 23.190300 9.726740 
731 2 6.242990 17.252500 2.226600 
894 1 4.199050 15.639700 10.182800 
766 1 11.811600 24.939000 2.216480 
416 2 10.437200 24.544900 10.442900 
1979 2 2.087990 20.454700 9.935600 
1147 2 12.644500 23.422600 5.220730 
529 1 8.274040 16.863400 8.967190 
151 2 2.952760 21.559000 6.492160 
1169 1 12.213400 20.487000 5.774300 
10 1 1.380230 24.753100 7.367250 
190 1 1.040270 23.367700 8.338800 
324 2 4.600470 19.511100 4.084650 
1333 1 10.490300 18.327400 8.538690 
556 2 8.453740 20.759500 11.299500 
1111 2 6.057650 15.384300 12.357800 
763 2 8.033630 24.062100 0.427674 
527 2 3.116110 16.225600 3.565020 
1176 2 12.707300 20.820500 9.096080 
767 2 11.224500 25.264100 2.292740 
786 1 10.938200 26.330400 6.833910 
893 1 4.075700 16.823600 9.807280 
1710 1 0.917104 19.020600 3.758750 
1123 2 13.300000 14.228600 2.520080 
152 2 2.981020 21.381200 6.485200 
1970 1 5.070440 22.757300 8.718700 
146 1 4.942850 22.095800 2.756030 
545 1 8.249080 16.156800 3.538080 
546 1 8.646110 15.061900 4.144480 
547 2 8.389310 15.699500 3.777150 
548 2 8.493840 15.689700 3.923200 
1977 1 2.548980 19.658400 10.410200 
1846 1 2.174790 26.488000 1.423450 
1816 2 7.381770 26.082500 7.346510 
1334 1 9.804830 18.663500 7.443270 
1711 2 1.322140 19.303400 3.174300 
497 1 2.502360 16.703100 12.761300 
1105 1 11.241000 15.798300 0.436968 
153 1 1.668480 18.919400 6.808240 
926 1 10.996500 16.887200 4.379190 
314 1 2.230640 14.285600 8.550970 
561 1 7.808210 25.893800 4.801600 
177 1 2.095520 21.190300 11.036400 
344 2 3.267090 18.569200 0.532539 
896 2 4.141360 16.119400 10.123200 
920 2 8.958490 13.517800 10.721500 
1148 2 13.083800 23.549100 5.235270 
364 2 4.839640 25.383600 1.967900 
178 1 2.521450 20.952900 9.146080 
1765 1 1.122370 22.230400 0.146053 
1141 1 10.479700 18.703700 1.766100 
774 1 12.420800 17.336200 11.369100 
970 1 9.895750 22.702900 6.709050 
594 1 9.798510 23.586300 10.433400 
596 2 10.276300 24.525400 10.277000 
554 1 8.748100 21.326200 11.881700 
415 2 10.435100 24.578800 10.555000 
1978 1 0.987484 20.456000 9.902020 
787 2 11.078000 25.765900 6.477320 
1172 2 12.383500 20.157800 5.322780 
9 1 1.783960 24.722300 9.123410 
333 1 0.865214 16.080600 9.818340 
127 2 7.647220 20.561600 1.310200 
744 2 9.646660 22.354700 3.766510 
413 1 9.652680 25.387800 10.422900 
741 1 9.464250 21.896300 4.083100 
148 2 4.638210 22.048300 2.061520 
367 2 3.767280 24.855000 5.727500 
895 2 4.043230 16.327600 10.052000 
128 2 7.644070 20.600200 1.567910 
461 1 6.027150 14.282500 3.016870 
1110 1 6.877610 15.627000 12.405900 
171 2 5.363900 23.449500 9.628170 
555 2 8.554150 20.897100 11.362000 
494 1 6.584080 14.376100 7.152470 
1954 1 2.221170 17.485300 6.252730 
365 1 3.643470 24.487200 5.185250 
1137 1 11.883600 15.092200 8.871800 
1138 1 12.183200 14.941300 10.301400 
749 1 9.319340 19.102800 4.306480 
750 1 8.079760 19.042800 5.066060 
751 2 8.524460 19.198500 4.773200 
752 2 8.715770 18.885200 4.844900 
179 2 2.107050 20.691300 10.349600 
1815 2 7.767040 26.006900 7.337950 
377 1 4.023790 22.025800 12.982700 
321 1 5.133510 19.332600 3.568590 
1955 2 1.504980 17.937400 6.656940 
730 1 6.736860 17.815600 1.678610 
368 2 3.730200 24.783700 5.756590 
12 2 1.133440 24.471400 8.290160 
769 1 5.522620 19.877600 8.545820 
770 1 6.360690 19.450700 7.738210 
771 2 6.139300 19.512600 7.822110 
772 2 5.877930 19.846500 8.269800 
759 2 11.508500 20.948300 12.982600 
1967 2 0.663561 23.430800 3.566800 
165 1 0.483085 23.648700 4.401430 
776 2 12.616300 17.954700 11.803700 
1175 2 12.306600 20.854200 9.227860 
530 1 7.048730 17.270000 9.316160 
1174 1 13.102400 21.019500 9.020710 
155 2 1.188020 17.967700 6.623960 
180 2 1.838610 20.321600 10.092100 
1958 1 1.526420 25.245000 12.982300 
414 1 11.049400 24.711500 11.289000 
525 1 3.195750 15.666000 3.137310 
245 1 8.147410 14.267000 1.047170 
158 1 1.131650 17.588500 7.572860 
788 2 11.073800 25.876600 6.504180 
919 2 8.985030 13.514200 10.586900 
927 2 11.391600 16.364500 4.845700 
765 1 10.679700 25.594000 2.279530 
768 2 11.275700 25.248200 2.345670 
1171 2 12.232400 19.998500 5.100770 
322 1 4.274290 19.505900 4.598180 
1336 2 10.266500 18.540300 8.123380 
341 1 2.893180 17.812400 0.407914 
357 1 5.298820 18.541800 11.555700 
167 2 0.873219 23.496700 3.302570 
1709 1 1.692550 19.551800 2.695250 
247 2 8.481260 14.288100 0.808763 
949 1 9.536700 17.373200 11.636400 
149 1 2.385900 21.448600 6.344540 
150 1 3.563800 21.493800 6.895940 
191 2 1.135720 24.328700 8.522800 
359 2 5.474670 18.883200 11.434400 
1965 1 0.987026 24.176300 2.777240 
761 1 8.428040 23.432100 0.531394 
1980 2 1.949090 20.574000 10.171200 
532 2 7.731450 17.070400 9.116970 
528 2 3.137570 16.036300 3.708930 
248 2 8.695940 14.269700 0.812706 
945 1 5.132820 16.327000 5.854770 
946 1 5.928450 16.433000 6.825520 
947 2 5.606080 16.378800 6.366030 
948 2 5.290420 16.409700 6.258620 
785 1 11.224700 25.279900 6.073170 
950 1 8.693440 17.782100 12.834900 
951 2 9.058270 17.560300 12.129400 
952 2 9.238160 17.417500 12.131500 
732 2 6.437860 17.493300 2.104190 
972 2 9.654920 22.310100 7.108260 
562 1 8.333140 25.736800 3.611440 
971 2 9.503460 22.496300 7.266350 
969 1 9.434000 22.123400 7.914750 
1712 2 1.194120 19.289200 3.194640 
775 2 12.631200 17.982500 11.762300 
496 2 6.464850 13.554200 7.254430 
1170 1 12.382200 19.842900 4.597460 
1146 1 12.411200 23.046200 4.967500 
1189 1 12.994600 24.588500 8.096350 
961 1 12.901000 22.134900 2.253540 
1349 1 12.559800 17.456300 7.538050 
1088 2 13.106900 13.392800 6.414050 
1925 1 0.589049 13.854800 7.125390 
464 2 5.713100 13.597600 2.887240 
316 2 2.351000 13.814300 8.750440 
283 2 1.158890 13.665800 2.878120 
315 2 2.261770 13.588100 8.640940 
1927 2 0.235420 14.154600 6.607520 
1086 1 13.118300 13.337000 7.008310 
1928 2 0.090555 14.412400 6.545850 
977 1 13.175900 22.263200 11.844500 
6 1 1.435870 26.353100 5.163190 
1085 1 13.000700 13.717900 5.653860 
690 1 1.791910 15.720700 -0.154953 
500 2 2.547190 16.224700 13.269900 
1937 1 0.295608 17.863800 13.139300 
1108 2 11.559100 15.711800 0.098189 
953 1 11.221600 14.648300 13.220200 
910 1 12.843400 14.559900 21.845400 
726 1 9.120700 17.086200 26.286900 
524 2 5.008940 20.108000 24.561600 
533 1 2.051330 19.774900 16.111500 
933 1 5.119510 18.392300 15.856000 
817 1 11.570800 23.146300 15.047200 
411 2 6.616340 23.754400 22.163100 
1910 1 7.330290 14.244600 21.627500 
1321 1 12.847200 18.577200 25.081700 
130 1 3.444840 14.401600 20.949900 
1911 2 6.613830 14.658800 21.728900 
1899 2 0.262385 13.472300 13.717400 
157 1 0.929623 23.138100 14.639500 
340 2 1.105490 16.044800 15.860300 
523 2 4.945470 19.801700 24.610000 
954 1 10.137300 15.075100 13.837700 
597 1 8.432790 23.192700 18.620000 
132 2 3.058680 14.535300 20.429300 
702 1 4.349220 17.242400 22.148800 
420 2 7.744930 23.109900 18.013300 
1305 1 11.003400 17.186200 22.509700 
99 2 0.042875 13.276800 13.501500 
498 1 2.456380 15.955400 13.722200 
806 1 12.524600 25.965300 24.503700 
812 2 10.436300 24.860100 22.422600 
703 2 3.750370 16.952600 22.297600 
577 1 4.985350 20.768000 17.514500 
339 2 1.151940 15.888300 16.068900 
1833 1 1.952700 25.935300 16.954000 
320 2 12.328300 18.231000 15.342600 
1324 2 12.360800 18.837000 25.210800 
923 2 9.183870 14.648300 23.816200 
353 1 3.529400 23.910300 16.093200 
325 1 6.743380 16.064400 18.922900 
326 1 5.466650 16.308600 18.551000 
327 2 6.163050 16.270900 18.610800 
328 2 6.014660 16.162900 18.673300 
354 1 3.820900 22.777600 15.628700 
330 1 1.977810 19.287200 24.632200 
331 2 1.747490 19.233900 23.989700 
332 2 1.512140 19.254100 24.065800 
1952 2 2.733860 22.809300 22.696800 
689 1 2.641930 14.698700 26.241700 
934 1 4.360460 18.089000 14.736500 
380 2 4.055930 21.504500 13.259500 
1957 1 0.558012 17.290500 20.398000 
514 1 2.847300 16.806600 17.623600 
534 1 1.719550 19.087700 14.932600 
975 2 11.854600 23.012400 19.467500 
349 1 2.735170 19.685400 20.473700 
350 1 1.867950 19.725600 19.484500 
351 2 2.330650 19.687200 20.028300 
352 2 2.250200 19.805700 19.895100 
922 1 8.925410 14.229600 23.862800 
921 1 9.403990 15.441900 23.498300 
355 2 3.670210 23.434300 15.797500 
356 2 3.540550 23.520800 15.927400 
1909 1 6.029790 14.657000 21.797400 
410 1 6.626830 23.961500 22.889000 
811 2 10.154500 24.680000 22.635200 
521 1 5.181060 20.463900 24.744800 
606 1 10.111100 26.211500 25.608800 
393 1 4.101910 25.030700 19.295900 
1150 1 11.349800 15.691200 17.612700 
515 2 2.910610 17.204900 18.060100 
394 1 3.911230 23.803200 19.523500 
396 2 4.065230 24.340600 19.190800 
998 1 11.373000 24.073400 13.862300 
1308 2 10.879000 17.692000 22.664300 
399 2 7.106710 24.242300 13.476800 
418 1 6.598590 23.277200 18.411700 
450 1 1.094660 14.905600 23.106200 
412 2 6.709770 23.654800 22.394900 
194 1 0.287790 22.383800 19.445300 
813 1 10.077700 23.633400 14.650800 
727 2 9.127940 17.816500 26.396400 
338 1 1.142050 16.466000 15.377700 
509 1 4.621980 15.164200 15.662800 
510 1 5.571800 14.473400 16.132700 
511 2 4.950830 14.823600 15.835900 
512 2 5.020350 14.969400 15.905700 
1106 1 12.131800 15.888600 25.937300 
691 2 2.067990 15.414800 26.521800 
100 2 0.157126 13.363300 13.825000 
974 1 12.275700 22.800100 19.256800 
809 1 10.399500 25.446800 22.436800 
451 2 0.506534 14.823900 22.784700 
1306 1 10.929800 18.477700 23.054900 
936 2 4.818950 18.336000 15.265500 
955 2 10.940900 14.942800 13.757100 
1373 1 8.714390 19.592300 14.446400 
535 2 1.845640 19.583500 15.496400 
346 1 2.132750 26.199000 25.815000 
513 1 3.181460 17.562300 18.638900 
1766 1 1.912290 21.944600 25.707300 
1323 2 12.627400 19.131200 25.336200 
1151 2 11.750700 15.047100 17.152800 
220 2 7.181450 24.287100 13.358300 
397 1 7.124950 23.608400 14.158400 
579 2 4.493740 20.749300 17.939500 
728 2 9.024930 17.970300 26.236100 
618 1 10.703000 26.158600 18.807000 
1959 2 0.612500 17.211100 20.390000 
567 2 4.023940 26.260900 22.495200 
568 2 3.824310 26.228900 22.697800 
573 1 5.527720 20.322700 21.807300 
574 1 5.699290 20.624700 20.490800 
575 2 5.763830 20.331700 21.207300 
576 2 5.482670 20.421000 21.145400 
911 2 12.444700 14.655600 22.201500 
233 1 5.491540 25.554200 16.167800 
536 2 1.797940 19.390800 15.771200 
725 1 8.831830 18.512800 26.204000 
912 2 12.421900 14.467500 22.186500 
1205 1 13.082200 18.755100 19.694200 
1206 1 12.860300 19.244000 18.295500 
578 1 3.963180 20.591300 18.383500 
956 2 10.724500 14.946000 13.551200 
71 2 8.604600 13.446900 18.116800 
1344 2 12.437900 21.015300 22.251300 
516 2 3.025340 17.318400 18.137300 
131 2 3.066650 14.428000 20.167900 
1376 2 8.043750 20.137800 14.797700 
1149 1 11.726500 14.753500 16.749300 
807 2 13.048400 25.402700 24.688000 
976 2 11.746700 22.775400 19.499500 
234 1 5.719240 26.426400 17.290100 
810 1 10.136700 24.096800 22.615800 
1767 2 1.553390 22.126300 26.061300 
505 1 5.918500 15.563600 25.092200 
944 2 11.281300 22.677500 25.920700 
959 2 10.653200 20.239400 16.912700 
924 2 9.096200 14.716500 23.793600 
1912 2 6.385580 14.506800 21.687200 
69 1 8.807790 13.886500 18.446800 
236 2 5.473990 25.937500 16.519700 
508 2 5.540970 15.847100 25.484000 
733 1 9.439080 16.922800 15.912400 
734 1 7.975770 16.340600 15.521800 
735 2 8.627500 16.874800 15.704800 
736 2 8.615200 16.610200 15.477600 
1768 2 1.440810 22.148900 26.282700 
935 2 4.719540 18.220000 15.112300 
958 1 10.779700 20.660700 17.221600 
395 2 3.999340 24.300800 19.484100 
745 1 5.474830 23.309700 25.316200 
746 1 4.652440 24.185400 25.764500 
747 2 5.010120 23.525500 25.567000 
748 2 5.156770 23.762500 25.488000 
753 1 7.575760 20.654000 24.063900 
754 1 8.358230 21.607300 24.360400 
755 2 7.925050 21.158400 24.051000 
756 2 7.876210 21.263000 24.315100 
419 2 7.693610 23.278200 18.053600 
337 1 1.062220 15.670300 16.512600 
1342 1 12.410800 21.699500 21.809100 
960 2 10.668800 20.402600 16.674100 
777 1 7.971470 18.389800 18.346100 
779 2 8.124920 18.772100 18.671100 
909 1 11.864900 14.539200 22.640200 
780 2 8.044200 18.796100 18.647000 
1307 2 10.692000 17.799600 22.652800 
819 2 11.195100 24.056700 14.747900 
345 1 2.395830 25.001600 25.475700 
1949 1 2.242300 22.538500 22.406500 
195 2 0.072797 22.798900 18.467900 
818 1 11.515200 24.734100 15.178900 
905 1 10.132700 15.258400 20.304500 
906 1 9.512870 16.434900 20.069900 
907 2 9.798310 15.971700 20.124300 
908 2 9.663780 15.827600 20.174800 
378 1 3.796360 20.761700 13.711400 
957 1 10.488300 19.816000 16.239400 
797 1 12.372800 26.384000 19.313100 
740 2 7.511870 18.177300 23.030800 
778 1 8.107560 19.402400 19.143700 
196 2 0.107966 22.792600 18.588700 
522 1 4.786630 19.231500 24.599500 
1152 2 11.618300 15.317000 17.195400 
400 2 7.012510 24.181500 13.518400 
1951 2 2.672510 22.902300 22.725300 
1960 2 0.302631 23.553300 13.773000 
820 2 11.002600 23.884600 14.724700 
929 1 9.776680 20.372700 20.615600 
930 1 9.020010 21.037900 21.277100 
931 2 9.522380 20.719300 20.835200 
932 2 9.262440 20.672000 21.017700 
738 1 7.678960 18.674000 22.749300 
599 2 7.498350 23.204000 17.773900 
598 1 7.798220 24.185300 17.417300 
1000 2 11.320900 23.826900 14.591400 
317 1 12.397200 19.037300 15.691300 
1341 1 12.575000 20.825000 22.718300 
701 1 3.389260 16.724500 22.567600 
1388 2 12.675300 18.553400 19.266100 
507 2 5.193120 15.909000 25.670400 
739 2 7.359910 18.034100 23.128800 
219 2 6.738510 24.284500 13.557500 
319 2 12.396700 18.337500 15.348300 
600 2 7.516000 23.367700 18.088800 
1208 2 12.106100 18.907500 19.089700 
398 1 7.670510 25.052200 13.584700 
1207 2 12.581400 18.928300 19.158000 
999 2 11.204100 23.672800 14.750500 
1950 1 3.167180 23.179600 23.068000 
409 1 6.663940 23.159300 21.765700 
417 1 7.648840 22.404500 17.386500 
704 2 4.061140 17.103700 22.410700 
13 1 0.515255 24.089100 18.915200 
329 1 1.201610 19.347600 23.417200 
737 1 7.079300 17.633900 23.286000 
347 2 2.325510 25.750700 25.550000 
318 1 12.476000 17.737700 15.234700 
973 1 11.223200 23.085800 19.822800 
452 2 0.505830 14.913000 22.615400 
580 2 4.613200 20.676000 17.886200 
1386 1 11.494800 18.630200 19.021900 
129 1 2.897300 14.589100 19.801900 
506 1 5.232140 16.312900 25.998100 
1107 2 11.547600 15.975600 26.425100 
941 1 11.852900 23.047300 25.506200 
348 2 2.118960 25.630800 25.592800 
159 2 0.253367 23.680900 13.925800 
160 2 0.481912 23.421900 14.161600 
1982 1 6.292760 26.293700 24.490300 
565 1 3.974340 25.871800 22.032600 
89 1 3.687860 13.217700 24.110000 
1994 1 0.933862 22.781700 17.797600 
72 2 8.583570 13.705500 18.116700 
235 2 5.643840 26.031000 16.805400 
1374 1 7.558010 20.687400 14.799600 
92 2 3.069790 13.233900 23.913400 
758 1 11.450600 21.356200 13.621200 
431 2 6.885790 26.605100 19.887100 
430 1 6.595180 25.812900 19.895200 
808 2 13.228300 25.251300 24.867700 
943 2 11.240300 22.969300 25.780200 
1375 2 8.159570 20.218700 14.537500 
692 2 2.005660 15.370400 26.343200 
379 2 3.941600 21.303300 13.450800 
1817 1 6.149440 24.665800 13.565000 
1343 2 12.457300 21.329300 22.243700 
1322 1 11.981600 19.413400 25.483500 
942 1 10.809000 22.629700 26.302100 
499 2 2.492660 16.323500 13.348100 
829 1 14.081300 1.642970 7.183420 
1313 1 13.794200 12.137400 12.699000 
115 2 25.218800 12.141100 9.314450 
1863 2 23.891900 8.568590 3.045050 
1517 1 16.881900 9.339640 11.071000 
1463 2 15.826300 12.072200 4.478200 
822 1 14.858600 5.839070 3.153050 
1506 1 21.715600 10.880700 1.292650 
1687 2 24.241700 1.934800 5.378550 
1460 2 22.149700 2.801040 9.905190 
1315 2 13.850700 12.516000 12.319900 
1444 2 21.766300 3.320490 3.394590 
903 2 13.545700 8.746100 3.085450 
1720 2 22.813200 12.823100 12.817400 
1237 1 16.592400 4.117380 11.209800 
1516 2 21.553000 10.703400 9.781360 
1824 2 25.578400 4.326230 2.659630 
1891 2 26.016500 11.284500 5.227130 
1340 2 19.511700 11.848300 12.623100 
1515 2 21.630900 10.721700 9.821720 
1892 2 26.080700 11.163300 5.142650 
1033 1 18.025800 3.723920 5.417980 
1531 2 15.081700 12.691600 9.373800 
40 2 25.261500 4.038520 11.207800 
1492 2 15.739000 7.051760 12.804700 
111 2 22.611500 10.723200 6.206520 
1839 2 24.981900 3.978290 11.392300 
1338 1 19.527600 11.840500 12.036900 
904 2 13.510800 8.902930 3.261880 
1030 1 14.552000 4.004570 5.766330 
1677 1 23.112300 6.455280 9.702920 
423 2 16.511200 9.086800 4.349130 
1505 1 22.924000 11.459100 0.916826 
1035 2 17.730500 3.103430 5.714680 
1248 2 18.213800 4.206550 1.762180 
45 1 24.995900 8.474970 8.554730 
641 1 13.848700 7.521580 9.652730 
1236 2 21.775000 2.017950 13.337200 
48 2 24.450000 8.836670 8.299700 
839 2 15.689100 3.888240 8.984000 
1837 1 25.562500 3.224040 11.824200 
1257 1 21.918600 1.351370 13.269400 
21 1 25.053000 4.042280 3.552970 
1483 2 18.617100 11.620800 2.056600 
1862 1 23.629700 8.975140 2.795560 
1474 1 22.335900 6.122130 6.495040 
1537 1 19.764000 9.084780 12.146000 
1210 1 19.404200 6.538880 4.859250 
1915 2 25.187300 12.329900 9.299220 
991 2 19.314100 0.955402 10.321200 
1028 2 14.575100 0.228986 4.445480 
1032 2 14.608200 3.364230 5.522900 
1916 2 25.170200 12.254300 9.639830 
832 2 14.273200 1.190640 7.778750 
1247 2 18.334900 4.154370 1.655010 
1464 2 15.932500 12.356600 4.731270 
1046 1 18.391100 8.017990 0.813336 
1246 1 17.528000 3.991470 1.983820 
1490 1 15.761600 7.661840 12.442900 
110 1 22.346900 11.145900 6.559340 
1459 2 22.388600 2.651890 9.710720 
1878 1 24.929900 8.315050 12.580400 
1484 2 18.677500 11.725400 1.858320 
990 1 19.010000 0.819613 10.782400 
1209 1 19.145200 5.770540 3.781520 
1211 2 19.265100 6.043780 4.368670 
1164 2 17.503500 0.923519 3.012030 
1781 1 21.430400 1.257310 0.278319 
1314 1 13.979300 13.014900 11.671300 
1514 1 21.559400 10.673600 9.026560 
1823 2 25.696800 4.382420 2.678710 
1162 1 17.888300 0.830171 3.289310 
859 2 13.242300 4.260290 10.689600 
1441 1 22.111000 3.188900 2.942430 
1840 2 25.190200 4.095120 11.467900 
23 2 25.864500 4.516000 2.558000 
1300 2 19.668400 4.283170 11.734700 
1691 2 18.595700 11.647900 9.117800 
1249 1 19.893700 8.286280 8.158210 
1250 1 20.395500 8.711880 6.883730 
1251 2 19.973500 8.531680 7.394370 
1252 2 20.081000 8.491770 7.692190 
1679 2 22.553700 6.667400 9.483770 
989 1 19.746000 1.245120 9.639000 
1261 1 21.507600 6.818490 0.940203 
1639 2 19.522200 4.352620 8.071690 
1462 1 15.999800 12.319200 5.260140 
24 2 25.541100 4.609790 2.725600 
644 2 14.141500 8.144660 9.889730 
815 2 14.182600 0.113987 11.971900 
82 1 25.060200 13.200500 0.093119 
1240 2 16.349900 3.557360 11.692600 
1864 2 24.289000 8.534820 3.272640 
1482 1 18.435700 11.136200 2.044020 
623 2 16.530300 6.354930 6.403430 
112 2 22.423600 10.678000 6.359660 
1685 1 24.623200 2.228700 5.946310 
1822 1 26.253500 3.632930 2.254690 
1532 2 15.201600 12.584000 9.232380 
1263 2 21.540200 6.419960 1.471060 
34 1 25.535800 0.868980 8.231830 
824 2 15.407800 6.019070 3.029670 
1688 2 24.345500 2.076190 5.551350 
1163 2 17.570100 0.857199 3.039340 
1264 2 21.414500 6.239720 1.361710 
1034 1 17.448600 2.563820 6.095390 
1678 1 21.859900 6.734290 9.762620 
1245 1 18.878400 4.303040 1.482280 
206 1 26.464600 8.177390 6.075170 
421 1 16.028000 9.411990 4.981650 
1520 2 16.967600 10.092700 11.349000 
1494 1 15.778900 10.413100 7.437720 
1539 2 19.974800 8.412060 12.076100 
642 1 14.151000 8.913420 9.825220 
46 1 23.824600 9.117890 8.211190 
869 1 15.505900 11.265000 0.633915 
61 1 24.975500 9.199140 3.175170 
1031 2 14.597500 3.581170 5.573300 
1446 1 14.237200 7.792840 0.251691 
1450 1 26.097500 4.670110 6.600190 
1451 2 26.442900 4.069970 7.130350 
1452 2 26.538400 4.068560 6.960010 
1453 1 21.003900 2.616720 6.288130 
1454 1 20.869100 1.429910 5.923570 
1455 2 20.912000 2.032410 6.154590 
1456 2 20.916200 2.052350 6.155760 
1603 2 20.605300 0.420593 0.077173 
1637 1 19.892200 4.172880 7.499130 
1914 1 24.374000 12.000100 10.060300 
1689 1 19.398600 11.767500 9.102970 
80 2 24.754400 9.099460 12.613500 
1470 1 19.952000 11.535300 5.832300 
1471 2 19.817500 11.651800 5.643140 
1472 2 19.405900 11.451500 5.326280 
1540 2 19.921500 8.085650 12.154100 
1442 1 21.220200 3.808860 3.533580 
1475 2 22.693700 5.539490 5.812270 
1476 2 22.819400 5.955430 5.839010 
1047 2 18.037100 7.426240 1.030940 
79 2 24.887800 9.151440 12.520200 
858 1 13.802400 4.218180 10.930800 
1518 1 16.754200 10.730300 11.507100 
1841 1 25.150500 5.052100 2.000420 
1870 1 20.886700 9.615840 3.317340 
1686 1 23.679900 1.831860 5.000360 
1045 1 17.672800 7.044830 1.248560 
1890 1 25.664300 11.126200 4.765320 
1519 2 16.761000 10.004500 11.327500 
1719 2 22.663100 12.647300 12.845800 
1161 1 16.981600 1.169950 2.474460 
98 1 26.318900 12.618700 13.032900 
1663 2 21.545600 0.049289 3.977160 
1298 1 19.091000 3.851700 11.467200 
621 1 16.449900 5.917740 6.770400 
424 2 16.730400 8.832970 4.210240 
1507 2 22.302400 11.128000 1.094610 
1239 2 16.443900 3.862050 11.857500 
37 1 24.292300 4.125560 11.500800 
823 2 15.428800 6.102690 2.930250 
831 2 14.335000 1.024800 7.817460 
1234 1 22.741800 2.847290 9.525850 
1496 2 16.301100 10.310900 7.282610 
624 2 16.202800 6.252550 6.519620 
1872 2 20.605200 8.995560 3.165840 
1238 1 16.079000 3.190800 12.143600 
1513 1 21.826300 10.684300 10.385700 
1877 1 25.822900 9.817280 12.627100 
643 2 13.996100 8.237760 9.819090 
1262 1 21.669900 6.255950 2.080120 
840 2 15.716500 3.980980 8.792520 
109 1 22.882700 10.088100 5.756690 
1680 2 22.332300 6.583200 9.779340 
1627 2 24.413100 1.029210 2.088240 
1628 2 24.282400 0.926412 2.214620 
1638 1 19.446400 4.600540 8.737830 
1640 2 19.689200 4.501500 8.046800 
1443 2 21.799300 3.604240 3.150400 
794 1 14.801300 0.787376 11.637700 
1299 2 19.686500 4.340850 11.722300 
1913 1 25.459600 11.538100 8.977300 
62 1 24.140400 7.760710 3.304750 
1339 2 19.583800 11.941200 12.865800 
1673 1 17.227000 7.450300 9.051240 
1674 1 17.738200 7.286380 10.360600 
1675 2 17.434500 7.294880 9.769720 
1676 2 17.614100 7.455330 9.892890 
837 1 15.125100 3.603590 8.831460 
1473 1 23.057400 5.505660 5.440240 
1254 1 22.257900 5.182300 13.358200 
1821 1 26.552000 5.185090 2.985530 
1879 2 24.812900 9.157930 12.621000 
1625 1 24.015000 0.473671 2.221030 
64 2 24.222800 8.636620 2.927650 
901 1 14.149300 8.673730 3.130830 
1493 1 17.392600 10.047900 7.076270 
992 2 19.394100 1.056930 10.097900 
838 1 16.183700 4.249920 8.795430 
47 2 24.669000 8.823520 8.245510 
1157 1 16.410100 13.194700 12.336200 
1869 1 20.225200 8.283870 3.032500 
38 1 25.616300 4.910520 11.964300 
1692 2 18.698300 11.790600 9.171610 
1036 2 17.677200 3.223010 5.639730 
1297 1 19.963100 4.861820 12.013800 
1048 2 17.888600 7.446650 0.943207 
1871 2 20.643200 9.212060 3.181480 
1212 2 19.416200 6.317650 4.421970 
1662 1 22.014200 0.251223 4.263060 
622 1 16.198800 7.006970 5.857700 
872 2 15.357400 10.813100 1.206180 
1626 1 24.519600 1.731830 1.820970 
1458 1 21.562900 2.814320 10.446600 
422 1 17.169800 8.866070 3.954200 
1491 2 15.804100 7.203440 12.896900 
1495 2 16.240800 10.065000 7.175280 
1508 2 22.304700 11.331000 1.064820 
588 2 15.115500 2.907580 1.552520 
1316 2 13.835000 12.501100 12.473400 
821 1 16.102100 6.236870 2.727740 
1029 1 14.952300 2.907920 5.132490 
871 2 15.386000 10.862800 0.957558 
1481 1 19.001200 12.358100 1.763160 
116 2 25.130200 12.248500 9.351010 
78 1 24.372200 9.574790 11.533100 
1025 1 14.789800 0.085110 5.012130 
830 1 14.589200 0.723627 8.269420 
1690 1 17.939100 11.648200 9.146950 
1461 1 15.698700 12.097900 4.061850 
35 2 25.778400 1.138210 8.903390 
586 1 15.388700 3.092960 0.739546 
39 2 25.189400 4.281750 11.568700 
1027 2 14.164700 0.085973 4.397360 
1469 1 19.052700 11.477500 4.840740 
33 1 25.579600 1.213790 9.589970 
1530 1 15.327600 12.047700 9.580960 
36 2 25.454200 1.028230 9.050090 
587 2 14.967100 2.950760 1.509330 
585 1 14.716000 2.970170 2.036330 
113 1 24.804900 13.071500 8.616990 
870 1 15.013500 10.200800 1.406910 
1783 2 20.434800 0.463931 0.129289 
1889 1 26.517200 11.511700 5.771100 
1538 1 19.864200 7.745520 12.156200 
1838 1 25.554900 4.363420 10.328800 
1880 2 24.846800 9.034200 12.525200 
121 1 22.676000 12.639900 4.590890 
1529 1 14.862400 13.108700 8.979860 
1718 1 22.335100 12.990000 12.508200 
1642 1 24.843200 8.002480 0.399853 
114 1 25.852400 12.738500 10.027500 
1235 2 21.950800 1.850360 13.115300 
1784 2 20.544200 0.332710 0.102358 
1664 2 21.479200 0.080959 3.960620 
1026 1 13.840800 0.229840 3.872320 
1602 1 19.675700 0.951058 0.186793 
1233 1 21.652600 2.642170 13.221000 
1438 1 18.810900 1.655620 12.961000 
1604 2 20.698000 0.418286 0.445080 
1849 1 24.712500 8.405660 21.818800 
1023 2 17.970900 10.788800 21.680600 
803 2 16.463800 0.711358 24.452400 
1668 2 20.671900 11.939100 24.556300 
1183 2 19.738000 4.433570 24.258100 
1082 1 14.934500 12.513300 22.015700 
1241 1 14.096600 9.304430 20.771000 
1277 1 14.450800 3.917390 14.648700 
1296 2 15.649100 11.688800 18.409000 
1002 1 18.740200 4.124540 24.571500 
257 1 24.659800 2.717850 14.785600 
828 2 17.156700 7.408540 23.628100 
1648 2 20.539700 8.078200 24.912600 
1665 1 20.399200 12.275100 24.095200 
1457 1 17.577200 4.513680 14.343300 
1447 2 14.355700 7.192930 26.480200 
835 2 15.835200 4.585870 24.914900 
1243 2 14.357200 9.217880 20.404500 
1054 1 15.556700 1.284280 18.432200 
1666 1 20.968500 11.634700 25.191300 
1583 2 20.059600 1.156800 22.357300 
1069 1 13.892200 6.315000 19.987500 
1058 1 15.819400 6.581680 15.852400 
1065 1 14.927300 10.771600 24.228600 
1424 2 23.759800 3.334920 22.582100 
827 2 16.802000 7.352130 23.617700 
1394 1 20.241100 1.150370 18.153200 
826 1 16.691800 7.869280 23.260600 
43 2 26.542400 10.967400 24.018300 
1787 2 26.224500 2.008750 25.296400 
1874 1 24.852200 9.867380 17.440800 
1657 1 18.500000 7.879940 15.761000 
1053 1 15.984800 1.105640 19.987300 
833 1 15.574800 4.580060 24.328700 
984 2 16.478700 0.507266 24.533600 
55 2 25.090000 6.531210 16.196900 
1186 1 16.519500 3.444040 21.516800 
1014 1 15.923500 0.367992 15.816300 
652 2 13.846200 6.956120 23.034900 
1213 1 19.284400 1.145970 16.459200 
1015 2 16.194000 0.885542 15.520900 
1280 2 14.026800 3.580380 14.447800 
1413 1 19.689300 4.138770 20.455700 
1716 2 20.627000 12.764400 16.381600 
1654 1 18.744500 11.014400 18.831400 
1242 1 14.895800 8.845850 19.818400 
1294 1 15.669200 11.314400 18.990200 
1658 1 18.549000 8.202090 14.392900 
1293 1 15.602700 12.040200 17.883400 
1098 1 13.311700 3.654320 18.214300 
1404 2 20.081600 1.256970 22.317000 
1694 1 21.591900 10.073900 15.508700 
1103 2 13.693200 13.256700 25.923000 
1852 2 24.610700 8.617780 21.387500 
42 1 23.256900 10.114300 24.490600 
258 1 25.522500 1.758660 14.348300 
981 1 17.416700 0.446598 25.260200 
1068 2 14.322100 10.369300 24.026800 
1021 1 18.303200 10.490600 21.357700 
1585 1 19.236000 7.306120 21.865300 
1202 1 19.961300 4.999460 25.452000 
1826 1 26.007500 5.032830 22.867500 
1805 1 22.253000 1.509590 19.300900 
834 1 16.345300 4.449260 25.422200 
1610 1 24.972900 1.342910 18.323200 
1181 1 20.695900 3.802090 24.428100 
1987 2 22.569900 1.608850 19.543500 
1808 2 22.606800 1.697150 19.665500 
1655 2 18.823300 10.656800 18.272600 
53 1 25.993000 6.376250 15.480700 
259 2 25.074300 2.041210 14.623000 
1714 1 20.425800 12.478100 16.616800 
1421 1 23.316900 3.810100 22.579700 
1715 2 20.739900 12.779800 16.182900 
44 2 26.317500 10.977600 24.160200 
1022 1 16.879600 10.981000 22.046000 
1752 2 16.287200 10.832100 15.229100 
1582 1 20.374700 1.482430 22.908900 
386 1 25.834700 0.726401 22.228000 
1499 2 13.402600 8.927170 14.376400 
1004 2 19.718900 4.590820 24.593800 
1876 2 25.245300 11.020200 17.058100 
1588 2 19.996600 7.178480 21.666000 
1101 1 14.368000 12.861200 25.322300 
825 1 17.191400 6.699170 23.974200 
1992 2 26.410500 0.622569 21.443600 
1478 1 21.801400 8.241710 18.215800 
1083 2 15.126300 13.040300 22.116600 
1653 1 19.107100 10.191300 17.814700 
76 2 25.181800 10.950800 17.301800 
75 2 25.183500 10.757400 17.058100 
1788 2 26.382200 1.740470 25.330000 
1003 2 19.719600 4.630990 24.615000 
1986 1 23.203900 1.578930 20.102900 
1225 1 13.693700 1.371110 21.501600 
1226 1 14.092800 1.058740 22.548400 
1227 2 13.773000 1.375560 22.047400 
1228 2 13.691100 1.262530 22.032400 
1229 1 17.162500 3.268930 18.170000 
1230 1 16.980700 4.449070 17.533400 
1231 2 17.160800 3.884300 17.902300 
1232 2 17.075600 3.849480 18.071900 
1641 1 24.477100 6.838590 25.925000 
74 1 26.205800 11.067800 17.546300 
260 2 25.136700 2.197090 14.599900 
1875 2 25.210800 10.891600 17.109700 
54 1 24.407500 6.806260 15.730800 
73 1 25.285800 10.909500 16.112900 
1059 2 15.651000 6.675080 16.487400 
1850 1 24.379200 9.082280 20.670800 
1084 2 15.205400 12.932900 22.253800 
1611 2 25.323600 1.519980 18.064400 
1785 1 26.381400 2.474460 25.316500 
1097 1 13.441900 2.872390 16.936000 
1587 2 19.592100 7.262610 21.637000 
1415 2 20.226400 4.009050 20.091300 
1856 2 25.143500 6.773980 16.120900 
1100 2 13.443600 3.342200 17.722500 
1013 1 16.653600 1.440310 15.624400 
983 2 16.680900 0.596414 24.344300 
1279 2 14.035400 3.529340 14.404800 
1060 2 15.690700 6.598050 16.271400 
1273 1 17.824500 8.087930 18.893500 
1104 2 14.012600 12.998600 25.746700 
1099 2 13.344900 3.401220 17.534400 
1276 2 17.667000 7.351190 18.765200 
1259 2 17.814000 4.088930 14.681300 
1395 2 19.508200 0.550444 17.692300 
650 1 14.411900 6.853700 22.930300 
56 2 25.174000 6.414760 16.176800 
1623 2 23.649400 3.778410 25.981000 
1283 2 17.681400 10.491900 25.081600 
1223 2 22.988800 6.523440 23.422000 
1215 2 19.499500 0.649466 17.377000 
1057 1 15.519400 6.591360 17.138300 
1844 2 26.279600 10.821800 24.336400 
1055 2 15.974400 1.102520 18.880700 
1401 1 19.880200 1.039100 21.771000 
1275 2 17.764900 7.440810 18.751600 
1667 2 20.795400 11.901700 24.723000 
1843 2 23.375200 10.018600 24.485900 
1284 2 17.692100 10.610400 24.960500 
1072 2 14.624700 6.310630 19.870200 
1750 1 16.032000 10.492400 15.493500 
1644 2 24.512900 7.351180 26.380200 
1479 2 21.990000 7.951670 18.608100 
1423 2 23.811700 3.238290 22.473700 
1258 1 18.135700 3.721710 15.152900 
287 2 23.936000 13.040700 21.429300 
1274 1 17.762000 6.866570 18.508300 
1071 2 14.486700 6.183550 19.907700 
1851 2 24.330200 8.788850 21.197700 
1188 2 17.205900 3.260560 21.542000 
1396 2 19.573100 0.365253 17.765100 
1414 1 20.686700 3.858370 19.747400 
1416 2 20.059000 3.986220 20.185100 
1422 1 24.256200 2.908280 22.599900 
1696 2 21.720400 9.658030 14.960100 
982 1 16.962200 0.360118 23.642000 
1855 2 25.375600 6.545200 16.442400 
1873 1 24.323000 11.610900 17.480700 
1056 2 15.864600 1.133610 19.263400 
1433 1 20.658200 6.229400 17.011200 
1434 1 20.554900 6.046650 15.742300 
1435 2 20.503200 6.103160 16.283800 
1436 2 20.558600 6.067540 16.495800 
1695 2 21.739700 9.718890 14.924400 
1669 1 21.419800 12.602500 19.927000 
1067 2 14.206100 10.478500 23.810900 
1693 1 21.959100 9.435300 14.462500 
836 2 16.168800 4.491850 25.119100 
1182 1 19.749900 5.383460 23.735000 
1480 2 22.118800 7.925270 18.614200 
1260 2 17.857100 4.235760 14.694400 
1185 1 18.041500 3.165890 21.492900 
804 2 16.491000 0.677862 24.303400 
1660 2 18.499200 8.127580 15.259900 
1786 1 26.140900 1.170500 25.224800 
1477 1 22.380600 7.423250 19.136000 
1646 1 20.008400 8.552560 24.801600 
1187 2 17.132600 3.548040 21.494300 
1184 2 19.726700 4.571970 24.797600 
1281 1 17.836000 10.909700 25.510400 
875 2 13.996500 12.568000 15.875500 
1586 1 20.374900 7.043780 21.392100 
1214 1 18.759500 0.461295 18.163100 
876 2 14.117900 12.732200 15.830100 
1024 2 17.431900 10.885700 21.692300 
1216 2 19.445400 0.592049 17.343000 
1278 1 13.499800 3.036150 14.163400 
1070 1 15.443600 6.102520 19.799600 
1853 1 25.005500 5.541910 16.678700 
1751 2 16.572700 10.962500 15.032700 
1253 1 22.133600 6.512740 13.562900 
1629 1 24.119000 5.662790 20.362600 
1630 1 24.250200 4.739790 19.223300 
1631 2 24.208700 5.428830 19.849700 
1632 2 24.097800 5.213280 19.720000 
1633 1 22.113300 3.531520 17.037100 
1634 1 23.279700 2.766430 17.046800 
1635 2 22.618800 3.202210 16.992800 
1636 2 22.899700 3.273750 17.018400 
1659 2 18.393600 8.050700 15.038700 
1842 1 25.521600 10.195100 23.995900 
1221 1 22.392900 6.465020 23.344600 
1621 1 23.281900 4.298810 26.336100 
1645 1 21.287000 7.993580 25.078800 
1749 1 16.802600 11.140000 14.929000 
1224 2 23.141900 6.680620 23.509200 
1647 2 20.746800 8.394740 25.003300 
1649 1 20.938400 9.439620 21.774500 
1650 1 21.172700 10.655600 22.141600 
1651 2 21.231100 10.055300 21.936000 
1652 2 21.113800 10.092200 21.920700 
1656 2 18.947500 10.507000 18.182100 
77 1 24.399100 9.215140 13.452000 
874 1 13.965900 12.086100 15.683900 
1222 1 23.564300 6.798210 23.766300 
1717 1 23.302200 12.413500 13.295500 
1016 2 16.214800 0.888048 15.528800 
1282 1 17.592200 10.269900 24.520700 
1622 1 24.104200 3.269150 25.751600 
1244 2 14.401800 9.362870 20.528800 
1295 2 15.738300 11.583000 18.454800 
1854 1 25.532500 7.008240 17.194600 
1440 2 18.398700 1.198150 13.548200 
1448 2 14.596000 7.413390 26.429700 
1445 1 14.657200 6.669790 26.147900 
1066 1 13.784300 10.171300 23.689400 
1671 2 21.734100 12.393100 19.379600 
802 1 16.270100 1.648400 24.287700 
1601 1 20.702300 -0.099837 25.598800 
285 1 24.446000 12.474800 20.999000 
1624 2 23.718700 3.730690 25.980600 
22 1 26.478000 11.504100 23.724300 
1672 2 21.689800 12.444400 19.345600 
288 2 24.029100 13.479000 21.578800 
1612 2 25.594000 1.477390 17.908800 
873 1 14.494400 13.152600 16.052200 
657 1 13.717100 0.272494 15.397900 
1989 1 26.045700 1.741670 17.443300 
1643 2 24.623200 7.565550 26.413500 
1670 1 21.900500 12.320100 18.849500 
1498 1 13.786000 9.158460 13.962400 
1713 1 21.022000 13.320200 15.534900 
651 2 13.692700 6.870510 23.407700 
1812 2 26.317600 0.563878 21.415100 
1489 1 15.804100 6.418550 13.266300 
1437 1 18.191300 0.759309 13.875900 
1337 1 19.594800 11.893500 13.395500 
1255 2 22.205200 5.688110 13.502900 
1439 2 18.618200 1.166160 13.390500 
1256 2 22.225500 5.853350 13.535700 
1594 1 19.205000 24.851200 2.870070 
1935 2 22.537900 15.914700 11.156000 
1196 2 17.545700 24.974700 10.579300 
1153 1 16.376700 16.655400 10.433000 
1346 1 15.471800 19.919000 4.403140 
1398 1 22.417200 26.479700 8.573240 
1345 1 15.658700 18.973900 3.216840 
1770 1 21.772300 20.837200 3.905080 
303 2 25.816000 16.366200 3.477090 
1764 2 25.364500 20.410000 1.388350 
964 2 13.437100 22.095900 2.201430 
1418 1 21.778500 24.527800 11.857400 
1661 1 20.892400 26.544600 3.579500 
1789 1 23.501700 25.649700 6.476430 
1774 1 24.278700 20.151900 5.441740 
301 1 25.173400 16.994100 3.285880 
133 1 23.036300 15.127800 11.129200 
135 2 22.517800 15.920800 11.201200 
144 2 22.270500 18.090300 0.508605 
1747 2 18.693000 14.817100 4.987940 
1361 1 21.195800 17.574000 3.374610 
1904 2 23.041400 13.657000 4.021280 
1360 2 18.794600 22.094800 8.874340 
1366 1 19.054300 20.409700 1.163810 
841 1 16.656800 13.897700 2.502730 
987 2 14.863700 25.583800 1.150920 
1772 2 22.076500 21.302800 3.468540 
1217 1 20.176000 24.264800 12.100100 
1944 2 22.197100 18.485600 0.541892 
1771 2 21.955300 21.085000 3.426890 
1778 1 26.518800 23.134100 13.276300 
1384 2 17.922500 26.007200 6.724170 
154 1 24.896000 18.900000 9.691530 
1488 2 17.870200 17.275400 2.609640 
1155 2 15.352500 16.333000 10.302800 
1777 1 24.787400 21.662200 11.061000 
176 2 25.134100 18.829900 9.166430 
844 2 16.447600 14.572100 1.879580 
1902 1 22.482500 13.676000 2.943140 
1364 2 21.295600 17.548200 3.979260 
1130 1 18.399700 20.647500 12.277900 
1007 2 18.701000 19.967300 5.610250 
1566 1 24.992300 22.350100 7.045130 
1567 2 24.629300 21.987100 7.242160 
962 1 14.295700 21.645400 1.936890 
1005 1 18.187900 19.766300 4.875120 
1357 1 18.398600 22.363100 8.641430 
842 1 16.338200 14.932100 1.462740 
1509 1 16.633600 17.737900 8.265000 
1158 1 17.176700 14.262300 12.602900 
1606 1 23.978900 24.211600 2.347680 
103 2 22.926200 13.669200 4.131040 
143 2 22.134500 18.459200 0.511873 
134 1 23.338800 16.664100 11.229100 
1882 1 24.498800 14.828000 0.459221 
1597 1 21.474100 23.192200 12.567900 
1754 1 16.417700 14.780000 7.661000 
1748 2 18.827000 14.880600 5.085140 
1195 2 17.373100 24.821900 10.737000 
1122 1 13.701800 13.853000 2.551230 
995 2 14.182400 26.449900 11.865800 
173 1 22.978200 16.876600 7.313940 
1536 2 19.043400 14.924100 10.254300 
963 2 13.449000 21.794700 2.021200 
1760 2 23.416300 16.386900 7.241520 
1006 1 19.108300 20.285400 6.026360 
1734 1 22.323200 20.474700 10.626400 
986 1 14.799300 24.717300 1.262070 
1145 1 13.401000 23.836400 5.563410 
1219 2 22.038300 22.548500 9.410990 
1194 1 17.676100 25.031500 9.886250 
1405 1 21.083400 23.229000 5.536910 
1722 1 19.782100 14.732200 1.727170 
1792 2 24.032200 25.384300 5.683900 
1397 1 22.051900 22.730900 9.404690 
1934 1 21.996800 16.107800 10.180900 
1795 2 24.550600 25.980000 12.131000 
166 1 26.181300 22.857700 2.972630 
1303 2 15.384200 16.199200 5.087710 
1779 2 25.101300 22.249800 10.760700 
980 2 13.983600 22.558600 12.152600 
174 1 25.456600 18.575600 8.625300 
1156 2 15.925400 16.496400 10.358500 
721 1 16.985500 22.874400 4.025470 
814 1 14.192900 26.501800 12.839200 
1903 2 22.709000 13.760800 3.803670 
1600 2 20.945500 24.231900 12.621000 
1193 1 17.390600 24.886000 11.252300 
1929 1 21.310900 13.861900 8.568450 
1577 1 19.247700 18.769900 9.576460 
302 1 26.092300 16.040500 3.431470 
1204 2 18.096000 25.771100 6.788050 
97 1 26.526500 14.156500 13.183600 
1310 1 13.706000 17.869400 0.863230 
1399 2 22.343900 25.605300 8.687510 
1312 2 13.936200 17.455500 1.367130 
1745 1 19.243800 15.469600 4.921340 
136 2 22.793900 15.869500 11.051400 
1806 1 26.033300 25.672100 0.242026 
1365 1 18.494000 20.781800 2.417800 
1930 1 21.553000 13.736300 7.266690 
1558 1 16.381900 17.241600 12.994200 
1302 1 16.018600 15.760400 5.118880 
1502 1 16.387800 19.101100 0.440787 
722 1 15.686900 23.297500 4.211300 
1796 2 24.474400 25.844400 12.067100 
1408 2 20.613100 23.092100 6.009520 
1593 1 19.409800 23.747600 2.497680 
978 1 14.552900 22.715000 12.083900 
1546 1 21.453900 23.954600 0.379179 
1154 1 15.110800 16.286300 10.263300 
1359 2 18.800300 22.121300 8.980500 
1608 2 23.769700 23.732500 2.747280 
1203 2 17.815700 25.657500 6.618480 
1352 2 13.262000 17.711300 7.571030 
334 1 26.076400 16.192300 9.796070 
1579 2 19.471100 18.497200 10.109800 
1535 2 19.180500 14.958400 10.191700 
1351 2 13.328300 17.704900 7.694510 
1596 2 19.289700 24.179000 2.572660 
138 1 25.527100 18.429100 12.213400 
175 2 25.130400 18.687500 9.310690 
1347 2 15.800100 19.430900 3.764590 
1348 2 15.417900 19.447500 3.738100 
1311 2 14.105600 17.515500 1.383500 
1932 2 21.247400 13.775000 7.713320 
996 2 14.106400 26.417900 11.762800 
1931 2 21.323700 13.739700 8.041030 
1358 1 19.311900 21.774000 9.248370 
988 2 14.631300 25.640200 1.282890 
1943 2 22.079100 18.583700 0.500611 
1201 1 18.592100 24.828600 6.517120 
723 2 16.487700 23.051900 4.182820 
1780 2 25.114400 22.205200 10.879400 
1942 1 23.076800 17.603100 0.884905 
1159 2 16.867900 13.687400 12.310100 
1369 1 16.535200 21.645900 6.678340 
1370 1 15.229100 21.337500 7.310430 
1371 2 15.690600 21.482300 7.081040 
1372 2 15.740900 21.458300 7.006440 
1791 2 23.875800 25.148500 6.205890 
1723 2 19.930000 14.626800 1.048880 
1485 1 17.630100 16.720600 2.910850 
1363 2 21.201300 17.746700 3.989880 
1190 1 13.805100 23.645800 8.919830 
104 2 23.023500 13.880900 3.930280 
985 1 14.744700 26.197400 1.243810 
1776 2 24.559200 19.687600 5.190220 
1220 2 22.120700 25.553500 8.451250 
304 2 25.569800 16.682900 3.383080 
1790 1 24.266700 25.184700 5.448680 
1383 2 17.869200 25.637200 6.583840 
1933 1 21.813000 15.826900 11.985400 
816 2 14.590200 26.760700 11.848400 
1511 2 16.939800 18.513800 7.948460 
1512 2 16.989900 18.463900 7.861770 
1736 2 22.839600 20.206100 11.299900 
1901 1 22.615000 14.625700 4.493780 
1160 2 16.849800 13.912000 12.486200 
1759 2 23.556900 16.435600 7.077540 
1381 1 18.455100 26.632400 7.094880 
1775 2 24.577500 19.576500 4.877600 
1534 1 18.885400 14.493500 10.494300 
1755 2 16.991600 14.707000 7.733690 
1525 1 16.370400 19.316200 10.380300 
1526 1 15.877700 20.478400 10.821000 
1527 2 16.317500 19.933000 10.554100 
1528 2 16.107700 19.898300 10.744600 
1368 2 18.909500 20.374000 1.847450 
1350 1 13.774100 18.012500 7.676620 
1761 1 24.688700 20.608100 1.805980 
1301 1 14.935800 16.655100 5.139730 
843 2 16.686400 14.260400 2.039100 
1782 1 20.433800 26.267400 0.763915 
1753 1 17.740300 14.567600 8.122940 
1797 1 24.720600 26.563100 11.834500 
1191 2 13.558000 24.293200 8.476140 
1735 2 22.972500 19.970400 11.428500 
1008 2 18.757500 20.061200 5.443600 
1721 1 20.174000 14.588800 0.499678 
1599 2 21.097100 24.201300 12.424100 
1533 1 19.513100 15.541700 10.091000 
1400 2 22.079200 25.340000 8.654680 
1486 1 18.256000 17.636300 2.446290 
1553 1 21.651300 20.255200 7.101050 
1554 1 21.785500 19.470200 8.122450 
1555 2 21.680100 19.844800 7.711010 
1556 2 21.738600 19.994500 7.476260 
1218 1 21.484200 25.301400 8.144430 
1773 1 24.757800 19.225800 4.622610 
1605 1 23.572100 23.255300 3.237660 
979 2 14.072100 22.456700 12.070100 
1941 1 21.269100 18.248800 0.895102 
1018 1 22.724400 24.884000 9.004210 
141 1 22.606100 19.499600 1.258370 
724 2 16.158700 23.198800 3.984080 
1569 1 19.180900 17.501400 6.843950 
1570 1 19.998600 16.680400 6.818340 
1571 2 19.856500 16.992500 6.784910 
1572 2 19.785400 17.192900 6.969530 
1578 1 19.787600 18.410900 10.849500 
1580 2 19.663100 18.656600 10.569800 
1510 1 17.072700 18.942000 7.815840 
1595 2 19.375500 24.184100 2.690830 
1724 2 20.084000 14.638400 1.231990 
1763 2 25.372200 20.483800 1.429780 
1382 1 17.205900 25.631100 7.160740 
1756 2 17.009800 14.687100 7.952740 
1607 2 23.652300 23.625700 2.903620 
1568 2 24.383700 21.957500 7.286450 
1407 2 20.401500 23.022200 6.205140 
1769 1 22.111700 21.676300 2.952400 
1746 1 18.664600 14.357000 5.243940 
1794 1 25.471300 22.776500 10.575500 
1132 2 18.650500 20.855500 12.521800 
1793 1 24.272500 25.205000 12.435500 
1936 2 22.382000 16.006400 10.905500 
1362 1 21.424300 17.856800 4.829410 
1487 2 18.046500 17.119900 2.707190 
1406 1 20.017500 23.158400 6.681850 
1309 1 14.322200 17.080300 1.728520 
1565 1 24.128800 21.502800 7.732130 
1419 2 21.316600 24.204000 12.541700 
1131 2 18.749500 20.813300 12.748300 
1367 2 18.730500 20.820000 1.920490 
1757 1 23.979500 15.962900 7.016820 
1733 1 23.134300 19.802000 11.687800 
993 1 13.400200 26.587900 11.399400 
1192 2 13.572000 24.011600 8.410010 
1762 1 25.928000 20.363000 1.252440 
1420 2 21.286000 24.096900 12.441100 
1129 1 19.284900 21.361900 12.896500 
1304 2 15.607400 16.009600 5.134380 
994 1 14.834300 25.699900 11.553100 
101 1 23.887300 13.760900 3.989280 
1001 1 17.716800 25.876600 5.801460 
1940 2 25.959500 18.174200 13.158900 
1548 2 21.818900 23.465700 0.092933 
1560 2 17.229400 17.126400 13.175800 
1559 2 17.083300 17.387500 12.854000 
484 2 26.246900 17.505800 0.220067 
483 2 26.219200 17.302900 0.275843 
1503 2 15.988600 19.742200 -0.029716 
1331 2 18.284400 14.144300 19.246800 
1584 2 17.519100 23.201600 26.234500 
482 1 25.869700 17.692100 26.360100 
1387 2 17.518500 23.103900 25.962700 
1681 1 21.737500 14.890500 24.375800 
1125 1 13.556600 22.071300 16.806100 
1019 2 16.769900 24.078200 14.447900 
1199 2 16.664700 23.989900 14.460000 
1409 1 21.817200 23.226400 20.590100 
1907 2 24.622100 18.084200 22.745200 
696 2 14.859800 15.171100 19.347800 
120 2 23.387900 15.211800 16.099300 
1168 2 14.622300 22.352600 24.424200 
1319 2 15.474200 17.523900 17.087600 
1921 1 19.655500 20.494400 23.013200 
1561 1 19.481200 20.003200 19.540700 
1197 1 16.970400 24.318900 15.386300 
1615 2 23.494800 21.523600 14.529500 
1705 1 20.590100 17.731000 21.023900 
1598 1 23.210800 24.598900 15.219800 
1166 1 14.240500 22.357800 24.219900 
966 1 14.565100 24.168500 20.720400 
1732 2 17.355300 17.670000 19.409600 
968 2 14.547400 24.275400 21.515800 
102 1 21.274700 20.386800 23.178400 
83 2 24.381900 13.836900 26.375200 
117 1 23.403000 14.368000 15.595800 
106 1 25.670700 17.869700 22.822300 
137 1 25.804300 18.755400 13.902200 
695 2 14.626600 14.944100 19.304300 
1758 1 26.483800 24.245100 14.354000 
997 1 16.774500 24.963800 13.817500 
1883 2 24.394600 13.929500 26.436500 
851 2 14.565500 24.685000 17.745800 
1701 1 18.008100 13.500800 25.224300 
1973 1 26.391700 18.285700 17.330500 
86 1 22.685200 15.751300 19.367600 
1113 1 16.704900 14.501000 15.635000 
1127 2 14.017200 21.604700 16.635200 
1729 1 17.259300 18.361400 18.931400 
1385 1 17.283600 23.439300 26.511600 
449 1 26.383400 14.758800 22.289900 
1091 2 14.352800 18.025800 21.596700 
849 1 15.205500 24.560200 17.549900 
1920 2 23.290400 15.263000 16.018300 
1900 2 26.533600 13.336800 13.675300 
1116 2 16.929400 14.059900 15.925600 
1618 1 23.698700 26.371300 15.292100 
107 2 24.467000 18.189900 22.638000 
1897 1 26.330800 13.476900 14.642600 
1742 1 23.083300 26.563500 22.956600 
1317 1 15.235400 17.350200 16.435500 
123 2 20.669400 20.480800 23.415800 
105 1 24.180000 18.735500 23.554700 
1379 2 20.563000 18.792000 13.859800 
1961 1 23.966100 22.978400 24.119500 
1947 2 22.809100 20.659900 19.697700 
124 2 20.489800 20.386900 23.502800 
1167 2 14.593800 22.392400 24.557500 
1465 1 16.886600 16.231300 22.755400 
1200 2 16.793700 24.081800 14.562200 
1592 2 21.593800 24.090400 20.213600 
1380 2 20.774800 18.601800 13.891800 
850 1 13.884100 24.808200 18.022100 
1620 2 23.668400 25.132400 15.994400 
1329 1 17.888700 13.651000 19.285300 
1923 2 20.577500 20.607500 23.634800 
967 2 14.582200 24.326500 21.608500 
1178 1 14.650800 20.058600 13.712600 
1740 2 19.776900 15.050500 13.794200 
1619 2 23.622700 25.368700 16.049900 
1524 2 17.095700 19.550400 22.989300 
1325 1 14.578000 20.910300 19.352500 
1326 1 15.549700 21.230500 20.524700 
1327 2 14.982100 21.080700 19.785700 
1328 2 15.073100 21.099500 19.847100 
14 1 26.306600 21.467500 18.124800 
140 2 25.809600 18.389100 13.290000 
1115 2 16.830300 13.861200 16.128500 
1988 2 25.695700 25.181200 26.380800 
81 1 24.895300 14.232100 25.203700 
1590 1 20.675400 24.000100 19.892900 
1020 2 16.819800 24.068800 14.461800 
1012 2 17.981600 25.480600 21.123900 
1353 1 18.811000 19.953400 16.302000 
1354 1 17.879800 20.090600 15.288100 
1355 2 18.393300 20.020100 15.794600 
1356 2 18.340100 20.161600 15.607700 
1521 1 16.975100 19.700300 23.666000 
1613 1 23.919800 21.877300 14.613100 
1011 2 17.906600 25.590300 20.761000 
1544 2 19.987500 24.370000 23.754400 
1468 2 17.564000 15.955800 22.534000 
84 2 24.510500 14.167700 26.256200 
1267 2 14.439300 16.467600 24.234800 
1285 1 18.158000 17.332800 25.326800 
1287 2 18.188300 17.066800 25.700900 
1884 2 24.729600 14.213200 26.246500 
1917 1 22.860200 15.984200 15.676300 
1906 1 23.973600 18.161000 22.033900 
87 2 23.143200 16.103800 19.881800 
1523 2 17.196700 19.601200 23.053100 
1389 1 17.639600 23.399500 17.642700 
1391 2 17.412300 23.328400 18.452900 
1581 1 18.022300 23.041900 25.531100 
108 2 24.315200 17.952800 22.997500 
1741 1 23.308400 25.539500 23.958400 
1683 2 21.510400 15.624500 24.528700 
1410 1 22.376100 24.108800 19.185400 
1412 2 22.003000 23.847900 20.307300 
1924 2 20.341800 20.728400 23.447900 
1288 2 18.127200 16.878000 25.786100 
1810 1 26.037100 26.210900 20.940400 
1177 1 15.711500 19.634300 14.282600 
1126 1 14.652800 21.084800 16.265900 
1945 1 23.266600 19.894400 20.286500 
1974 1 25.283500 18.952700 18.143800 
1180 2 15.129400 19.907900 13.949700 
1198 1 15.684900 23.608100 14.390600 
1702 1 17.575900 14.352300 24.394000 
1128 2 14.023400 21.323900 16.644800 
1092 2 14.378100 18.532100 22.180900 
801 1 15.582700 26.494300 24.963800 
1402 1 17.537900 22.707100 22.085400 
1549 1 19.654100 17.096700 16.474000 
1550 1 19.487500 15.550700 16.279900 
1551 2 19.576300 16.536600 16.440300 
1552 2 19.445800 16.343200 16.472800 
965 1 14.346200 24.312500 22.229000 
1542 1 19.930400 24.858000 24.004700 
1562 1 18.777600 20.928900 19.076400 
1564 2 19.034600 20.528900 19.163800 
1573 1 21.306400 22.588600 16.192700 
1574 1 20.604400 21.967300 17.071100 
1575 2 20.751500 22.193300 16.753500 
1576 2 20.911100 22.432300 16.566700 
1975 2 25.710600 18.695100 17.871300 
1165 1 15.516000 22.375500 24.843300 
161 1 25.332000 23.173200 23.051900 
937 1 14.666300 15.467200 13.778300 
119 2 23.262200 15.237400 16.356000 
1522 1 17.304300 19.592400 22.327800 
1589 1 22.081500 24.866500 20.754500 
1591 2 21.572200 23.956300 20.123800 
1286 1 18.475800 16.468000 26.321000 
1411 2 21.818200 24.211900 20.319600 
1390 1 17.335000 23.363800 19.014300 
1807 2 25.548200 25.142600 26.360700 
1090 1 14.366800 18.484900 22.330800 
164 2 24.894000 22.453900 23.798800 
1614 1 22.979000 21.098300 14.354800 
1616 2 23.538900 21.725900 14.594400 
1541 1 20.512800 23.813800 23.394200 
1563 2 19.061100 20.441800 19.322800 
1922 1 20.350800 19.959900 24.241400 
1432 2 20.618700 14.255700 21.913000 
1893 1 26.696400 14.049500 18.311000 
1706 1 19.358900 17.547700 21.162600 
1707 2 20.144800 17.615100 21.208600 
1708 2 19.859600 17.645500 21.006500 
1800 2 23.610600 25.487600 15.655400 
1617 1 22.912600 25.414900 16.691400 
1393 1 20.040600 26.189200 17.273400 
1985 1 25.534500 24.715600 26.010100 
118 1 22.816100 14.999800 16.892600 
1948 2 22.990200 20.478400 19.750200 
1467 2 17.222700 15.950400 22.408000 
1682 1 21.671900 16.217400 24.934200 
1725 1 21.962500 18.940500 16.774600 
1726 1 23.281000 19.107400 16.507400 
1727 2 22.514600 19.061600 16.588500 
1728 2 22.562400 19.049200 16.545600 
940 2 14.258200 15.812500 13.587500 
1918 1 24.349200 15.470700 16.452700 
1731 2 17.492100 17.703200 19.521300 
1377 1 19.976900 19.184400 13.885500 
1743 2 23.222400 26.127600 23.635100 
88 2 23.012300 15.854800 19.791900 
1010 1 17.642700 25.514500 21.628800 
1114 1 17.185600 13.484300 16.332900 
1392 2 17.229600 23.379300 18.397800 
1976 2 25.800400 18.649600 17.558300 
1993 1 25.074700 22.965700 19.220000 
1798 1 24.404200 25.030200 16.249100 
162 1 24.566000 21.751700 23.197500 
1896 2 26.097000 14.356300 18.563700 
1962 1 25.480800 22.175800 24.413100 
193 1 25.526400 23.137800 17.402900 
1268 2 14.586300 16.334700 24.435000 
1266 1 14.015300 16.487400 23.692000 
85 1 23.531100 15.955700 20.395400 
1431 2 20.601000 14.298600 21.717000 
1946 1 22.749000 21.136300 19.409400 
1265 1 14.896700 16.333500 24.842000 
1543 2 20.222000 24.351100 23.755600 
1330 1 18.590700 14.863900 19.051400 
16 2 26.405300 22.889200 18.482100 
122 1 20.456100 21.637100 23.800300 
1730 1 17.556900 17.474800 19.788400 
693 1 14.080300 14.539700 18.987700 
1332 2 18.335400 14.326500 19.064300 
1881 1 23.314600 13.805100 26.337900 
1557 1 17.873400 17.181700 13.222300 
694 1 15.168700 15.412200 19.397000 
1466 1 18.036400 15.695300 22.242600 
1684 2 21.663000 15.660500 24.661900 
1017 1 17.494200 23.284600 14.217000 
163 2 24.818900 22.515800 23.611900 
1403 2 17.509300 22.672400 22.114400 
1919 2 23.347500 15.214100 16.091600 
139 2 25.742500 18.082300 13.153800 
805 1 13.532000 24.985800 24.872100 
15 2 26.343100 22.675900 18.736800 
1895 2 26.128000 14.448300 18.521000 
142 1 22.230600 18.547700 26.276900 
1703 2 17.787600 13.960600 24.830100 
1908 2 24.518900 17.906100 22.908300 
1996 2 26.395800 22.980700 18.551600 
1799 2 23.579100 25.314500 15.791800 
1179 2 15.231100 19.787900 14.034000 
1318 1 15.648500 17.474500 17.602700 
1320 2 15.497200 17.544100 17.112900 
1894 1 25.516100 14.733200 18.719900 
1905 1 24.229700 17.231700 23.322800 
1378 1 21.124000 18.264200 13.978400 
1704 2 17.772600 13.724100 24.733200 
1089 1 14.266000 18.020900 21.065600 
852 2 14.327900 24.956700 17.608500 
1429 1 21.071700 14.699800 22.080100 
1963 2 24.805100 22.501900 23.497200 
1964 2 24.977600 22.580600 23.764400 
1081 1 15.474200 13.641100 22.227800 
1995 2 26.481000 22.989500 18.307000 
1545 1 21.965400 22.669100 26.338000 
1739 2 19.370200 15.165700 13.673700 
1738 1 19.736300 15.494800 14.027000 
1938 1 25.032900 17.599200 13.633400 
1744 2 23.211700 25.996200 23.504700 
1009 1 18.104700 25.707900 20.476900 
939 2 14.313600 15.874500 13.867800 
1417 1 21.324500 24.614300 13.527900 
1501 1 15.678800 20.205700 26.306900 
286 1 23.675500 13.685900 21.803000 
1430 1 20.127600 13.905300 21.534900 
1939 2 25.720900 17.992500 13.350100 
1737 1 19.406500 14.433800 13.289800 
938 1 13.880900 16.474300 13.504700 
1504 2 16.128400 19.756700 26.534300 
1547 2 22.013200 22.978900 26.426600 
