id type x y z 
1923 2 2.199790 0.567963 1.557370 
491 2 10.023100 8.258850 8.117430 
837 1 9.729010 7.977040 0.552976 
564 2 8.949760 6.753660 5.220600 
928 2 10.297600 12.522900 6.017280 
1790 1 11.796300 1.814600 4.678100 
1505 1 7.782990 8.755120 6.315670 
1842 1 12.534300 3.587360 4.842060 
623 2 6.043910 5.796620 8.370560 
1219 2 2.364030 8.678890 5.408060 
1689 1 2.072740 2.930780 7.496220 
1704 2 13.057800 4.336930 4.280540 
507 2 7.931900 0.600877 4.761630 
1574 1 7.332570 3.051900 10.300600 
497 1 8.856710 12.135300 9.061230 
1220 2 1.789770 8.620850 4.451080 
1130 1 2.760750 0.333114 10.326800 
777 1 3.033720 7.567190 1.338780 
463 2 3.832240 10.003300 8.404140 
693 1 2.826450 12.208500 5.781320 
402 1 10.195200 9.569230 7.974710 
546 1 10.465900 3.728750 11.560600 
1709 1 0.246178 3.236360 3.093150 
1987 2 6.448800 0.725755 11.513200 
424 2 12.760100 0.303879 9.129600 
219 2 3.856900 1.143280 4.362890 
1991 2 5.646280 11.459600 5.506990 
405 1 3.990890 1.389380 4.686180 
1406 1 5.822960 10.160500 11.491300 
930 1 11.179600 5.007480 3.090040 
1570 1 3.766850 11.605700 13.183400 
13 1 9.573770 12.521200 0.271807 
1877 1 1.781980 11.815700 9.333600 
722 1 8.025050 7.132630 11.111000 
1797 1 8.959260 13.058500 3.694140 
508 2 7.818030 0.529040 4.314790 
399 2 5.510630 0.881348 0.505716 
425 1 2.602100 4.009200 4.884130 
186 1 1.218970 1.863480 6.909150 
307 2 2.612320 7.481680 10.879300 
1834 1 3.499550 0.383152 2.999950 
1766 1 2.823450 11.466300 12.091800 
1320 2 2.507850 12.768200 6.294980 
1043 2 0.502015 10.877400 3.019210 
1447 2 10.881000 0.301965 11.626700 
1083 2 7.192340 10.611800 2.426840 
285 1 9.719940 0.101896 8.620190 
1385 1 9.369670 6.506110 0.135413 
1857 1 9.816460 1.332600 1.295330 
233 1 5.965970 0.999224 10.850700 
1996 2 10.390200 3.492720 12.234500 
1784 2 8.964840 0.198886 8.699130 
286 1 9.983860 5.604120 10.464500 
664 2 10.002200 1.988770 1.344080 
1803 2 1.959230 3.311640 12.781400 
518 1 0.674559 0.169509 4.768170 
951 2 8.962840 4.009500 5.218300 
842 1 0.084893 7.366170 7.809070 
728 2 12.587600 8.918080 6.332820 
594 1 0.830731 9.210630 8.287450 
63 2 1.068680 0.229368 4.585700 
830 1 10.288900 7.827380 8.188560 
633 1 3.233440 1.591060 10.218000 
81 1 4.936160 9.295740 7.432350 
1145 1 10.984200 0.554624 11.519000 
153 1 6.077100 3.112370 12.588500 
1559 2 0.203535 8.835670 7.970260 
1387 2 7.170800 6.253350 11.496200 
1686 1 11.106300 3.361650 8.368740 
927 2 9.961510 12.692200 5.738260 
647 2 7.077750 3.593110 10.105500 
1015 2 11.497300 1.261310 5.007900 
31 2 1.709080 12.178200 9.136080 
54 1 10.209600 2.697650 1.959100 
1331 2 13.269700 11.907100 8.615410 
496 2 3.677620 4.947990 10.590100 
743 2 8.166730 11.869800 8.392330 
1989 1 6.359340 11.068300 5.946740 
1142 1 9.224100 3.077820 5.446800 
1322 1 3.987880 3.884920 6.998700 
774 1 10.833900 10.367800 3.115500 
1138 1 5.872360 11.849100 4.854050 
112 2 6.559470 10.763100 12.043900 
45 1 6.373160 10.057500 0.509270 
1705 1 9.713180 3.698200 8.457200 
326 1 5.001790 3.433440 7.209360 
624 2 5.754390 5.783490 8.112650 
532 2 0.161589 2.737000 10.078900 
1180 2 0.110118 5.465270 1.902060 
216 2 8.769810 12.315900 3.298310 
1720 2 3.147920 11.025300 1.389830 
563 2 8.820430 7.311170 5.078720 
1122 1 11.234100 0.521208 5.530140 
423 2 12.262600 0.010640 8.398320 
1546 1 7.090640 5.901880 11.341900 
1941 1 7.972100 0.438993 3.796910 
492 2 9.617160 8.987360 8.241370 
697 1 1.957440 0.241507 8.898330 
733 1 2.715790 11.492300 2.357620 
1042 1 0.015501 11.137400 2.563390 
1703 2 12.744900 4.206350 3.951350 
1485 1 12.395100 9.628210 5.730530 
1804 2 1.541890 3.580540 12.986500 
1193 1 0.568762 2.984380 9.651230 
996 2 0.607185 1.903050 3.083160 
183 2 3.395260 7.382930 1.017550 
952 2 9.037890 3.562510 5.348360 
47 2 6.316880 3.928280 3.501860 
400 2 4.965650 0.832031 0.387822 
1994 1 4.944200 1.006510 1.169460 
1694 1 6.224950 4.432960 3.567090 
210 1 4.126310 0.026732 6.933500 
1729 1 9.915810 5.899570 2.814010 
1284 2 1.303410 2.310450 7.185370 
295 2 5.456150 7.176290 4.421500 
48 2 6.952790 4.021240 3.055790 
446 1 13.009400 12.287700 12.850500 
727 2 12.656900 9.652260 6.191330 
1294 1 11.867200 9.838070 10.861600 
970 1 2.696760 8.252560 9.806680 
1016 2 11.647800 1.343070 4.704760 
854 1 8.335150 7.434670 1.215020 
147 2 0.078469 12.936100 0.099929 
465 1 5.455630 0.183396 7.674360 
588 2 2.980620 0.960134 9.883100 
1646 1 6.908290 2.840960 3.476330 
1321 1 1.130820 3.517410 12.872600 
1598 1 2.819070 3.115160 12.810600 
184 2 4.041160 6.558760 1.107360 
1286 1 12.565200 6.363570 12.627500 
294 1 5.789110 7.104330 4.125740 
296 2 4.999270 6.704030 4.360070 
152 2 9.351160 7.813940 0.707675 
1296 2 7.780630 8.949340 10.443600 
215 2 8.716660 12.571700 3.249760 
1913 1 7.986850 10.801500 1.668480 
1873 1 0.537449 13.093700 0.475846 
747 2 10.414900 3.529320 8.614100 
346 1 7.597110 11.738100 8.566410 
266 1 2.034350 4.179960 0.015376 
1575 2 10.583800 6.298070 10.733900 
1283 2 1.672300 2.490360 7.474090 
1739 2 2.787900 11.527700 12.399800 
663 2 9.699960 1.591950 1.592260 
1262 1 7.103300 9.089310 7.409740 
589 1 9.942640 10.173000 10.885200 
914 1 6.173000 4.181780 8.966400 
86 1 5.931420 6.065160 9.048760 
603 2 3.320820 4.473820 2.029320 
308 2 2.534180 7.679080 10.177000 
701 1 2.940210 6.084590 8.116210 
1740 2 3.133900 11.667200 12.501700 
1329 1 7.521690 0.674440 5.105100 
486 1 3.861690 4.437720 11.372200 
744 2 8.207640 11.841000 9.012370 
748 2 10.483300 3.830570 8.394360 
1841 1 8.906510 4.468160 5.070870 
717 1 8.389430 6.433470 4.597230 
1988 2 6.003790 0.496717 11.089100 
1044 2 0.342585 11.320400 2.780210 
122 1 5.501210 12.657100 6.983360 
1576 2 10.582900 6.346110 10.237000 
1388 2 7.535300 6.230490 11.200400 
327 2 4.694420 3.570410 7.173420 
911 2 2.155970 6.018250 7.702150 
1319 2 2.468720 12.157600 5.878750 
1731 2 10.190900 5.515910 3.238910 
1682 1 3.074400 4.492950 1.459820 
464 2 4.526280 9.632280 8.238520 
162 1 10.946500 6.901210 10.849800 
29 1 1.387560 12.629800 8.402270 
32 2 1.556940 12.168600 8.839100 
151 2 9.154560 7.372670 0.867503 
1217 1 0.391108 1.541020 3.023590 
1317 1 7.449600 9.327140 10.636500 
1961 1 1.543490 5.820760 6.912490 
1048 2 11.591200 10.059100 2.936140 
786 1 7.827790 8.418100 9.251970 
1137 1 2.723820 7.461750 11.305700 
1047 2 10.579400 9.451780 4.047350 
1445 1 2.121670 5.131940 4.370050 
1461 1 7.040340 10.862700 11.991200 
1934 1 2.916180 8.868510 5.544230 
654 1 8.424070 12.133600 3.175710 
648 2 7.291740 3.351480 9.954110 
912 2 2.584500 6.097990 7.539220 
1206 1 8.362830 0.747394 8.640420 
335 2 2.502380 4.502810 4.742720 
1325 1 10.119000 12.209000 6.073370 
495 2 3.403030 4.717530 10.743200 
1620 2 10.762300 10.423700 10.451700 
1992 2 6.253100 11.041800 5.237910 
1295 2 7.755850 8.536320 10.052000 
111 2 6.483670 10.600200 11.816900 
469 1 1.246170 8.127490 4.847360 
1619 2 11.041600 10.361200 11.184300 
1783 2 8.556730 0.546254 8.422530 
1858 1 11.190300 8.853030 3.879040 
561 1 9.181750 7.274840 5.455430 
1084 2 7.656710 10.248500 2.544810 
220 2 4.050770 1.122330 4.487620 
182 1 3.569660 10.184300 8.506980 
1531 2 6.755490 8.816650 7.028720 
1717 1 3.963700 11.240800 1.546470 
730 1 7.433800 10.044300 2.799510 
1732 2 10.886900 5.342750 3.094240 
328 2 4.288120 3.688860 7.077440 
618 1 5.782370 5.876510 7.647070 
1560 2 0.534477 9.012510 8.115060 
517 1 4.026500 5.999070 4.049070 
1491 2 8.992110 11.606400 0.429459 
1995 2 10.244900 3.677760 13.051500 
1895 2 12.148400 6.384330 13.151200 
587 2 2.917400 0.998073 10.273300 
995 2 0.206815 2.722270 3.214950 
336 2 2.138540 4.567340 4.448920 
1924 2 2.223880 0.061843 1.599330 
921 1 2.970370 5.491360 10.493400 
1532 2 7.324230 9.204500 6.731700 
1906 1 12.949300 12.142500 4.104720 
1719 2 3.265380 11.572800 2.130570 
614 1 1.893040 0.850455 1.635200 
383 2 4.995950 0.201930 7.399790 
965 1 0.238448 4.989650 1.721740 
821 1 0.745539 9.801930 0.373787 
124 2 5.527420 13.095100 7.150330 
1489 1 13.216700 4.642780 3.870190 
1813 1 0.414800 10.596700 3.703720 
493 1 0.677903 3.369290 0.088948 
1080 2 8.486460 12.764700 13.163200 
1674 1 11.594900 13.196200 0.122409 
548 2 6.446180 1.996100 20.295400 
1765 1 3.772230 6.244710 14.282700 
1772 2 2.606070 8.304150 24.829100 
922 1 5.368150 8.353550 14.358800 
1612 2 12.104500 7.385130 25.334800 
852 2 2.137060 3.064750 23.085900 
1727 2 1.141820 8.029790 18.779900 
1058 1 5.901890 0.204054 15.866700 
800 2 7.501470 2.416880 25.890900 
1382 1 9.808230 10.961600 26.502500 
1107 2 5.391910 12.239400 21.465800 
975 2 6.856410 11.603300 16.019200 
1811 2 2.114760 10.683300 17.180400 
250 1 2.391330 4.270840 24.205400 
65 1 9.797750 8.909060 16.496000 
712 2 6.874760 3.717050 23.514600 
1593 1 12.781200 0.927560 18.002200 
1629 1 3.342770 7.797970 20.306700 
1930 1 2.084550 12.831800 22.163500 
1910 1 9.713810 1.877720 25.991100 
1949 1 12.857400 12.738800 15.381500 
1962 1 0.291848 8.994530 21.874000 
388 2 0.142828 11.446800 22.921800 
1351 2 6.200600 5.640380 14.568500 
1927 2 5.717820 10.856800 18.794700 
1624 2 8.068840 8.090950 19.194400 
1144 2 9.477800 6.368130 15.135500 
849 1 5.299500 11.190600 18.458500 
1773 1 8.490450 4.409060 20.450400 
1605 1 8.198990 7.871390 13.947800 
1617 1 12.665600 10.514200 24.774200 
1812 2 2.632830 11.229200 17.063300 
1471 2 12.684300 1.620730 17.767600 
1290 1 8.177580 8.727490 19.946200 
1261 1 5.077440 9.381570 22.328700 
1146 1 9.131950 1.463950 17.985500 
875 2 10.656400 12.566200 23.951700 
1386 1 5.784410 2.680910 14.206300 
71 2 12.183400 0.307505 14.294900 
104 2 12.424900 4.210190 23.962400 
1915 2 9.329650 10.558000 21.813300 
877 1 8.359600 1.069670 13.898900 
1798 1 9.314000 8.273900 24.001400 
450 1 5.258260 0.614984 26.257000 
1648 2 1.472990 3.592860 26.503500 
1037 1 10.754900 7.784460 17.211200 
445 1 0.764501 0.452367 25.908700 
1234 1 3.484150 2.866510 25.940700 
1573 1 7.411610 0.116863 25.233100 
1724 2 6.114180 3.207550 16.928700 
1723 2 6.483800 3.142220 16.716800 
44 2 9.208060 2.027680 18.577300 
1925 1 6.151280 9.553720 19.625000 
755 2 3.136460 10.342200 20.930100 
369 1 0.119969 0.918596 24.881200 
1102 1 5.134200 5.733790 19.759400 
1188 2 8.660190 5.310660 26.124400 
343 2 4.863400 8.553190 14.050900 
1132 2 11.120700 7.654880 20.824900 
1335 2 4.863770 12.988200 14.587800 
547 2 6.092050 2.145360 20.543600 
68 2 10.379500 1.914400 22.419300 
832 2 7.177550 11.806000 24.053100 
1475 2 1.229000 13.314500 15.237500 
201 1 8.075620 1.781150 19.362900 
1441 1 10.702900 11.254400 15.194500 
1031 2 4.206080 12.591000 24.361100 
1149 1 0.419487 5.463050 20.420400 
1627 2 3.234370 4.287440 17.228500 
784 2 10.664700 12.506800 16.113400 
105 1 5.778710 6.212720 15.251400 
783 2 10.687800 11.739500 14.935700 
851 2 0.536175 0.619646 25.582600 
1455 2 8.357010 1.329260 14.706900 
1997 1 12.953800 8.899430 21.867400 
1141 1 9.183200 10.100500 22.736400 
1413 1 10.726600 8.206540 21.435100 
810 1 11.183600 1.484110 22.828300 
1028 2 11.788700 3.632580 20.410300 
1093 1 6.140060 0.878358 20.404600 
1578 1 5.680070 9.643510 25.875800 
1472 2 12.288700 1.342120 17.811600 
938 1 8.234400 11.776000 13.573800 
1150 1 9.504380 5.214910 21.884300 
983 2 8.809730 5.885390 17.820500 
1258 1 1.152440 6.578590 15.834400 
1476 2 1.061330 13.209500 15.106500 
1121 1 7.438130 6.182230 25.465500 
1353 1 8.289540 7.532020 19.023100 
931 2 8.637450 8.607230 13.438400 
1131 2 10.904000 7.549570 20.748000 
1916 2 9.241050 10.762400 21.701100 
1537 1 13.026900 8.163050 23.980900 
1232 2 0.163506 9.683330 25.989000 
1462 1 4.287590 6.775860 17.480800 
1249 1 5.294070 12.683500 14.947200 
1373 1 6.686310 5.483890 14.219700 
390 1 5.241270 5.774530 21.336000 
1501 1 11.960400 4.130640 24.520000 
1671 2 1.261930 9.402320 14.567800 
1669 1 1.099720 8.803110 14.703200 
608 2 5.029730 6.081670 20.336400 
607 2 5.168610 5.877280 20.727000 
705 1 7.219910 11.416600 23.656400 
6 1 11.735900 6.699440 13.489600 
521 1 11.067700 3.982680 20.210300 
932 2 8.549190 8.854220 13.728300 
1166 1 5.495400 7.507620 17.471600 
949 1 6.423280 7.737920 25.781200 
372 2 0.490588 0.798446 25.542200 
441 1 11.487800 12.903300 23.666700 
138 1 1.337950 9.975130 13.910000 
1423 2 11.326800 5.466670 17.226200 
509 1 7.510990 2.673280 26.109900 
484 2 5.971420 9.944180 26.453700 
50 1 0.685345 2.740320 19.316400 
537 1 1.548750 3.370330 22.408600 
133 1 11.317000 10.585800 18.603100 
1623 2 7.688190 8.623350 19.743000 
1743 2 2.516690 2.537040 20.025700 
1809 1 2.610970 10.091900 21.358800 
90 1 6.041800 2.743720 16.333100 
1748 2 5.133180 7.276120 17.262400 
444 2 3.090290 6.356030 14.235400 
72 2 12.605300 0.473732 14.609800 
1332 2 0.051670 8.572310 22.121800 
155 2 5.163980 2.993710 13.726800 
1250 1 2.000480 8.000490 24.509000 
260 2 1.827410 8.020090 18.545200 
371 2 4.223900 2.896790 25.177100 
1664 2 3.956750 0.260295 22.463500 
206 1 0.550378 10.983400 23.220800 
89 1 2.139320 10.928800 17.775300 
984 2 8.788000 5.763240 18.031200 
1105 1 13.095200 0.633458 14.190900 
1227 2 10.037400 9.688780 16.716200 
709 1 8.649170 5.530880 18.258000 
1771 2 2.333360 8.350180 24.494500 
1456 2 8.456510 1.245290 14.176400 
442 1 2.648370 9.259250 24.558100 
1178 1 0.362840 7.983490 18.290000 
447 2 0.194804 6.014220 24.436100 
1438 1 7.564710 11.883100 24.590300 
1133 1 3.753870 0.913344 22.007000 
302 1 6.892920 9.193200 22.442400 
667 2 6.070850 9.043310 22.451600 
953 1 3.711780 3.768860 16.561500 
1352 2 11.507500 5.035600 17.357300 
1672 2 1.152870 9.108260 14.525700 
1029 1 11.801600 0.374295 14.847700 
1681 1 8.665470 1.473480 15.097400 
853 1 2.562410 6.711360 14.109600 
993 1 2.610850 4.532260 17.940600 
1920 2 3.423530 5.912300 23.108400 
1231 2 0.137631 9.662210 26.299000 
1502 1 9.832750 1.938050 22.465900 
1628 2 2.712470 4.247680 17.426000 
1494 1 2.303150 10.299100 16.289000 
1297 1 11.407300 7.118440 20.539400 
1246 1 10.603500 11.738800 23.907600 
1143 2 8.943090 6.418630 14.927500 
982 1 10.956400 5.177100 16.950600 
782 1 10.606200 12.844600 16.261800 
1002 1 11.012400 10.462800 19.996400 
1721 1 10.112900 2.457900 18.758400 
1889 1 12.673100 2.107420 17.668500 
1770 1 5.449600 13.131700 20.777200 
1281 1 2.045950 8.142950 18.503200 
1228 2 9.839760 8.856210 16.533900 
386 1 2.499650 2.395060 20.204800 
695 2 3.258940 1.420320 15.401800 
341 1 3.988930 8.913200 14.089600 
831 2 7.157100 11.772000 24.318400 
1362 1 9.267580 6.274320 15.115700 
809 1 6.486320 11.350700 16.360200 
1919 2 3.341320 5.596850 23.692000 
711 2 7.007880 3.477520 23.666700 
1603 2 6.138580 7.717830 25.376600 
710 1 6.921570 2.960180 23.482900 
43 2 9.161890 1.870830 18.721800 
1928 2 5.834070 10.969900 18.525200 
620 2 4.003930 0.071625 18.312100 
1954 1 8.843370 6.145120 17.017800 
604 2 4.005820 2.984260 25.761400 
67 2 10.494400 1.518200 22.582100 
756 2 2.682960 9.726730 21.046800 
1187 2 8.088140 5.092830 26.460500 
714 1 12.290600 3.609240 20.625300 
103 2 12.312200 4.427600 24.067700 
716 2 8.210550 4.470640 20.568600 
1492 2 9.438680 11.755200 26.446300 
1437 1 11.726200 7.151780 24.890800 
1647 2 1.487720 3.625560 26.503900 
865 1 12.476000 7.920210 25.747800 
1728 2 6.518800 5.898090 14.869400 
1046 1 7.487250 11.542600 15.809800 
1663 2 4.297390 0.014958 22.354700 
1022 1 3.070700 6.349090 22.650700 
1611 2 12.163500 7.254930 25.272000 
1799 2 9.378820 7.810810 23.173100 
1926 1 3.346080 10.232400 20.524300 
1918 1 3.738240 5.449530 23.665000 
976 2 7.323270 11.565000 15.886000 
799 2 10.057700 1.976600 25.352900 
619 2 4.247150 0.387034 18.325900 
1810 1 4.772960 3.309100 25.252400 
1937 1 6.512370 3.663470 17.404900 
1181 1 6.263180 2.368120 20.569000 
1625 1 5.087670 12.236600 24.698700 
264 2 11.172700 10.408900 19.016600 
1027 2 11.914900 3.587200 20.292900 
715 2 8.905660 5.267100 21.643100 
1604 2 6.860590 6.787290 25.262900 
94 1 4.637140 0.853893 18.085000 
876 2 11.304100 12.845800 23.475800 
481 1 6.725190 4.277920 23.520600 
1654 1 8.308850 4.938330 26.540900 
1032 2 3.988930 12.365100 25.086600 
1800 2 9.006410 8.976940 24.772600 
1357 1 0.009228 1.088830 14.195900 
1333 1 12.575400 4.489390 17.736000 
1744 2 2.108020 2.418840 20.527800 
1007 2 0.290985 8.974340 22.255600 
314 1 5.203690 12.098200 21.906000 
259 2 3.350250 7.785610 20.513700 
1747 2 4.493250 7.086440 17.275600 
202 1 3.541160 1.077800 15.065600 
263 2 11.151100 10.731700 19.564600 
696 2 3.148470 0.638557 15.093300 
1737 1 9.019430 11.142100 21.147100 
160 2 0.080590 6.219860 15.848700 
344 2 4.244910 8.756460 14.375600 
358 1 2.660470 1.239680 15.938800 
1108 2 5.580630 12.636500 21.506400 
1474 1 2.150990 13.208000 15.252000 
545 1 3.677320 12.288000 25.361400 
1299 2 12.452800 10.882800 25.769700 
668 2 5.655850 9.407400 22.426500 
825 1 2.025390 13.291000 20.545500 
156 2 5.747190 3.056730 13.708500 
483 2 6.067250 9.979370 26.558800 
443 2 2.696740 6.518540 14.449700 
1762 1 13.187900 7.636270 17.483600 
246 1 0.087639 6.600710 24.721000 
1148 2 13.197500 8.680220 23.136900 
1896 2 12.690500 6.647850 13.399100 
898 1 10.159000 3.537940 13.356600 
354 1 9.142320 8.831680 13.306500 
662 1 4.289380 6.831700 26.516400 
382 1 12.795500 3.153070 13.627800 
1017 1 5.131870 20.133300 9.508150 
1695 2 0.254132 21.194600 11.143900 
1658 1 8.438780 15.276500 9.227740 
1582 1 0.086076 15.921500 6.758090 
1832 2 10.490000 25.511800 3.181230 
10 1 12.906000 22.072600 9.086130 
418 1 6.358150 23.573600 9.864960 
1826 1 5.285530 13.624600 9.678610 
1112 2 3.314560 21.270100 3.219200 
768 2 9.653590 19.757700 9.670700 
890 1 12.521100 16.489900 2.533350 
1754 1 2.700610 18.850800 6.514740 
323 2 3.051600 21.404800 12.649500 
915 2 4.107660 21.114200 5.954820 
1454 1 4.906250 22.722500 5.277060 
134 1 2.865060 18.959300 0.228649 
734 1 12.149300 21.296100 12.650500 
844 2 5.748000 22.659100 4.375080 
324 2 2.945150 21.144100 12.733200 
180 2 1.981360 15.114000 12.723800 
1099 2 8.349660 15.768900 10.108800 
1618 1 5.722700 17.344600 7.664800 
981 1 6.256310 20.974400 0.804328 
1782 1 7.535510 22.184100 7.843850 
1079 2 7.335000 13.647000 12.488100 
840 2 8.320780 19.681500 4.671600 
555 2 12.955500 23.705100 6.377770 
1936 2 6.724820 21.047300 1.618910 
787 2 4.980640 13.530200 10.084800 
166 1 7.617440 21.146500 11.678800 
1097 1 7.515630 15.823500 10.509000 
1082 1 10.599300 15.502200 4.819900 
1756 2 2.211120 18.603900 6.267100 
926 1 10.041200 13.461200 12.216300 
1493 1 1.912740 15.260600 11.917700 
1064 2 1.758690 17.992000 11.302700 
1953 1 4.205070 20.242200 5.725030 
262 1 2.617900 16.135800 5.432340 
179 2 1.613000 15.004200 12.049700 
617 1 12.331700 23.877700 6.572270 
642 1 12.806800 14.818600 6.437320 
77 1 6.129380 14.503200 7.620540 
185 1 3.367390 21.426300 12.051400 
466 1 4.098320 22.964300 9.715750 
1684 2 3.862750 24.479000 5.717200 
1056 2 10.708000 14.243200 11.369600 
1100 2 7.727830 15.642800 9.923200 
1125 1 0.547040 16.174800 0.438958 
1973 1 5.245030 13.505800 0.988115 
1033 1 8.139030 24.974100 1.660040 
646 1 11.207400 15.889900 0.412045 
189 1 2.102520 14.026800 2.369620 
311 2 10.278400 20.727500 6.140070 
742 1 10.604400 20.437200 7.389590 
872 2 0.745982 21.436900 5.608550 
666 1 8.422710 18.048100 1.207370 
767 2 9.524180 19.473100 9.993280 
148 2 0.555480 13.340100 0.157671 
704 2 12.912400 21.308800 8.945360 
218 1 6.556040 20.530000 7.264000 
1008 2 2.396320 17.876500 2.901840 
571 2 11.029100 13.643800 8.971750 
781 1 1.421710 14.859200 13.025300 
592 2 2.368560 13.860400 2.895230 
157 1 10.215500 21.945400 2.401430 
364 2 9.408420 22.742400 12.275500 
1734 1 3.436660 24.427300 7.903300 
871 2 0.920741 21.513200 5.684040 
1968 2 10.331200 21.938300 1.892290 
1308 2 7.198070 21.482400 7.789210 
556 2 12.564000 23.868600 6.329190 
1194 1 7.933320 16.968100 2.060670 
121 1 10.032100 24.689600 2.973470 
272 2 6.065890 24.619500 12.928600 
621 1 10.427200 13.661700 5.403510 
1275 2 7.334930 24.533900 2.469670 
762 1 10.609800 17.034500 0.984247 
1522 1 7.989850 16.229100 6.593490 
1696 2 0.963383 21.212200 11.387400 
1781 1 8.185330 25.497300 8.306220 
289 1 9.929450 22.480400 12.023700 
1778 1 6.635860 20.547500 10.429700 
941 1 9.188790 19.740000 9.031680 
1314 1 2.250680 25.810800 1.461250 
906 1 4.915610 13.339600 10.980000 
838 1 7.959470 18.837100 4.422210 
117 1 8.506340 20.089500 4.870280 
420 2 6.063470 20.078700 10.097200 
313 1 0.109683 23.696400 2.180210 
319 2 7.955240 15.545900 6.642670 
1828 2 10.626800 17.230400 7.656080 
572 2 10.925600 13.812200 8.714960 
1865 1 12.403600 18.788900 2.062020 
1092 2 8.447420 16.956900 13.226000 
1905 1 7.161990 13.366200 12.528200 
1956 2 2.360130 20.069100 9.023300 
737 1 10.161300 19.719700 10.301000 
1276 2 7.496600 24.613200 1.844470 
419 2 5.998500 20.483300 9.271410 
217 1 0.696953 22.646200 3.198860 
687 2 3.721240 23.407400 9.127150 
1442 1 2.490990 24.521000 13.145400 
947 2 2.536470 17.503000 2.971620 
1291 2 4.705410 17.690600 12.168100 
228 2 13.029600 21.627400 12.745300 
511 2 10.757500 16.693400 0.128370 
1226 1 10.516900 16.424800 7.881510 
320 2 7.963450 15.864300 6.403820 
1718 1 3.446950 15.101200 0.481810 
841 1 3.506560 20.915300 3.483940 
559 2 12.355700 18.204100 11.218600 
227 2 12.827700 22.035200 12.884800 
205 1 0.716530 21.047200 5.840550 
1111 2 2.975990 21.376700 3.363540 
1018 1 11.568900 17.668700 10.385800 
123 2 5.969010 13.747600 7.757710 
291 2 5.670660 17.339100 7.477630 
1380 2 0.704319 22.868000 2.858070 
1055 2 10.866300 13.516600 11.967600 
788 2 4.946060 13.637500 10.241600 
1807 2 4.053510 24.255500 1.833980 
1201 1 3.859640 14.993300 5.755640 
1375 2 13.221800 14.656000 6.544590 
167 2 7.084910 20.673100 11.959400 
802 1 10.175000 24.212900 10.896400 
560 2 11.645900 17.839500 11.110300 
416 2 10.728900 24.012300 9.814600 
1955 2 2.786820 20.070300 9.396280 
776 2 10.246700 15.818900 4.597650 
992 2 11.762300 16.612400 1.784660 
1673 1 9.106190 21.126700 1.518890 
925 1 1.430040 18.354900 6.156630 
1292 2 4.411540 16.833100 11.067100 
1935 2 6.382950 20.787600 1.535990 
1381 1 6.776800 20.892500 2.420500 
641 1 2.290780 18.170600 10.925100 
292 2 5.257630 17.494300 8.029740 
240 2 7.475520 24.161000 10.151700 
1307 2 7.042500 21.056700 7.387030 
237 1 10.149000 20.747400 6.002890 
1182 1 0.183090 20.841700 11.238700 
990 1 4.515200 17.951300 12.307600 
1210 1 11.366800 13.816800 8.428690 
330 1 13.142900 17.196300 8.689430 
1849 1 7.617740 24.076400 10.151100 
1957 1 6.000310 14.957500 2.626190 
1827 2 10.422200 16.991900 7.884950 
1951 2 12.214900 19.334500 3.064530 
1683 2 2.915150 24.264200 5.704790 
1432 2 12.256900 19.534600 2.542730 
980 2 8.726680 24.002600 7.308340 
916 2 4.153320 20.919100 6.274900 
249 1 5.240930 22.903100 3.866050 
1792 2 5.601990 13.635400 1.050810 
862 1 12.071700 19.555600 3.320120 
1710 1 7.262290 24.198200 2.499600 
318 1 4.032700 16.456500 11.225000 
239 2 7.300010 24.044100 9.962950 
1755 2 2.178860 18.714900 6.475200 
761 1 4.012080 21.353500 6.580900 
1479 2 6.346670 14.759800 3.895940 
158 1 6.741440 13.523500 0.449215 
979 2 9.048110 24.873900 6.757410 
1248 2 1.034710 25.783000 8.740730 
1014 1 2.657080 14.900000 8.761970 
973 1 1.516080 22.396700 5.269840 
1825 1 4.844040 17.880600 4.192760 
1151 2 7.981050 17.240800 1.771910 
843 2 5.696460 22.304800 4.332140 
961 1 4.396190 17.567300 8.386260 
661 1 0.891978 25.571200 8.265950 
991 2 12.875000 16.130600 2.125140 
1113 1 6.592930 20.195800 12.981300 
297 1 10.061600 16.909100 4.574650 
1034 1 6.313990 24.955300 12.774300 
137 1 10.909600 25.934300 3.101440 
789 1 11.181100 14.422800 11.426100 
1535 2 11.950600 13.406800 0.360203 
145 1 6.639110 15.218700 3.879420 
1001 1 9.237990 24.042700 7.132500 
1411 2 3.502360 15.723700 5.714230 
1726 1 2.778040 21.705200 3.079570 
197 1 4.280790 24.223500 1.920010 
113 1 9.012840 23.296200 12.860000 
937 1 12.304900 17.885100 11.864400 
942 1 4.832620 19.129400 4.972930 
775 2 10.247300 15.969300 4.602720 
552 2 1.930540 15.573700 8.710420 
168 2 6.983720 20.852200 12.182100 
1412 2 2.873400 15.537700 5.482910 
1247 2 1.048960 25.990900 8.663480 
1409 1 10.465000 17.822800 7.732990 
1862 1 10.048100 26.114300 11.244900 
1526 1 5.542350 23.860900 12.918400 
591 2 2.009730 13.848600 3.080000 
1379 2 0.365566 23.011400 2.708410 
753 1 1.116570 15.762900 9.202030 
312 2 10.529200 20.529800 6.992160 
1152 2 8.321740 17.770600 1.473970 
1831 2 10.243700 24.622900 2.898080 
5 1 1.364390 21.312600 11.441000 
839 2 8.111470 18.884800 4.551520 
1702 1 3.303090 24.686800 5.535640 
64 2 0.803165 26.308300 4.780210 
1186 1 12.713500 22.261000 3.436130 
833 1 2.457950 22.679500 0.137481 
1967 2 10.170200 21.689100 1.889770 
30 1 2.525940 17.095000 2.685300 
306 1 10.784100 23.891700 9.631010 
271 2 6.049370 24.249700 12.778800 
1063 2 1.434240 17.592900 11.379100 
69 1 11.140800 22.201600 1.291830 
944 2 5.267980 18.413000 4.285030 
473 1 10.159300 13.646900 10.371800 
1429 1 2.846560 19.832600 8.841600 
688 2 3.251070 22.930700 8.666310 
997 1 1.712780 26.284500 4.269470 
1791 2 5.698560 13.895500 0.761570 
310 1 8.908670 16.892800 13.255700 
1808 2 4.291280 24.266200 1.599870 
225 1 8.660820 25.191600 6.338630 
1431 2 12.774500 22.419700 3.370390 
415 2 10.549400 24.064200 9.685520 
703 2 12.900900 21.503800 8.977190 
1606 1 12.822100 20.725700 8.836760 
1425 1 2.064930 21.152000 9.356980 
1198 1 5.990060 21.960900 4.496430 
551 2 2.070680 15.413500 8.819680 
363 2 9.528000 23.098600 12.187600 
943 2 4.896410 18.939100 4.774470 
1552 2 2.945690 24.396100 13.013400 
765 1 2.969320 18.537100 3.258080 
1950 1 1.077420 17.658200 11.652700 
1738 1 8.069650 15.182600 6.357740 
1480 2 6.200980 15.576400 3.065030 
384 2 5.195220 26.392500 7.335180 
1448 2 10.262100 26.489700 11.595200 
18 1 2.442790 13.308500 6.632330 
1969 1 12.556300 26.279200 8.762860 
1990 1 1.789600 13.455100 3.454430 
1536 2 11.544600 13.312900 0.894542 
1662 1 12.123900 13.361600 1.253730 
305 1 6.670210 26.419400 11.556200 
1139 2 2.904200 15.118600 0.209809 
1750 1 5.790730 18.014200 0.141673 
1140 2 3.110050 15.193500 0.094397 
102 1 10.545500 19.444100 12.904200 
1551 2 2.436360 24.702400 12.869500 
541 1 11.096800 15.835800 13.101800 
1035 2 11.753700 16.186700 12.963700 
82 1 12.515800 21.886600 21.132200 
290 1 11.414700 21.045500 16.075600 
1229 1 0.183202 14.798900 24.311200 
1868 2 10.409100 23.431000 17.656500 
1845 1 1.243030 14.381300 23.764000 
188 2 8.451890 22.768000 19.900700 
1072 2 3.456910 25.252700 24.923300 
165 1 10.847800 22.766000 18.582600 
1452 2 5.240240 19.852800 14.539700 
615 2 7.270790 26.232800 24.956800 
553 1 9.520820 25.211900 13.814800 
959 2 1.854600 13.398000 21.419300 
1985 1 12.274600 21.759500 25.180900 
1156 2 13.093700 14.688300 21.509800 
1251 2 13.170300 15.143000 25.109700 
1978 1 0.746127 21.147800 18.069900 
739 2 8.481040 19.330000 25.879400 
1555 2 8.551060 13.884000 17.091700 
1939 2 2.113950 20.182300 20.910900 
1530 1 11.504200 16.424200 22.944900 
459 2 8.178660 22.337400 15.783800 
1326 1 2.948060 19.072200 16.188200 
1233 1 1.933340 21.360300 26.108800 
1312 2 0.894535 22.136400 23.283300 
1091 2 8.566520 16.780500 13.377500 
1346 1 10.269900 24.348600 21.965100 
1839 2 8.338570 13.978400 21.696600 
616 2 7.092230 25.819500 24.708800 
1311 2 1.956780 22.264800 23.647900 
1000 2 13.088500 22.683700 20.825200 
1449 1 1.794390 24.522500 22.383200 
1909 1 10.474900 25.548800 24.232900 
835 2 2.074430 22.243300 26.423100 
622 1 10.147900 14.053200 17.738400 
1844 2 10.897900 19.029400 18.399600 
1637 1 6.584620 25.121700 15.891200 
791 2 6.734630 23.164300 22.513500 
897 1 7.607750 19.362500 25.364800 
1843 2 10.452700 19.381200 18.634800 
342 1 12.659300 25.557900 22.935400 
1667 2 9.460130 25.410300 17.221900 
948 2 0.832818 14.547000 24.246800 
1699 2 12.492700 25.081200 23.490700 
672 2 12.242800 16.890300 19.345500 
347 2 10.905800 16.318700 22.073600 
1649 1 11.920600 16.261800 18.348900 
750 1 8.482640 22.791700 19.106000 
334 1 5.086040 15.394500 23.366900 
908 2 8.252370 14.656500 25.062600 
226 1 1.537980 25.677600 23.289600 
585 1 8.980320 25.684500 16.286200 
1700 2 12.427100 25.157200 23.306500 
813 1 6.992610 24.812400 18.329400 
1230 1 6.276740 22.099500 24.882100 
1668 2 10.142700 24.833200 14.329400 
93 1 2.869520 23.094000 16.002700 
651 2 5.485100 17.399600 26.101200 
826 1 1.052200 22.020800 22.993700 
142 1 8.961770 24.899300 22.332200 
1650 1 12.315900 16.534400 13.366700 
1980 2 0.948593 21.781500 17.769800 
187 2 8.439870 22.350400 19.750700 
740 2 7.960510 19.537900 25.452700 
792 2 4.024150 22.866500 23.711700 
1921 1 3.463620 16.736100 20.947600 
1711 2 2.082760 17.774900 22.976400 
934 1 10.389100 16.932500 25.566700 
380 2 3.598600 23.135400 19.910600 
794 1 9.991410 18.879500 18.740900 
1548 2 2.448370 19.356000 16.000900 
1267 2 11.208900 19.580900 22.399200 
261 1 0.260629 25.891000 16.969600 
1071 2 4.164270 25.364900 25.119700 
1060 2 3.305190 16.963300 20.582200 
702 1 3.114670 17.986300 20.055800 
1652 2 1.489590 25.145400 22.658000 
1393 1 5.882190 23.716700 18.143600 
1867 2 10.960900 22.880600 18.084300 
1859 2 2.097160 18.414800 26.098800 
1039 2 10.395200 25.411800 25.623300 
632 2 12.508000 18.663700 24.994400 
543 2 7.942650 18.766000 16.662500 
315 2 4.723080 19.151500 23.328100 
1886 1 6.937830 13.840000 22.469400 
1730 1 10.381800 16.242700 15.676400 
512 2 10.733900 16.666300 26.445100 
1553 1 1.281190 16.893200 17.864700 
1490 1 2.199260 24.096900 15.304100 
848 2 8.683490 22.402900 25.271000 
797 1 8.393320 22.374100 20.355300 
377 1 9.545800 25.833800 18.042300 
900 2 7.848160 17.662200 22.957000 
1185 1 12.798200 17.717900 21.862000 
899 2 8.118620 17.941200 22.827700 
741 1 2.073100 19.344200 15.210200 
181 1 5.339700 24.957200 25.704500 
1162 1 4.715040 17.292900 18.466800 
1601 1 8.117960 23.263100 16.137700 
367 2 4.307440 14.716400 18.250700 
1165 1 13.177500 19.036500 25.154500 
1777 1 10.045300 23.696300 17.518500 
1059 2 3.381170 17.084800 20.646800 
1245 1 11.615400 19.371300 22.688000 
1207 2 6.365130 24.311900 18.045900 
356 2 8.129880 16.578000 19.295100 
1558 1 3.026010 20.388500 20.540000 
1128 2 2.546000 23.488100 15.888900 
630 1 5.119230 16.774400 26.028100 
1540 2 10.804400 14.258400 18.002400 
999 2 7.717240 26.034100 20.437300 
1127 2 2.673420 23.521100 15.689900 
1583 2 4.544910 21.126200 17.488300 
1635 2 5.004680 17.777300 17.745800 
1273 1 6.764750 19.248300 19.796400 
1414 1 6.475300 16.098600 15.871900 
1513 1 7.511510 16.111800 13.813400 
1556 2 7.803990 14.227000 17.315500 
1011 2 9.725670 24.910200 22.104900 
836 2 2.428280 21.935900 26.292500 
1336 2 5.423230 13.447800 13.914400 
1403 2 5.953890 19.497800 19.839300 
1237 1 6.882810 25.849900 24.451200 
1404 2 6.097070 19.682800 19.979700 
1840 2 8.246000 13.954600 20.627400 
631 2 12.404700 18.799100 25.224300 
316 2 4.794370 19.251500 23.465800 
21 1 3.171590 14.942100 17.063300 
544 2 8.473690 19.037700 16.567600 
907 2 8.126360 14.225100 24.946000 
348 2 10.420100 16.159200 22.578300 
274 1 10.383200 25.470600 26.027900 
1942 1 3.587810 16.391800 14.577600 
1970 1 4.960230 21.609700 25.099300 
1979 2 0.770067 21.458900 17.765000 
1117 1 11.840800 22.352500 15.799900 
40 2 6.445330 21.986900 25.190000 
355 2 8.139040 16.338400 19.014200 
350 1 0.789520 13.473100 15.185500 
963 2 12.746000 18.498200 15.843900 
1114 1 13.159600 19.663400 14.713600 
815 2 6.052040 15.975900 15.371200 
332 2 4.914770 15.730500 23.032800 
1036 2 11.950800 16.732600 13.354800 
736 2 6.061480 25.736600 15.618300 
410 1 3.747620 25.699700 25.216200 
1289 1 6.166430 20.233600 15.235200 
1938 1 4.510390 26.093200 22.491900 
74 1 7.197330 24.414000 20.592700 
505 1 3.880650 21.197100 17.260000 
913 1 7.806910 17.416700 23.503200 
242 1 4.222510 13.984900 18.524600 
129 1 0.056798 19.253500 25.906000 
1255 2 11.823700 21.540100 15.856000 
378 1 11.247600 19.261100 17.788300 
84 2 5.902120 24.279900 22.181800 
1278 1 5.471940 25.528300 14.510000 
1701 1 11.866000 18.592300 24.834800 
1243 2 9.867280 16.609100 16.012000 
198 1 13.258900 22.469800 24.043100 
814 1 8.073910 14.022100 20.707200 
1050 1 2.022560 22.449100 23.897100 
506 1 6.458440 18.015400 17.725600 
1636 2 4.638060 17.953500 18.023100 
1830 1 4.630000 18.129300 17.639900 
461 1 4.651870 19.520400 23.129900 
816 2 6.004390 16.415200 15.437600 
1164 2 4.494100 20.849600 17.716300 
960 2 2.198990 13.327200 20.927300 
1533 1 2.677180 17.423900 23.483300 
1012 2 9.118510 24.586800 22.677100 
1075 2 12.769100 13.967600 15.606600 
1714 1 8.461580 16.429900 18.767600 
829 1 1.467600 17.646900 23.112400 
1616 2 0.438099 17.255800 18.138600 
1040 2 10.504200 25.445700 25.448600 
1197 1 2.303110 14.758000 26.039500 
1822 1 2.263820 16.540800 15.410400 
1268 2 10.150000 20.986900 21.795700 
671 2 11.870000 16.147400 18.636500 
1466 1 5.945650 24.238200 22.485500 
19 2 3.156820 15.913900 14.898400 
1584 2 6.448290 24.168600 18.242800 
379 2 3.805600 23.034700 19.890400 
1254 1 8.910880 19.488800 25.788300 
1712 2 1.590850 17.623800 23.221000 
626 1 4.942560 20.695500 17.737300 
331 2 5.106940 15.821800 22.732000 
368 2 3.792530 14.628500 17.816800 
149 1 2.356500 18.215700 25.555800 
910 1 3.851030 24.276200 20.200000 
735 2 5.988950 25.382100 15.453000 
1977 1 1.169790 22.185700 17.345300 
397 1 3.521620 22.584900 19.854900 
154 1 10.044800 16.462000 16.922800 
1687 2 1.031790 14.721300 23.939400 
542 1 8.107300 19.431400 16.607500 
1547 2 2.526720 19.382900 15.754900 
1377 1 5.141160 19.518300 14.161400 
322 1 9.892510 17.616500 15.842900 
1981 1 8.463540 26.039700 20.698600 
1244 2 9.839820 16.364300 15.914500 
1256 2 11.825800 21.641800 16.342300 
1940 2 2.695240 20.215300 20.579700 
1390 1 9.981410 16.476700 22.011300 
1793 1 5.401070 16.309800 22.241500 
590 1 4.919090 18.729300 24.024400 
847 2 8.858240 22.328900 25.002500 
846 1 13.204900 14.970200 21.438000 
1330 1 8.299250 13.537800 16.854400 
1094 1 11.047100 25.774600 19.514800 
2 1 2.820690 21.334200 13.353700 
1424 2 8.981630 26.175500 17.098600 
460 2 8.048950 22.743900 15.767800 
83 2 12.494000 22.418400 21.006800 
1446 1 3.364440 24.334700 24.231100 
108 2 11.505800 25.573800 20.204300 
1651 2 1.841160 24.758700 22.804400 
20 2 2.853170 16.530600 15.054700 
905 1 12.466500 24.599400 23.757100 
1163 2 9.037530 25.031200 13.922000 
785 1 5.075800 14.112900 14.078500 
457 1 7.667180 14.831800 25.151600 
1402 1 8.181590 22.235200 15.230400 
1893 1 9.898390 13.727900 22.596300 
1549 1 2.018820 19.938600 21.157900 
653 1 5.412360 19.684200 20.425800 
1610 1 12.773800 22.824300 20.627700 
1208 2 8.698130 25.941200 20.613300 
325 1 10.358100 20.863100 22.324700 
1378 1 12.182500 17.168900 19.692900 
1301 1 7.962860 14.401600 17.797100 
606 1 12.788000 19.890400 18.949300 
526 1 3.736420 26.052400 17.909200 
1457 1 7.861190 18.422700 22.621000 
1116 2 10.265000 19.730500 13.363600 
1115 2 9.878960 19.998600 13.419700 
1451 2 5.645360 20.175200 14.320500 
652 2 5.301890 17.598100 26.120200 
1539 2 11.257400 13.777400 18.242300 
945 1 0.001687 22.257000 19.985800 
778 1 4.543420 22.737400 22.998000 
1631 2 0.157070 25.750800 17.551500 
39 2 5.653930 21.946700 25.039300 
1838 1 5.382320 16.656300 15.093100 
1579 2 12.965800 22.330100 24.506900 
1761 1 12.609300 14.486100 16.204800 
638 1 13.258900 18.341700 16.145300 
107 2 12.062700 25.759400 20.077100 
429 1 12.095400 25.844200 20.687000 
1789 1 9.383560 22.827100 25.475100 
1898 1 9.257110 19.794500 13.691000 
1688 2 2.677620 19.020100 26.074300 
1110 1 8.713730 13.981900 24.532700 
1615 2 0.710075 16.525300 17.592300 
1481 1 7.885170 22.690500 25.019600 
1580 2 12.445900 21.883300 24.633400 
1053 1 11.005100 13.983100 18.953900 
658 1 24.165800 4.568570 0.330393 
170 1 13.858300 11.927900 7.683340 
1639 2 20.566800 1.531690 7.938760 
565 1 24.664200 7.389920 0.733631 
1966 1 21.100100 5.411480 2.879140 
1436 2 16.611100 5.178520 2.258520 
903 2 14.557400 10.735000 1.315200 
1585 1 15.446400 0.479665 4.635790 
1363 2 16.187100 5.355690 9.565390 
1697 1 16.025200 1.677700 8.200310 
345 1 23.402300 4.787310 4.801370 
1154 1 26.453500 7.395500 10.714900 
87 2 25.875800 12.971800 10.555600 
1240 2 21.844400 0.335171 10.246400 
609 1 25.723800 5.354990 6.576390 
673 1 23.501400 12.999500 3.182810 
1597 1 21.504900 9.197580 12.624700 
1435 2 16.547700 5.751580 2.890510 
904 2 14.977100 10.760600 1.256770 
1506 1 17.680300 9.371720 3.026070 
1468 2 21.747400 12.314800 12.668300 
1945 1 18.380800 2.646500 12.141200 
896 2 20.185100 2.818970 3.593880 
669 1 22.886700 4.957610 0.297000 
986 1 15.577900 1.363230 11.841700 
868 2 18.151100 3.801090 8.624760 
772 2 23.614000 10.780100 9.341700 
1467 2 22.617900 12.428300 12.914400 
247 2 23.987500 12.940700 2.982650 
1218 1 17.308500 6.649720 10.736100 
118 1 22.961600 11.916800 9.596590 
513 1 21.036000 10.849800 11.966300 
1515 2 18.261200 2.600490 0.687740 
596 2 23.638200 3.381880 10.891100 
611 2 25.942900 5.858770 6.597590 
690 1 13.775900 7.872790 2.433940 
888 2 26.125000 9.782430 11.288000 
1408 2 17.498500 6.739620 5.286460 
353 1 25.504300 13.011500 10.001800 
1073 1 15.543800 8.153640 4.202060 
1372 2 25.467300 1.481880 5.565080 
1850 1 23.733900 12.076500 0.212174 
1171 2 17.653700 3.169880 4.354510 
1453 1 14.969500 4.818600 11.243600 
1221 1 23.527100 3.981250 10.698300 
1745 1 14.243500 12.419100 12.235800 
195 2 13.696500 12.719000 12.036900 
771 2 23.321700 10.771700 9.367370 
455 2 14.011800 8.271130 9.181270 
1802 1 18.346600 8.538520 9.144910 
128 2 15.812100 9.256540 6.561590 
1801 1 26.160300 9.455130 7.320030 
531 2 26.469100 2.317050 10.349900 
139 2 15.910500 10.764900 11.819700 
1776 2 20.202900 5.487290 9.999700 
127 2 16.126200 9.511670 7.145090 
1757 1 18.279600 2.099330 0.602894 
126 1 20.146400 9.180790 6.693010 
639 2 14.499400 0.716870 2.527890 
1328 2 23.649800 11.527400 0.439235 
540 2 16.947800 7.594630 10.886000 
1443 2 24.656100 7.563480 4.306570 
278 1 19.719900 8.751870 8.616590 
502 1 13.619300 5.938710 7.342470 
593 1 22.641100 6.994080 5.840420 
738 1 22.655400 1.201630 4.342060 
640 2 14.830900 0.503581 2.781890 
1908 2 13.698400 12.199800 4.766380 
1327 2 23.792400 10.970800 0.491481 
757 1 14.557000 11.922300 1.913120 
1759 2 17.760000 3.228720 12.658800 
629 1 13.567700 10.464000 0.509579 
1557 1 21.234500 12.098400 7.503210 
834 1 23.435100 9.367450 6.222390 
478 1 13.534600 3.122430 11.083300 
1510 1 17.030100 10.864600 11.796900 
27 2 19.958600 11.808100 2.667660 
97 1 25.452900 2.008650 5.310870 
645 1 26.298600 12.724200 11.046200 
1769 1 15.873400 5.215420 2.546680 
1656 2 18.916400 8.995450 1.957110 
374 1 15.660700 9.603430 6.540560 
895 2 21.400300 1.556710 0.493685 
1693 1 21.117100 2.970110 0.668356 
1509 1 26.494200 2.403370 10.811300 
1946 1 17.173100 1.389080 8.935270 
229 1 19.651200 4.219980 10.174800 
1976 2 20.362900 7.176900 1.291190 
1805 1 23.007600 7.224130 9.699600 
190 1 19.788000 11.643200 2.418840 
391 2 21.977400 6.729330 6.369610 
1571 2 23.208900 9.151420 6.971650 
770 1 21.092300 5.840750 7.054410 
1904 2 24.094400 8.077590 1.149370 
655 2 21.526200 9.047500 4.012950 
1191 2 23.591200 4.092790 4.394140 
923 2 23.316500 0.217454 7.906450 
610 1 18.223900 4.044740 8.480320 
1054 1 22.142000 2.091020 6.903370 
1349 1 18.480300 7.857600 2.047320 
7 2 22.705700 0.523614 3.965380 
657 1 21.593200 9.043730 3.673700 
1158 1 21.240900 9.574560 4.830870 
238 1 22.282200 0.548289 9.985480 
1067 2 14.956800 4.704520 11.599300 
1026 1 13.372500 1.366230 11.127700 
1398 1 17.556400 0.678441 3.503800 
1285 1 16.380600 8.914200 7.285070 
1975 2 20.531000 6.996750 1.170660 
414 1 22.718500 3.334740 7.653200 
514 1 24.606100 7.417850 5.042860 
1303 2 13.425200 8.025130 0.935612 
480 2 13.331400 1.814830 11.927900 
678 1 23.540400 10.787000 0.762173 
1871 2 23.022100 3.385220 7.413500 
172 2 16.964200 9.432970 3.887480 
1932 2 13.795600 11.730300 8.492910 
1562 1 23.955200 10.592500 9.555180 
1640 2 20.666000 2.743100 6.907180 
1872 2 23.351000 3.372750 7.876400 
1931 2 25.957200 11.351800 6.417190 
864 2 21.236200 5.468450 3.059690 
1364 2 15.946100 5.665550 8.943840 
1633 1 14.028800 3.987120 6.636770 
1013 1 25.238300 1.113580 6.633900 
1169 1 17.763900 6.438110 7.143290 
601 1 14.066500 6.229330 6.195200 
822 1 20.006700 11.607000 8.431840 
28 2 19.829600 12.320700 3.539300 
1407 2 17.621700 6.589690 7.097610 
490 1 26.370600 9.358750 10.876500 
1775 2 20.057900 4.831790 10.383800 
1358 1 15.397800 10.549600 1.045980 
1514 1 15.577000 4.553250 9.659420 
636 2 23.021000 7.323350 10.270300 
659 2 16.197300 1.318150 8.487800 
1907 2 13.293000 12.502100 3.578530 
863 2 20.157500 4.029780 2.988900 
88 2 26.103300 12.838900 11.127300 
231 2 15.258400 0.303025 6.073700 
539 2 16.762800 7.440860 11.051200 
1361 1 18.186600 3.693260 4.495250 
1707 2 19.009000 8.562660 8.959900 
173 1 25.382100 11.858300 7.413890 
8 2 22.956100 0.870471 4.290990 
1760 2 18.432900 2.556090 12.403300 
1172 2 17.826700 3.585170 5.510930 
1030 1 23.897400 2.726550 11.776800 
37 1 16.856000 9.752040 4.512860 
660 2 15.977800 1.266480 8.391040 
729 1 14.122000 7.743580 4.359130 
1371 2 25.445300 1.693190 6.227420 
1634 1 24.303800 7.536670 3.680550 
635 2 22.276300 6.280000 9.760090 
140 2 16.418300 10.725200 11.942700 
1708 2 18.728200 8.565800 9.043530 
1341 1 20.203400 12.404300 3.765630 
1851 2 23.859000 4.709220 0.009504 
53 1 19.932000 5.521410 10.435700 
1478 1 20.001500 2.772260 6.661890 
1751 2 17.018300 12.534800 6.263600 
977 1 26.255600 11.506500 6.110430 
1419 2 25.781200 6.176100 10.764700 
510 1 22.759300 8.777970 7.434410 
1786 1 21.750400 13.049700 12.754900 
746 1 16.362600 5.787680 9.115570 
171 2 17.500500 9.777900 4.691640 
1888 2 21.106600 2.953930 0.700581 
1993 1 20.938300 1.560420 0.717051 
287 2 20.995800 10.026500 11.914800 
1655 2 18.275600 8.786840 2.154930 
1214 1 15.917500 10.399400 12.186800 
950 1 24.049700 4.014130 7.507750 
357 1 24.074800 3.877980 3.857170 
1806 1 17.898200 4.907410 1.819940 
281 1 18.766900 9.732860 5.755590 
1192 2 23.965400 4.377830 4.420150 
1852 2 23.793600 4.489760 0.145149 
265 1 15.163600 1.338000 2.138220 
795 2 13.574100 3.189840 7.100290 
485 1 13.603100 8.820690 6.312650 
161 1 18.527800 10.977000 9.094080 
25 1 20.259600 9.431550 11.432000 
394 1 16.423300 12.889100 6.443350 
232 2 15.389700 0.486517 5.511730 
1569 1 14.085900 0.314410 2.770480 
1242 1 22.994800 12.233900 13.002900 
288 2 20.728800 9.444380 11.692900 
1444 2 24.337900 7.323030 4.507460 
214 1 25.116600 6.094460 11.465800 
1903 2 24.317200 7.893230 0.976284 
1216 2 14.420400 7.643200 3.913440 
1609 1 16.755700 7.862520 10.870200 
193 1 14.574200 8.208190 9.785420 
1846 1 17.094700 6.324590 4.675470 
723 2 19.850400 9.425030 6.376250 
804 2 15.917800 0.801746 12.236300 
1129 1 17.547600 3.519550 5.838330 
1622 1 20.304500 3.013830 3.297550 
1215 2 14.291100 7.991450 4.064230 
196 2 13.526800 12.798200 12.435500 
1498 1 17.298800 13.163500 2.188490 
724 2 19.382500 9.268910 6.116390 
381 1 15.569900 0.388773 6.195680 
1304 2 13.520100 7.307840 1.111040 
1420 2 25.990200 6.634290 10.895500 
612 2 25.995800 6.047930 6.831410 
1788 2 19.503400 11.550000 8.728860 
41 1 22.383400 11.198700 6.904270 
1401 1 13.408700 7.429270 0.717116 
474 1 20.205500 1.480420 8.220720 
1787 2 18.900300 11.212300 9.270180 
595 2 23.589900 3.066180 11.094900 
887 2 25.638400 9.526780 11.343700 
1477 1 21.523700 5.701750 9.560820 
569 1 17.988200 12.667500 6.282500 
204 2 21.351300 11.557100 7.114040 
1572 2 22.920600 8.963370 6.648110 
392 2 21.195000 6.018220 6.753440 
176 2 26.190700 11.396100 5.980800 
1566 1 25.999800 6.290180 2.511170 
1854 1 25.536400 9.843420 12.097500 
867 2 18.127100 4.043200 8.028120 
656 2 21.670000 9.660790 4.089280 
3 2 16.422800 12.837400 2.395450 
456 2 14.280400 8.515290 9.230590 
1677 1 23.773500 8.101530 1.318970 
893 1 18.896900 9.303710 1.782830 
203 2 21.044700 12.249900 7.649840 
1752 2 17.097400 12.701400 6.295590 
1856 2 20.315600 11.633800 0.114088 
1881 1 25.974900 0.111057 1.499920 
1068 2 14.718600 4.474160 11.133300 
1525 1 20.152000 6.705710 0.704273 
582 1 20.761300 7.614850 1.675750 
1270 1 16.021300 0.261664 12.867300 
1675 2 13.999900 6.149550 6.747790 
479 2 13.341300 2.288720 11.156300 
1005 1 19.971400 11.201900 0.496293 
1179 2 26.187300 5.623060 2.327730 
273 1 14.679700 12.173200 4.340890 
1183 2 18.143400 0.165863 9.194790 
1676 2 14.037700 6.045750 6.693290 
301 1 23.235200 0.648058 8.075750 
803 2 16.069000 0.705505 12.741500 
796 2 13.673500 3.433310 6.624910 
458 1 13.474300 8.566270 8.975120 
793 1 14.407400 2.304750 6.932520 
494 1 13.328100 11.491300 9.087260 
1421 1 17.239500 12.874400 9.689240 
1645 1 21.738500 0.060997 2.179930 
1520 2 17.839200 0.082540 3.244660 
694 1 18.167100 0.066012 8.751350 
1519 2 17.798200 0.269525 3.127510 
1195 2 25.813500 0.065759 1.894600 
985 1 13.504800 4.250340 0.125257 
1516 2 18.461900 2.506410 0.154961 
726 1 14.675800 3.467780 0.321136 
988 2 14.383100 3.774310 0.246446 
1119 2 15.482500 10.061900 19.879600 
689 1 18.471200 0.758552 17.914100 
1736 2 22.836800 3.193930 18.643700 
1356 2 22.561000 11.137300 22.324000 
477 1 14.772600 0.114033 20.853500 
536 2 23.027600 5.910920 24.146000 
718 1 16.584800 5.833120 18.169800 
1613 1 13.761400 7.577860 20.112900 
1998 1 23.434700 4.581320 17.819500 
1897 1 16.198800 1.669950 14.334800 
686 1 22.988900 6.374010 14.140700 
1224 2 16.100500 12.811500 22.431000 
1271 2 14.034500 7.156590 20.156300 
1665 1 26.087000 9.168810 19.526000 
628 2 18.787400 11.881500 19.061800 
1389 1 19.343100 4.589550 24.559000 
665 1 22.564500 3.997680 20.774700 
1360 2 20.334000 7.425040 22.648900 
1538 1 17.684300 5.591320 17.346900 
918 1 15.968000 6.947570 24.058300 
245 1 25.290400 8.809990 24.211500 
270 1 14.333400 9.790870 23.120900 
523 2 25.132500 12.126500 18.810700 
413 1 19.485900 4.816840 19.222700 
1282 1 20.454700 2.652330 18.089000 
338 1 22.914200 0.401412 13.385000 
819 2 25.852700 0.535590 20.124600 
1400 2 16.043400 6.504250 24.836100 
1087 2 20.770900 9.149390 19.461400 
902 1 16.847300 12.541700 15.955400 
1300 2 13.483700 10.636200 24.014900 
683 2 17.871600 0.384292 22.505800 
1607 2 19.619700 5.660590 19.466500 
475 2 14.097300 0.733691 25.647300 
562 1 13.868400 12.747600 18.168600 
1891 2 25.510800 3.241710 23.134200 
1272 2 13.913000 7.124050 20.079200 
1661 1 17.418300 9.699980 19.355400 
1167 2 21.623900 3.680590 15.231200 
1399 2 16.252800 6.227100 25.106000 
860 2 15.978700 2.239940 18.674600 
253 1 20.540900 7.583180 23.160000 
1212 2 18.101000 7.790470 20.151600 
376 2 19.207100 10.569700 22.475800 
909 1 16.537900 9.043690 17.706800 
1277 1 21.607100 3.077600 15.973700 
1177 1 23.604600 7.141120 21.510200 
1943 2 13.543200 4.592610 18.334800 
52 2 20.135900 0.442916 24.789300 
798 1 14.967600 2.083250 21.379100 
891 2 14.251200 1.071210 22.041500 
208 2 25.707700 9.208470 19.398000 
1189 1 22.087200 0.087220 21.243200 
2000 2 21.370100 8.750760 25.591900 
527 2 25.352800 4.607200 14.295300 
101 1 20.691000 8.662520 20.159900 
1599 2 23.214000 6.835650 13.906200 
1983 2 24.473500 8.683190 23.822800 
879 2 21.139700 1.911760 22.851500 
61 1 13.993200 4.801730 13.548700 
1933 1 15.802900 5.855360 25.313700 
892 2 14.328600 1.737490 21.521900 
1085 1 21.681900 11.602300 16.416600 
1470 1 19.959000 6.525170 22.445300 
1866 1 16.840500 2.362200 24.035300 
1500 2 16.097700 2.911840 24.470800 
1293 1 21.062500 2.223260 22.812000 
625 1 18.919900 1.909060 21.198000 
1796 2 20.385200 7.572830 15.738700 
758 1 25.333200 2.690680 22.732000 
966 1 18.013300 4.674690 25.273500 
1392 2 13.811800 11.640800 17.991900 
1890 1 25.803600 0.088517 20.270300 
489 1 19.107800 11.042600 19.472100 
1405 1 22.806300 4.814750 22.526500 
340 2 25.726700 2.749280 17.023000 
691 2 16.735400 8.873520 25.253300 
1339 2 23.244600 9.246990 17.252400 
1342 1 24.598600 10.397200 13.719400 
859 2 15.691500 2.456450 19.058000 
1340 2 25.132200 12.831000 19.108500 
1984 2 24.479200 8.726020 24.342400 
1544 2 23.424400 0.642831 25.705700 
962 1 25.312400 11.239600 17.274700 
1884 2 22.761100 0.693670 13.472800 
684 2 18.235700 0.098258 21.797400 
375 2 18.951700 11.012900 22.393300 
159 2 26.482600 7.434450 16.089500 
163 2 18.069000 0.230198 17.886500 
1879 2 21.587600 11.649900 16.849300 
1543 2 23.333300 0.795306 25.310200 
1725 1 22.508800 8.896870 17.152600 
42 1 21.068900 7.702430 15.756500 
432 2 24.505000 10.028200 13.848800 
1892 2 25.302900 2.827290 22.573600 
692 2 16.636100 8.410430 25.102800 
1395 2 23.823900 7.082680 21.313000 
956 2 23.309100 5.795870 17.890900 
568 2 23.324600 4.146280 21.033800 
1355 2 22.206100 11.474900 22.250100 
501 1 18.493000 2.768380 19.996900 
857 1 15.142000 9.878980 20.138300 
1986 1 23.850100 4.023050 21.380900 
929 1 16.822600 10.979600 25.788100 
1334 1 25.438800 3.028810 16.610000 
70 1 13.870300 1.060170 22.396300 
801 1 21.226500 9.159900 18.577200 
421 1 23.876100 4.939920 25.015700 
524 2 22.755000 11.897800 22.008500 
1359 2 20.234100 7.055270 22.910700 
1354 1 22.193400 11.848600 22.891200 
1706 1 21.529300 4.127640 14.713700 
1670 1 24.023200 6.694640 20.193500 
1880 2 21.100500 11.294100 16.122800 
1124 2 16.558900 13.077800 14.811700 
1120 2 14.835200 10.083300 20.995500 
12 2 19.053800 4.838290 24.449100 
437 1 17.235900 8.699510 16.172100 
1653 1 20.994000 8.716990 25.631000 
362 1 19.369500 6.407420 14.019300 
889 1 21.682000 10.340300 22.537700 
213 1 17.614000 7.796230 20.680600 
522 1 23.251600 11.381100 21.613600 
1367 2 17.720500 7.910170 20.358900 
1306 1 25.270700 11.933500 19.243700 
567 2 22.682800 4.195540 21.507600 
698 1 19.064500 3.041860 25.904100 
1109 1 20.141100 11.163700 17.752700 
1735 2 22.488900 2.206870 18.454700 
1901 1 15.681800 2.884530 19.269700 
1742 1 24.678400 4.586680 13.959100 
403 2 16.794900 6.619730 14.781500 
1168 2 21.685200 3.277120 15.363200 
1009 1 19.622800 11.160000 22.276100 
535 2 23.465500 5.497310 24.151500 
1397 1 17.030600 9.012430 24.821900 
1174 1 14.768100 6.320640 20.464400 
1365 1 23.472600 6.289500 18.204600 
1096 2 20.070400 2.705760 17.618700 
1391 2 13.559700 12.200300 18.173600 
769 1 15.483400 11.741300 22.215200 
317 1 23.854000 9.778030 17.087100 
676 2 22.438700 0.781616 20.960900 
448 2 26.316100 5.697910 24.156200 
49 1 19.313500 3.310820 17.459600 
267 2 16.112200 12.991900 14.947800 
1817 1 23.882700 8.931050 23.950500 
207 2 25.315200 9.108650 19.604000 
503 2 18.358800 2.523540 20.231700 
26 1 24.826400 8.922810 19.433900 
1153 1 25.206000 8.366280 21.303500 
1368 2 22.972300 8.879820 17.382400 
431 2 24.858600 10.351500 14.020600 
1764 2 18.106600 9.772080 14.808900 
1095 2 19.598500 3.018690 17.528100 
883 2 26.155100 1.667170 14.435700 
130 1 24.758700 13.046100 18.525100 
627 2 19.360700 10.868900 18.878400 
1211 2 16.936400 5.757810 17.572400 
212 2 26.566900 5.150420 20.205900 
861 1 23.450400 6.413110 23.983900 
1763 2 16.622700 8.844370 17.617300 
1887 2 22.965300 0.343138 21.102200 
175 2 18.529300 10.271300 14.669100 
845 1 19.616500 7.904140 15.742300 
1768 2 15.156400 4.483950 21.473900 
55 2 13.334300 7.810420 17.509200 
955 2 23.574800 5.676040 18.367700 
1396 2 23.762200 7.103600 21.089900 
805 1 21.396000 0.699909 23.471400 
1767 2 15.388800 4.591530 21.460600 
1488 2 16.941900 11.454400 24.867400 
1608 2 19.924600 5.781810 19.152700 
438 1 22.448000 2.530360 18.687400 
1006 1 15.928100 6.755890 14.919100 
1088 2 20.917700 8.502310 19.462200 
396 2 19.558400 6.404000 13.372500 
1190 1 17.983400 0.029950 21.704500 
109 1 23.378200 1.156600 26.261200 
146 1 16.625600 1.905270 18.496900 
51 2 19.574800 0.287635 24.943000 
880 2 21.040600 2.578850 22.619200 
1487 2 16.765000 11.366000 25.635600 
1944 2 17.556700 5.325200 17.677600 
573 1 18.399300 10.428400 14.744200 
1077 1 15.703300 4.468290 21.551700 
818 1 18.807200 8.039500 20.114900 
1600 2 23.222200 6.684230 14.300000 
1025 1 13.552300 4.755050 18.989100 
1497 1 15.890100 2.903690 24.456800 
422 1 19.937700 6.248740 18.611200 
1883 2 23.017800 0.819743 13.953800 
1833 1 22.154100 8.929540 25.560800 
14 1 18.837300 1.282720 14.375100 
745 1 18.828300 10.396700 22.692800 
817 1 23.607400 7.395510 13.634600 
1123 2 18.257300 12.607000 18.580900 
1065 1 21.930200 2.396090 21.517100 
504 2 18.570600 2.421520 20.186900 
119 2 13.314000 3.738040 14.058000 
150 1 16.716800 7.808710 25.555600 
1900 2 16.009200 2.446500 15.716500 
1638 1 16.627800 11.698300 24.577700 
268 2 16.839000 9.137620 17.333700 
1577 1 13.820700 8.915410 17.863700 
1469 1 26.496800 9.732540 25.882800 
1302 1 15.943600 2.766480 15.981900 
11 2 19.081700 4.469480 24.983900 
1499 2 16.230400 2.570580 24.095100 
98 1 23.334100 0.868225 20.724100 
1795 2 20.611700 7.859200 15.816700 
957 1 23.091500 1.379500 14.230300 
373 1 13.891900 11.410900 17.778700 
1999 2 21.691900 8.950260 25.682100 
404 2 16.182000 6.816710 14.479500 
339 2 25.160400 2.449140 17.121200 
884 2 26.458800 1.266130 14.161900 
1223 2 15.475600 12.156300 22.532900 
269 1 13.790200 9.867590 14.867800 
1104 2 25.531600 10.996100 17.087300 
1209 1 15.954400 13.196900 22.382100 
106 1 25.889100 5.158050 23.719500 
66 1 20.076000 0.711316 25.032000 
1345 1 25.612400 9.878940 14.666400 
1630 1 20.403200 12.159300 26.119100 
449 1 17.268600 6.851930 14.557000 
1433 1 25.796800 3.525190 14.541400 
56 2 13.432100 8.489340 17.681700 
1541 1 23.647200 0.558278 25.167400 
894 1 25.608900 6.116830 15.424600 
360 2 19.014300 0.318227 14.688800 
1586 1 24.929500 2.007740 17.502800 
1061 1 13.893300 0.850990 25.394700 
476 2 14.623200 0.731443 26.399700 
528 2 25.100400 4.450030 14.364300 
1899 2 16.551400 2.563300 15.428000 
120 2 13.355600 3.770230 14.416900 
885 1 26.399200 0.731109 20.602600 
293 1 13.350500 4.064280 23.131300 
395 2 19.674500 7.020300 13.480000 
1458 1 15.331500 0.498925 26.252700 
1902 1 25.695000 4.329140 19.464000 
387 2 26.436100 11.480600 22.769800 
359 2 19.130300 0.168242 14.191700 
1103 2 25.844800 11.386300 16.428600 
820 2 25.897700 0.555947 20.473700 
1434 1 18.159600 12.850900 18.561200 
1588 2 13.398400 9.857950 14.785300 
211 2 26.182200 4.550560 19.933600 
1581 1 13.377500 3.858410 14.762200 
1894 1 13.881700 8.415310 14.742400 
1394 1 26.015800 11.692900 16.156500 
1587 2 13.849300 9.246920 14.371300 
370 1 26.360400 11.763600 22.551400 
1147 2 13.677100 8.819860 22.956900 
1410 1 17.606800 3.322550 13.583000 
1855 2 20.029500 11.918000 26.066500 
1057 1 20.408300 6.860010 13.352200 
987 2 14.025300 3.711240 26.406700 
1527 2 15.192700 19.904200 12.327600 
751 2 20.023700 20.850600 10.834200 
1260 2 15.626900 21.140400 6.348010 
1528 2 15.079700 19.712200 11.803200 
881 1 19.277500 20.597100 10.928500 
754 1 13.729000 15.115700 6.125940 
1376 2 13.420000 14.884400 6.175650 
807 2 18.773200 24.107500 4.390620 
1004 2 14.711400 15.851000 11.460800 
576 2 20.958500 18.860900 3.379890 
1848 2 15.639200 24.307200 7.447480 
16 2 15.064500 23.576600 4.041090 
599 2 15.772600 19.849400 3.116090 
1343 2 21.907300 21.568500 2.260310 
978 1 26.031300 19.541700 1.921000 
427 2 20.080200 14.613500 5.589970 
681 1 20.355400 18.405800 7.884890 
1911 2 18.223600 19.863600 5.058960 
236 2 26.209400 16.260200 6.160250 
1642 1 19.222000 15.203200 9.341250 
1847 2 15.874200 24.070300 7.810480 
209 1 18.728900 14.534600 11.730600 
578 1 15.081700 17.223100 0.299995 
1864 2 23.241100 19.684900 12.350700 
57 1 22.245800 24.061100 12.834100 
169 1 18.391400 22.274200 8.529530 
1507 2 21.993200 15.470700 11.380200 
1157 1 26.176700 25.052700 5.613730 
435 2 18.421000 14.214300 0.337688 
1875 2 19.167200 24.925100 11.251100 
586 1 20.643500 14.194200 5.933110 
1287 2 17.115500 24.465200 1.377010 
1591 2 18.042100 21.093900 1.696720 
1318 1 20.869500 25.511000 6.387130 
409 1 22.573800 16.679200 8.017170 
434 1 22.081500 20.297500 8.515960 
1508 2 21.845500 16.148500 11.837100 
487 2 23.016400 15.903900 4.956160 
1309 1 14.738300 15.844700 10.909000 
870 1 26.076600 16.152100 5.573620 
393 1 21.271200 14.831800 1.853440 
279 2 16.554800 22.454600 11.045600 
1384 2 25.214400 15.662900 10.552700 
58 1 24.928600 25.790800 2.295840 
1344 2 22.162300 21.957100 1.887710 
85 1 16.551800 19.093000 3.421900 
1459 2 25.582000 15.953400 2.918680 
1958 1 18.465500 24.446200 11.814600 
1869 1 15.361600 19.949600 12.451500 
1863 2 23.141100 19.761000 11.700900 
873 1 23.017400 23.977100 8.966070 
1816 2 14.051400 18.760400 5.390330 
141 1 24.519100 18.296400 4.737600 
1554 1 26.324500 16.475800 2.644930 
1678 1 16.503300 14.150800 9.972960 
530 1 24.171600 19.481600 5.067460 
1959 2 24.359300 21.630300 6.659910 
131 2 16.827600 14.130300 9.505990 
1952 2 14.340500 15.591200 3.690270 
1960 2 24.533200 21.735000 6.383480 
901 1 16.762500 16.290700 6.664520 
1917 1 21.034900 21.925300 5.802830 
1089 1 25.556100 19.292900 7.887070 
1563 2 20.699900 21.949200 6.531950 
1590 1 24.910900 22.188200 6.378330 
1749 1 22.968300 15.589700 5.322610 
282 1 20.397000 21.591000 6.717370 
92 2 17.898800 16.724800 3.472430 
1074 1 15.308000 19.931700 3.087190 
917 1 24.126000 22.456100 10.975500 
1213 1 22.190000 24.068100 4.661860 
719 2 20.320700 16.078600 1.792550 
1259 2 14.994000 21.069900 6.673480 
1069 1 21.764600 23.241300 8.434780 
1860 2 25.833700 19.973800 1.816400 
200 2 13.541800 23.959800 1.142630 
488 2 22.292700 15.930800 5.019360 
1370 1 18.913200 18.921200 7.985220 
385 1 24.758000 14.226300 8.020510 
806 1 17.108700 16.710800 4.442020 
452 2 18.437600 13.664500 12.072700 
1780 2 24.707800 13.288100 8.383300 
1430 1 15.985500 21.027000 6.401660 
1003 2 14.875300 15.938800 10.745100 
1815 2 14.240300 18.694000 5.312700 
500 2 15.393600 17.695500 0.995665 
824 2 15.051400 13.714700 0.393186 
222 1 14.777300 21.873600 1.328130 
1621 1 13.396700 23.792900 0.511170 
1878 1 23.102900 19.510300 8.744070 
1338 1 25.302100 15.378600 10.677100 
516 2 18.175000 21.929600 8.167840 
1753 1 25.637500 20.673600 1.707810 
1134 1 20.808400 18.848800 3.628750 
920 2 25.858700 25.422100 11.498800 
15 2 15.455500 23.890100 4.357720 
1041 1 26.095000 25.543800 12.666900 
33 1 26.149300 18.158900 7.738610 
275 2 22.300400 20.026200 8.854060 
407 2 18.886100 18.137700 11.163200 
337 1 14.679900 14.873300 3.514820 
1561 1 17.987600 26.026700 3.314080 
252 2 21.804400 25.425200 1.470310 
1184 2 18.467000 26.271600 9.427300 
1972 2 19.689000 15.852400 8.893780 
1596 2 25.695100 24.445300 6.254310 
38 1 22.195200 16.618400 4.365830 
1418 1 22.253500 22.497900 2.033730 
1 1 20.080300 16.695600 1.852140 
602 1 24.360400 18.356800 1.139380 
125 1 16.040400 20.127200 9.411950 
1383 2 25.059100 15.884200 11.082500 
1602 1 18.042300 16.114400 3.284710 
1885 1 18.443700 13.575200 12.885000 
1692 2 23.344500 16.731700 7.572800 
1225 1 18.982100 24.738300 4.519790 
1106 1 14.567400 18.039100 1.573550 
462 1 19.887900 14.775400 5.075060 
433 1 14.587500 19.368200 11.357600 
1019 2 13.569000 17.281700 8.454500 
773 1 21.505000 15.709800 11.141500 
575 2 21.366000 19.100100 3.633810 
1241 1 16.434600 13.642900 3.282320 
1971 2 19.337900 15.624700 8.912750 
406 1 26.283800 26.383700 10.748300 
99 2 25.849700 19.918400 1.694010 
1567 2 22.291000 23.502400 8.748510 
1416 2 19.859900 25.759800 6.614950 
1483 2 23.258700 18.264900 1.086460 
1496 2 21.877200 23.817200 12.457800 
866 1 21.631000 25.821700 10.626400 
974 1 16.268200 22.780900 11.104400 
258 1 19.666600 18.190900 0.082679 
1160 2 25.896200 18.819700 7.760590 
874 1 24.153200 21.239100 6.804370 
1679 2 19.490700 18.706500 8.080330 
1512 2 17.190000 16.925900 7.001010 
1070 1 14.389300 23.639800 3.636780 
1564 2 20.751000 21.478600 6.380560 
221 1 14.443500 16.998900 8.569340 
670 1 25.252800 25.193100 11.512100 
752 2 20.016500 21.216800 10.869100 
515 2 18.328100 22.038000 8.076280 
224 2 14.588200 21.364500 0.641452 
1518 1 13.858500 26.252300 10.020100 
1159 2 25.884500 18.986900 7.940340 
256 2 14.961300 25.274200 10.469700 
1511 2 16.531000 16.709300 6.668800 
1369 1 17.515100 21.600900 7.693340 
1779 2 24.725600 14.000100 8.177550 
1081 1 16.812600 21.428300 11.368000 
1713 1 17.691500 19.787700 4.493250 
1523 2 19.838300 18.588300 0.046715 
1484 2 23.215000 17.764200 0.876205 
248 2 24.083000 13.493500 2.416840 
858 1 19.795200 24.438000 11.219400 
1078 1 23.540800 23.614600 4.109870 
276 2 22.846600 19.927900 8.695400 
1350 1 22.648800 19.366200 12.650100 
706 1 18.434000 23.336700 4.344620 
482 1 20.339600 21.102700 10.495200 
401 1 20.742600 25.394500 1.497290 
1974 1 14.615700 21.199600 6.690840 
1680 2 19.565200 18.611400 7.758010 
251 2 21.093900 25.593200 1.723790 
1200 2 24.445400 23.104300 10.070100 
580 2 22.342200 24.005000 4.518390 
584 2 16.416000 20.142400 9.058980 
280 2 16.452800 22.120500 11.113400 
685 1 21.325600 23.343700 12.242300 
574 1 21.967400 18.913800 3.627040 
78 1 18.585100 21.671300 2.088840 
1495 2 21.979400 23.337000 12.749500 
583 2 16.086900 20.077100 9.163220 
808 2 18.491400 23.682200 4.427870 
600 2 15.555500 19.769400 2.974360 
365 1 15.444700 25.295700 9.055660 
1415 2 20.068500 25.310200 6.823680 
1685 1 15.253400 25.349000 6.913920 
554 1 14.453100 23.598900 6.487850 
720 2 21.199800 14.941800 2.082330 
1310 1 13.486300 22.066000 12.871900 
579 2 22.807300 23.594300 4.232500 
143 2 24.138900 18.828300 4.623700 
1062 1 19.590300 25.332000 7.225050 
255 2 14.559700 25.696500 10.370400 
1691 2 23.004900 16.708700 8.062450 
1118 1 23.944200 16.201000 7.723200 
605 1 17.870400 20.425100 1.901020 
1542 1 15.870400 23.861500 4.105790 
1020 2 13.956000 17.468800 8.592700 
174 1 18.999500 19.884500 1.043070 
132 2 16.617300 13.774000 9.675090 
91 2 17.143900 16.753500 4.221770 
389 1 22.463200 16.019400 12.413400 
1196 2 25.153900 26.008800 1.958890 
144 2 23.891300 18.925600 4.515450 
1524 2 19.605000 18.242900 0.343308 
235 2 26.310400 15.904600 6.306300 
570 1 16.148200 23.735300 7.933780 
428 2 19.960400 14.472500 5.423230 
1595 2 25.975600 24.674500 6.162740 
1592 2 18.280400 20.573200 1.847260 
1912 2 17.920500 20.051400 4.613000 
946 1 19.822100 16.457100 8.387380 
223 2 14.041000 21.048300 0.297961 
194 1 18.748300 17.881100 11.622200 
1236 2 25.471500 23.144600 0.102207 
721 1 16.178500 19.939700 8.324360 
1589 1 21.844700 20.919100 2.158580 
1882 1 24.272000 16.158500 11.021200 
558 1 22.875500 24.388300 0.610039 
436 2 18.541600 14.417300 0.672156 
1460 2 25.747000 16.100100 2.931430 
361 1 18.613200 19.669700 5.256810 
650 1 25.089900 15.564600 3.074940 
230 1 17.245400 17.447200 7.203350 
1568 2 22.386800 24.092300 8.622450 
114 1 17.196100 23.830000 1.793480 
919 2 25.669500 25.363400 11.975900 
1199 2 24.755600 22.878000 10.338500 
1098 1 17.362600 17.733200 10.606100 
790 1 14.802100 25.272100 10.921200 
525 1 14.166900 19.495700 5.336410 
199 2 13.393200 23.876700 0.851179 
1482 1 22.977100 18.238700 1.025670 
1876 2 19.455800 23.995200 11.481100 
731 2 22.581800 23.735200 0.074578 
1657 1 15.672300 16.257200 12.950800 
1861 1 23.338700 19.675700 11.763700 
408 2 18.585000 18.066100 11.483200 
1205 1 18.628100 14.500600 0.617944 
958 1 13.332300 13.428800 10.921700 
417 1 24.933400 23.168900 9.545850 
1090 1 14.185900 18.224700 5.111990 
533 1 25.524600 24.369100 6.781130 
597 1 14.538500 20.978900 0.517425 
499 2 15.083000 17.667600 0.911119 
1594 1 23.706100 25.885600 7.785360 
994 1 22.075100 15.313500 0.307323 
451 2 18.534200 14.065400 12.194200 
998 1 15.052800 13.909600 0.865300 
823 2 14.903200 13.673500 0.342287 
1235 2 25.255800 23.544400 0.231277 
1239 2 22.038900 26.382000 10.442000 
766 1 25.831200 22.350100 0.042244 
613 1 22.994100 26.560400 3.704190 
1288 2 17.586200 23.987400 0.566194 
277 1 13.961000 24.436900 1.761630 
1829 1 18.826000 26.402200 10.236700 
349 1 24.119800 13.491400 1.858620 
924 2 23.685300 26.404800 7.806540 
4 2 16.250200 13.442500 3.060960 
520 2 26.236700 16.375400 0.098368 
677 1 24.817000 24.321800 0.214314 
241 1 17.501300 23.912900 0.122908 
1274 1 18.628500 14.634600 25.342100 
1298 1 16.160700 17.734200 18.418300 
964 2 13.425600 18.853500 15.727300 
581 1 13.935400 17.575800 22.588200 
812 2 15.309900 25.712700 20.259100 
352 2 20.727600 14.350800 15.330800 
855 2 18.348300 21.545300 24.933300 
1264 2 24.195800 14.116900 24.169200 
969 1 18.968000 15.240300 23.939600 
1045 1 24.082300 23.959200 23.364000 
471 2 20.050100 13.554900 21.725100 
95 2 15.573400 24.220000 14.361800 
935 2 13.370600 17.462700 22.016300 
398 1 13.331600 13.593700 21.039000 
1324 2 22.617300 15.945100 21.106900 
412 2 25.247500 16.886300 23.214800 
1948 2 19.765000 17.761400 15.033800 
1746 1 17.482900 19.662400 13.338500 
675 2 26.216700 23.639600 19.927900 
1049 1 26.392800 15.635200 20.077200 
1465 1 25.057900 21.727900 13.893000 
96 2 15.727400 24.210900 14.470900 
971 2 21.050600 25.404900 22.632900 
1853 1 20.188000 23.937200 25.308100 
1814 1 19.318100 26.192200 14.356000 
1176 2 17.526200 24.335900 20.527400 
732 2 23.178900 23.775600 26.343900 
411 2 25.147400 17.194100 23.292900 
300 2 17.117700 19.607400 19.483900 
9 1 16.747700 25.961100 20.659300 
1238 1 24.010300 14.985000 24.238400 
1439 2 18.057100 20.067900 14.071600 
303 2 24.260800 22.877100 15.333500 
191 2 25.178200 24.446700 23.076000 
1715 2 22.086400 18.080300 24.089900 
60 2 25.952400 19.537900 25.550800 
549 1 25.873300 23.766400 20.163000 
989 1 17.797600 19.991300 24.627500 
298 1 18.379100 16.986300 22.597200 
869 1 17.917800 14.904600 21.273600 
1021 1 20.533200 21.128200 22.335700 
135 2 19.878200 23.898400 24.741500 
936 2 13.342800 18.061500 22.156000 
850 1 14.096400 25.579500 17.130800 
1659 2 22.888100 17.834400 14.784300 
637 1 22.969600 14.056200 18.276600 
1550 1 18.208600 19.492200 19.585900 
1440 2 17.666600 19.858000 13.659100 
1818 1 23.155400 24.807400 18.522600 
23 2 15.779000 16.472300 24.692000 
1565 1 14.897800 21.535800 16.192100 
1175 2 16.888800 23.841300 21.230300 
1170 1 13.370100 15.435300 24.189200 
1450 1 19.150800 13.268000 20.707600 
234 1 17.587600 26.319100 17.462500 
1024 2 20.473600 21.918100 21.641300 
79 2 25.104100 19.295600 17.502100 
453 1 15.348700 25.412800 20.081800 
939 2 19.944500 24.252900 19.393200 
1417 1 15.993300 21.948300 17.488400 
882 1 16.689100 19.609700 19.653200 
1428 2 18.791100 15.129100 24.442700 
856 2 17.991100 21.117200 25.113000 
1161 1 13.808800 23.992800 17.574500 
1323 2 22.485600 15.201800 21.430700 
674 1 25.670100 19.239600 16.636800 
1785 1 24.177300 13.422300 23.929800 
17 1 17.731200 22.839700 17.415100 
1252 2 13.463900 15.429200 24.416100 
1874 1 18.428600 20.166800 14.289100 
550 1 15.828500 23.610100 14.161900 
1794 1 22.684800 22.149600 19.395900 
467 2 25.985700 20.571500 13.860900 
1733 1 26.314500 16.654000 17.477900 
680 2 22.990200 14.404900 17.875600 
933 1 25.813900 20.568800 25.141600 
1821 1 21.136400 21.480800 21.181400 
1135 2 23.204900 25.434500 18.696100 
1964 2 24.735300 13.567800 14.129300 
1051 2 25.539800 15.208600 20.427000 
811 2 15.407500 25.793800 20.126900 
1835 2 22.483400 21.964900 19.014000 
1836 2 22.023300 22.189600 18.732000 
178 1 25.778600 19.617100 14.149500 
1374 1 22.037600 17.693400 24.432500 
1010 1 24.821100 17.479300 23.204000 
954 1 15.174600 13.568800 26.491100 
1819 2 15.092900 15.109000 18.463100 
1965 1 21.412300 23.931900 15.821200 
1690 1 25.302700 13.768400 13.797000 
366 1 22.008900 20.817400 16.014100 
1837 1 26.038300 25.087900 18.210000 
257 1 19.471500 22.534800 13.364900 
309 1 16.651500 16.056500 20.484700 
1521 1 20.367500 17.959500 24.132800 
1266 1 17.372600 24.235800 20.976400 
351 2 21.447500 14.486200 14.923100 
1263 2 24.569000 14.080200 24.121600 
1486 1 16.699800 24.811400 23.876000 
679 2 23.021200 14.370000 17.928100 
243 2 21.985600 15.573000 25.766900 
725 1 22.119900 17.895700 14.712300 
333 1 19.836700 24.263400 20.023200 
1758 1 20.115400 13.600900 21.981400 
283 2 20.020100 19.896300 17.824600 
1947 2 19.933600 17.386900 15.167200 
59 2 26.072700 20.332100 25.453500 
878 1 23.684200 22.401500 15.498000 
1823 2 25.563900 16.993800 13.993200 
1626 1 15.281700 13.850700 18.843300 
116 2 19.293100 22.703900 14.290300 
713 1 16.178800 13.370300 14.291500 
1982 1 19.167400 22.789200 14.855800 
1963 2 24.655400 13.779400 14.899400 
472 2 19.476700 13.546700 21.696400 
780 2 22.174200 20.770000 15.328300 
24 2 16.362600 16.590300 24.317700 
1101 1 16.530100 16.851600 24.142600 
1203 2 13.440300 19.851700 19.847700 
1023 2 20.887400 21.236200 21.608000 
886 1 25.874900 14.250700 20.214800 
1741 1 21.613000 25.505600 23.066000 
115 2 19.363500 22.758700 14.262400 
1504 2 18.121400 23.333700 17.058400 
708 2 25.393100 19.698000 21.516800 
644 2 15.391900 16.603500 15.413900 
759 2 16.189400 22.408000 19.357100 
968 2 15.388000 21.208100 16.269900 
700 2 23.447400 16.893100 17.856500 
707 2 24.479700 20.364300 21.149300 
1644 2 22.682500 21.244700 24.072800 
1337 1 23.316900 16.609100 18.525800 
1870 1 19.898800 19.940200 17.706000 
1265 1 18.527400 21.472100 25.213200 
439 2 18.387000 18.061600 22.837900 
440 2 18.613900 18.461600 22.604900 
254 1 19.754600 17.696700 14.599100 
566 1 24.783800 19.450500 17.726000 
749 1 21.360900 14.869900 14.692000 
1641 1 25.033500 23.161600 15.770700 
1666 1 23.066500 15.166400 17.472300 
468 2 26.070200 20.844200 13.834400 
73 1 15.802200 17.064200 15.531400 
1202 1 20.729700 24.644400 19.136500 
177 1 23.163000 17.043200 15.030200 
1316 2 21.991400 19.077900 19.776800 
763 2 19.123200 16.604200 18.255000 
34 1 23.048300 20.923900 24.382300 
519 2 26.322700 16.528300 26.347300 
1257 1 22.689500 16.220100 21.011000 
426 1 24.307700 17.151700 17.943700 
1066 1 25.356800 24.439000 22.484700 
35 2 15.780100 17.531100 18.585500 
598 1 21.208600 19.630600 18.277700 
1426 1 20.511000 13.822100 15.379600 
760 2 15.808500 22.313000 19.216300 
1463 2 15.722900 24.468400 24.520100 
557 1 25.837800 19.740600 22.318400 
1614 1 23.718500 25.809400 18.494500 
244 2 22.202100 14.885700 25.980400 
80 2 25.311700 19.352400 17.061800 
1086 1 25.682700 16.525700 22.848500 
972 2 21.316500 25.688800 22.873500 
1534 1 25.684700 16.600600 25.831600 
164 2 18.065100 26.484800 17.859700 
1136 2 23.398700 25.278700 18.457400 
1774 1 19.020400 24.816900 18.013300 
36 2 15.664300 17.047100 19.283700 
192 2 26.088100 23.220300 20.024400 
321 1 21.702900 22.134800 18.425600 
1427 2 18.715000 15.455100 24.498100 
1922 1 15.539300 24.709200 14.967100 
1722 1 26.333500 20.901500 13.374300 
1545 1 16.495200 23.036700 19.765100 
699 2 23.771900 16.835800 18.202200 
1643 2 22.597200 21.439300 23.952500 
828 2 17.475500 15.337600 20.930800 
62 1 22.222900 15.542600 25.437100 
76 2 15.899600 20.155900 23.638500 
534 1 13.548800 14.809400 25.671400 
454 1 18.719600 24.084400 16.436500 
1305 1 25.719800 17.315000 13.739900 
1503 2 18.308600 24.077000 16.796600 
827 2 17.610800 15.364200 21.126800 
1366 1 15.476100 17.276800 19.513400 
1464 2 15.917400 24.919200 24.347500 
430 1 18.532400 16.314000 18.717800 
1698 1 20.026700 17.211300 16.031800 
75 2 15.649600 20.549700 22.998200 
284 2 19.961400 19.599000 17.870100 
577 1 21.761800 18.464000 19.744800 
1253 1 14.698500 19.971700 16.157200 
649 1 15.669500 21.383400 24.052500 
1660 2 22.780400 17.141500 14.688400 
634 1 19.339300 23.182100 24.051300 
1473 1 21.296400 24.813000 16.451700 
1820 2 15.202700 13.910100 18.533300 
498 1 24.524800 20.322300 21.020800 
1716 2 21.300800 17.674800 24.426500 
299 2 17.580100 19.628900 19.842700 
22 1 15.219700 16.323100 24.803700 
1038 1 18.775600 16.103600 25.080000 
1348 2 21.499600 24.525300 16.428600 
1173 1 15.132900 24.721200 24.724100 
1279 2 13.867000 24.633300 17.308500 
1929 1 22.752500 21.723000 23.410000 
110 1 19.771100 16.611400 18.267200 
967 2 15.019800 21.472200 16.218400 
329 1 15.069700 15.185000 18.423800 
136 2 19.810700 23.650100 24.651300 
764 2 19.404200 16.572800 18.325200 
1914 1 24.479700 13.531000 15.242800 
1126 1 20.467800 25.413900 22.431100 
1824 2 25.994300 17.608900 14.073200 
1529 1 18.361700 18.869500 22.832300 
1280 2 14.415900 25.372700 17.109600 
304 2 24.339900 22.885000 15.696100 
1052 2 26.252600 15.059800 20.386000 
1347 2 21.361600 24.504300 16.189500 
538 1 15.478700 22.234600 19.508900 
643 2 15.753200 16.630900 14.632400 
682 1 14.544600 14.004700 15.066900 
46 1 22.961700 20.497800 14.667100 
1313 1 20.960800 19.004000 20.517000 
940 2 20.347100 24.340500 19.540800 
1632 2 25.946400 25.084500 17.698900 
1315 2 21.554900 18.447100 20.189800 
1204 2 13.746900 20.066000 19.557700 
779 2 22.406900 20.837200 16.115500 
100 2 24.743100 24.341100 23.077400 
1222 1 22.542200 14.855400 21.573900 
529 1 15.784600 19.822100 23.082700 
470 1 13.937700 19.935800 19.879600 
1076 2 13.618400 13.514800 15.435100 
1269 1 26.355300 13.273900 26.009400 
1155 2 13.353300 13.994800 21.026900 
1517 1 18.972200 26.403100 24.339000 
1422 1 22.649300 23.352900 26.065300 
