id type x y z 
531 2 3.525840 7.434390 9.182600 
491 2 7.992250 8.104550 5.020290 
1848 2 10.385500 0.006168 10.061700 
564 2 6.634450 10.855200 5.804900 
442 1 8.361730 5.403660 4.817440 
708 2 1.289510 8.588690 1.152200 
1498 1 10.500100 3.466130 6.268720 
1776 2 2.335460 6.089120 2.071080 
377 1 12.781200 4.753200 12.965000 
139 2 9.172590 11.144800 3.711830 
540 2 9.888200 12.515300 10.752600 
1319 2 1.350150 9.109570 4.726860 
1209 1 6.737590 9.603200 1.857110 
1250 1 2.334310 6.498920 6.504980 
1730 1 2.735970 4.254850 11.466600 
416 2 9.622440 3.711190 10.736800 
1130 1 5.513320 6.824800 7.742950 
140 2 12.337300 11.141800 2.033110 
463 2 3.606790 10.129600 7.124360 
1157 1 2.518230 5.868480 0.102323 
402 1 6.830220 7.394550 6.077740 
783 2 9.062200 9.526860 13.025100 
1990 1 6.479790 12.634700 2.605200 
1552 2 1.876560 1.790030 6.959360 
730 1 8.824190 10.372900 3.692170 
839 2 9.465170 3.734210 11.118000 
124 2 3.095400 12.468800 5.304240 
1862 1 9.200450 4.041730 10.955600 
888 2 3.414260 7.637800 9.549140 
1667 2 12.488200 3.895840 12.999300 
1220 2 6.419530 12.687700 2.803400 
1300 2 9.481800 11.450700 3.622850 
883 2 7.251380 1.867650 7.883150 
86 1 12.570800 3.472070 10.301800 
1924 2 2.168850 0.187199 2.503600 
955 2 1.160270 5.397970 8.923260 
1047 2 12.860700 12.792400 1.077270 
425 1 2.226280 5.863470 5.170560 
1032 2 8.184000 7.446490 0.687008 
132 2 7.566670 9.103540 9.154010 
994 1 1.600260 9.101090 4.844070 
106 1 11.236100 4.697070 0.782451 
214 1 3.290310 10.767900 7.235600 
1490 1 0.527391 2.218150 6.686460 
185 1 12.100800 6.199470 8.205100 
474 1 0.061501 5.922980 8.787710 
965 1 5.696730 2.762380 3.643810 
305 1 6.087550 8.100480 12.476300 
592 2 3.477640 10.756700 2.173370 
1442 1 12.455900 9.808350 9.046780 
1191 2 4.001300 7.755770 0.901983 
754 1 8.174430 12.689000 10.028500 
1931 2 0.308750 8.619060 8.008120 
337 1 12.205700 12.276900 0.867998 
1540 2 10.659000 0.844865 13.129300 
1637 1 10.411800 3.558940 10.456700 
1180 2 5.122340 2.759050 3.061550 
1192 2 3.454420 10.085000 7.077340 
1834 1 4.464630 3.386200 3.084720 
594 1 8.992760 6.107000 1.914080 
609 1 2.806150 10.990000 11.128900 
830 1 8.063630 8.476770 4.682620 
923 2 1.967710 3.115270 10.244600 
313 1 2.312450 0.060255 2.698190 
494 1 5.828560 11.446500 13.229700 
148 2 11.013700 7.346760 5.324350 
1873 1 10.851300 7.815100 5.767800 
147 2 11.377700 7.161680 5.354480 
1792 2 4.633720 12.057400 -0.017105 
991 2 10.099500 11.298600 6.253850 
722 1 10.226700 12.199800 11.001100 
330 1 11.636000 1.550830 12.127300 
1803 2 4.546630 5.969030 3.333540 
663 2 12.446300 3.830660 10.552400 
1984 2 8.718080 10.881100 0.655390 
496 2 5.948700 7.295820 7.241480 
1142 1 9.905850 0.844492 5.007270 
277 1 13.260200 6.856790 1.200110 
569 1 12.107400 10.665000 2.348690 
1322 1 6.176870 11.410300 10.400200 
1883 2 0.505323 2.778050 3.474590 
1362 1 6.500070 6.019210 11.227600 
131 2 7.785620 8.756010 8.767590 
1916 2 11.073300 5.286300 0.460434 
1152 2 7.696040 12.639300 9.142250 
123 2 2.917160 13.085200 4.905410 
71 2 10.849000 2.773240 6.479910 
951 2 9.923330 0.430826 4.702960 
1299 2 12.101800 8.232200 1.964270 
850 1 11.038100 0.467177 9.454190 
1952 2 10.337800 10.955100 6.336290 
563 2 6.491100 11.237900 5.777980 
1400 2 11.820200 8.122520 2.295880 
72 2 9.963490 2.496990 6.823870 
1034 1 4.832840 10.963800 9.613210 
1424 2 12.230600 3.979020 13.162300 
1775 2 2.092920 5.947970 2.175770 
539 2 10.205800 11.889400 11.112800 
741 1 1.477920 5.364650 9.153610 
1772 2 5.814050 3.426860 10.788300 
1632 2 6.249540 8.418550 12.506400 
70 1 10.378800 5.232430 0.123364 
239 2 3.396160 1.843890 5.341430 
1354 1 4.202580 0.573886 3.340900 
595 2 2.105750 7.709150 12.448300 
490 1 3.689600 8.211170 9.660210 
1448 2 3.610300 4.089170 7.341230 
833 1 2.685400 12.690000 5.241410 
1002 1 6.104520 1.908180 11.018300 
1574 1 5.657680 9.680260 2.897690 
1595 2 2.369840 6.515990 6.114060 
345 1 4.067060 7.476450 1.215050 
249 1 1.890810 0.140082 1.412640 
189 1 8.759660 10.983800 0.599747 
1419 2 3.261830 10.058800 2.186280 
1915 2 10.631300 5.209580 0.226400 
957 1 0.585499 2.231540 9.375520 
324 2 9.878450 6.784090 8.707330 
1704 2 8.147900 5.166600 5.479840 
196 2 8.099280 8.750480 5.068760 
984 2 12.691300 9.046540 8.848110 
590 1 1.527210 8.599540 1.425290 
1447 2 3.091270 4.197450 6.760540 
1973 1 3.649270 10.815200 1.432000 
588 2 6.274030 9.464280 2.264400 
1105 1 9.328530 1.581340 6.605590 
1533 1 2.704350 10.023600 2.511650 
267 2 7.169080 13.160300 12.492700 
213 1 11.919400 8.146190 1.990940 
1522 1 4.425070 11.502300 13.157900 
1653 1 3.283510 9.287980 6.893290 
1129 1 10.942200 7.935210 3.367420 
1421 1 7.779670 8.118670 8.048210 
784 2 9.742170 9.882320 12.412100 
1145 1 3.249220 3.962000 6.504350 
1214 1 9.604100 11.659300 3.892170 
514 1 5.434660 9.500400 6.224680 
1561 1 9.378870 3.037070 2.866520 
6 1 6.896730 13.219300 12.278800 
1001 1 7.799860 0.776144 8.050140 
629 1 10.779800 11.580000 6.109660 
1201 1 3.326320 13.155000 4.184700 
1986 1 4.285530 5.880120 12.016000 
1478 1 12.773200 2.441620 7.027170 
1510 1 6.193130 11.742400 5.473200 
924 2 1.754530 3.334040 10.306700 
852 2 1.810970 2.524000 0.267735 
1678 1 6.940100 9.372920 8.987560 
49 1 7.105550 2.285500 8.532260 
238 1 1.072350 2.847580 3.528190 
1786 1 3.237360 4.760640 13.145000 
1551 2 1.834930 1.436010 7.214020 
1842 1 11.857400 4.785350 10.406000 
486 1 6.070490 6.430150 3.112450 
1703 2 9.416940 2.640640 3.328070 
1539 2 11.202700 0.475055 12.793300 
195 2 7.420360 4.039690 1.662990 
717 1 6.813080 10.300700 5.765950 
1143 2 6.585130 6.466690 11.008500 
1030 1 1.377810 8.464730 12.272900 
810 1 10.986200 3.932030 3.918050 
248 2 2.354750 6.232530 5.292950 
568 2 1.977180 8.026890 11.947800 
327 2 5.596990 11.218400 10.101300 
911 2 5.538420 2.661570 10.952000 
379 2 5.752020 8.692440 13.020600 
296 2 7.741060 0.170412 1.641330 
956 2 0.572890 5.851320 8.735200 
464 2 5.502430 6.169640 3.526580 
709 1 12.542600 8.410210 8.995710 
308 2 1.792320 10.647200 10.603000 
1227 2 4.141650 5.427300 11.738700 
1056 2 4.814170 11.487900 13.202400 
993 1 9.020250 6.146590 11.954200 
1781 1 3.640620 1.960880 5.687430 
1961 1 5.357760 3.601310 10.631600 
1290 1 10.245100 6.903990 9.441140 
1237 1 8.898120 0.108549 2.263590 
1724 2 9.377710 6.847880 12.083000 
1094 1 8.474680 4.889760 6.502670 
1445 1 9.564830 7.204400 3.250670 
1771 2 8.460380 4.969640 6.430310 
524 2 4.089480 7.697900 0.105923 
596 2 3.627040 5.093770 12.363000 
728 2 11.932900 3.749970 3.550020 
912 2 9.555640 6.654550 2.965900 
1884 2 1.142010 3.129650 3.804490 
335 2 9.442370 6.697270 2.989080 
1966 1 1.412490 12.974500 8.180210 
495 2 5.865290 6.955040 7.158670 
1526 1 3.323000 4.345710 7.798310 
526 1 1.979380 3.237860 10.002900 
81 1 6.532660 3.588750 2.039410 
1817 1 4.547700 12.872800 0.308437 
707 2 0.546464 8.782650 0.925850 
369 1 2.404040 5.923520 2.152580 
1804 2 5.249540 11.097600 10.037500 
1131 2 10.673300 6.769460 8.932470 
417 1 2.134970 1.732460 7.075760 
977 1 1.031860 9.784840 7.636940 
1502 1 7.437490 6.720900 10.775600 
182 1 4.370370 6.181520 3.642250 
149 1 0.307029 8.988160 0.887340 
1717 1 11.625300 6.782970 4.922830 
624 2 6.390700 0.636308 11.317700 
1578 1 11.056400 0.227255 1.624850 
1847 2 10.863600 0.929486 9.490690 
1141 1 7.261670 0.125047 1.672190 
983 2 12.540200 8.778010 8.946010 
781 1 1.539320 10.329500 10.359300 
1919 2 1.754930 2.642640 0.305758 
727 2 12.250100 3.985650 3.116020 
270 1 7.819230 1.823740 13.213700 
587 2 6.292220 10.003000 2.363260 
295 2 7.578970 0.047361 1.851130 
1723 2 9.363810 6.574990 11.707800 
1441 1 9.627430 9.877680 12.115300 
1662 1 8.026150 7.756690 0.413625 
1320 2 1.238970 9.596930 4.741250 
1321 1 6.147440 5.465440 0.204602 
668 2 7.028690 6.450840 10.822800 
307 2 2.547200 11.113700 10.955400 
616 2 11.429100 0.317043 1.425810 
1221 1 3.033180 7.336000 9.151550 
693 1 0.583098 9.315530 4.064070 
1791 2 4.123610 11.470700 0.176306 
1562 1 2.596970 7.329750 12.444100 
952 2 9.733720 0.342167 4.916620 
176 2 0.397590 9.832410 7.640250 
1954 1 7.954790 8.731770 9.476640 
884 2 7.418490 1.333920 8.274760 
686 1 2.209110 2.618720 0.940442 
854 1 9.346500 10.716300 5.854270 
1179 2 5.258200 2.938610 3.435370 
664 2 11.935600 4.381360 9.923420 
458 1 8.264960 3.272730 1.199480 
1297 1 9.215170 7.348880 11.850200 
328 2 8.284100 3.655070 1.403340 
1325 1 12.581900 3.754450 2.768540 
602 1 2.283320 12.884500 1.014600 
1309 1 11.393900 12.908800 8.483510 
1269 1 3.972280 0.107601 8.571280 
541 1 10.077700 0.212157 10.869100 
821 1 1.354830 2.755810 0.113111 
1055 2 5.304160 11.428700 13.154600 
1614 1 4.408430 11.557900 0.009690 
122 1 3.539970 7.940100 0.202518 
986 1 13.183300 3.116390 12.679600 
326 1 6.713230 1.204680 -0.011552 
1943 2 9.134700 2.040000 23.533400 
982 1 4.453830 7.542970 16.113700 
998 1 6.137570 7.311240 21.452200 
1128 2 4.044550 0.462088 19.735400 
501 1 12.030800 5.632850 25.322400 
286 1 12.256900 12.129200 14.040800 
695 2 7.652950 6.736090 16.840600 
792 2 8.416280 12.630200 20.571500 
1928 2 7.407660 9.953770 15.399600 
293 1 10.108900 3.244300 18.462900 
1107 2 6.307180 4.784860 19.650100 
1457 1 8.246230 10.699400 18.380000 
1469 1 2.026180 9.293910 20.665900 
1395 2 2.059470 3.153730 24.030800 
65 1 7.966850 7.061290 17.410000 
824 2 6.582890 7.306140 20.673700 
505 1 8.976030 12.308100 20.605800 
1119 2 12.005200 11.076100 20.047200 
1332 2 2.664610 1.874330 20.722500 
1624 2 8.209680 1.826250 13.499700 
1790 1 13.144800 6.561970 25.123900 
1155 2 4.879400 8.348530 18.591900 
387 2 2.614160 8.978240 21.053900 
1351 2 2.565690 10.639700 17.258000 
857 1 11.423400 13.335600 17.812800 
1940 2 2.166830 10.980700 24.452500 
892 2 13.175900 6.439830 25.234100 
234 1 11.162100 13.073200 13.804600 
1773 1 10.322800 5.099730 15.781900 
1301 1 6.418910 4.957800 19.672500 
133 1 9.198150 12.713800 24.469200 
1327 2 4.377380 6.139820 23.321500 
245 1 7.946670 13.007100 20.400000 
503 2 11.259800 4.617710 22.493700 
521 1 6.634080 0.899890 19.731800 
444 2 4.343210 3.346380 17.379300 
1575 2 6.629840 5.040280 14.095500 
1641 1 1.274570 2.025650 16.272400 
1623 2 6.563000 1.401550 16.505000 
1800 2 6.997250 1.259580 25.353100 
271 2 4.906630 1.825420 13.872200 
1200 2 1.353900 2.050600 15.931100 
1256 2 12.711000 7.857120 14.234600 
423 2 10.510900 4.992710 15.317800 
483 2 8.333710 5.413630 24.280400 
1037 1 3.222630 6.079370 18.725400 
611 2 4.466190 2.173620 25.797500 
250 1 3.351860 2.257140 25.614900 
388 2 2.607840 8.256890 21.449100 
255 2 13.145500 0.581017 15.409800 
1467 2 0.143752 13.022900 22.896100 
398 1 4.375550 10.120000 19.025300 
547 2 10.159500 2.495790 17.641600 
866 1 0.947374 7.606990 16.278300 
814 1 7.223890 9.666550 15.702500 
543 2 8.035520 10.594200 15.448500 
545 1 10.195500 7.905920 21.555800 
1318 1 1.780320 1.229190 15.158500 
1536 2 8.516570 10.591700 22.959600 
1223 2 5.591870 9.376600 24.669200 
637 1 8.522520 9.843830 21.721900 
1556 2 4.918130 12.350700 16.731100 
269 1 10.241300 12.965700 17.064100 
1177 1 2.814460 2.979070 23.577600 
397 1 2.477690 2.152970 21.074800 
1048 2 11.720100 13.205600 26.440500 
1365 1 4.578640 2.822150 16.753700 
1031 2 8.448440 10.431700 22.106100 
1264 2 1.603750 5.918820 25.154500 
272 2 2.170900 4.782370 15.534500 
105 1 1.792480 10.470800 17.757800 
443 2 4.338170 3.254780 17.505500 
1661 1 8.774690 7.080680 21.811800 
899 2 8.172540 11.937800 18.008500 
1664 2 10.314100 2.410220 17.869300 
1238 1 0.782655 5.918050 25.329100 
519 2 2.397200 10.932000 24.465600 
1518 1 10.716400 0.468370 13.212300 
340 2 1.096240 7.185530 15.563100 
1386 1 0.491092 5.643750 18.420400 
1962 1 2.731630 0.810560 20.708600 
1127 2 4.315840 0.403411 19.750600 
1377 1 2.920570 9.937330 24.510700 
1150 1 12.124300 6.959570 19.266200 
404 2 11.494400 10.753500 20.203400 
1721 1 5.059070 8.438990 18.110500 
1153 1 4.543580 7.829730 19.358700 
1774 1 1.271240 2.745110 20.172200 
1353 1 4.271890 5.100200 18.714900 
424 2 10.856700 5.195050 15.776900 
612 2 4.438050 0.479061 25.575400 
1663 2 2.713560 4.366230 13.707400 
1311 2 8.329700 13.231300 20.597500 
1532 2 5.038050 7.081840 15.369100 
338 1 0.609577 2.654900 18.675800 
1396 2 2.200210 3.041990 23.877300 
711 2 5.731340 2.436410 22.691300 
390 1 1.343710 3.351170 24.207000 
229 1 4.402810 5.742010 23.261100 
589 1 10.606800 8.564740 15.730400 
900 2 7.959730 11.175100 18.026100 
651 2 9.322490 12.956900 24.644900 
1117 1 11.509800 7.752670 14.201600 
1978 1 8.317660 1.001430 19.966900 
733 1 8.821400 6.214180 24.355800 
247 2 4.694470 5.186170 26.403600 
1613 1 12.541700 4.384240 17.455700 
1799 2 7.002230 1.542670 25.975400 
1007 2 2.430680 2.094680 20.855700 
1718 1 1.960780 11.307700 24.161500 
1994 1 13.071000 2.733880 25.346100 
1041 1 6.855390 1.730430 16.423500 
909 1 12.460900 8.214330 21.551000 
1437 1 8.994970 2.691750 24.073600 
484 2 8.167260 5.021000 24.138900 
1956 2 4.568140 2.380420 14.375900 
585 1 8.469990 0.194061 13.999800 
1170 1 12.503800 11.099000 22.825000 
782 1 5.032070 11.164000 19.819100 
1428 2 12.803900 10.779000 23.155700 
605 1 12.546400 10.698700 19.392500 
1255 2 13.012600 7.817630 14.282800 
206 1 11.161800 9.658300 25.690400 
891 2 12.827800 6.776540 25.162600 
336 2 4.286190 5.448070 22.526400 
1306 1 11.185000 11.227000 20.163300 
332 2 5.720090 12.015400 22.672100 
1083 2 8.792090 8.025690 26.425700 
1243 2 4.847850 7.359710 15.379000 
504 2 11.047800 4.109000 22.593000 
441 1 6.137150 5.237110 14.032300 
198 1 12.744600 0.435141 15.469600 
1144 2 7.241480 4.768880 14.136200 
748 2 10.661200 9.283060 15.527200 
593 1 7.402070 1.475630 24.992600 
930 1 5.564530 2.126250 22.753500 
339 2 3.048290 6.060330 18.780000 
456 2 13.139300 10.968900 15.980100 
1461 1 5.017030 11.631200 16.514300 
1509 1 10.897500 9.496800 23.898400 
627 2 9.001980 7.289220 22.027300 
1937 1 4.099280 3.789940 17.518700 
1242 1 11.596100 4.753250 22.676600 
1893 1 10.359600 6.462260 19.101200 
1531 2 1.641840 10.744000 14.191100 
1612 2 7.707980 1.233990 20.275700 
1505 1 5.680060 1.247360 14.285000 
705 1 0.427514 13.026800 17.846700 
1044 2 10.553800 9.204520 24.906200 
1159 2 1.310220 7.856980 15.710500 
608 2 0.790266 3.184580 19.541800 
331 2 4.297250 12.448300 22.424600 
548 2 9.310930 1.679550 23.397100 
1199 2 1.351220 1.309610 16.282400 
1108 2 6.147730 4.561490 19.912400 
710 1 7.294500 6.970430 15.986500 
1770 1 1.308200 11.665600 19.691400 
532 2 2.153810 10.447500 14.167300 
1213 1 5.036230 2.935380 14.122300 
628 2 9.448490 7.385660 21.307200 
1229 1 3.001510 7.823550 21.848400 
44 2 6.865870 1.350620 16.508500 
164 2 1.304320 5.148120 22.259400 
778 1 7.659290 12.405900 18.196300 
1277 1 1.276780 7.522970 14.795000 
552 2 12.247700 0.495427 24.319000 
1193 1 4.950030 1.964930 25.627300 
1181 1 10.237000 2.267820 17.553300 
1555 2 4.991590 11.978400 16.439000 
1611 2 7.704550 1.154630 19.615300 
1576 2 3.633360 5.736160 18.601800 
823 2 6.120850 7.229890 21.059100 
1046 1 4.152220 12.309500 22.266400 
1785 1 0.915257 5.560420 22.173600 
1345 1 1.602790 -0.051773 18.849200 
1043 2 10.648100 9.502490 24.527100 
380 2 7.315060 6.913230 17.121100 
1006 1 6.003520 4.824890 20.890800 
875 2 0.765396 12.044300 19.814200 
334 1 6.300570 11.708600 22.219900 
279 2 10.804300 13.197200 17.415700 
689 1 2.016150 5.493410 21.233700 
354 1 10.462500 10.593800 15.696800 
162 1 3.066870 11.284600 17.656900 
1096 2 11.910700 12.720000 14.109000 
201 1 8.874740 1.454580 22.241800 
1925 1 4.900330 5.038840 25.830600 
714 1 8.357540 10.663500 23.520000 
358 1 3.837650 1.231580 19.403700 
716 2 11.761700 6.831240 19.035600 
769 1 5.652920 9.262790 25.289400 
302 1 1.621420 10.970700 13.842500 
263 2 4.702420 10.773600 19.713800 
735 2 8.182400 1.608540 14.136100 
1728 2 2.287520 10.695000 17.544300 
1335 2 0.960948 3.480550 18.984500 
103 2 8.836350 5.258970 19.650500 
1537 1 12.985000 10.005900 26.236800 
1025 1 9.980990 0.928424 23.669600 
163 2 1.540940 5.644810 21.706500 
104 2 9.334120 4.513200 19.592100 
747 2 10.933300 9.099180 15.944000 
1095 2 11.355700 12.674800 13.790400 
1224 2 5.014310 9.190080 24.314400 
1737 1 7.712750 5.020630 24.408000 
1053 1 8.540530 2.655770 14.881100 
435 2 13.017500 11.233300 23.116800 
809 1 2.109020 10.227100 14.788700 
1625 1 6.555840 7.088100 20.362600 
264 2 4.536300 11.272000 19.650900 
1969 1 11.444100 4.166320 14.486800 
715 2 11.811200 6.911160 19.231100 
1138 1 5.063070 7.021910 14.854700 
1330 1 4.599450 12.698500 16.483100 
876 2 0.783506 11.874900 19.799800 
1837 1 6.224830 1.037260 17.159400 
1983 2 7.576040 11.305400 26.115600 
1263 2 1.241490 6.133240 25.212600 
712 2 5.884050 2.581390 23.324100 
625 1 10.625100 3.906560 22.098700 
429 1 9.125970 4.684730 19.783300 
386 1 6.087610 3.355090 23.113000 
913 1 9.776030 8.492660 25.301300 
1244 2 4.984170 8.292190 18.633700 
1586 1 2.020340 4.544590 15.054100 
1485 1 4.873310 9.208300 23.916300 
1822 1 7.610190 10.898600 15.276400 
561 1 1.642880 5.652850 23.949500 
1705 1 12.574700 10.412200 15.875700 
1913 1 12.725500 9.082360 13.406900 
1763 2 12.816900 7.804880 21.921100 
1058 1 7.601850 4.465290 14.109200 
652 2 7.573520 13.219800 24.619600 
1849 1 9.277000 9.731200 13.525200 
961 1 0.511195 13.286200 14.933000 
702 1 12.474300 0.065482 24.432200 
1261 1 5.989120 8.984320 13.493900 
1930 1 6.906030 11.218400 26.272300 
1596 2 5.207540 4.933530 26.035800 
661 1 3.259620 20.727400 5.417840 
949 1 9.285440 18.297500 11.087600 
152 2 4.544410 15.224300 5.599010 
2 1 5.599200 22.923500 7.505130 
1751 2 3.912800 14.988600 6.063170 
621 1 11.088400 23.921700 3.627340 
767 2 12.062600 20.726800 8.109580 
1923 2 2.072910 26.264700 1.824420 
1112 2 5.886650 17.376700 8.195790 
768 2 9.292350 17.513100 11.247300 
1832 2 12.603000 16.597500 1.162000 
997 1 10.953300 18.428400 4.360270 
1326 1 4.986120 21.789000 10.644700 
1124 2 6.951710 14.212800 12.037400 
1040 2 11.574600 20.132800 0.585879 
97 1 0.149280 20.232600 5.474630 
292 2 1.059740 14.038200 10.348400 
509 1 12.738500 16.272000 0.641928 
1403 2 5.607150 20.001900 11.711400 
1985 1 11.665600 17.285200 1.520610 
1506 1 4.039540 15.397500 5.684460 
1618 1 0.883987 14.247200 10.595000 
642 1 12.510200 19.891500 11.763100 
1782 1 9.763740 18.412700 0.705328 
1674 1 5.904300 17.554300 11.908500 
1273 1 9.029600 21.086000 10.444200 
1133 1 9.835100 20.886300 4.416170 
1936 2 10.131100 16.883000 6.927740 
1404 2 5.198400 20.425600 11.507900 
259 2 2.030810 24.605500 4.322610 
623 2 4.445610 26.084000 9.555070 
1331 2 4.635670 13.980800 9.134410 
1631 2 1.569980 13.322000 7.904040 
1346 1 10.981400 20.666000 1.418480 
941 1 11.846900 16.508100 8.748510 
528 2 0.795302 13.282400 7.979120 
1918 1 1.559200 24.359300 5.012010 
470 1 5.244160 20.467500 12.501700 
908 2 7.714500 16.886300 3.175720 
1712 2 12.751700 13.832800 4.612600 
45 1 4.617490 25.782700 2.311170 
1587 2 12.329700 19.924200 12.107300 
1808 2 1.850180 19.733200 1.737460 
220 2 9.902690 21.384500 3.578800 
1684 2 7.559860 20.827800 5.524720 
1934 1 4.156200 25.397600 0.439783 
1387 2 1.717360 18.157100 10.494700 
215 2 5.025240 16.357400 0.704236 
1287 2 8.531750 23.674100 7.030640 
1992 2 5.767530 17.366100 11.358300 
1783 2 10.088100 21.665600 12.510400 
1121 1 5.919100 19.243700 2.164000 
554 1 7.791350 19.934000 7.852740 
603 2 11.234900 18.477400 4.549310 
837 1 7.898760 14.631000 6.551850 
932 2 13.109200 17.872200 6.170790 
925 1 0.534390 16.602300 7.687590 
1970 1 2.153320 20.191200 1.570610 
48 2 8.924440 18.607700 1.125240 
1160 2 4.104640 26.536600 8.611990 
58 1 -0.003130 24.009200 7.949150 
1084 2 7.418500 14.739800 6.406230 
155 2 1.020650 14.543200 10.706100 
683 2 12.432000 24.011700 7.117910 
225 1 5.681170 17.677000 5.744410 
835 2 2.474140 13.871400 1.582500 
1036 2 11.155300 23.531600 10.828900 
1689 1 7.533300 25.527500 4.618900 
1750 1 8.305470 14.496100 1.319030 
706 1 2.877160 13.901600 1.884640 
291 2 0.727888 16.858300 7.183440 
1598 1 3.787930 14.325800 5.904000 
218 1 8.748380 25.105200 10.287000 
62 1 12.572400 13.882800 5.642870 
1260 2 12.015200 17.080500 9.178290 
942 1 1.038560 17.024800 6.396080 
1603 2 5.733010 20.239700 2.097670 
1696 2 2.842430 24.569700 7.510940 
151 2 7.190090 15.133400 6.478340 
1431 2 9.777660 16.611500 7.405910 
562 1 9.055280 19.793600 7.476550 
1784 2 8.740130 20.883200 10.641400 
1807 2 1.768350 17.006200 4.414460 
59 2 1.874680 20.304900 1.848860 
216 2 4.730960 16.366200 1.836130 
577 1 5.920000 19.858800 11.330200 
1709 1 0.726778 19.524600 2.536930 
958 1 6.811650 15.037000 11.836100 
843 2 2.282620 21.202200 12.730300 
684 2 13.096200 23.922100 7.135930 
1420 2 0.579321 16.606200 7.321900 
762 1 9.760780 15.116200 11.308300 
457 1 9.703270 14.974300 3.604460 
815 2 3.996160 14.380200 12.322700 
1035 2 10.974400 23.852000 10.825700 
94 1 4.127150 26.494600 12.562300 
1949 1 10.604400 23.187500 10.468400 
907 2 8.114670 17.109700 3.298440 
1291 2 3.055660 19.385700 7.713630 
743 2 1.092570 25.217400 10.505000 
1841 1 11.796800 24.582800 7.092200 
383 2 5.211810 22.849400 0.518759 
1569 1 12.920200 19.534700 3.126080 
1247 2 2.812630 21.954300 5.260820 
1292 2 3.386910 19.638000 7.031790 
1110 1 9.914930 16.518900 7.875790 
902 1 11.354600 23.932400 11.027700 
1711 2 12.748100 13.727100 4.936610 
1778 1 1.976190 21.209600 12.470400 
841 1 4.663260 16.130400 0.140984 
47 2 7.661430 20.976000 5.247480 
1991 2 5.322500 16.750900 11.726200 
346 1 5.084730 16.336100 11.449400 
1111 2 5.874690 17.139700 8.998940 
744 2 0.647260 25.402000 10.339800 
405 1 10.003000 21.755000 3.400260 
1357 1 5.714480 25.281400 6.893690 
658 1 5.133450 18.379400 5.013540 
294 1 6.341810 15.157000 6.293610 
654 1 10.145100 16.855500 6.333900 
1248 2 3.145440 21.414200 5.148440 
1042 1 0.511101 13.751500 7.420390 
1072 2 7.684700 24.380900 3.881960 
497 1 1.370900 25.973200 10.151500 
1566 1 5.725180 20.857000 2.403130 
737 1 2.871670 21.503000 8.492920 
1830 1 8.276730 21.005900 0.185471 
990 1 3.772560 19.239600 6.574210 
776 2 8.057360 19.769800 7.873970 
572 2 11.461000 20.450100 8.224390 
1151 2 13.076400 17.733400 6.170860 
1927 2 5.229260 22.867500 10.546900 
1027 2 8.866460 18.412600 1.186620 
1935 2 8.800810 18.094200 11.786600 
1570 1 2.054960 13.608900 9.908730 
323 2 8.414380 24.807300 10.730500 
1378 1 12.921800 23.344700 1.035270 
619 2 3.622530 25.902700 12.782300 
1039 2 11.636600 20.113000 1.251090 
1831 2 12.277600 16.731100 1.341480 
350 1 3.827440 14.231600 11.429100 
943 2 2.236240 21.821300 9.475340 
261 1 5.523860 23.516300 9.941070 
1908 2 8.112010 15.338100 0.425142 
414 1 0.539818 24.127500 10.492700 
1546 1 1.644090 17.239800 10.683700 
944 2 2.617670 22.579500 9.813780 
31 2 2.616100 17.288000 13.140300 
1683 2 7.959770 25.327800 4.095950 
1535 2 9.405750 15.016200 11.110100 
980 2 2.673390 13.728700 1.817920 
1634 1 6.448410 13.844800 3.855290 
838 1 12.669500 17.404400 9.738390 
274 1 10.658800 24.502900 1.555520 
1521 1 2.110130 16.827600 4.327980 
184 2 4.541610 26.125900 2.508960 
1588 2 12.165300 19.034700 12.420400 
1907 2 9.755120 14.785000 3.565300 
1054 1 2.825870 25.178300 6.219260 
533 1 2.755040 24.664100 7.571950 
1881 1 0.832705 22.846100 7.461580 
740 2 1.394470 16.575000 4.546040 
979 2 5.435700 18.020300 5.450700 
1381 1 7.889890 13.535800 8.555450 
1702 1 3.445920 22.554600 5.567500 
1187 2 4.670220 26.451200 3.110770 
297 1 12.148800 21.214800 8.089570 
662 1 8.184960 17.487700 1.486370 
1553 1 3.058950 25.830400 12.646800 
285 1 10.193400 21.821900 12.678800 
353 1 3.736060 14.578500 12.727800 
1852 2 5.250570 18.204400 5.022530 
1206 1 8.462150 24.208200 11.325200 
137 1 13.218600 23.616000 7.204420 
30 1 2.602500 22.404100 9.751460 
1734 1 5.269790 23.198800 1.152500 
1003 2 12.105700 14.222300 8.366270 
219 2 10.219200 21.436800 3.619390 
1286 1 13.235200 15.017700 3.408940 
934 1 12.544400 18.197400 6.258920 
591 2 6.347730 13.637500 3.323430 
1726 1 9.367860 23.534700 2.393140 
197 1 0.740903 16.293200 4.706550 
931 2 7.954570 13.443700 8.905230 
1188 2 5.418920 24.002600 0.615020 
121 1 7.682980 24.257200 3.791600 
775 2 8.329000 19.864900 7.812940 
512 2 9.879970 14.664900 3.802320 
1810 1 2.587000 18.994000 7.870000 
1288 2 8.653410 23.800800 7.114450 
394 1 12.502000 14.361500 8.180660 
1443 2 8.941330 14.617100 0.391137 
1548 2 5.252540 23.163400 10.430300 
64 2 6.239790 25.244800 5.928230 
926 1 4.873100 13.399800 9.022470 
1920 2 2.223180 24.618600 5.093330 
774 1 10.250000 13.425400 3.989070 
938 1 6.689610 16.560100 8.314620 
217 1 6.295250 25.021100 5.590830 
1695 2 2.937280 24.802700 7.051840 
579 2 4.782600 22.248700 7.852840 
1022 1 2.274420 24.770700 4.289300 
63 2 6.006440 25.100800 6.022170 
473 1 11.566600 19.770000 7.590950 
840 2 8.687300 24.777800 10.497700 
1259 2 12.501000 17.367300 9.340430 
862 1 7.547600 16.568600 3.732560 
580 2 4.996240 21.997600 7.667560 
1921 1 9.081410 17.543600 3.410310 
785 1 2.393840 18.842300 10.501900 
816 2 3.707590 14.552600 11.927200 
1284 2 10.890000 23.736800 3.677710 
1813 1 4.752750 16.836100 2.010350 
1617 1 5.729790 17.889400 8.832270 
1604 2 10.884900 18.010800 3.960210 
1062 1 7.193020 19.902100 6.111190 
1283 2 9.867990 23.463400 2.094200 
241 1 8.247660 24.317400 7.471960 
114 1 8.796780 23.106900 6.852280 
738 1 4.999630 21.559600 8.264800 
1932 2 4.247390 14.199900 9.047140 
384 2 5.996810 20.330000 2.560840 
1388 2 2.018070 18.648400 10.415300 
1582 1 8.014140 21.076300 5.166250 
1864 2 2.661790 21.635200 12.924600 
202 1 4.313930 25.940800 9.535980 
1609 1 12.090700 18.586900 11.923100 
1294 1 11.299000 16.465000 13.329600 
921 1 9.999350 26.470400 4.028420 
170 1 4.564370 14.838500 8.959500 
1004 2 11.842900 13.409000 8.171310 
817 1 2.363600 17.463000 12.928800 
1905 1 13.050200 13.564100 12.145700 
618 1 6.800590 26.436100 11.654200 
1196 2 0.290225 23.366400 7.584250 
620 2 3.129970 26.170800 12.565400 
615 2 10.864400 26.509200 1.350350 
640 2 10.548400 24.361600 0.149362 
1315 2 8.730490 21.028200 0.082221 
1425 1 4.149190 25.954100 16.520900 
1385 1 5.542370 24.298300 25.470300 
1298 1 11.349500 22.017200 20.860400 
1673 1 3.672660 19.516000 18.796300 
135 2 2.046300 17.169700 22.303500 
1186 1 9.344440 21.771900 26.026500 
1885 1 11.869100 15.287900 13.668200 
107 2 9.895950 21.705200 16.526400 
1452 2 5.525850 21.756100 22.372100 
431 2 3.057710 19.311700 15.003800 
649 1 9.340940 19.452000 24.052600 
1747 2 7.338880 24.855800 20.995600 
221 1 5.882120 24.101400 14.993800 
190 1 1.690850 13.536800 25.799200 
1230 1 5.782690 18.399800 22.845900 
1573 1 9.664400 20.814200 16.298400 
777 1 6.234580 25.322000 23.505200 
1392 2 6.913340 18.236300 14.970100 
1939 2 5.148040 17.751900 22.667500 
1382 1 5.687080 14.896400 19.316600 
459 2 13.065600 24.148500 18.411800 
420 2 0.441517 21.742500 16.505800 
551 2 12.449300 26.673600 24.685500 
1233 1 2.679760 23.025100 19.511600 
69 1 9.055670 22.879400 23.877100 
701 1 4.690610 16.226400 24.617900 
1789 1 4.067440 19.279900 19.824100 
1492 2 2.662050 14.338300 22.392500 
9 1 11.748400 20.511800 22.163600 
373 1 7.212990 18.178400 15.819800 
1672 2 0.968708 14.895500 20.077200 
1079 2 13.228500 19.629300 14.841100 
641 1 2.712890 13.908000 22.675200 
316 2 1.774630 19.969500 23.469000 
1968 2 8.968080 15.779800 21.720600 
89 1 7.941730 25.831100 18.455700 
791 2 8.353450 20.659400 21.776700 
1998 1 4.371800 26.312100 19.519000 
1950 1 4.927870 18.411000 16.562600 
954 1 10.831000 15.971000 18.515800 
1098 1 0.039388 16.058800 17.045900 
631 2 8.233590 19.104900 18.651500 
798 1 8.581810 21.685700 19.617800 
975 2 0.606429 13.320500 13.536900 
1444 2 4.400900 15.515600 24.358400 
419 2 0.780135 21.276400 15.872600 
1858 1 11.661900 13.517900 26.187100 
461 1 2.449940 19.853800 23.028700 
604 2 3.122660 26.001300 22.177600 
1593 1 8.450910 22.262400 15.294500 
1619 2 11.562300 15.996000 13.574100 
1337 1 1.669160 22.685400 20.780500 
303 2 7.027670 24.431300 17.802300 
1491 2 2.805060 14.414200 21.885300 
832 2 4.674140 14.148200 19.415600 
682 1 8.269350 15.356400 14.255100 
467 2 2.194070 22.397400 24.766600 
21 1 4.687030 21.971900 18.771700 
1812 2 3.652890 25.720300 16.956000 
1955 2 3.881360 23.451000 15.404200 
1719 2 4.264530 26.071500 26.444300 
371 2 2.733160 25.825100 22.404900 
1064 2 5.945650 17.312100 16.923000 
828 2 10.869500 18.246800 20.326700 
1252 2 9.924230 16.450300 23.958600 
848 2 3.927420 19.395300 19.585800 
83 2 1.955640 15.130700 17.451100 
432 2 3.388460 19.824000 15.625900 
736 2 6.832330 25.263400 13.747100 
1165 1 7.682130 18.539900 17.834200 
1965 1 10.582900 26.309000 21.019700 
886 1 6.939370 15.041100 21.457300 
1481 1 7.041510 17.570400 25.612200 
482 1 2.996200 22.070100 13.232600 
632 2 8.397010 19.373300 18.496200 
310 1 9.302690 15.209100 15.223400 
1584 2 10.735600 25.092000 17.323000 
1981 1 0.740482 25.925300 25.954900 
18 1 7.062300 19.068200 24.869900 
1071 2 1.598980 26.132400 19.437300 
13 1 4.407750 13.879500 21.562000 
614 1 2.375240 25.171700 22.051600 
1583 2 5.704260 21.001500 25.007200 
1826 1 2.762000 19.084500 14.408900 
1720 2 6.304450 24.886800 24.312100 
1207 2 10.214100 25.451000 17.611100 
797 1 7.339560 21.529400 14.976100 
1203 2 7.309440 22.117600 15.388500 
1051 2 6.131040 15.185200 21.593900 
210 1 10.575300 19.877400 20.489300 
138 1 0.637001 14.793300 19.813800 
976 2 0.204043 13.287400 13.585300 
368 2 5.139950 22.114400 18.354500 
439 2 10.617200 17.922200 16.780300 
1197 1 1.108690 14.269500 25.044000 
1063 2 5.317150 17.804200 16.789600 
1156 2 10.770900 17.611700 16.668400 
1390 1 12.568900 16.330100 22.914300 
36 2 11.710100 21.625900 21.824800 
1671 2 1.130150 15.028700 19.798600 
1722 1 3.299110 22.125000 24.669900 
1701 1 8.044860 19.803500 18.771700 
1049 1 6.259600 21.475600 22.349500 
1635 2 3.012720 17.745200 26.290300 
356 2 7.553940 15.698300 18.711600 
529 1 5.523450 15.449000 21.760600 
325 1 10.546900 17.050600 24.373900 
1649 1 5.849570 14.537400 15.215000 
1161 1 11.587800 25.658800 20.078700 
1140 2 1.401270 13.973000 25.423000 
761 1 10.788100 25.502900 17.105600 
348 2 12.926400 16.389800 22.296700 
436 2 11.106200 15.794300 19.335700 
1839 2 8.438820 15.149500 14.968800 
82 1 1.845820 15.328200 18.588500 
916 2 12.577300 23.341100 14.581800 
851 2 2.305180 22.575100 20.496400 
1011 2 9.879580 23.856100 23.468200 
1139 2 1.511190 13.824700 25.544100 
1234 1 3.648210 26.477700 22.368300 
418 1 8.175940 24.717100 14.154700 
626 1 5.752600 21.140300 24.717900 
534 1 11.163000 15.543800 19.722200 
813 1 10.172300 22.081100 17.500500 
1279 2 10.364800 26.348400 20.886900 
506 1 3.350130 19.575600 15.809200 
367 2 4.632780 21.950400 17.733400 
1793 1 5.207980 14.384500 24.495000 
1519 2 13.180800 21.799500 24.076400 
1276 2 8.122350 20.308400 21.648600 
1162 1 4.910870 20.390200 25.777500 
1280 2 11.209200 25.958800 20.416500 
35 2 11.492300 21.490600 21.462900 
1219 2 4.746970 14.803000 24.610900 
10 1 12.845700 23.013500 14.038100 
165 1 13.293300 23.528700 18.966100 
355 2 7.385010 15.243700 18.304400 
801 1 12.395100 18.432400 18.614600 
1601 1 12.819000 24.417400 17.941100 
1080 2 13.221400 19.781300 14.599100 
1628 2 0.657532 25.666200 25.857000 
1967 2 8.846950 16.189200 21.959000 
1393 1 9.720860 24.957900 17.810500 
1052 2 2.769160 17.501300 17.414600 
639 2 10.828500 24.141800 26.284200 
1289 1 11.503800 24.953500 24.049800 
1274 1 11.737700 13.617100 21.192900 
309 1 7.498040 18.695700 13.987900 
1257 1 1.116060 20.247100 23.598100 
32 2 2.667270 17.234300 13.378500 
242 1 4.139340 22.646500 16.947700 
1615 2 9.267620 22.570400 18.753900 
90 1 6.826200 24.561000 20.368700 
606 1 2.410660 14.755000 15.920000 
84 2 5.818120 15.022000 21.584100 
468 2 5.602520 18.153700 22.561300 
789 1 12.421600 19.532700 13.482800 
1000 2 2.170420 14.563900 16.290900 
1710 1 10.465300 25.848300 26.477900 
511 2 10.380100 16.881500 24.444100 
1373 1 10.170800 25.228600 14.108200 
46 1 0.697818 21.008000 17.208900 
1886 1 10.936100 17.273700 16.414800 
945 1 1.298880 25.767800 19.367200 
1391 2 7.432670 18.978700 15.160200 
1629 1 6.039760 21.251200 26.326000 
322 1 13.231400 19.854300 15.149400 
1801 1 2.882540 15.428200 22.196900 
469 1 2.181830 17.874400 22.697300 
1012 2 9.023900 23.077300 23.950000 
1748 2 7.419080 24.474600 21.256800 
1714 1 7.018790 16.035000 18.030400 
1636 2 3.548240 18.860100 26.030600 
1616 2 10.206300 22.435200 18.832000 
315 2 2.081850 19.933100 23.387900 
999 2 0.399114 25.128700 25.749700 
1429 1 3.000510 25.991300 17.399300 
1028 2 10.977700 25.072400 23.625000 
1811 2 9.540070 24.772200 14.133100 
1466 1 8.925950 16.714600 21.329800 
831 2 4.955320 14.457400 19.212900 
1164 2 5.787160 21.233700 25.737800 
136 2 1.729390 17.001000 22.481200 
1228 2 9.452990 24.959600 14.329700 
1559 2 7.243980 18.191300 25.273900 
192 2 1.357340 26.304600 18.604100 
1166 1 8.126040 24.586000 21.522400 
499 2 10.166500 19.727500 24.227500 
227 2 13.055200 18.936000 18.617200 
910 1 4.832990 17.526500 22.800500 
1303 2 11.477100 13.574500 21.726600 
1863 2 0.076015 25.562200 13.864900 
1620 2 11.445100 15.845800 13.422500 
154 1 8.258420 14.691400 18.749900 
749 1 0.287567 20.987300 15.284100 
542 1 6.535480 22.559300 15.885100 
922 1 0.246445 13.417700 23.144400 
1493 1 4.024150 23.738500 15.473700 
342 1 10.103900 22.874700 19.186400 
773 1 12.884400 14.241200 24.492200 
1401 1 10.696900 13.647000 22.461200 
450 1 10.274700 24.126600 23.321800 
544 2 8.845020 15.276500 14.923700 
415 2 6.121230 25.063100 14.205300 
1560 2 7.071940 18.623500 25.185800 
1465 1 1.802200 22.745600 24.593000 
347 2 12.497300 16.567600 22.039900 
181 1 0.573863 23.755100 26.369900 
1451 2 4.898480 22.325500 21.824800 
622 1 12.044300 23.821800 14.714500 
847 2 4.007420 19.390100 19.372700 
1882 1 4.493250 22.281000 22.091500 
460 2 13.208600 23.868000 18.588700 
1323 2 0.458046 18.999100 19.192700 
1530 1 11.882700 16.948400 21.470600 
1733 1 2.503320 17.248000 17.330300 
1558 1 4.436540 13.966700 19.494700 
372 2 2.468690 23.029700 20.136800 
1840 2 7.818620 22.112000 15.287700 
1758 1 10.343700 18.315300 16.907400 
1414 1 3.328830 16.714300 13.552300 
915 2 12.540300 23.716300 14.440400 
150 1 13.264200 15.906600 21.863900 
518 1 8.198600 19.977800 21.774900 
1106 1 10.719700 20.376600 24.253900 
653 1 7.047200 24.170700 17.761100 
1669 1 1.639850 14.978700 20.650500 
1208 2 8.512470 21.707500 26.530000 
617 1 10.708700 24.078600 26.342300 
108 2 10.298300 21.044700 16.037800 
19 2 3.395580 25.899700 17.193500 
183 2 6.452700 24.912000 24.701800 
1092 2 5.258490 14.620800 15.519400 
666 1 9.097140 15.074900 21.951800 
1906 1 9.568740 16.186600 23.653500 
430 1 0.752993 19.071800 19.132400 
500 2 10.480300 20.080600 24.405800 
304 2 7.922280 25.316500 18.250100 
1458 1 6.829740 24.802600 24.830400 
1082 1 4.718940 14.597500 16.141300 
318 1 5.478430 17.005300 16.980300 
638 1 1.803300 16.915500 22.060800 
1251 2 10.775000 15.763200 19.273600 
1880 2 2.303040 22.420400 24.801000 
240 2 4.992370 23.748000 15.182800 
1324 2 0.468933 19.726700 18.487000 
827 2 10.740800 18.248700 20.278000 
1091 2 5.197270 14.716200 15.922600 
1246 1 7.633820 13.287500 25.135700 
1304 2 10.798300 13.721800 22.242800 
1550 1 10.642100 17.950300 19.889200 
180 2 0.204465 17.174000 15.001800 
1069 1 0.127225 15.852000 14.495200 
1854 1 4.215290 26.346300 25.726600 
440 2 11.150100 13.390100 17.622500 
1825 1 2.715450 18.072300 26.405200 
865 1 8.605900 19.157700 26.150200 
1682 1 11.857900 19.811400 26.554900 
186 1 5.611960 25.136700 13.705900 
804 2 16.551400 1.878190 9.141650 
1067 2 19.193200 6.964230 9.837050 
1809 1 19.486300 3.530910 12.628700 
1314 1 22.123600 4.582620 1.369590 
374 1 18.910800 8.278390 10.608500 
243 2 23.785100 8.182440 3.321480 
513 1 23.080700 8.933350 6.517400 
1158 1 22.502800 10.639000 0.812331 
918 1 17.689500 9.095280 5.878270 
1833 1 19.755400 11.624900 3.630660 
1184 2 23.789700 2.726550 11.044000 
1989 1 16.343500 12.760100 9.583590 
1453 1 19.387300 7.432210 9.470580 
745 1 17.468600 8.846700 2.251940 
1137 1 21.723000 6.893840 4.542570 
1802 1 15.707300 11.401800 12.519600 
1752 2 16.083500 7.614740 7.576890 
1693 1 14.548200 1.337950 2.152200 
1877 1 21.493600 12.959400 6.480660 
1372 2 25.058900 1.628190 2.184960 
1745 1 13.992900 6.900990 10.233500 
1945 1 14.143800 8.316880 5.914770 
987 2 14.863800 4.071170 5.484160 
1090 1 19.845900 8.715110 6.666240 
1856 2 22.207600 10.615100 1.240210 
868 2 14.002300 8.715320 4.898410 
1777 1 16.025600 9.304320 10.237800 
1375 2 15.862900 12.095200 9.337450 
1148 2 13.789400 10.009500 13.130400 
553 1 16.874800 6.899710 6.649610 
41 1 24.885400 10.998100 2.472660 
306 1 15.127200 0.060076 5.103900 
1026 1 21.002000 1.364820 4.621440 
796 2 23.797700 4.936810 13.324200 
66 1 21.918300 1.264370 9.186950 
428 2 22.457400 10.543800 12.756800 
11 2 18.956800 3.588620 2.639480 
1408 2 16.523300 3.534270 0.664936 
1317 1 22.677300 10.094600 11.914600 
1295 2 25.831600 10.239400 12.124200 
485 1 16.388100 3.818420 1.152530 
1363 2 19.373500 3.966200 12.226700 
1867 2 16.936700 6.973320 12.439500 
193 1 14.751000 9.656230 11.029300 
1996 2 19.825700 1.093960 11.020800 
1480 2 16.995200 13.040500 4.204560 
1675 2 16.728400 4.708570 9.458510 
1013 1 25.566300 1.096880 1.861070 
919 2 23.979400 5.124490 8.855100 
724 2 18.410600 12.085500 7.660370 
896 2 22.200500 1.461470 8.540490 
262 1 24.958100 6.305620 11.647100 
1168 2 22.331100 7.925840 10.926100 
1413 1 14.834700 6.831610 11.238100 
1371 2 25.290600 1.354490 1.889920 
1888 2 14.555900 0.518956 2.438380 
1167 2 18.404900 2.641910 6.268380 
898 1 16.635000 3.001160 0.043064 
1376 2 15.676000 12.536500 9.551870 
1270 1 17.003400 2.910610 9.507650 
289 1 18.750500 3.080300 6.460820 
12 2 18.603400 3.895620 3.533260 
758 1 22.503300 3.434150 2.081320 
1147 2 13.370500 9.391060 13.135500 
1077 1 25.661300 5.799850 2.426080 
319 2 21.307500 10.071600 4.545370 
392 2 20.347800 8.732800 7.046250 
1389 1 18.404000 3.663020 3.728500 
273 1 19.340600 1.260260 10.282700 
7 2 26.000500 2.040680 9.480530 
805 1 19.637200 3.605630 2.589590 
1572 2 18.836000 10.762500 10.636800 
96 2 18.679400 1.711920 6.058510 
174 1 14.595400 12.178400 1.638430 
1668 2 16.675600 3.050630 12.741900 
1087 2 15.068300 11.655900 2.581070 
1218 1 20.453700 11.581800 9.735370 
890 1 13.608400 11.334900 7.047290 
1857 1 14.466200 1.618240 5.827660 
1239 2 25.886500 3.928220 12.426900 
969 1 21.870900 10.813100 2.014580 
914 1 14.432300 6.618100 8.371350 
127 2 16.588500 7.448390 7.780210 
1508 2 21.362700 11.453600 8.984280 
536 2 17.592400 0.215168 3.832730 
1838 1 21.460400 10.141500 4.999700 
1999 2 18.855200 11.776300 1.959740 
1976 2 25.833600 6.949080 5.675870 
1814 1 23.401000 3.974040 8.430490 
635 2 23.623200 8.707450 6.417620 
391 2 20.214800 9.144250 7.527480 
1571 2 18.863900 11.046300 10.064200 
527 2 24.251600 3.837960 5.499490 
1484 2 25.738800 12.541700 0.626479 
204 2 24.950700 11.221700 3.413850 
665 1 22.083100 7.217330 10.984200 
1759 2 20.199200 4.513460 8.269210 
610 1 20.565100 9.566520 7.993730 
126 1 15.723100 11.500700 9.229140 
1708 2 16.808700 11.346800 12.693100 
1455 2 24.676900 10.321500 9.386430 
657 1 24.023800 3.458870 6.105260 
1487 2 21.568500 5.891950 4.817420 
1681 1 16.974300 3.165140 11.963600 
1068 2 18.780000 7.828640 9.823680 
567 2 21.975400 7.096180 11.941300 
128 2 17.882500 5.137180 6.247520 
1285 1 16.663200 5.188610 10.892500 
1975 2 25.372100 6.655960 5.831630 
1410 1 26.354100 4.334640 12.384800 
550 1 18.145500 1.182820 6.060980 
203 2 25.011700 11.006000 2.968620 
1594 1 25.721100 2.565790 13.155900 
130 1 21.599100 5.759570 4.859090 
1427 2 16.902400 8.768470 1.630060 
172 2 17.645100 8.199470 4.780160 
1349 1 17.994200 11.249200 7.708040 
479 2 21.189100 1.398680 4.062640 
599 2 14.038100 11.529400 6.952560 
1015 2 15.411200 7.128210 1.050080 
54 1 13.562600 2.643040 8.829720 
1016 2 14.520000 6.959440 1.406800 
1889 1 13.777200 0.805710 12.142800 
648 2 13.682000 5.877760 7.919030 
803 2 16.756500 2.107550 9.245620 
111 2 25.330500 12.737200 6.600430 
1597 1 14.520200 11.869400 3.203380 
119 2 14.229100 -0.015743 9.211400 
1483 2 25.987500 12.314200 0.627834 
1407 2 16.500100 2.558960 0.022935 
1742 1 24.751900 4.100460 4.743910 
1369 1 15.024600 2.558800 11.613200 
1358 1 17.665700 5.041750 5.362790 
845 1 20.143400 4.759730 7.664140 
1356 2 20.646000 8.061900 1.545970 
317 1 25.570600 10.692900 12.379300 
582 1 26.179900 6.963650 5.444590 
1507 2 21.582300 11.571200 9.035760 
1698 1 24.251000 8.331190 6.072220 
1296 2 25.787300 10.463700 12.187500 
1456 2 24.522300 10.580200 9.487100 
1361 1 19.669000 0.825565 11.680100 
1855 2 22.292700 10.631700 0.921823 
1676 2 16.513000 5.203900 10.418400 
1282 1 24.714600 10.111200 8.648620 
478 1 16.997400 4.869320 9.162050 
1278 1 22.573700 3.860020 11.183700 
1241 1 23.952500 8.087700 12.086100 
37 1 17.243800 7.654450 5.060600 
1829 1 14.375500 0.522915 8.374630 
879 2 22.559800 4.053610 1.717770 
1896 2 19.955600 4.421750 8.880420 
920 2 24.103600 4.757010 8.305210 
375 2 18.058600 7.870830 4.305510 
881 1 22.412900 11.071900 13.082400 
1760 2 15.812400 9.345050 10.260600 
1850 1 14.673000 11.796600 6.775380 
1995 2 13.804900 2.612880 7.918780 
723 2 18.770500 12.994800 7.502410 
1762 1 14.438700 3.144320 7.615510 
1868 2 16.685900 7.243750 13.068100 
1517 1 23.066600 1.689130 8.276360 
694 1 25.051800 2.403750 2.486030 
421 1 16.868500 0.700597 3.250550 
985 1 14.426200 4.832230 4.849370 
746 1 20.548000 3.923450 9.280740 
171 2 17.923900 5.486240 5.786930 
237 1 25.598700 2.794830 8.863510 
376 2 21.680900 6.568040 4.920250 
480 2 21.211300 1.411470 3.959790 
85 1 18.294500 8.277990 3.934790 
670 1 24.471800 5.044390 8.866610 
446 1 16.202400 8.147430 8.218710 
8 2 25.638600 1.919610 8.618270 
729 1 23.841800 7.567320 3.217650 
927 2 14.864200 0.364990 5.782860 
301 1 26.320500 10.368900 11.631100 
1328 2 17.513800 10.331800 6.191440 
677 1 18.610800 11.329200 0.252292 
1706 1 16.933100 11.391000 12.756300 
118 1 21.963900 11.353000 9.015330 
161 1 18.586700 5.431480 6.516120 
61 1 18.440300 10.639600 10.613200 
1355 2 20.848100 7.428510 1.948870 
1514 1 23.704600 4.837500 12.950600 
344 2 23.965200 7.362080 0.074747 
988 2 15.206300 4.878650 4.221840 
726 1 14.396200 8.882540 4.181880 
1190 1 20.458800 7.448250 2.288770 
1163 2 16.201500 2.905580 12.466900 
992 2 14.091300 11.581200 6.867390 
656 2 24.179100 3.205520 5.666020 
246 1 26.237600 5.874110 1.378840 
112 2 25.409500 12.608800 6.717320 
1183 2 22.849600 3.355670 11.057100 
863 2 22.713100 2.061200 8.499150 
1005 1 17.363800 11.103300 5.798620 
363 2 14.056400 1.737550 11.829700 
2000 2 19.295200 11.815700 2.851020 
867 2 14.334200 8.681210 4.861790 
633 1 15.281700 6.747270 1.041260 
1895 2 15.137800 9.351160 10.154500 
834 1 24.376400 7.587490 10.483700 
1488 2 16.940100 8.803030 1.965820 
406 1 23.834100 2.445570 11.025400 
1132 2 14.069100 7.023050 10.866700 
880 2 22.807800 4.629950 1.770750 
175 2 22.725100 10.632600 12.271400 
1557 1 24.531300 11.349800 4.559340 
1581 1 16.214100 1.504450 9.241250 
1182 1 25.252600 1.502220 9.693510 
1787 2 19.578300 1.152170 10.797500 
667 2 14.392500 6.520750 10.517600 
1399 2 17.650400 10.488400 6.001870 
349 1 18.936100 11.967800 2.478970 
492 2 13.613000 2.918610 7.913120 
895 2 14.557900 0.772305 2.354920 
1497 1 21.516800 8.641720 0.806961 
448 2 26.016600 5.898830 1.517980 
1796 2 15.248300 11.778900 2.437410 
1686 1 21.475000 1.293980 3.342110 
772 2 24.869800 7.126410 11.683300 
1630 1 23.838400 8.632660 3.479750 
422 1 17.339700 6.936970 12.232300 
535 2 17.776000 0.533915 3.575230 
929 1 15.023200 8.589330 1.847680 
447 2 25.981900 5.825200 1.969260 
636 2 23.461400 8.657750 6.502810 
244 2 23.851000 7.662440 3.356380 
1014 1 25.402900 12.484000 7.187340 
320 2 21.453400 10.241100 4.724940 
877 1 24.329500 10.624500 9.973440 
771 2 25.132400 6.904570 11.401300 
489 1 16.009300 11.118500 2.360690 
894 1 26.516900 0.765356 5.377680 
290 1 16.007600 3.132910 13.138700 
928 2 14.822800 1.221930 5.603350 
1433 1 25.436200 12.840500 5.996290 
546 1 13.788300 5.255090 7.793570 
145 1 17.721800 13.005500 4.961520 
1525 1 24.850300 6.648000 6.280560 
647 2 13.961900 5.698760 8.071910 
1240 2 26.555700 3.314610 12.794000 
1707 2 16.525000 11.420100 12.869400 
697 1 26.270400 8.288690 8.094560 
364 2 13.984500 1.514550 12.086200 
1738 1 19.076500 12.387400 8.479300 
1942 1 19.582900 4.994760 12.364900 
1057 1 23.456800 6.783160 0.418333 
1764 2 19.335400 4.347200 12.659100 
882 1 26.380200 12.022200 1.385580 
690 1 13.850300 10.020800 12.942500 
678 1 23.813600 7.960180 0.182995 
959 2 23.940600 7.252140 0.432547 
1806 1 17.725600 6.321390 0.219021 
1788 2 21.245100 3.599330 15.531300 
1347 2 22.900800 0.626697 14.732500 
1736 2 21.571900 9.306330 20.150200 
298 1 19.763100 12.163400 13.756200 
939 2 20.451600 0.242362 19.329100 
1339 2 23.307900 12.499200 14.694700 
718 1 14.783400 7.400160 16.451000 
696 2 22.928500 3.549890 19.953700 
1477 1 26.251900 9.284250 23.682400 
966 1 17.954900 7.119300 25.383000 
1794 1 14.339300 6.193820 19.762500 
1846 1 21.169000 4.395420 24.407600 
1394 1 18.495200 10.650800 18.329900 
53 1 24.688000 3.318270 25.568100 
1608 2 18.579400 5.804410 15.320200 
1293 1 25.219700 4.522220 23.958600 
936 2 16.201200 11.420000 21.798500 
1360 2 17.694800 7.723450 21.580100 
1538 1 17.633400 10.157000 14.821600 
370 1 20.342300 10.399200 23.238400 
1515 2 21.805600 6.334780 22.318200 
1075 2 15.954200 12.504100 17.641100 
1757 1 17.545200 3.144060 24.346900 
1109 1 16.552700 12.049800 17.331800 
258 1 16.150100 8.288100 18.715000 
1891 2 20.755800 4.236990 24.694600 
153 1 24.244300 8.757030 14.891200 
166 1 24.174000 4.501700 16.044000 
1926 1 25.440300 9.809810 21.892100 
1732 2 13.869600 2.282790 21.826900 
56 2 23.159200 0.201168 14.360900 
960 2 20.665700 10.737900 23.521200 
1607 2 20.817200 6.096540 18.412400 
1600 2 20.000200 8.878580 14.069200 
177 1 22.394000 -0.068613 14.721000 
1665 1 23.044900 12.022400 17.994400 
1577 1 15.162000 6.219930 24.696000 
676 2 18.053300 5.436350 17.730800 
67 2 13.776400 3.074340 25.581500 
1697 1 17.252500 0.108777 16.489000 
113 1 14.148500 4.954230 15.341200 
253 1 19.784200 8.423290 16.895900 
1212 2 19.341800 8.322740 17.879700 
581 1 14.981700 12.391100 24.744900 
1977 1 13.993200 3.957630 17.795800 
1835 2 14.487200 6.189640 19.631700 
953 1 21.883000 7.012440 15.852400 
1436 2 17.259500 6.721310 25.808800 
360 2 21.679200 6.691930 15.302300 
167 2 24.317900 4.252930 16.918600 
212 2 25.987400 8.360960 23.857200 
1646 1 13.634500 2.190920 21.626800 
1845 1 16.154800 11.176700 21.675000 
755 2 22.965700 8.716740 22.814100 
254 1 19.581800 12.722700 21.585500 
300 2 23.181300 11.904900 18.394000 
1902 1 19.820600 3.995920 24.293700 
1947 2 20.290800 12.675900 20.928900 
692 2 16.391100 9.002330 24.303500 
1900 2 24.510200 8.064070 14.360600 
260 2 25.924200 1.445930 24.721100 
208 2 23.930200 12.584400 14.685800 
634 1 18.120000 11.673200 25.500800 
1438 1 24.857800 9.491950 20.594600 
1216 2 17.309600 3.353130 23.542200 
1500 2 20.734800 2.787240 21.609000 
55 2 17.838100 6.060020 15.207800 
1217 1 22.315200 0.156910 26.245700 
1081 1 14.101300 7.960130 21.888000 
433 1 13.845000 0.682159 19.917100 
1503 2 16.116400 2.370950 16.127700 
20 2 24.097200 7.124960 17.949400 
194 1 23.582200 12.408100 15.131900 
1135 2 19.313100 2.744340 15.877900 
795 2 23.255800 4.409760 13.862200 
989 1 20.634700 11.238200 24.411300 
1368 2 18.869300 11.199600 18.102000 
33 1 23.198100 4.363460 17.228000 
1797 1 23.620600 11.828600 24.212800 
1402 1 14.866600 4.918330 14.421800 
209 1 20.110800 12.377500 14.986600 
1541 1 17.384700 5.569250 16.520900 
1544 2 20.998100 5.705970 18.574900 
1024 2 18.506400 11.477200 26.139500 
1116 2 14.623600 5.002840 14.560000 
846 1 26.316200 12.365900 19.810600 
1938 1 21.120900 6.324260 17.806500 
1336 2 24.338500 4.021310 16.655400 
1125 1 23.999100 11.371600 22.848500 
1979 2 22.856500 4.099660 19.791900 
1543 2 18.161000 7.132560 22.005400 
159 2 22.729300 12.023900 18.572800 
438 1 21.626300 6.462150 14.671900 
451 2 20.176400 12.154700 14.450800 
1333 1 21.667300 8.213830 19.979200 
1765 1 22.319700 9.608230 17.617300 
538 1 13.991200 0.953490 18.439600 
98 1 16.875100 3.805810 19.998300 
475 2 16.328200 3.232550 20.594400 
1468 2 23.962400 11.525800 22.963800 
962 1 22.943900 11.947900 19.534200 
1066 1 15.410000 2.502750 16.055700 
849 1 23.722600 6.391160 18.385800 
268 2 15.668700 12.295600 25.075800 
1215 2 17.812900 3.350600 23.167200 
321 1 15.296600 6.361940 19.219200 
1023 2 18.196700 11.586000 25.789000 
1249 1 25.452400 4.069470 16.921200 
753 1 23.178400 3.468200 19.890800 
793 1 22.647600 4.125920 14.082200 
1231 2 25.189200 4.007880 24.093400 
565 1 22.923400 9.020830 22.297700 
502 1 13.766900 11.198500 16.232300 
1272 2 13.292200 4.045890 17.591600 
1398 1 16.367200 2.755040 20.909700 
1120 2 16.125300 9.087570 19.023900 
1545 1 14.624400 4.700540 23.533500 
437 1 17.479700 8.009850 21.257000 
1086 1 16.080400 12.946300 25.523700 
42 1 20.149000 7.943140 25.258500 
1501 1 20.169400 2.417960 22.205200 
878 1 19.863700 6.009180 19.065700 
522 1 19.152500 8.172060 18.526700 
1367 2 19.158900 8.401560 17.679100 
1423 2 15.132000 5.601270 23.084600 
256 2 13.510200 0.768088 15.581600 
1761 1 15.355500 12.814300 17.539800 
17 1 16.934600 2.757710 16.271200 
1735 2 21.076100 9.462430 19.986200 
1281 1 25.736900 8.007380 23.921000 
1060 2 25.189700 9.714390 20.919700 
68 2 13.506500 3.118830 25.763800 
996 2 22.159700 1.479920 26.232300 
1009 1 18.400300 9.407810 21.424500 
1892 2 19.839400 3.752020 24.567700 
1149 1 20.711500 9.632250 19.803800 
523 2 16.183000 8.767090 18.794400 
525 1 13.496800 10.918300 23.412900 
1592 2 13.651500 8.069100 21.767800 
1644 2 15.558500 12.601100 17.465000 
211 2 26.140500 8.689430 23.684700 
1271 2 13.436700 4.074630 17.753400 
1078 1 24.348300 1.065240 22.757300 
1823 2 25.024200 0.284917 19.473100 
691 2 16.704800 9.023590 24.555600 
905 1 17.705300 1.469950 23.295900 
1904 2 20.193400 7.651130 24.903600 
904 2 13.553000 10.096600 26.062800 
1605 1 24.692000 7.987020 13.998000 
1178 1 25.483800 0.101921 25.135500 
1821 1 15.605100 5.182950 22.995200 
1422 1 19.405300 2.095670 26.316400 
1115 2 14.613700 4.871650 14.640500 
14 1 23.471900 0.860844 14.342800 
477 1 21.191500 2.859370 21.195900 
1474 1 24.613200 7.488210 18.170700 
1866 1 21.845000 4.891040 19.638600 
1743 2 25.109000 6.443470 21.498400 
1211 2 15.213300 7.656730 16.222400 
449 1 15.933900 8.066360 16.274800 
825 1 23.154300 8.420550 23.651600 
757 1 14.361500 9.973650 25.847800 
940 2 20.554900 0.338658 19.391100 
812 2 14.069600 0.447499 19.532900 
903 2 13.502100 9.710830 26.269100 
1768 2 16.800900 10.420400 15.653700 
299 2 20.182300 11.432100 23.907700 
1727 2 25.710900 1.095780 25.122600 
1516 2 21.452800 6.053840 22.747700 
1305 1 25.325400 0.657393 19.372000 
1767 2 16.827300 10.324400 15.031800 
1122 1 14.305200 2.572330 26.217200 
1523 2 18.495600 9.369030 21.185800 
1899 2 24.686700 8.235770 14.564300 
1647 2 23.528800 0.840116 22.457000 
1102 1 25.057500 3.501550 21.622700 
1903 2 20.408900 7.694750 24.584400 
1435 2 18.200100 6.352730 25.858900 
811 2 13.956800 0.379875 19.069000 
1059 2 25.179000 9.469200 21.347200 
1731 2 14.009200 1.578590 21.889000 
157 1 17.117700 12.991600 22.514100 
278 1 13.277400 7.493740 14.547900 
1944 2 15.351400 7.598690 16.664000 
476 2 16.983500 3.639120 20.063300 
1836 2 14.592400 6.294780 19.558300 
756 2 23.195400 8.587530 23.019700 
1146 1 24.901600 10.518400 17.027800 
1364 2 20.210200 0.081890 14.534800 
1740 2 24.993300 10.336000 16.552200 
333 1 20.079500 0.596822 18.686200 
341 1 21.623700 5.692540 23.080200 
1352 2 15.125700 4.998720 23.381600 
362 1 20.171900 9.447070 13.611300 
751 2 18.553600 11.057100 18.139100 
1997 1 16.005100 9.630200 19.319200 
1189 1 18.255100 5.161540 17.807000 
1744 2 25.328900 6.049640 21.509500 
826 1 22.592200 0.306854 22.952800 
343 2 24.407800 13.069200 20.557800 
1715 2 16.392900 11.344200 21.650700 
818 1 20.494100 13.122600 20.284400 
1397 1 16.349000 9.277450 24.842400 
607 2 25.248700 3.052100 21.544100 
995 2 22.384300 0.723739 25.941100 
1887 2 17.989700 5.157410 17.703500 
510 1 19.657000 8.221750 13.944300 
452 2 19.980400 12.160600 14.335800 
1499 2 20.710300 2.502340 21.959400 
790 1 13.960200 0.970094 15.365900 
1136 2 18.657500 2.005440 16.802400 
1729 1 16.669900 8.960200 23.524500 
1741 1 18.116300 7.105960 22.225600 
50 1 25.309600 6.589030 21.711600 
413 1 20.931800 0.690623 19.850200 
1405 1 21.218400 6.676250 22.145800 
359 2 21.740000 6.605050 15.624500 
1824 2 24.746700 0.588744 19.290400 
1073 1 17.594300 3.450440 22.686300 
455 2 13.493500 11.221200 16.242100 
1017 1 25.664600 9.973270 16.180800 
1677 1 20.539300 7.213350 24.306600 
573 1 18.372700 5.799030 15.259100 
396 2 21.940400 10.297200 15.999600 
178 1 20.082800 3.366920 15.447400 
1700 2 16.441400 0.937613 24.514400 
1475 2 24.194600 6.880180 18.112200 
1957 1 25.509400 12.173800 26.343800 
1699 2 16.298500 0.621342 24.323200 
493 1 22.655600 1.587140 25.522200 
1798 1 16.550300 1.175240 24.679400 
731 2 19.168300 1.488930 25.932000 
537 1 19.401400 2.269270 16.396100 
395 2 21.900900 9.528870 16.828800 
1504 2 15.601500 2.667450 16.180000 
1648 2 23.492700 0.722719 22.758500 
109 1 24.648400 5.507920 21.653700 
1232 2 24.618000 3.884020 24.812900 
1725 1 19.047300 11.532000 17.974900 
1174 1 14.042300 0.775385 21.965300 
29 1 16.002800 10.823400 14.991700 
1599 2 19.847600 8.927130 13.778000 
558 1 18.677500 0.507876 26.327000 
864 2 24.536100 10.086500 25.536000 
1897 1 21.773800 10.610100 15.787100 
158 1 24.677900 9.883840 25.441000 
887 2 24.087500 11.290000 23.911200 
481 1 18.854600 0.046621 23.253900 
1670 1 25.623400 1.578880 24.847100 
935 2 15.477800 12.426400 25.107300 
1948 2 20.367400 13.096400 20.196100 
43 2 25.460600 10.093600 16.787000 
721 1 20.461700 0.250079 15.549900 
1602 1 23.908600 12.672200 13.942000 
1565 1 15.974800 7.228030 13.597000 
732 2 18.603700 0.975314 25.830900 
134 1 24.001700 22.780900 3.986980 
427 2 22.265100 16.604300 4.408100 
15 2 16.706500 21.860200 3.395900 
311 2 21.729000 16.625100 1.820750 
1348 2 22.309900 16.522200 12.434600 
287 2 16.152600 13.633500 7.239780 
223 2 16.778600 20.095800 6.050670 
807 2 26.367000 16.191700 0.670028 
1253 1 17.062900 24.513800 12.725200 
981 1 13.225500 24.719100 4.713310 
1205 1 14.503200 18.160800 9.659330 
508 2 14.235500 21.319000 5.797170 
251 2 24.077600 21.184800 8.292290 
1343 2 22.827000 21.388000 1.473450 
312 2 21.227700 16.973300 1.490940 
703 2 21.300400 19.246700 6.117590 
681 1 22.214600 13.679500 2.537760 
156 2 22.121700 15.559700 8.699610 
224 2 17.322000 20.078700 6.019040 
1974 1 19.909300 20.721700 0.084571 
91 2 19.235600 14.514700 0.789957 
16 2 16.068000 21.705300 2.832080 
1780 2 22.310100 16.874800 4.154870 
1513 1 14.974500 22.713200 11.300300 
1254 1 25.921100 21.873400 0.749793 
725 1 23.979100 25.592900 12.200000 
1430 1 17.153200 24.979400 5.387140 
1650 1 24.837700 13.475900 0.739624 
462 1 22.238500 16.843700 4.742270 
1875 2 19.810200 22.245400 4.497560 
1070 1 16.400500 22.420800 2.418110 
613 1 25.764500 24.038900 3.337250 
92 2 19.384000 14.535100 0.755004 
252 2 24.703500 20.849400 8.473900 
917 1 19.560900 15.279500 5.323310 
1639 2 25.116500 23.841700 2.499360 
685 1 21.602200 22.609000 11.798500 
1384 2 25.428600 22.302800 11.145900 
507 2 14.117500 20.750200 5.906680 
1222 1 23.477700 25.360100 0.956377 
1262 1 24.390200 17.020600 8.070970 
1020 2 15.782600 23.290700 9.339570 
1171 2 21.056600 24.165600 10.020400 
1749 1 22.696700 19.507900 10.391300 
1344 2 22.750600 21.531600 1.831560 
788 2 16.572700 17.681600 6.359860 
125 1 19.702800 25.806100 6.869380 
1958 1 18.936300 22.715400 4.191130 
288 2 16.364000 14.281500 7.825940 
52 2 19.212700 17.900300 4.064140 
1828 2 18.256600 22.338500 11.545100 
1972 2 18.739100 14.509900 11.557800 
1547 2 26.154300 19.372800 12.350900 
1359 2 24.592900 14.048600 10.982200 
1590 1 26.431000 20.395400 0.204460 
1860 2 26.536400 20.236000 6.141690 
1959 2 23.505500 21.217600 4.462470 
1308 2 13.255400 24.688600 4.014240 
970 1 22.029000 15.916600 9.363620 
1960 2 23.551000 21.568600 4.473870 
4 2 14.305500 16.155600 10.689800 
1172 2 19.314300 21.939400 7.940470 
1033 1 20.836300 26.101100 5.951440 
1633 1 22.122700 24.247900 10.383400 
60 2 25.120700 19.170500 2.426120 
842 1 22.796400 13.806200 0.186182 
549 1 19.918400 24.761700 1.881270 
1426 1 22.710900 22.410200 12.132000 
1089 1 26.377800 16.119100 11.393800 
1454 1 25.958100 22.712300 12.363600 
1871 2 24.225500 26.358500 11.731700 
719 2 16.946200 17.760300 0.911621 
853 1 18.075800 21.865700 10.814800 
578 1 16.129600 13.821200 7.202640 
570 1 23.867400 25.772500 5.097610 
179 2 22.341300 15.643200 8.811970 
1406 1 16.967000 13.351300 3.889120 
352 2 22.100700 22.368000 12.088600 
1753 1 26.183800 19.961300 6.837230 
1638 1 15.779800 14.862300 0.308554 
1302 1 15.335100 22.860000 8.159060 
401 1 18.900300 21.771500 7.825840 
1520 2 13.816500 19.427700 3.179710 
1656 2 15.160700 14.806100 0.598272 
1622 1 24.632000 24.546000 2.402890 
1479 2 17.052100 13.563500 4.320220 
1329 1 14.673100 19.530600 2.765640 
950 1 20.264000 21.967000 8.421610 
3 2 17.150900 16.939100 9.097010 
23 2 15.228100 15.479300 3.672860 
1610 1 13.632900 19.089500 4.842640 
365 1 14.005300 20.846400 6.040700 
99 2 26.308900 20.116400 6.287240 
787 2 16.881200 16.712200 6.081950 
143 2 22.977500 19.696600 10.942400 
893 1 14.218000 14.509000 0.026696 
1412 2 22.200100 13.393200 6.458150 
1657 1 13.940000 21.930400 11.796500 
1194 1 13.492400 17.255600 6.191620 
1476 2 25.918100 16.610000 11.624200 
559 2 20.518000 19.006400 9.243050 
1567 2 17.468000 24.040900 5.776540 
770 1 17.502300 23.686000 5.960340 
280 2 23.928400 13.486600 10.996700 
1265 1 15.805700 18.919100 9.098350 
1114 1 24.523900 17.215400 11.548900 
93 1 25.959900 20.995700 11.979100 
1418 1 18.762100 17.768900 3.332370 
1 1 15.498900 14.830500 4.377570 
1563 2 19.823900 24.377100 2.192010 
1417 1 18.206100 25.226500 8.984450 
1275 2 14.423800 19.434100 3.137420 
117 1 21.832100 15.922800 2.131940 
1827 2 19.108700 22.515700 12.009700 
173 1 22.838500 16.386100 3.742740 
1409 1 16.196400 25.857200 12.444300 
597 1 15.753400 20.686000 6.100360 
1379 2 23.388600 25.700700 4.732030 
1917 1 17.696200 24.079400 1.871490 
1010 1 19.781700 14.923700 0.918305 
1756 2 23.932900 17.832300 7.313920 
1225 1 21.539800 16.928100 1.518110 
80 2 23.818400 24.824300 1.137550 
713 1 21.673400 16.622700 12.321600 
1169 1 25.506400 25.637000 11.123200 
1659 2 23.507100 24.378600 8.806270 
1754 1 25.491900 22.390300 10.627300 
1564 2 20.085600 24.552600 1.867910 
1941 1 13.418000 24.072500 3.413070 
973 1 20.431100 16.726200 5.829820 
937 1 14.313600 15.684900 10.703700 
77 1 22.883300 13.375900 6.068180 
968 2 16.776700 25.546400 12.339700 
1971 2 19.582700 14.969700 11.080000 
586 1 24.890000 13.814600 10.665200 
1679 2 22.546600 13.884400 3.478320 
1512 2 17.518500 16.444700 9.177490 
687 2 26.061100 14.651100 3.836880 
530 1 19.310700 15.041500 10.620000 
574 1 16.414000 17.182400 1.201590 
584 2 21.194900 24.265700 10.006000 
556 2 13.579900 23.088200 1.315870 
515 2 17.964100 25.193600 9.486510 
1933 1 26.476000 15.701700 1.120690 
1019 2 15.304500 22.718800 8.776320 
1380 2 23.601800 25.277800 4.290990 
466 1 25.813800 14.602100 3.443240 
1511 2 14.916400 16.309200 10.424100 
901 1 17.136900 25.619900 9.896670 
1640 2 25.661000 23.922400 2.981060 
1495 2 22.054900 22.411200 11.980100 
786 1 23.851800 19.647300 10.942900 
232 2 20.619300 25.746600 6.283630 
1643 2 17.233700 24.159500 1.634090 
1310 1 21.021100 19.615800 5.823170 
858 1 23.351100 21.498900 2.759180 
1334 1 23.605400 24.764400 8.493470 
389 1 22.977700 13.216500 11.157300 
967 2 16.492300 25.384400 12.349800 
555 2 13.608400 22.751500 1.141720 
231 2 20.693600 25.822300 6.449760 
141 1 17.145700 19.928900 11.766400 
1853 1 24.736000 19.516400 2.695200 
1680 2 22.393600 13.821000 3.274280 
228 2 14.142200 22.301200 11.944600 
1980 2 23.483500 23.927100 8.185190 
1589 1 22.618600 21.142200 1.110420 
675 2 22.867400 16.518900 12.855500 
465 1 14.039600 22.573800 1.260660 
381 1 20.628300 17.322200 2.953690 
669 1 24.511700 17.860300 2.055860 
25 1 15.686900 13.801000 8.317220 
844 2 26.330100 20.054900 11.742700 
205 1 16.321400 18.002800 6.406630 
808 2 25.580800 16.090000 0.276087 
836 2 25.889300 21.943600 0.489038 
734 1 19.510900 22.148500 12.316000 
1819 2 14.075300 13.648700 12.291800 
1554 1 16.470200 24.875800 0.849938 
95 2 19.293000 21.920700 8.343060 
720 2 16.896100 17.711400 0.155445 
385 1 22.231800 15.301300 7.851010 
1226 1 17.646200 14.407400 11.521200 
1341 1 24.758000 23.601000 1.252750 
488 2 23.401900 19.344300 10.657300 
1655 2 15.704100 14.794000 0.466980 
560 2 21.337300 20.108000 6.260950 
688 2 25.675300 14.543800 3.428160 
51 2 19.048100 17.859800 3.853900 
79 2 23.547100 24.940300 0.990308 
873 1 20.155500 21.918300 4.316270 
742 1 17.423700 18.093600 0.061782 
855 2 15.376500 18.918600 9.709670 
1350 1 24.618400 20.265700 8.555210 
1154 1 17.723900 17.103400 9.401530 
822 1 20.283500 24.513800 10.084600 
24 2 15.414800 15.864500 3.571540 
1018 1 19.988500 19.929600 9.185120 
906 1 17.205500 16.690500 5.811170 
1872 2 24.706900 25.451800 11.622500 
1383 2 25.529200 22.297400 11.594100 
1342 1 23.418700 17.714500 7.087330 
1946 1 24.625000 22.213800 8.230900 
1370 1 18.838700 15.037600 12.532900 
946 1 21.857800 23.899900 8.841070 
933 1 23.247200 20.759500 5.172510 
739 2 26.009100 21.223600 0.468060 
74 1 22.972700 25.249800 4.003100 
764 2 17.768900 19.478500 11.483500 
1851 2 24.589300 18.199100 2.647940 
282 1 20.086100 23.663300 2.599340 
1993 1 17.653900 19.917600 5.788740 
1568 2 17.196700 24.338000 5.778440 
329 1 14.575500 13.759700 11.926000 
361 1 18.312900 19.205900 10.727100 
1713 1 18.061400 14.335400 0.635188 
230 1 15.167300 16.653700 10.582600 
802 1 16.029700 23.503600 9.389070 
351 2 18.110900 19.762100 11.041900 
1755 2 23.652600 17.208900 7.113110 
144 2 20.451900 19.354600 9.606340 
861 1 18.158100 26.385100 3.731290 
1645 1 22.879100 20.958100 7.875700 
871 2 19.680300 15.925000 5.978690 
1876 2 19.410400 22.393600 4.322090 
73 1 20.612300 18.716900 9.387540 
872 2 20.026100 15.635100 5.648210 
22 1 15.209600 16.037800 2.900440 
102 1 17.016700 16.464500 8.660570 
856 2 15.092500 18.421800 9.496380 
1779 2 19.464900 14.945300 11.100700 
1411 2 22.545400 13.309500 6.212880 
1101 1 18.665000 18.386700 4.874160 
1542 1 16.717000 21.677000 3.453300 
1820 2 13.476000 13.613700 12.188900 
571 2 14.590600 22.295500 11.964500 
516 2 18.373200 25.484300 9.114120 
1312 2 16.803900 24.524700 1.429750 
1769 1 14.521200 26.647600 2.489520 
1415 2 26.087100 26.292900 5.325480 
5 1 25.682400 25.755100 5.756550 
382 1 14.447600 26.019000 9.242010 
169 1 22.793000 13.759700 4.071890 
1307 2 13.441500 24.596500 3.780120 
1195 2 26.414800 23.670000 8.055370 
1338 1 26.387400 19.345400 12.133700 
281 1 18.392800 13.281100 7.355320 
120 2 14.839500 26.343700 8.852140 
1462 1 26.540700 13.425600 12.789000 
1416 2 25.994900 26.319900 5.733010 
1865 1 17.150100 21.119100 0.042691 
1432 2 19.254600 20.829800 0.171318 
88 2 22.487000 13.620600 0.132715 
445 1 20.658800 22.308800 22.220700 
226 1 24.107300 24.800900 25.120500 
1113 1 26.567000 25.814000 22.302400 
38 1 24.126800 20.874400 16.030100 
1651 2 24.898900 21.649900 22.996300 
1816 2 13.751700 13.997900 24.085900 
207 2 26.492200 16.706000 14.759000 
1687 2 19.615000 15.103400 15.853300 
409 1 23.262800 23.800300 14.354800 
57 1 23.055700 20.818500 13.694300 
1439 2 15.023400 22.228200 21.334000 
1912 2 16.534400 14.312600 14.986100 
1911 2 16.468300 13.969400 14.841500 
600 2 22.474400 17.540900 25.573500 
399 2 18.835900 26.382900 22.906600 
646 1 15.937300 17.236900 23.665700 
704 2 13.412900 18.915300 17.854800 
1008 2 24.183800 19.223300 25.830900 
1690 1 25.904800 24.944900 21.233300 
78 1 13.942100 18.734000 23.300000 
115 2 17.396400 20.530400 19.033900 
1591 2 22.426600 16.970500 25.276900 
410 1 24.627300 24.716900 16.309900 
1038 1 16.710700 14.366500 18.176400 
698 1 18.017600 23.010300 24.387600 
1176 2 19.600100 21.396300 14.078100 
1118 1 25.774500 23.286100 15.706100 
236 2 20.869400 18.252900 14.573000 
874 1 22.964600 16.858400 25.592200 
978 1 24.523100 19.524800 26.168700 
583 2 20.196400 26.341200 14.688600 
101 1 14.150300 14.158300 20.421800 
860 2 18.416200 23.728600 21.148000 
1922 1 15.148100 22.594900 21.347000 
1870 1 14.584000 24.906100 21.229200 
1579 2 13.978400 21.590000 18.132100 
1528 2 19.219000 17.089300 24.681200 
679 2 25.801000 13.323500 17.207800 
199 2 17.271100 22.948900 24.640800 
889 1 15.442700 17.068700 19.879900 
400 2 18.683100 26.381500 22.942200 
1898 1 14.806100 25.314700 26.045800 
974 1 25.658000 16.269800 18.260400 
644 2 20.744000 19.256100 20.294000 
1104 2 20.779800 13.566000 17.182600 
407 2 25.861700 16.589700 17.939700 
1982 1 17.526200 22.348000 20.820300 
1076 2 21.161400 16.180800 21.768000 
222 1 15.473700 20.104400 25.688900 
672 2 14.603800 25.486400 25.916900 
1045 1 21.561000 24.968000 20.629200 
1175 2 20.196000 21.262200 14.322500 
100 2 21.519000 24.453700 20.536900 
76 2 17.092800 14.086600 24.487800 
1093 1 17.450000 23.482700 16.911200 
1685 1 17.816700 16.065100 17.771200 
655 2 24.144100 15.607900 22.291200 
1795 2 13.795200 14.863900 15.961900 
366 1 22.179400 23.181400 17.373700 
1585 1 15.137400 23.835000 16.013500 
314 1 20.975400 13.483200 17.341400 
1065 1 20.830000 17.082800 21.628100 
566 1 20.497100 14.489500 15.296700 
517 1 16.367300 26.483300 24.616100 
160 2 24.240000 13.480500 20.356800 
674 1 15.871200 16.117000 22.297900 
408 2 26.016900 16.417200 18.179300 
498 1 24.868000 16.954400 24.187200 
766 1 23.677800 23.783700 24.245600 
1642 1 16.083600 14.126100 14.267900 
630 1 15.614700 13.747800 21.069100 
972 2 20.863400 24.589000 25.499000 
426 1 23.057400 18.391000 22.727200 
1202 1 20.237800 18.210500 20.010800 
1534 1 19.882900 16.011700 24.782600 
168 2 26.477600 25.440400 21.910200 
1470 1 19.296500 13.593700 22.955800 
1910 1 21.709900 16.902600 24.349900 
1964 2 22.283700 23.460000 17.780100 
1236 2 23.842300 24.261400 24.749800 
275 2 22.955600 15.313500 16.232900 
40 2 20.813900 22.048700 23.130400 
1691 2 23.333300 23.599400 14.377700 
1198 1 16.915800 14.067400 16.003000 
760 2 17.897400 17.369600 13.725400 
266 1 20.766700 24.774900 25.267600 
1844 2 18.448800 15.869000 20.295000 
1901 1 18.402000 25.943700 22.260800 
1627 2 26.124000 24.744800 21.832100 
1185 1 19.549900 17.120600 24.740100 
188 2 14.852600 17.401600 19.560000 
235 2 21.613000 18.322700 14.289000 
1621 1 21.284500 23.588400 20.384600 
284 2 14.509100 25.130000 22.263900 
1549 1 24.601700 22.288900 22.726700 
1266 1 20.291700 20.699500 13.930700 
750 1 17.294200 21.072900 19.079600 
1489 1 15.270700 21.405800 21.556600 
200 2 17.195900 22.957300 24.465600 
1658 1 15.236100 16.875500 13.887200 
276 2 23.372800 15.590400 15.871000 
765 1 24.010900 18.781800 24.926100 
1987 2 17.692400 22.969300 16.848800 
963 2 15.478700 23.168300 15.291300 
39 2 21.272900 22.038400 23.032200 
191 2 21.528600 23.782100 20.472900 
1235 2 23.955300 23.930200 24.811200 
1909 1 13.362100 22.277500 25.199900 
146 1 21.522100 23.863300 25.390600 
806 1 14.400700 14.449500 23.784200 
1951 2 19.449100 20.319900 26.517400 
1449 1 26.119400 25.001200 17.344000 
1843 2 18.707500 15.956000 20.388800 
1963 2 22.423300 19.387400 16.463000 
1739 2 22.547400 13.667000 23.153100 
1496 2 23.681800 20.989700 14.218000 
601 1 14.411400 19.218400 14.783800 
1450 1 18.684300 17.498500 14.653100 
1061 1 14.600400 19.420700 22.675300 
1459 2 25.667700 19.121000 21.611800 
752 2 19.466800 15.093300 15.260100 
1340 2 17.953300 14.601200 18.170200 
1859 2 26.278400 16.881700 24.589700 
1267 2 13.953500 18.632400 25.942200 
1099 2 14.607900 16.624300 13.905000 
412 2 18.964800 13.729300 22.540500 
759 2 19.040900 17.784400 17.437200 
948 2 22.537200 15.773100 19.087600 
1692 2 25.398300 24.541100 15.888500 
1879 2 22.911500 23.201200 17.923300 
1021 1 22.856900 15.832000 18.741300 
283 2 14.578500 24.737200 21.872600 
1874 1 21.658400 17.851400 13.497900 
1654 1 23.672100 26.440600 19.870400 
699 2 22.309600 18.795800 23.399000 
1988 2 18.008100 23.041000 16.752700 
520 2 22.104800 13.399900 23.187100 
1460 2 25.394500 18.897800 21.652500 
1805 1 23.064000 23.422800 18.432000 
1123 2 18.275600 17.303000 13.774400 
26 1 26.125100 17.826200 14.680000 
1652 2 25.166600 21.790200 23.210300 
1953 1 18.179000 22.281700 16.917100 
453 1 16.932600 25.675800 19.582900 
1050 1 21.502800 21.431000 23.434500 
1316 2 17.918300 19.655800 22.352700 
763 2 17.806300 19.646500 21.835300 
799 2 14.596400 19.005300 22.892700 
575 2 16.011400 20.768300 26.034000 
1929 1 18.647600 23.856200 21.069800 
27 2 23.043800 17.521000 19.811800 
820 2 25.051000 22.133900 19.753800 
471 2 14.574100 14.082700 20.226900 
1204 2 14.471100 21.824100 17.749900 
28 2 24.127100 15.720200 22.702300 
1100 2 14.169100 16.980200 14.455000 
1463 2 15.997500 19.714100 15.557600 
1103 2 19.588200 16.848900 24.671000 
1486 1 15.241400 19.942500 15.841800 
1173 1 17.732800 19.389200 21.433500 
487 2 24.415900 20.806700 15.663700 
1494 1 26.072100 17.875900 18.203300 
1482 1 25.781200 20.503400 21.187600 
1313 1 18.424000 19.405800 22.997600 
1688 2 25.047200 17.144300 24.361500 
1861 1 26.406600 25.768400 13.504400 
75 2 15.577900 16.507100 22.717300 
1126 1 16.454600 19.604100 15.822800 
829 1 19.325200 15.213300 15.863300 
411 2 18.897500 14.060400 23.166200 
1524 2 19.308500 18.017300 17.614700 
800 2 14.472100 18.992600 23.224800 
257 1 17.531200 19.788500 18.750700 
1097 1 13.653200 16.809800 14.516100 
187 2 15.909900 17.387700 19.525300 
116 2 16.867600 20.563100 18.864700 
1666 1 25.430100 13.549800 17.602700 
378 1 18.163400 16.444000 20.609100 
1446 1 16.396900 22.988700 25.141500 
403 2 17.929000 14.761900 18.297600 
454 1 18.546100 14.667000 18.333700 
1746 1 21.118600 19.511400 19.910000 
557 1 24.111500 15.134800 23.241000 
1878 1 22.921800 14.931200 16.558100 
1366 1 23.026700 16.266300 13.234900 
1464 2 15.788300 19.638800 15.922100 
1626 1 14.241000 15.968600 16.807500 
885 1 24.742000 21.885800 18.706400 
1210 1 13.512900 19.693100 18.113500 
645 1 24.028600 15.739100 21.897700 
598 1 14.485700 24.725300 22.706200 
859 2 18.163700 23.279800 21.221100 
110 1 15.233300 22.680800 14.762900 
1660 2 22.250400 19.719200 16.695300 
659 2 16.890800 26.122700 16.263100 
897 1 25.696200 18.698700 21.499700 
357 1 22.551400 13.952500 22.692100 
1694 1 13.297100 21.993700 23.274300 
1473 1 21.868100 19.771200 16.416600 
576 2 16.016200 21.100600 26.283100 
1085 1 21.951300 18.977700 23.563100 
1374 1 20.963500 15.644000 21.602700 
1074 1 22.556700 17.927800 25.818900 
265 1 19.194400 15.423900 20.278300 
142 1 14.839600 22.035900 18.461000 
129 1 25.838800 21.645900 23.975600 
643 2 20.602000 18.997100 19.850700 
971 2 21.194700 24.387700 25.211100 
1716 2 16.181000 16.158800 22.438600 
1440 2 15.423600 21.733800 21.434200 
1527 2 20.906500 16.156200 21.899800 
1914 1 22.369500 19.021400 17.458000 
1869 1 19.243300 18.058300 17.754400 
700 2 22.469700 18.454700 23.035800 
1529 1 19.273800 22.002500 14.412600 
1890 1 25.033800 22.614200 20.088900 
472 2 14.713200 13.824400 20.900100 
1268 2 14.381200 18.215400 25.521600 
780 2 25.782500 24.623600 17.425500 
819 2 25.138600 21.953200 19.420300 
964 2 15.230400 23.018600 15.254700 
1894 1 13.660000 14.371400 16.252700 
34 1 23.356200 16.032900 15.725000 
947 2 24.419800 18.902500 25.759900 
1766 1 24.134000 13.410300 19.826300 
671 2 14.828200 25.606900 26.027900 
1472 2 17.435100 25.647600 19.336800 
660 2 17.071800 26.180800 16.226400 
794 1 13.797900 26.259600 25.857700 
1029 1 16.891100 25.593300 16.289600 
1471 2 17.387800 25.348800 19.239000 
1818 1 18.226500 25.182400 18.707000 
779 2 25.243500 24.748000 16.775500 
1815 2 13.483500 14.670000 24.203900 
434 1 19.861500 26.269000 14.121600 
1088 2 14.091700 15.140200 16.794700 
650 1 22.108200 13.320000 23.814700 
870 1 21.139800 18.373400 14.731700 
1434 1 17.655100 17.204300 13.528700 
393 1 17.694100 14.501700 24.552800 
1606 1 13.817300 21.764700 17.697400 
1580 2 13.199000 22.223900 24.601000 
1245 1 14.065700 17.969400 25.771000 
869 1 14.852300 17.939600 19.206300 
673 1 26.068300 16.877100 23.944100 
680 2 26.158600 13.480200 17.864400 
1258 1 24.474700 13.604700 21.104400 
1134 1 15.753000 21.109400 26.395500 
87 2 23.401400 13.739200 26.543800 
233 1 26.094100 16.845500 26.440700 
