id type x y z 
495 2 6.524270 13.185100 11.059600 
570 1 12.749700 0.887451 7.857320 
1831 2 2.633800 8.523230 6.411220 
1887 2 4.236270 13.245500 4.792230 
59 2 2.489430 7.615590 12.173800 
1804 2 3.043270 6.215190 1.705320 
668 2 1.806050 5.606990 9.259070 
444 2 7.725580 12.469400 4.258040 
1892 2 1.967760 11.481800 6.649450 
861 1 8.765590 7.563140 8.503960 
446 1 7.523840 6.508470 1.137890 
3 2 2.831100 6.456290 1.681050 
1889 1 1.307180 11.558200 6.433250 
1885 1 4.063930 12.624500 5.156750 
182 1 4.783620 5.787530 5.714970 
362 1 2.747590 1.512370 0.500925 
1819 2 3.169550 2.583580 12.238600 
1830 1 2.619750 8.889930 6.889260 
266 1 5.425280 9.011930 4.049930 
729 1 8.831760 10.810500 6.978750 
43 2 1.310190 11.215800 1.317230 
486 1 11.679400 12.712900 7.937910 
1803 2 3.042300 6.703780 1.294250 
783 2 11.058800 4.313380 0.247520 
571 2 13.248300 1.242700 8.000520 
199 2 3.363310 2.748340 12.297900 
265 1 6.618760 9.725830 3.334140 
727 2 5.768850 12.436800 0.868001 
730 1 8.531020 11.604700 8.069360 
543 2 6.881830 2.980980 0.417410 
518 1 7.076820 6.122390 12.219800 
47 2 2.946220 10.331800 10.346900 
229 1 5.183920 7.567020 9.457460 
230 1 3.749150 4.909190 6.601220 
231 2 4.191260 5.465940 6.130190 
232 2 4.095940 5.228030 6.282620 
493 1 6.434990 12.806500 10.551000 
661 1 12.030600 5.657080 4.013800 
1847 2 0.150218 1.802020 2.025300 
244 2 9.440190 8.222470 4.850540 
183 2 3.020520 6.543070 1.475600 
590 1 9.089930 10.500900 1.868490 
249 1 9.286590 0.199535 1.591320 
389 1 6.959690 3.022180 7.816720 
243 2 9.432350 8.476580 4.787170 
403 2 6.885440 3.826290 3.820980 
363 2 3.398000 1.085760 0.431494 
364 2 3.381890 1.277800 0.376368 
789 1 11.043700 4.939690 7.776740 
901 1 12.172600 8.499320 3.419980 
41 1 1.653320 12.118200 1.992590 
1030 1 10.693600 1.517600 3.556980 
269 1 6.189460 7.721760 6.021530 
270 1 6.927260 6.974670 6.736890 
271 2 6.521120 7.480950 6.569750 
272 2 6.445670 7.367770 6.002810 
442 1 7.504480 12.212500 4.910320 
665 1 2.005430 6.467490 9.368280 
581 1 7.162520 4.360920 4.827070 
584 2 6.861750 3.695500 4.147170 
857 1 12.623800 7.474920 10.229500 
1845 1 2.176390 7.934470 0.683172 
572 2 13.234400 1.319270 8.035460 
10 1 0.511264 0.546881 5.871050 
373 1 13.156600 0.795553 11.008100 
1032 2 10.545300 1.294410 4.173390 
682 1 12.874500 12.028500 1.699000 
17 1 -0.318044 2.076070 8.199180 
519 2 6.978130 5.476080 11.757900 
1243 2 11.575700 8.314120 0.450859 
384 2 9.579110 0.109167 8.185080 
374 1 12.551500 1.720200 11.626400 
200 2 2.914890 2.325120 12.374000 
666 1 1.726610 5.182800 9.213460 
242 1 9.817810 8.101730 4.821750 
1958 1 4.437580 2.508890 11.407300 
485 1 12.081900 12.045100 6.692580 
1820 2 3.313830 2.717380 12.598400 
700 2 10.576500 13.088000 12.863800 
208 2 4.727100 7.208910 9.023420 
1981 1 1.831070 5.378060 2.208110 
725 1 5.390580 11.874700 0.546833 
2 1 3.777030 6.824470 1.364840 
361 1 3.781960 0.857680 0.511669 
684 2 13.145700 11.552900 1.605090 
667 2 1.714220 5.719770 9.128590 
1891 2 1.810610 11.520000 6.814560 
790 1 10.748100 4.142230 6.360490 
390 1 7.010810 3.123160 9.635870 
1832 2 2.849260 8.327890 6.314880 
520 2 6.763050 5.465070 11.935300 
1844 2 1.357370 11.332800 1.791190 
268 2 6.067180 9.553850 3.814820 
638 1 8.659420 1.643610 11.707700 
2000 2 3.166640 1.885330 12.621100 
57 1 3.670950 7.601070 12.051700 
366 1 2.414300 7.170420 3.036730 
402 1 7.148150 4.056760 3.111020 
251 2 8.917750 0.380240 1.350880 
1858 1 2.332590 8.503910 12.093300 
474 1 2.304200 3.679190 11.316000 
1842 1 1.310580 11.036100 0.672855 
210 1 5.899390 4.045840 8.913080 
1094 1 12.866400 7.615020 6.903410 
673 1 9.756250 5.406540 11.575300 
792 2 10.822800 4.218260 7.768780 
639 2 8.411000 1.733180 12.225900 
487 2 11.903400 12.374200 7.363010 
604 2 11.152100 4.182550 0.085890 
184 2 2.715100 6.325150 1.447940 
859 2 12.452200 7.741560 10.596700 
445 1 7.729690 7.089640 2.415300 
241 1 8.766920 8.853830 4.864250 
309 1 10.385600 10.300000 10.024200 
392 2 6.582170 3.637990 8.785550 
253 1 6.518990 10.169200 11.101500 
204 2 9.486020 -0.139330 8.884960 
206 1 4.189930 7.028880 8.743530 
312 2 9.885900 10.668900 10.730500 
762 1 5.272140 0.216005 3.605490 
212 2 6.760230 4.037980 8.805130 
699 2 10.669200 12.849700 12.773300 
365 1 2.832980 2.390720 4.633490 
223 2 2.644240 2.020960 7.717580 
583 2 6.801290 3.662750 3.990390 
1029 1 10.223400 1.161140 4.842670 
310 1 9.633940 10.989500 11.063100 
611 2 10.865300 3.986750 7.330150 
443 2 7.591920 12.436100 4.323260 
732 2 8.588150 11.116700 7.618710 
862 1 9.177830 7.988470 9.935750 
52 2 5.384040 10.108200 7.453280 
517 1 6.834630 5.005530 11.517700 
238 1 4.243190 3.877370 12.668800 
222 1 2.742910 2.040320 3.461030 
784 2 11.112800 4.081630 0.180339 
186 1 0.838284 3.970900 4.828920 
609 1 11.219400 3.489220 7.840360 
8 2 -0.092053 4.386860 5.351580 
63 2 2.190200 10.068200 4.027580 
311 2 10.127300 10.797000 10.578300 
1829 1 2.779540 8.063090 5.996630 
46 1 3.214020 10.400300 10.875300 
589 1 7.993190 10.181500 1.110280 
781 1 12.145400 3.654610 0.299869 
255 2 6.193060 9.783240 10.787800 
475 2 6.408280 0.662596 6.365230 
1609 1 4.493350 5.350850 2.902350 
858 1 12.072300 7.423180 11.430100 
791 2 10.540100 4.190310 7.597430 
675 2 10.244500 4.913150 11.853900 
1801 1 1.761620 5.835910 0.324249 
1890 1 2.498330 11.257200 7.030420 
863 2 8.875810 7.692990 9.240640 
376 2 12.828300 1.133980 11.406200 
488 2 12.069200 12.451300 7.501980 
19 2 3.516630 2.652200 12.432300 
663 2 11.193300 5.721790 3.863890 
1999 2 3.402030 2.529780 12.677600 
44 2 1.592370 11.160500 1.478560 
447 2 7.968710 6.636110 1.665110 
1983 2 2.639960 5.913500 1.555990 
541 1 6.584520 2.643320 1.029160 
207 2 4.739480 7.238670 9.065890 
209 1 7.053260 4.699930 8.514090 
252 2 8.820180 0.561833 1.322720 
1833 1 2.974460 1.563930 11.294700 
640 2 8.222160 1.653800 12.399100 
662 1 10.498800 5.864690 3.898850 
368 2 2.837010 2.218620 4.045940 
1135 2 10.635300 11.416200 4.620160 
367 2 2.810430 2.130660 4.142430 
582 1 6.088400 3.361220 3.937790 
22 1 1.582580 10.240100 2.010970 
601 1 10.509500 3.644490 0.705181 
267 2 6.001940 9.263380 3.767850 
198 1 4.105140 1.632300 13.267700 
1095 2 12.437100 8.251050 7.246530 
1984 2 2.663840 6.507680 0.790143 
51 2 5.597890 10.613500 7.693580 
1096 2 12.232800 8.183970 6.941260 
375 2 12.527400 1.285330 11.344100 
391 2 6.771880 3.752880 8.629890 
728 2 5.870910 12.427300 0.979812 
637 1 7.911190 1.867230 12.898000 
49 1 5.534090 9.782770 7.217320 
903 2 13.032900 8.911310 3.462250 
45 1 2.555500 10.177800 9.889800 
697 1 11.241600 12.493100 12.613400 
48 2 2.541790 10.357200 10.048100 
591 2 8.315770 10.333200 1.595210 
224 2 2.512980 1.767460 7.784620 
664 2 11.111600 5.904180 3.928710 
496 2 6.612070 13.018400 11.163600 
1859 2 2.956820 7.392000 12.421700 
256 2 6.235700 9.645000 10.728200 
20 2 3.112580 2.469220 12.515400 
205 1 2.257570 1.604710 8.281290 
404 2 6.828960 3.445400 3.842520 
612 2 10.795100 4.208880 7.426980 
1802 1 3.431070 4.750450 0.965020 
254 1 5.688490 9.568530 10.127200 
916 2 8.861630 8.262360 12.679900 
473 1 6.726920 1.190640 6.289260 
50 1 5.446790 10.884600 7.863320 
221 1 2.758400 2.178600 7.180920 
211 2 6.743740 3.655670 8.672370 
1031 2 10.439500 1.497180 4.074470 
1093 1 12.033500 8.763860 7.175430 
1136 2 10.669300 11.373700 4.611570 
58 1 2.130750 6.804320 12.691600 
864 2 9.057510 7.688710 9.083460 
5 1 0.108516 5.029200 6.412500 
592 2 8.646590 10.384600 1.371230 
60 2 2.789360 7.728830 12.235600 
860 2 12.243200 7.341450 10.972200 
610 1 9.762490 4.033760 7.798500 
914 1 8.475670 8.308640 12.212600 
401 1 7.660830 2.669390 3.955090 
4 2 2.783290 6.114570 1.286800 
1846 1 0.576090 1.784100 2.379240 
1242 1 12.307300 8.394760 0.473933 
731 2 8.780330 11.047700 7.279270 
448 2 7.576010 6.937400 1.728380 
1888 2 4.189250 13.163400 4.813840 
1244 2 11.683700 8.526900 0.370834 
676 2 9.955900 4.953810 11.601200 
1133 1 11.036900 11.060100 4.158980 
476 2 6.202960 0.604841 6.353170 
674 1 10.716300 4.249100 11.637100 
915 2 8.948210 8.401440 12.654500 
1861 1 2.138670 10.130900 4.100650 
904 2 13.288300 8.689860 3.260810 
441 1 7.752900 12.465000 3.614140 
250 1 8.396760 0.862307 0.733107 
1241 1 10.978800 8.477510 0.329435 
726 1 5.960450 13.009500 1.354570 
1134 1 10.042900 11.577300 4.902250 
201 1 9.917500 1.150660 8.509140 
603 2 10.856700 4.087520 0.094645 
1998 1 5.570690 0.455884 6.532000 
602 1 11.264100 5.291400 0.601974 
544 2 7.019590 3.052950 0.554886 
314 1 2.720380 12.831700 10.239400 
822 1 13.205000 2.646640 2.478010 
203 2 9.428550 0.143035 8.411720 
918 1 10.217000 13.309300 9.971220 
477 1 2.054540 11.492900 13.212400 
913 1 9.423000 8.471800 13.019600 
542 1 7.144490 3.354010 0.087831 
458 1 8.677130 11.750900 13.431600 
1857 1 0.956088 8.027190 15.369700 
1074 1 7.199220 6.523780 24.350500 
1118 1 9.387650 1.453950 24.022900 
26 1 -0.014791 6.433260 22.248200 
643 2 11.867100 10.450000 15.197700 
1810 1 0.631820 1.507740 18.135700 
430 1 8.526500 2.611830 19.047800 
434 1 10.677900 6.011760 14.065600 
745 1 3.678870 0.462814 20.157400 
31 2 1.450700 4.699320 19.220600 
213 1 4.926200 2.781350 17.774900 
642 1 12.322600 10.865100 14.656400 
214 1 4.163850 3.770720 17.003200 
746 1 2.502760 0.400867 19.402600 
685 1 9.316420 12.277500 16.688400 
567 2 0.455674 2.461390 25.077000 
53 1 0.452259 8.461960 19.148200 
234 1 7.621630 2.442860 15.146900 
478 1 2.947340 11.388300 14.167700 
813 1 10.558900 1.597910 16.176600 
1120 2 9.154600 1.685390 24.536000 
439 2 3.225260 8.033010 19.944300 
235 2 7.057120 2.408440 15.464800 
1809 1 0.703339 1.378800 16.156200 
886 1 11.420600 11.393500 19.386200 
1992 2 0.226080 1.048460 16.799200 
812 2 6.507010 0.927271 21.017200 
976 2 10.479400 0.795965 20.234800 
431 2 8.390460 3.067140 18.750400 
260 2 3.408660 6.454940 16.276000 
636 2 5.748720 9.002650 14.498100 
433 1 11.592700 6.715200 14.924400 
225 1 3.670470 3.628630 22.992300 
226 1 4.292710 3.905210 23.884200 
227 2 4.087140 3.723990 23.383400 
228 2 3.978220 3.700060 23.674000 
1080 2 10.790800 6.016220 22.442700 
1989 1 0.656412 1.332630 21.030900 
1119 2 9.098250 1.759280 24.549100 
298 1 3.388360 10.148300 17.671300 
1274 1 12.577700 10.821800 23.314900 
65 1 1.805090 12.728900 19.413400 
491 2 6.303000 11.727600 16.861300 
1049 1 11.281100 2.945110 22.660000 
30 1 1.822070 4.243700 18.418800 
691 2 3.120640 11.556000 24.356500 
1835 2 0.403212 4.766810 15.217500 
633 1 6.415520 8.961330 14.264600 
90 1 4.397000 11.791200 20.386400 
460 2 8.029510 11.834300 13.721300 
891 2 8.847330 6.472970 19.433100 
747 2 3.068190 0.631525 19.852100 
800 2 12.422000 4.562700 18.756600 
892 2 8.717360 6.593860 19.463600 
1070 1 13.210700 7.315350 21.437700 
1276 2 12.723500 10.287600 23.145300 
233 1 6.391230 2.404020 15.561900 
1000 2 11.250000 2.157020 15.108500 
277 1 0.723547 9.953140 21.834600 
1761 1 2.911160 0.724949 23.176300 
29 1 1.080260 4.735880 19.626600 
299 2 3.063360 10.214000 17.035200 
1834 1 0.762516 4.132980 15.004400 
618 1 11.534000 4.967570 19.354300 
811 2 6.621240 0.803979 21.139200 
711 2 7.918910 11.672400 20.020700 
466 1 9.345860 8.237960 23.837000 
1763 2 2.596140 0.247534 23.391300 
1818 1 0.005444 5.183720 15.597500 
297 1 2.573600 10.712200 16.494200 
1866 1 0.102979 12.900000 20.337000 
878 1 12.197000 8.520980 17.205100 
280 2 0.811790 9.566380 22.722800 
686 1 10.281600 12.707100 17.602800 
974 1 10.650000 1.341050 19.916500 
1991 2 0.067049 0.953417 17.029000 
289 1 5.404010 13.157900 14.494000 
264 2 10.307300 12.330000 25.547600 
688 2 9.894630 12.554500 17.106900 
300 2 2.918410 10.723200 17.080000 
712 2 8.031690 11.198300 19.623800 
386 1 0.238560 -0.102280 16.705000 
641 1 11.327400 10.521300 15.561400 
32 2 1.447480 4.490710 18.934400 
425 1 4.531770 5.207260 20.581900 
426 1 5.945340 5.235410 21.014600 
427 2 5.043920 5.326850 20.650000 
428 2 5.216350 5.214230 20.918600 
911 2 10.516200 12.300800 21.945000 
1275 2 12.630900 10.309100 23.168300 
457 1 7.668570 11.591500 14.272400 
568 2 0.417437 2.850730 25.104900 
245 1 7.449690 11.471400 24.312500 
216 2 4.376930 3.346050 17.309900 
887 2 12.115000 11.613300 18.987800 
438 1 4.184030 7.994180 19.883100 
465 1 9.739830 9.026190 24.812600 
217 1 7.488160 6.006390 15.245200 
975 2 10.567300 0.551078 20.197200 
1050 1 12.414600 2.839300 23.217300 
900 2 10.782600 8.942960 20.466600 
713 1 7.162570 8.638280 22.497400 
92 2 4.454710 11.068200 20.783100 
818 1 11.916300 2.509230 15.747600 
453 1 6.044030 8.589060 17.824000 
454 1 6.064660 7.624000 18.675800 
455 2 6.065940 8.244660 18.300700 
456 2 6.123910 8.042960 18.394900 
278 1 0.943848 9.515770 23.088800 
492 2 6.259740 11.345900 16.932800 
246 1 6.987350 12.017800 23.141300 
1075 2 7.433720 6.150380 24.585100 
998 1 10.727000 2.579010 14.667600 
635 2 5.671540 8.899470 14.670100 
27 2 -0.079222 5.508480 22.876100 
247 2 7.222910 11.711500 23.967600 
67 2 0.526068 12.737800 19.696600 
248 2 7.142810 11.850900 23.757300 
819 2 11.114000 1.920070 15.538500 
489 1 6.433170 11.946900 16.588800 
909 1 10.847800 12.299200 22.693500 
1812 2 0.477114 0.919013 16.913800 
898 1 10.077700 8.963160 20.882200 
1052 2 11.812400 2.981010 22.846100 
432 2 8.521250 3.374530 18.500100 
880 2 12.208100 8.083780 17.428500 
1040 2 8.977540 8.778040 16.838800 
436 2 11.152500 6.261240 14.434600 
468 2 9.596190 8.931290 24.447400 
687 2 9.814090 12.531100 17.016700 
263 2 10.116000 12.329600 25.574900 
889 1 9.050510 6.941810 18.677000 
644 2 11.809100 10.647600 15.008400 
565 1 0.138023 3.299570 25.526500 
262 1 10.808000 12.639700 25.336700 
91 2 4.463620 11.201200 20.716200 
629 1 8.638720 4.271430 22.301400 
630 1 7.533760 3.490140 21.979000 
631 2 8.022270 3.921120 22.228700 
632 2 8.183070 3.853800 22.158100 
670 1 5.420900 1.187150 24.576400 
258 1 2.760770 6.579530 15.959400 
490 1 6.179140 10.971800 17.291300 
1117 1 9.098180 2.153120 25.126600 
897 1 11.205300 9.023470 20.220400 
197 1 2.929040 3.092950 13.436200 
809 1 6.567000 0.315953 21.385900 
1611 2 0.122344 1.222610 20.749800 
910 1 10.110500 12.546700 21.466900 
799 2 12.305400 4.567380 18.856700 
1850 1 4.519110 7.509590 23.130900 
1849 1 3.149370 7.338030 23.164600 
89 1 4.452620 10.594300 20.962600 
1051 2 11.962500 2.927400 22.964000 
68 2 0.321584 12.900900 19.766500 
261 1 9.622630 12.061500 25.795000 
257 1 4.057020 6.498400 16.468000 
440 2 3.500610 8.169900 20.098500 
890 1 8.630120 6.132720 19.755900 
279 2 0.855820 9.773680 22.293100 
669 1 6.583950 1.096210 23.951300 
181 1 3.476710 6.625620 26.003200 
671 2 6.009960 1.078310 24.202200 
672 2 6.021460 1.082640 24.312100 
912 2 10.331200 12.507800 22.083800 
690 1 2.910800 12.111000 24.354300 
817 1 11.427400 0.945835 14.526500 
709 1 8.065280 11.296200 19.101100 
877 1 12.186600 7.639900 18.154600 
480 2 2.485050 11.313000 13.717800 
885 1 12.532700 11.735900 18.513500 
1612 2 0.261407 1.219050 20.728700 
479 2 2.331940 11.372900 13.525900 
797 1 13.354200 4.933150 18.808800 
879 2 12.151000 8.236430 17.791200 
467 2 9.486030 8.656460 24.345300 
707 2 5.359540 9.423820 25.464200 
689 1 3.316140 10.808900 24.747800 
708 2 5.690220 9.203650 25.681400 
692 2 3.059610 11.309000 24.387800 
1077 1 10.150000 5.853250 23.124600 
888 2 12.028600 11.566600 18.895700 
1273 1 12.818300 9.630990 22.962700 
215 2 4.491800 3.233090 17.643800 
810 1 6.594800 1.419190 20.652000 
1868 2 0.405190 12.874100 19.293500 
1764 2 2.364370 0.100020 23.431500 
566 1 0.866678 2.302340 24.677500 
1852 2 3.895350 7.486320 23.375500 
714 1 7.366300 8.312740 21.239700 
459 2 8.069620 11.640200 13.871900 
620 2 12.398600 4.465640 18.617900 
236 2 7.015850 2.501320 15.263400 
1811 2 0.281804 0.832059 16.656200 
716 2 7.405980 8.522850 21.782400 
1079 2 10.731400 6.013020 22.580400 
435 2 11.091300 6.405570 14.451400 
798 1 11.972500 4.326170 17.937000 
1836 2 0.321398 4.819670 15.400100 
1073 1 7.969180 5.485090 25.095300 
899 2 10.630600 8.978100 20.530600 
1078 1 11.369100 6.105250 22.174100 
715 2 7.247960 8.445670 21.950000 
429 1 8.486640 3.727280 18.068800 
710 1 8.033760 11.648700 20.614100 
437 1 2.833070 8.031480 20.172700 
1867 2 0.276460 12.375100 19.390900 
619 2 12.310500 4.199510 18.817400 
259 2 3.488460 6.772300 16.188100 
1860 2 1.013980 8.088870 15.441300 
240 2 7.875880 5.517970 15.620500 
1997 1 8.300560 5.095550 15.985900 
1076 2 7.465290 6.111350 24.695800 
1037 1 8.989700 9.266750 17.235400 
1826 1 0.651877 5.408380 23.553700 
634 1 5.003550 8.940720 14.712900 
705 1 5.697800 9.874780 25.384400 
239 2 7.679240 5.803450 15.487300 
617 1 12.550300 3.618060 19.107300 
820 2 11.386200 1.985810 15.445400 
1038 1 9.004340 8.275810 16.374800 
1039 2 9.027400 8.614910 16.714200 
1851 2 3.874190 7.437050 23.242200 
748 2 3.043010 0.581440 19.740300 
973 1 10.427400 -0.061922 20.207300 
999 2 11.092100 2.023440 15.258400 
706 1 5.272940 8.729290 25.650100 
677 1 13.248600 4.169370 15.281900 
782 1 10.838000 4.146020 25.654000 
18 1 1.871940 1.703530 13.417100 
774 1 12.166700 16.187800 8.846710 
553 1 6.465480 21.548900 11.008500 
323 2 9.324220 13.977400 2.209330 
526 1 3.712430 14.267700 2.030920 
377 1 3.789290 20.672200 11.548300 
531 2 8.403110 16.477700 10.269100 
845 1 11.364500 23.043800 4.042250 
281 1 1.501990 13.886700 4.035440 
481 1 2.606190 21.369800 1.716900 
202 1 10.086600 25.935900 7.796630 
177 1 1.385750 16.354700 9.779930 
743 2 11.806500 18.365000 2.447180 
1956 2 2.178540 18.467200 4.989050 
380 2 3.768170 20.607300 11.179400 
461 1 6.277090 14.771900 3.550130 
1967 2 1.463360 24.266200 2.132820 
761 1 5.640250 25.794200 2.816830 
379 2 3.791240 20.767100 10.791700 
1028 2 12.472700 25.157600 6.072450 
156 2 2.031230 18.339800 5.374200 
846 1 10.503700 22.219500 5.051720 
1026 1 12.666500 24.522800 6.462990 
759 2 6.720480 19.068500 13.000900 
168 2 1.551030 24.095700 2.072450 
756 2 5.876710 20.335100 0.331260 
980 2 10.284200 20.870500 12.538900 
463 2 6.486900 15.332800 3.248500 
1335 2 9.041700 19.432600 8.746680 
608 2 8.720170 24.997100 4.758150 
127 2 5.438890 18.174400 2.938920 
1972 2 1.674750 24.542100 9.669110 
564 2 8.280920 20.284000 5.091220 
1061 1 8.887610 14.987800 6.829090 
172 2 1.808820 25.024600 9.669750 
1227 2 7.330470 22.838400 1.951290 
606 1 8.428950 25.211600 5.372120 
1969 1 2.296540 25.284800 9.111020 
99 2 -0.034872 14.624700 12.681400 
302 1 1.569320 17.696500 2.174290 
381 1 9.475640 26.147900 9.517860 
301 1 1.235090 17.567800 0.909279 
484 2 2.540150 20.528200 1.784880 
882 1 11.326700 16.390600 0.409979 
1965 1 2.219610 24.166500 1.466580 
587 2 12.500400 25.539000 2.570690 
1191 2 12.349100 19.793400 9.558500 
170 1 1.707060 23.938300 10.114600 
883 2 11.209500 15.760400 0.582843 
977 1 9.729530 21.648500 12.708500 
807 2 8.773340 19.599900 1.815720 
1062 1 8.512840 13.866900 6.003250 
383 2 9.553980 26.431200 8.284770 
1553 1 0.571633 22.426400 6.523050 
415 2 9.797100 24.806700 12.479300 
978 1 10.612000 20.637000 12.401000 
755 2 5.544120 20.297900 0.349304 
169 1 0.643667 25.230100 9.817540 
150 1 1.378830 20.308600 8.736920 
462 1 6.698480 15.832600 2.953880 
152 2 0.710277 20.779900 8.554000 
949 1 11.415600 16.799300 11.654400 
145 1 6.568700 25.218200 0.532691 
605 1 9.047000 25.149000 4.174820 
814 1 12.761600 24.971800 9.533180 
1953 1 1.436780 19.156700 5.228820 
1063 2 8.861090 14.577900 6.435210 
369 1 3.603730 20.834900 7.743890 
370 1 4.544460 19.862400 7.915460 
371 2 4.255840 20.387600 7.865810 
372 2 3.947560 20.360900 7.599200 
166 1 0.615796 25.114400 1.901280 
1556 2 0.293610 22.750400 5.828610 
1225 1 7.000960 22.638500 2.587030 
742 1 11.951400 17.724000 2.834060 
180 2 1.757400 17.440700 9.575880 
563 2 8.307360 20.407000 4.634180 
483 2 2.514800 20.649200 1.664130 
1064 2 8.508330 14.346600 6.264410 
165 1 1.870440 24.860800 3.218660 
1971 2 1.660330 24.767400 9.730440 
552 2 2.013890 14.421800 6.910490 
894 1 5.278590 14.577700 8.265870 
499 2 4.223090 16.296900 12.744400 
315 2 3.130880 13.459200 10.458000 
151 2 1.004370 20.841400 8.562930 
763 2 5.382300 26.203200 3.217500 
529 1 9.133170 16.427600 10.035300 
626 1 10.568200 21.976700 1.031170 
1169 1 11.687700 19.673600 6.289240 
996 2 13.054100 23.958800 9.602630 
562 1 8.283670 20.570200 4.357880 
324 2 9.191940 14.009100 2.090360 
1333 1 8.766250 18.884900 8.448910 
556 2 7.082360 21.594600 10.614100 
848 2 10.943500 22.627700 4.320970 
416 2 9.743730 24.780900 12.536200 
527 2 3.123410 14.821500 1.513220 
1176 2 9.826830 22.577600 7.607870 
1226 1 7.715490 23.008800 1.386000 
786 1 7.229320 23.548800 7.015770 
893 1 5.919420 13.692400 7.447250 
1710 1 5.117030 21.666000 4.587470 
497 1 4.964970 16.014100 12.630500 
607 2 8.898320 25.079600 4.827320 
1970 1 2.371070 25.489800 10.544500 
596 2 9.807860 24.765600 12.455900 
545 1 12.362400 14.317300 4.297020 
546 1 12.692200 14.603700 5.609720 
547 2 12.553700 14.556200 4.811020 
548 2 12.410700 14.626800 4.932310 
806 1 8.637820 19.248000 1.247390 
1979 2 2.008290 17.223500 9.676380 
776 2 12.302700 16.542100 8.363410 
1334 1 9.416050 19.766100 9.235260 
1711 2 4.571270 21.326900 4.630820 
549 1 2.164280 14.298300 7.505090 
1817 1 4.995680 24.065800 12.083800 
153 1 2.839760 18.312300 4.383810 
178 1 2.202680 17.378500 8.652690 
847 2 11.066700 22.848000 4.426080 
322 1 8.806770 13.410200 2.074490 
126 1 5.440210 17.545800 3.300690 
414 1 9.411800 25.862200 12.614900 
896 2 5.810780 13.844200 7.813030 
524 2 7.450250 16.097200 -0.239067 
167 2 1.298430 24.577000 2.281540 
561 1 8.123650 19.966400 5.599210 
627 2 10.612600 22.390600 0.754368 
1174 1 10.427300 23.117800 7.972970 
304 2 1.479090 17.548300 1.595850 
594 1 10.651800 24.767900 11.985700 
970 1 3.138910 25.019300 6.442060 
551 2 2.109810 14.785300 7.004920 
586 1 11.867700 25.560000 2.245870 
554 1 7.499940 21.610400 10.136400 
1977 1 1.051490 18.229000 9.464330 
1171 2 11.616800 19.271000 5.752290 
787 2 6.682640 23.132500 7.287780 
1172 2 11.396500 19.350000 6.029770 
805 1 8.954510 19.842300 2.493210 
128 2 5.388140 18.157200 3.166150 
588 2 12.292800 25.641800 2.630810 
744 2 11.721700 18.348000 2.877860 
1192 2 12.183400 19.887600 9.606800 
741 1 11.769600 18.883500 2.389950 
521 1 7.687180 16.651500 -0.132893 
282 1 0.922031 14.893900 3.826680 
895 2 5.626360 14.190400 7.835450 
757 1 6.707830 19.473600 12.777300 
1190 1 12.571600 20.261200 9.160510 
595 2 9.853550 25.089900 12.629100 
171 2 1.764260 24.967400 10.006400 
555 2 6.597110 21.595900 10.775000 
985 1 13.203900 21.092900 2.920990 
1954 1 1.681720 17.384300 5.306200 
1814 1 5.778530 26.144500 9.991100 
1189 1 12.136300 19.227600 9.975490 
808 2 8.784400 19.583100 1.879870 
749 1 9.994930 16.798400 3.694690 
750 1 9.123720 16.436000 4.513850 
751 2 9.552440 16.558800 3.966530 
752 2 9.398940 16.631400 4.020910 
1978 1 2.303450 17.510400 10.524300 
1314 1 13.162400 13.854400 10.395100 
1173 1 9.427250 22.128000 7.358960 
321 1 9.473170 14.571100 2.445230 
1955 2 2.048780 18.308500 5.174080 
919 2 10.256400 13.570400 9.370580 
1900 2 0.292916 14.717200 12.388200 
1228 2 7.317200 22.936000 2.072530 
769 1 6.231760 17.952900 9.714950 
770 1 4.886870 18.253700 9.985190 
771 2 5.615960 18.164300 9.730730 
772 2 5.575680 18.002400 9.662980 
1886 1 4.419720 13.661600 4.624480 
920 2 9.995710 13.612400 9.380410 
378 1 3.815410 20.595800 10.317900 
303 2 1.514300 17.560100 1.679420 
1175 2 9.949620 22.616500 7.618830 
530 1 7.856700 16.404800 10.443700 
585 1 12.959900 25.600200 2.955280 
155 2 2.317410 18.182500 5.299110 
816 2 13.267300 24.099200 9.900480 
464 2 6.242520 15.187200 3.318970 
179 2 1.771230 17.358600 9.750040 
525 1 2.986130 15.290400 1.300100 
1777 1 0.865875 20.755000 11.662400 
158 1 2.987550 18.353200 6.007820 
788 2 6.706080 22.904700 7.198950 
1815 2 5.741040 25.943300 9.499540 
979 2 10.194500 21.257600 12.556000 
1555 2 0.062023 22.984400 5.935730 
1170 1 11.479900 18.982400 5.109700 
149 1 0.433492 21.284400 8.487080 
815 2 13.061500 24.082200 10.111200 
1336 2 9.168110 19.522100 8.736240 
1980 2 1.787180 17.524500 9.612380 
1712 2 4.539980 21.365300 4.594130 
773 1 12.472600 17.102900 8.012980 
1709 1 3.986380 20.885100 4.570180 
1968 2 1.302930 24.299300 2.068000 
625 1 11.046900 23.073000 0.372552 
764 2 5.397580 26.359200 3.231400 
1966 1 0.869632 23.534100 2.416010 
754 1 6.181070 20.826200 0.582630 
969 1 3.552800 24.678900 5.148360 
399 2 5.397620 24.442400 13.045000 
1554 1 -0.135519 23.002300 5.362480 
775 2 12.285600 16.521500 8.670570 
532 2 8.333070 16.323100 10.156800 
528 2 3.466080 14.670700 1.523720 
628 2 10.955700 22.650800 0.673528 
945 1 5.956430 17.278400 6.063360 
946 1 6.583370 17.473400 7.313730 
947 2 6.419930 17.401400 6.524790 
948 2 6.358360 17.480900 6.780190 
785 1 5.925920 22.859000 7.461360 
498 1 3.688210 16.500300 12.625500 
951 2 11.096400 16.685100 11.852100 
952 2 10.931900 16.924500 11.596800 
125 1 5.629900 18.768400 2.902090 
972 2 3.512520 24.854000 5.872140 
1794 1 0.062517 20.985700 12.936200 
971 2 3.344130 24.816600 5.967310 
550 1 1.869040 14.875400 6.426230 
482 1 2.479250 20.089300 1.752890 
1816 2 5.748390 25.676300 9.450840 
950 1 10.141100 17.056400 11.921200 
1813 1 6.033740 25.362000 8.866160 
382 1 8.658340 26.609100 7.992060 
316 2 3.097220 13.406700 10.352200 
283 2 1.349910 14.482100 4.046440 
284 2 1.059220 14.438300 3.923630 
500 2 4.343660 16.223000 12.579500 
494 1 6.651940 13.428900 11.698400 
147 2 6.430120 25.589100 -0.189961 
917 1 9.853020 13.868200 8.687650 
1025 1 12.436300 25.664500 5.644350 
1027 2 12.780900 25.015700 6.101740 
97 1 0.807418 14.041900 12.310500 
1779 2 0.854188 20.792000 12.323000 
995 2 13.227800 23.997600 9.896790 
313 1 3.237850 14.098300 10.507500 
994 1 12.277000 23.453800 9.911590 
189 1 0.146219 25.485800 5.769530 
522 1 7.128690 15.592300 -0.087383 
884 2 11.079600 15.925600 0.497803 
593 1 8.971500 24.245200 11.851500 
1780 2 0.377155 20.973700 12.199700 
698 1 10.459600 13.435600 13.067600 
1897 1 0.034456 15.614700 11.892900 
220 2 5.252770 24.385000 13.332000 
881 1 10.814100 15.151700 0.770277 
760 2 6.759230 18.796900 13.273600 
148 2 6.573640 25.452900 0.000013 
219 2 5.319140 24.398500 12.964000 
1758 1 2.235620 23.964100 14.910300 
855 2 11.138300 25.948900 25.522100 
1906 1 0.962311 16.529800 22.739200 
408 2 9.001140 25.426300 23.156400 
533 1 1.631470 17.554700 13.680500 
933 1 5.632650 19.755700 17.670400 
508 2 5.111360 14.851000 24.562600 
411 2 6.805640 23.690900 20.100400 
944 2 9.393240 18.638300 25.346700 
539 2 8.033080 15.584800 13.888100 
906 1 6.852170 14.907900 22.150300 
908 2 6.864370 14.466400 21.384200 
1108 2 12.216000 16.211300 22.675700 
1092 2 10.529400 22.901400 19.802600 
655 2 4.743810 26.128800 16.872900 
1207 2 11.995100 19.661300 19.107700 
70 1 7.092490 15.972600 18.106100 
597 1 8.250490 24.603600 17.148300 
132 2 2.204550 17.497800 17.575500 
702 1 1.427770 20.276400 24.148300 
420 2 8.423570 25.771500 17.265300 
1305 1 10.748800 18.872600 22.066700 
923 2 9.352860 15.324500 23.676300 
1112 2 8.564840 18.579000 16.375000 
1054 1 12.543400 23.670400 22.042700 
1342 1 7.682380 22.003700 24.445100 
703 2 1.487570 19.709400 24.673400 
577 1 5.041320 23.329900 17.513300 
1089 1 10.087700 22.663900 19.452300 
1167 2 11.479900 21.767800 23.558600 
320 2 11.955100 19.064700 14.818800 
1388 2 12.030900 19.832000 18.704900 
385 1 6.230420 23.930600 23.107000 
353 1 1.561000 20.213700 16.468200 
325 1 6.122140 17.498300 24.055900 
326 1 7.148780 18.205300 23.329000 
327 2 6.521960 17.944100 23.644800 
328 2 6.927830 17.937200 23.675500 
354 1 1.178150 21.413700 16.909000 
296 2 1.648890 14.351300 15.917600 
292 2 4.807360 13.277700 14.073000 
1055 2 12.884800 24.283800 21.607200 
357 1 4.314920 20.410000 14.016700 
955 2 10.701700 16.035500 16.063000 
317 1 11.304000 19.428400 14.624200 
360 2 3.755940 20.707400 14.397800 
1957 1 2.826490 23.983200 21.811600 
417 1 7.821680 26.211000 17.217000 
534 1 2.247200 18.801800 13.971100 
146 1 6.399090 25.654200 25.925400 
157 1 0.832097 24.902500 14.504300 
1208 2 11.828900 19.515500 18.650400 
1343 2 8.093620 22.396700 24.774000 
922 1 9.143900 15.838700 23.827300 
1149 1 10.566600 15.353800 20.577100 
943 2 9.317520 18.270500 25.194300 
355 2 1.312050 20.700100 16.889200 
356 2 1.436790 20.772500 16.706700 
954 1 10.130200 15.655800 16.255300 
410 1 6.882830 23.273700 20.811300 
874 1 12.842100 13.236600 16.487200 
291 2 4.922660 13.569400 14.209700 
853 1 11.483500 25.458000 25.300300 
393 1 1.585900 22.160100 20.468300 
696 2 13.346800 15.073500 14.113300 
962 1 12.280300 20.297000 26.159400 
394 1 1.415270 20.720300 20.798500 
396 2 1.469830 21.559400 20.625200 
503 2 1.750210 14.946200 24.938500 
1308 2 10.114300 18.587000 22.145500 
557 1 13.259600 14.215100 20.353300 
418 1 8.983030 25.496000 18.079900 
921 1 9.537660 14.576200 23.404100 
412 2 6.766790 23.744300 20.159500 
1982 1 5.125330 24.778500 23.143000 
905 1 6.448950 14.311500 20.973300 
1150 1 9.744200 15.047200 19.394100 
501 1 1.893890 14.519700 24.603000 
509 1 3.334000 16.599900 21.566000 
510 1 4.447490 17.520000 21.492600 
511 2 3.800900 17.028100 21.608300 
512 2 3.846540 17.165000 21.556300 
934 1 5.098640 19.514000 16.282300 
753 1 5.340780 19.746000 26.721300 
540 2 7.865450 15.356800 13.858400 
397 1 5.035260 25.324600 13.439100 
1373 1 7.562350 22.687500 15.016800 
907 2 6.376330 14.579500 21.700200 
1306 1 9.622630 18.426800 22.095300 
936 2 5.303640 19.614200 17.053300 
1911 2 3.226100 13.820800 21.819400 
358 1 3.271260 21.070400 14.621500 
535 2 1.965590 17.962200 13.763200 
341 1 4.487990 17.484000 25.750400 
966 1 12.623100 24.882700 18.105700 
343 2 4.179650 17.825100 25.566300 
1768 2 3.556020 22.916600 25.595400 
505 1 4.524180 15.293200 24.745900 
1375 2 7.774910 22.299300 15.395800 
469 1 4.681060 16.438300 15.260800 
579 2 4.580380 22.567400 17.506600 
387 2 5.927800 24.286800 23.257200 
504 2 1.686530 15.131300 25.022000 
1959 2 2.794830 23.828800 21.789100 
956 2 10.842800 16.137900 16.088600 
295 2 1.489350 14.319500 16.123900 
573 1 4.548040 19.815200 20.606600 
574 1 3.771220 20.067600 19.327600 
575 2 4.340020 19.830800 20.041100 
576 2 4.040330 20.029300 19.871300 
345 1 1.559780 24.476200 18.459300 
967 2 13.050200 24.421200 17.615700 
536 2 1.975120 17.928500 13.808100 
953 1 11.265400 16.246400 15.871900 
71 2 7.526920 15.275000 17.701100 
856 2 11.181400 25.818700 25.724600 
160 2 1.361790 24.162500 14.224600 
578 1 4.142740 22.171800 17.725500 
758 1 7.065480 18.405300 13.599500 
1109 1 8.294500 18.967200 17.079600 
159 2 1.390250 24.253800 14.189100 
1205 1 11.908800 18.855100 18.915800 
131 2 2.173940 17.413000 17.997500 
1376 2 7.653550 22.058500 15.339600 
1168 2 11.390500 22.237100 23.256200 
1778 1 1.387940 23.863100 13.231100 
398 1 6.281620 24.471100 13.182500 
406 1 9.209450 25.080900 22.478800 
72 2 7.697390 15.360000 17.863400 
1766 1 4.087320 23.093000 26.019300 
305 1 4.168450 14.005900 17.446000 
294 1 1.946550 14.537800 16.578500 
959 2 11.293800 22.902200 15.229700 
924 2 9.235780 15.331300 23.689300 
1909 1 3.776160 14.102600 21.956100 
1341 1 8.748000 22.564000 25.106000 
1344 2 8.202340 22.321400 24.919600 
1107 2 12.059500 16.455900 22.352300 
733 1 8.084360 17.578500 19.692500 
734 1 6.919050 17.735300 20.681000 
735 2 7.301220 17.765900 20.165500 
736 2 7.482190 17.868600 20.105800 
1765 1 3.016110 22.823200 25.126500 
935 2 5.444100 19.667000 16.848200 
968 2 12.700400 24.578200 17.631300 
395 2 1.482400 21.020300 20.793700 
306 1 4.007010 14.716400 18.667100 
1767 2 3.611890 23.150200 25.843900 
1762 1 2.126890 26.368800 23.942000 
1910 1 2.777200 13.407400 21.915200 
502 1 1.477880 15.580500 25.524300 
1912 2 3.317740 13.794300 21.742500 
471 2 5.307630 16.828400 15.665400 
506 1 5.649970 14.558700 25.271000 
419 2 8.638210 25.515900 17.431100 
407 2 9.139820 25.159900 22.808800 
1166 1 10.979000 21.820500 22.887700 
960 2 10.954400 22.481200 15.339800 
777 1 7.565810 21.619100 19.039900 
779 2 8.345000 21.134100 18.741200 
963 2 12.266500 19.442800 25.790900 
780 2 8.251670 21.175300 18.721800 
1307 2 9.987930 18.587400 22.151700 
1105 1 12.550200 16.111800 23.049500 
69 1 7.645970 14.666900 17.669000 
307 2 4.153100 14.170600 18.005400 
1152 2 10.163100 15.262400 20.075400 
359 2 3.918060 20.724100 14.102600 
1960 2 1.368110 24.075800 14.387000 
130 1 1.893820 17.008300 17.310400 
413 1 9.876100 24.707500 13.292800 
1206 1 12.512200 20.268900 19.547200 
1165 1 11.698600 21.893400 24.307400 
957 1 10.501800 22.094600 15.214700 
942 1 8.921520 17.909600 24.979300 
740 2 7.888450 21.148200 21.868700 
778 1 8.858390 21.136200 18.532600 
1090 1 11.315800 23.095200 20.107200 
388 2 5.557300 24.378600 23.063600 
308 2 3.928200 14.226100 17.993700 
342 1 3.844450 18.495100 25.092600 
507 2 4.944050 14.861100 24.898800 
1111 2 8.427530 18.591500 16.628100 
941 1 9.684040 19.014100 25.536800 
929 1 4.694870 20.000400 23.454400 
930 1 4.423130 21.187100 23.343400 
931 2 4.532760 20.607300 23.361100 
932 2 4.680040 20.412100 23.225500 
738 1 7.390450 20.644400 21.557800 
599 2 8.369170 25.687700 17.289600 
598 1 9.364920 25.776700 16.771400 
693 1 12.735500 15.308500 13.643900 
1386 1 11.597300 20.000200 18.020500 
961 1 12.210100 18.688300 25.644000 
701 1 1.099720 19.349600 25.039000 
538 1 7.289540 16.077500 14.311200 
537 1 8.216620 15.120900 13.446800 
739 2 7.911440 21.226800 21.737900 
1106 1 11.554100 16.749700 22.213700 
319 2 11.665700 19.107400 14.822500 
600 2 8.622050 25.357900 17.498600 
958 1 11.452300 23.249300 15.214900 
1374 1 7.501130 21.400400 15.659500 
1091 2 10.680600 22.950700 19.683800 
405 1 8.884020 25.526100 23.760900 
218 1 5.064000 23.606000 13.676600 
409 1 6.730040 24.220600 19.734000 
656 2 4.888250 26.173600 16.925100 
704 2 1.295400 19.803800 24.531200 
1110 1 9.006550 18.247200 16.064100 
348 2 1.982150 24.135700 18.315000 
737 1 8.380890 21.622400 21.802100 
347 2 2.081540 24.252700 18.337700 
1151 2 10.243100 15.208500 19.945100 
293 1 1.496440 14.099000 15.579700 
346 1 2.715620 23.805400 18.251900 
580 2 4.588710 22.824100 17.751900 
470 1 5.606090 17.244600 16.023700 
129 1 2.589030 17.792400 18.231400 
472 2 5.209840 16.810700 15.627300 
654 1 5.464600 26.108200 17.074700 
695 2 13.293000 15.166700 14.193400 
66 1 0.368531 13.386400 18.772100 
964 2 12.271200 19.320300 25.944500 
318 1 12.441200 18.884800 15.132900 
1908 2 -0.090740 16.791200 22.010800 
290 1 4.429390 13.565900 13.764500 
1053 1 13.207300 24.691000 21.407300 
106 1 0.359973 17.325400 21.004900 
1056 2 12.984800 24.187000 21.807400 
344 2 4.425400 17.981400 25.350800 
875 2 13.151000 13.501000 16.758800 
653 1 4.232400 26.288500 16.632100 
523 2 7.374390 15.980900 26.594500 
400 2 5.513640 24.314600 13.247000 
854 1 10.553400 26.220000 26.027500 
1791 2 23.583100 0.224955 1.653960 
1665 1 20.698400 12.882100 2.423030 
115 2 25.441100 12.843000 8.847490 
1627 2 23.510800 2.644790 3.676860 
1864 2 25.663800 8.354150 4.014710 
1463 2 18.349500 7.521710 2.643240 
1262 1 20.019600 4.208280 0.766009 
613 1 16.958600 2.239640 13.044500 
1687 2 18.707900 0.673253 5.187140 
1460 2 23.543400 1.723340 6.516860 
1272 2 13.566700 4.778690 12.319400 
1444 2 19.930000 1.924710 1.898360 
1282 1 19.675200 9.867110 -0.028907 
719 2 13.638100 11.029700 12.046100 
1237 1 13.709500 4.294690 9.523080 
1516 2 22.787100 8.660600 10.487900 
1929 1 20.942400 12.661800 8.560490 
1903 2 23.522200 12.627400 4.976830 
1931 2 20.946600 12.069500 8.390420 
1515 2 22.482800 8.764300 10.409600 
837 1 17.182000 1.024170 10.741900 
1033 1 17.399900 2.930760 3.956140 
35 2 22.757700 4.932820 12.000800 
7 2 26.290900 4.393620 5.672140 
121 1 22.694000 12.400900 4.898460 
111 2 25.810100 6.585200 12.089700 
1440 2 19.928300 3.356480 10.532800 
1087 2 16.898800 12.043900 10.834400 
869 1 14.755000 7.148040 1.696680 
1271 2 13.767600 4.902340 12.169400 
1677 1 25.119800 5.460400 9.177670 
423 2 16.093600 8.295900 4.937930 
1438 1 19.830700 4.061640 10.657200 
1035 2 17.193300 3.480890 3.789560 
1269 1 13.575100 4.770910 12.959500 
1862 1 25.989600 8.884130 3.446190 
1532 2 15.905500 7.706920 10.930100 
1697 1 14.754600 9.731340 9.241330 
1755 2 19.390000 13.164100 5.485890 
1044 2 14.035000 5.609600 5.775210 
104 2 23.636700 12.707500 4.864720 
718 1 13.350500 11.754100 11.885300 
61 1 24.868700 7.797410 4.162400 
1483 2 19.735800 9.193650 5.762740 
1448 2 16.564200 3.712530 0.220803 
1474 1 22.349500 5.772080 5.600610 
1537 1 20.675000 6.640590 12.158500 
1210 1 20.655900 3.208290 6.429910 
681 1 13.492400 10.903800 1.715940 
991 2 23.074700 1.523460 10.276400 
1699 2 14.426500 10.095700 9.078980 
1904 2 23.276600 12.612000 5.039770 
1916 2 25.505100 12.925700 8.735350 
185 1 25.931700 4.966050 4.628180 
1452 2 26.161300 9.064260 8.327630 
1464 2 18.081300 7.546570 2.857170 
1046 1 21.857400 4.678780 2.914670 
829 1 15.074000 0.034671 5.375530 
1437 1 20.423800 2.955760 10.241000 
110 1 25.591000 7.116040 11.458900 
1459 2 23.529700 1.698510 6.480100 
1843 2 24.948000 9.991060 2.510530 
1484 2 19.779700 9.247530 5.812250 
842 1 16.809000 11.616500 2.935940 
1209 1 20.399900 2.879720 7.763780 
1211 2 20.599800 3.042680 7.045760 
1446 1 16.151700 3.558580 0.829576 
1451 2 26.273100 9.016260 8.733510 
1447 2 16.512700 3.870320 0.317255 
1514 1 22.653300 7.961600 10.671700 
1667 2 21.092100 12.371200 2.114110 
871 2 14.958800 6.487000 1.582030 
33 1 22.928100 5.151440 11.634800 
1441 1 20.572800 2.123000 2.204170 
1756 2 19.617400 12.939800 5.524480 
832 2 15.501300 0.612171 5.350030 
1088 2 16.913600 12.103900 10.919900 
1248 2 16.389800 0.286669 2.278110 
1249 1 18.857600 6.249480 6.115100 
1250 1 19.142000 5.304570 5.465860 
1251 2 18.907600 5.757110 5.665120 
1252 2 18.848500 5.805810 5.702870 
1679 2 24.380200 5.479680 8.950680 
1450 1 26.153600 8.573090 8.962020 
1045 1 20.906800 5.495780 3.363340 
1639 2 21.025000 6.093030 8.366040 
1462 1 18.581800 7.967990 2.385090 
1930 1 20.998100 11.390500 7.952220 
1538 1 19.239100 6.501170 12.729700 
839 2 16.682300 1.102830 9.950140 
1 1 25.883600 1.352820 1.883860 
1240 2 14.328200 3.960900 9.360620 
843 2 17.186900 11.650200 3.031920 
1482 1 19.716100 8.960220 5.048280 
623 2 16.810400 3.473320 7.196990 
112 2 25.866300 6.630760 12.024200 
1792 2 23.781900 0.237271 1.225850 
1531 2 15.774400 7.949210 10.925100 
1690 1 19.315200 10.461000 10.288600 
1428 2 25.691900 2.234350 8.784960 
1454 1 21.102000 0.396943 7.812870 
824 2 13.536500 2.688820 2.961760 
1688 2 18.717600 0.605923 5.124870 
1245 1 15.748800 0.425933 1.960350 
1461 1 17.739200 7.122390 3.223290 
1034 1 16.979900 4.399380 3.522260 
1678 1 24.039500 5.258480 8.378820 
1086 1 17.514500 11.946700 11.136600 
1512 2 17.487800 11.517000 7.428560 
421 1 16.688100 8.495740 5.074640 
274 1 25.928500 10.520900 12.224400 
1494 1 17.431600 8.460250 8.091550 
1539 2 19.710900 6.482130 12.297600 
103 2 23.601400 12.595900 5.113960 
1283 2 19.338400 9.907940 0.317382 
1085 1 16.176900 12.409800 10.513500 
1628 2 23.332300 2.705320 3.566910 
821 1 14.144200 2.613350 3.463200 
1932 2 20.902200 11.883400 8.493270 
23 2 24.282200 5.123790 0.762472 
1456 2 20.421800 -0.081517 8.278360 
1449 1 26.378800 9.609740 8.174960 
1511 2 17.404300 11.469600 7.260310 
1124 2 14.434600 11.365200 5.492430 
1427 2 25.944500 1.943970 8.581690 
831 2 15.242100 0.609553 5.305530 
36 2 22.522200 4.778800 12.049600 
1637 1 21.039700 5.667130 8.891580 
840 2 16.598000 1.012690 10.125100 
1626 1 23.100400 2.557020 3.132150 
1685 1 19.010100 0.018353 5.243360 
1470 1 23.646100 9.876680 6.830060 
1471 2 23.093200 9.323660 7.205560 
1472 2 23.227500 9.436720 7.122580 
1540 2 19.843900 6.532440 12.411300 
1442 1 19.500500 1.797240 1.301450 
1475 2 22.731200 6.543700 5.956630 
1476 2 22.814400 6.156250 5.712650 
1047 2 21.441400 5.077000 3.119350 
94 1 24.706900 2.839220 11.007700 
844 2 17.240800 11.395300 3.251630 
1902 1 24.201400 11.828700 4.572710 
1841 1 24.206500 4.512700 1.610470 
1870 1 21.623300 9.329280 2.893250 
1686 1 18.451400 1.118700 5.034750 
1529 1 16.365400 7.325440 10.610200 
96 2 25.351800 3.320080 11.565300 
1281 1 18.735900 10.288300 0.807922 
841 1 17.914100 11.565700 3.888150 
1668 2 21.022200 12.430600 2.026090 
1691 2 19.442700 9.823060 10.657700 
1700 2 14.385900 10.103500 8.902400 
838 1 16.400400 1.050490 9.562170 
621 1 16.654500 3.763730 6.379800 
424 2 16.133800 8.334120 4.783700 
1122 1 14.601700 11.149400 6.111870 
1239 2 14.296400 3.897910 9.210630 
1530 1 15.351400 8.335930 11.219500 
823 2 13.517500 2.599680 2.711860 
1625 1 23.980000 2.863430 4.180810 
1234 1 23.967800 1.727080 7.036640 
1496 2 18.040000 7.928520 8.302790 
624 2 16.689900 3.554110 7.237090 
1872 2 21.661700 8.880320 2.782250 
1238 1 14.776100 3.718960 9.125860 
1513 1 22.445200 9.353770 10.343400 
187 2 26.559900 4.411050 5.338580 
989 1 22.929300 1.280310 10.936100 
1754 1 20.366600 12.885400 5.723650 
42 1 24.782300 10.107200 2.516260 
109 1 25.923500 6.220870 12.491100 
1680 2 24.622400 5.208270 8.885230 
6 1 25.858300 3.788990 5.988170 
1689 1 19.532100 9.206850 10.952700 
1638 1 21.433200 6.820970 7.812280 
1640 2 21.205300 6.236720 8.531630 
1443 2 20.022900 1.859270 1.699820 
24 2 24.673300 5.053980 1.032950 
21 1 23.862200 6.271470 0.756201 
1065 1 15.667200 9.756400 0.684706 
1863 2 25.829100 8.063500 4.206860 
990 1 23.035300 1.735990 9.640180 
1673 1 17.515900 4.798860 11.530300 
1674 1 16.887700 4.526910 10.292900 
1675 2 17.229400 4.665580 10.868400 
1676 2 17.106300 4.612230 11.100900 
1042 1 14.629700 5.409970 5.667070 
1473 1 23.103800 6.729070 5.940520 
95 2 25.496500 3.254810 11.665100 
1822 1 25.490500 5.420660 0.844314 
1439 2 20.304400 3.069730 10.499900 
872 2 14.854700 6.405370 1.637770 
113 1 24.915300 12.206600 8.741390 
1068 2 15.456700 9.362040 0.343921 
1493 1 18.354500 7.674790 8.486390 
992 2 23.140900 1.726920 10.180700 
1824 2 24.440900 5.118840 0.924683 
1270 1 13.998300 4.879070 11.479900 
1041 1 13.364100 5.675480 5.992780 
1869 1 21.867700 7.951860 2.606470 
93 1 25.174800 3.956940 12.120000 
1692 2 19.343800 9.945620 10.594900 
1036 2 16.995300 3.662210 3.773010 
1123 2 14.517600 11.533500 5.381450 
1048 2 21.397600 4.970210 3.138740 
1871 2 21.546200 8.637570 2.904720 
1212 2 20.514000 3.107630 6.910160 
1517 1 16.916400 8.896980 13.255500 
622 1 16.970500 3.117840 7.648270 
276 2 25.934000 10.433400 11.503400 
275 2 26.072600 10.603200 11.528800 
1458 1 23.274000 1.449730 5.928190 
422 1 15.401500 8.287570 4.602090 
1469 1 22.797900 8.947280 7.351170 
1495 2 17.858200 8.100620 8.325520 
114 1 25.837800 13.185400 9.694360 
870 1 14.891500 5.885200 1.663780 
1121 1 14.431800 11.761200 4.783380 
64 2 25.674700 8.118840 4.504160 
34 1 22.248100 4.484120 12.636000 
1043 2 13.992900 5.337530 5.733980 
1481 1 19.818000 9.351390 6.525940 
116 2 25.666700 12.976200 8.762760 
1101 1 16.636100 12.547200 0.447735 
569 1 13.636900 1.775850 8.105320 
1823 2 24.412700 5.325360 0.751915 
1698 1 13.660300 10.310600 8.661480 
1067 2 15.549500 9.437770 0.516094 
1510 1 17.485800 10.997100 7.942320 
1284 2 19.247900 9.960080 0.408583 
720 2 13.463900 11.153700 11.902800 
1717 1 21.435000 12.920400 11.772600 
1509 1 17.592300 11.705500 6.791360 
1666 1 21.311700 11.969800 1.661900 
190 1 25.535100 0.230972 5.897040 
62 1 26.335700 7.789820 4.558350 
101 1 23.828400 13.074800 6.012840 
188 2 26.441500 4.401480 5.607660 
1425 1 25.352800 1.936700 9.003050 
1914 1 26.448200 12.763400 8.061810 
833 1 14.521700 1.839040 -0.177998 
717 1 13.762300 10.488400 11.884700 
1848 2 26.750500 1.659600 2.131820 
1455 2 20.424100 0.076757 8.173400 
830 1 15.788400 1.147070 5.416660 
1793 1 25.827700 0.233652 11.839800 
1789 1 23.846000 0.374119 0.638203 
1915 2 25.477900 13.111200 8.599430 
1247 2 16.416400 0.483595 1.933560 
1246 1 16.984600 0.205544 2.194160 
1426 1 26.121400 2.941500 11.537300 
902 1 13.578100 9.158500 3.424760 
683 2 13.160000 11.664400 1.897420 
273 1 26.166700 10.554700 10.811200 
1719 2 21.504500 13.278600 11.372700 
793 1 16.390200 0.496891 13.355200 
1082 1 15.884700 9.549710 23.652300 
1878 1 20.400900 10.230400 14.410200 
1445 1 16.985400 4.196010 26.318200 
1651 2 23.038300 11.746300 25.459000 
1183 2 17.768200 0.614209 25.077700 
650 1 13.608800 6.635220 24.179300 
1620 2 22.981900 1.339270 14.666800 
1873 1 26.337700 11.757800 15.933900 
1492 2 16.607600 5.857750 14.287500 
1002 1 18.546200 0.947533 25.268700 
1641 1 21.044200 9.294100 18.247700 
828 2 18.156100 6.975190 25.666500 
1799 2 23.149200 1.292300 14.254400 
1202 1 17.031800 0.254903 25.514000 
1457 1 22.046900 3.117330 21.371300 
1181 1 17.161100 2.037490 25.341900 
646 1 24.993500 8.829890 25.309100 
1299 2 19.322800 6.717370 16.035400 
452 2 26.137800 12.395500 23.828100 
449 1 25.606300 12.923700 24.213700 
834 1 13.707300 0.935050 26.041400 
1854 1 25.753600 7.236970 18.289500 
1058 1 15.809100 3.591020 20.519300 
1636 2 24.366400 4.136400 18.549600 
1424 2 22.094900 4.453260 23.512600 
827 2 17.999700 6.906460 25.537100 
1291 2 14.657100 9.998900 20.767800 
826 1 17.986600 7.426810 26.217200 
680 2 13.946000 4.410440 15.397100 
1508 2 23.440000 8.188930 22.573800 
1233 1 20.629600 2.796250 14.006800 
1657 1 18.980300 9.480440 16.893400 
1986 1 23.285200 1.068900 19.695200 
1634 1 24.036300 4.195790 18.217100 
1650 1 22.955800 12.111200 25.951800 
1160 2 15.526000 12.143900 14.491300 
1186 1 15.380700 4.850250 23.652500 
1158 1 15.728900 12.165100 14.148800 
1498 1 13.561000 8.186690 14.148700 
1292 2 14.766800 9.719600 20.387300 
1015 2 18.571600 1.022630 20.812600 
1671 2 16.609000 11.930600 18.844100 
56 2 25.770900 8.348430 19.231800 
1598 1 22.319800 0.861631 14.983900 
1670 1 17.393500 12.102300 18.842200 
835 2 14.088600 1.561640 26.423200 
657 1 14.340300 0.781691 16.611200 
1658 1 18.557600 10.443000 16.114600 
37 1 23.832500 7.165080 16.457200 
1098 1 16.714200 7.231450 17.894400 
1798 1 23.473300 1.998310 15.228100 
1701 1 16.578200 12.290300 23.445800 
1414 1 21.069300 1.084160 22.316500 
1097 1 15.258600 6.816980 18.223200 
78 1 21.236600 9.236030 13.642700 
658 1 14.908800 2.010560 17.505600 
1290 1 14.783100 9.413010 20.308200 
40 2 23.426900 6.281290 15.752800 
1024 2 20.143000 13.314300 24.890500 
1585 1 19.313600 11.770200 20.173400 
1490 1 16.530000 5.337740 14.594300 
1297 1 19.449400 6.278870 16.552400 
1254 1 21.613800 3.386150 17.853200 
1694 1 23.185200 12.645900 18.067900 
1289 1 14.613200 10.495200 21.099400 
651 2 14.118100 6.724570 24.728300 
614 1 17.542500 1.161730 14.319700 
1300 2 19.376400 6.689460 16.148000 
1102 1 16.934700 13.272200 25.898300 
80 2 21.167000 10.031400 14.096500 
1280 2 17.551700 3.336800 16.940900 
39 2 23.281500 6.677180 15.842800 
1421 1 21.394900 4.173130 23.208500 
1072 2 13.676900 6.907880 21.394500 
1235 2 20.181400 3.399230 14.006900 
1877 1 22.055700 9.987480 14.871800 
1752 2 18.595200 9.284450 20.115300 
1014 1 18.536800 0.391210 20.545300 
1808 2 23.200900 0.521259 18.845400 
1499 2 13.865400 7.917880 14.199100 
1004 2 17.694800 0.903223 25.047600 
1071 2 13.808200 6.989630 21.174600 
1588 2 19.613600 12.285500 20.673900 
1656 2 19.703900 9.813570 23.331400 
825 1 18.110700 6.589800 25.213600 
1497 1 14.521500 7.284450 14.652900 
1478 1 23.928000 11.504900 21.340200 
1264 2 20.107800 4.427340 26.778100 
1295 2 20.241300 6.965410 21.912700 
1649 1 23.246500 11.430500 24.833300 
1624 2 22.496600 2.035780 25.830600 
1642 1 22.355700 8.693640 18.213500 
1003 2 17.491200 0.807531 24.786700 
1401 1 15.088600 0.467310 23.370800 
1296 2 19.961800 7.023060 22.108500 
852 2 13.747700 0.264794 20.088300 
1294 1 19.522900 7.032250 22.121000 
1159 2 15.401400 12.090000 14.474100 
1229 1 16.786300 6.540840 21.349300 
1230 1 16.985200 6.655770 22.716900 
1231 2 16.923300 6.602850 21.957500 
1232 2 16.730500 6.547410 22.185100 
1987 2 23.314800 0.594218 19.069000 
1695 2 22.915100 12.315500 17.609900 
1277 1 17.034800 3.168560 16.999400 
1617 1 22.936000 1.773940 13.596700 
1828 2 26.587400 5.573170 22.982100 
1653 1 19.697400 10.465900 23.096000 
1059 2 16.070900 3.036670 20.030100 
76 2 25.511400 11.037600 15.637900 
237 1 15.943400 1.851280 14.780100 
1621 1 22.550300 1.394110 25.094500 
1103 2 16.756200 12.627100 26.670600 
75 2 25.591200 10.957900 15.806400 
1587 2 19.506600 12.521900 20.488300 
679 2 14.082700 4.496580 15.273800 
1104 2 16.950200 12.788800 26.211900 
1100 2 16.286100 6.786050 18.090600 
1013 1 18.480000 1.579490 21.114100 
1821 1 23.959000 4.863210 26.730300 
55 2 25.789600 8.188650 19.064900 
1060 2 15.912500 3.163100 20.015200 
1693 1 22.383400 11.888400 17.068700 
1157 1 15.059800 11.964500 15.018000 
1099 2 15.978800 7.001700 18.101400 
1340 2 14.663000 10.187200 16.997000 
1259 2 21.403000 2.952810 20.968500 
1800 2 23.513800 1.632830 14.567300 
1619 2 23.367700 1.348730 14.466500 
1654 1 20.131600 9.109970 23.499100 
659 2 14.732800 1.559820 16.986700 
1293 1 20.928800 6.943430 21.880100 
1223 2 18.467700 3.993990 22.506200 
1696 2 22.646900 12.206300 17.450700 
1057 1 16.192200 2.603630 19.582400 
1643 2 21.503000 8.885950 18.348500 
73 1 26.004200 10.068300 15.931300 
1825 1 25.507200 6.000580 23.637600 
1394 1 19.438500 0.637487 17.146500 
1519 2 17.088100 8.726050 14.040100 
645 1 24.523500 9.141700 26.576300 
660 2 14.741000 1.626250 17.132400 
1876 2 25.653100 11.291100 15.703700 
1750 1 17.951300 9.477950 20.115500 
1644 2 21.916200 8.984990 18.308500 
1479 2 23.529800 11.358900 21.380900 
1423 2 22.209500 4.249650 23.418800 
1258 1 20.965200 2.898430 20.691600 
1255 2 21.343600 4.041880 17.325500 
1633 1 25.070500 3.761510 18.959200 
1853 1 25.383800 8.900920 18.642600 
795 2 16.921500 1.452050 13.712300 
1188 2 15.205400 4.210660 23.758200 
1856 2 25.663800 8.481990 18.990400 
1652 2 23.154600 11.903200 25.466800 
1066 1 15.385100 9.011200 26.379600 
1422 1 22.624400 4.581460 23.897500 
451 2 25.875600 12.354100 23.880800 
1298 1 19.399400 7.124300 15.554500 
1855 2 25.946400 8.231310 19.009200 
1840 2 23.848400 6.291840 15.717700 
1738 1 19.349300 12.711800 13.721300 
1433 1 18.129000 4.588820 19.657300 
1434 1 19.196500 5.530760 19.420100 
1435 2 18.712400 5.123640 19.432500 
1436 2 18.723800 4.997340 19.565100 
1879 2 21.489600 10.055200 14.132700 
1507 2 23.395800 8.231700 22.572000 
1655 2 19.884100 10.077800 23.275300 
74 1 24.744400 11.273100 16.250600 
678 1 14.459800 4.686540 15.539600 
1182 1 17.604700 0.412983 23.857700 
1480 2 23.499500 11.146400 21.410200 
1260 2 21.580800 2.866750 20.984200 
1185 1 14.759200 3.627440 23.545200 
1069 1 14.083100 6.514630 21.181700 
1660 2 18.806900 9.841770 16.455100 
1256 2 21.504300 3.692840 17.339400 
1477 1 22.948800 10.770600 21.536600 
1672 2 16.907200 12.144300 18.783300 
1187 2 14.861600 4.005990 23.533200 
1184 2 17.828500 0.989569 25.000100 
1338 1 14.260000 9.682360 17.776000 
1236 2 20.111600 3.364400 13.892400 
1586 1 19.673500 12.967000 21.132100 
1279 2 17.728300 3.207790 16.874500 
1874 1 25.244100 11.156600 14.728700 
1263 2 20.138200 4.231900 26.589200 
1506 1 23.443500 7.959640 22.139600 
1875 2 25.527100 10.922200 15.591700 
1805 1 23.220500 0.043750 18.630400 
851 2 13.858600 0.515430 20.069900 
1751 2 18.655200 9.386780 20.046200 
1278 1 18.284200 3.239570 16.861400 
1629 1 21.981400 6.426630 19.832600 
1630 1 22.864800 5.474720 19.890200 
1631 2 22.408300 5.922750 20.021200 
1632 2 22.256600 6.064660 19.838900 
1257 1 19.691400 3.686860 13.756200 
1827 2 26.285600 5.634550 22.937100 
1618 1 24.121100 0.694598 14.242700 
1740 2 18.570200 12.674600 13.759900 
1659 2 18.804300 9.925090 16.632000 
1500 2 13.940700 7.936670 14.287300 
1221 1 18.258400 3.628500 23.122900 
1645 1 21.524500 7.780970 26.171200 
1647 2 21.769400 7.284730 25.793300 
1749 1 19.308300 9.071300 20.384600 
1224 2 18.492100 4.096490 22.656400 
1786 1 24.449300 2.214440 22.934000 
38 1 22.674700 5.823650 16.322900 
1838 1 24.300800 5.586550 15.321400 
1339 2 14.614600 9.958230 17.377700 
1669 1 16.046900 11.732000 18.844500 
1635 2 24.649600 3.844510 18.518800 
1505 1 23.417500 8.553220 23.245900 
1253 1 21.273700 4.023640 16.750900 
1222 1 18.635500 4.298680 21.965100 
79 2 21.403800 10.231100 14.187600 
1016 2 18.655900 0.763884 20.738800 
1081 1 17.279800 9.739290 23.668000 
1787 2 24.248100 1.448650 22.627500 
1837 1 23.041100 6.907790 15.068400 
1865 1 26.514500 11.766500 19.218900 
1623 2 22.534500 1.791030 25.578900 
1084 2 16.416500 9.710410 23.551300 
450 1 26.577900 11.863100 23.584400 
1646 1 21.786500 6.579570 25.742200 
1083 2 16.471900 9.519020 23.823500 
1648 2 21.711400 7.279370 25.948000 
1415 2 20.875200 0.490051 23.122300 
649 1 14.315900 6.836870 25.144200 
1520 2 17.156000 8.880450 13.635100 
647 2 24.804200 8.898470 25.849800 
1839 2 23.492600 6.380080 15.868800 
1337 1 14.992300 10.172500 16.605600 
1880 2 21.444100 10.029600 14.103700 
1785 1 24.193000 0.894899 22.494900 
1788 2 24.336200 1.794760 22.736500 
652 2 14.124100 6.659450 24.713600 
1518 1 17.317200 8.883580 14.478300 
648 2 24.805100 8.913460 25.997300 
1739 2 18.699000 12.731600 13.705100 
1737 1 17.932100 12.794200 13.661000 
849 1 13.265100 0.565958 20.478200 
615 2 16.842700 1.410320 13.846900 
616 2 16.554600 1.477390 13.916200 
1022 1 20.278600 12.655100 24.496200 
1610 1 26.171500 1.212670 20.454000 
1704 2 16.809200 12.581900 22.962300 
54 1 25.414800 8.424080 19.987600 
1622 1 22.554300 2.327570 26.024800 
1491 2 16.622000 5.889150 14.111200 
796 2 16.877600 1.143840 13.815900 
836 2 14.087200 1.474580 26.143700 
1990 1 25.584300 1.248250 16.951500 
1703 2 16.772300 12.814700 22.837700 
1023 2 20.242400 13.323200 25.118700 
1489 1 16.598400 6.491080 13.738800 
1261 1 20.315100 4.412330 26.039800 
867 2 13.740700 13.126100 24.766600 
1416 2 20.983900 0.507506 22.983800 
866 1 13.876600 12.645700 25.156000 
25 1 26.141000 4.752460 22.151400 
28 2 26.196600 5.445770 22.844800 
850 1 14.401600 0.152070 19.751800 
1413 1 20.774800 0.416488 23.484600 
85 1 19.520300 13.209300 16.827600 
868 2 13.800500 13.142700 24.708200 
1404 2 14.546300 0.138698 23.264200 
77 1 21.581600 10.907900 13.458700 
1594 1 19.606700 20.998500 4.358800 
1935 2 24.013000 17.827500 10.904100 
1795 2 25.458400 26.463800 11.851600 
1580 2 16.352300 23.877300 11.216200 
1346 1 18.918300 18.690800 1.640300 
1163 2 15.265700 24.060000 4.021260 
1345 1 19.407500 19.859200 2.091730 
1770 1 22.082900 19.154200 7.536890 
1552 2 20.295200 16.305500 11.486200 
1311 2 14.405000 15.057600 1.801570 
1584 2 17.783900 21.763000 0.594677 
1662 1 21.510100 25.118700 4.327310 
1928 2 25.113300 17.089300 3.724110 
1318 1 14.558200 21.282200 11.856500 
192 2 26.326400 26.531100 5.598850 
1130 1 19.321500 21.388700 11.504600 
133 1 24.297500 18.400000 10.089200 
135 2 23.996000 17.684000 10.996300 
1720 2 21.531500 13.295200 11.462200 
1747 2 21.786900 16.388200 4.204970 
1361 1 26.733800 20.478000 2.062500 
1153 1 16.302400 15.822900 12.670300 
1360 2 20.266300 19.244700 9.758770 
1132 2 19.155700 21.427400 11.813300 
1195 2 14.844800 18.154200 7.229610 
940 2 14.410600 17.625700 11.397600 
1772 2 22.161700 18.874000 6.916790 
1178 1 15.868100 20.826600 9.962040 
1020 2 20.055300 25.613900 12.031300 
1771 2 22.089500 18.847700 6.905630 
1565 1 22.988500 22.788300 4.295770 
1384 2 17.410600 24.830500 7.520760 
154 1 24.025600 20.960400 9.519390 
1488 2 22.932700 19.785500 2.978280 
1155 2 16.179800 15.189300 12.568400 
1302 1 18.887500 16.012200 2.903680 
176 2 24.169600 21.263400 9.027870 
1599 2 24.008200 23.070400 12.692700 
1001 1 17.319600 25.571900 8.336170 
1364 2 25.881700 20.481000 2.382650 
1419 2 23.981900 23.026700 12.546900 
1007 2 18.908900 17.297600 6.072750 
1578 1 16.065800 24.126800 11.980800 
1567 2 23.416600 22.743000 4.606230 
1782 1 21.724600 24.699700 0.604521 
1005 1 18.544500 16.939200 6.222360 
1357 1 19.979900 19.500100 9.221270 
1385 1 18.020100 22.553600 0.460835 
98 1 25.418900 14.204400 12.471400 
1927 2 24.995300 17.136800 3.800820 
1606 1 23.491900 23.344800 1.069420 
1177 1 16.249300 20.789200 8.656590 
1600 2 24.084500 22.798000 12.397000 
134 1 24.526300 17.955300 11.630900 
928 2 16.036800 14.382300 5.120020 
1161 1 15.386900 24.074100 4.546930 
1745 1 21.683500 16.395500 5.008890 
1748 2 21.638300 16.424900 4.374470 
1418 1 23.770300 21.994000 12.445900 
1664 2 21.961900 25.592100 4.653640 
1313 1 13.329300 14.354200 11.780300 
173 1 21.300600 15.572100 8.193050 
1536 2 17.666200 17.439300 9.583160 
83 2 24.924000 14.238400 1.238080 
1760 2 21.811800 15.354700 7.832420 
1006 1 19.400100 18.131200 5.833950 
1734 1 25.590300 20.071900 4.808740 
1114 1 18.259200 17.275100 12.843200 
938 1 14.182600 17.981000 11.752400 
997 1 20.798400 25.665500 12.951700 
1616 2 21.208700 19.617600 12.956800 
1405 1 21.179200 22.824400 7.164940 
1304 2 18.380000 15.326800 2.937950 
986 1 14.315700 21.087700 2.018660 
1312 2 14.680700 15.007300 1.654220 
1934 1 23.072300 18.107100 11.159800 
1733 1 24.846200 19.919900 6.100790 
937 1 14.815300 17.102800 11.186000 
1303 2 18.334500 15.679700 2.901400 
1753 1 18.960300 13.272200 5.438790 
987 2 13.868800 21.126000 2.373450 
174 1 24.138400 21.863900 8.544810 
1156 2 16.258900 15.159600 12.681300 
721 1 18.456600 24.298300 3.207220 
802 1 14.615900 24.176900 0.642793 
1913 1 25.126700 13.739100 8.348710 
1198 1 19.728900 24.544900 12.150800 
1397 1 21.185700 22.496900 10.153700 
1162 1 15.310200 23.574400 3.011080 
1398 1 22.590200 25.319700 8.546410 
1613 1 20.921700 20.348200 12.977300 
1204 2 17.232600 24.635800 7.535790 
1901 1 23.730400 13.397900 4.338720 
1603 2 20.670700 24.741500 1.122680 
1138 1 15.956100 13.829300 7.921020 
1196 2 14.729700 18.275600 7.578070 
1485 1 22.922400 19.703000 2.469230 
136 2 23.877900 18.007200 11.091500 
1926 1 25.399900 17.527500 3.295410 
1784 2 20.574400 24.784300 1.002280 
1884 2 24.833400 14.488200 1.054620 
1147 2 13.945400 21.280900 6.484650 
1309 1 14.041900 14.683000 2.039970 
1164 2 15.436400 23.795200 3.547680 
722 1 18.363800 23.258600 3.927680 
1597 1 24.600200 23.170100 11.829100 
1408 2 20.894100 23.115800 7.069620 
1593 1 20.904900 21.331200 4.301740 
1681 1 21.960600 15.796900 0.646937 
1718 1 21.461100 13.936000 10.834400 
1018 1 24.250700 24.494200 8.079210 
1359 2 20.091300 19.054600 9.684720 
1608 2 23.980400 23.522000 1.529020 
1203 2 17.207500 24.776100 7.800120 
1453 1 19.774500 26.327400 8.582090 
1381 1 17.261000 25.160900 6.704900 
1783 2 20.738400 24.901500 1.024460 
1535 2 17.321100 17.340300 9.436870 
1179 2 16.165400 20.707300 9.306970 
1596 2 20.330600 21.161500 4.495570 
1154 1 16.111500 14.636700 12.810100 
175 2 24.157100 21.331100 9.024010 
1347 2 19.083200 19.221300 1.843670 
1348 2 19.199800 19.051200 1.951260 
335 2 25.222800 16.669700 7.136430 
1129 1 17.965800 21.031300 11.775500 
1615 2 21.252000 19.711900 13.043200 
1757 1 22.487600 15.521400 7.493950 
1358 1 20.507400 18.944900 10.297600 
1661 1 22.407000 25.985500 4.866930 
1406 1 20.420100 23.647300 6.344570 
988 2 13.595400 21.129600 2.472550 
723 2 18.303800 23.795300 3.718280 
1882 1 25.105600 13.382400 1.043760 
1201 1 16.180400 24.420900 7.734240 
1148 2 13.834300 21.471400 6.361300 
1487 2 22.836100 19.772700 3.121060 
1370 1 18.811400 21.379600 7.394330 
1371 2 18.350500 21.111500 7.053500 
1372 2 18.426800 21.193100 7.170490 
1545 1 21.558900 21.398300 0.278789 
82 1 23.875000 14.422900 1.556260 
1881 1 25.622400 14.587000 1.929160 
1363 2 25.757700 20.418100 2.221830 
1139 2 15.339200 14.248400 8.201890 
1566 1 23.857000 23.117000 5.165020 
1113 1 17.502800 18.166800 13.177000 
1387 2 17.665000 21.914800 0.779380 
1362 1 25.292800 20.639400 2.418350 
1925 1 24.596700 16.744300 3.942300 
1200 2 19.919700 25.529400 12.287000 
1383 2 17.127800 24.837800 7.565820 
1933 1 23.870300 16.604200 10.679900 
1399 2 23.589200 24.903000 8.956970 
1115 2 17.729300 17.868600 12.945200 
1317 1 14.178900 20.831200 13.164900 
1736 2 25.176000 20.093600 5.651980 
1614 1 21.639000 19.077600 13.177300 
1420 2 24.094200 23.206300 12.411500 
1759 2 22.000700 15.686100 7.934920 
1525 1 16.119900 20.507100 4.605840 
939 2 14.669100 17.653700 11.377700 
1534 1 17.961800 17.807500 9.854770 
1663 2 21.870000 25.844400 4.600430 
1602 1 20.581500 25.833100 1.856420 
336 2 25.274200 16.428100 7.121760 
1145 1 14.133200 20.477500 6.582010 
1528 2 16.649600 20.127700 4.506620 
1316 2 13.221200 14.034900 10.949900 
1604 2 20.550300 24.844300 1.075040 
767 2 15.768700 18.463800 1.475510 
1684 2 21.544400 15.891300 1.119430 
1527 2 16.832200 20.048000 4.517840 
1581 1 17.653100 21.340000 0.924178 
1194 1 14.960400 18.009900 6.569870 
1369 1 17.873100 20.887500 6.592370 
1883 2 24.853400 14.219400 1.156010 
1735 2 25.245200 19.782900 5.458960 
1008 2 18.952100 17.608500 6.042290 
927 2 16.060700 14.556500 4.985670 
191 2 26.329100 26.364500 5.618390 
1533 1 16.993900 17.049900 8.992280 
1116 2 17.885200 17.853900 12.925300 
1486 1 22.961100 19.754300 3.732380 
1577 1 16.732800 23.836100 10.565100 
1140 2 15.329300 14.144800 7.880760 
1315 2 13.270400 13.994100 11.087500 
1350 1 14.921700 16.834400 4.461560 
1219 2 20.803300 22.421400 10.265100 
1352 2 14.438700 17.615300 4.532560 
1605 1 24.489200 23.468200 2.016700 
1349 1 14.238100 18.030100 4.508010 
1301 1 17.981900 14.888100 2.890360 
1526 1 17.126200 19.714800 4.465670 
926 1 15.540100 13.997200 4.890180 
724 2 18.544200 24.011000 3.557440 
81 1 25.021000 14.967900 0.462274 
1570 1 18.451100 14.438400 8.870430 
1571 2 18.835000 14.604000 8.422730 
1572 2 18.888600 14.617200 8.385970 
334 1 25.166700 17.215900 6.762750 
1936 2 24.057500 17.525200 11.185900 
1146 1 13.696000 21.764800 6.077050 
1595 2 20.254800 21.330000 4.337610 
100 2 26.509300 14.775100 12.721600 
1746 1 21.737700 16.342800 3.678590 
1382 1 17.890200 23.973500 7.632910 
1601 1 20.213100 24.008300 1.605250 
1607 2 23.967700 23.336900 1.616560 
1568 2 23.523500 23.098700 5.014240 
1407 2 20.913400 23.325900 6.861900 
1769 1 22.424600 18.532300 6.422530 
1549 1 19.653300 16.167400 10.971000 
1199 2 20.214700 25.505000 12.348200 
1131 2 18.393900 21.266700 11.780100 
1579 2 16.348100 23.985100 11.267700 
1137 1 14.851400 14.530300 8.293020 
1550 1 20.721500 16.300900 11.984400 
1551 2 19.984800 16.040700 11.421000 
333 1 25.193500 16.016800 7.409810 
794 1 13.458600 24.242500 10.808600 
1781 1 20.168100 25.036100 0.241813 
1417 1 23.065000 23.690700 12.524500 
1220 2 23.677800 24.628800 8.925590 
1180 2 16.003300 20.989600 9.383920 
766 1 16.033100 18.807200 1.298840 
925 1 16.264900 14.932100 5.224820 
1351 2 14.668800 17.494900 4.371970 
1400 2 23.754100 24.685500 8.564730 
1218 1 23.763900 24.554600 9.617430 
1310 1 15.130700 15.550200 1.433550 
1193 1 14.524400 18.391900 7.943740 
765 1 15.124400 17.997700 1.674480 
1569 1 19.245400 14.754100 7.751550 
1197 1 20.350000 25.600900 11.276000 
1682 1 21.092100 16.025300 1.539530 
84 2 24.941700 14.592800 1.208610 
768 2 15.614500 18.389000 1.474440 
1790 1 23.342500 26.542000 1.948380 
1019 2 20.115600 25.312900 12.075400 
12 2 26.672500 26.622600 5.473790 
1320 2 14.334900 21.002200 12.357100 
1319 2 14.415600 20.948400 12.744000 
1899 2 26.513300 14.577400 12.444100 
993 1 13.835200 23.550000 9.230420 
1683 2 21.421800 15.870900 1.101960 
1548 2 22.000600 21.141200 -0.020064 
9 1 26.005000 26.326900 4.585390 
1797 1 25.077300 25.882600 11.648600 
1017 1 19.217100 26.374700 12.365400 
1796 2 25.334600 26.392000 11.759500 
11 2 26.166800 26.051400 5.617940 
142 1 24.525500 17.826800 0.418292 
1125 1 13.507100 23.977300 13.311100 
1331 2 16.761300 15.487500 19.323000 
1743 2 22.857200 24.088900 24.632400 
801 1 15.242500 22.854900 26.185100 
514 1 25.937700 19.072000 18.436500 
105 1 25.872900 15.747200 21.763800 
1898 1 26.719000 15.061600 13.503400 
1941 1 25.064800 18.038200 25.200300 
349 1 22.510000 20.797200 19.719000 
1409 1 21.702700 23.300600 20.625300 
1213 1 19.833800 25.947000 15.822100 
117 1 22.245900 13.834500 14.099900 
120 2 22.589900 14.356400 14.602900 
337 1 25.719200 16.338400 17.252200 
1368 2 19.051000 23.097600 24.643300 
1921 1 18.181000 19.501000 21.142500 
1561 1 18.648500 21.397900 17.598900 
1390 1 16.616900 25.208600 18.651900 
1392 2 16.498600 25.308200 17.994100 
1705 1 18.554000 17.308400 18.717400 
141 1 24.272700 19.321900 26.083100 
1894 1 22.992300 14.964400 20.671000 
516 2 25.387500 19.504300 19.178900 
1732 2 14.908300 17.673300 15.462400 
1285 1 19.487400 17.842400 24.835600 
102 1 19.649700 19.252700 22.005400 
1560 2 17.702200 20.002500 15.141200 
1367 2 19.250200 23.097800 24.600100 
983 2 14.840900 23.908200 26.332900 
1323 2 13.972800 19.836300 22.157100 
1963 2 25.591400 24.393900 21.846400 
144 2 24.405600 18.257600 26.014400 
1985 1 26.403000 26.440600 25.998700 
1715 2 16.884300 14.916000 16.296800 
1378 1 19.470400 16.258400 15.251100 
285 1 23.634200 14.730800 24.370600 
1973 1 22.375900 17.128700 18.776200 
803 2 14.959200 23.992900 26.397400 
1713 1 16.847400 14.849000 16.929800 
194 1 23.601500 24.202500 16.571800 
1729 1 15.371600 17.969800 15.856600 
1993 1 22.849200 22.323300 17.243200 
1286 1 20.417000 19.072700 25.495900 
1988 2 26.255000 25.878900 25.511500 
350 1 21.511600 20.072700 20.165000 
1920 2 22.667300 14.483600 14.786700 
1807 2 26.406500 25.673600 25.528300 
559 2 13.327200 13.830400 20.880300 
1559 2 17.620000 20.107700 15.152800 
1141 1 13.977500 15.964000 25.075100 
143 2 24.439700 18.346900 25.687100 
196 2 24.344100 23.077000 17.303100 
1467 2 13.568500 16.098500 18.504300 
123 2 18.958800 19.955400 21.792800 
140 2 24.863100 18.423700 15.029600 
984 2 14.706300 23.852900 26.041900 
1961 1 26.450900 24.777900 21.603100 
1947 2 22.556400 17.835600 22.001500 
124 2 18.610700 19.919300 21.589000 
1742 1 22.372700 24.216900 24.767900 
1143 2 14.064800 16.476100 25.233300 
1557 1 18.013800 19.654800 14.640700 
1592 2 20.881800 23.972300 20.354100 
1330 1 16.363600 15.961500 19.162200 
804 2 14.974700 23.677100 26.221900 
288 2 23.146500 15.236000 24.162900 
1329 1 17.037100 14.892300 19.486600 
1923 2 18.727900 19.770800 21.848600 
1009 1 14.854600 22.599000 19.873300 
1994 1 25.283200 23.943000 17.536100 
1144 2 13.943500 16.704300 25.203400 
1950 1 25.283900 19.921500 22.343600 
1524 2 16.193000 19.407100 18.368500 
1366 1 18.879200 22.779900 24.494700 
1326 1 14.774700 21.979600 16.935500 
1327 2 14.693400 21.805400 16.298000 
1328 2 14.780100 21.859600 16.195700 
14 1 23.765700 23.570200 18.230500 
1951 2 24.944500 20.601200 22.111200 
515 2 25.554600 19.226800 18.752200 
1142 1 13.785100 17.186300 25.370700 
558 1 13.504500 13.439700 21.446500 
1590 1 21.054900 24.918500 20.485300 
286 1 22.597400 15.392300 24.222400 
1012 2 15.078700 22.047600 19.736600 
1353 1 16.698400 23.616600 15.200000 
1354 1 17.384400 23.812300 13.974900 
1355 2 17.000900 23.694000 14.666300 
1356 2 16.992000 23.679700 14.387200 
1521 1 16.859500 19.711800 18.643600 
329 1 22.299500 20.437500 23.199700 
1773 1 25.802400 22.949700 26.298300 
1544 2 16.982600 24.425200 21.918500 
1918 1 22.223700 15.100400 15.247700 
1893 1 22.986100 13.490200 20.692500 
1267 2 15.537900 16.298400 22.307100 
1431 2 19.009000 15.653900 22.027500 
1287 2 20.280900 18.647000 25.326400 
1380 2 19.758500 16.629500 15.487700 
352 2 21.829000 20.554100 19.847000 
1896 2 23.046200 14.151000 20.780100 
87 2 19.677700 13.413700 17.408600 
1523 2 16.299900 19.178100 18.544400 
1806 1 26.426000 25.215600 24.993900 
1391 2 16.488400 25.290300 18.131600 
161 1 25.341900 24.129400 20.664400 
865 1 13.915800 13.568800 24.166600 
1546 1 22.448300 20.706000 26.162200 
1321 1 14.033800 20.365800 21.921000 
1410 1 19.948400 23.753500 21.138800 
1412 2 20.881400 23.842900 20.336600 
1924 2 18.562300 20.205200 21.707800 
1288 2 20.228900 18.671100 25.167200 
1432 2 18.828200 15.611100 22.246000 
1741 1 23.654800 24.226300 24.889600 
1724 2 17.783800 16.323100 25.683300 
1945 1 22.789700 17.825600 21.293900 
876 2 13.125400 13.474000 17.089200 
1217 1 24.461500 23.053000 13.415800 
1128 2 13.299900 24.589600 13.519700 
1940 2 24.604200 18.448000 14.931600 
1379 2 20.025600 16.890300 15.296600 
1325 1 14.739400 21.736700 15.708000 
195 2 24.122400 23.147400 17.287500 
1402 1 15.238400 22.378900 23.069500 
1583 2 14.528700 26.609400 23.273800 
107 2 26.731800 16.517400 21.932300 
108 2 26.525700 17.081900 21.960200 
1723 2 17.754200 16.019300 25.262400 
330 1 22.112100 21.637400 23.223800 
1542 1 17.681900 24.546300 21.480500 
1562 1 18.210600 22.426900 18.215600 
1564 2 18.099600 22.076100 18.112700 
1573 1 21.308700 23.228000 15.029700 
1574 1 20.511600 22.452500 14.860100 
1575 2 20.818900 22.761000 14.682400 
1576 2 20.870600 22.872300 15.033300 
1975 2 22.377300 16.802000 18.295700 
1939 2 24.463400 18.303100 14.932600 
1126 1 13.311400 25.369200 13.938200 
1389 1 16.450500 25.526200 17.421100 
119 2 22.988000 14.405400 14.648200 
1522 1 15.616000 18.973900 18.283600 
1589 1 20.708400 23.375000 19.496700 
1591 2 20.842400 23.848400 20.536800 
1558 1 17.362600 20.386100 15.723400 
1411 2 20.492700 23.815000 20.448300 
694 1 13.672400 15.141800 14.654500 
1774 1 25.985000 22.018200 25.506900 
1322 1 13.972600 18.995800 22.412400 
164 2 25.356100 24.426000 21.679100 
1504 2 16.158400 19.744000 24.946400 
1722 1 17.667300 16.458600 26.184700 
1541 1 16.360100 24.607000 21.919900 
1563 2 18.390500 22.007200 17.989100 
1922 1 17.988000 20.310100 22.582500 
1949 1 24.733300 21.138000 22.126300 
1938 1 25.847700 18.485200 14.873800 
1706 1 19.700700 17.828200 18.868900 
1707 2 19.110500 17.535500 18.951900 
1708 2 19.131400 17.465900 18.921900 
1721 1 17.849400 15.854900 24.892700 
1895 2 23.141200 14.265700 20.640900 
1430 1 19.294400 15.304000 22.447200 
1377 1 20.293700 17.278900 15.375100 
86 1 19.986800 13.656200 17.922400 
1948 2 22.475100 17.797500 21.709200 
137 1 24.454300 19.344700 15.467000 
1468 2 13.730300 16.200500 18.403900 
1725 1 21.224200 19.948300 17.513400 
1726 1 20.443800 19.951000 16.554200 
1727 2 20.663800 19.941000 16.895700 
1728 2 20.927700 19.847900 16.925600 
1905 1 25.892200 17.443800 22.413900 
1962 1 25.366100 23.865000 22.456200 
1731 2 14.919800 17.706000 15.281900 
1995 2 23.707500 23.313900 17.327200 
338 1 25.378700 15.050400 17.262800 
88 2 19.678200 13.423900 17.421100 
873 1 13.579600 13.528000 17.407900 
339 2 25.657300 15.711600 17.268800 
1917 1 23.117000 13.702700 15.568600 
1976 2 22.344200 16.582700 18.297300 
118 1 23.373800 14.947200 13.971500 
1744 2 22.941800 24.377400 24.909900 
1776 2 25.910700 22.398500 25.839800 
1396 2 19.704400 26.205500 16.955600 
1503 2 16.203200 19.776900 24.566500 
1501 1 16.726400 20.066000 25.294600 
1268 2 15.869600 16.358800 22.360000 
1266 1 16.097500 16.403300 22.801700 
1547 2 21.925000 21.230900 26.500800 
1365 1 19.847300 23.547400 24.571800 
1946 1 22.074300 17.543200 22.584800 
1265 1 15.241800 16.231500 21.877600 
1543 2 16.985500 24.474500 21.604100 
287 2 23.061600 15.064200 24.213300 
16 2 24.435500 23.439500 17.360300 
122 1 19.501900 21.060700 21.505800 
1730 1 14.470400 17.408000 14.906800 
1429 1 18.417300 15.857400 21.510700 
1332 2 16.632100 15.358500 19.305400 
1716 2 16.850500 14.927000 16.133600 
1974 1 22.339400 16.077400 17.820900 
331 2 22.059200 21.092800 23.249600 
981 1 15.851800 24.572300 25.771700 
1942 1 23.553400 17.969900 25.301000 
1021 1 19.972900 13.591200 25.656200 
163 2 25.432200 24.504200 21.797100 
1403 2 15.036900 22.356400 23.064600 
1919 2 22.717400 14.422700 14.594500 
1465 1 13.973200 16.173400 17.676500 
332 2 22.218700 20.926700 23.302400 
15 2 24.721400 23.404500 17.268700 
1964 2 25.692500 24.552400 21.735200 
1324 2 13.877200 19.501000 22.254200 
1952 2 24.868100 20.371300 22.224400 
513 1 25.242800 19.541100 19.753300 
1996 2 23.895600 23.377800 17.394300 
1502 1 15.606700 19.628000 24.386300 
560 2 13.425100 13.745700 20.973300 
1714 1 16.863300 14.770100 15.545100 
1907 2 26.516900 16.880000 22.126900 
1215 2 19.878900 26.486400 16.884700 
351 2 22.082800 20.535000 19.862800 
1937 1 24.066700 18.216400 14.240800 
193 1 25.309900 22.148400 18.013400 
1216 2 19.899600 26.241600 17.098000 
1943 2 24.351100 18.210800 25.945800 
1127 2 13.505500 24.722100 13.731100 
162 1 25.078800 25.215700 21.903500 
13 1 24.512600 22.938800 16.236600 
1393 1 20.745400 26.324400 17.517600 
1775 2 25.848200 22.340700 25.842700 
340 2 25.542900 15.641900 17.123100 
139 2 24.748900 18.564700 15.035000 
1582 1 14.003400 26.299200 23.286700 
1944 2 24.242000 18.295300 25.740800 
1214 1 19.202900 25.461600 17.388200 
138 1 24.423200 17.560300 15.837800 
965 1 13.163800 24.086300 17.092000 
1010 1 15.300600 21.329600 19.608100 
1702 1 16.869100 13.062600 22.360000 
1011 2 14.867100 22.223300 19.816300 
1395 2 19.940500 26.297200 16.742300 
982 1 13.977600 23.938700 25.409800 
1466 1 13.440100 16.176300 18.953100 
