id type x y z 
531 2 4.473990 9.570200 8.776080 
491 2 5.731770 8.685690 1.960260 
1182 1 0.105364 4.184210 7.903410 
564 2 6.650440 7.297630 10.449600 
442 1 1.602070 10.382500 11.477200 
8 2 0.568836 4.293460 7.494510 
1498 1 6.035640 4.972090 9.503940 
1631 2 2.487770 13.210300 5.504700 
1232 2 0.531151 5.363320 0.447979 
771 2 -0.046184 5.560750 11.522900 
185 1 7.781320 9.609740 6.618800 
1413 1 12.782100 7.023990 12.480200 
1209 1 7.986030 11.217300 1.790340 
1250 1 2.504680 8.153560 2.441340 
1730 1 1.419750 2.572520 11.300900 
416 2 8.415780 3.968450 9.933370 
1130 1 1.687620 9.434790 5.928520 
68 2 11.732000 2.916330 0.751272 
463 2 1.969550 10.964100 10.632800 
1269 1 2.294150 0.097264 9.094800 
402 1 6.514100 8.266030 2.206060 
783 2 10.849800 8.509360 10.384700 
328 2 9.025940 1.618320 0.918090 
364 2 11.881200 4.778240 10.313800 
730 1 4.913820 8.350880 4.997440 
839 2 8.491020 3.552730 9.810080 
124 2 4.380450 11.239000 3.158390 
1862 1 8.138590 4.411790 9.884820 
888 2 4.455540 9.188930 8.659730 
1392 2 8.866320 11.133500 12.033700 
70 1 11.153300 2.912060 1.162820 
1300 2 5.367290 8.393000 5.379260 
883 2 6.556070 5.365910 7.346120 
86 1 9.977980 6.876190 8.132200 
277 1 13.207000 9.851000 1.406010 
1095 2 8.045370 9.080990 11.320700 
951 2 13.482100 5.516600 6.789560 
425 1 1.342580 7.959920 2.732220 
1433 1 0.080674 10.318300 7.127120 
132 2 8.007600 11.678600 9.290160 
994 1 4.853980 11.603200 3.679810 
261 1 5.575200 0.486234 12.223400 
639 2 8.756160 2.371460 5.167680 
747 2 5.724820 8.682650 13.035200 
1857 1 12.355200 7.154040 5.303930 
1284 2 11.626300 0.305416 5.832290 
337 1 12.910500 12.570400 2.301660 
1053 1 9.209080 7.061460 12.949800 
592 2 3.822750 11.940800 -0.199787 
1442 1 12.310800 11.217100 9.829780 
1220 2 7.518310 11.255600 1.915540 
286 1 4.654060 11.040700 9.957530 
363 2 11.910200 5.031950 10.869900 
382 1 13.282000 2.601740 9.458830 
1915 2 11.986300 2.868990 0.780935 
1637 1 8.168360 4.849120 6.721270 
1180 2 5.173700 3.209800 4.823030 
1192 2 1.329940 10.491100 10.315700 
1834 1 5.044090 3.218640 4.364850 
594 1 8.756870 4.827910 0.942975 
618 1 8.431880 1.499580 12.871700 
830 1 5.460810 8.553400 1.849650 
923 2 2.391380 2.752490 11.152500 
965 1 4.751110 3.158090 5.817950 
1404 2 4.732030 1.538890 12.618200 
148 2 8.077070 9.855090 7.212360 
1873 1 5.068040 6.790930 7.760830 
147 2 7.989460 9.077030 6.444210 
139 2 12.667800 10.111800 4.872020 
991 2 11.144200 12.735900 8.056600 
841 1 8.169810 12.646600 0.669200 
1015 2 12.854500 9.904880 2.319690 
1016 2 12.368400 9.501230 2.277360 
663 2 9.675550 6.910740 8.581950 
1848 2 10.343000 4.079890 7.505970 
496 2 2.035420 9.353030 5.997730 
1518 1 13.073300 0.042665 11.414700 
306 1 11.660500 9.539490 2.249390 
640 2 8.688950 2.379970 5.502630 
386 1 5.712240 2.011410 2.165780 
1883 2 1.599810 3.960890 3.705980 
309 1 10.045000 11.503700 11.299900 
131 2 8.742870 11.564200 9.125610 
1077 1 1.198460 4.061690 4.920980 
1717 1 8.121540 13.516100 7.034340 
123 2 4.630310 11.531700 3.004110 
71 2 6.973430 6.458790 10.313100 
1187 2 2.292010 1.328550 5.731420 
1299 2 9.383670 7.995940 2.739950 
850 1 10.724600 4.825760 6.905350 
1952 2 11.386100 12.595600 8.012790 
563 2 5.280040 7.783530 5.645660 
1400 2 9.211250 8.026150 3.279010 
72 2 6.361220 4.924750 7.424510 
1034 1 4.578730 11.530000 11.390500 
1966 1 2.561740 12.795200 5.569650 
1775 2 5.788850 5.752890 0.773555 
1179 2 4.601730 3.321090 5.284400 
195 2 9.193380 1.719600 1.137970 
892 2 10.910600 6.410940 0.543553 
1561 1 6.206570 0.500559 6.284900 
1994 1 12.225400 2.459690 0.189024 
1906 1 10.272500 11.965200 4.998730 
577 1 5.677850 2.787500 7.959500 
595 2 1.928390 8.503040 12.888400 
490 1 1.831160 4.817940 3.685410 
1448 2 4.719980 2.318130 8.253080 
712 2 5.873180 1.338010 1.924170 
462 1 1.429580 11.019400 3.331500 
1219 2 7.446610 11.885300 1.469370 
1595 2 1.893130 8.187840 2.448500 
611 2 5.961530 1.320480 2.222030 
1297 1 9.208780 6.899510 9.201150 
717 1 11.280500 12.330400 7.603910 
1419 2 2.759370 11.796200 0.076176 
541 1 10.278300 3.492340 7.548910 
176 2 1.290090 7.624430 8.849290 
324 2 11.711800 9.459720 7.493290 
1704 2 4.111050 5.950020 4.148980 
196 2 5.781100 8.266190 2.232270 
984 2 12.304200 10.788300 11.101500 
1022 1 2.984940 1.979820 6.175620 
1447 2 4.880890 3.018800 8.259900 
1973 1 3.348420 10.916000 0.078416 
184 2 2.371400 1.590110 6.020690 
1105 1 6.166450 5.117800 7.435490 
1014 1 0.831056 11.138400 8.533020 
1931 2 0.734232 7.733210 9.105770 
213 1 9.766590 8.484270 3.953100 
250 1 2.093760 2.222140 1.472730 
1653 1 2.028380 11.236900 10.168400 
1129 1 9.250000 7.703880 2.430030 
1421 1 7.963920 11.469900 9.325640 
784 2 10.671800 8.744630 10.493100 
1145 1 8.894540 3.020550 9.877330 
1246 1 8.704370 11.869100 5.459990 
514 1 6.961750 6.641670 10.256700 
591 2 5.793910 11.228800 7.326160 
112 2 0.267080 10.453100 7.026940 
1001 1 8.048230 6.497870 5.286990 
629 1 12.789100 9.517180 4.337990 
957 1 5.034230 8.873740 9.181540 
1986 1 3.202560 6.540860 9.571530 
1478 1 10.983500 8.610220 8.254390 
1510 1 6.196880 8.677790 5.285750 
924 2 1.943040 2.775070 11.321600 
852 2 2.139870 1.699920 1.431540 
1678 1 10.330100 12.661600 8.484890 
49 1 6.191290 0.430433 4.968100 
238 1 3.950980 6.151640 4.088310 
274 1 8.340260 1.963670 5.076440 
543 2 3.564070 6.680950 9.778980 
1206 1 8.833820 0.587231 8.495190 
697 1 1.442200 9.219400 12.614600 
1703 2 5.958960 0.626824 5.662440 
262 1 2.500440 5.720590 7.792950 
1290 1 12.313600 10.621500 11.460000 
814 1 3.822610 9.238700 8.646030 
735 2 9.144900 6.691240 13.009200 
1539 2 11.903100 1.289170 11.287000 
810 1 8.589310 5.510920 5.068800 
248 2 1.470350 7.869530 2.789140 
568 2 2.026970 8.142650 12.135100 
327 2 4.890700 11.806700 11.196200 
927 2 11.686000 7.143320 5.729050 
1908 2 9.474180 11.871800 5.434410 
977 1 0.598032 7.121770 8.651750 
369 1 4.402080 5.460270 0.447951 
53 1 2.606420 0.978793 1.547430 
1954 1 5.872210 3.208090 11.513300 
983 2 12.126000 10.608200 11.350000 
1227 2 2.784340 5.817030 7.427560 
884 2 6.596900 0.169174 5.683000 
993 1 5.197320 4.554060 12.222700 
1750 1 9.504350 10.605600 6.485120 
120 2 12.963400 1.757150 8.558450 
81 1 8.774240 1.167580 1.384970 
1443 2 9.213820 11.549000 5.399720 
1724 2 5.585330 4.404990 11.446500 
1094 1 4.397420 5.440010 4.656430 
1445 1 8.478040 4.951660 2.578630 
1771 2 3.914060 5.767110 4.188390 
1562 1 1.915040 7.799210 12.574900 
596 2 3.721960 6.388500 10.008000 
728 2 8.575330 5.861400 5.272230 
912 2 8.076990 5.426470 1.753320 
1884 2 1.411550 4.071090 4.143130 
335 2 8.733730 4.652290 1.367430 
1096 2 4.944870 11.671200 10.733900 
495 2 1.715860 8.341640 5.638470 
1526 1 3.256590 2.807500 8.402130 
526 1 2.833860 3.154200 10.975600 
373 1 8.469670 11.447800 12.764100 
1325 1 6.579530 5.583230 0.859610 
270 1 8.787420 5.793440 12.587000 
330 1 4.510060 1.610410 12.087000 
1804 2 5.502960 11.481000 7.195560 
1131 2 11.559100 9.121010 8.216440 
417 1 1.777160 3.073730 3.248770 
1354 1 1.727710 1.060650 5.691580 
958 1 5.978750 12.095700 11.019600 
7 2 0.169137 3.475760 7.558140 
1234 1 8.734250 2.877700 0.175005 
1829 1 10.937200 0.902175 11.197500 
569 1 11.698500 6.785480 6.385330 
1578 1 12.807300 1.998870 5.450770 
1822 1 4.185930 6.764120 10.659200 
1047 2 12.966300 13.079500 1.934460 
615 2 12.951800 2.415400 5.549510 
1221 1 2.261570 8.292470 5.616240 
1919 2 2.005140 1.796540 1.523280 
727 2 8.479510 5.918070 5.200910 
664 2 9.788490 6.986280 8.346920 
1540 2 12.834400 1.036440 10.988800 
921 1 13.292400 5.730940 6.392400 
1990 1 6.509240 11.384100 7.551580 
1441 1 10.491400 9.142220 10.006700 
1723 2 5.343500 4.197500 11.682600 
1847 2 10.339300 4.009500 7.121910 
623 2 2.995280 0.125203 9.448450 
234 1 8.278880 9.428990 11.696400 
585 1 9.273710 2.934690 12.923900 
928 2 12.268900 7.047910 5.674840 
1048 2 12.444500 13.070200 1.215030 
54 1 12.177400 4.985550 10.948600 
1261 1 2.280380 4.600600 12.564100 
214 1 1.079170 7.981600 9.587350 
1674 1 10.763100 8.008000 10.734100 
834 1 0.053440 5.743460 11.422900 
617 1 9.742420 2.604600 5.348880 
353 1 0.446661 11.526600 13.171500 
501 1 10.376600 7.024110 1.093920 
1927 2 4.636070 1.490650 11.918600 
1790 1 11.037800 6.214880 0.121739 
1193 1 6.287430 0.436527 1.519060 
1780 2 0.087842 11.058800 3.216910 
840 2 8.695260 0.116252 8.363700 
911 2 8.682650 2.119510 12.699900 
111 2 0.439883 11.060900 7.571940 
624 2 9.088810 2.283800 12.855500 
1889 1 11.432600 4.903730 10.056100 
837 1 4.962570 11.041300 7.563190 
891 2 10.936500 6.430970 0.675328 
1624 2 8.935900 6.450180 12.849800 
902 1 12.394000 1.472890 8.703640 
1391 2 8.793130 11.618000 12.929300 
202 1 3.453740 0.859763 9.923830 
1160 2 2.527620 0.368017 9.114780 
706 1 4.635100 11.641000 2.168710 
1842 1 11.540500 9.732900 7.639900 
1916 2 4.674790 5.571060 -0.019953 
1983 2 9.649820 10.006200 0.041230 
1928 2 6.251670 8.834910 13.016400 
1030 1 5.469980 8.821940 12.517200 
379 2 2.847140 5.439720 12.926100 
816 2 0.144233 10.652300 12.889700 
825 1 0.122877 9.717110 24.977400 
1786 1 1.504900 2.440680 14.831300 
998 1 11.119400 7.957470 17.603600 
614 1 6.368800 2.404280 24.787700 
604 2 6.287520 2.315440 25.712800 
486 1 3.099170 6.587930 22.433300 
695 2 9.815940 6.171780 15.844600 
689 1 0.750705 4.377990 22.084200 
1438 1 0.323911 11.864100 22.391300 
293 1 10.683600 3.300510 17.644300 
1107 2 7.978180 3.242820 16.791600 
1457 1 8.655540 10.768100 16.172000 
1469 1 1.554790 9.524850 18.880300 
1393 1 8.513090 1.197440 15.788700 
65 1 13.053700 11.114700 18.218800 
824 2 10.901300 8.610590 18.300000 
1056 2 2.245850 8.002120 15.893200 
1119 2 9.929950 12.500500 21.317800 
1332 2 3.953990 3.144620 22.501500 
1785 1 2.038260 3.481950 21.999800 
668 2 5.392270 1.335240 15.714100 
1155 2 4.865350 3.803230 19.474500 
387 2 1.408400 9.023870 19.375400 
904 2 12.354800 8.512790 23.902100 
1345 1 4.504090 0.598539 21.021100 
1940 2 5.577450 8.649280 24.019200 
1586 1 0.308558 3.321640 14.736100 
1280 2 10.827500 2.271040 22.902300 
1773 1 8.391510 8.997360 19.012600 
1301 1 7.231360 2.848850 16.469100 
211 2 0.984724 9.383720 22.371700 
1327 2 6.583980 5.151470 23.016900 
757 1 13.229700 8.460040 21.434900 
1255 2 10.900300 8.139630 15.106000 
1207 2 9.121660 0.341676 16.202000 
444 2 0.826498 1.712200 18.476500 
1575 2 6.836110 7.584720 16.589200 
1768 2 13.136600 6.129230 16.408200 
272 2 0.829539 3.206570 14.483300 
986 1 11.013900 5.184440 15.365200 
271 2 3.931630 5.123820 16.563600 
377 1 11.474800 3.918860 13.300100 
1772 2 5.653180 6.023060 14.862900 
423 2 8.596840 9.885070 18.757100 
483 2 8.452560 5.369970 19.870500 
1429 1 4.297430 -0.162983 16.105100 
456 2 12.420600 11.518200 18.397000 
1170 1 11.557500 10.342800 24.835800 
388 2 1.824440 9.335620 18.842600 
1858 1 12.015100 8.195440 23.683700 
1977 1 12.422300 3.729920 20.409900 
398 1 5.590820 6.812950 20.254000 
547 2 10.567300 3.156710 17.414700 
1127 2 8.562410 1.129460 20.004300 
1143 2 4.859920 2.177910 15.564200 
345 1 1.613240 8.596700 26.431800 
1078 1 0.045922 1.490580 21.518600 
1424 2 11.534600 4.329010 13.781400 
1536 2 7.136480 11.504700 19.909400 
1223 2 8.457420 8.186030 21.960600 
637 1 6.833650 11.284800 20.662100 
1556 2 1.631820 12.026900 16.268200 
182 1 2.565400 8.680960 22.447500 
458 1 10.040000 0.916951 26.488900 
397 1 4.079720 3.610450 22.053000 
1965 1 12.423900 1.215360 21.845400 
1365 1 2.452100 2.003160 18.435600 
1031 2 6.511050 11.891900 20.642400 
1264 2 3.964450 0.776790 25.665000 
1670 1 0.099738 0.677936 24.910700 
982 1 2.398900 5.350070 18.516000 
443 2 0.775869 2.165630 17.810100 
1661 1 10.297800 5.735370 22.633700 
899 2 8.498320 10.736800 15.749700 
1664 2 10.487400 3.280720 16.765800 
1238 1 3.528510 0.432526 26.170900 
519 2 5.896650 8.961470 24.082900 
1214 1 8.881280 8.553060 26.015500 
164 2 1.765710 3.882990 21.740300 
1386 1 5.913630 5.080330 23.512300 
1962 1 4.142680 2.953120 23.222000 
1998 1 8.408330 0.553477 19.304900 
153 1 -0.109042 5.479910 15.635100 
686 1 1.833280 5.435260 26.392600 
404 2 9.781550 12.283000 21.684900 
1721 1 5.052130 4.260530 19.310700 
1153 1 4.379990 3.011200 19.004200 
1667 2 10.909700 3.795310 14.038800 
588 2 6.437380 12.912800 24.734900 
424 2 8.516460 9.476590 18.753300 
455 2 12.159400 11.456000 18.515800 
464 2 2.691430 6.658690 22.042700 
1537 1 11.672800 5.621900 23.459900 
1532 2 1.574010 5.359610 18.539600 
1925 1 9.538050 3.680100 24.676100 
318 1 3.638160 10.683100 19.045100 
1748 2 5.448240 0.508826 21.547000 
1191 2 2.866950 7.981530 25.611700 
229 1 6.384060 5.732770 22.067100 
589 1 10.472300 7.036040 14.325000 
900 2 8.837480 10.769100 15.793700 
778 1 8.916040 11.144900 15.069600 
1396 2 1.809240 0.198399 22.392600 
122 1 2.867620 8.080720 25.397800 
733 1 8.061740 3.735770 19.634000 
212 2 1.563230 9.174500 21.853100 
1727 2 0.283299 0.903526 23.873500 
1799 2 11.988300 4.348990 20.362600 
1007 2 4.326700 2.882880 22.920800 
1718 1 5.772500 9.572280 24.031700 
494 1 2.508970 6.917310 16.718000 
278 1 10.181300 8.375290 15.513900 
521 1 11.982000 0.984323 18.242400 
525 1 12.255600 11.410700 23.967000 
484 2 8.722420 4.366830 19.821200 
1956 2 3.891440 4.480340 16.539300 
1957 1 1.938240 11.048800 24.513700 
1596 2 8.634210 4.163620 24.579600 
782 1 5.512190 7.975220 19.021600 
1662 1 6.290490 7.811830 23.737200 
605 1 10.395200 12.980100 21.655600 
1839 2 11.459800 11.178900 14.672400 
857 1 9.045100 13.578800 16.658500 
198 1 12.984200 1.004520 14.249600 
336 2 6.123840 5.626900 23.019100 
1306 1 9.612490 11.907100 21.153400 
332 2 3.435620 11.414500 20.898900 
1083 2 7.940070 7.533240 25.947200 
1243 2 1.992490 5.570680 19.263400 
1505 1 3.622530 4.840970 15.934300 
441 1 7.484510 7.313410 16.491500 
1984 2 9.708240 9.788940 26.070200 
1144 2 6.237320 8.749720 16.744700 
748 2 8.477360 4.509660 19.610100 
1776 2 2.694200 5.006940 24.948600 
587 2 6.326840 13.301700 24.591700 
1377 1 6.454160 12.598000 25.263000 
1522 1 2.218590 9.361740 17.227900 
1461 1 2.251830 11.833400 16.611000 
1509 1 7.922630 11.284800 23.817700 
627 2 11.143000 5.419580 23.463500 
1937 1 0.279485 2.292080 18.520600 
1128 2 8.319100 1.195360 19.598600 
1117 1 11.360200 8.463190 14.733500 
1279 2 12.619200 1.014500 21.724500 
1800 2 8.751720 -0.160926 23.949000 
1091 2 4.127760 10.753300 14.154500 
1362 1 5.949860 1.067770 15.694500 
1044 2 7.960320 10.614400 23.878900 
882 1 2.384870 12.303400 24.053100 
1477 1 0.918986 9.326820 22.367700 
331 2 3.313080 11.471200 21.247300 
29 1 12.632700 6.470110 16.655300 
1950 1 4.218100 11.236400 17.766400 
1108 2 7.631790 3.159990 16.215500 
710 1 9.669850 6.067680 16.146200 
1574 1 5.842850 12.855300 23.527700 
1321 1 6.642560 1.614100 26.037900 
1213 1 4.722680 4.563310 17.490900 
628 2 10.965600 5.766930 22.890700 
1229 1 1.541200 8.314250 19.998700 
255 2 13.002500 0.444674 14.508700 
1055 2 1.859260 7.854290 16.144100 
1063 2 3.918440 11.002800 18.138000 
163 2 1.388350 4.186820 22.043500 
1086 1 12.997800 9.299590 23.675200 
1330 1 0.829558 12.094500 15.879600 
1181 1 10.777200 3.309250 16.369600 
1555 2 1.832480 11.707600 16.617400 
1161 1 10.769500 2.010780 22.870100 
1217 1 0.516574 1.392020 23.536400 
823 2 11.498100 7.962220 18.392300 
1046 1 7.186730 12.496100 19.916700 
524 2 2.224420 8.256120 26.002400 
1502 1 4.842270 2.145990 15.265600 
1043 2 8.106170 10.967000 24.136000 
380 2 9.715830 5.954470 15.839300 
1006 1 8.629710 3.386850 17.088700 
1584 2 9.472740 0.441544 15.890600 
334 1 2.685870 11.548700 21.651400 
523 2 12.148500 9.926580 21.275200 
305 1 3.085740 6.023370 13.655100 
354 1 6.698020 9.252130 17.206000 
90 1 6.387390 0.833076 22.175900 
13 1 3.787200 11.609400 20.917000 
433 1 13.134300 5.726060 25.132200 
310 1 11.798200 11.081700 14.864600 
714 1 8.032330 9.499360 22.274400 
358 1 8.716550 1.503060 20.139200 
1082 1 5.299970 10.416700 14.160500 
769 1 9.092520 7.844380 22.066500 
1663 2 1.065560 3.007530 15.342700 
263 2 5.624310 7.351410 19.984100 
1943 2 11.607300 0.023733 26.319000 
1002 1 5.802950 6.265640 14.748700 
435 2 12.043100 11.162700 24.343000 
1533 1 3.377690 12.615400 26.163800 
502 1 11.622600 11.836600 18.932900 
1120 2 11.838300 9.346760 21.387000 
903 2 12.038100 8.521170 23.732000 
1803 2 2.939950 6.479800 22.149100 
258 1 11.444100 10.176300 22.359000 
1395 2 2.509940 -0.192625 21.983600 
1224 2 8.728350 8.381380 22.349100 
1737 1 8.600930 5.504680 19.325600 
945 1 4.248150 1.143950 18.791300 
326 1 9.942730 4.716750 20.483300 
1428 2 11.857700 11.194800 23.745700 
1625 1 11.370600 8.727240 18.833600 
264 2 5.532910 7.460750 19.671800 
1969 1 8.691510 10.386800 18.850400 
1231 2 2.248500 5.256240 25.342400 
1138 1 1.723630 5.840220 20.155400 
761 1 9.899540 0.167229 16.120100 
1064 2 4.072420 11.093400 18.045500 
371 2 6.566680 1.889270 25.636500 
247 2 9.287130 3.218890 24.652300 
1263 2 3.670170 0.368779 26.241400 
1747 2 6.624010 0.348540 22.215200 
1157 1 2.452670 4.986190 24.163000 
1854 1 1.044130 1.472820 17.358300 
1997 1 11.800900 9.713020 20.944500 
913 1 7.699270 7.670740 25.635300 
1244 2 4.880950 3.704570 18.974500 
1256 2 11.118700 8.246860 14.995300 
1485 1 8.354990 4.411890 23.869500 
1649 1 4.050800 11.440200 14.288100 
561 1 4.519140 0.690433 25.389200 
1705 1 10.851000 10.973500 14.172400 
1092 2 4.328600 10.960000 14.265000 
1483 2 2.309470 11.215800 24.704500 
1058 1 2.533970 8.257830 15.568400 
1032 2 7.751500 7.523290 25.879600 
1690 1 2.122270 0.092036 22.468200 
1930 1 8.588440 10.336900 24.725500 
1484 2 1.794740 11.800100 23.847100 
544 2 11.661200 10.963000 14.595500 
192 2 3.538110 0.922497 18.760200 
1071 2 3.848030 1.414730 18.775400 
106 1 5.039200 6.359500 25.822800 
1611 2 11.654300 0.301115 18.369900 
206 1 10.179900 10.169300 26.506500 
1849 1 6.498710 8.662860 13.584700 
1632 2 3.103750 5.711720 13.941800 
291 2 0.164824 18.408300 8.976370 
949 1 6.166980 21.914800 12.315800 
152 2 3.775330 16.674700 8.151070 
2 1 8.235230 18.647600 3.338200 
1751 2 3.439040 16.503600 8.326040 
621 1 12.057400 26.414500 6.017270 
767 2 9.387900 21.105500 4.451490 
1237 1 5.327860 25.331000 0.823379 
1112 2 7.306080 19.425700 11.167400 
768 2 5.907930 22.209100 12.012600 
1832 2 10.776300 15.129400 8.668570 
997 1 11.723600 17.824100 9.266540 
1326 1 2.631740 21.183800 7.214670 
1642 1 11.908700 14.118200 11.969300 
1040 2 13.007200 20.792300 2.746870 
925 1 3.676680 16.313900 12.922800 
292 2 5.796140 16.867900 11.083900 
1756 2 0.413710 13.525900 9.397980 
1403 2 6.228790 20.617000 7.739020 
1886 1 12.226300 16.297800 12.109200 
1506 1 4.306920 16.663800 8.583910 
1252 2 10.473600 16.886300 0.587196 
642 1 11.344500 24.217800 10.867100 
1782 1 7.583480 22.083900 0.962982 
838 1 12.850100 21.304600 10.106000 
1934 1 4.948840 25.327000 3.139150 
1133 1 10.446600 22.823600 2.155330 
1936 2 11.707600 17.924100 9.456380 
1152 2 9.135630 16.487600 10.217800 
1051 2 6.716990 15.863800 1.240860 
1186 1 8.774240 18.610800 0.981395 
1331 2 2.666730 13.439000 13.144200 
1458 1 7.952850 25.074200 1.098000 
183 2 8.335420 25.222200 1.140300 
941 1 11.966900 21.389600 12.176700 
1629 1 2.938100 23.975300 3.673690 
1346 1 13.092300 20.299100 2.675480 
181 1 3.970840 25.991400 4.381030 
908 2 9.184300 17.733400 6.471110 
1283 2 11.682800 26.162200 6.113530 
45 1 3.639680 21.694700 5.303620 
1587 2 12.235600 21.558100 11.688900 
1808 2 5.281460 19.371600 1.907700 
220 2 10.468300 23.040500 2.671100 
1684 2 3.552780 22.574100 2.905620 
926 1 4.050940 14.177200 10.007100 
1634 1 4.959960 13.819400 8.820030 
215 2 6.097290 15.841700 5.711450 
1287 2 6.537800 23.712600 8.458340 
980 2 4.550390 14.970800 1.789520 
239 2 4.249530 24.752900 5.941620 
77 1 0.669548 14.252500 8.947130 
554 1 11.037100 24.496200 6.809210 
1548 2 6.301330 26.022600 12.184900 
1553 1 4.222360 23.640100 9.803060 
295 2 9.004260 25.811600 4.722520 
1054 1 0.332880 25.394100 10.736800 
1970 1 5.069760 18.826100 2.003280 
48 2 7.663790 21.816200 2.256360 
1359 2 3.118930 16.452900 12.378200 
942 1 0.651611 18.521000 9.502510 
1084 2 4.586250 13.917100 9.279160 
155 2 5.829550 17.003900 11.494300 
683 2 9.744410 23.930600 7.443340 
225 1 2.179540 16.929300 5.774690 
18 1 10.205600 16.646200 6.605170 
1036 2 11.403200 24.649400 9.930220 
1689 1 6.205210 22.569300 5.788540 
1559 2 10.399100 15.171800 4.634590 
511 2 10.846700 17.251300 0.366352 
1481 1 5.995340 20.774300 1.942110 
1025 1 13.403900 24.834300 1.601320 
218 1 9.664640 21.018500 7.942680 
612 2 4.087520 25.487600 3.332080 
1385 1 8.144500 25.841200 4.518100 
835 2 3.971800 14.410100 1.985590 
1490 1 0.481841 23.739800 7.405400 
555 2 12.220300 22.937900 5.358220 
151 2 4.419180 13.903200 9.045460 
1431 2 11.754200 18.112800 10.783400 
562 1 8.706980 20.465000 8.507460 
1372 2 0.950379 24.357800 1.784650 
1807 2 1.955700 17.040000 5.248340 
59 2 5.571510 20.024700 1.512790 
216 2 6.261590 15.718200 5.980600 
556 2 13.168500 22.954800 5.031320 
1709 1 3.087760 20.722800 1.117600 
1961 1 9.870720 23.715400 7.992630 
1589 1 1.936950 18.520500 2.142460 
684 2 9.550680 23.615800 7.296250 
865 1 10.552400 15.509200 4.431740 
762 1 8.769590 16.882600 9.888450 
58 1 3.654730 24.748500 10.814400 
6 1 6.023660 14.955100 11.698400 
1035 2 11.279900 24.372200 10.406200 
311 2 0.804686 14.965500 3.160080 
1949 1 11.891400 25.039800 9.861070 
907 2 9.647270 17.425000 6.510300 
1291 2 3.074440 20.275300 9.758200 
94 1 6.963310 25.857000 12.282600 
619 2 6.608210 26.315200 12.345800 
383 2 2.713370 24.140300 3.644680 
62 1 12.586200 13.140100 0.757945 
1247 2 0.409208 20.276400 6.469550 
1292 2 2.711630 18.969000 10.038600 
1110 1 5.931280 20.585000 10.536800 
1933 1 1.217560 14.619900 4.467840 
858 1 0.759130 17.419800 2.246900 
1932 2 2.928200 13.319700 12.252700 
267 2 6.704420 13.951200 12.739700 
365 1 11.716400 20.873400 7.062780 
512 2 8.553420 14.146400 7.219360 
418 1 8.062130 23.535700 10.623900 
1111 2 6.789080 19.009700 10.881800 
1315 2 8.545250 19.621500 0.580829 
405 1 10.888600 23.734700 4.181480 
1357 1 4.655120 25.216000 6.280260 
658 1 4.844030 19.331700 5.701360 
294 1 2.546810 19.683400 11.016500 
654 1 7.707000 19.615600 11.438000 
1617 1 9.785140 17.939400 12.980800 
507 2 11.787600 20.824600 7.094870 
1072 2 6.526370 23.346300 5.053000 
931 2 8.798230 16.721000 10.190200 
529 1 7.131350 16.325000 1.081720 
620 2 3.885320 24.164200 10.505300 
1781 1 3.949990 24.245900 5.970050 
990 1 2.776020 16.923500 8.310490 
776 2 8.894420 20.557100 8.150550 
572 2 9.448030 20.702200 4.553450 
325 1 11.007700 17.213600 1.074040 
597 1 12.064600 20.500600 8.018340 
1027 2 7.330940 22.277900 1.995700 
1935 2 5.258520 22.158200 11.703700 
1570 1 6.229650 16.928800 11.534400 
467 2 2.995780 21.987700 1.431410 
1465 1 3.448630 22.805900 2.335920 
1344 2 1.001500 17.683300 2.154890 
1039 2 12.880300 21.293000 2.316900 
1831 2 11.614000 15.061700 8.516930 
1208 2 8.692300 19.243800 0.554712 
1793 1 7.768700 14.078300 1.605170 
1719 2 4.834860 25.647400 3.070640 
1551 2 0.517096 24.533600 7.668640 
1720 2 8.526670 25.047300 1.688310 
457 1 8.393520 14.544500 6.691370 
944 2 0.395246 21.766000 10.539300 
1141 1 9.730310 25.975000 4.813510 
1683 2 6.650180 23.066600 5.260720 
93 1 2.656530 16.196900 11.683200 
943 2 0.199208 21.926800 10.685000 
1552 2 0.691957 24.696600 7.332790 
1248 2 1.027530 19.881100 6.374690 
1734 1 7.983590 19.671300 0.540599 
1521 1 2.131030 16.952500 4.487020 
1811 2 8.162870 23.862300 11.109100 
1588 2 12.078600 21.712700 11.602200 
1322 1 7.011240 13.614100 12.506100 
508 2 11.920800 20.574000 7.349020 
1907 2 8.030410 13.979900 6.534540 
754 1 6.458840 18.492700 10.920600 
740 2 2.345120 17.152100 5.256690 
979 2 5.196640 18.507000 5.390930 
323 2 8.780340 26.653300 8.860830 
1702 1 0.955885 19.916400 7.548090 
1755 2 0.657621 13.479500 9.560920 
297 1 9.578670 22.003100 3.591000 
662 1 9.316650 18.083600 7.497080 
296 2 8.964140 26.063300 4.820190 
533 1 1.261080 24.003100 10.773800 
1069 1 4.066810 20.648200 12.864700 
1852 2 5.130380 18.903900 5.557190 
777 1 9.184090 24.994100 1.638770 
137 1 8.654550 23.754900 6.527950 
737 1 0.227015 21.683800 10.739100 
1228 2 8.274010 23.960300 11.085700 
1003 2 12.187700 14.266700 11.701700 
219 2 10.351300 22.983000 2.623320 
1682 1 12.649500 21.775700 2.824550 
1560 2 11.056600 15.703000 4.936510 
833 1 5.772670 16.653400 5.740270 
1444 2 7.590650 13.663100 1.438890 
197 1 5.058940 18.094300 5.520660 
280 2 3.021300 16.293100 11.554900 
1188 2 1.576310 20.864900 1.590650 
121 1 6.699300 23.371100 4.530180 
775 2 9.265780 20.638000 8.355220 
528 2 2.982110 13.552800 6.002940 
886 1 7.661850 17.132600 2.381630 
1288 2 6.347340 23.679000 8.357180 
1196 2 3.231520 21.612200 6.566830 
657 1 0.294712 25.997400 4.243630 
141 1 12.837300 24.927600 8.279690 
64 2 4.532970 24.775200 6.249930 
694 1 0.884648 24.716100 1.705940 
1309 1 11.800300 15.047100 10.599300 
774 1 10.668200 15.223300 8.763960 
938 1 6.686140 20.717200 7.475920 
217 1 3.177300 20.417900 9.584860 
1981 1 1.659920 21.505400 1.578090 
579 2 8.040740 17.944300 3.126580 
1373 1 8.699390 24.560100 11.918300 
63 2 3.766510 21.349400 6.006560 
473 1 9.466890 20.750500 4.673150 
539 2 10.161100 18.767900 13.201900 
656 2 0.112296 26.244900 4.454590 
862 1 9.136630 17.792000 5.970420 
580 2 5.854920 20.295300 8.120910 
1042 1 3.482020 13.692600 6.953570 
1381 1 8.640370 15.617900 10.562200 
1583 2 5.594700 24.869000 0.152740 
1378 1 12.896100 23.190200 5.488120 
1813 1 6.402690 15.485100 6.072760 
1881 1 0.643455 25.371700 7.884010 
207 2 4.283530 20.294300 13.132300 
180 2 4.082030 20.242000 12.810600 
602 1 4.859200 14.600800 1.812060 
241 1 6.191930 22.956200 8.058910 
114 1 6.591640 24.229000 9.042340 
738 1 5.424390 19.452600 8.425850 
586 1 2.838950 13.333000 12.823900 
1194 1 11.498500 18.335400 10.705500 
84 2 7.519860 16.728900 1.561180 
1582 1 7.598890 21.630900 2.480000 
1343 2 2.133270 18.412400 1.921170 
312 2 1.434190 14.780500 3.539290 
1609 1 5.276090 22.892400 11.651300 
1262 1 3.369280 14.647800 2.355620 
1371 2 0.045332 24.506200 2.132130 
170 1 4.234430 17.118400 11.276500 
1004 2 11.630700 14.740200 11.433400 
1106 1 9.980420 16.067200 0.400775 
1195 2 3.718270 23.786500 10.260200 
470 1 8.919120 25.710100 8.296220 
1124 2 6.276110 13.775600 12.138400 
661 1 0.766103 19.985000 5.738590 
1225 1 0.786891 15.065100 2.596830 
1989 1 12.337800 13.542900 8.353860 
1696 2 0.335490 25.001500 10.771000 
1695 2 0.561857 25.003000 10.881600 
722 1 10.108400 19.128700 13.218300 
1992 2 7.827570 15.450000 13.329700 
1164 2 5.167650 24.455400 0.371877 
517 1 11.627700 22.821800 0.153242 
916 2 10.921100 25.122500 13.357500 
1620 2 12.656300 18.729100 15.288000 
505 1 11.618800 14.397700 23.521700 
1673 1 6.984880 17.725400 21.588500 
135 2 2.243760 15.409700 21.027200 
1590 1 0.755962 18.611100 21.568800 
1121 1 4.788370 21.848100 26.103500 
107 2 10.443500 23.182800 18.603400 
1452 2 5.018480 23.729600 22.683700 
431 2 6.494250 17.162900 17.777000 
649 1 8.634960 23.512000 22.545600 
201 1 11.188300 25.406300 25.705400 
221 1 5.829880 22.912000 15.206600 
704 2 13.056300 20.271400 17.902300 
1230 1 5.549310 22.299800 19.843800 
1573 1 11.554300 21.548800 15.658800 
1388 2 5.788510 18.545900 14.484700 
779 2 0.397679 22.942900 18.634600 
1939 2 4.252250 16.913000 25.574900 
1382 1 4.313800 14.135500 18.290300 
671 2 11.343400 23.460600 26.484500 
1177 1 4.209350 25.143400 22.890500 
1013 1 1.996130 24.884300 24.813100 
1863 2 0.830531 24.746900 16.131800 
69 1 11.267400 24.759700 21.477700 
1812 2 3.712430 25.837800 16.107300 
1789 1 6.021700 17.413600 20.628500 
1492 2 5.198100 15.245900 22.126900 
150 1 10.342500 16.628900 21.238500 
1535 2 8.417590 15.817900 13.639000 
801 1 13.221200 20.354200 18.470300 
407 2 0.633939 17.149900 18.293400 
641 1 5.578470 15.296100 22.385900 
316 2 3.064760 18.928500 19.995200 
1968 2 4.159910 20.083000 22.685300 
89 1 7.613580 23.827400 16.360200 
791 2 5.430980 22.715400 20.178200 
797 1 7.074210 25.362300 18.412600 
419 2 1.999020 19.057900 13.810400 
876 2 0.182422 14.052100 19.003600 
408 2 0.898404 17.167800 18.121700 
631 2 9.573190 19.860500 17.965900 
798 1 8.635900 19.881300 21.638800 
190 1 3.559710 14.489400 23.839900 
749 1 2.098970 19.414900 13.150800 
1303 2 7.481090 18.667300 24.627500 
1795 2 9.678100 17.292200 16.530300 
461 1 3.873440 18.497400 20.133100 
1837 1 7.529160 24.583100 20.922000 
1593 1 6.431640 21.385900 17.331400 
142 1 10.238100 22.562800 18.918500 
1337 1 3.359440 20.621000 17.287400 
303 2 7.911040 23.190900 16.825000 
1491 2 5.064950 15.106500 22.340700 
832 2 3.879510 14.457000 18.774100 
1197 1 2.574050 14.258200 24.901300 
785 1 5.449430 14.015200 16.149300 
21 1 4.083590 23.914900 17.899900 
1692 2 1.267830 22.631600 18.442700 
1955 2 5.592950 22.758400 15.158200 
1318 1 2.369440 26.282900 13.535000 
245 1 12.128400 14.901700 21.818900 
1628 2 2.461840 24.392300 25.163100 
828 2 12.247100 19.328900 20.882200 
44 2 7.985160 24.925800 20.616000 
848 2 6.653210 17.748700 21.211200 
1654 1 1.131150 25.866200 19.186100 
432 2 6.778470 17.194200 18.036900 
1178 1 2.323820 23.539700 25.338200 
1165 1 10.148300 20.123700 17.590400 
817 1 1.659340 16.088000 15.617800 
186 1 6.379160 26.694100 18.170900 
31 2 2.780620 16.694700 15.830400 
256 2 12.926000 26.283300 14.601600 
632 2 9.826240 20.008400 18.012900 
780 2 0.135955 25.559700 16.399800 
101 1 11.899100 14.394700 19.215300 
1656 2 9.933620 19.988700 24.612200 
1894 1 10.703500 17.509100 15.730200 
1494 1 0.794460 17.043900 19.097700 
1618 1 3.393960 15.682200 16.048600 
1546 1 5.243870 18.032100 15.207000 
790 1 13.074800 26.283600 14.739000 
1826 1 6.976450 16.792500 17.968700 
1449 1 1.076090 22.461900 17.931200 
1641 1 1.251760 26.563000 14.343200 
690 1 12.865000 15.512600 13.875800 
1203 2 6.358330 20.226700 17.720700 
19 2 4.118990 25.705200 15.736700 
843 2 1.637240 22.906300 14.014400 
1619 2 13.032700 18.728000 15.210200 
1909 1 7.218910 22.864500 23.262300 
368 2 3.775810 23.876600 18.518700 
439 2 11.727200 22.378900 15.529600 
806 1 12.187100 17.433800 23.521500 
1638 1 10.231200 20.092900 23.964600 
1156 2 11.828100 22.217100 15.185400 
1390 1 9.708450 17.332100 20.465100 
1311 2 11.602300 14.417800 23.020100 
819 2 0.439737 20.545600 20.020400 
1898 1 9.810370 19.775900 25.380300 
1701 1 9.146280 19.863900 18.134200 
1049 1 5.746570 23.509200 23.615600 
189 1 9.742180 14.116500 25.186100 
356 2 7.290100 14.629000 18.972100 
1823 2 1.710470 25.822000 18.803800 
1274 1 7.360240 19.316000 24.157500 
1816 2 12.775400 17.660600 23.734000 
651 2 9.635570 14.166900 25.922500 
1140 2 2.875780 14.170400 24.662500 
875 2 0.346027 13.689900 18.977500 
348 2 9.708190 16.746300 20.653700 
1041 1 8.699990 25.279800 20.623900 
1817 1 8.116700 14.470000 22.943900 
1118 1 1.954720 20.053200 16.525300 
471 2 11.569700 14.551300 19.130000 
851 2 1.921310 20.283800 16.747700 
1011 2 11.700600 24.611900 22.224200 
1139 2 2.965370 14.210700 24.122700 
915 2 10.168700 24.447200 13.714100 
794 1 11.007000 23.369200 24.918100 
626 1 4.804290 16.850000 25.304000 
1639 2 0.963833 16.214600 25.973600 
813 1 10.734500 23.659100 18.213400 
613 1 0.623735 16.704800 25.934300 
506 1 6.087250 17.553000 17.598100 
367 2 3.651970 23.853200 18.779700 
1338 1 1.519480 18.631400 14.251300 
548 2 11.275600 26.087200 25.825600 
1276 2 5.895840 22.517900 19.869500 
1162 1 5.639250 24.384400 26.231800 
1254 1 0.637136 17.518600 22.917700 
974 1 1.192820 17.228400 17.639700 
1414 1 6.299440 15.045700 15.219300 
10 1 10.764500 25.554200 13.640500 
269 1 8.653400 14.681300 15.891700 
355 2 7.061700 14.636900 18.906400 
827 2 11.529300 19.663000 20.923600 
32 2 5.732980 14.554000 15.664900 
593 1 11.836500 24.609000 22.601800 
240 2 5.228220 23.450700 15.489400 
1967 2 4.306880 19.627200 22.961700 
652 2 9.839840 13.872800 25.243300 
1052 2 2.900630 15.805000 15.915700 
1566 1 4.895490 21.007300 24.936900 
1603 2 5.010790 21.050000 24.950800 
285 1 8.405010 20.789900 14.566500 
1210 1 12.925300 19.296500 17.187200 
1257 1 2.414920 18.689900 20.010400 
1519 2 10.253500 20.065100 24.498700 
242 1 3.602640 23.972700 19.250600 
1615 2 7.795430 20.034100 21.324800 
1890 1 0.517363 20.958600 19.903500 
1623 2 8.469160 24.846600 20.792100 
1810 1 7.676770 16.683500 13.797000 
468 2 4.168730 17.551600 25.769400 
978 1 1.618180 20.405600 24.102000 
711 2 9.105850 26.405900 24.353300 
792 2 11.474400 14.433400 22.370900 
1783 2 8.298180 21.229100 14.369700 
1830 1 12.299100 20.577900 23.907100 
46 1 3.921720 17.217400 17.654100 
1425 1 3.606390 25.440300 15.908200 
1549 1 1.593960 22.231500 21.792100 
1173 1 12.890300 18.701400 25.769100 
173 1 1.608660 15.653100 26.175900 
622 1 10.687500 23.640100 13.913600 
1801 1 4.399370 15.128000 21.863000 
469 1 1.610570 14.678300 21.245400 
1012 2 11.880300 24.873700 22.601600 
1978 1 11.928100 25.349800 18.454200 
1714 1 7.482010 14.968400 18.123800 
672 2 11.294200 22.927600 25.554800 
1616 2 8.177500 20.340800 21.620400 
315 2 2.943410 18.723500 20.154900 
1652 2 2.385060 22.194900 21.066900 
947 2 1.661960 20.367500 24.386000 
930 1 9.753450 26.049000 24.509300 
1640 2 1.191520 15.673300 26.187500 
1466 1 4.940130 20.559800 22.980500 
831 2 3.984110 14.438400 18.724100 
763 2 12.883700 19.424400 25.892100 
136 2 2.003470 14.986200 21.637700 
1273 1 8.094390 22.141200 13.814400 
129 1 2.743120 21.823800 20.991700 
954 1 11.408300 19.649000 20.561800 
1166 1 8.071490 26.659400 24.080000 
499 2 7.594940 23.044900 22.986900 
1580 2 12.850500 20.872500 23.742100 
910 1 4.109120 17.492300 26.474000 
1819 2 12.524600 15.391200 14.149100 
1991 2 5.808800 14.313700 15.956200 
1784 2 8.673810 21.554500 13.843800 
154 1 6.817480 14.611100 19.317400 
1815 2 12.696900 17.259400 23.022700 
542 1 6.577500 20.192700 17.877500 
736 2 6.677560 26.062400 18.248100 
1493 1 4.611840 23.715000 15.506300 
342 1 7.240600 20.468700 21.190000 
739 2 0.875414 17.854200 22.999200 
1401 1 7.072320 17.563400 24.576200 
1761 1 12.337600 14.199100 14.356100 
384 2 4.877690 21.544400 25.345900 
415 2 6.360130 26.061200 18.007000 
836 2 0.816606 17.794500 22.167900 
1088 2 9.814410 17.560300 16.743100 
347 2 9.819670 16.712800 20.927800 
1651 2 1.983450 22.420200 21.537800 
1451 2 4.572210 23.890600 23.046200 
472 2 11.138100 14.622300 19.240800 
847 2 6.314200 17.596900 21.164000 
1882 1 4.570520 23.438700 22.618900 
1200 2 2.130070 26.343500 14.095700 
1323 2 3.561890 17.615800 17.487700 
1294 1 12.464000 18.932600 14.873000 
1626 1 9.394200 17.920800 17.177100 
1558 1 3.351560 14.258300 19.236500 
372 2 3.030200 20.434000 17.303400 
1840 2 6.343690 20.920800 17.740000 
1758 1 12.329500 22.763100 15.373200 
1304 2 7.150220 18.437600 24.072200 
999 2 2.191040 23.833000 25.169000 
765 1 2.800050 19.802300 23.795600 
518 1 6.169800 23.550100 19.713800 
1008 2 2.219660 20.370800 24.367300 
653 1 8.570240 22.923100 17.237500 
1324 2 4.200680 17.731200 17.185000 
1614 1 6.975950 13.710700 24.284100 
420 2 1.795740 18.876300 14.292100 
108 2 10.555200 23.127300 18.520900 
449 1 10.606100 14.597200 19.380900 
26 1 4.866220 19.392600 13.353900 
846 1 0.668910 13.579900 18.530800 
666 1 4.065440 19.584900 22.510600 
638 1 2.598200 15.699800 20.913900 
430 1 3.468960 18.161300 17.096000 
500 2 8.123650 23.407000 23.458600 
304 2 8.172160 23.540300 16.690200 
1387 2 6.109310 17.705800 14.553300 
133 1 8.112060 16.086000 22.479800 
1612 2 12.548200 25.947700 18.529800 
1199 2 1.699770 26.498000 13.858500 
410 1 0.452435 24.618500 15.757200 
1109 1 12.546700 16.038500 16.768400 
482 1 2.524960 23.087500 14.313000 
440 2 8.935950 14.033600 16.011100 
1104 2 12.455700 14.917900 14.207900 
1864 2 1.894960 22.888200 14.072200 
1305 1 0.897058 23.119400 19.240100 
1075 2 13.321800 15.841400 16.838500 
227 2 13.192000 20.193100 18.112900 
279 2 9.163120 13.716400 16.435500 
1792 2 7.822540 15.151800 22.749200 
1820 2 12.986300 14.990800 13.655700 
1861 1 1.471220 25.159900 16.574800 
1791 2 8.207960 15.138200 22.862000 
766 1 0.585871 24.445300 22.193100 
646 1 13.079000 20.205900 26.283800 
138 1 0.303728 15.070200 16.054900 
1672 2 0.269466 15.358700 15.456500 
346 1 8.167730 14.895100 13.608600 
1778 1 1.058630 22.566900 13.471500 
540 2 9.774600 18.270900 13.160600 
117 1 23.114100 13.431200 0.263041 
1067 2 19.073700 5.040370 9.943900 
1809 1 18.432900 1.780000 13.040300 
1871 2 22.220000 0.500492 12.058100 
374 1 15.781600 7.931180 10.977500 
1342 1 26.543700 12.991100 10.195100 
513 1 21.166100 11.843300 6.123580 
956 2 24.933700 2.827770 3.370500 
918 1 19.002800 6.214210 3.424750 
1833 1 19.358200 11.040900 1.034910 
1184 2 21.728700 1.573160 8.071650 
1352 2 14.024900 5.851080 3.046970 
1453 1 19.094000 7.716040 7.455530 
1929 1 24.285400 0.182074 0.672257 
1137 1 21.387400 6.985500 3.969340 
307 2 23.745300 11.070500 11.779000 
1752 2 18.372000 7.111770 8.037390 
1693 1 14.103800 2.191690 2.229210 
1132 2 13.351400 7.471240 12.578600 
1408 2 16.803500 4.579900 1.106250 
1710 1 17.051900 4.411610 6.292240 
1945 1 15.925300 7.328330 5.665160 
987 2 18.789900 8.237040 2.337830 
1090 1 19.929200 4.154640 6.481740 
1270 1 13.739700 2.096040 8.262930 
868 2 16.463200 8.257780 5.477340 
969 1 23.784700 12.636600 1.439590 
1410 1 24.004900 0.461798 10.475900 
1995 2 15.463100 0.164746 4.966590 
553 1 18.388700 7.312610 8.870780 
1769 1 15.491400 0.986726 3.959200 
952 2 13.370400 4.966210 7.292540 
1142 1 13.676200 4.737800 7.801420 
1163 2 15.359400 3.794420 10.528500 
66 1 21.290200 2.041390 4.419680 
781 1 24.344800 10.761200 11.405000 
11 2 23.584900 2.920680 1.415600 
5 1 23.349200 0.167172 7.502290 
474 1 25.470500 3.354340 3.808640 
1295 2 21.981300 7.299490 11.626300 
149 1 23.615300 9.846740 4.970150 
1363 2 17.946900 1.972130 12.290700 
687 2 21.490700 11.626900 2.958980 
193 1 15.475600 11.354700 7.783410 
1293 1 25.468600 3.341740 1.354240 
510 1 16.758600 12.020100 11.465600 
1675 2 16.805900 8.340050 10.974700 
41 1 21.468300 9.113490 1.077850 
919 2 23.629100 2.996270 6.434740 
1239 2 24.216700 0.945755 9.773520 
896 2 21.447700 2.334240 4.670550 
1125 1 23.526500 9.898040 0.717003 
1168 2 23.124100 3.392380 10.604000 
1650 1 20.984400 10.820600 6.612510 
1545 1 14.739600 5.282180 3.391850 
1888 2 14.590400 2.582470 2.863000 
243 2 26.025400 6.323300 1.493170 
1201 1 26.457900 6.286640 5.510390 
709 1 17.096100 12.716900 7.508660 
1712 2 14.925100 12.675000 3.756530 
289 1 17.658800 4.941210 2.652930 
12 2 23.145000 3.004940 1.482270 
887 2 23.955700 9.525960 0.863888 
308 2 24.023600 11.455000 11.534000 
590 1 26.105500 11.014300 4.720910 
319 2 18.808300 11.188700 0.812769 
392 2 20.355800 4.799760 7.069860 
1389 1 23.598300 2.963710 0.679823 
466 1 21.749200 11.963700 2.555940 
1872 2 21.813400 0.815978 11.601800 
805 1 23.443800 2.897260 1.956940 
1762 1 15.576600 0.151833 5.743750 
1764 2 17.729000 1.876510 11.979700 
772 2 25.296700 5.408530 11.498200 
1942 1 17.632100 8.885740 13.411600 
1407 2 16.676400 4.248230 1.144430 
1218 1 24.617400 10.565100 7.393570 
890 1 18.523700 10.384400 3.774900 
1249 1 25.384800 1.502260 12.273700 
1240 2 24.571100 0.853096 10.088700 
609 1 22.639600 11.556800 12.143400 
914 1 15.548000 6.449320 8.358390 
127 2 18.477100 7.236400 8.110000 
1411 2 24.198100 12.854300 4.673890 
536 2 16.608000 4.668830 6.052470 
1838 1 20.852300 11.428300 3.348890 
1999 2 16.147800 10.434900 2.122870 
1976 2 22.406800 7.872080 7.098050 
1814 1 23.628400 3.944570 6.937780 
635 2 21.328500 11.423500 6.463610 
391 2 19.972800 4.495570 6.411870 
732 2 20.171100 0.722615 1.306690 
527 2 26.328700 0.285747 5.086070 
1707 2 19.505400 11.430100 7.848020 
204 2 21.080000 8.953250 0.468701 
665 1 23.878500 2.799510 10.021500 
1759 2 17.772400 2.341610 8.528400 
610 1 20.499300 5.316690 7.523110 
1600 2 17.579900 11.520900 9.805400 
708 2 23.938300 8.991340 3.691200 
1455 2 24.730300 6.146850 8.473050 
1412 2 24.644500 12.869500 4.125920 
1487 2 22.623100 6.320890 3.685250 
385 1 23.556400 10.939300 8.292580 
1068 2 19.371600 5.513550 10.199200 
567 2 23.418900 3.774670 10.441800 
128 2 19.434500 5.295600 3.730800 
667 2 13.368900 7.024800 12.691000 
1975 2 22.182400 8.151200 7.606920 
302 1 25.152200 7.180910 12.729500 
795 2 20.002300 4.609870 13.135000 
203 2 20.986500 8.877220 0.233567 
647 2 15.996500 5.908210 8.301470 
130 1 22.817900 6.409410 3.614610 
1745 1 13.979700 7.962050 12.555300 
172 2 19.464200 8.635990 5.339950 
1349 1 21.427400 7.790890 8.943470 
731 2 19.810500 1.302750 0.907912 
599 2 18.940800 10.913300 4.661090 
1681 1 14.886900 3.804960 11.051100 
1525 1 24.344600 8.734320 3.377490 
167 2 25.125400 1.980190 12.949100 
1571 2 20.411200 11.148200 11.564500 
648 2 16.094300 6.097660 8.310910 
119 2 13.242300 1.884970 8.460440 
394 1 15.055900 12.113900 9.771800 
140 2 13.696800 10.279700 4.602030 
729 1 24.518900 6.334050 1.349350 
244 2 24.542300 6.578390 1.720840 
1594 1 24.641700 1.055490 9.451330 
1686 1 22.410800 0.502511 3.090110 
1369 1 15.712500 3.862010 10.210400 
1358 1 19.091000 4.609890 3.984710 
845 1 17.429400 2.380450 8.339910 
1514 1 19.148700 4.777140 10.695400 
317 1 22.055800 7.382300 11.053000 
582 1 22.798000 8.123110 7.444070 
1711 2 15.163400 12.315600 3.689370 
1698 1 21.632800 7.947360 6.568370 
1296 2 22.669100 7.313800 11.748400 
1456 2 24.934600 6.510330 8.698380 
707 2 24.464900 9.597590 4.671820 
1446 1 17.876300 1.513450 4.868920 
1676 2 16.553900 8.210990 10.756800 
1282 1 24.415100 5.886810 9.322090 
478 1 17.032000 8.665120 11.034800 
1278 1 22.223400 1.887330 7.929120 
1241 1 22.797700 3.554890 10.516600 
37 1 19.485700 8.605370 5.469070 
1796 2 15.815500 12.830200 0.368275 
200 2 17.217600 0.338956 0.480275 
1896 2 17.357600 2.212120 8.728520 
920 2 23.896100 3.741270 6.828920 
375 2 20.303000 7.903250 5.568120 
1708 2 19.348600 11.594400 8.333230 
1760 2 15.315500 10.972300 9.208500 
1850 1 19.109300 11.208600 5.050660 
427 2 26.656700 11.617100 3.549740 
877 1 25.130500 6.924590 8.142770 
573 1 20.615200 11.191500 11.041900 
1643 2 18.301700 2.163990 4.134390 
1517 1 21.946200 2.924450 5.388270 
1738 1 19.217200 11.431700 7.866040 
421 1 20.323100 8.571690 0.609053 
985 1 18.254700 8.133860 2.483400 
746 1 18.449300 2.261380 9.625820 
171 2 18.454500 5.148840 3.488690 
1169 1 22.041700 -0.004505 12.126200 
376 2 22.393500 6.507010 3.696290 
287 2 16.992700 11.996900 6.964910 
1565 1 17.762400 11.526400 9.651330 
670 1 24.565800 3.337880 6.203280 
446 1 17.712200 7.077880 7.546340 
174 1 15.251500 12.498800 1.269610 
636 2 21.179700 11.624100 6.284510 
741 1 24.579000 2.086270 3.611620 
301 1 22.684900 7.106930 12.411400 
1328 2 21.039300 8.563660 9.513010 
1668 2 15.053400 3.873000 10.403100 
1706 1 15.265200 9.876000 9.481050 
1917 1 18.804500 2.049850 3.924250 
161 1 16.647400 3.978980 1.304990 
61 1 19.882900 5.522230 9.765060 
1541 1 17.499700 2.199440 11.865800 
861 1 15.683200 7.040150 1.080020 
1423 2 13.878000 5.655920 3.591540 
988 2 18.614800 7.209050 2.363360 
726 1 17.118400 8.345000 5.422010 
1507 2 24.017300 10.809100 7.958740 
485 1 20.282700 1.701120 0.869087 
992 2 18.880200 10.911400 4.144300 
1726 1 13.421300 3.119950 5.352520 
1317 1 16.335800 4.895540 12.973400 
320 2 18.756300 11.437000 0.563015 
1183 2 22.202500 1.916010 8.461710 
863 2 21.296500 2.482060 4.545730 
1005 1 20.873200 9.001010 10.355900 
381 1 25.824600 11.445800 2.668060 
2000 2 16.530900 10.166000 2.818400 
867 2 16.690300 7.968040 5.680900 
693 1 25.482800 5.803680 4.773040 
1895 2 15.006200 10.588100 8.757540 
1336 2 25.104900 2.192290 13.156400 
509 1 14.721200 12.512500 3.668970 
406 1 21.248900 1.014830 8.811020 
535 2 15.474400 6.953540 1.538350 
1320 2 26.186500 6.191820 5.309130 
1319 2 25.963600 5.930340 5.283550 
1577 1 13.523900 6.220320 3.122840 
237 1 25.036300 4.400760 12.002700 
702 1 14.912100 2.948910 3.108410 
854 1 13.302600 11.031900 5.503030 
1599 2 17.035200 11.951400 10.713500 
1399 2 20.557800 8.656570 9.587880 
349 1 15.959200 9.725070 2.248030 
688 2 21.306300 11.838700 2.961340 
895 2 14.319900 2.517120 2.678800 
1497 1 16.824600 10.719000 2.908770 
448 2 25.852200 2.655080 0.727872 
1508 2 23.850400 10.943900 8.314550 
955 2 25.206400 3.010110 3.666060 
362 1 20.484800 12.230800 8.253130 
1630 1 26.355800 6.701890 1.706210 
546 1 16.593600 5.773000 8.710050 
1312 2 18.046800 2.169960 4.793970 
492 2 15.468000 -0.027789 5.103070 
447 2 25.951800 2.687200 0.291440 
1422 1 19.614400 0.638474 1.223670 
966 1 21.050600 5.405770 1.070070 
578 1 16.976000 11.950000 6.313780 
1742 1 26.097000 0.361048 5.227300 
532 2 25.055500 7.523780 13.300200 
725 1 22.342400 1.534100 11.453300 
288 2 17.036800 11.973800 6.598230 
175 2 16.624300 5.515640 13.422500 
1877 1 24.320300 12.570800 4.606400 
1679 2 23.674100 12.664500 1.036490 
616 2 13.410700 2.903830 5.705220 
1154 1 19.747200 11.006700 11.741500 
1572 2 20.186900 11.185700 11.439200 
864 2 23.459300 10.047400 0.145873 
350 1 26.062700 10.192000 13.114600 
489 1 18.587600 11.723900 0.306760 
298 1 18.917300 13.035500 13.180300 
682 1 14.616300 10.880200 12.908300 
1788 2 20.287600 2.210640 15.400000 
1700 2 13.957400 2.813190 25.430800 
1736 2 21.472700 9.556280 18.633500 
1029 1 17.484600 2.998340 16.307700 
1713 1 16.199100 10.293400 24.976900 
1893 1 14.464800 3.392210 22.589700 
718 1 15.891700 10.855200 20.387900 
696 2 23.287300 3.576280 15.479700 
453 1 18.645800 1.863130 18.016200 
55 2 16.977800 9.098320 13.838200 
1794 1 19.099500 5.507320 21.535600 
246 1 26.179400 3.059570 26.431000 
1059 2 26.213500 12.011500 21.776500 
866 1 23.317700 8.128310 16.985900 
339 2 25.151400 5.402470 18.975600 
157 1 14.428200 7.660970 23.865300 
936 2 15.311300 7.268470 23.071400 
1360 2 21.439400 12.251100 20.249400 
104 2 13.995300 3.786950 22.288900 
67 2 18.204000 6.119100 25.616200 
1515 2 21.882300 4.693410 22.289000 
1468 2 24.530100 12.484000 23.808800 
1757 1 18.886300 3.742650 19.937600 
1845 1 16.127300 7.932680 23.118700 
1471 2 18.915900 0.831956 18.302600 
1891 2 18.543800 3.673830 24.013700 
1355 2 21.107800 8.046900 24.146800 
905 1 19.620300 2.835270 24.178000 
1926 1 22.075800 13.332600 19.785000 
1732 2 16.654500 4.049770 23.200600 
1697 1 16.617600 3.084000 17.135600 
1353 1 25.464200 5.269790 19.788500 
1607 2 17.558800 8.717460 18.788300 
1648 2 23.446000 0.251060 21.575500 
1159 2 23.406500 7.196670 16.511400 
1774 1 22.985800 10.637100 22.497900 
1436 2 20.825500 4.865340 26.224100 
676 2 17.606900 6.003240 16.814100 
698 1 14.722000 2.802270 25.160000 
812 2 16.892400 1.650330 21.573300 
113 1 15.153900 4.295110 14.226700 
253 1 13.996700 8.247530 16.134400 
1212 2 14.646700 9.193960 15.925400 
1000 2 23.959200 11.566200 15.961400 
1797 1 24.368600 11.825100 22.851100 
1835 2 19.227000 6.269460 21.227000 
953 1 21.365000 5.050270 16.363600 
411 2 17.828800 12.720800 21.168200 
360 2 21.045900 5.433110 17.098300 
1023 2 14.877000 12.878400 24.268300 
1728 2 24.974700 9.106870 19.303700 
1531 2 25.017200 7.985840 13.476800 
935 2 13.957100 9.519280 25.887300 
755 2 26.112200 9.942290 25.569900 
909 1 13.704300 5.199040 25.917800 
1402 1 14.485800 2.362660 14.503100 
1902 1 22.460300 2.075350 24.503600 
625 1 16.649800 8.505440 18.723600 
692 2 19.144000 9.381410 20.634100 
842 1 26.107800 12.321900 25.785200 
558 1 22.906300 0.099016 21.311800 
1763 2 13.204400 5.507790 25.441000 
1605 1 26.492800 6.735900 15.103900 
1856 2 16.656800 9.858150 24.853500 
1216 2 19.301400 3.862490 19.433400 
1500 2 22.545400 0.634228 18.041100 
922 1 23.610500 12.994200 24.392500 
43 2 21.860700 9.471790 14.795900 
460 2 15.241700 0.187807 18.520100 
1592 2 13.728200 5.754650 25.337000 
459 2 15.035100 -0.195119 18.423900 
20 2 22.291900 7.018950 19.635000 
1356 2 20.773900 8.033510 23.666600 
1135 2 20.656600 2.267950 15.183300 
76 2 17.814600 12.688400 21.151600 
1899 2 26.261300 5.702350 15.310700 
1368 2 14.434400 12.557400 16.706500 
758 1 21.990600 2.221390 25.736000 
1271 2 13.710200 3.344610 18.430300 
1467 2 23.987800 12.410500 23.919100 
581 1 13.903600 9.957770 25.513600 
1767 2 13.373200 6.071220 16.631000 
1544 2 17.372800 11.183900 17.938800 
493 1 26.106100 6.438730 23.851700 
1116 2 14.879300 2.231660 14.751800 
520 2 20.518300 11.681800 24.703500 
1938 1 17.202600 5.856230 16.521800 
881 1 17.082600 6.284610 13.813900 
1777 1 17.666600 13.215200 14.688100 
1979 2 25.332700 0.737600 17.042700 
1543 2 22.598600 0.330900 17.706600 
1868 2 15.107200 11.611500 13.368800 
438 1 20.991100 5.548000 17.711200 
1488 2 18.556200 6.734930 25.299900 
1333 1 21.245100 7.780810 19.409900 
1765 1 19.259600 8.423060 15.878300 
1150 1 13.944000 6.886610 19.869100 
650 1 20.204200 12.102200 24.390300 
1601 1 14.988700 0.087026 17.981900 
1501 1 22.451800 1.391420 17.827200 
1242 1 16.488700 5.936170 20.021700 
1122 1 18.653000 6.561550 25.147700 
849 1 18.128500 10.635900 18.372400 
1613 1 13.653100 3.470500 18.563500 
1215 2 19.276100 3.798340 19.248700 
321 1 19.125900 6.960770 21.049300 
880 2 22.170100 2.005400 25.284200 
105 1 24.939900 8.083850 19.680200 
1818 1 18.550500 -0.203544 18.456800 
1855 2 16.743200 9.828450 24.809500 
166 1 23.489200 2.436380 22.480400 
565 1 25.214400 9.821580 23.986600 
1846 1 23.391800 11.648400 18.508600 
879 2 22.213200 2.081010 24.960200 
1557 1 20.763100 9.188760 25.747900 
1398 1 20.834400 1.262290 21.245400 
209 1 16.365200 9.690620 13.489100 
429 1 13.384900 4.284280 22.675900 
1647 2 23.507800 0.397637 21.699900 
42 1 23.045500 6.254380 18.198300 
633 1 13.708700 8.384640 25.959400 
878 1 16.296700 1.428300 21.970400 
522 1 14.991400 9.228120 15.909800 
1367 2 14.624000 8.207890 16.054600 
1073 1 15.884000 0.233791 23.716300 
1190 1 21.143600 8.237220 23.941100 
1435 2 20.879700 5.068470 26.519100 
17 1 20.206500 2.679720 15.669500 
1735 2 21.509900 12.310400 16.747800 
98 1 20.150200 0.451799 22.241800 
545 1 14.199600 8.734200 19.967100 
715 2 13.678300 7.114630 19.920000 
1174 1 16.624400 4.122430 22.351000 
1009 1 14.652500 10.642600 20.970300 
1892 2 19.030600 3.333000 24.082500 
1149 1 21.389800 11.865200 16.554900 
1037 1 25.154700 5.729240 18.330000 
1606 1 16.105700 0.560618 18.814900 
1576 2 25.117900 5.464160 19.143400 
85 1 20.616200 7.228960 22.407100 
504 2 16.526900 5.927370 19.425200 
422 1 15.387500 11.873200 14.131300 
716 2 14.040300 8.007630 20.259700 
268 2 13.805200 9.060990 26.045200 
691 2 19.588500 9.848480 21.012500 
1897 1 18.866400 9.412200 16.617200 
1904 2 24.175000 12.657400 19.015300 
1060 2 26.463100 12.058200 21.760400 
1739 2 20.521800 11.775600 24.784900 
103 2 13.927100 3.732380 22.803700 
1821 1 22.019400 -0.052937 17.804800 
634 1 14.043200 13.325400 23.782600 
1115 2 15.046700 3.195670 14.409400 
1277 1 23.780500 6.649840 16.237200 
477 1 23.307600 4.025450 15.404000 
1474 1 17.157100 12.127000 17.706000 
1866 1 23.762700 2.432400 15.019600 
1743 2 22.629000 3.780560 19.085400 
1211 2 14.908700 10.704000 20.615600 
475 2 20.423600 1.164560 21.331100 
1867 2 15.026300 11.421700 13.660200 
826 1 24.216400 0.197187 21.566700 
959 2 25.614900 6.320330 23.085100 
1081 1 16.606600 3.235410 24.069700 
1733 1 24.493600 10.800000 16.431200 
1074 1 20.943800 11.257600 25.253300 
793 1 20.172300 4.725890 13.243100 
989 1 18.289100 12.400700 20.992900 
1516 2 21.811200 4.735300 22.333100 
608 2 23.597000 9.781080 22.439300 
1158 1 17.170600 9.298300 24.905800 
538 1 16.975500 1.470580 20.940600 
1523 2 21.271100 12.723700 20.943300 
300 2 19.857500 13.318800 16.967900 
1057 1 25.329500 6.068400 22.352200 
1102 1 24.499400 3.622970 22.846500 
1903 2 24.086700 12.913400 19.008300 
606 1 23.708900 11.731300 15.479900 
811 2 16.656600 1.634810 21.152100 
87 2 26.023700 13.085900 26.188200 
1731 2 16.246700 2.478730 24.675200 
1281 1 26.243900 12.133500 21.128300 
1351 2 25.270400 8.660120 19.778500 
1944 2 14.941600 10.713700 20.238000 
33 1 25.156900 2.730240 13.554600 
1836 2 19.133900 5.982050 21.547500 
756 2 26.139400 9.905700 25.376000 
1146 1 21.294700 9.211260 14.177000 
1437 1 14.594500 1.025880 25.322400 
1740 2 21.821700 9.191340 14.548500 
168 2 26.176200 1.526320 21.368600 
341 1 22.175400 4.123910 21.888900 
83 2 24.474000 10.915800 16.265400 
314 1 14.835700 12.329900 16.608600 
751 2 17.996700 11.964100 17.643200 
1900 2 26.381500 5.884830 15.581100 
1189 1 19.493700 4.001940 18.534300 
1744 2 22.568100 3.636090 18.973300 
503 2 16.480500 6.337210 20.119500 
452 2 18.264400 13.051900 14.085500 
1715 2 14.827500 8.047150 23.099100 
1335 2 23.684700 9.851000 22.623500 
1397 1 19.034200 9.143650 20.149600 
607 2 24.241700 3.352890 22.461500 
162 1 24.893700 9.498920 19.278000 
1887 2 17.270200 5.922740 16.645200 
660 2 16.860800 2.643200 17.262600 
395 2 19.307100 9.094170 16.031200 
1499 2 23.448100 3.640740 15.378500 
1028 2 15.014200 0.258290 23.927100 
1779 2 14.740200 12.551700 16.569000 
1729 1 19.791000 10.122800 21.398400 
1741 1 18.477800 3.907040 24.107600 
50 1 21.972800 3.820130 19.390400 
413 1 16.326900 5.276340 18.433900 
1405 1 21.693300 5.046050 22.763800 
359 2 21.143100 5.576240 17.167600 
1824 2 24.060500 3.119130 22.695900 
659 2 17.291300 2.841580 16.785000 
1627 2 26.097300 1.909880 21.116200 
1017 1 21.556200 9.211980 15.383800 
1677 1 23.822500 9.029230 22.357500 
796 2 20.479800 5.166320 13.260600 
396 2 19.408600 9.053330 15.843600 
178 1 20.577100 1.703450 14.933300 
344 2 25.789300 6.220300 22.953100 
1475 2 22.107100 6.981910 20.067900 
1725 1 20.583900 12.327900 20.803400 
678 1 23.396700 3.576420 18.802000 
158 1 25.282000 9.761180 26.459800 
340 2 23.599400 7.035810 16.685700 
338 1 22.281000 6.541350 20.041400 
1538 1 13.707100 5.419290 16.422600 
476 2 20.655300 1.172870 21.675900 
1806 1 20.052000 5.865240 25.349600 
1113 1 25.906900 2.343520 20.837000 
1314 1 21.011600 4.512420 26.095800 
1608 2 17.002200 9.476750 13.375700 
753 1 25.399900 0.805620 17.115900 
818 1 19.001500 12.607900 17.120000 
260 2 26.695100 0.840427 24.376500 
1024 2 15.040500 12.627500 23.756400 
677 1 15.409200 12.590600 24.208000 
1472 2 18.633900 0.497566 18.501200 
809 1 25.113400 8.334770 13.525400 
1272 2 13.365700 3.238280 19.723500 
1766 1 24.347700 12.900800 18.979700 
1699 2 14.944500 0.245205 23.841900 
898 1 16.804000 4.877020 26.244000 
1798 1 16.857400 0.572019 26.332400 
428 2 16.237800 4.773690 13.457000 
199 2 16.731500 0.245884 26.438200 
815 2 26.406000 10.375200 13.471500 
786 1 24.856200 18.156800 13.069500 
1361 1 19.598000 25.693700 9.530890 
15 2 16.137400 18.199100 1.895380 
1581 1 17.171900 25.306600 9.930010 
1348 2 25.057200 15.951900 9.835550 
1597 1 15.929700 13.505200 -0.063475 
223 2 17.663000 22.185600 6.775070 
570 1 25.752800 23.953100 5.083320 
1416 2 23.806900 26.256700 6.952160 
1268 2 13.940000 16.180200 1.203720 
1205 1 19.103700 20.923700 9.116500 
1339 2 22.162800 13.065800 9.734630 
251 2 24.656700 23.191400 9.192980 
1375 2 14.389300 13.405800 9.503720 
1905 1 15.904000 15.112200 12.706200 
703 2 20.867400 20.273900 5.113010 
1951 2 18.571300 18.803800 -0.039650 
156 2 19.157500 17.906800 9.799100 
224 2 17.626000 22.637700 6.340380 
550 1 18.415500 26.135100 7.524950 
1996 2 19.563700 23.951700 9.524490 
16 2 15.454700 18.097400 2.545940 
808 2 23.713200 16.857600 0.827815 
1513 1 17.869300 21.709200 12.283400 
744 2 23.145800 24.020200 11.497100 
1547 2 24.995500 18.481200 12.621900 
1430 1 17.167500 24.139800 2.531710 
1604 2 13.538700 17.369800 4.462860 
24 2 14.625500 14.703500 4.887870 
1875 2 22.012500 18.244400 2.666670 
1070 1 14.699600 18.050500 2.903000 
1921 1 13.759500 18.211300 4.466320 
351 2 18.066800 18.960000 12.452500 
252 2 25.098800 23.217000 8.246490 
917 1 21.647100 16.248300 7.832810 
259 2 25.469400 23.017100 5.160630 
281 1 21.767500 14.850100 4.576230 
480 2 23.465800 26.295700 3.803250 
764 2 18.407800 19.068500 12.494300 
932 2 14.144900 17.258900 8.050770 
1666 1 25.438100 16.116300 10.191400 
1020 2 19.211000 20.922900 9.442820 
1171 2 21.298800 24.552900 6.261380 
1749 1 15.158500 18.643000 8.744390 
1308 2 16.944500 23.868900 3.446110 
788 2 18.346100 18.233000 7.620830 
125 1 19.475800 25.296500 2.497230 
1958 1 21.944800 17.713500 2.873640 
803 2 16.333800 25.787300 9.902820 
52 2 18.405100 17.270800 3.109140 
1026 1 24.697600 21.015700 0.629627 
1972 2 17.351900 14.979900 8.857770 
1167 2 18.954700 26.264000 6.283200 
516 2 13.111300 24.692300 8.154080 
390 1 26.280000 23.952100 2.444350 
1680 2 23.093200 13.536800 1.123660 
273 1 19.841500 23.885300 9.628560 
1569 1 15.486000 20.163800 5.917640 
970 1 18.992800 18.008600 10.372600 
822 1 22.254600 23.781900 6.576840 
4 2 14.528900 18.865200 12.017400 
1172 2 20.796400 22.511400 2.714510 
1033 1 19.282300 24.256000 3.156110 
1633 1 21.007300 24.870400 6.000850 
145 1 18.312700 13.508800 3.109350 
1880 2 25.153000 19.686300 3.532360 
549 1 23.027000 23.765000 0.943917 
118 1 25.235600 13.636500 4.541000 
1089 1 23.348000 21.180700 11.060900 
1787 2 19.472700 25.703300 9.519470 
414 1 23.525700 22.925700 10.903100 
719 2 17.330700 15.325900 5.735870 
1911 2 18.866700 15.645200 11.518800 
760 2 21.865100 18.141900 11.747400 
74 1 23.239900 25.322000 3.529390 
179 2 18.845400 17.810500 9.810440 
1267 2 14.002000 16.458600 0.971459 
97 1 26.134500 14.656400 6.925610 
1959 2 23.601200 20.353000 6.709030 
1123 2 21.381900 18.494300 11.682100 
1302 1 19.865900 21.677600 10.263600 
401 1 16.670200 22.207300 6.066610 
1870 1 16.284000 25.315300 0.361543 
789 1 14.217900 21.826400 10.157100 
1602 1 21.309800 13.469000 9.916130 
1450 1 22.553600 18.188800 10.832000 
1329 1 15.524000 20.980100 4.195040 
950 1 23.419200 16.617700 1.765740 
3 2 19.951600 15.325500 8.025240 
126 1 14.217000 13.788800 9.247490 
22 1 15.113100 14.951300 5.394570 
1918 1 25.680800 20.711100 2.977190 
1366 1 21.719800 18.557700 12.265400 
787 2 18.520100 17.723600 7.377610 
143 2 23.430900 21.136700 10.401400 
1912 2 19.581700 15.451000 11.488400 
721 1 19.826000 25.310300 13.259100 
1657 1 17.425200 22.850600 11.590400 
1018 1 18.406400 19.669100 12.127300 
1476 2 23.157300 21.636400 10.806200 
559 2 15.899100 19.125600 8.956080 
1567 2 18.085500 20.124900 3.230320 
770 1 18.518400 19.777400 2.429900 
968 2 14.263900 24.698300 12.154900 
1265 1 16.872000 22.738800 8.987290 
1114 1 23.514500 21.422600 9.805300 
530 1 16.533300 14.433600 9.447280 
1418 1 18.969100 17.068500 2.474850 
1286 1 15.355700 13.357800 2.843630 
1563 2 22.328100 24.125100 0.619502 
804 2 16.299200 25.339600 9.898910 
1275 2 15.445100 20.152400 5.700800 
222 1 14.202900 15.483300 1.570270 
723 2 21.398200 15.745900 4.334110 
967 2 13.974000 25.017100 12.151900 
1409 1 13.678500 24.921700 12.733000 
1103 2 19.223600 15.754600 0.684313 
1379 2 24.367000 20.971600 -0.108397 
552 2 13.738400 25.306800 1.870560 
1860 2 25.405400 14.062800 7.111590 
1865 1 23.389800 20.962600 0.140086 
497 1 22.788500 24.632200 11.460900 
743 2 22.651900 24.668200 11.382600 
713 1 24.568800 15.547200 9.541540 
1415 2 23.800900 26.008500 6.729540 
1659 2 24.881800 17.293600 6.420650 
1245 1 17.181400 14.904200 6.060740 
1564 2 22.878800 23.665000 0.826913 
208 2 21.755600 13.726600 9.524700 
973 1 20.184500 16.431500 4.359750 
551 2 13.727100 25.462700 2.450240 
30 1 24.388100 19.337100 12.371100 
1971 2 17.255600 15.136200 9.059530 
1913 1 15.611800 16.410700 11.666200 
894 1 23.937800 25.978400 6.454150 
1253 1 14.569400 24.434900 11.602800 
1512 2 19.824300 15.497400 7.517730 
996 2 24.589000 26.430500 0.584745 
313 1 21.155200 19.824500 3.476600 
574 1 17.383500 15.835800 5.210570 
584 2 22.114700 23.791600 6.533450 
1480 2 18.097100 13.911800 3.347540 
515 2 13.487300 25.121800 7.967010 
78 1 14.078400 17.096600 0.775790 
1019 2 19.947500 21.513300 9.521490 
1380 2 24.132800 21.089600 1.008150 
976 2 24.564800 14.831700 12.417600 
1511 2 14.451800 18.758600 12.318600 
901 1 14.132800 25.315500 7.662680 
1087 2 15.924900 13.571500 0.363864 
1528 2 18.484000 15.771600 0.704429 
1259 2 13.542400 21.600900 9.699840 
232 2 19.521100 24.799000 2.708820 
934 1 14.620900 16.729900 6.984120 
1310 1 19.469900 19.741400 4.631980 
821 1 25.446400 22.696400 4.733610 
1334 1 24.221700 17.184100 6.647380 
1520 2 15.190700 20.280100 5.587390 
1960 2 23.577900 20.293900 6.272820 
1285 1 15.854300 25.547900 9.888550 
231 2 19.440000 25.002000 2.866100 
975 2 24.470800 14.980500 12.436300 
1147 2 15.886600 15.804000 12.114200 
961 1 24.418300 14.699900 11.422300 
228 2 17.598300 22.599900 11.675300 
1980 2 25.281100 16.642100 6.110050 
981 1 15.204500 22.962400 9.397710 
675 2 24.681400 15.581800 9.847790 
1941 1 16.232600 24.268600 5.494400 
1754 1 25.653300 24.075900 12.582100 
96 2 18.688100 26.236900 7.018080 
25 1 14.235400 17.204500 8.427220 
1151 2 14.345700 16.937100 7.775420 
205 1 17.816500 22.197700 6.893140 
1479 2 18.247200 14.311100 2.167040 
1802 1 17.417800 15.644200 8.891660 
1722 1 24.502900 19.630800 3.899740 
1370 1 19.760100 15.486800 10.969100 
1554 1 17.592700 21.130600 2.924600 
95 2 21.175400 21.963300 3.063020 
720 2 17.377600 15.567900 5.682490 
91 2 23.551100 14.573400 2.167310 
1101 1 23.002000 16.583600 8.613550 
479 2 22.284600 26.141500 3.595220 
1503 2 16.594500 25.306900 13.184700 
844 2 24.541000 18.867200 12.283000 
560 2 20.502000 19.621400 5.073800 
99 2 25.453700 14.090500 7.385230 
51 2 18.391500 17.088300 2.964950 
1420 2 26.051500 19.113900 9.642290 
873 1 17.644400 17.069000 2.937240 
194 1 22.905500 13.298700 9.232130 
855 2 16.126400 22.747100 8.985330 
1350 1 25.260400 23.902800 8.328200 
1974 1 18.985200 17.781400 6.961070 
681 1 23.438600 14.118800 1.935350 
937 1 14.476000 19.876500 11.058000 
1226 1 19.153600 17.849300 9.325500 
906 1 18.005900 18.516700 7.985040 
357 1 19.060000 15.040500 0.845282 
724 2 20.802400 15.819600 4.558570 
47 2 25.369700 20.546000 2.997450 
1946 1 24.606200 22.858400 8.965790 
1841 1 13.965900 25.547400 2.555910 
946 1 25.561800 16.966500 6.053910 
933 1 24.586900 20.660000 6.425880 
1658 1 14.713200 18.608900 12.467500 
465 1 15.169200 24.174700 3.690020 
1406 1 18.162100 14.813600 2.405150 
169 1 24.351300 17.940700 0.662809 
282 1 20.750800 23.919600 0.807696 
1993 1 21.700200 22.304000 2.097310 
1568 2 18.052900 20.739400 2.730840 
571 2 17.749500 22.759200 11.341600 
134 1 23.214500 19.936500 6.168860 
1542 1 15.763300 18.525500 1.960610 
230 1 19.811500 14.972900 6.567680 
802 1 21.405100 22.167900 3.841640 
575 2 16.267100 22.841500 2.934260 
1198 1 18.013500 15.792600 11.496000 
144 2 15.627000 18.781800 9.354020 
1610 1 15.616900 22.188800 8.276450 
1645 1 21.389900 20.001200 5.623230 
871 2 22.645700 16.203000 8.154330 
1876 2 21.965000 18.684900 2.650750 
73 1 16.195900 19.311200 9.489890 
872 2 22.556900 16.659600 8.128620 
1307 2 15.631000 23.762900 5.925940 
102 1 19.549600 15.430100 8.118690 
856 2 15.778400 22.373300 8.889460 
1260 2 13.954800 21.461700 10.168100 
1 1 14.330000 14.104800 4.918180 
1753 1 24.830100 13.605100 7.461900 
23 2 14.782400 14.737800 5.166010 
1598 1 25.718000 19.133200 9.986930 
1920 2 25.643800 23.225600 4.570850 
1376 2 14.782200 13.385700 9.554260 
1148 2 16.053700 15.812000 12.274800 
705 1 21.620900 14.704500 12.457500 
995 2 24.504900 26.164000 0.040323 
1985 1 13.566100 16.750800 4.378000 
603 2 13.666500 17.506700 4.315530 
1417 1 18.976100 26.047900 5.850000 
679 2 21.615000 14.321600 12.952000 
1426 1 19.752200 22.455500 13.169000 
742 1 18.428400 16.629200 0.471661 
361 1 18.488600 18.328900 13.201800 
874 1 25.952400 13.528100 0.032047 
1066 1 16.364300 25.919100 13.051700 
322 1 15.109200 20.449900 12.714000 
807 2 24.001800 17.076300 -0.197387 
1134 1 16.237700 22.284900 0.139822 
445 1 23.560700 22.055000 20.401100 
487 2 23.098100 20.712300 13.855200 
1524 2 16.716100 16.514200 15.318700 
1062 1 24.624500 22.505300 25.350700 
1341 1 23.541300 25.094000 22.908400 
226 1 25.599000 24.587600 21.691600 
266 1 19.268400 22.419800 25.766900 
1687 2 23.052600 18.153100 17.774400 
409 1 22.995600 21.673000 13.526300 
1924 2 24.901100 22.812700 25.128600 
1439 2 17.383100 22.141800 21.756900 
598 1 16.379100 25.022600 22.033400 
701 1 25.903400 14.585000 23.814200 
600 2 21.939500 19.645600 25.265000 
436 2 14.444500 18.273700 18.973400 
1470 1 17.504200 13.380100 21.472900 
1136 2 20.179000 25.792900 14.928700 
488 2 22.807700 20.938700 13.591900 
685 1 16.554200 16.777300 15.686100 
1655 2 15.819400 16.408000 24.228500 
115 2 17.823900 23.892200 18.342700 
1591 2 22.099800 18.296500 24.975100 
1825 1 25.663100 16.269100 24.194100 
329 1 15.276800 22.239500 13.489800 
210 1 14.074600 18.309900 18.656500 
1176 2 18.758200 18.839000 15.923500 
1550 1 13.230400 19.434300 21.083500 
236 2 22.138800 21.218400 17.832700 
1622 1 22.156600 24.997200 24.678400 
537 1 19.769400 25.907400 14.759700 
583 2 19.734000 25.314500 13.594400 
343 2 23.153700 14.789200 17.171900 
860 2 20.475300 24.135900 20.742900 
92 2 16.117200 15.624300 25.187000 
853 1 18.096300 22.078100 16.385000 
1579 2 14.731700 24.099800 20.035000 
1347 2 23.094800 24.720300 14.806900 
534 1 15.165900 18.175900 19.431800 
1394 1 13.402500 13.557900 17.015300 
889 1 19.425000 17.647900 20.859400 
870 1 22.005400 21.747500 17.283300 
1080 2 15.288400 22.079200 13.647000 
1316 2 13.401100 18.955600 26.154900 
644 2 16.509600 19.271600 25.432200 
109 1 20.742900 23.943700 20.223000 
160 2 23.538800 14.996000 17.342300 
1982 1 20.445300 24.354400 21.460100 
1076 2 18.810400 16.487900 22.980200 
1236 2 26.331900 24.228100 22.505800 
352 2 19.923800 21.430400 13.844900 
1045 1 23.489600 25.466100 19.192700 
1175 2 19.318400 19.475200 16.829500 
100 2 24.304600 25.076500 19.150800 
960 2 21.719800 15.286700 24.117500 
1093 1 17.253500 19.481400 19.285500 
450 1 13.555100 22.227100 22.817700 
655 2 24.430300 16.529200 20.256200 
9 1 14.621200 22.926800 22.016800 
366 1 24.395100 21.936200 17.886900 
1585 1 17.192600 25.346600 16.121800 
971 2 19.364100 22.983100 26.094700 
1065 1 19.374400 17.017000 23.204100 
566 1 22.850600 19.160800 17.230200 
1901 1 19.371400 25.766700 24.297400 
869 1 20.200200 18.691700 21.739800 
674 1 15.584900 18.623300 22.466600 
56 2 22.819900 24.444500 14.963800 
498 1 24.301500 19.602200 22.594000 
57 1 22.703100 20.369000 13.968900 
79 2 22.649800 24.903100 23.440600 
1434 1 26.025100 21.730100 15.538900 
669 1 26.163800 18.679600 25.370100 
426 1 21.021900 21.551800 24.308200 
1202 1 18.231800 18.921200 26.310200 
1534 1 17.747100 21.315900 22.290600 
437 1 21.703600 14.713200 22.925700 
1251 2 14.758800 18.300600 19.051500 
1910 1 21.709300 19.233500 25.620800 
1964 2 24.454300 22.042700 18.559200 
1885 1 13.602900 18.667000 15.192700 
275 2 22.853200 17.113600 14.736100 
40 2 23.387700 22.054100 21.497900 
1691 2 24.767700 21.501200 18.781600 
1298 1 13.652900 23.553500 20.183700 
110 1 15.636900 25.426500 16.130700 
1364 2 20.289300 24.212300 13.048500 
1844 2 15.456500 15.558000 20.644800 
249 1 25.842100 23.493300 25.359500 
1099 2 15.667900 19.203100 15.828900 
1185 1 22.017700 19.710000 20.924400 
188 2 19.419900 18.429800 21.740800 
235 2 26.103000 17.968400 15.858300 
1621 1 24.636700 24.792900 19.266100 
284 2 16.644800 24.486300 22.144700 
940 2 20.415400 22.917300 16.637400 
1266 1 19.076600 18.753200 16.458000 
750 1 17.475200 23.365400 17.622700 
1489 1 22.389800 24.716000 23.598400 
1646 1 17.318600 23.813900 22.161500 
1097 1 14.332000 15.937800 16.341500 
276 2 22.603000 16.830600 15.121200 
80 2 22.674000 24.896700 23.895700 
1987 2 16.919900 20.234100 19.155100 
963 2 16.590300 25.022300 16.113700 
39 2 23.307000 22.546000 21.343500 
191 2 23.909200 24.980600 19.451900 
576 2 15.716600 23.058600 26.173700 
434 1 20.958000 24.065300 13.548600 
146 1 17.145000 22.385600 21.136700 
1665 1 20.785300 14.403000 13.833900 
177 1 23.332600 23.987900 14.763200 
820 2 26.554900 20.406900 19.710400 
1843 2 15.816000 15.914800 20.852000 
1963 2 22.138800 21.418900 17.252700 
60 2 25.728500 18.634300 25.959900 
893 1 15.783600 16.916200 24.735700 
601 1 16.064200 18.754900 15.379000 
1635 2 25.476000 15.379600 23.474000 
1851 2 26.101500 19.107300 25.793300 
1459 2 22.525300 19.324700 20.309900 
752 2 22.629200 18.485400 17.530100 
1340 2 16.129200 14.382300 18.590100 
773 1 16.235400 15.042600 24.726300 
1688 2 24.110900 19.290900 22.211400 
885 1 25.871300 20.430800 19.071200 
1313 1 15.292200 23.485200 26.814100 
759 2 16.744900 16.662400 15.160200 
948 2 17.884100 16.652000 18.415600 
1685 1 17.050300 16.426200 14.510100 
1879 2 20.841700 21.213000 19.233300 
1021 1 20.259600 15.036700 19.380700 
283 2 16.759800 24.707600 22.041200 
1874 1 26.398700 18.065800 16.299600 
1383 2 25.492600 24.153400 13.674300 
699 2 20.213200 21.709100 23.428700 
1988 2 16.980400 19.898900 19.391800 
972 2 19.063800 22.997600 26.039900 
1460 2 22.431000 19.355900 20.698600 
1805 1 20.899100 21.546600 18.961500 
939 2 20.439300 23.298400 16.563300 
1530 1 15.086600 22.235000 25.118100 
630 1 13.467200 17.341300 23.769100 
1953 1 16.289100 20.988100 19.597400 
82 1 26.047700 16.212000 15.566700 
1050 1 22.876400 22.560200 21.804000 
1694 1 18.566500 23.970100 25.921100 
400 2 19.050700 25.780300 23.800900 
799 2 14.530900 23.040600 25.412400 
299 2 22.426600 15.348700 22.883800 
1644 2 14.105400 16.234100 17.055300 
27 2 17.915000 17.404000 18.901700 
1770 1 25.890500 13.737700 19.259500 
370 1 22.300000 15.797600 23.208200 
1204 2 14.975700 24.287800 19.811100 
28 2 24.417700 16.170600 20.739200 
1038 1 17.057800 14.657400 18.981000 
1463 2 13.938900 23.186800 17.349400 
680 2 20.779100 14.450400 13.670400 
1486 1 13.859500 22.358900 17.565500 
1427 2 17.877100 14.020200 23.929900 
399 2 19.883400 26.435500 23.875400 
1922 1 14.674200 19.207200 22.760900 
1482 1 22.642200 19.020300 19.819200 
36 2 14.076300 22.671600 22.273700 
1100 2 15.595400 19.203500 15.812600 
1948 2 21.103400 15.242700 20.437400 
75 2 15.225700 18.646700 22.606600 
1126 1 14.786000 23.267800 17.123800 
829 1 22.483000 17.938700 17.776900 
1853 1 25.902700 19.690700 26.434800 
1636 2 25.520400 16.025300 24.233100 
800 2 14.973800 23.139500 26.122800 
257 1 17.912400 24.087200 18.778600 
673 1 23.712600 19.834300 21.092300 
187 2 20.059200 18.685900 21.253900 
116 2 17.683200 24.001500 18.719300 
88 2 25.869500 12.885500 26.022100 
378 1 15.674500 15.973200 21.265500 
745 1 18.299800 13.372000 24.232500 
403 2 16.374400 14.330200 18.628200 
454 1 15.879800 14.244500 18.117800 
1746 1 16.174200 19.869800 25.167100 
557 1 24.201400 15.650300 21.171200 
1878 1 17.839200 16.494700 17.863400 
481 1 20.789200 23.784000 16.819600 
1464 2 14.229700 22.933600 17.245800 
1947 2 20.781700 15.395100 19.803000 
1828 2 17.523900 22.380200 16.187700 
929 1 21.546400 17.409500 24.587100 
645 1 24.618100 16.577800 19.846700 
962 1 20.433400 13.955800 16.583800 
859 2 20.230600 24.260800 20.613200 
734 1 17.019400 22.380800 15.848200 
1660 2 20.090400 21.313300 19.802700 
389 1 21.795000 16.134300 14.731800 
897 1 24.130300 18.382700 22.231200 
14 1 22.377200 25.258300 14.730100 
254 1 21.239200 15.450200 20.319100 
1473 1 19.645100 20.984300 20.140000 
1233 1 24.794200 21.583600 19.127600 
1085 1 19.637900 21.779000 23.428600 
1374 1 18.212300 16.223600 22.709600 
393 1 17.893300 14.613200 25.093700 
265 1 15.450900 15.173400 19.813300 
1923 2 25.545200 23.280300 25.315200 
35 2 13.617400 22.292500 22.313000 
643 2 15.997200 20.632300 25.571100 
1454 1 25.400200 24.532300 13.971100 
1716 2 15.012900 18.883700 22.519800 
1440 2 17.502400 21.844300 21.421200 
1527 2 19.280400 16.770100 23.180700 
1914 1 21.955500 20.127000 18.358700 
1869 1 15.269700 19.490200 16.367800 
700 2 19.973600 22.011300 24.194300 
1529 1 17.979300 20.046200 15.891700 
165 1 13.592100 26.418700 19.096400 
1671 2 26.422000 15.224500 16.138300 
1061 1 15.693200 24.520500 19.648200 
1495 2 20.167500 21.796300 13.302500 
1222 1 24.695000 26.096300 26.305100 
964 2 15.972000 25.538800 15.981900 
1098 1 17.740500 17.379800 19.087600 
34 1 23.157600 17.305800 15.306500 
412 2 18.157100 13.559600 24.294400 
1859 2 24.041600 18.968900 22.243400 
1235 2 26.344400 24.814700 22.048100 
1079 2 15.498200 21.784100 13.091500 
1384 2 25.409700 24.171000 13.534400 
1827 2 17.341400 22.221900 15.982300 
233 1 23.917100 16.700300 26.222900 
451 2 18.103400 13.371400 13.916400 
1669 1 24.054800 14.687300 17.002700 
159 2 20.367600 14.595400 16.592900 
333 1 20.413900 22.371400 16.356500 
1496 2 25.591800 21.303700 15.941100 
1258 1 22.825700 15.180300 17.723500 
1289 1 14.480100 26.447400 23.638700 
1010 1 19.457600 19.155400 26.024700 
38 1 19.683700 20.980500 13.840600 
1432 2 19.351300 18.879600 25.956300 
290 1 17.258700 24.580600 13.379500 
1504 2 17.293300 24.826900 13.405400 
1462 1 24.664200 15.179600 13.287000 
