id type x y z 
647 2 0.969067 9.410440 0.405536 
542 1 7.012440 0.878897 0.742037 
1831 2 4.597830 7.276660 4.113220 
1863 2 1.338910 7.127930 4.136420 
61 1 2.223780 7.207140 4.305450 
17 1 0.366186 2.422480 8.984090 
668 2 2.221200 4.616270 9.500830 
444 2 8.240740 11.966600 6.202070 
1892 2 0.779424 10.213900 6.672550 
861 1 8.499010 8.077190 10.279900 
446 1 7.964360 6.886360 1.807610 
728 2 7.247200 12.227600 0.124020 
571 2 13.126800 2.755340 7.021340 
1885 1 3.179810 13.153500 3.630140 
182 1 4.088700 4.909520 6.552350 
376 2 13.014200 1.125450 10.520400 
5 1 1.124050 3.889890 5.191300 
1830 1 5.203050 7.813840 3.719670 
266 1 5.894960 10.953700 3.862400 
729 1 7.894050 10.688100 10.137800 
238 1 2.654990 3.597520 13.176800 
1813 1 6.671620 0.158581 9.958380 
822 1 13.123400 6.361100 0.369422 
1065 1 11.474900 8.253280 2.357380 
901 1 13.086500 9.674970 5.603900 
706 1 4.736620 9.270910 0.419506 
265 1 5.919830 9.847710 4.545420 
1844 2 0.205629 11.897900 2.367020 
730 1 8.494070 10.600100 8.804170 
187 2 0.237827 3.679620 5.531250 
62 1 0.928032 7.758760 3.358590 
47 2 2.035420 11.247300 10.038000 
229 1 4.359220 7.396590 9.733130 
230 1 4.854680 3.899530 6.512230 
231 2 4.437580 4.409550 6.552820 
232 2 4.503040 4.348540 6.480420 
21 1 0.737828 6.097770 4.160050 
661 1 11.821400 4.651200 4.772910 
698 1 9.009160 11.153500 12.935900 
244 2 9.075790 7.888310 4.492370 
186 1 0.016363 4.617160 6.302910 
590 1 9.419620 10.694500 1.893460 
445 1 7.365570 7.666870 1.000030 
389 1 6.876140 4.393440 10.349400 
243 2 9.157870 8.482840 4.446090 
403 2 6.968660 3.559310 3.471540 
43 2 0.065708 11.738000 2.597090 
781 1 10.898200 3.153700 0.897031 
789 1 10.459000 4.915580 7.469350 
917 1 10.225300 13.133600 7.621490 
519 2 6.197060 6.122330 12.753200 
1030 1 9.586600 1.116200 3.149130 
269 1 7.429120 7.526400 7.248680 
270 1 6.254400 6.917420 6.437600 
271 2 7.162140 7.181470 6.714830 
272 2 6.824040 7.214860 6.893250 
442 1 7.879540 12.146700 6.720110 
665 1 2.628730 4.211440 9.365310 
581 1 7.808110 3.016880 3.573290 
584 2 7.110540 3.765260 3.430470 
857 1 11.138000 6.805720 11.442900 
4 2 2.754240 4.875900 0.635805 
543 2 6.577740 0.975182 0.946620 
3 2 2.543640 4.936670 0.163271 
1450 1 2.201120 7.990570 6.882960 
1032 2 9.628340 1.161460 3.795500 
726 1 7.520780 13.023400 0.440375 
1846 1 0.662759 0.688562 2.061300 
918 1 11.081100 12.681500 8.794850 
1847 2 -0.017609 1.143070 1.748300 
904 2 12.831500 9.160660 5.553830 
183 2 2.828560 4.905130 0.752702 
518 1 6.531120 5.631450 12.884600 
666 1 1.879070 5.093110 9.655980 
242 1 9.088080 7.522930 4.149450 
94 1 0.018960 5.156580 11.691100 
1242 1 10.489400 6.285730 1.686190 
594 1 10.622600 0.743192 12.817300 
570 1 13.194400 2.214290 7.664730 
208 2 4.719260 7.628290 9.444100 
181 1 1.852200 3.263760 1.716310 
1859 2 2.411650 7.713850 13.249900 
313 1 5.335990 13.119100 10.673200 
1452 2 2.109150 7.240950 7.080580 
569 1 13.245000 3.118590 6.475530 
667 2 2.162380 4.726410 9.427490 
1891 2 0.649173 10.260900 6.979110 
790 1 9.047310 4.134160 7.908110 
390 1 5.572620 3.592550 9.518510 
1832 2 4.714110 7.212090 4.099090 
708 2 5.410080 9.702610 0.743363 
1426 1 3.557340 0.131218 12.829000 
268 2 5.740550 10.380200 4.280230 
646 1 1.692000 9.567070 0.609010 
1068 2 11.892500 8.866560 1.975310 
648 2 1.085300 9.414670 0.250937 
44 2 0.026687 11.444700 2.516890 
402 1 7.059770 4.471650 4.162860 
919 2 10.627800 12.767100 8.427990 
1066 1 12.298200 9.151090 1.552960 
705 1 5.700910 10.018400 1.146380 
1848 2 0.205984 1.175600 1.929470 
210 1 6.392810 2.531680 10.475200 
1094 1 10.420100 8.889700 8.049940 
673 1 10.060300 2.594240 10.625200 
792 2 9.577830 4.514360 6.841920 
7 2 0.205081 3.765930 6.001330 
2 1 3.557430 3.102650 0.669668 
22 1 0.108439 10.960200 1.872880 
1067 2 11.792200 8.720560 2.235270 
859 2 11.918500 6.132600 10.889200 
1998 1 6.946300 1.680020 6.471010 
241 1 8.963260 8.780880 4.574060 
309 1 11.008200 9.510150 10.661800 
392 2 6.342960 3.407310 9.833740 
253 1 5.471920 10.440800 11.443800 
1802 1 3.755620 5.079000 1.150480 
206 1 5.172360 7.890020 9.062900 
312 2 11.079300 9.830570 11.195000 
184 2 2.530840 4.679240 0.186627 
212 2 6.521130 3.553220 10.010600 
64 2 0.963768 7.470650 4.292730 
365 1 3.554020 1.907390 4.824370 
223 2 3.554780 0.807830 8.096950 
583 2 7.027610 3.931520 3.527690 
1029 1 9.819180 1.072110 4.526790 
310 1 11.017900 9.958370 11.963500 
611 2 9.426180 4.367990 7.150270 
443 2 8.231070 12.129800 6.149810 
732 2 8.135140 10.559300 9.400610 
862 1 8.108580 6.914650 11.029600 
52 2 4.921060 10.843400 7.501930 
1889 1 0.971062 10.549300 6.258050 
197 1 2.082760 1.247660 12.203600 
222 1 3.549110 1.042420 3.764540 
185 1 0.320884 3.007550 6.491950 
1134 1 11.446500 10.999900 4.287740 
609 1 8.925270 5.261280 6.773150 
674 1 10.171200 3.776890 11.265900 
63 2 2.253600 9.957060 3.841070 
311 2 11.078100 9.812400 11.176800 
1829 1 4.366880 6.843260 4.307090 
46 1 2.601850 10.931500 9.557820 
589 1 8.465480 10.695700 2.772310 
920 2 10.722100 12.853100 8.176630 
255 2 5.351220 10.059100 11.609100 
475 2 6.573260 1.075200 6.263040 
1864 2 0.897509 7.197060 3.962090 
858 1 12.136500 6.020810 10.381800 
791 2 9.728780 4.299550 7.231420 
675 2 10.098200 3.066850 10.947900 
517 1 5.561290 6.539840 12.815800 
486 1 13.238400 11.776900 6.916350 
863 2 8.488840 7.432810 10.558800 
1804 2 2.618760 4.758930 0.188961 
727 2 7.393580 12.634000 0.072380 
1241 1 10.538900 6.090290 0.375987 
663 2 11.873400 4.587830 3.886430 
315 2 5.843010 13.114400 11.060000 
520 2 5.947770 6.212600 12.980900 
447 2 7.458720 7.499250 1.636270 
1862 1 0.880586 7.656970 5.062760 
1451 2 2.271040 7.256880 7.176860 
207 2 4.758990 7.616590 9.346970 
209 1 7.285020 3.516570 9.143290 
1244 2 10.636700 6.167080 1.065870 
476 2 6.798460 1.092660 6.577210 
374 1 12.636100 1.295970 10.356400 
662 1 11.648200 4.524490 3.276400 
368 2 3.629460 1.484350 4.395680 
1135 2 11.346900 11.695400 4.442970 
367 2 3.724560 1.222590 4.131000 
582 1 6.260600 2.909750 3.644030 
707 2 5.028050 9.612330 0.788344 
1890 1 0.255102 10.087800 7.599570 
267 2 6.016570 10.434600 4.192470 
18 1 3.477560 2.357020 11.851200 
1095 2 9.945310 8.931130 7.502920 
383 2 9.547690 0.056549 8.196930 
51 2 4.816060 10.693700 7.792420 
1096 2 9.894780 8.650260 7.430540 
478 1 2.861020 11.184000 13.098900 
391 2 6.382970 3.374710 9.931470 
549 1 1.819000 13.027900 6.466910 
8 2 0.415182 3.786430 5.472530 
49 1 4.945660 10.459300 8.171740 
903 2 12.791600 9.132190 5.459020 
45 1 1.808770 11.646900 10.495700 
902 1 12.509100 8.637040 5.231060 
48 2 2.290490 11.408400 9.883090 
591 2 8.965490 10.830000 2.180490 
224 2 3.273520 1.067240 8.140360 
664 2 11.750400 4.551040 3.954320 
188 2 0.376075 3.862370 5.800760 
1801 1 2.275280 5.476130 1.594840 
256 2 5.039220 9.822240 11.776300 
381 1 9.608780 0.952523 8.260720 
205 1 2.956380 1.184840 7.795380 
404 2 6.865680 3.539650 3.643500 
612 2 9.407570 4.468600 7.218050 
441 1 8.729030 11.906700 5.623200 
254 1 4.975590 9.338650 11.951300 
1984 2 2.677140 4.402030 0.692559 
473 1 6.484300 0.356971 6.335450 
50 1 4.700190 10.981600 6.708060 
221 1 3.719650 0.541606 8.825630 
211 2 6.389380 3.535030 9.922100 
1031 2 9.800740 1.005970 3.900750 
1093 1 9.622430 8.624180 6.867390 
1136 2 11.321900 11.732800 4.313890 
541 1 5.857510 1.403510 1.035200 
864 2 8.228940 7.402730 10.730300 
1858 1 2.504240 8.031960 12.016300 
592 2 8.731510 10.818000 2.359050 
544 2 6.259720 1.127770 0.886746 
860 2 11.787000 6.323890 10.823200 
610 1 9.791170 3.610750 6.375630 
60 2 2.260070 7.642390 12.943300 
401 1 6.882340 4.238030 2.269890 
41 1 0.621108 12.647700 2.148750 
1243 2 10.343600 6.112490 1.197980 
1861 1 2.145050 10.038300 3.791090 
731 2 7.943910 10.707100 9.517640 
448 2 7.855060 7.314360 1.283940 
1888 2 3.816930 13.296000 3.159630 
1449 1 2.261060 6.702990 7.312410 
676 2 10.074800 3.333070 10.932900 
1133 1 11.187900 12.499600 4.390400 
1803 2 2.603070 4.588840 0.303012 
1983 2 2.485590 4.289000 0.470029 
572 2 13.206200 2.696790 7.085680 
551 2 1.740230 13.291200 5.755400 
19 2 2.962680 1.775680 13.316700 
204 2 9.702070 0.151054 8.033990 
782 1 9.295760 2.388840 0.064501 
681 1 10.715900 12.794100 0.213040 
59 2 2.516510 7.817550 12.725200 
1269 1 13.111500 4.091880 12.505000 
699 2 8.439010 11.113700 13.082300 
200 2 2.922000 1.789120 12.962700 
199 2 2.646020 1.763160 13.099600 
604 2 10.502000 2.299830 0.072664 
602 1 11.017200 1.260410 0.082901 
700 2 8.593590 11.149700 13.039100 
914 1 8.871410 4.991300 12.977700 
784 2 10.287000 2.267440 0.137844 
278 1 1.651940 10.306700 22.899900 
74 1 0.123903 10.512600 15.856200 
650 1 12.829900 3.983240 23.557900 
1851 2 3.138170 8.539670 24.806500 
643 2 11.805200 10.642300 15.443300 
1834 1 -0.000311 4.576410 16.937500 
430 1 8.609100 3.185260 19.233500 
434 1 11.610900 7.383300 17.346900 
261 1 7.923120 13.034000 23.060600 
685 1 8.828440 12.551700 15.906000 
213 1 3.194300 3.835350 18.843600 
642 1 12.125300 10.202400 14.901300 
214 1 2.463160 4.812370 19.002400 
875 2 12.888600 12.780900 18.093000 
468 2 8.523140 8.962250 24.842800 
567 2 2.050970 3.187240 22.095300 
280 2 1.126280 10.653600 23.168300 
234 1 6.334580 2.935090 17.638600 
697 1 7.713620 11.119300 13.410300 
813 1 12.167700 2.467750 14.963800 
1991 2 0.870014 1.136550 18.233300 
439 2 1.181590 7.884240 18.763100 
235 2 5.687890 2.740890 17.729200 
811 2 8.167200 1.033390 20.916600 
886 1 9.032240 11.867800 19.431500 
651 2 13.037100 3.749400 24.043900 
1500 2 13.095700 6.969940 13.764700 
1807 2 0.265012 0.206282 25.345000 
431 2 8.977580 3.050210 18.771900 
260 2 4.289980 5.683930 15.791500 
636 2 6.303630 8.267050 14.942200 
433 1 10.877100 7.019710 16.346700 
225 1 2.788410 6.676190 21.685900 
226 1 3.858250 6.223110 21.169100 
227 2 3.250330 6.361910 21.442300 
228 2 3.215320 6.626800 21.280200 
1080 2 10.878000 6.464190 23.894000 
465 1 8.242680 8.409750 24.067500 
1806 1 0.111792 0.752586 25.648000 
298 1 3.573980 10.687200 17.195700 
1999 2 2.922690 1.975360 13.801600 
688 2 8.804930 13.156000 15.714000 
491 2 6.352870 11.682100 19.165900 
1049 1 11.529100 1.249900 23.372300 
364 2 3.731800 0.099280 24.952500 
909 1 12.410300 12.965500 21.582700 
874 1 12.875500 13.105800 17.480800 
633 1 6.343640 7.996090 15.097300 
90 1 2.993270 10.778100 19.750100 
264 2 8.409220 12.511500 23.401800 
891 2 9.118040 7.032830 20.227000 
1069 1 11.758600 10.065900 22.321500 
800 2 12.519200 4.655700 19.807800 
892 2 8.993160 6.958410 20.221900 
262 1 8.624390 11.943400 23.685000 
694 1 12.680800 12.852000 14.364700 
233 1 4.924010 2.296850 17.411400 
1000 2 11.535500 2.905680 15.538400 
823 2 13.159600 6.176300 26.291900 
821 1 13.299800 5.870550 25.732300 
689 1 2.818270 12.133800 25.485100 
299 2 3.820670 10.429000 16.976500 
747 2 4.822420 0.434459 20.871500 
618 1 11.314700 4.592780 19.299500 
1276 2 12.605800 8.908130 25.337600 
652 2 12.969100 3.766690 23.764600 
466 1 8.604640 9.363220 25.214400 
457 1 10.042900 8.288050 13.968900 
973 1 12.850800 0.612108 19.623200 
297 1 4.202550 9.784210 16.663300 
363 2 3.826880 0.220427 24.662200 
878 1 12.718600 8.688570 19.365900 
1836 2 0.041322 4.992770 16.601700 
279 2 1.129580 10.529600 23.029900 
683 2 10.907000 12.557400 26.008400 
684 2 10.951300 12.756900 26.136200 
1820 2 2.745920 2.337840 13.349800 
1497 1 12.505900 6.677790 14.048100 
57 1 1.677990 8.043920 13.570500 
300 2 3.737430 10.391400 17.002800 
809 1 7.715170 0.805477 20.948100 
639 2 8.072650 2.500040 14.481300 
641 1 11.421300 10.819600 16.000000 
1874 1 0.582992 11.027800 17.342300 
425 1 6.958140 4.690900 20.580200 
426 1 5.914760 3.847930 19.901300 
427 2 6.461500 4.524890 20.294200 
428 2 6.415960 4.207350 20.250400 
1074 1 6.678570 4.683020 25.764400 
1071 2 11.053700 10.573900 22.487600 
746 1 5.262060 0.614007 20.247800 
568 2 2.027800 3.402020 22.252300 
245 1 4.759420 12.217800 22.958700 
216 2 2.744990 4.277410 18.861500 
887 2 9.608200 12.383100 19.525500 
438 1 1.248980 8.271160 18.520100 
458 1 9.026870 8.225020 13.581200 
217 1 7.230120 5.381100 17.065600 
638 1 8.188880 2.078450 14.725600 
1050 1 10.602300 1.326810 22.194500 
900 2 7.212660 9.692380 21.264000 
713 1 6.303710 6.033990 22.861400 
92 2 2.657890 11.018700 19.933800 
818 1 12.328200 3.890830 15.908000 
453 1 5.818850 7.449570 18.060100 
454 1 4.545550 7.813210 18.773600 
455 2 5.188700 7.679060 18.540600 
456 2 5.052180 7.941540 18.414400 
289 1 5.553880 12.300400 15.675200 
492 2 6.261340 11.747000 19.260300 
246 1 4.561190 11.300200 21.855500 
1075 2 7.229210 4.488890 25.353700 
998 1 11.420400 2.162220 16.590800 
635 2 6.367730 8.537370 14.884400 
479 2 2.552290 11.616900 13.630900 
247 2 4.627700 11.641300 22.447900 
812 2 8.218010 1.098350 20.666300 
248 2 4.702320 11.763800 22.396500 
819 2 11.700800 2.845810 15.575700 
489 1 6.052350 11.808400 18.518400 
913 1 8.965280 5.847230 13.870600 
1039 2 8.650820 9.527080 17.384800 
898 1 7.581430 10.079900 21.168600 
1052 2 11.235600 1.291500 22.789200 
432 2 8.977810 3.116550 18.716500 
880 2 12.057900 8.961190 19.446000 
1040 2 8.476210 9.338050 17.378200 
436 2 11.226300 7.165300 16.704200 
366 1 3.498490 4.617630 25.782700 
687 2 8.883830 13.249000 15.873400 
1860 2 1.894110 7.940280 16.084800 
889 1 8.416910 7.671710 20.071100 
644 2 11.705000 10.635900 15.511300 
1038 1 9.316740 9.227630 17.318200 
2000 2 2.902870 1.816020 13.403900 
91 2 2.628930 11.008200 20.202500 
629 1 9.747190 4.424740 22.351700 
630 1 8.676290 3.696030 22.788700 
631 2 9.169560 4.049430 22.513300 
632 2 9.378990 4.269090 22.663500 
670 1 5.040080 3.565150 22.967300 
258 1 3.582810 5.604230 16.482100 
490 1 6.411780 11.515300 19.785600 
1835 2 0.172690 5.382700 16.523200 
897 1 6.728920 9.123380 21.537300 
1866 1 0.208652 13.006900 21.003800 
1070 1 10.560100 10.737400 22.392600 
1118 1 7.965930 0.356378 24.354400 
417 1 7.904800 0.811596 16.853100 
799 2 12.332200 4.714530 20.153200 
1850 1 2.960460 7.834590 24.892200 
1849 1 3.427940 9.156280 24.468700 
89 1 2.307390 11.704600 20.464200 
1051 2 10.905800 1.137010 22.470700 
1809 1 0.933717 1.050390 19.427700 
873 1 13.114600 12.505200 18.532300 
257 1 4.570800 5.608310 15.488200 
440 2 1.205490 7.727900 18.708700 
890 1 9.454430 6.529240 20.334100 
640 2 7.668100 2.613390 14.572000 
669 1 5.645240 2.184310 22.850900 
877 1 11.429600 9.012040 19.513500 
671 2 5.297700 3.052010 23.052500 
672 2 5.452690 2.537030 22.892900 
474 1 2.251800 3.044390 15.008900 
480 2 2.424870 11.438900 13.639600 
817 1 10.735000 3.152000 15.246300 
1845 1 1.759410 4.211780 26.092500 
263 2 8.223620 12.405200 23.295700 
291 2 5.967080 12.633600 15.215900 
885 1 10.016900 12.894400 19.448600 
999 2 11.602700 2.646210 15.688800 
292 2 6.026030 12.501700 15.257700 
477 1 2.143710 11.850600 14.311400 
879 2 11.982100 8.705190 19.414400 
198 1 1.698680 1.630850 13.958800 
1958 1 4.151780 2.024590 13.618000 
1812 2 1.123680 0.972355 18.405800 
460 2 9.693310 8.195660 13.630400 
1274 1 12.251300 8.503090 25.007700 
1077 1 10.279800 6.194660 23.716400 
888 2 9.492010 12.470300 19.272100 
1811 2 1.229140 0.972689 18.462700 
215 2 2.994860 4.359310 18.967600 
682 1 10.987100 12.477700 25.449500 
1826 1 -0.039563 5.973940 22.929400 
748 2 4.883410 0.502616 20.612900 
566 1 2.279830 3.472650 22.792700 
1852 2 3.339390 8.562470 24.520500 
714 1 5.670680 7.210590 22.880900 
1833 1 3.237100 0.845922 14.550100 
620 2 12.427100 4.605020 19.540700 
236 2 5.596670 2.654810 17.479200 
1499 2 12.873000 7.328290 13.696500 
716 2 6.005120 6.559590 22.878100 
1079 2 10.788900 6.468000 23.779600 
435 2 11.412000 7.219450 16.826300 
798 1 12.873800 3.739190 19.253700 
691 2 3.201820 12.055500 25.900000 
1073 1 7.620710 4.263050 24.908600 
899 2 6.984280 9.624260 21.400700 
1078 1 11.365000 6.671630 23.878100 
715 2 6.113090 6.707610 22.874300 
429 1 9.406330 3.051400 18.249600 
797 1 12.890100 5.446880 19.631800 
437 1 0.916053 7.011360 18.785500 
277 1 0.740104 11.092400 23.331100 
619 2 12.322300 4.311680 19.642900 
259 2 4.057350 5.691400 16.112300 
361 1 3.723070 0.683982 24.575900 
240 2 7.729150 5.724170 17.245700 
1997 1 8.369960 6.245640 17.387600 
1076 2 7.266300 4.419440 25.338600 
1037 1 7.932370 9.547670 17.336300 
1072 2 10.939400 10.332400 22.445400 
634 1 5.907080 9.117770 14.526300 
975 2 12.459700 0.316092 18.934300 
239 2 7.702880 5.938300 17.170900 
876 2 12.964400 13.007500 17.900700 
820 2 11.702200 2.727970 15.628600 
290 1 6.660920 13.097900 14.884200 
1609 1 2.243180 6.059250 26.205400 
1818 1 0.254466 5.623430 16.126600 
386 1 1.787410 1.748150 17.970600 
565 1 1.903520 3.195700 21.639100 
1857 1 2.068300 8.013920 16.260300 
745 1 4.444250 0.468417 21.308900 
58 1 2.794170 7.002660 13.425100 
976 2 12.242700 0.522307 19.143600 
915 2 8.986790 5.348110 13.298100 
725 1 7.238300 11.975200 26.214300 
1992 2 1.068290 0.850100 18.375600 
617 1 12.400700 4.382250 20.877300 
1275 2 12.507600 9.092850 25.547100 
690 1 3.605930 11.638300 26.468300 
637 1 7.504800 3.178750 14.374500 
1273 1 12.834500 9.397820 25.852700 
601 1 10.299100 2.743790 25.692900 
692 2 3.238940 11.942500 26.108400 
974 1 11.857200 0.167704 18.687900 
467 2 8.543230 8.798260 24.505000 
810 1 8.896280 1.240530 20.526900 
916 2 8.909710 5.303670 13.452400 
459 2 9.404030 8.141260 13.739200 
1819 2 3.113000 1.835010 13.406400 
20 2 2.497440 1.797910 13.676600 
645 1 0.307710 9.125980 26.459500 
603 2 10.334100 2.422300 26.502900 
783 2 10.405000 2.228680 26.449600 
774 1 11.488000 17.080000 8.238080 
553 1 5.533590 21.910100 10.846400 
316 2 5.890420 13.359900 10.832300 
1189 1 12.634200 19.880000 7.808100 
525 1 3.487960 14.205300 0.187767 
531 2 7.895650 15.564700 9.235670 
845 1 11.072900 22.733800 3.374980 
281 1 0.701647 15.244400 2.730080 
202 1 10.241400 26.128300 7.617790 
1553 1 0.469057 22.310500 4.265720 
177 1 3.427740 14.943000 9.194920 
743 2 10.498200 20.058500 1.924440 
1956 2 2.455800 18.066200 5.717760 
1362 1 0.644758 21.106300 1.064960 
461 1 6.732680 13.665000 3.659680 
1967 2 2.051830 24.357900 2.107720 
896 2 4.994330 13.933900 6.220240 
493 1 10.169800 14.138800 11.939400 
314 1 6.523210 13.707800 11.230500 
156 2 2.455870 18.117400 5.179840 
846 1 10.934500 24.103200 3.608100 
1363 2 0.159587 20.625000 0.503574 
759 2 7.243690 19.538300 12.230200 
168 2 2.099220 24.285600 2.010850 
895 2 5.021130 13.867800 6.231150 
980 2 8.239660 23.269400 9.464850 
463 2 7.087010 13.942000 3.059010 
1335 2 8.604420 19.668700 9.101460 
608 2 8.085100 24.077700 4.855990 
127 2 5.408440 16.679800 2.851940 
1972 2 2.002600 24.164500 10.303400 
564 2 6.979530 20.232700 4.877770 
1061 1 9.232350 14.608100 5.945070 
172 2 2.232660 23.910700 10.625800 
1227 2 7.776160 21.804100 2.064760 
606 1 8.381870 23.883500 4.268440 
1969 1 0.875948 23.482200 10.097800 
320 2 11.450200 19.871300 11.356200 
302 1 2.988750 18.919300 0.994909 
550 1 1.692510 13.555400 5.297610 
301 1 3.147480 18.219000 2.100720 
1886 1 4.069530 13.398300 2.795440 
382 1 9.790480 26.037900 9.137170 
1965 1 2.435920 25.063800 2.402790 
317 1 11.777700 19.897500 10.832900 
1191 2 12.202100 20.048500 8.273860 
170 1 1.667260 25.095300 10.705700 
814 1 12.556700 22.303600 9.524910 
977 1 7.681590 23.415700 9.781870 
9 1 0.026591 24.695400 6.374800 
1062 1 10.257200 15.564500 5.509450 
937 1 12.916800 15.559000 10.265600 
1815 2 5.933170 25.956600 10.336600 
1777 1 0.283686 18.456700 12.626100 
978 1 8.651800 23.051300 8.930360 
12 2 0.167107 25.331300 5.621920 
169 1 2.732190 23.890400 9.664740 
251 2 8.592020 25.095000 1.216810 
462 1 7.038400 14.344100 2.672830 
883 2 11.218800 17.361000 0.095441 
949 1 9.786890 18.023200 11.372800 
761 1 5.970510 25.457900 2.609550 
605 1 7.902140 24.119600 5.623590 
762 1 5.579280 24.996600 3.654670 
1953 1 1.913360 18.990200 5.143220 
1063 2 9.700940 15.005800 5.849520 
369 1 1.794070 21.613500 6.911190 
370 1 3.067610 21.804200 6.634970 
371 2 2.328560 21.617300 6.784820 
372 2 2.263040 21.665500 6.778820 
166 1 2.554320 23.366100 2.459880 
11 2 0.032810 25.379000 5.589440 
1225 1 8.211910 21.506900 1.356240 
742 1 10.319900 20.105700 2.377120 
180 2 2.414030 15.452700 9.073850 
563 2 6.879890 20.161500 4.845240 
252 2 8.357860 25.162600 1.067200 
1064 2 9.518690 15.033000 6.074710 
165 1 2.290710 24.596300 0.898395 
1971 2 2.031390 24.060300 10.286300 
1027 2 13.144500 25.205200 6.083120 
150 1 1.785660 19.756700 10.436700 
994 1 11.995800 22.835700 10.986100 
588 2 12.411400 25.804100 1.759160 
414 1 10.864000 25.377300 12.270800 
763 2 5.884320 25.141700 3.136740 
529 1 7.548000 15.066100 9.402130 
495 2 9.903930 13.797000 11.634100 
1169 1 9.576190 19.157200 5.824840 
319 2 11.357100 20.153600 11.403700 
562 1 7.345260 20.281400 4.470430 
1350 1 11.809200 17.611300 4.281340 
1333 1 8.915180 20.167100 9.109720 
556 2 5.660740 21.343900 10.536800 
848 2 11.046800 23.389700 3.439020 
360 2 4.153080 17.972000 11.916500 
527 2 3.554540 15.010600 0.380648 
1176 2 10.431800 22.454000 6.769500 
1226 1 7.575190 22.226800 2.297100 
786 1 5.926460 22.580600 6.857270 
318 1 11.040400 20.514000 11.771700 
1710 1 4.635440 21.703600 3.988510 
587 2 12.493200 25.621200 1.902010 
607 2 8.036370 24.061600 5.361740 
1970 1 2.185630 23.706900 11.369000 
496 2 9.904440 13.816400 11.687600 
1375 2 8.843980 22.191900 11.916200 
201 1 8.546120 26.104600 7.656700 
384 2 9.857650 26.297300 8.224180 
1374 1 8.776570 21.884000 12.516500 
191 2 0.091823 25.503200 5.334370 
1979 2 2.251920 15.190300 9.020820 
776 2 11.228400 17.071100 8.482920 
1334 1 8.070110 19.028900 9.101670 
1711 2 4.196860 21.484200 4.020260 
149 1 1.991710 20.210100 9.123940 
358 1 3.811820 17.709400 11.758400 
153 1 1.952260 17.454200 6.281320 
178 1 1.561540 14.896000 9.489740 
847 2 11.084700 23.298300 3.589560 
806 1 8.259230 18.429300 0.453517 
126 1 5.029060 16.074900 3.135080 
324 2 9.969720 14.157900 2.297440 
1349 1 12.434200 16.282500 3.640390 
995 2 12.548800 23.336700 10.138400 
167 2 1.760710 24.263100 1.902500 
561 1 6.319320 20.205900 5.474000 
151 2 1.896640 19.891300 9.791530 
1174 1 11.036100 22.314300 6.546920 
304 2 3.168710 18.533000 1.399210 
526 1 3.386170 15.491300 0.647060 
970 1 4.461110 25.427200 6.674420 
321 1 10.611000 14.442200 2.271330 
545 1 12.995800 14.538600 7.173070 
554 1 5.715020 20.834800 10.254100 
1977 1 2.324480 16.293500 9.505330 
1171 2 10.500800 18.695500 5.934210 
787 2 6.089010 21.855000 7.312890 
1172 2 10.165400 18.741000 6.003600 
1376 2 8.903520 22.161000 12.047500 
128 2 5.331080 16.624000 2.706000 
893 1 5.443040 14.385800 6.629850 
744 2 10.327400 20.319900 1.647840 
1192 2 12.228800 20.065100 8.248680 
741 1 10.430700 20.522800 1.012670 
1556 2 0.320533 21.600200 3.905510 
282 1 2.008510 15.010400 2.301710 
1146 1 12.303100 20.432400 5.071030 
757 1 7.129080 19.887100 12.527700 
1190 1 11.720600 20.381900 8.481190 
249 1 8.677650 25.285900 0.382305 
171 2 1.900950 24.041400 10.606500 
555 2 5.388070 21.465800 10.660500 
815 2 12.213600 23.228900 10.128700 
1954 1 3.213580 18.428500 6.064290 
1887 2 3.726360 13.365300 3.220930 
483 2 4.744890 21.027100 0.117624 
1148 2 12.721800 20.162800 4.723100 
749 1 8.098560 17.607000 3.035130 
750 1 9.175090 17.459600 3.711900 
751 2 8.591340 17.355600 3.307540 
752 2 8.530680 17.574800 3.218390 
1978 1 2.306050 15.520000 7.897490 
996 2 12.394800 22.951000 10.200700 
1173 1 9.857420 22.895400 6.800530 
794 1 11.676300 23.800400 9.803800 
1955 2 2.435720 18.289700 5.514640 
586 1 12.331900 26.181800 2.452400 
585 1 12.621200 25.205300 1.260150 
1228 2 7.706470 21.796300 1.813580 
769 1 4.590510 18.464100 8.104810 
770 1 4.443150 19.176700 9.085050 
771 2 4.530260 18.818900 8.821070 
772 2 4.525220 18.719300 8.387150 
323 2 10.199000 13.958900 2.188630 
152 2 1.825720 19.943900 9.738380 
413 1 9.151110 26.370500 12.043500 
303 2 3.072230 18.593300 1.536060 
1175 2 10.623100 22.457000 6.774260 
530 1 8.443380 16.056700 9.035020 
881 1 10.826700 16.726500 0.395074 
155 2 2.626740 18.126900 5.536350 
521 1 8.578350 15.821800 0.464123 
464 2 6.836020 13.950900 3.132510 
179 2 2.468020 15.292000 9.056060 
1814 1 5.750880 25.690300 10.362000 
758 1 6.981550 18.732500 12.087400 
158 1 2.609950 17.500000 4.602700 
788 2 5.848590 22.119400 7.186530 
1145 1 13.171200 20.425700 4.179700 
979 2 8.264230 23.158200 9.235280 
1816 2 6.332130 26.126000 10.171800 
1170 1 10.661200 18.328100 6.225400 
415 2 9.947370 26.232300 12.413600 
416 2 10.121100 25.870600 12.476100 
1336 2 8.469270 19.788300 9.070460 
1980 2 2.423250 15.278900 8.990230 
1712 2 4.066880 21.384000 3.721240 
773 1 10.626700 17.225100 9.177550 
1709 1 3.629680 21.022000 3.725850 
1968 2 2.154980 24.592000 1.948470 
359 2 4.091390 17.997200 12.314000 
764 2 5.670520 25.204500 3.110540 
1966 1 1.016780 24.141900 2.035530 
1555 2 0.247319 21.566100 3.856810 
969 1 3.981540 24.364900 6.290860 
596 2 9.912380 25.832800 12.559400 
760 2 7.053750 19.297000 12.139400 
775 2 10.756100 16.928500 8.813010 
532 2 7.898010 15.393600 9.262290 
528 2 3.285650 14.821800 0.391914 
523 2 8.018150 15.782700 0.129297 
945 1 6.298300 17.443600 5.815630 
946 1 7.298110 16.860000 6.469250 
947 2 6.721100 17.070300 5.906540 
948 2 6.803560 17.261200 6.126730 
785 1 6.264970 21.329300 7.705250 
357 1 4.524910 18.300700 12.790600 
951 2 9.414040 17.218700 11.810300 
952 2 9.537980 17.495400 11.434400 
125 1 5.594910 17.150600 2.610930 
972 2 4.213490 24.803500 6.351580 
1025 1 12.592400 25.480700 5.531940 
971 2 4.007280 24.739100 6.232590 
882 1 11.185600 18.076600 0.170940 
481 1 5.251490 20.974800 0.745466 
552 2 1.868820 13.335900 5.789540 
950 1 9.387480 16.795100 11.747600 
250 1 8.316900 25.210100 1.648650 
1373 1 8.908020 22.630400 11.306900 
894 1 4.631520 13.521300 5.817770 
283 2 1.166450 15.163600 2.612650 
284 2 1.414430 15.223100 2.482790 
595 2 10.173600 26.212600 12.712200 
816 2 12.739100 23.035000 10.270000 
322 1 9.402030 13.701300 2.646440 
1147 2 12.780300 20.457100 4.642730 
1352 2 12.082900 16.738900 4.053880 
1351 2 11.976400 17.008800 4.003210 
494 1 9.499180 13.382900 11.195200 
1780 2 0.670650 18.529000 13.041200 
377 1 3.600930 21.328700 12.643400 
884 2 10.965200 17.487800 0.210851 
1028 2 13.189500 25.153300 5.779900 
626 1 10.425800 23.216600 0.582876 
189 1 0.582935 24.966100 4.844940 
1364 2 0.275934 20.742700 0.515331 
524 2 8.019110 15.856200 0.236635 
484 2 4.701550 21.037700 0.282956 
203 2 9.640320 26.479400 8.177210 
190 1 0.173017 26.307900 5.483250 
627 2 10.342600 22.733800 0.166625 
807 2 7.897720 18.980800 0.074028 
1779 2 0.611060 18.572500 12.949200 
628 2 10.622900 22.788500 0.116383 
379 2 3.281640 21.208200 13.195900 
866 1 13.162600 13.690400 -0.009426 
593 1 9.497440 25.386600 13.352900 
855 2 11.110500 25.252900 24.748900 
148 2 5.515650 24.291700 25.900100 
408 2 10.029300 24.596100 21.264500 
533 1 2.538750 17.134300 16.292800 
933 1 6.723560 18.841500 14.972000 
508 2 5.811710 14.808300 24.690500 
411 2 3.282420 23.541200 19.401700 
944 2 10.760900 19.536800 23.763100 
711 2 7.409640 15.072100 20.717500 
906 1 6.034070 17.305300 19.117300 
908 2 5.605080 17.822900 19.374500 
808 2 7.877160 18.999200 26.550500 
1092 2 11.442300 22.744100 19.216700 
655 2 4.551690 26.243600 17.211400 
686 1 8.955650 13.830700 15.736400 
70 1 9.410020 15.337400 17.951100 
1388 2 12.253800 19.172500 17.412100 
132 2 2.381260 16.998200 18.805500 
702 1 1.524450 18.976900 23.892100 
420 2 8.697230 26.442700 16.729500 
1305 1 10.153200 16.690400 20.292400 
923 2 10.328100 15.533900 23.660600 
1112 2 9.527840 18.769600 14.735000 
1810 1 1.410880 26.567700 18.133100 
1342 1 8.088220 22.859600 24.611700 
703 2 1.930130 19.145600 24.255100 
577 1 6.300840 22.544100 17.402000 
1089 1 10.750200 22.841900 19.496800 
1167 2 12.575300 22.326100 23.257300 
1905 1 0.414748 16.013500 21.403800 
145 1 5.813790 25.015200 26.237100 
385 1 6.776720 23.368100 22.200400 
353 1 2.782860 19.376300 16.995200 
325 1 9.069640 20.691000 20.659500 
326 1 10.164400 21.137100 21.559500 
327 2 9.538530 20.962700 20.932800 
328 2 9.550920 20.957900 21.171400 
354 1 3.167520 20.682300 17.304200 
1763 2 2.143020 25.574400 22.075000 
1120 2 7.871500 26.186500 24.238300 
306 1 3.641850 13.538300 20.314700 
1054 1 12.955000 24.265300 21.022500 
955 2 10.917900 15.883300 14.362500 
654 1 4.151110 25.882400 16.832100 
709 1 6.913040 14.656500 20.638200 
1957 1 1.165530 22.075600 21.589700 
1794 1 1.075150 18.773900 13.601100 
534 1 3.339880 17.546000 15.162200 
1778 1 1.650010 23.818200 16.723200 
157 1 1.602220 23.199400 15.210200 
912 2 12.589800 13.735800 21.342100 
1343 2 8.404910 22.443900 24.248400 
922 1 10.913500 15.483300 23.426100 
911 2 12.342500 13.798600 21.401200 
943 2 10.746300 19.574900 23.665100 
355 2 2.954850 19.907100 17.093200 
356 2 2.856280 20.124000 17.330000 
954 1 10.811400 16.282600 14.877600 
410 1 3.619610 22.768900 19.401300 
1758 1 1.812680 24.776300 15.154200 
500 2 3.846390 14.580100 13.737200 
853 1 10.704600 25.484500 24.893800 
393 1 2.123210 18.783800 20.514700 
362 1 4.116540 26.095900 25.088300 
754 1 7.406600 18.636500 21.590900 
394 1 2.410580 19.774600 21.400400 
396 2 2.156200 19.312900 21.027500 
498 1 3.983340 13.710200 13.429700 
1308 2 10.291400 17.178500 20.752400 
1988 2 0.157516 26.451400 25.269600 
418 1 9.350100 26.559400 16.454800 
921 1 9.753310 15.459100 24.052400 
412 2 3.544280 23.517700 19.375700 
1982 1 6.025600 23.967100 21.356800 
905 1 5.281580 18.209500 19.780400 
522 1 7.476040 15.858500 26.304300 
1207 2 12.144000 19.100700 17.716200 
509 1 4.152950 16.657900 22.304200 
510 1 3.451840 17.440300 22.849400 
511 2 3.833470 16.949500 22.426100 
512 2 3.908510 17.035000 22.602100 
934 1 5.512230 18.839600 15.740800 
1762 1 2.612000 25.716500 22.551100 
1817 1 4.352020 23.819400 14.255400 
308 2 3.670160 14.134000 20.246900 
538 1 6.481520 15.934100 13.710800 
907 2 5.653300 17.645800 19.549600 
1306 1 10.382700 17.624900 21.243600 
936 2 6.104800 18.796100 15.304500 
1911 2 2.489970 13.992700 23.668300 
1117 1 7.708180 25.506600 24.111100 
535 2 3.285130 17.340800 15.661500 
341 1 5.118620 18.340200 25.830800 
696 2 13.083600 13.463300 14.064500 
343 2 5.032640 17.923000 25.652500 
1768 2 2.144500 22.668800 24.686400 
505 1 6.063680 14.727800 23.946100 
957 1 13.204400 21.541600 14.109700 
469 1 5.828980 14.945700 17.870300 
579 2 5.723140 22.132200 16.690400 
387 2 6.496800 23.666900 21.763500 
1108 2 13.158200 16.425200 24.081500 
1959 2 1.184370 22.225600 21.720100 
956 2 10.768600 16.023800 14.356700 
653 1 4.969190 26.303300 17.870000 
573 1 5.446170 20.693000 19.257400 
574 1 5.564220 20.881200 20.603800 
575 2 5.576130 20.797600 19.974500 
576 2 5.687660 20.785000 20.076900 
294 1 3.319720 13.945000 17.304300 
967 2 11.839200 25.063000 15.845100 
536 2 2.980000 17.529200 15.722800 
953 1 10.792000 15.417000 13.858100 
71 2 9.381030 15.967100 17.725700 
856 2 11.213500 25.142100 24.666800 
160 2 1.818630 23.997800 15.678700 
578 1 5.346590 21.789700 16.273900 
1764 2 2.190170 25.757200 22.009800 
1109 1 9.510470 18.265300 14.605900 
159 2 1.772120 23.999600 15.643000 
340 2 0.039806 15.301000 17.319200 
131 2 2.501070 16.917500 18.932400 
399 2 5.622850 24.266200 13.888500 
1168 2 12.548600 21.810500 23.488300 
710 1 8.312070 15.344500 20.549400 
965 1 11.893300 24.842700 16.514100 
406 1 9.694440 24.054800 21.079800 
72 2 9.315600 15.781200 17.407200 
1766 1 1.198720 22.569100 25.034400 
344 2 4.958930 17.922800 25.717700 
1910 1 1.885050 14.113900 23.914100 
959 2 12.558300 21.152800 14.366500 
924 2 10.172200 15.491100 23.778200 
499 2 3.910800 14.537400 13.772600 
1341 1 8.691450 22.149400 23.688000 
1344 2 8.347140 22.333500 24.359400 
1909 1 3.083930 14.324100 23.429500 
733 1 9.001500 19.384300 17.858100 
734 1 8.067580 20.054400 18.369600 
735 2 8.370510 19.719400 18.298900 
736 2 8.467960 19.776000 18.097800 
1765 1 2.575340 22.425300 24.472600 
935 2 6.049420 18.910800 15.540500 
968 2 12.097800 25.072400 16.263200 
395 2 2.324130 19.290800 21.043700 
307 2 3.681660 13.982800 20.256700 
1767 2 2.120550 22.583900 24.768500 
296 2 2.932870 14.044900 16.962600 
1761 1 1.662210 25.530400 21.726500 
1908 2 -0.008600 16.402800 22.081800 
1912 2 2.431420 14.186500 23.587600 
471 2 6.128080 15.278900 17.428100 
506 1 5.498630 14.589000 25.232200 
419 2 8.263110 26.310300 17.013300 
407 2 9.841970 24.536600 21.355400 
1166 1 12.399900 21.387100 22.858200 
960 2 12.775800 21.323600 14.382900 
777 1 9.057880 22.436200 15.629400 
779 2 9.660520 22.033600 15.864500 
497 1 3.834850 15.001500 14.141700 
780 2 9.157260 22.001800 15.782500 
1307 2 10.245700 17.316000 20.866300 
537 1 7.896160 16.170400 13.700600 
69 1 9.328650 16.518900 17.130500 
305 1 3.798360 14.789000 20.293600 
805 1 7.624960 19.170900 26.160800 
1208 2 12.189200 18.727400 17.837000 
1960 2 1.834570 23.677200 15.647500 
130 1 3.106070 17.252900 18.739700 
854 1 11.731700 25.004700 24.405100 
220 2 5.420020 24.235800 13.981900 
1165 1 12.807700 22.405900 23.745200 
146 1 5.206900 23.751000 25.867400 
942 1 10.229000 19.777600 23.882900 
740 2 8.233620 23.291700 18.717500 
778 1 9.864870 21.483500 15.978400 
1090 1 11.898000 22.333600 18.947100 
388 2 6.352810 23.779500 21.771000 
219 2 5.601700 24.092000 13.837800 
342 1 4.789480 17.208300 25.320500 
507 2 5.727210 14.710700 24.243100 
1111 2 9.495870 18.834200 14.865300 
941 1 11.195800 18.989200 23.621700 
929 1 4.823560 21.748000 23.072900 
930 1 5.015120 20.285600 23.211100 
931 2 4.945200 20.900300 23.232100 
932 2 5.011400 21.190500 23.016500 
738 1 7.602320 23.168200 19.087000 
599 2 8.403020 26.191600 17.253300 
598 1 7.898020 25.549200 16.737600 
910 1 12.483300 14.270100 21.153100 
966 1 11.819100 25.177100 15.075300 
755 2 7.346240 18.575500 22.092300 
701 1 2.552450 19.143200 24.951300 
482 1 4.156010 21.210900 26.221700 
756 2 7.206590 18.487400 22.399900 
739 2 7.960270 23.246300 18.697400 
597 1 8.580820 25.868600 17.987400 
147 2 5.540940 24.373100 26.085200 
600 2 8.362960 26.164900 16.986200 
958 1 12.156400 20.924000 14.677200 
1907 2 0.148510 16.135800 22.098700 
1091 2 11.257600 22.599000 19.290100 
405 1 10.190900 25.123800 21.537200 
753 1 7.238600 18.309400 22.937600 
409 1 3.345210 24.043100 19.368700 
656 2 4.641370 25.991200 17.417700 
704 2 2.249210 19.041100 24.809500 
1110 1 9.640800 19.474300 14.720600 
398 1 6.335570 24.267700 14.614300 
737 1 8.534470 23.437500 18.319200 
1105 1 12.777900 16.481800 24.504500 
1386 1 11.878700 18.294200 17.345800 
1119 2 7.821630 26.132700 24.305400 
105 1 0.632199 16.245700 22.973800 
580 2 5.819360 22.085200 16.885700 
470 1 6.622210 15.690600 17.059900 
129 1 1.898980 16.636400 18.952000 
472 2 6.016460 15.303900 17.381400 
712 2 7.670910 15.060700 20.634300 
293 1 2.522120 14.196300 16.499500 
695 2 12.912300 13.257400 14.180000 
295 2 3.001960 13.962300 16.741700 
400 2 5.663650 24.104600 13.954800 
1985 1 0.194020 26.087100 25.161600 
503 2 0.607248 16.567600 26.031500 
378 1 3.208190 20.919700 13.955400 
504 2 0.450104 16.780000 25.913800 
502 1 1.105250 16.467300 26.158200 
1205 1 12.418200 19.870800 17.022300 
337 1 0.281801 14.789900 17.505700 
339 2 0.057498 15.209300 17.419700 
1897 1 0.767705 15.143100 13.341500 
1206 1 12.292900 19.482800 18.948100 
540 2 7.318540 16.039400 13.675000 
625 1 10.503100 22.579200 25.972100 
539 2 6.997220 15.989000 13.646100 
218 1 5.554740 24.857300 13.401000 
380 2 3.398130 21.219100 13.550800 
397 1 5.794140 23.484300 13.271800 
833 1 15.234300 3.240340 0.359429 
109 1 25.277800 7.943490 10.375200 
795 2 17.001300 1.473340 11.840500 
1627 2 23.625600 2.537530 3.543110 
1645 1 22.019100 8.115850 0.840361 
1463 2 17.970600 7.541240 2.272990 
613 1 17.402600 2.475990 11.681100 
114 1 24.643900 12.010200 10.083900 
1687 2 15.309500 1.036220 5.548630 
1460 2 23.387500 1.146990 6.683980 
1902 1 23.866700 11.289200 5.691290 
1444 2 19.627700 1.227640 3.956620 
1821 1 23.040200 5.318190 0.421554 
1623 2 21.343300 1.978420 0.932528 
1237 1 15.307000 5.137120 10.769900 
1516 2 22.588400 8.338470 10.816600 
1929 1 22.113500 11.817400 8.762990 
1903 2 23.425300 12.010600 5.402990 
1931 2 21.663700 11.617700 9.438880 
1515 2 22.780900 8.312140 11.015700 
1699 2 13.712100 8.620500 8.610610 
1033 1 17.251000 4.041470 5.226990 
35 2 21.919800 4.851900 12.172500 
615 2 16.908400 1.729880 11.725700 
121 1 22.732900 11.665900 4.385470 
111 2 25.922100 7.715440 10.099400 
1440 2 20.586100 2.444780 9.026340 
1087 2 16.706700 12.216700 11.414300 
1754 1 19.622700 12.536600 7.086150 
831 2 13.656500 1.888000 3.418220 
1677 1 24.051300 4.075630 8.103470 
423 2 16.357400 8.943220 4.984430 
1438 1 20.798100 2.785490 9.120150 
1035 2 16.695200 3.936190 4.807020 
1665 1 21.112400 11.737300 0.099047 
1453 1 18.887700 0.218984 7.284680 
1532 2 16.120200 8.145550 11.112600 
1281 1 15.050200 10.097300 0.955825 
1901 1 23.947200 12.490200 5.031940 
1044 2 14.460900 6.058230 6.914810 
104 2 23.399300 12.061200 5.383880 
1915 2 24.979200 12.809100 9.295500 
829 1 13.514800 2.104060 3.018940 
1483 2 19.882000 9.481380 7.059650 
1446 1 17.009400 4.226430 1.293570 
1474 1 24.160900 6.015110 4.674590 
1648 2 21.746400 8.531390 0.518025 
1210 1 21.874200 3.667040 6.309400 
1753 1 19.529600 12.519700 5.670840 
991 2 24.050600 1.802020 10.998300 
1270 1 14.384600 3.577770 12.681700 
1904 2 23.146000 11.943200 4.982940 
1316 2 13.422300 12.801400 10.416300 
237 1 15.981500 1.792670 11.357800 
113 1 24.420700 12.627100 8.375250 
1464 2 18.009500 7.746110 2.175450 
1046 1 20.485900 4.297350 3.149980 
116 2 25.106500 12.700900 9.236130 
1437 1 19.932400 1.758980 8.887590 
1538 1 20.091600 7.518070 12.795400 
1459 2 23.441500 1.136620 6.927430 
1843 2 25.161800 8.595130 2.885360 
1484 2 20.054200 9.574410 7.323940 
842 1 18.079900 11.051800 3.094140 
1209 1 20.795500 4.265680 6.023060 
1211 2 21.434100 4.032750 6.254890 
1282 1 14.444500 10.711300 1.900160 
1448 2 17.534800 4.246990 0.796502 
1283 2 14.687000 10.561100 1.670900 
1514 1 22.723600 8.442780 11.617600 
1667 2 21.331900 11.443900 0.560258 
871 2 14.693700 6.067490 3.180680 
33 1 22.569400 4.825040 12.777700 
1441 1 18.812100 1.047050 3.747570 
274 1 26.016500 10.566300 11.663700 
1509 1 17.021500 9.906480 8.273480 
1088 2 16.759600 12.161500 11.390300 
1197 1 21.229500 0.894486 11.470600 
1249 1 18.623400 6.531280 6.120860 
1250 1 18.973800 6.456070 4.713040 
1251 2 18.948600 6.352670 5.471600 
1252 2 18.860900 6.262690 5.451700 
1679 2 23.883600 4.595650 8.451560 
1313 1 13.954300 12.779600 9.886700 
1045 1 19.958500 5.463020 2.645370 
1639 2 20.943200 6.128620 8.723240 
1462 1 18.473800 8.082520 2.276800 
1930 1 21.028400 11.649600 9.809260 
488 2 13.807000 11.804700 7.194250 
832 2 13.498900 1.705270 3.609980 
1425 1 26.097700 1.159160 8.816300 
1240 2 15.295100 5.057330 10.123000 
843 2 18.757600 10.984600 2.734050 
1482 1 19.651900 9.850000 6.851600 
623 2 17.641400 3.334800 7.987990 
1719 2 22.716200 11.083500 12.975400 
1916 2 25.119600 12.877400 9.356840 
1531 2 16.106900 8.311100 11.059200 
1690 1 18.915000 10.472000 10.685400 
614 1 16.928800 1.468910 12.787100 
6 1 26.010100 3.600910 5.139270 
1315 2 13.515600 12.402200 10.444500 
1688 2 15.686400 0.981095 5.684970 
830 1 13.828000 1.538230 4.022120 
1461 1 17.429000 7.272430 1.846010 
1034 1 16.120100 3.531690 4.747120 
1678 1 23.395900 5.118910 8.923650 
1086 1 16.264500 11.712300 11.267000 
1512 2 16.817900 10.548900 8.278990 
421 1 16.596200 9.093540 5.600070 
375 2 13.352800 0.879481 10.612200 
1494 1 17.972900 6.790790 8.694940 
1271 2 13.877900 3.592600 12.709400 
103 2 23.375100 11.986400 5.311950 
1622 1 21.202800 2.345990 0.429807 
1085 1 17.082300 12.705600 11.628000 
1628 2 23.803900 2.142730 3.438690 
273 1 25.847200 10.434700 13.000000 
1932 2 21.583300 11.655200 9.231710 
23 2 23.970100 5.642350 1.025460 
1447 2 17.372600 4.211020 0.962150 
276 2 25.886700 10.484900 12.167600 
1511 2 16.667000 10.457800 8.319310 
1427 2 26.541500 1.764810 8.943550 
1718 1 23.376000 11.691800 12.868100 
869 1 14.264000 6.163950 2.760290 
36 2 22.134600 4.723380 12.208700 
1637 1 21.186800 5.625300 8.185390 
1914 1 26.006900 12.516500 9.196000 
1626 1 24.049800 1.786540 3.691910 
1481 1 20.383200 9.066020 7.623870 
1470 1 23.470800 8.546660 6.792190 
1471 2 24.142000 8.118850 7.303950 
1472 2 23.993500 8.340170 7.169130 
1043 2 14.497800 6.002380 6.967590 
1442 1 20.165600 1.637860 3.875250 
1475 2 23.761900 5.805190 4.810770 
1476 2 23.549400 5.728480 5.063430 
1047 2 20.276000 5.040270 2.993090 
718 1 13.554200 10.079400 12.390500 
844 2 18.866600 11.073800 2.816580 
1284 2 14.815400 10.389800 1.561080 
1841 1 23.724500 5.455630 2.136290 
1870 1 21.244100 8.880600 4.215800 
1686 1 15.152000 1.086370 6.253320 
1529 1 16.483000 8.515820 11.254800 
96 2 26.093100 4.628250 12.016700 
796 2 17.052100 1.842660 11.405000 
841 1 19.316000 10.934700 2.247470 
1668 2 21.353400 11.518600 0.715598 
1691 2 19.422100 9.800560 10.722200 
1624 2 21.511100 2.144140 0.998326 
616 2 17.019400 1.680660 11.815300 
621 1 17.832200 3.698710 8.061930 
424 2 16.408000 9.144590 5.015890 
1122 1 16.017300 13.175500 5.066750 
1239 2 15.227000 4.968030 9.965360 
1530 1 15.659800 7.939490 10.617000 
1720 2 22.712400 11.478600 12.911500 
1625 1 23.807400 3.036850 3.007100 
1234 1 23.673800 1.472780 5.976500 
1496 2 17.546600 7.084310 8.260190 
624 2 17.303400 3.376480 7.843780 
1872 2 21.499800 8.382750 4.144810 
1238 1 15.191000 4.977540 9.457610 
1513 1 22.494200 8.339700 10.278700 
1041 1 15.025600 5.717950 6.965060 
989 1 24.002300 1.686940 11.343000 
1445 1 17.957900 4.203250 0.303979 
42 1 25.133100 8.677680 2.888920 
115 2 25.205000 12.585100 9.314200 
1680 2 23.637200 4.558390 8.551530 
1755 2 19.495600 12.625100 6.405980 
1689 1 19.821800 9.416770 10.940500 
1638 1 20.564700 6.295260 9.205890 
1640 2 20.967200 5.915780 8.687910 
1443 2 19.766400 1.477490 3.765220 
24 2 23.978700 5.475500 0.997786 
1842 1 26.310400 11.789000 3.234670 
1697 1 13.497000 9.066710 8.776210 
1666 1 21.771200 11.004300 1.066430 
990 1 24.455000 2.531930 10.356600 
1673 1 19.029200 5.406690 10.825300 
1674 1 17.923900 6.267950 11.167500 
1675 2 18.697900 5.790790 10.999600 
1676 2 18.685600 5.906870 10.873900 
1042 1 13.929900 6.435050 6.818570 
1473 1 22.972800 5.679190 5.235040 
95 2 26.243400 4.782560 12.041700 
793 1 17.601300 0.872751 11.208500 
1439 2 20.648700 2.230170 9.128860 
872 2 14.615900 6.096680 2.989030 
1314 1 13.292100 12.690100 11.030800 
1685 1 15.788600 0.766726 5.069740 
1493 1 17.283600 7.315380 7.948090 
992 2 23.971500 2.057690 11.015400 
1824 2 24.124100 5.608410 1.420130 
1621 1 21.717800 1.751170 1.455750 
1822 1 24.967000 4.673150 1.167380 
1869 1 21.609600 7.707310 3.804270 
93 1 25.691000 4.281320 12.555600 
1692 2 19.555600 9.793050 10.908100 
1036 2 16.473000 3.794030 5.020010 
110 1 26.384600 7.309030 9.970000 
1048 2 20.230800 4.809060 2.826200 
1871 2 21.375100 8.241250 3.906930 
1212 2 21.452300 4.003300 6.132020 
34 1 21.661900 4.542610 11.574300 
622 1 17.062800 2.705130 7.735750 
1510 1 16.534700 11.280500 8.217640 
101 1 22.803000 12.675300 5.893650 
1458 1 23.170700 0.976488 7.453950 
422 1 16.262800 9.194920 4.257300 
1469 1 24.447900 7.711450 7.622820 
1495 2 17.529400 7.087960 8.327480 
1823 2 23.878000 5.297840 1.136010 
870 1 15.466500 5.800170 3.594390 
1698 1 14.010200 7.891090 8.393840 
1756 2 19.613700 12.421300 6.504960 
1272 2 13.798700 3.803480 12.703200 
719 2 14.040900 10.312600 12.770000 
720 2 13.996900 10.293700 12.831400 
112 2 26.057400 7.487780 10.369800 
1981 1 24.711400 6.218580 0.749839 
1569 1 19.263300 13.245600 9.885100 
1428 2 26.444700 1.641310 9.035660 
1247 2 16.686800 0.408351 2.027150 
373 1 13.619100 0.482734 10.887500 
1246 1 16.815100 1.154200 1.449920 
1248 2 16.956900 0.597019 1.836430 
1717 1 22.296100 11.011600 13.134500 
487 2 13.855400 11.777500 7.046140 
1 1 26.288300 1.546260 1.666440 
275 2 25.867000 10.511800 12.480800 
485 1 14.395800 11.630200 7.334690 
1700 2 13.754500 8.457580 8.745130 
1647 2 21.562600 8.518800 0.321326 
835 2 14.621100 2.750650 0.233172 
836 2 14.442200 2.721020 0.330476 
717 1 14.407900 10.345500 13.212800 
834 1 14.259000 2.332180 0.419956 
1498 1 13.363000 7.445680 13.288900 
68 2 25.742200 12.666900 20.325000 
73 1 25.462400 10.615000 17.056700 
1669 1 16.277600 13.200600 18.836400 
1651 2 24.608000 9.398270 26.045300 
557 1 15.902600 13.243900 22.186400 
1652 2 24.653200 9.439200 25.753800 
1620 2 24.537600 2.016960 14.955500 
1587 2 19.129500 11.285600 22.466200 
32 2 25.881800 4.942870 19.801800 
1393 1 19.541800 0.214924 16.540600 
1641 1 21.299400 11.520700 19.414000 
828 2 15.885800 7.938720 25.668400 
1799 2 24.283500 1.987980 14.599600 
849 1 14.564500 2.029500 17.653800 
1457 1 20.834000 3.792570 19.021800 
1520 2 17.217500 10.047200 14.062600 
1704 2 16.769500 12.261800 26.197400 
1299 2 17.550200 7.821420 17.005400 
1649 1 24.579200 9.673560 26.336200 
1519 2 17.143300 9.858960 14.141500 
678 1 14.679500 6.008700 15.830200 
1854 1 23.859000 9.330620 18.620200 
1058 1 15.956800 4.210240 20.182300 
1636 2 23.169800 4.208290 17.586300 
1424 2 22.265800 4.345080 24.369700 
827 2 15.884200 7.647880 26.077200 
1291 2 15.158600 10.858000 20.481700 
826 1 16.297200 7.582320 25.492600 
680 2 14.658500 5.700100 16.588400 
1508 2 21.446000 7.723950 22.952600 
1233 1 19.484900 3.961010 14.899400 
1657 1 18.951500 10.620600 18.025900 
1986 1 24.098300 0.988798 19.471900 
1634 1 22.910000 4.265580 17.122000 
1650 1 24.490000 9.083000 25.309400 
1264 2 19.901300 5.214590 25.865100 
1186 1 16.147800 5.061010 23.638300 
451 2 25.993700 12.923200 24.758600 
1404 2 15.074300 1.209020 21.803500 
1292 2 15.076300 10.777000 20.660800 
1015 2 18.209100 1.163620 20.429300 
1646 1 21.349800 8.891400 26.535400 
56 2 23.876100 8.490590 19.133700 
1598 1 23.592500 3.085590 14.841700 
1492 2 16.686800 5.640040 13.970600 
1868 2 25.839600 12.572600 20.625400 
657 1 14.366400 0.974155 14.812200 
1658 1 18.085900 10.792700 18.976700 
37 1 25.024200 8.197020 14.050200 
1098 1 15.661900 8.034020 20.204000 
1798 1 24.147900 1.443990 15.355200 
1401 1 14.819000 0.466186 21.462300 
1414 1 22.503000 1.711020 23.136500 
1097 1 15.168400 7.196030 19.183100 
1478 1 25.159900 10.004300 23.106000 
77 1 19.831100 12.303600 14.070600 
1290 1 14.791600 10.372800 20.718300 
40 2 24.072700 7.383680 14.209500 
824 2 13.252700 6.122430 26.304400 
1184 2 18.607400 1.049650 24.158000 
67 2 25.844200 12.734400 20.721000 
1297 1 17.524000 7.814260 16.340900 
1254 1 21.395000 6.239410 16.524000 
1694 1 21.154100 10.184700 15.933500 
1289 1 15.602800 11.458900 20.199100 
1703 2 16.848300 12.182200 26.418200 
1215 2 20.257300 0.664863 16.637100 
1300 2 17.671800 7.958500 16.698300 
1611 2 25.147400 2.487510 22.485800 
1022 1 19.193600 13.016200 24.922800 
1280 2 17.837400 4.536250 17.626200 
39 2 24.073200 7.478740 14.298000 
1421 1 22.482400 4.684300 24.974300 
1828 2 25.569200 6.313040 23.436600 
1235 2 19.469400 3.963700 14.401000 
1157 1 16.272000 12.795200 16.100300 
1752 2 17.388500 8.006340 21.970900 
1014 1 17.604900 1.226240 20.648600 
1808 2 24.037800 1.036380 18.873400 
1701 1 17.291800 12.236600 26.599300 
1004 2 18.648500 1.130430 24.262800 
1827 2 25.570000 6.411010 23.543100 
1159 2 15.741300 12.690100 15.675200 
1656 2 22.152800 10.930700 24.265000 
825 1 15.490900 7.755110 26.313900 
1540 2 20.011700 7.487220 13.465200 
1517 1 17.458000 10.365500 13.485000 
1490 1 16.813500 5.613970 14.876300 
1295 2 19.049400 9.084850 25.521900 
1588 2 18.948500 11.353500 22.302500 
28 2 25.600700 6.437420 23.291100 
1642 1 22.569700 11.290700 20.013900 
1003 2 18.599500 1.286170 23.823900 
1989 1 25.313400 1.812230 22.635900 
1296 2 18.946700 9.271320 25.106600 
852 2 14.866400 2.566660 17.691000 
1294 1 19.122400 9.822260 25.261500 
27 2 25.918500 6.302950 23.501500 
1229 1 14.274200 7.840510 23.194600 
1230 1 13.752000 6.761730 22.616100 
1231 2 14.060700 7.111620 22.921800 
1232 2 13.964600 7.320660 22.855600 
1987 2 24.204400 1.262710 18.796400 
1695 2 20.570300 9.829430 15.897600 
1277 1 17.991600 4.680210 17.246900 
1617 1 25.436300 2.523400 15.095800 
1158 1 15.165700 12.558400 15.314700 
1653 1 21.631500 11.260200 24.243100 
1059 2 16.418200 4.384760 20.731000 
1610 1 25.058200 3.092560 22.470600 
1539 2 19.833900 7.580630 13.649500 
1917 1 23.414500 13.021300 17.278800 
1396 2 20.321000 0.375915 16.712900 
1875 2 26.209700 11.028000 16.641000 
1183 2 18.588000 1.257650 24.199800 
679 2 14.767800 5.612920 16.621300 
31 2 25.657000 4.854780 19.740900 
1100 2 15.311400 7.625480 19.717600 
1013 1 18.996500 1.209730 20.274800 
658 1 15.723200 0.864621 15.288200 
55 2 23.867100 8.428130 19.112700 
1060 2 16.340000 4.307990 20.515800 
1693 1 20.011000 9.258310 15.669100 
66 1 25.852500 12.123100 19.662600 
1099 2 15.364400 7.567630 19.505100 
1340 2 14.487300 9.387970 16.812700 
1259 2 20.416400 3.206750 19.643200 
1800 2 24.195700 2.451740 14.642000 
1619 2 24.361800 2.283570 14.887600 
1654 1 22.805200 10.892500 24.228900 
659 2 15.121100 0.805104 15.073900 
1293 1 18.785400 8.572090 25.180100 
1223 2 19.200300 4.826360 22.266600 
1696 2 20.594000 9.787840 15.788400 
1057 1 16.634500 4.515670 21.254100 
1643 2 22.066900 11.344600 19.795300 
1160 2 15.699500 12.636800 15.768300 
850 1 15.448400 3.064780 17.732200 
25 1 25.829100 7.508450 22.951400 
1477 1 24.269200 9.317890 22.248000 
677 1 14.735700 5.458480 17.217200 
660 2 15.329300 1.074180 15.195000 
1537 1 19.535400 7.572400 14.075900 
1750 1 17.614400 8.786500 21.972900 
1644 2 21.871300 11.453500 19.879100 
1263 2 19.834100 5.304930 25.829400 
1423 2 22.305900 4.565720 24.317900 
1258 1 20.429600 2.834360 19.922300 
1255 2 20.748400 6.188440 16.478100 
1633 1 23.530400 4.168820 18.230500 
1853 1 22.926700 8.209650 19.663500 
1182 1 18.710000 2.200660 24.163600 
1188 2 16.319200 4.337110 23.845900 
1856 2 24.061200 8.533730 18.846000 
1213 1 19.956900 0.950885 17.793200 
53 1 24.827500 8.298450 19.375300 
1422 1 21.932800 4.253340 23.754200 
1395 2 20.128900 0.605892 16.905300 
1298 1 17.429500 7.948250 17.699200 
1855 2 24.020000 8.329080 18.837200 
1840 2 24.347500 7.345380 14.520500 
1416 2 22.082000 1.541310 22.761600 
1433 1 20.108300 7.325620 19.014600 
1434 1 19.757600 8.025490 20.270400 
1435 2 19.739700 7.941110 19.860300 
1436 2 20.150600 7.940130 19.711100 
1216 2 20.092000 0.769215 16.510800 
1507 2 21.319700 8.067300 22.882300 
1655 2 22.232100 11.004100 24.093000 
1181 1 17.544700 0.804248 24.192800 
1002 1 19.077500 0.563994 24.646300 
76 2 26.173700 11.053500 16.535500 
1480 2 24.746800 9.597190 22.717500 
1260 2 20.558600 3.298810 19.513100 
1185 1 16.262400 3.828260 24.097500 
75 2 26.215500 11.082300 16.662300 
1660 2 18.470200 10.794900 18.524000 
1256 2 20.827200 6.259840 16.452100 
1582 1 15.097100 1.954530 22.202200 
1612 2 25.071100 2.519870 22.576900 
1187 2 16.285600 4.480520 23.974400 
54 1 23.693100 7.567310 18.392600 
1338 1 14.927400 10.072300 16.702800 
1236 2 19.592300 3.766410 14.323000 
1257 1 19.631100 4.141270 13.683100 
1279 2 18.111000 4.257280 17.921000 
1873 1 25.672800 11.811000 16.012600 
452 2 26.242100 13.196400 24.933900 
1506 1 20.937800 8.400480 23.229600 
1491 2 16.769600 5.748160 14.262500 
1082 1 14.773900 11.072800 23.520900 
851 2 14.983600 2.705290 17.783300 
1751 2 17.349400 8.080790 21.946600 
1278 1 18.158100 4.225010 18.541600 
1629 1 22.481000 4.549900 20.753800 
1630 1 23.732800 4.894050 21.056400 
1631 2 23.221800 4.701520 20.990200 
1632 2 22.992700 4.688460 20.730300 
1825 1 24.914400 5.900610 23.309800 
649 1 13.498900 3.307510 24.451300 
1618 1 24.335500 1.744330 13.789100 
1867 2 25.820600 12.870300 20.526700 
1659 2 18.334000 10.706300 18.720600 
1805 1 24.084300 1.327380 18.182200 
1221 1 19.259000 5.564900 22.333300 
1702 1 16.075900 12.113600 26.110800 
1261 1 19.917100 4.998010 25.444400 
1749 1 17.122500 7.449290 21.955400 
1224 2 19.120300 4.984040 22.094700 
1786 1 24.508100 2.196310 25.289100 
38 1 23.936700 6.642130 13.608700 
1838 1 23.408100 7.926760 14.736300 
1339 2 14.579700 9.577910 16.891000 
1202 1 19.325600 0.913259 23.045400 
1635 2 23.290600 4.342760 17.730200 
1505 1 22.044100 7.508410 22.810000 
1253 1 20.029100 6.139440 16.186800 
1222 1 19.024100 4.306010 21.840800 
1518 1 16.868600 9.606070 14.552500 
1016 2 18.440500 1.264950 20.420300 
1081 1 13.848700 10.758300 24.296200 
1787 2 24.276400 2.031660 25.719400 
1837 1 24.653700 6.649200 15.103700 
1394 1 20.262800 1.516110 16.170000 
1413 1 21.796700 1.294430 22.265600 
1084 2 14.269800 10.926800 24.022800 
65 1 25.297200 12.334700 21.217600 
30 1 25.663100 5.377900 19.461500 
1083 2 14.500500 10.867900 23.788300 
1585 1 18.658700 11.658300 22.796200 
1415 2 22.108300 1.481160 22.508100 
449 1 26.070700 13.009400 25.705900 
1586 1 19.622800 10.850200 22.137600 
1990 1 26.367100 1.163680 17.873600 
1839 2 24.161200 7.239510 14.385200 
1337 1 14.275600 8.847870 17.021600 
1583 2 14.896500 1.065950 21.871200 
1785 1 23.779400 2.114120 26.257400 
1788 2 24.205100 1.928080 25.724100 
1262 1 20.138900 5.773750 26.400400 
1479 2 24.744200 9.689610 22.635000 
1876 2 26.349000 11.161000 16.566300 
26 1 25.876100 6.499480 24.591500 
29 1 25.863500 4.350750 20.234000 
1017 1 20.549200 0.168181 13.326100 
1489 1 16.317200 5.737500 13.524800 
1594 1 23.666300 21.659600 5.623410 
1935 2 24.330500 17.329700 10.017900 
1312 2 13.975200 13.854600 3.526150 
1580 2 18.532400 24.163400 10.637500 
1346 1 18.752900 17.793900 3.469790 
1163 2 15.376200 24.461200 2.994810 
1345 1 20.165200 17.681300 3.261930 
1770 1 20.708700 19.549600 6.126980 
1552 2 22.517600 14.923700 12.502200 
1317 1 15.473100 21.071000 11.852900 
1584 2 17.135400 21.678100 0.703647 
334 1 25.184200 15.662200 4.932440 
1925 1 25.322400 18.145100 2.115610 
838 1 16.124900 25.781300 8.226550 
1104 2 16.977900 14.564800 2.355190 
1130 1 18.282800 20.701500 10.428000 
133 1 23.621100 17.953400 10.353000 
135 2 24.359100 17.465600 9.875180 
1547 2 20.667300 20.668000 0.459633 
1747 2 22.649400 16.632500 4.477060 
99 2 26.010700 14.924500 13.079500 
1153 1 16.274800 15.639400 13.049600 
1360 2 20.507600 17.837300 8.981410 
1132 2 18.491400 20.143600 10.349200 
1195 2 14.072800 18.148200 7.023700 
1877 1 19.861300 13.563700 12.765700 
1772 2 21.356100 19.468700 6.187880 
1178 1 14.366600 19.077000 9.735140 
1020 2 20.820100 26.144600 12.182100 
1771 2 21.404400 19.390900 6.267540 
997 1 21.739100 25.611200 12.299000 
1384 2 15.543700 21.998100 7.007970 
154 1 22.216600 19.936700 8.505060 
1488 2 22.518800 19.915700 3.243820 
1155 2 15.906100 15.026200 12.672700 
1302 1 20.237000 13.608500 2.882300 
176 2 22.533500 20.262000 8.964200 
1599 2 25.366800 21.567200 12.000900 
1001 1 15.738500 20.943200 7.457190 
867 2 13.707100 13.741600 0.391678 
1419 2 25.240200 21.739200 11.987700 
1007 2 18.634200 15.933200 6.237580 
1578 1 18.843000 23.796100 11.077300 
1567 2 25.638000 21.755400 7.938280 
1782 1 19.117500 24.095200 1.655000 
1005 1 19.057500 16.147800 5.890920 
1357 1 19.987500 17.828000 8.805940 
1385 1 17.611800 21.177900 0.596415 
1795 2 25.243500 25.699200 12.060800 
1127 2 14.414600 25.003000 12.702600 
1606 1 24.523100 22.729300 1.967990 
1177 1 15.359300 19.296300 10.539700 
1600 2 25.354700 21.691800 12.437000 
134 1 24.212900 17.301400 8.836040 
928 2 15.740900 16.552500 4.787560 
1161 1 15.180200 25.069300 3.208030 
1745 1 22.706000 16.009400 4.158010 
1748 2 22.668300 16.585400 4.596690 
1418 1 24.715900 21.114600 11.673600 
10 1 25.522500 25.285000 5.120490 
993 1 13.539800 23.535800 10.169400 
173 1 22.547100 15.385000 6.852890 
1536 2 17.343100 16.764800 9.616030 
83 2 24.045100 14.529300 1.639110 
1760 2 22.195100 14.959200 7.393070 
1006 1 18.184300 15.660700 6.795100 
1734 1 24.405200 19.238500 6.791500 
1128 2 14.355800 24.999400 12.684300 
1739 2 20.075400 16.587200 11.898800 
1614 1 20.712500 19.208400 11.943900 
1102 1 17.574500 14.915300 2.479930 
1405 1 20.346100 22.262900 7.700520 
1304 2 20.419700 14.311400 3.333580 
986 1 13.350600 20.998000 1.355440 
1681 1 21.178300 16.202000 0.444214 
1934 1 25.554900 17.897000 10.190100 
1733 1 25.300900 18.390200 6.165150 
1882 1 24.018700 15.545900 1.620180 
1303 2 20.505200 14.068400 3.251920 
1546 1 20.744300 19.799900 0.561100 
987 2 13.892900 21.642400 1.841340 
174 1 22.962200 20.699800 9.463620 
1156 2 15.977600 15.041900 12.840700 
721 1 18.974900 24.994000 5.259870 
1217 1 25.173900 21.691200 13.199200 
82 1 24.487800 13.983200 2.133810 
1738 1 20.783500 16.803600 12.128200 
1397 1 21.502900 23.026200 11.020700 
1162 1 15.585200 23.917500 2.919540 
1398 1 24.130500 25.656700 9.464560 
1455 2 19.192900 26.415100 7.935590 
1204 2 15.976100 21.849300 6.899400 
768 2 16.245400 19.642700 3.631080 
1603 2 19.956800 24.716000 1.440240 
1138 1 16.607900 14.415000 8.533820 
1196 2 14.188700 17.859600 7.239950 
1485 1 22.575000 20.171000 2.570450 
136 2 24.459500 17.397000 9.810190 
765 1 16.169900 19.915300 4.350290 
1784 2 19.902400 24.703200 1.486300 
1884 2 23.991700 14.546500 1.261780 
98 1 26.362500 13.941100 12.561100 
81 1 24.539600 14.378100 0.720302 
1164 2 15.539500 24.655200 3.009760 
722 1 17.858900 24.489000 4.459740 
1927 2 25.638400 18.024100 2.768000 
1408 2 19.748900 22.630100 7.602840 
1593 1 23.483300 22.850900 5.372010 
1791 2 23.433500 25.648900 1.979090 
985 1 14.098700 22.002900 2.305150 
1018 1 23.972100 24.666600 8.236180 
1359 2 20.633500 17.834100 8.776300 
1608 2 24.548100 22.791300 2.269080 
1203 2 15.944900 21.708500 7.053900 
926 1 16.453200 16.252300 4.903190 
1381 1 15.296400 22.036200 6.455980 
1783 2 19.995900 24.838700 1.624770 
1535 2 17.246900 16.754800 9.748110 
1179 2 14.877600 19.085200 10.240100 
1596 2 23.686300 22.078000 5.472070 
1154 1 15.812400 14.547800 12.606500 
175 2 22.678900 20.431500 8.939070 
1347 2 19.343300 17.678400 3.321470 
1348 2 19.640800 17.641100 3.274740 
1309 1 13.504300 13.621200 3.589170 
1129 1 18.778800 19.462100 10.338200 
1456 2 19.152100 26.554200 7.782150 
1757 1 21.426100 14.880100 7.627510 
1358 1 21.265200 17.893500 8.921610 
1661 1 21.956900 24.968700 4.548710 
1406 1 19.358100 23.286500 7.887670 
988 2 14.010600 21.451400 1.925930 
723 2 18.280800 24.877800 4.787550 
1141 1 14.975100 17.418400 1.539270 
1201 1 16.782100 21.930500 6.648010 
1613 1 21.903600 19.298000 12.827200 
1487 2 22.512000 19.893500 3.195860 
1370 1 18.291200 19.724000 6.834850 
1371 2 18.134800 19.134600 6.864730 
1372 2 17.961800 19.018600 6.995160 
1545 1 20.848100 21.134300 0.259925 
1722 1 17.544500 17.689900 0.214087 
1881 1 22.933400 14.271800 1.520950 
1797 1 25.691900 26.107800 12.753000 
1139 2 16.286900 14.189000 8.325290 
1566 1 25.456700 22.252700 7.758400 
839 2 15.765600 25.838900 8.636690 
1387 2 17.056100 21.627400 0.833903 
1597 1 26.392300 21.499900 11.895100 
84 2 23.923900 14.599600 1.443010 
1200 2 21.154300 26.370600 12.169500 
1383 2 15.768100 21.998100 7.249020 
1933 1 24.450000 16.463300 10.509200 
1399 2 23.913200 24.815400 8.836220 
1115 2 17.145600 17.944600 12.876600 
1116 2 17.111600 18.022600 13.101600 
1736 2 24.835600 18.795600 6.431020 
1926 1 25.903100 17.979200 3.383270 
1420 2 25.116400 21.721000 12.152700 
1759 2 22.155500 15.200200 7.296610 
1525 1 20.132900 21.299500 4.049070 
1103 2 17.182800 14.710300 2.213810 
1534 1 16.563900 17.003800 9.681210 
1144 2 14.718400 17.358200 1.428240 
1602 1 19.752400 25.475900 1.009490 
1311 2 14.044600 13.978700 3.695980 
1026 1 13.680000 24.881300 6.289070 
1528 2 19.704500 21.366100 3.797900 
1616 2 21.557200 19.165700 12.560100 
1604 2 19.960500 24.692500 1.255150 
767 2 16.307000 19.839700 3.625500 
1684 2 20.701500 16.157900 0.321957 
1527 2 19.767500 21.282200 3.796320 
1454 1 19.337600 26.095000 8.495100 
1194 1 14.233200 18.375600 6.627220 
1369 1 17.860700 18.515100 7.072780 
1883 2 23.935100 14.668900 1.602510 
1735 2 25.056200 18.743900 6.358540 
1008 2 18.565500 15.870700 6.338770 
927 2 15.802900 16.518300 4.847260 
1572 2 19.394300 14.071700 10.022300 
1533 1 17.858900 16.732300 9.724580 
1581 1 16.504800 22.173100 0.915239 
1486 1 22.579200 19.788800 3.842280 
1577 1 18.106700 24.520700 10.349600 
1140 2 16.206700 14.124200 8.219630 
1310 1 14.525800 14.273300 3.781370 
1320 2 15.883700 21.266400 12.465300 
1219 2 21.540200 22.968000 11.028000 
1126 1 14.938300 25.209700 12.993000 
1605 1 24.187700 22.966500 3.008400 
1019 2 21.003000 26.202600 12.165300 
1301 1 20.634900 14.657800 3.546890 
1526 1 19.129700 21.240500 3.264750 
1683 2 20.384800 16.257600 0.439995 
724 2 18.286600 24.719900 5.055100 
1142 1 14.184600 16.518200 0.766166 
1913 1 24.876200 13.702800 9.788640 
840 2 15.652000 25.859500 8.567460 
1730 1 13.936200 18.248400 13.074000 
1796 2 25.637600 25.821100 12.331400 
1936 2 24.477700 17.208400 10.126800 
1790 1 23.465100 25.316200 1.113720 
1595 2 23.611200 22.350800 5.457030 
1318 1 16.574400 21.378100 12.753700 
1746 1 22.358800 17.185200 4.692640 
1382 1 15.505100 22.620300 7.952650 
1601 1 20.909100 24.299700 1.155210 
1607 2 24.123600 22.806100 2.523360 
1568 2 26.089500 22.006800 8.225000 
1407 2 19.653500 22.874200 7.829620 
1769 1 21.994700 19.372800 6.135090 
1549 1 22.924200 14.939200 12.760700 
1101 1 16.504100 14.306500 2.099970 
1131 2 18.669200 19.964500 10.522700 
1579 2 18.535300 24.162400 10.766300 
1137 1 15.688100 13.902700 7.948500 
1550 1 22.206900 14.511900 11.924100 
1551 2 22.560200 14.817000 12.171000 
1792 2 23.449400 25.750100 2.056930 
1548 2 20.918500 20.447400 0.414123 
1781 1 20.533700 25.186300 2.813590 
1417 1 25.018100 22.721900 11.618900 
1220 2 23.907100 24.812300 9.075920 
1180 2 14.848600 19.183100 10.190700 
766 1 15.875900 19.616400 2.687780 
925 1 15.341200 16.763900 4.792360 
1615 2 21.398300 19.458000 12.446400 
1400 2 23.834000 24.508300 9.210270 
1218 1 23.323700 24.087400 9.573990 
1682 1 19.957500 16.069300 0.441836 
1193 1 14.194400 17.662200 7.545050 
1199 2 20.581200 26.492100 12.141900 
1721 1 18.291500 18.461700 0.911658 
1724 2 17.791800 18.018900 0.474898 
333 1 25.835800 14.977200 5.960980 
1898 1 25.360000 15.639500 12.980400 
1740 2 20.031800 16.669200 11.911300 
1319 2 16.102100 21.111900 12.206500 
1793 1 25.152000 25.570200 11.605800 
1662 1 21.542800 25.376000 5.715580 
192 2 26.186500 25.440700 5.376710 
865 1 14.096800 13.728400 0.963016 
1928 2 25.709900 18.026400 2.563210 
1723 2 17.802700 18.027900 0.539346 
1570 1 19.612500 14.689100 10.204200 
1737 1 19.594100 16.419300 11.809600 
1198 1 20.105000 25.825000 11.820100 
1663 2 21.690900 25.203700 4.952980 
837 1 15.111800 26.056100 9.188320 
336 2 25.642400 15.300300 5.355580 
1664 2 21.764700 24.938700 5.122260 
1125 1 14.007400 24.655400 12.299500 
1571 2 19.502600 13.779700 10.007300 
868 2 13.619500 13.741700 0.390111 
335 2 25.609100 15.335300 5.634500 
1143 2 14.629100 17.069300 1.173230 
938 1 14.163700 15.746100 10.615700 
1113 1 17.297600 17.806000 12.484800 
1245 1 16.886700 26.502000 2.248600 
1123 2 16.499900 13.612300 5.106740 
1121 1 17.132900 13.693800 5.022690 
1565 1 26.149400 21.360600 8.311180 
546 1 13.872500 15.446100 6.597820 
547 2 13.330700 15.062000 6.902510 
548 2 13.490400 15.040800 6.712740 
940 2 13.530800 15.736200 10.524200 
939 2 13.620200 15.703500 10.534000 
1789 1 23.451000 25.830300 2.528260 
1554 1 26.535900 21.067100 3.605930 
1361 1 26.353100 20.402900 0.130562 
1124 2 16.392900 13.352900 5.301260 
982 1 14.788300 25.221000 0.126764 
100 2 26.170300 14.617600 12.962600 
1331 2 18.163300 15.723500 20.847400 
1743 2 22.458100 25.289200 24.793600 
801 1 15.029100 23.781300 25.523700 
79 2 19.325600 13.519000 13.933400 
85 1 19.262000 14.068100 17.953400 
1672 2 15.844000 13.416400 18.911400 
984 2 14.888200 24.819600 25.533700 
349 1 22.769500 21.473200 19.014900 
1409 1 21.277800 24.651300 19.369400 
1576 2 18.634500 21.546400 13.848600 
117 1 22.737700 14.699100 16.771700 
120 2 23.173000 13.982800 16.478300 
141 1 24.076800 18.992000 26.363300 
1368 2 19.050900 23.472200 23.964000 
1921 1 17.760800 21.593400 20.253800 
1561 1 18.788800 23.847900 17.119400 
1390 1 16.577700 25.870800 18.850900 
1392 2 15.964900 25.994800 18.255400 
1705 1 20.292900 17.724600 18.130200 
142 1 23.328500 19.200000 24.779900 
963 2 13.846900 19.357900 25.604800 
516 2 26.029100 18.694100 19.175900 
1774 1 24.748600 22.540600 24.381400 
1285 1 19.976800 19.549300 24.601100 
102 1 17.136800 20.408600 20.824100 
1560 2 16.262900 19.876200 15.679500 
1367 2 19.169900 23.500000 24.387000 
1893 1 20.317700 14.926500 21.495000 
1323 2 13.926800 20.091200 20.968400 
1963 2 24.917300 25.332500 21.922000 
1941 1 22.886400 17.652000 25.694900 
80 2 19.541900 13.603500 13.856200 
1715 2 17.392600 15.578800 15.768300 
1378 1 20.392900 17.251000 15.806700 
285 1 23.081000 13.916400 24.318400 
1973 1 24.179700 15.605100 18.941500 
558 1 15.798100 14.017200 23.412000 
1713 1 17.973100 15.295600 15.515500 
194 1 22.577000 23.910600 16.948400 
1776 2 24.573700 22.720300 25.130700 
1993 1 22.253500 23.701600 14.945000 
1286 1 18.819900 19.885300 24.071700 
1465 1 14.645600 15.329500 16.306500 
350 1 23.339500 20.640900 20.133900 
1920 2 23.038600 13.865300 16.311100 
1731 2 13.619000 18.191900 13.855900 
1671 2 15.888100 13.564600 18.964800 
1559 2 16.112700 19.780800 15.691400 
693 1 13.274900 13.978400 13.912400 
143 2 23.640100 18.282300 25.632700 
196 2 23.522400 23.863900 15.887400 
1467 2 14.300800 15.727100 16.722200 
123 2 17.791300 20.642200 20.376100 
140 2 23.793300 18.558300 15.435000 
450 1 26.120000 13.298700 24.183700 
1107 2 13.293800 16.518400 23.582500 
1947 2 21.927300 18.435500 21.677100 
124 2 18.063300 20.747100 20.491700 
1742 1 22.473000 26.054700 24.973100 
1942 1 24.397000 17.896300 24.824600 
1557 1 16.850200 19.720900 16.100900 
1592 2 20.639300 24.708000 20.225400 
1330 1 17.381900 15.608600 21.315800 
983 2 15.131200 24.803300 25.531600 
288 2 22.597300 14.455300 24.343500 
1329 1 18.447000 15.927700 20.646300 
1923 2 17.844200 20.357600 20.485900 
1009 1 14.587800 22.386100 19.231200 
1994 1 24.363100 24.048300 16.445800 
1053 1 13.505500 24.994200 22.057600 
347 2 26.267000 22.592200 18.711500 
1524 2 17.599800 17.396200 17.997800 
1366 1 18.874700 23.716100 23.705100 
1326 1 14.547200 23.269100 15.577900 
1327 2 15.160200 23.419800 15.762000 
1328 2 15.040300 23.093000 16.104900 
14 1 23.392500 22.271600 16.005800 
1951 2 25.532900 20.570000 22.630300 
1573 1 18.991400 21.113600 13.620300 
803 2 14.829400 24.872600 25.628700 
1949 1 25.197500 20.796000 22.490900 
1590 1 20.164700 23.408500 20.186800 
286 1 22.520800 14.927200 24.402000 
1012 2 14.634400 22.748100 19.161200 
1353 1 16.907500 24.587800 14.539300 
1741 1 22.439100 24.581900 24.707100 
1355 2 17.446600 24.994100 14.084700 
1356 2 17.668500 24.981400 14.067300 
1521 1 17.714400 17.343600 17.263900 
329 1 21.813100 22.253300 23.255900 
804 2 15.294500 24.795700 25.497000 
1544 2 16.946400 24.461000 21.812100 
1918 1 23.920900 13.822600 15.919500 
1324 2 13.716000 20.072800 20.846400 
1267 2 17.122400 15.415100 25.406100 
1431 2 19.822000 16.471700 23.640600 
1287 2 19.441700 19.642200 24.381000 
1380 2 20.266700 17.343900 15.145900 
352 2 23.160400 21.138700 19.583900 
1114 1 16.861500 18.258200 13.574100 
87 2 19.451200 14.249200 18.344300 
1523 2 17.658000 17.521700 17.968200 
346 1 25.815200 22.004800 18.478900 
1391 2 15.938200 25.901900 18.188300 
161 1 24.601300 26.111500 21.579200 
1961 1 24.099200 24.699700 21.412200 
981 1 14.554400 25.249500 25.107100 
1732 2 13.760400 18.131200 13.500400 
1410 1 19.650200 25.242500 20.173800 
1412 2 20.619100 24.553800 19.984600 
1924 2 17.980200 20.570900 20.230200 
1288 2 19.597800 19.785400 24.397800 
1432 2 19.760800 16.631100 23.695100 
1950 1 26.552600 20.586400 22.462700 
1023 2 19.914800 13.444800 25.115300 
1945 1 22.619500 18.776100 21.292600 
1011 2 14.572200 22.960700 19.279400 
1896 2 21.017700 14.765800 21.291800 
1775 2 24.608800 22.655900 25.141800 
1940 2 23.950900 18.615500 15.499300 
1379 2 20.525800 17.228300 15.034700 
1325 1 15.776600 23.228900 16.320900 
195 2 23.456000 23.966800 15.829200 
1402 1 16.250200 21.516600 23.323300 
144 2 23.794000 18.507400 25.178600 
1944 2 23.591400 18.344200 25.582800 
1010 1 14.432900 23.568200 19.311700 
802 1 16.143600 25.169100 25.208000 
330 1 22.596900 22.271100 21.788400 
1542 1 17.370800 24.809500 21.747600 
1562 1 17.879100 22.849000 17.695200 
1564 2 18.349700 23.381400 17.133800 
1894 1 21.531600 14.461600 21.090600 
1574 1 18.494900 22.444400 13.916100 
962 1 14.327100 19.946800 25.530300 
86 1 19.503500 14.422200 19.151400 
1975 2 23.760900 16.003900 19.160800 
1939 2 23.878700 18.792600 15.650100 
138 1 23.739300 17.553500 15.194000 
1214 1 21.202700 26.448900 16.759100 
119 2 22.958800 13.507600 16.285600 
1522 1 17.381900 17.426100 18.636100 
1589 1 21.372700 24.839300 21.068400 
1591 2 20.689000 24.517300 20.139800 
1558 1 15.618800 20.104300 15.404500 
1411 2 20.576500 24.577300 20.290700 
1865 1 25.372600 13.773900 20.302500 
1354 1 18.177700 25.278400 13.863200 
1322 1 13.709600 19.463200 20.964000 
164 2 24.951700 25.228900 21.777700 
1504 2 16.341000 17.947100 23.622900 
1150 1 14.652700 17.276000 19.778200 
1541 1 16.208100 24.226700 21.714900 
1563 2 18.191900 23.078600 17.295000 
1922 1 18.597900 20.377900 21.050900 
1943 2 23.752900 18.297900 25.493600 
1938 1 22.937500 19.334100 15.514300 
1706 1 21.110900 17.009100 18.720000 
1707 2 20.797900 17.433400 18.413100 
1708 2 20.769000 17.417900 18.483600 
78 1 20.002000 14.264300 14.372900 
1106 1 13.595400 16.398200 23.277200 
1430 1 19.893100 17.456800 23.809300 
1377 1 20.276300 17.305000 14.350300 
1056 2 13.390200 24.572500 21.731900 
1948 2 22.233900 18.374500 21.487900 
137 1 24.879700 19.325200 14.871000 
1468 2 14.257700 15.796400 16.511100 
1725 1 20.302100 20.849600 16.700400 
1726 1 20.743300 20.139200 17.803300 
1727 2 20.416600 20.670000 17.239600 
1728 2 20.632400 20.546000 17.348900 
348 2 26.217400 22.456800 18.824600 
1962 1 25.083500 25.502300 22.888800 
139 2 24.176700 18.967800 15.782600 
1995 2 23.388700 24.011300 16.053200 
1502 1 16.994800 17.454000 23.448400 
88 2 19.417500 14.186100 18.631200 
513 1 26.310300 18.405000 19.598400 
1466 1 13.992300 16.459000 16.678400 
1773 1 24.650600 22.810800 25.712700 
1976 2 23.932400 16.115600 19.628700 
118 1 22.246600 13.310900 15.828500 
1744 2 22.547500 25.214900 24.952100 
961 1 13.487900 18.996000 25.430200 
559 2 15.860500 13.562600 23.032400 
1503 2 16.458700 17.926000 23.413300 
1021 1 20.356600 13.542600 25.050800 
1268 2 16.793700 15.590900 25.419900 
1266 1 17.591000 15.230100 25.365900 
108 2 26.432200 16.203500 22.196000 
1365 1 19.526800 23.134200 25.044100 
1946 1 21.584500 18.050300 21.936000 
1265 1 16.245600 15.663200 25.279300 
1543 2 16.792900 24.655800 21.692000 
287 2 22.779200 14.457800 24.419900 
16 2 23.144500 23.539200 15.866600 
122 1 18.242500 19.921300 19.459100 
1895 2 21.005800 14.756800 21.115500 
1429 1 19.472400 15.953900 23.474600 
1332 2 17.859800 15.720100 21.195500 
1716 2 17.462200 15.392800 15.843100 
1974 1 23.589100 16.416100 19.813900 
331 2 22.238400 22.048000 22.986100 
964 2 14.150100 19.531800 25.420000 
1501 1 15.967300 18.432600 23.719400 
1670 1 15.380300 14.197500 19.098400 
163 2 24.996200 25.337400 21.956100 
1403 2 16.049500 21.407700 23.503600 
1919 2 22.991500 13.486300 16.553800 
13 1 23.414400 24.984200 15.597700 
332 2 22.506000 22.150800 22.281100 
15 2 23.190200 23.760100 15.794500 
1964 2 25.017700 25.173800 22.008700 
1152 2 14.359700 17.083000 20.429200 
1952 2 25.912900 20.691400 22.548000 
1906 1 25.790400 15.584400 22.416700 
1996 2 23.459700 23.770200 15.720600 
345 1 26.448800 23.137800 18.880700 
560 2 15.836000 13.626800 22.660900 
1714 1 16.773900 15.766900 16.335500 
97 1 25.841300 14.304100 14.020800 
107 2 26.320200 16.465400 22.235700 
351 2 23.239600 21.119000 19.682200 
1937 1 24.219700 18.684400 16.497100 
193 1 24.005900 23.566800 14.812400 
338 1 26.317100 15.926900 17.091900 
1024 2 19.832700 13.201600 24.967700 
1149 1 14.093200 17.033800 20.924100 
162 1 25.836200 24.705300 21.739500 
515 2 25.842300 18.496000 19.124200 
1575 2 18.893300 21.831200 13.563700 
514 1 25.575400 19.037300 18.837300 
106 1 26.026300 17.224300 22.030400 
1151 2 14.397300 17.090500 20.451900 
501 1 26.468900 17.015700 25.893800 
1055 2 13.307600 24.727200 21.668100 
1729 1 13.508200 18.192400 14.463000 
1321 1 14.005300 20.578100 20.717700 
1389 1 15.563700 25.913100 17.853200 
1879 2 19.485500 13.396200 13.708000 
1880 2 19.521800 13.392800 13.582400 
1878 1 18.610200 13.563700 13.880000 
1900 2 26.253500 14.664000 13.342500 
1899 2 26.111100 14.673800 13.503300 
