id type x y z 
1126 1 1.327050 5.985900 4.636350 
1835 2 6.245740 5.091070 4.138320 
586 1 4.960080 7.557680 7.688980 
1009 1 5.318610 4.722210 9.530680 
1862 1 10.860100 6.346060 8.798430 
1915 2 7.322420 11.522600 2.890440 
1477 1 1.530950 11.422800 10.751400 
603 2 12.568400 12.691800 5.055840 
619 2 5.095550 1.562410 11.858200 
923 2 9.727990 7.508730 5.710560 
96 2 8.334100 4.274750 5.875470 
1233 1 12.365700 7.306070 12.282400 
1389 1 3.951490 9.664830 3.515690 
1170 1 5.862710 11.292500 10.542400 
271 2 10.259800 4.739650 4.161130 
1726 1 9.122910 8.311160 5.837640 
120 2 12.806900 12.693200 4.611110 
1844 2 9.504150 11.127600 3.936810 
978 1 3.081160 11.403400 5.252400 
1415 2 8.177850 1.792080 4.104960 
955 2 1.987890 12.198400 7.817370 
1339 2 1.295060 11.822100 0.989575 
255 2 10.952200 2.990830 11.862100 
325 1 0.028269 1.185460 5.861230 
1206 1 4.288600 2.161770 5.657630 
1972 2 6.184020 10.958500 5.744790 
650 1 -0.046084 5.193960 11.973400 
1223 2 9.148310 7.084220 2.176750 
575 2 11.959400 1.820360 7.997200 
1044 2 7.453860 6.478290 13.305200 
1737 1 1.853240 4.418070 7.329370 
1976 2 4.597440 12.940400 0.831531 
370 1 2.674360 0.839273 3.354140 
1806 1 10.775700 8.894650 2.146030 
1858 1 12.482900 12.050000 5.102730 
384 2 7.759920 2.116400 7.803570 
799 2 1.343490 1.265470 8.887610 
635 2 4.221320 12.905100 1.276610 
1164 2 4.523900 2.999370 5.905440 
1043 2 10.888400 7.149030 8.989000 
405 1 9.018970 10.632300 8.901220 
1700 2 3.965810 8.087600 6.490490 
863 2 2.074600 5.188810 7.674490 
1985 1 2.476190 3.164860 -0.037683 
1422 1 12.781600 3.179340 1.776060 
1315 2 4.213360 7.291810 7.109940 
1131 2 9.791140 1.079960 0.120206 
1847 2 4.022660 9.930290 5.418540 
687 2 9.753500 10.862300 4.200900 
1225 1 0.594254 9.748680 7.924710 
1442 1 10.145700 10.363100 3.933200 
667 2 6.504680 7.087530 9.266330 
1261 1 6.526390 8.422710 3.681040 
340 2 12.529800 9.698870 9.816990 
498 1 10.319000 11.334200 11.296300 
1556 2 10.567200 3.998260 6.687070 
845 1 5.216630 13.035800 1.163880 
612 2 1.974150 5.083930 7.471800 
1930 1 2.365550 12.824300 7.119600 
1874 1 10.801500 1.100810 5.396170 
428 2 9.623330 9.996390 8.041230 
1208 2 3.495830 2.420630 11.445300 
1535 2 1.466770 8.645670 1.088970 
1884 2 6.843660 8.318930 3.553910 
1873 1 6.878780 11.682700 2.622790 
1681 1 7.748890 2.857520 8.114020 
1162 1 10.485300 7.547340 9.589830 
887 2 6.684200 7.435870 13.022900 
724 2 2.735770 0.764812 3.271660 
1748 2 13.260300 3.652390 2.290830 
310 1 9.441710 12.120900 10.870100 
1218 1 12.114900 9.873730 2.596020 
199 2 4.206520 2.878200 3.149580 
1151 2 6.257430 11.176400 6.571100 
153 1 5.237290 3.326400 6.497340 
740 2 0.993933 11.420600 4.553930 
1987 2 12.669400 4.463360 2.540580 
607 2 2.816770 3.076530 11.402200 
122 1 1.930620 1.024510 9.468600 
312 2 1.910890 2.880940 0.247454 
466 1 9.417340 12.844600 0.897529 
1255 2 5.102160 1.217750 8.773740 
124 2 1.700790 1.084310 8.967450 
1941 1 10.460200 0.646542 9.928340 
554 1 5.652750 1.009340 11.546500 
818 1 7.129380 1.226240 12.177300 
261 1 7.809630 2.019520 4.522090 
710 1 4.711120 9.258300 11.566000 
1498 1 12.634700 1.877510 7.980420 
924 2 12.272300 1.715070 8.365770 
509 1 9.813300 9.720520 7.803810 
1025 1 4.741140 7.222020 0.391538 
1614 1 1.090580 8.647490 7.726600 
1018 1 11.689600 3.876050 7.445550 
568 2 1.728830 11.941300 11.491000 
942 1 4.611010 2.166210 11.608200 
1312 2 12.623300 7.167400 6.537990 
161 1 5.888570 1.324330 0.177390 
1292 2 8.107430 1.531940 12.181900 
289 1 4.442860 10.518300 0.584428 
1705 1 3.109630 10.007500 7.849590 
909 1 4.751260 0.933258 7.880400 
109 1 9.941460 6.801100 7.086310 
652 2 1.431140 8.396770 0.744808 
1094 1 0.679565 11.856000 4.607770 
640 2 1.392160 9.116310 7.843980 
1610 1 0.958059 10.805300 4.713990 
828 2 9.486300 13.046600 6.663610 
1263 2 11.876100 1.699350 2.894030 
348 2 5.306170 6.488760 0.324229 
648 2 10.676700 7.122090 8.587310 
938 1 5.756480 8.028110 12.509900 
9 1 1.923970 12.369000 11.733400 
1848 2 2.125680 12.235900 7.588520 
369 1 13.020500 6.887820 6.819640 
1811 2 6.819490 8.318630 3.444360 
993 1 6.942500 11.394400 5.711800 
1373 1 10.521000 8.310250 12.441600 
1116 2 9.287670 7.636210 5.398530 
957 1 9.657860 3.990010 0.838732 
528 2 10.164200 9.211320 12.442100 
681 1 6.656330 5.729260 4.016590 
1447 2 3.905570 10.021300 9.146700 
1128 2 7.776500 1.476780 3.908760 
885 1 8.693300 1.460500 11.917500 
1202 1 12.002100 12.434400 0.219541 
1413 1 7.729370 1.696160 7.183870 
94 1 4.947970 9.848760 9.336260 
266 1 -0.430012 9.678980 11.887200 
1309 1 0.678435 5.264150 0.876873 
708 2 1.259800 5.675210 0.504989 
416 2 6.724590 7.304960 8.368980 
1314 1 12.641200 10.067500 6.531030 
711 2 3.852780 9.824430 2.939430 
285 1 5.802050 10.375000 6.071070 
494 1 3.108820 6.406290 2.641290 
119 2 4.637840 9.447610 12.379500 
1579 2 3.844900 6.455410 3.559340 
1812 2 11.146300 2.820320 11.587000 
1124 2 10.040000 0.440923 9.475050 
765 1 2.655210 3.417730 10.966700 
230 1 12.632000 6.531680 10.854800 
347 2 9.242550 4.069280 1.102460 
864 2 0.347226 6.306000 10.777600 
542 1 11.849600 12.435900 13.021000 
1291 2 8.075510 1.238820 12.257100 
840 2 6.702460 11.546100 9.322500 
1080 2 6.222550 5.262060 3.828080 
1449 1 4.159740 8.047800 6.396810 
1661 1 1.361030 9.160040 1.385040 
617 1 12.078500 4.603410 1.698160 
611 2 12.153700 13.381300 9.094970 
1063 2 13.048600 9.913980 10.121700 
134 1 9.600170 13.136500 7.367040 
903 2 11.337700 0.612055 5.627610 
1180 2 4.424200 8.754340 12.469000 
1216 2 1.017930 3.679000 3.344910 
1998 1 1.174720 -0.080762 1.468590 
1468 2 4.893000 0.740867 8.308680 
1768 2 4.308780 3.306580 2.738050 
1600 2 11.869500 9.628710 2.575350 
739 2 0.965298 5.967610 4.226630 
1173 1 11.200600 2.823690 3.605000 
127 2 10.411500 9.045050 12.829500 
809 1 10.919000 2.461570 11.887200 
1299 2 4.780910 6.533030 0.539014 
215 2 4.176320 2.885130 6.195800 
1893 1 8.325280 1.646510 3.197230 
36 2 12.365500 10.081100 5.980100 
1890 1 9.972280 9.815570 12.918200 
1343 2 9.337010 5.923850 10.473600 
1920 2 4.122520 5.166390 9.370260 
293 1 7.689670 11.201900 2.927020 
274 1 9.439310 11.613200 4.157620 
238 1 1.572670 2.111680 0.168281 
833 1 0.590497 6.852130 11.149400 
306 1 5.456840 4.678160 3.514330 
831 2 9.357590 9.875490 8.432320 
1816 2 6.862360 4.128340 11.059500 
1566 1 9.261330 6.015960 10.695100 
1786 1 12.726600 0.989959 3.624510 
709 1 3.603130 10.298900 9.533710 
1271 2 0.880672 11.305700 4.585290 
1019 2 11.315800 4.703580 6.805310 
1734 1 5.118560 1.401360 9.127500 
493 1 12.180100 10.286100 10.615200 
1371 2 12.046400 7.233460 11.528900 
1592 2 1.534180 12.452400 1.408130 
286 1 8.061360 3.794670 1.141800 
1357 1 8.950490 6.143680 9.827360 
1720 2 3.237320 6.314980 3.305910 
698 1 1.231990 3.253850 3.256810 
93 1 3.082680 10.341000 2.676860 
15 2 7.678030 2.506650 7.777000 
126 1 9.599820 6.326160 4.437020 
425 1 1.967810 7.933920 0.535095 
1081 1 4.422630 3.069010 3.444140 
913 1 4.498920 7.046410 3.534640 
1282 1 3.697860 2.773570 1.938970 
730 1 2.355130 5.634320 8.072700 
189 1 3.366500 5.871300 4.068140 
1363 2 6.165510 10.911100 10.577500 
1617 1 7.690930 3.519020 10.594300 
1754 1 11.689100 3.696660 11.832700 
953 1 1.681750 11.893700 8.288600 
86 1 2.913820 2.479230 12.207900 
245 1 1.295230 1.180650 8.481100 
148 2 9.360090 5.913800 10.073600 
248 2 3.523090 9.883520 2.885940 
1408 2 12.445800 3.495050 1.877690 
1226 1 11.285500 1.548920 2.201540 
1725 1 9.480910 12.844400 6.292330 
1739 2 0.451962 6.559480 11.175400 
928 2 3.803760 10.336500 9.534430 
702 1 6.238150 6.621500 9.382750 
1807 2 0.880665 9.120410 7.959530 
904 2 7.361720 11.250100 2.621550 
967 2 9.311570 12.832600 6.722970 
891 2 12.816900 7.213710 6.210430 
1769 1 5.813970 12.145200 8.458280 
1704 2 11.950900 6.711780 12.022500 
1007 2 6.991760 3.978280 10.898100 
354 1 11.501800 8.117370 8.379490 
1482 1 7.665120 4.620480 5.485340 
1767 2 11.307200 8.735610 2.262200 
578 1 5.770040 5.738790 -0.132587 
889 1 6.875140 4.289910 11.675700 
224 2 -0.022877 9.448140 10.982500 
135 2 1.498340 11.788800 11.084000 
99 2 2.160500 2.754600 0.039660 
1624 2 11.265700 1.883220 3.071500 
1313 1 11.076400 6.654630 0.231819 
1913 1 11.117300 1.242890 8.439840 
590 1 9.093760 7.004770 1.913880 
1877 1 11.270600 4.540750 6.220080 
1122 1 0.451279 12.304000 1.467030 
560 2 8.878360 6.965070 1.845970 
1215 2 0.782846 5.434050 0.353458 
1353 1 12.470700 7.710740 5.469900 
1933 1 4.115010 12.954700 0.479682 
1035 2 9.951630 11.430300 11.092300 
454 1 2.048230 12.898300 1.018610 
1382 1 7.473430 7.929340 3.113000 
1403 2 9.458240 12.466100 0.179872 
1612 2 9.825290 12.077400 11.023600 
108 2 5.808980 0.822604 11.641700 
868 2 6.986800 3.992070 0.422781 
1607 2 12.628100 12.280800 12.739500 
974 1 3.820230 9.190290 13.039900 
604 2 12.657900 5.992340 0.413746 
627 2 5.975600 0.918335 0.373727 
1375 2 12.441800 11.898100 0.032370 
1843 2 11.577900 6.031620 0.318208 
638 1 10.705700 12.692200 22.810400 
132 2 0.558691 1.551060 25.278500 
337 1 7.523220 7.034840 12.991600 
1979 2 -0.001464 10.021400 14.606100 
1061 1 13.006100 3.689520 24.555400 
1345 1 9.274740 3.277190 23.782900 
1335 2 12.916300 9.315670 21.545500 
1187 2 3.350600 2.912320 21.398500 
1892 2 3.019310 0.205784 23.579600 
1165 1 10.525700 10.512900 14.993700 
801 1 12.601000 12.287500 18.778600 
850 1 0.654874 0.686993 21.760400 
154 1 6.340600 8.032460 15.303100 
491 2 9.031920 8.418810 18.297100 
1245 1 2.937640 4.089080 24.046100 
1625 1 13.056000 6.910950 22.871500 
1585 1 10.642700 8.671300 24.744500 
1550 1 11.394000 9.697760 24.481900 
1200 2 6.282010 12.598000 17.690000 
882 1 5.691380 1.236830 20.901100 
1306 1 1.468270 5.843850 26.382900 
1069 1 10.427900 6.209680 15.916800 
1715 2 9.998150 7.941030 22.293400 
1836 2 8.905620 3.502810 23.962900 
1647 2 0.486819 9.922530 20.686100 
1828 2 2.804140 2.939610 21.019300 
1669 1 3.875650 13.213400 20.384200 
523 2 8.591610 5.975980 17.796400 
329 1 0.611647 2.215610 20.746800 
76 2 11.137400 9.327590 24.742900 
1525 1 10.108400 5.559580 25.964200 
1992 2 5.671300 3.756010 14.731400 
609 1 8.584500 5.462750 24.547900 
1775 2 5.907390 5.108000 22.024000 
1179 2 3.547890 8.103650 24.040700 
549 1 6.685180 9.969070 20.363600 
1272 2 13.100500 2.900070 24.413900 
409 1 12.480200 3.706900 14.269800 
1207 2 13.024100 6.604820 23.752500 
1713 1 12.489000 6.043020 26.855000 
183 2 1.022800 3.961980 17.129200 
1643 2 12.480900 8.565760 16.729000 
1254 1 1.655910 5.661170 20.111800 
884 2 2.989380 9.009170 15.572000 
1497 1 2.262990 3.755360 19.084600 
1654 1 12.097100 6.000420 19.645500 
866 1 9.901460 8.228650 22.097200 
387 2 4.599130 10.241600 25.916800 
1280 2 1.409090 5.588240 20.216500 
843 2 6.897590 12.791300 17.262100 
911 2 6.714460 0.365088 15.588300 
234 1 8.679620 0.841914 17.919100 
659 2 12.129400 11.134400 18.694900 
715 2 4.942210 2.415690 17.486400 
1146 1 3.189400 5.205610 24.131500 
158 1 7.786570 0.333080 18.842700 
1421 1 2.925570 10.337000 22.173600 
1650 1 1.611450 4.045440 16.596700 
1785 1 11.354000 5.933730 21.012100 
1904 2 12.734200 6.512560 23.782500 
504 2 10.290000 10.901200 15.253400 
110 1 1.077570 7.415520 16.878500 
1231 2 8.470700 0.629640 18.191900 
368 2 6.378700 8.277340 16.471400 
1051 2 1.038000 1.381610 24.405500 
85 1 12.968100 9.722400 16.059600 
7 2 0.709550 0.840735 18.485800 
226 1 0.837366 10.493900 21.456600 
1232 2 2.848780 8.150460 19.374900 
1376 2 12.036700 12.202300 26.132500 
1800 2 10.836400 6.425750 15.112200 
38 1 8.533570 11.407200 23.413600 
1284 2 3.944280 5.490210 15.075800 
1041 1 6.032290 2.318790 17.877400 
1039 2 7.211690 7.508640 20.272400 
1262 1 7.478290 10.334000 23.591200 
1428 2 9.308310 10.992500 19.816600 
1190 1 9.083070 0.539892 26.509300 
1652 2 10.564300 12.898300 22.996000 
1521 1 3.019920 11.222600 17.908900 
1723 2 3.496270 8.644270 15.485900 
246 1 0.442650 2.858010 25.061200 
1153 1 2.425010 12.322000 23.690900 
1077 1 3.830920 8.424340 15.587100 
628 2 7.833600 4.140610 17.061900 
1794 1 11.920000 8.432990 16.493100 
1626 1 6.745390 10.231200 14.877400 
1791 2 11.809200 6.131900 20.211400 
582 1 6.718490 0.324571 15.494400 
615 2 2.290210 2.546540 18.846100 
660 2 11.993100 11.260200 18.617100 
1015 2 6.574050 4.133620 26.231100 
1338 1 9.017510 3.809700 19.321700 
716 2 5.377420 1.941240 17.715400 
1834 1 3.192660 11.940000 14.839100 
1542 1 9.580960 2.904120 20.691200 
1537 1 1.356580 4.995960 21.593000 
1349 1 10.979200 6.489450 14.583500 
1642 1 11.685000 2.049770 17.006600 
1640 2 0.562333 10.065200 21.629600 
1501 1 6.301240 3.626520 14.918100 
639 2 9.073130 3.596650 14.080100 
413 1 5.870610 7.530860 22.882600 
163 2 11.335600 2.846950 15.131800 
1573 1 8.689620 6.668590 17.803700 
33 1 3.704610 5.171750 14.419400 
502 1 5.768430 11.502700 19.887200 
1667 2 10.771800 5.711580 15.644200 
1141 1 6.015040 12.448300 22.142700 
1504 2 2.416430 2.856990 14.668400 
1072 2 0.708036 7.270850 17.219100 
1538 1 13.407100 4.850830 17.630800 
214 1 0.548769 6.075800 14.513200 
1289 1 4.349000 2.238000 18.416000 
969 1 5.045940 13.304600 22.810400 
1923 2 10.330400 13.141400 22.950400 
1620 2 9.574030 3.110720 19.739000 
1574 1 7.766280 7.690670 19.434900 
130 1 7.174200 4.987620 21.313900 
1802 1 3.132270 11.388900 14.064600 
631 2 7.686300 9.550030 25.741500 
742 1 9.014950 11.008100 19.667800 
1 1 6.631920 7.883010 20.638200 
103 2 4.980200 5.534760 18.872100 
379 2 2.999450 11.686400 14.634700 
235 2 5.866580 13.312500 22.450300 
1505 1 0.477054 0.867487 19.258600 
1776 2 11.953600 1.546340 16.415300 
566 1 2.681600 8.881290 15.423500 
1016 2 -0.000592 7.349400 24.233500 
1358 1 0.679167 11.361900 25.016900 
579 2 3.618340 8.260430 20.098500 
1189 1 12.824200 3.293330 20.692900 
1496 2 5.261160 5.776650 18.779800 
1509 1 3.308750 3.337850 21.465600 
247 2 1.210790 5.799590 21.333500 
1321 1 9.818550 4.441420 15.712300 
980 2 4.015400 13.252000 19.426900 
414 1 4.404000 1.968720 24.401400 
1237 1 5.044480 12.799400 13.874400 
1825 1 12.768500 6.354730 24.091400 
503 2 6.276410 1.742950 20.183900 
1881 1 1.089700 0.833206 18.013600 
1419 2 3.863890 5.599840 15.031600 
1709 1 0.422651 10.790000 14.731700 
1240 2 9.003650 6.489940 17.840200 
1495 2 9.285070 5.582010 24.728400 
378 1 3.306800 9.513360 17.808800 
1706 1 6.704720 -0.228066 24.442000 
361 1 4.769160 3.804560 15.157000 
1833 1 7.150170 4.248640 26.085400 
861 1 12.267500 11.651200 25.791300 
971 2 6.079100 4.024680 14.688300 
1971 2 4.835830 1.928310 24.351100 
396 2 1.741680 4.069950 18.015400 
1383 2 0.208761 7.632660 17.114200 
1638 1 2.897170 7.766040 19.410300 
1036 2 7.828200 10.123200 13.636500 
519 2 13.177800 4.490900 17.904500 
1701 1 5.287840 5.242250 18.113000 
551 2 9.438330 3.457970 19.918100 
1839 2 9.283180 10.842500 19.687300 
1747 2 9.956040 11.034500 15.546000 
440 2 8.048690 10.801500 23.130700 
756 2 6.647750 1.331570 20.705600 
279 2 11.234500 9.413380 24.397500 
1982 1 5.821710 2.336750 24.542300 
324 2 4.967960 2.230990 24.629500 
655 2 6.279260 8.370110 15.853900 
481 1 9.926450 10.887200 19.703000 
458 1 8.415110 5.174800 17.486800 
485 1 8.854260 8.398270 18.193300 
581 1 7.901920 9.533320 25.657700 
535 2 2.888820 9.687580 17.895800 
1822 1 7.169800 2.100420 20.169200 
1028 2 9.909510 5.383380 25.380200 
6 1 3.582180 -0.058266 16.015900 
1213 1 10.194800 4.286200 24.632900 
537 1 6.365430 8.367100 16.815600 
712 2 5.419160 7.482050 23.813700 
441 1 8.115500 12.962900 20.383900 
703 2 7.582560 10.886700 23.231900 
1594 1 10.803600 2.638850 15.197700 
395 2 5.238680 12.772100 13.859700 
283 2 3.046670 5.249130 24.029400 
731 2 10.013200 3.094030 23.880000 
249 1 13.001400 9.408670 21.797700 
1209 1 0.734218 1.043620 24.841900 
1388 2 0.202219 10.048600 14.519300 
1932 2 3.253420 11.715800 14.592500 
349 1 3.678740 9.773810 25.291300 
68 2 2.813720 4.647440 24.198000 
1983 2 7.111340 11.074000 13.882500 
1712 2 12.349200 12.281200 13.135400 
60 2 6.295790 10.619300 20.269500 
1522 1 4.300660 5.820800 15.558800 
1125 1 2.977700 1.312750 20.875700 
1142 1 5.518570 5.310420 21.990700 
1577 1 3.121290 2.100330 16.404300 
812 2 6.208410 6.200880 21.860500 
1235 2 5.822260 11.142200 20.569000 
1606 1 4.372070 7.643700 24.282200 
201 1 7.584880 12.445500 16.726500 
996 2 7.354840 8.390080 20.142400 
341 1 9.565590 4.479470 13.711900 
629 1 10.293400 7.558460 23.117800 
755 2 7.016180 4.061190 16.889400 
785 1 2.158560 10.655900 17.669800 
1902 1 4.860240 5.890070 19.296500 
1384 2 2.812210 10.750000 17.722100 
1365 1 7.071500 11.038200 13.661900 
137 1 6.958910 4.251990 16.665400 
1916 2 12.603200 8.428580 16.497700 
62 1 11.900600 10.844100 18.539100 
457 1 9.479320 11.474600 15.778600 
1148 2 11.541500 5.735200 20.515400 
1304 2 0.338296 1.444570 20.917500 
1412 2 6.069680 12.942000 13.349400 
936 2 9.975180 7.866590 22.981200 
464 2 8.342440 0.717659 18.493700 
677 1 0.758392 7.550920 23.528200 
1348 2 0.280093 11.093100 24.700900 
722 1 8.723350 3.454750 14.208400 
1651 2 0.478584 1.717570 21.378000 
822 1 3.874190 8.561180 20.149100 
1900 2 1.207910 0.932211 18.048400 
1696 2 3.547320 10.557000 22.211000 
1105 1 2.412910 2.867280 14.511100 
70 1 13.448100 7.465570 16.887900 
1356 2 12.890600 9.583370 21.397300 
1100 2 2.511990 12.556500 23.867800 
263 2 0.657214 6.216590 14.085700 
530 1 5.556390 9.851230 25.658900 
1659 2 1.855310 12.307600 23.794100 
675 2 2.123220 3.056260 14.511800 
1868 2 10.178300 4.176140 14.935800 
1488 2 4.568240 9.911610 26.384900 
1551 2 11.450700 -0.078274 20.576200 
1490 1 10.053500 1.782320 25.798500 
632 2 8.450810 10.512000 25.967100 
964 2 10.158100 2.015090 26.054600 
858 1 9.870370 10.611600 25.815700 
114 1 10.961400 15.754900 5.462600 
989 1 5.473480 20.662000 9.236480 
1402 1 12.999900 25.206400 3.040140 
1951 2 8.147120 18.415800 2.462490 
1698 1 3.965460 19.224200 0.887652 
449 1 12.316200 19.865300 3.802620 
1191 2 1.562970 20.120400 3.308860 
267 2 11.770000 25.802000 11.986800 
1453 1 10.689700 20.654200 7.459080 
1936 2 13.074500 25.399900 3.318870 
377 1 5.669350 21.729000 3.303360 
847 2 10.414000 14.561700 12.885400 
944 2 10.467300 20.451600 7.812770 
524 2 12.459900 23.301600 1.058640 
415 2 3.049340 18.587800 0.982410 
1395 2 5.455620 19.631000 10.051900 
803 2 12.628100 21.267200 2.195510 
486 1 4.110380 25.124400 1.361500 
217 1 3.095410 17.099300 11.737800 
1615 2 5.740660 16.178200 1.918870 
260 2 2.904490 22.287000 1.453750 
1960 2 3.505160 14.229100 10.842300 
1247 2 3.961720 22.885700 5.216360 
934 1 8.435510 18.886000 1.808430 
146 1 9.745890 21.796200 4.052330 
1257 1 9.088460 26.171400 8.740150 
1443 2 6.071890 25.364200 1.535050 
1569 1 11.355000 25.637700 11.024600 
1740 2 3.104050 24.738600 9.544730 
41 1 5.572340 15.928900 2.343580 
998 1 8.769200 14.730300 9.880950 
1485 1 3.162270 23.058300 0.692445 
1199 2 8.776380 24.178300 10.424900 
875 2 5.252660 16.793900 7.830410 
211 2 2.916430 22.493600 10.980500 
1524 2 13.011300 19.132200 6.169610 
334 1 2.721900 16.959100 5.110260 
760 2 11.762600 21.159500 10.580700 
1020 2 8.413760 22.722900 1.236630 
1919 2 0.350749 14.805000 8.448190 
1405 1 6.232790 16.069900 1.010470 
1297 1 8.583550 20.729900 8.502000 
1558 1 6.911570 20.900700 5.539040 
1735 2 7.518570 15.460200 5.460070 
1210 1 0.184534 20.941500 12.563700 
663 2 12.376300 18.206700 1.278250 
1219 2 2.207940 14.075100 3.111770 
1424 2 5.362130 13.883000 8.946420 
1598 1 -0.019665 19.554600 11.831800 
1510 1 5.074760 17.945500 4.330140 
1193 1 8.071460 22.565800 3.176830 
1377 1 1.982970 26.171000 5.558270 
761 1 3.320800 22.256100 10.883200 
717 1 5.641790 18.943200 0.127553 
445 1 2.506830 18.550600 0.952973 
534 1 2.426780 17.068300 10.205600 
842 1 1.614990 17.111300 5.154980 
102 1 10.747300 25.345500 2.318670 
1745 1 6.404770 19.753600 9.866490 
462 1 3.638190 24.181700 2.258990 
59 2 0.574465 24.910900 10.211300 
229 1 13.401700 18.789700 1.369630 
265 1 11.409700 23.553200 8.482680 
772 2 0.407625 15.340100 8.008810 
3 2 12.567600 19.188000 5.444040 
1017 1 6.726700 24.847500 8.485430 
952 2 4.347560 17.620000 3.386510 
539 2 12.967800 24.844200 3.739000 
937 1 8.322770 17.392100 7.665350 
1260 2 3.470570 23.828200 6.668180 
658 1 8.989190 22.626900 5.599010 
1764 2 4.177480 13.651700 5.078030 
1332 2 7.989210 20.882600 8.836240 
1195 2 4.263340 13.874700 11.529200 
456 2 8.823200 23.907800 10.583400 
355 2 6.890620 20.913500 5.606960 
1927 2 0.974655 21.778000 9.053700 
1502 1 2.735630 26.078800 8.882920 
1406 1 5.740780 17.671200 8.131640 
64 2 10.331600 26.658000 6.089240 
1945 1 4.278460 21.108700 5.880390 
576 2 6.452100 21.995900 11.664600 
53 1 1.522380 26.296200 11.665500 
1756 2 5.698950 17.368800 7.602970 
1022 1 11.935200 16.915900 7.213770 
404 2 10.823200 16.478100 2.230580 
1303 2 5.400090 19.655400 0.905916 
613 1 0.323781 14.719500 4.707850 
1444 2 2.219080 14.373700 2.801530 
278 1 11.482300 23.297700 5.891860 
970 1 9.535090 18.567500 4.795880 
947 2 2.497670 17.065900 9.221350 
1026 1 7.559620 14.700200 5.613620 
705 1 0.335234 25.149700 9.913180 
1236 2 12.220500 19.850100 3.527320 
1135 2 13.419600 16.140800 12.312000 
1194 1 9.695650 14.408000 3.067840 
1801 1 2.037290 20.503900 3.029600 
1308 2 2.828410 16.868900 8.942900 
1326 1 6.831780 15.964000 5.543220 
14 1 10.411400 14.912600 12.304000 
1824 2 1.353410 26.535400 11.403300 
1925 1 3.827570 13.919000 5.211340 
277 1 1.884440 22.695100 10.867500 
520 2 8.497820 18.928100 2.600680 
1323 2 5.394220 21.129300 3.409830 
1160 2 10.065000 15.117500 12.680000 
1841 1 5.039000 24.090000 8.547730 
556 2 1.955580 17.192200 5.332560 
313 1 10.080500 25.129200 0.021106 
577 1 2.685950 15.406600 0.418533 
819 2 10.921200 20.763800 10.128500 
1758 1 6.835830 24.954500 2.874830 
1410 1 8.467820 17.785100 8.672730 
30 1 1.844270 21.734700 9.196950 
800 2 7.709260 23.381700 6.406770 
695 2 9.508690 14.600900 8.916780 
206 1 9.903320 14.166300 9.047930 
330 1 12.439200 24.763000 9.560710 
1274 1 11.183800 22.529600 4.361980 
1627 2 8.867960 21.194100 13.154300 
1034 1 2.070230 14.218200 2.601390 
1587 2 12.407600 16.314300 7.817680 
931 2 8.177090 22.658700 1.600540 
121 1 4.256310 20.567600 7.457250 
1400 2 8.385070 17.521300 8.202300 
1826 1 3.260210 23.679600 6.807550 
1605 1 6.301160 22.255400 11.243700 
1457 1 5.115160 16.508600 7.928990 
501 1 7.942540 23.723900 6.848110 
180 2 5.620550 25.887000 4.741130 
1176 2 5.816720 20.176200 9.409410 
155 2 8.377020 17.654700 8.181060 
696 2 11.194700 23.821400 8.794800 
87 2 0.096519 17.271000 3.045010 
1842 1 3.165660 13.978400 3.754810 
1342 1 5.327350 20.320600 3.171360 
23 2 9.310860 25.906900 5.749350 
1002 1 5.176450 24.568400 12.799300 
836 2 5.394860 20.862400 3.421540 
294 1 12.313700 16.464000 8.610870 
328 2 7.100120 15.384600 5.462180 
432 2 9.163680 18.617300 5.056170 
463 2 4.317870 20.793400 7.370860 
1536 2 9.965230 18.174300 11.169900 
1964 2 12.516500 16.246900 7.828580 
564 2 4.490880 20.885500 6.833320 
886 1 1.721480 19.161800 6.271100 
131 2 9.467390 21.606200 4.186470 
444 2 6.735080 16.381500 11.525800 
253 1 -0.073769 15.514200 8.916500 
1766 1 10.412400 19.396900 8.108790 
1872 2 10.033300 25.518200 2.345870 
1622 1 9.849750 16.406000 5.948170 
1829 1 6.208120 25.479800 4.992910 
580 2 10.013400 14.005600 2.504180 
1547 2 2.612880 17.604100 12.012400 
1248 2 2.774510 22.216300 11.528100 
1140 2 1.779740 25.721400 5.298990 
707 2 3.068710 23.229000 1.831570 
1341 1 12.876400 14.139200 9.677310 
844 2 0.183408 20.272300 12.047900 
890 1 11.741100 22.666400 0.321456 
318 1 4.695890 14.112600 12.179500 
1008 2 2.327640 20.063000 3.171130 
1047 2 6.638370 14.225000 10.285300 
1111 2 4.667290 26.210500 4.470410 
939 2 11.702000 24.232000 8.768350 
810 1 9.884070 17.759000 10.952700 
1467 2 8.279580 23.630800 6.698170 
795 2 1.841330 19.678800 6.323630 
945 1 8.598730 23.395200 10.605900 
870 1 8.095930 21.414100 12.620400 
1027 2 10.321700 14.977600 2.819590 
1172 2 8.437650 22.314800 3.926620 
1789 1 13.141500 24.735000 4.061490 
1273 1 1.454880 19.242100 8.039580 
662 1 8.447410 18.799200 3.402980 
35 2 0.150243 21.619700 0.725541 
43 2 2.957830 25.299400 9.301550 
381 1 0.877718 15.156500 7.445880 
207 2 10.802900 20.088300 7.541300 
665 1 2.479120 16.433400 8.519880 
1283 2 8.402680 20.763100 8.553600 
748 2 10.594100 15.965600 5.768560 
726 1 8.229940 18.730000 5.218360 
29 1 8.998910 24.301400 9.766060 
1293 1 3.392050 17.587600 0.366225 
571 2 6.720710 24.638700 3.727090 
749 1 10.944800 22.132800 11.118300 
1798 1 13.043200 15.266500 7.451550 
1808 2 1.133970 25.291500 0.364303 
470 1 10.449500 15.320800 1.792890 
331 2 3.596630 14.017800 4.841220 
827 2 11.325100 23.203700 13.123200 
1744 2 0.582164 22.423400 5.542550 
1561 1 3.831320 22.934700 5.246100 
142 1 6.879720 21.486400 7.686980 
239 2 5.947280 23.943200 8.555580 
736 2 3.186970 18.462100 0.648249 
483 2 10.603600 16.184200 5.849630 
1580 2 11.565500 21.616600 -0.184215 
63 2 4.974030 17.969400 4.019870 
1285 1 10.403200 19.190000 11.157200 
418 1 6.383480 13.902200 9.721850 
908 2 11.378700 22.645300 5.369350 
1699 2 10.060200 25.572300 2.247670 
816 2 6.037820 24.486000 9.031230 
1013 1 0.963697 19.608700 3.266290 
1691 2 9.057060 18.776100 5.049630 
169 1 6.615340 25.822400 1.138350 
1378 1 4.319060 17.638800 3.191700 
448 2 6.003770 16.088000 1.688690 
316 2 5.541910 19.529800 0.861734 
443 2 6.628630 17.149000 11.351700 
1197 1 5.615740 20.082400 0.993950 
734 1 11.208600 20.390300 9.924250 
741 1 0.074205 21.572300 9.064300 
1427 2 1.962790 16.738200 5.473880 
81 1 9.524270 25.455200 2.475770 
1943 2 6.192040 22.442600 11.046500 
1954 1 4.113870 19.561200 12.289600 
1708 2 8.798450 14.711200 9.818830 
746 1 8.650290 23.375600 1.458770 
367 2 5.226110 24.398100 13.023500 
1589 1 3.003980 24.647800 10.119000 
813 1 10.247100 26.420500 6.537230 
138 1 5.066940 14.228900 8.258430 
1078 1 0.757326 24.134800 3.651860 
793 1 3.232660 18.316100 12.515400 
66 1 12.454300 16.852600 12.682600 
907 2 11.432000 23.162700 5.532180 
1520 2 11.239300 25.806600 11.529900 
1139 2 1.922970 25.833200 5.693100 
1474 1 6.818170 17.204300 12.526100 
1476 2 2.949120 17.590100 11.894700 
925 1 11.226200 23.335300 12.830500 
1031 2 10.007300 18.140400 10.562900 
1441 1 13.025200 22.761000 1.899920 
406 1 11.588300 18.069400 1.356950 
1952 2 0.841575 19.746000 8.605610 
410 1 6.186590 24.230100 10.415900 
965 1 12.894600 19.344100 6.481270 
251 2 4.191350 19.899500 13.080000 
1390 1 5.344620 26.461500 4.034220 
630 1 0.728657 22.492000 5.669450 
1354 1 11.487800 25.746200 12.408800 
386 1 9.214820 25.948600 5.031860 
332 2 3.870700 24.922600 1.661280 
982 1 6.528310 16.866300 10.616700 
1182 1 2.763060 24.853500 5.069970 
123 2 1.692990 25.989300 0.675605 
1093 1 12.594000 18.972400 5.177480 
597 1 0.564611 21.589100 0.796334 
192 2 3.863360 19.723800 12.909200 
1011 2 0.447127 20.851100 12.172300 
1694 1 12.565800 13.644900 4.249570 
933 1 1.377930 15.820300 12.849200 
1635 2 0.641160 16.004600 12.950300 
1616 2 6.600300 25.863700 1.078480 
315 2 4.697570 13.454700 8.611530 
1838 1 3.826290 13.984200 10.455500 
1544 2 12.151600 13.955200 8.757810 
77 1 6.829730 15.038300 11.410000 
352 2 13.013600 16.758100 12.978300 
1386 1 11.799000 13.231000 8.854390 
787 2 9.700370 26.364500 9.771030 
1492 2 11.334300 23.235600 12.780000 
431 2 10.587800 22.152500 0.061036 
157 1 8.437300 24.957400 13.035800 
1981 1 1.794020 25.615900 0.296996 
757 1 5.640070 21.956200 15.527300 
1821 1 2.819330 15.156200 15.172800 
353 1 6.880390 25.714300 16.177700 
499 2 11.366100 19.454900 19.921200 
303 2 10.818400 21.170600 17.101700 
474 1 7.732350 14.482700 15.503900 
521 1 11.947800 20.691200 16.850700 
112 2 0.768850 16.813800 18.046600 
1924 2 9.096920 17.119500 19.462400 
1526 1 9.652200 22.217000 24.148500 
1454 1 1.325030 13.707700 18.628800 
791 2 5.172640 17.607400 25.173900 
508 2 9.935100 21.977000 24.249500 
79 2 1.586920 16.445200 22.774700 
309 1 3.994020 18.186900 15.008400 
382 1 5.728460 22.955800 14.648300 
1649 1 10.365600 25.582500 15.352600 
1999 2 9.377890 13.804000 17.750700 
1593 1 6.543280 16.832700 17.228400 
1957 1 3.334660 25.780400 24.150700 
1364 2 2.544030 20.798700 24.829100 
345 1 12.346100 26.141500 26.028500 
31 2 0.550386 16.521100 17.738600 
921 1 3.280170 24.292000 14.773900 
1543 2 1.259360 21.700700 21.569300 
1845 1 9.809270 16.296200 24.920000 
1129 1 3.813290 19.970700 13.315100 
1770 1 0.252103 16.926500 17.677000 
1088 2 10.997800 17.794900 15.705600 
1064 2 8.629670 18.964100 17.829800 
48 2 11.669600 22.033100 21.190100 
164 2 4.936690 24.064000 22.023200 
1433 1 3.278220 14.440800 17.527100 
987 2 12.970900 18.987800 13.442100 
878 1 10.228100 13.552500 23.795500 
515 2 10.244900 23.959000 19.031700 
1732 2 0.476671 16.486300 13.125800 
1795 2 8.217230 23.661900 24.296000 
678 1 9.311790 25.902200 23.765000 
735 2 2.513920 15.452200 26.066700 
1918 1 5.052970 23.669300 24.576700 
821 1 1.927740 16.838800 22.636600 
642 1 7.493240 22.904600 17.755100 
436 2 9.844100 25.114000 25.580500 
661 1 2.932810 20.545600 23.767100 
1533 1 1.964560 21.892600 20.621300 
1265 1 12.873600 14.056800 19.673700 
11 2 8.366210 22.385900 21.177600 
601 1 0.500643 21.447800 21.421200 
546 1 0.940685 20.427800 23.973700 
392 2 3.090450 15.249800 26.669100 
1334 1 1.826750 15.566600 22.104400 
1887 2 2.630750 20.388000 24.604500 
335 2 9.549610 24.996600 26.049800 
516 2 10.998300 23.555200 19.189000 
1089 1 2.933290 18.978700 19.146400 
374 1 0.099811 14.400000 19.263100 
1692 2 6.203870 16.782400 17.065200 
540 2 9.790950 18.141300 23.099600 
1955 2 10.248200 17.839900 15.630900 
1052 2 7.981400 19.849900 25.760900 
930 1 7.415680 23.614600 23.209400 
1969 1 12.239100 19.171200 13.569700 
616 2 13.355300 26.311700 26.110200 
346 1 8.319110 24.676200 14.717100 
1549 1 10.072200 21.337400 17.257800 
768 2 1.148870 21.843300 21.693600 
1416 2 9.851640 25.649400 23.611700 
472 2 3.569950 14.514900 17.508200 
295 2 5.508850 21.387400 14.712500 
490 1 11.661300 26.529300 19.763000 
968 2 11.301900 20.745200 16.519100 
1401 1 9.200610 16.534300 18.875300 
20 2 3.312890 20.625600 17.512500 
507 2 11.295000 22.265500 21.680400 
221 1 4.660180 16.450800 23.413900 
143 2 0.933231 13.821000 18.811500 
558 1 8.071070 15.473900 22.440900 
1875 2 8.365470 19.218200 25.307500 
671 2 2.700370 16.900400 20.747300 
191 2 9.811950 17.668300 23.005800 
1451 2 8.703460 19.801000 21.179600 
117 1 9.579370 18.258300 19.726000 
1718 1 9.318970 17.756100 22.791400 
1531 2 0.644889 17.569400 25.721300 
208 2 0.323093 14.052900 16.095600 
182 1 5.945360 19.213300 17.251900 
365 1 4.030040 16.969500 21.189600 
125 1 0.782307 24.693400 23.764800 
1117 1 4.547520 21.462200 20.850800 
817 1 11.663500 23.443200 19.349400 
358 1 9.501460 13.694000 16.981500 
482 1 11.629900 13.886800 15.962400 
1636 2 4.564860 17.125300 20.342600 
514 1 10.878400 18.057200 16.633200 
686 1 3.622940 21.368300 18.597200 
159 2 2.362780 23.303800 15.116300 
588 2 8.068620 15.240300 15.178600 
383 2 7.033050 18.074400 13.156800 
1106 1 7.195850 14.164400 26.207900 
401 1 6.221190 13.882300 21.767600 
1107 2 3.519240 20.763200 17.532300 
651 2 3.214090 14.426100 16.610900 
1962 1 9.694450 16.423200 26.512800 
1450 1 7.627120 16.235100 20.416400 
1895 2 13.298300 16.662700 18.908500 
213 1 5.974590 16.676200 20.036500 
997 1 12.739300 22.181300 14.905400 
1418 1 0.501905 23.822400 14.218400 
407 2 7.778980 22.448800 18.450400 
1489 1 4.547020 23.067400 21.489500 
1859 2 5.684690 19.202600 17.213300 
1994 1 5.624420 19.961900 22.783600 
1220 2 3.157080 25.645500 20.343700 
790 1 6.962300 16.209700 22.569000 
397 1 0.741765 23.230000 17.649600 
1221 1 5.470380 24.524200 18.631100 
1646 1 2.672770 18.596000 15.398100 
1425 1 9.575780 14.649000 13.398400 
1411 2 5.794080 15.920200 17.068900 
1907 2 13.174400 13.627600 19.455400 
1575 2 8.620260 24.791400 14.149900 
518 1 12.102100 17.049900 22.102600 
1091 2 0.378675 24.952700 23.408100 
468 2 3.151740 15.747700 14.730500 
926 1 2.593040 25.518200 20.380500 
371 2 9.996720 16.443300 26.198400 
1379 2 12.253000 19.095800 24.807500 
1491 2 6.073030 23.503600 15.470800 
1276 2 9.734900 16.014800 25.445500 
1939 2 7.903120 14.666300 15.087300 
860 2 4.633040 17.133000 24.096000 
706 1 5.195240 20.139200 17.169000 
1478 1 8.013120 23.082300 18.938300 
322 1 3.145230 20.248600 17.240300 
1484 2 7.641380 20.598200 20.831100 
1369 1 6.741430 13.380000 17.722400 
185 1 3.976500 25.908400 20.489900 
233 1 5.965250 19.797300 23.992000 
1387 2 6.053340 16.396300 20.051700 
240 2 1.818670 19.424200 19.134600 
954 1 13.220000 16.210800 25.442100 
1253 1 5.985040 22.735900 25.520700 
728 2 0.282918 25.041600 23.197800 
304 2 5.354050 22.384400 14.967700 
1793 1 6.358010 24.775200 21.662400 
1784 2 5.787780 19.901700 17.190700 
1103 2 6.442510 25.305900 21.474200 
1074 1 1.466700 21.721600 22.042000 
1714 1 5.163730 20.739200 14.290000 
668 2 8.142040 23.332100 22.446100 
1040 2 12.218400 19.364100 24.728500 
450 1 10.062300 23.939700 19.421500 
1108 2 6.810410 26.135800 16.303800 
1820 2 12.122500 14.426900 16.003100 
1058 1 4.748700 25.100300 17.953700 
1267 2 6.416350 14.492500 25.686600 
150 1 4.190720 13.775900 19.016600 
1287 2 4.187880 13.411700 19.817500 
701 1 2.606920 23.172000 15.584300 
806 1 11.659100 21.355500 26.545700 
1394 1 0.514723 13.704600 15.409600 
1331 2 7.962200 13.501300 20.376700 
197 1 1.042100 15.384700 17.143700 
186 1 11.010200 25.760700 23.072700 
1738 1 5.199800 16.112000 16.904900 
1429 1 12.530800 19.831800 24.941200 
1656 2 8.021740 23.343600 17.826000 
1891 2 3.295100 25.544500 23.858400 
1633 1 5.366530 17.256000 25.048700 
241 1 13.038400 16.214500 21.915700 
430 1 8.702500 24.405400 25.917900 
1906 1 7.660480 18.176600 13.445100 
1113 1 8.761720 23.066500 22.115300 
292 2 0.300516 13.774700 19.454200 
977 1 1.334210 16.807800 19.236600 
769 1 11.321500 14.886700 19.803700 
1452 2 11.277100 19.573400 20.071400 
80 2 1.908510 16.094500 22.655200 
333 1 11.259500 19.822500 20.790900 
147 2 9.025650 16.963600 19.420300 
1032 2 10.831500 24.833600 16.550700 
1697 1 8.989950 17.960200 15.010500 
1644 2 4.975560 24.756800 18.192700 
596 2 3.869600 21.606700 20.160600 
2000 2 9.452220 13.817600 17.495500 
296 2 8.106280 18.409400 14.058500 
236 2 3.439830 18.672300 15.456700 
100 2 7.698770 16.132800 22.286500 
1214 1 0.789066 17.535800 25.968900 
8 2 11.162700 26.005300 20.284200 
1030 1 8.481930 19.551400 25.680300 
1508 2 5.715400 19.967400 23.579300 
118 1 8.175920 19.655800 19.966800 
1609 1 1.950460 24.260500 17.950700 
685 1 9.701890 24.032900 24.664200 
778 1 11.390400 19.681300 19.557800 
1082 1 7.564500 15.483100 14.720600 
320 2 8.823890 25.338400 14.271800 
679 2 0.261031 13.851200 15.361900 
1158 1 11.632000 22.173200 21.166400 
487 2 4.862570 24.908900 18.491800 
529 1 0.792424 17.286800 24.399100 
1680 2 5.195280 22.905300 25.055800 
949 1 9.332700 21.246400 13.584200 
72 2 0.842963 23.306000 17.909100 
723 2 5.632400 19.936400 22.870400 
175 2 12.019700 14.850300 16.303000 
779 2 3.024430 18.030400 15.145100 
439 2 4.412830 16.550200 22.872900 
1479 2 13.083700 15.811800 24.835400 
1619 2 13.185000 16.154300 22.083700 
922 1 10.236600 18.446200 23.450200 
555 2 1.465370 24.031900 17.825600 
901 1 12.940800 21.696900 23.836000 
129 1 10.446400 24.245900 16.577900 
941 1 2.714050 15.297600 25.488500 
567 2 7.606960 15.772700 22.393600 
589 1 10.928400 17.718300 14.837000 
946 1 8.579470 20.260800 22.100200 
1327 2 4.218590 22.122900 20.845200 
694 1 7.398590 21.033000 20.964600 
906 1 2.619820 20.113000 25.406100 
1980 2 12.463900 16.820600 22.032400 
1192 2 3.337890 24.699000 15.196100 
1305 1 9.549480 13.920900 18.386700 
1947 2 2.727360 26.793900 15.291400 
1657 1 13.452500 14.502000 24.769900 
1956 2 7.166870 26.264200 23.620100 
1053 1 6.223280 14.329100 25.248200 
811 2 5.316900 23.365300 25.305600 
991 2 10.805200 25.069900 16.336900 
732 2 11.534500 14.611500 19.719900 
1114 1 11.933300 15.162000 16.172800 
1110 1 11.187100 25.448600 16.899000 
894 1 12.391400 18.635800 24.720600 
216 2 6.942820 14.072400 25.782100 
762 1 1.406930 18.897500 18.484700 
511 2 10.300400 25.830200 23.405100 
916 2 0.258816 14.326700 26.077600 
1683 2 2.898620 26.098500 20.580000 
544 2 12.830900 15.000200 25.032200 
455 2 2.275070 18.758200 18.908400 
1596 2 0.876998 17.798500 25.114900 
689 1 7.264620 25.919300 23.557200 
832 2 5.669450 13.253500 22.332200 
1445 1 2.872370 26.659300 23.230700 
683 2 13.020100 25.691500 25.962700 
398 1 10.512500 26.106000 21.025100 
391 2 6.894300 26.137900 24.246500 
364 2 9.250760 21.136900 13.418600 
1426 1 9.303670 22.055800 26.369000 
202 1 0.336079 14.086700 26.162800 
57 1 11.652300 21.692700 13.537900 
1119 2 18.932000 10.893200 8.560710 
1095 2 21.322600 2.354770 11.163300 
1940 2 20.698900 12.616600 8.436460 
1687 2 24.999100 10.726200 5.946420 
336 2 15.433600 5.723120 3.924070 
656 2 20.924000 6.664590 6.719210 
857 1 24.098600 2.070290 10.313300 
489 1 21.555300 10.207000 0.324489 
1630 1 25.528800 2.838570 1.800350 
788 2 21.669400 2.647460 11.306600 
269 1 16.638100 5.474680 11.077200 
467 2 17.529000 2.177590 4.267180 
1949 1 21.582500 7.021910 1.359330 
1503 2 25.827000 11.520400 8.940890 
898 1 24.721400 3.457590 4.849540 
218 1 17.044000 5.423610 6.729060 
699 2 22.515200 6.877350 1.828080 
915 2 16.791200 1.540080 9.929500 
408 2 18.332900 11.818200 11.226000 
284 2 18.520200 7.676680 10.228600 
1901 1 15.334500 5.769530 4.002060 
771 2 18.239500 11.328000 1.328000 
1407 2 23.483600 4.566770 2.831300 
1466 1 23.493200 4.464280 4.672940 
1059 2 25.838500 2.313970 2.140090 
1778 1 19.419200 11.496200 8.266280 
1581 1 13.378600 3.003440 10.274100 
1227 2 17.535100 5.517560 7.794690 
1181 1 15.289300 9.937210 2.815010 
552 2 21.349300 12.947500 12.031300 
1759 2 22.519600 12.253300 5.429460 
1950 1 23.585700 8.742180 11.733900 
28 2 19.390900 3.018130 8.586310 
563 2 17.493400 7.715930 0.187953 
442 1 25.123500 11.861900 12.322100 
846 1 22.478800 6.616580 9.380870 
1201 1 20.829200 7.230860 6.556310 
128 2 25.571100 11.183200 8.559960 
351 2 16.330100 5.887860 11.873700 
1995 2 19.234800 12.171200 4.565720 
1310 1 18.926300 8.645940 7.142370 
624 2 24.499300 3.860540 8.061470 
465 1 19.080600 1.420330 12.822300 
1361 1 20.941800 11.931800 4.464980 
1462 1 18.458700 2.846990 2.638800 
1628 2 25.646200 1.864880 2.063220 
854 1 21.062900 8.479500 4.096120 
1472 2 20.005200 0.851080 1.327670 
919 2 14.562600 9.522720 7.195070 
1529 1 25.723800 1.405070 2.532800 
1352 2 19.769300 5.086220 10.635800 
1437 1 15.785700 7.796750 5.703160 
18 1 26.184400 10.104800 10.554300 
1545 1 20.019000 8.485680 12.822600 
429 1 16.247200 8.178040 11.777300 
73 1 25.520700 11.104600 8.692350 
1937 1 20.817300 6.572630 10.985200 
773 1 23.180200 2.433960 8.681650 
477 1 13.241100 9.476720 9.513210 
172 2 25.350300 6.847990 7.520040 
830 1 13.950900 3.305310 12.511900 
1721 1 16.422000 9.896420 10.274400 
1347 2 22.104900 5.690620 12.278500 
56 2 14.376200 8.124240 0.991893 
1555 2 19.196500 3.103670 7.903200 
1817 1 14.922500 -0.047482 12.197700 
427 2 26.086400 1.376340 5.908430 
1702 1 18.491200 6.456100 2.465920 
13 1 21.741900 9.672560 4.932180 
1325 1 16.548900 7.897370 0.475154 
1372 2 15.104400 10.365700 3.162990 
1653 1 23.735100 9.535150 1.997650 
471 2 25.444900 3.294050 12.804500 
1934 1 19.899300 5.187490 10.425700 
1446 1 13.724700 4.778940 3.021740 
1423 2 14.517700 13.108700 1.665560 
688 2 17.586300 11.361700 0.788350 
1346 1 25.080600 0.200585 11.156800 
1865 1 25.887200 6.481290 8.328660 
1145 1 17.469200 11.467400 11.070800 
65 1 21.570900 2.918690 11.489200 
1380 2 22.256200 7.290420 1.044440 
786 1 23.625200 11.506800 8.629630 
350 1 21.706000 5.736200 6.702470 
1228 2 23.537900 9.570130 11.854700 
1563 2 19.520400 5.321940 10.871100 
116 2 22.936500 6.771970 9.805670 
250 1 16.823200 0.523166 9.411630 
1671 2 16.131500 10.256600 9.897690 
950 1 18.595300 11.222300 1.405670 
1541 1 23.008300 7.051840 0.750424 
97 1 18.926300 0.090774 7.767850 
1120 2 18.553700 10.986200 8.403020 
393 1 21.828300 2.722080 5.086060 
1779 2 16.467600 8.587060 5.320980 
527 2 14.378700 8.127080 0.429114 
1296 2 25.640500 3.282020 12.183000 
1905 1 24.543700 10.262400 6.168400 
184 2 18.734100 5.991280 3.535900 
1986 1 18.874900 11.613800 11.642400 
892 2 15.214900 1.695800 1.193160 
314 1 15.327900 3.488900 7.146910 
51 2 21.477700 6.536060 6.205000 
1217 1 18.975800 5.205780 11.371700 
510 1 18.400500 10.886700 8.692660 
1730 1 21.462000 4.598680 0.032718 
1850 1 18.898300 11.595900 4.253640 
1823 2 14.013900 2.868080 9.879380 
1693 1 17.831600 5.364090 8.570160 
837 1 21.699700 13.372000 0.983170 
1818 1 20.069700 1.406080 1.081110 
775 2 18.601800 11.468700 11.653200 
412 2 24.499300 10.336800 5.963470 
914 1 15.456500 0.821397 1.376120 
1517 1 15.704300 11.647300 7.209780 
1324 2 16.022500 8.954510 11.430000 
570 1 22.919200 1.059130 7.893660 
1896 2 22.382600 4.921950 3.094330 
802 1 17.673700 1.856030 9.941750 
257 1 18.294400 3.324480 1.309090 
1912 2 20.382300 8.243960 13.024200 
1132 2 14.567300 6.949450 9.380400 
82 1 15.074400 11.159800 3.715300 
798 1 16.942600 2.223650 4.404210 
338 1 21.176700 11.512500 12.231600 
459 2 18.454100 8.160600 10.205000 
1460 2 23.464800 0.082248 1.992510 
522 1 26.227200 12.475500 9.059810 
67 2 21.253000 9.777360 0.357274 
1188 2 21.420900 2.110890 5.361890 
1438 1 25.106200 11.247500 5.804690 
1911 2 25.449600 7.303050 7.546910 
1871 2 22.703300 10.898500 8.209870 
1198 1 18.744100 3.153990 7.563880 
390 1 19.089800 8.639460 10.764800 
876 2 22.312300 10.643500 8.619130 
1599 2 23.536900 9.413270 11.861000 
1055 2 16.084400 12.852800 6.494670 
17 1 21.132700 8.203650 13.263000 
74 1 25.154600 7.151400 4.362740 
1456 2 16.667900 5.353560 11.988500 
1753 1 14.131300 3.412960 6.271680 
752 2 26.175100 7.061280 4.300070 
1512 2 15.992200 8.343320 5.305600 
1065 1 21.002100 1.721170 11.192800 
1393 1 17.932500 7.686930 9.531480 
55 2 24.116700 10.506800 2.263130 
960 2 21.048500 10.162500 0.840415 
1320 2 14.669800 3.140420 9.769450 
1300 2 22.048500 12.710200 5.210670 
1021 1 23.423100 0.560041 2.673000 
200 2 15.041800 0.292477 12.829300 
972 2 17.697200 5.041330 7.433520 
1634 1 24.091700 13.284500 11.290400 
545 1 14.349000 9.415820 7.033140 
1435 2 18.968100 9.047580 6.633850 
1513 1 16.382300 6.402020 12.597400 
562 1 18.155700 3.170760 5.551270 
1942 1 24.012600 12.030200 0.037528 
411 2 23.476600 0.080845 1.918110 
633 1 15.336200 11.724500 12.448100 
610 1 14.031800 8.358850 0.336330 
789 1 24.933800 2.204870 5.831240 
1827 2 14.805300 3.543180 6.997610 
1963 2 23.187200 1.968010 8.430630 
291 2 25.080700 4.412910 8.513880 
1809 1 15.098600 3.036170 9.811180 
1855 2 18.691600 6.199670 3.081230 
676 2 19.046600 1.450810 13.337500 
1159 2 23.392700 6.932650 9.304610 
223 2 26.097100 9.898260 11.112500 
1239 2 24.401500 3.561040 5.083270 
258 1 17.501500 11.390000 0.437765 
106 1 25.508000 7.231360 6.154510 
1888 2 15.298200 10.115800 7.753430 
680 2 24.094800 10.429000 1.985820 
1455 2 20.430100 8.071930 12.790200 
37 1 23.649100 4.179650 2.449270 
573 1 22.098000 5.820660 12.275100 
1711 2 15.456000 8.865290 12.873900 
1277 1 24.088000 10.925000 2.193150 
758 1 24.877500 7.159320 7.529290 
1333 1 19.382200 2.967170 9.110130 
999 2 25.042200 0.141743 11.418300 
874 1 26.620400 6.746750 3.652350 
1553 1 22.113600 12.713200 5.881090 
1966 1 19.495200 9.470460 5.353110 
1760 2 15.463000 11.906200 12.727200 
165 1 19.811400 2.113070 3.185330 
1815 2 15.052300 1.991670 1.150560 
1674 1 17.187000 13.432900 4.965240 
526 1 25.976000 4.144420 7.981960 
311 2 25.060100 7.209330 4.534550 
1127 2 18.922400 2.913020 2.102200 
951 2 14.876400 10.491200 3.758370 
373 1 14.978700 7.193620 1.033800 
770 1 21.774700 1.463950 5.444230 
1066 1 17.167500 8.406240 5.674010 
12 2 17.232300 2.190550 5.401270 
1665 1 20.923600 12.823400 7.814020 
388 2 21.350300 9.107770 4.241650 
272 2 22.203500 6.158880 12.673600 
807 2 22.068800 1.939840 5.439690 
149 1 22.249700 10.686300 8.279460 
1540 2 17.527700 1.690880 9.886920 
190 1 14.343300 8.681440 11.353900 
1250 1 18.837200 6.181370 3.881890 
872 2 24.483500 1.510610 10.425500 
536 2 13.859700 2.854330 6.058470 
591 2 21.182600 9.408730 4.753870 
84 2 22.987900 1.347620 8.145110 
92 2 19.108100 3.182650 2.977770 
1196 2 19.057500 12.134600 3.525100 
259 2 19.944900 0.907736 1.025790 
1024 2 19.144600 8.552510 5.928250 
1567 2 15.444800 4.949340 4.069680 
273 1 19.142000 0.316434 5.144570 
1780 2 26.301400 1.584370 5.562780 
674 1 20.601300 9.685800 0.908914 
69 1 24.252000 4.076730 8.566810 
666 1 22.482900 5.532290 2.688820 
1480 2 24.290200 3.716720 4.370930 
237 1 15.906400 9.459540 4.986800 
569 1 23.602000 10.367400 11.977100 
1169 1 24.759400 7.293230 10.459600 
1211 2 18.670400 1.015660 12.968800 
541 1 13.488900 0.522212 6.428470 
808 2 15.316900 13.281900 7.332010 
783 2 24.790700 11.948200 13.116700 
1409 1 16.563200 0.499385 3.956180 
1926 1 25.582200 3.224890 12.708000 
1677 1 14.804400 2.347080 1.139640 
323 2 13.616800 3.859090 13.113000 
618 1 14.391600 13.024500 1.652280 
98 1 23.740000 1.761740 13.075500 
1092 2 16.590200 1.504310 23.338500 
1448 2 23.802000 1.446870 25.484500 
1399 2 16.483500 2.360030 19.462800 
1494 1 16.783100 7.919600 20.100700 
1879 2 23.060600 3.274800 22.006300 
963 2 17.226600 11.852800 24.742100 
1290 1 15.017900 8.810480 18.413400 
1154 1 18.280000 5.653890 17.053500 
1322 1 24.372500 3.684460 16.360200 
1601 1 15.277100 6.779940 19.001600 
643 2 24.190200 11.922300 26.327300 
193 1 13.593500 12.644600 22.648700 
1073 1 24.551500 10.629600 25.255700 
1178 1 19.600600 8.283200 23.575500 
104 2 18.520800 12.419100 20.782700 
608 2 17.051500 9.384770 18.307200 
1710 1 19.234800 6.145290 15.083500 
1038 1 21.842500 5.360810 19.477500 
1931 2 20.362700 8.425740 20.339400 
856 2 15.561600 1.776750 16.684500 
1515 2 18.724900 9.111880 18.087100 
599 2 24.455000 2.866970 25.692200 
231 2 22.216800 9.337280 23.219800 
133 1 22.851900 0.506970 13.813400 
177 1 22.874800 13.646400 19.709700 
1717 1 21.350500 12.468700 15.279300 
204 2 17.152400 6.905320 20.625400 
1572 2 20.031500 1.625280 16.616600 
1246 1 19.428400 2.293330 16.972000 
626 1 20.161900 11.859900 24.954100 
1130 1 15.155800 11.514900 18.326100 
1318 1 13.677100 2.119590 24.464900 
1878 1 24.135600 11.418800 16.433100 
264 2 23.763600 7.575770 16.685800 
39 2 21.930200 11.732100 21.407100 
1397 1 22.110600 8.853280 17.364400 
805 1 23.441400 2.713330 22.985900 
1908 2 25.268700 12.068200 13.640100 
1984 2 15.816200 7.846620 15.155600 
841 1 26.429800 9.512250 14.699500 
774 1 16.957000 1.559180 23.311500 
1068 2 21.729700 12.198500 14.858800 
1461 1 19.398900 4.744170 25.583700 
228 2 16.763800 2.414170 19.668200 
1204 2 14.906500 7.279840 18.839700 
1224 2 23.562500 5.542710 25.676500 
1996 2 22.894900 1.196220 13.808900 
22 1 14.306500 11.121500 24.228400 
900 2 17.300200 11.916000 14.820300 
751 2 15.914700 11.920500 18.718300 
1637 1 15.533400 6.985460 14.871500 
434 1 24.769300 7.244380 13.430400 
1366 1 22.741900 6.426150 22.694300 
1336 2 22.210900 4.221750 15.514700 
275 2 19.441000 5.749710 14.462200 
1301 1 24.929100 5.610510 18.304200 
1623 2 14.963800 8.391030 18.332700 
1685 1 24.556100 12.157300 17.990200 
1777 1 24.023800 0.707172 25.418400 
693 1 24.525800 1.044000 21.088500 
167 2 22.263500 4.597190 15.705600 
1470 1 17.518600 11.814500 23.986200 
910 1 15.815400 5.168130 22.269400 
1783 2 23.030400 2.117720 18.946000 
52 2 14.052500 12.737800 22.108100 
1431 2 17.284100 3.502490 15.236400 
943 2 20.182700 11.625900 24.876300 
376 2 24.563900 9.272240 20.240000 
690 1 18.234700 8.163040 15.057900 
1534 1 23.495400 3.500340 21.579500 
141 1 15.182700 0.164438 21.175800 
288 2 19.051500 5.724550 14.067700 
1668 2 22.755800 9.469470 15.349000 
1097 1 22.166900 5.346800 21.043800 
1761 1 14.803000 10.481400 21.251900 
105 1 17.321800 4.459090 22.140500 
673 1 19.678900 12.380400 20.361600 
647 2 14.977400 6.963610 15.719500 
480 2 16.329800 4.418000 22.034900 
1483 2 19.762200 3.264290 19.704100 
476 2 25.874600 4.280790 23.199100 
1319 2 13.778700 11.814200 23.722300 
1582 1 24.657400 0.921413 24.217400 
1648 2 24.214200 11.353900 16.632400 
839 2 21.691800 8.488440 17.277100 
317 1 18.877900 8.867170 18.949600 
212 2 19.738300 5.992250 22.164600 
1974 1 14.485500 11.981000 26.250200 
152 2 24.917200 6.387370 18.886900 
1961 1 14.687900 10.435300 14.440600 
1163 2 22.390600 8.653810 14.833500 
1279 2 19.563800 1.822780 23.142700 
1849 1 20.042400 5.720120 23.801900 
1703 2 26.029100 4.107640 23.343700 
1330 1 20.287300 12.442700 23.290900 
1337 1 22.741400 2.618980 14.957400 
1658 1 17.302100 2.019440 19.463500 
1578 1 20.625100 3.056740 26.460300 
1909 1 15.424800 1.608200 16.903300 
1796 2 23.769800 11.672700 25.439000 
1243 2 19.239700 8.834000 24.416200 
1660 2 24.275300 0.815739 21.715500 
1046 1 23.369100 11.772100 21.467400 
1814 1 24.947300 6.318600 19.567200 
897 1 13.621700 12.281100 13.634600 
1370 1 22.540300 10.148600 23.088600 
714 1 19.608400 9.253570 24.914300 
641 1 18.411100 1.958180 13.992400 
107 2 21.910900 5.321260 19.883600 
1414 1 25.180600 12.680100 21.847400 
992 2 20.855100 2.985430 26.290400 
1295 2 15.828900 8.625890 23.335400 
1755 2 19.700000 5.587270 23.450800 
592 2 24.650300 3.166890 16.531400 
188 2 21.815800 11.411000 21.065600 
1765 1 20.769000 1.987880 16.119300 
282 1 20.590400 12.165600 17.839300 
176 2 19.676900 8.682370 20.565800 
1727 2 15.503400 5.526700 24.560200 
1328 2 18.651700 8.152900 15.519000 
1846 1 18.084900 6.506490 19.014500 
469 1 15.664700 7.905500 23.330500 
932 2 13.522800 1.812000 21.908500 
1367 2 15.854700 10.607800 21.483500 
1852 2 22.703300 9.655710 23.030500 
1731 2 15.353600 0.969570 17.248900 
899 2 15.717700 11.835400 15.699800 
623 2 25.166400 12.541400 22.263800 
834 1 25.809700 4.991880 22.916700 
242 1 26.311500 7.664700 17.489300 
1851 2 24.612900 8.988550 20.393900 
1632 2 25.250300 3.886360 20.091500 
1475 2 23.242500 1.388660 13.896000 
777 1 16.023900 3.109800 19.932700 
553 1 13.967900 11.576000 15.865900 
417 1 24.020500 9.841450 16.333200 
1639 2 23.855300 6.318270 25.116000 
1774 1 24.129200 6.874100 15.288500 
1137 1 15.649100 11.908200 21.162200 
1302 1 22.675100 9.891670 14.708200 
1010 1 17.395800 3.945750 14.951900 
302 1 20.673600 8.417640 20.354800 
256 2 19.872000 1.962810 22.601000 
1663 2 24.475000 3.485540 16.884300 
95 2 20.610300 2.249770 16.544800 
634 1 22.967800 4.999790 25.011200 
40 2 24.566700 12.397000 19.096900 
1948 2 15.515800 11.830500 18.252300 
505 1 19.558600 11.298500 16.973100 
1185 1 25.632200 11.998200 23.002100 
1707 2 20.938500 12.252400 14.900200 
1528 2 15.793700 10.671300 21.151100 
691 2 23.011300 6.850480 22.299500 
47 2 15.647200 0.190907 13.254000 
1621 1 23.874700 2.504520 25.762100 
1516 2 19.939800 3.292290 19.716600 
1804 2 25.311900 12.518900 22.333100 
225 1 26.525500 9.284450 20.987400 
268 2 13.250800 3.965950 19.694100 
403 2 16.109700 1.606990 23.705700 
593 1 22.674800 3.268680 18.013200 
1799 2 13.313000 3.057140 24.499200 
203 2 16.936400 7.076560 20.509700 
753 1 14.955400 7.491940 16.457600 
1571 2 18.443800 5.788930 17.726400 
1436 2 14.539200 10.855700 24.775800 
1973 1 24.717100 6.144390 25.174200 
438 1 22.869600 1.746850 19.043600 
1854 1 25.050700 9.320810 19.868600 
881 1 22.500700 8.282740 15.119600 
1676 2 20.169300 11.484400 17.478900 
375 2 24.498200 0.793642 24.519600 
1398 1 26.248000 3.977940 23.288100 
1085 1 21.623700 11.364700 20.916100 
5 1 15.332600 3.151240 22.200900 
814 1 16.281300 12.398100 18.420400 
1005 1 19.109900 8.927280 16.478500 
1965 1 20.383600 1.393950 22.301900 
1552 2 17.384900 7.854300 26.639000 
42 1 17.503000 2.881270 24.827700 
484 2 23.444700 6.533060 22.409800 
1688 2 17.078600 3.605780 15.942500 
1724 2 14.040500 11.542800 15.429200 
853 1 14.925000 0.415821 17.454600 
1086 1 17.297600 6.669560 20.979300 
362 1 17.068800 11.825100 14.524400 
1417 1 19.388400 6.030120 13.689300 
981 1 26.512100 3.485260 17.337400 
1719 2 25.058000 6.074960 19.198100 
1048 2 22.961800 2.939010 18.260100 
1586 1 25.424400 5.110410 13.711900 
1029 1 18.189100 11.875500 20.793800 
380 2 18.192600 6.145740 18.189100 
1351 2 20.336500 11.867600 17.586700 
1570 1 24.204500 8.665560 20.480700 
1602 1 19.167100 2.165220 23.211300 
823 2 24.401200 7.142810 13.411300 
754 1 19.767300 3.723480 19.381100 
321 1 24.106600 12.989800 25.553200 
525 1 14.751400 9.031950 23.059000 
902 1 17.073000 10.056600 18.641300 
1675 2 19.012500 11.568200 20.611000 
78 1 15.996600 12.057700 16.022500 
1689 1 23.362100 7.263490 21.948900 
983 2 13.831000 10.567800 15.569500 
1557 1 20.049100 5.832840 21.705100 
1518 1 15.825400 5.868140 24.818400 
1458 1 19.824900 9.616070 21.080800 
986 1 26.491300 9.640410 24.415300 
1790 1 13.528900 1.941130 21.849300 
174 1 20.393000 2.578000 20.482700 
869 1 26.126100 1.233990 15.584200 
848 2 23.169900 3.065370 22.467200 
479 2 16.953100 4.298450 21.949500 
496 2 19.770500 5.465370 25.945700 
1174 1 21.624600 4.174820 16.173400 
400 2 20.229000 12.078100 23.953900 
1938 1 25.512900 3.467410 20.125300 
422 1 22.144800 8.829050 23.302600 
824 2 25.979300 5.579870 14.023700 
1136 2 15.447100 8.355520 23.046800 
1464 2 19.512700 8.772220 24.038700 
300 2 22.228000 5.270050 20.375000 
1867 2 18.197300 8.246900 15.200300 
1144 2 21.865900 7.359560 18.506900 
205 1 16.620000 9.765570 22.552800 
460 2 17.374900 3.423060 25.775900 
1123 2 24.140900 10.936000 16.404000 
621 1 22.583500 4.627830 15.287000 
645 1 22.128300 7.343070 18.319500 
254 1 24.908800 12.217600 13.719900 
1988 2 15.366000 5.636440 24.394800 
979 2 26.028800 10.261500 24.794000 
653 1 18.349600 7.605150 25.946500 
985 1 14.929000 5.337740 24.484700 
220 2 26.085200 0.237921 15.170100 
966 1 16.893200 3.269900 16.528900 
1629 1 13.372300 4.047060 19.449000 
1499 2 17.607100 3.836250 26.193500 
1469 1 25.270600 9.386500 26.451400 
419 2 24.980800 13.137100 19.408500 
692 2 25.204500 9.536050 26.131600 
1595 2 25.924300 0.710837 15.580900 
820 2 13.521200 4.654580 17.272700 
1519 2 13.511100 3.163860 21.275000 
495 2 21.158500 4.695540 26.196500 
1662 1 15.643100 4.523700 13.460800 
664 2 13.662000 3.903300 13.256000 
1921 1 16.605000 3.383180 26.364700 
1568 2 15.728200 26.530500 3.793160 
1003 2 13.786200 21.449200 11.459600 
453 1 21.592000 18.226900 9.365070 
1355 2 14.883500 26.706900 3.716930 
1329 1 13.776400 15.738100 12.651000 
492 2 19.264100 22.836700 4.781580 
1101 1 19.965900 23.475100 5.049110 
424 2 20.215000 19.581900 13.484600 
1876 2 24.225200 15.152700 7.470220 
1645 1 16.972000 19.178500 4.030620 
1205 1 18.656400 19.578800 5.089130 
1079 2 17.979900 14.166500 2.165470 
1278 1 22.397400 19.953700 8.279170 
1430 1 25.147200 13.977000 1.203050 
745 1 16.922600 24.328000 2.444700 
1004 2 14.044300 22.618900 8.037150 
89 1 15.349300 18.626400 3.482370 
1864 2 22.330700 21.146500 11.415500 
602 1 20.860400 13.964800 9.071310 
139 2 15.128100 18.820000 3.566020 
1242 1 25.196500 17.893200 10.464800 
219 2 18.535600 20.543600 1.953510 
893 1 13.764800 16.483900 5.287380 
342 1 21.395000 20.380700 0.675531 
232 2 24.599700 21.971100 0.183148 
1546 1 20.233000 24.138700 1.425220 
838 1 13.718900 16.034600 4.361680 
4 2 17.976200 20.972000 2.501780 
1268 2 18.220500 16.080300 5.797680 
713 1 16.289100 22.090600 0.285094 
433 1 23.593000 26.160100 1.062750 
620 2 25.616400 17.600500 10.791300 
1830 1 13.990600 22.029900 7.577150 
34 1 22.982100 25.811000 5.676390 
1910 1 23.507600 23.884900 1.629500 
389 1 24.077800 25.071200 12.347900 
506 1 14.585400 19.705400 9.101990 
888 2 15.212100 18.653600 9.559320 
826 1 14.789400 18.673600 10.693600 
1062 1 18.413000 19.635400 6.657900 
162 1 13.696100 25.350900 6.964070 
1967 2 22.109500 19.360000 4.485380 
1742 1 19.971900 22.265400 9.230120 
1597 1 14.144100 21.447300 11.966600 
58 1 19.701700 17.233000 2.541070 
1432 2 18.987800 26.174800 4.772000 
561 1 22.569000 25.398400 8.176280 
1037 1 13.582500 21.139400 11.043200 
988 2 21.424000 13.996700 0.724370 
198 1 19.341100 25.845300 4.181440 
435 2 14.243600 18.722900 9.406420 
1946 1 14.896200 26.308300 3.510640 
372 2 23.362100 16.052300 11.692000 
1071 2 14.586100 25.397600 10.372400 
721 1 18.134000 20.211500 10.915700 
1611 2 17.389800 23.789100 6.723780 
1728 2 20.120600 22.182500 8.876360 
1917 1 20.023000 22.397000 1.237420 
227 2 18.961900 24.296200 11.439100 
1259 2 16.542000 17.577000 0.860459 
815 2 22.768700 25.193800 12.453100 
50 1 24.997200 19.257600 0.057723 
940 2 25.572700 22.611400 10.763600 
1112 2 16.828300 22.460900 10.427200 
1075 2 18.025200 20.381500 9.841490 
1286 1 16.369400 23.305800 9.718180 
1090 1 20.570300 15.004900 6.634900 
1975 2 21.706200 17.486300 10.230900 
1733 1 24.281300 14.288600 9.239760 
1229 1 23.245200 17.930400 5.662570 
737 1 16.551900 17.141000 11.464800 
1238 1 21.882000 22.146500 4.011750 
920 2 21.104500 17.630900 10.932400 
764 2 18.309700 14.971200 9.419450 
426 1 24.809800 17.756100 5.754020 
394 1 17.906200 20.461500 9.449160 
1168 2 25.461600 25.160400 8.187070 
1256 2 15.658000 14.464800 10.815200 
1897 1 22.411900 16.210800 12.385100 
140 2 16.492700 19.239400 3.822270 
1944 2 20.644800 21.116600 1.699360 
1311 2 15.048500 15.578100 1.949270 
1666 1 18.770200 21.889700 4.908790 
1391 2 26.306400 14.382600 4.851820 
1275 2 14.165100 25.702600 6.492160 
1722 1 23.658600 17.989600 0.750110 
1914 1 21.360500 24.706400 7.701500 
356 2 23.687700 23.644800 2.100920 
1856 2 13.734100 16.227500 5.120440 
1507 2 24.478200 15.413400 6.937710 
243 2 24.439300 18.621800 0.798166 
423 2 20.652500 13.901300 9.056980 
622 1 26.531800 17.707200 10.658900 
1840 2 25.209900 21.653200 7.794240 
111 2 13.649700 16.136700 4.739100 
1781 1 25.082900 15.316500 6.192220 
729 1 18.548900 14.967400 10.144900 
179 2 21.400900 20.330700 0.187188 
461 1 24.377300 23.583600 2.362130 
532 2 24.176400 20.938600 4.216080 
852 2 18.662900 19.616200 5.613370 
1420 2 24.350400 17.916900 5.851630 
2 1 22.879000 25.083600 11.559000 
1959 2 24.800000 22.578800 9.651490 
1866 1 15.853100 14.911500 12.688300 
584 2 25.865500 14.033000 4.741290 
572 2 24.739100 18.954600 0.911634 
1121 1 24.948000 23.060400 9.235390 
54 1 20.827600 16.387300 2.882800 
1990 1 16.488600 23.756300 6.520480 
605 1 25.805300 23.002600 5.103180 
1177 1 20.622300 20.601800 12.442600 
1832 2 14.676900 25.456700 10.056600 
222 1 20.126000 26.264900 1.077020 
1736 2 24.444100 13.554000 10.867600 
1307 2 25.013200 20.000700 7.909230 
1175 2 24.042100 23.785400 1.845210 
927 2 19.516200 18.184400 7.542660 
270 1 19.151000 25.498000 9.562100 
1588 2 23.413300 24.893700 11.763600 
1487 2 22.161500 13.965700 1.811990 
446 1 18.767500 20.242100 1.801790 
1831 2 26.443800 24.732100 3.724840 
1655 2 17.396200 25.987500 0.501153 
1264 2 24.789600 13.696900 1.870420 
71 2 25.534000 18.192100 10.477600 
961 1 18.883000 23.880800 11.187700 
46 1 26.188600 25.225900 3.432590 
538 1 21.370000 16.910800 10.955400 
995 2 25.774300 14.043800 1.623330 
883 2 18.475600 20.064300 5.494640 
1958 1 15.073200 23.176300 4.730900 
1857 1 15.940900 18.820300 6.429700 
308 2 20.021100 16.901200 2.574280 
1054 1 22.199000 20.834100 10.866100 
452 2 16.453100 23.801000 1.930700 
1968 2 22.997500 25.770900 4.806860 
1115 2 14.519500 14.734400 9.927420 
871 2 22.048400 20.028900 8.182420 
548 2 21.943900 20.018400 5.159110 
91 2 16.336100 24.205200 2.689640 
767 2 19.999800 23.186200 4.973170 
1166 1 19.267900 16.887300 7.577960 
962 1 14.476900 22.148800 4.130880 
1298 1 18.347600 26.142000 0.272578 
513 1 19.035300 16.538900 5.273880 
1695 2 26.654300 22.476400 5.657820 
1679 2 18.112100 15.307900 5.539850 
1989 1 21.291000 19.591300 4.134380 
301 1 20.286800 23.061300 12.971700 
1506 1 24.780100 21.394200 7.337750 
1880 2 26.183000 16.425200 2.635100 
1156 2 13.878200 25.690500 6.613310 
1673 1 24.598800 18.687200 1.726060 
1281 1 24.177400 21.951100 4.704220 
733 1 18.166600 21.539600 2.795120 
171 2 24.275900 13.336900 10.605800 
1885 1 19.568400 18.343000 7.916140 
935 2 16.382800 17.075200 11.906500 
912 2 19.324700 24.132200 10.832100 
867 2 21.112800 15.025500 6.297740 
437 1 25.992800 14.257500 2.310600 
451 2 16.483700 18.477200 6.691320 
1167 2 19.100800 26.407000 4.816320 
299 2 22.742300 25.497600 5.134060 
574 1 17.777100 23.463500 6.768560 
862 1 22.961400 14.293100 2.336070 
327 2 21.948900 25.091600 8.132090 
1109 1 26.252500 16.933300 3.199290 
719 2 22.591200 15.909700 12.656900 
614 1 25.568800 14.165100 4.429710 
804 2 13.958300 20.160000 1.299490 
1591 2 20.002500 24.063900 1.719340 
16 2 14.242700 22.784300 4.391740 
720 2 20.739400 15.275500 6.417290 
1788 2 26.272500 24.720700 3.680240 
851 2 16.696500 22.543100 10.221800 
517 1 20.667000 21.781900 8.288200 
865 1 18.138900 13.912700 1.048500 
178 1 21.410500 15.464100 5.650660 
173 1 22.337400 20.075200 5.691050 
700 2 22.382100 16.554200 3.290500 
877 1 14.156300 18.159400 9.484070 
657 1 25.492300 22.895800 11.276700 
896 2 17.176500 14.244700 3.161490 
1562 1 14.575400 25.587900 10.236400 
1083 2 17.519300 14.824600 9.586750 
1049 1 14.333000 15.663200 2.367820 
90 1 17.791500 25.100600 7.002580 
280 2 14.113900 21.374200 11.890900 
88 2 22.467100 17.671100 8.436200 
1514 1 16.989700 14.407000 9.120980 
669 1 23.206300 25.121200 4.002990 
26 1 13.985000 22.723500 9.056390 
531 2 22.740100 20.299800 12.013000 
1184 2 18.197200 20.184700 10.583400 
1133 1 23.506300 15.636300 11.736400 
1050 1 22.953500 16.834700 3.424330 
1134 1 24.875400 25.532500 8.473870 
1493 1 16.405600 18.042200 7.011510 
670 1 24.385000 21.411700 0.328829 
750 1 25.316000 20.227100 8.115370 
1471 2 25.104000 21.076700 3.284480 
1977 1 17.590800 22.147400 10.430000 
600 2 19.688400 23.891600 1.454260 
781 1 22.989100 17.623400 8.312540 
1631 2 19.990500 16.970900 2.227850 
1067 2 20.403000 22.191400 8.479580 
1465 1 17.937400 15.410500 5.407250 
956 2 19.195500 17.869100 7.727570 
557 1 14.954200 13.112600 7.452370 
1087 2 23.113300 16.781400 3.435280 
1750 1 14.731400 14.860700 10.024000 
743 2 25.725600 25.131200 7.705280 
1751 2 23.601900 17.705600 6.131840 
298 1 16.166200 23.658300 1.954530 
1684 2 16.141200 18.734400 6.747890 
1230 1 15.725600 15.875300 1.707410 
307 2 15.217200 22.531100 4.508450 
1096 2 21.831500 25.241400 7.835100 
24 2 14.011600 18.587500 9.251790 
1664 2 17.179900 23.931400 6.939430 
1143 2 14.016400 21.829300 7.894590 
1249 1 15.960800 23.661700 12.180900 
1870 1 14.088800 20.651700 1.751680 
1241 1 26.344300 25.539400 7.469340 
276 2 18.774700 25.604200 8.279780 
1603 2 23.712100 22.114900 5.062610 
1590 1 20.763100 14.028300 12.156800 
359 2 18.903200 26.554700 7.926390 
1033 1 16.408400 17.763100 0.791940 
1060 2 14.743600 15.914900 1.754180 
1853 1 25.071600 20.952500 3.506040 
497 1 22.955400 20.399100 12.340700 
1869 1 24.272400 15.140100 7.267020 
1098 1 17.298400 14.206900 2.763930 
973 1 18.641400 16.380900 13.110400 
1500 2 19.005300 15.720300 13.105600 
1860 2 18.967900 14.804100 26.227700 
763 2 17.025500 23.136100 20.223200 
1014 1 21.849100 18.766100 19.554800 
305 1 22.417800 19.457300 25.360600 
644 2 16.953600 17.298900 23.229400 
1234 1 17.083300 23.398600 20.239300 
19 2 19.077700 15.262200 14.393400 
45 1 25.572000 14.394300 15.102200 
1149 1 16.315300 15.528700 17.559200 
10 1 26.055600 26.228900 14.911900 
784 2 18.991100 25.321900 15.548400 
587 2 15.957200 14.671700 14.115800 
385 1 13.967400 20.589000 19.031900 
1729 1 20.142700 17.093700 19.155500 
1527 2 23.920600 21.286200 17.550800 
1486 1 19.195700 26.446000 18.813600 
1787 2 13.282700 21.814500 15.237000 
1978 1 20.357500 22.968500 19.559500 
825 1 24.079400 16.984300 18.253400 
794 1 22.879700 24.648400 18.373100 
1762 1 17.406900 24.410900 16.641200 
1882 1 15.033700 19.294900 18.111100 
1392 2 19.245200 22.207500 14.258000 
1792 2 13.717100 25.377300 18.869200 
1539 2 13.355200 21.840800 24.625600 
1613 1 19.197800 17.993600 16.583200 
357 1 18.832500 25.995300 22.738000 
1548 2 24.435800 21.513400 18.438500 
1565 1 21.838900 26.470100 23.654800 
136 2 22.630400 25.798600 23.546600 
1837 1 26.433700 19.175800 24.171700 
44 2 21.997400 19.780400 25.409400 
1161 1 19.066000 15.203300 26.159200 
113 1 24.546700 15.379400 25.968300 
168 2 16.781700 15.561600 18.923000 
533 1 15.929700 26.541400 13.980300 
606 1 19.482600 15.145400 22.614500 
1147 2 20.976000 23.946800 25.120500 
1459 2 19.109200 14.632800 21.837500 
1554 1 18.689100 19.290800 25.190200 
1157 1 26.284600 21.805800 16.713100 
796 2 18.231200 15.920500 13.840700 
488 2 25.914800 19.485600 19.793000 
1056 2 26.056100 20.449100 24.068300 
1716 2 21.791800 23.055800 14.036100 
1813 1 18.852500 14.654700 21.464300 
1439 2 24.188600 15.385900 25.913400 
1076 2 18.500600 26.446600 19.444200 
682 1 16.393500 15.049400 14.109200 
1463 2 24.236500 23.852100 25.381400 
421 1 26.312900 25.050900 23.182500 
759 2 26.329700 20.561700 15.521000 
420 2 19.418800 25.440000 22.548400 
1741 1 17.579900 21.781700 17.064100 
1155 2 19.864300 16.286600 19.116300 
399 2 20.821200 19.682900 21.915800 
1991 2 17.248800 21.561900 16.934600 
1889 1 24.222700 21.404800 18.142200 
1511 2 22.323100 19.021000 19.448700 
1559 2 18.272700 21.586900 23.382700 
1057 1 18.510000 16.291100 16.567700 
1374 1 24.121700 23.894900 25.205500 
1023 2 19.488200 14.543000 25.378900 
704 2 20.665600 23.184800 19.153400 
244 2 15.515800 19.379500 25.334400 
1771 2 19.042200 25.183200 22.309100 
1118 1 18.405300 19.313400 19.816800 
975 2 16.006100 19.274500 14.528300 
1006 1 23.025600 14.783200 22.704000 
447 2 13.193700 24.611500 22.806100 
684 2 24.215800 23.991900 25.474800 
287 2 13.786200 22.854500 18.845600 
1743 2 21.059100 23.022600 19.413600 
160 2 24.246700 23.405300 16.359000 
151 2 14.717800 19.155300 17.677100 
32 2 17.308200 15.683100 17.462000 
1584 2 13.689400 25.145300 23.132200 
918 1 23.339800 25.367500 20.617500 
1138 1 25.579600 20.741100 24.708900 
1104 2 16.011200 19.297700 14.467000 
1269 1 25.005600 20.524300 19.448300 
366 1 21.630100 19.829800 15.927600 
1928 2 24.405900 17.553900 23.572000 
290 1 21.887400 20.148000 19.065700 
917 1 14.113000 21.793200 15.194800 
1251 2 18.183500 19.630500 19.188500 
1385 1 15.988800 25.042800 23.276600 
1045 1 15.191200 20.225800 23.616300 
1953 1 19.239600 21.475900 16.837700 
1316 2 16.597900 24.371300 24.377500 
725 1 16.825200 17.336900 23.035300 
559 2 22.579200 25.485500 16.616100 
1222 1 21.848500 24.263100 20.047100 
1212 2 23.731000 14.516000 15.218200 
1360 2 15.350300 18.546200 20.276500 
326 1 22.581600 26.005100 16.195100 
855 2 19.091200 25.366500 15.493500 
281 1 21.981100 22.849600 14.070100 
905 1 26.347500 24.035000 19.581800 
1252 2 16.789100 22.710400 20.042300 
1604 2 16.889700 24.400700 16.948900 
654 1 15.202300 18.565100 20.025100 
697 1 23.491800 15.197800 18.688500 
1886 1 15.915400 13.952300 22.679600 
1970 1 24.639700 23.848800 26.734900 
166 1 21.708400 18.854100 23.238200 
1618 1 15.299700 20.067200 21.473800 
1099 2 15.783000 24.594900 17.472000 
1803 2 24.430800 21.651900 22.989500 
1903 2 19.392300 17.542900 16.584600 
156 2 13.657500 22.085700 24.406000 
1532 2 25.512000 24.896700 20.641200 
829 1 15.448100 19.302800 25.566200 
1894 1 15.588800 19.042300 15.033800 
1404 2 15.696400 19.957800 22.989600 
776 2 22.575700 25.469900 17.004000 
782 1 16.070300 21.192300 16.384700 
196 2 15.894600 14.246400 14.461600 
61 1 24.195500 16.846700 23.859900 
1266 1 23.857300 14.616900 15.476300 
637 1 20.278300 24.818900 22.518400 
1805 1 25.262700 24.595600 21.383100 
959 2 23.585700 16.002300 22.036600 
1641 1 22.708500 25.139100 24.244100 
738 1 13.591200 25.767300 13.998000 
792 2 16.792500 21.090000 16.460700 
181 1 24.549700 23.120300 17.521700 
948 2 14.748800 15.695900 21.590300 
360 2 19.410500 15.154600 22.521400 
1583 2 19.284300 26.501000 19.142700 
797 1 20.651300 19.650800 22.010300 
101 1 20.822700 23.967600 24.822400 
1481 1 23.588100 21.669400 22.325500 
1898 1 22.919300 15.457100 25.840400 
402 1 13.857500 18.599800 17.340200 
1763 2 16.658200 22.013900 26.197200 
1270 1 19.411700 13.802500 25.472200 
1317 1 18.797600 25.585900 15.155200 
1186 1 16.505700 22.499400 19.313200 
1690 1 22.817300 13.424900 14.715900 
984 2 26.070700 23.538600 13.567000 
1746 1 15.654000 24.498300 17.173300 
1150 1 13.786400 22.283600 24.642100 
297 1 23.028000 16.052100 20.685000 
194 1 22.904700 19.030100 16.662900 
1782 1 21.294300 14.180000 18.809400 
1678 1 20.449600 17.309600 16.042200 
1819 2 26.560000 19.726000 23.843300 
210 1 20.786700 25.922100 17.777500 
49 1 17.040700 24.658600 24.971400 
27 2 16.067200 14.317700 22.628000 
115 2 17.919100 22.184500 14.087400 
344 2 23.329400 16.371300 20.707800 
1084 2 14.341100 19.213600 17.371900 
835 2 24.037100 16.724100 18.143500 
895 2 16.343900 24.401900 24.511200 
1340 2 18.420200 18.557500 25.453100 
1258 1 19.507400 22.257800 14.227800 
747 2 19.951700 22.335300 16.672600 
363 2 22.651800 18.684100 15.683600 
1564 2 22.448500 14.721900 23.301600 
1608 2 13.324600 25.003400 14.669200 
1171 2 18.865700 19.169700 25.315800 
1772 2 16.140200 14.599000 24.844900 
1797 1 16.603100 16.748800 19.800200 
1670 1 17.762400 20.313100 22.633300 
1929 1 18.365100 18.142700 25.252700 
1183 2 22.798600 21.884400 14.745700 
195 2 15.755900 19.472800 24.149800 
1686 1 24.142100 16.609900 22.080400 
209 1 19.769200 24.843500 15.389800 
1773 1 17.968800 19.661000 18.486900 
583 2 15.928600 14.288600 25.101500 
1396 2 14.135800 20.913100 19.715600 
1440 2 23.868500 15.526800 25.976700 
594 1 15.680300 24.103800 24.657900 
1359 2 20.174000 22.276200 13.210900 
262 1 13.732400 25.841900 25.890100 
1749 1 24.623200 19.359600 15.638900 
1381 1 17.762400 26.214300 20.188500 
478 1 21.667400 14.391000 23.805300 
1012 2 18.184700 19.829400 19.726800 
873 1 16.809800 14.252800 24.574000 
1752 2 21.946600 14.197900 19.290700 
859 2 24.056700 14.524700 15.286800 
1344 2 19.581600 21.480600 17.249600 
976 2 18.953100 21.050900 23.333200 
766 1 19.438300 19.612000 14.397200 
718 1 20.841300 16.912300 26.156700 
1922 1 25.113500 21.400600 22.405600 
1244 2 19.787100 17.016600 19.498900 
646 1 21.387400 21.223300 24.714900 
547 2 16.565600 15.353000 17.505900 
1368 2 22.269000 20.055200 15.871300 
339 2 22.196900 14.027900 19.015200 
170 1 26.114300 19.602500 20.373900 
543 2 26.095100 24.114500 20.489200 
880 2 20.829200 19.036900 22.628100 
744 2 24.049200 21.466000 22.316600 
585 1 18.771200 16.140000 19.282200 
1152 2 13.169600 21.545000 15.067800 
1203 2 15.297000 18.461600 20.473300 
1000 2 26.070900 20.199900 15.081500 
958 1 15.685000 14.923800 25.353500 
1993 1 18.037200 21.867700 23.271400 
1899 2 22.073800 25.766800 23.637700 
343 2 21.949700 14.281300 23.605500 
780 2 21.056000 23.897200 25.085500 
1070 1 24.677300 24.084700 15.552600 
849 1 15.509100 14.071200 14.668200 
1523 2 17.447000 16.985000 23.163100 
625 1 13.296400 23.637000 22.535900 
1863 2 22.942900 19.412100 24.772000 
1810 1 24.688900 13.334400 19.310100 
512 2 19.812300 17.462900 16.621600 
1530 1 13.576700 25.488500 22.824800 
1288 2 23.187300 25.509800 19.196200 
21 1 20.524900 22.715400 17.244900 
598 1 14.081800 23.984500 19.106000 
990 1 22.898600 21.686600 15.355900 
1861 1 16.221900 19.609800 13.864200 
1001 1 18.456400 16.907300 22.989200 
1560 2 22.075500 19.301800 19.245000 
1576 2 23.350700 16.936800 17.292500 
1757 1 14.678400 16.405400 21.845700 
25 1 16.086800 18.914400 23.760600 
475 2 25.413600 23.089100 16.794700 
1434 1 13.703200 16.227400 17.536000 
1883 2 22.740300 24.741200 20.489300 
1997 1 26.223500 20.473900 15.055900 
649 1 17.779800 22.049200 14.343100 
879 2 25.460500 19.763100 20.138100 
565 1 17.505100 22.249700 25.993900 
994 1 24.412300 17.796000 13.776100 
75 2 20.203100 18.961000 14.019700 
1350 1 24.172400 19.115300 14.027600 
500 2 13.523300 16.956000 17.985800 
1682 1 15.466900 22.987500 13.549100 
1042 1 16.543200 23.836700 14.192800 
1362 1 19.494600 15.171800 14.055000 
319 2 21.461100 17.023400 26.094300 
145 1 21.570000 18.074700 25.530400 
1672 2 16.259200 23.493900 13.350300 
1102 1 17.093000 26.144900 26.358700 
83 2 24.894500 18.716500 14.307200 
636 2 21.400000 17.441400 25.655900 
550 1 20.195300 19.111000 13.112900 
1935 2 13.591100 24.952100 14.713700 
929 1 13.442400 17.191400 19.006000 
1294 1 13.525800 24.464800 14.798500 
727 2 15.264000 26.216300 21.208600 
187 2 25.978600 23.698300 13.611100 
473 1 26.373400 16.992000 13.412600 
595 2 15.815100 23.125100 13.301500 
672 2 16.652000 22.322900 26.095800 
144 2 17.805900 26.271100 26.138100 
1473 1 25.543400 23.405700 13.493400 
252 2 23.926700 18.445200 13.881300 
