id type x y z 
1634 1 11.406900 13.031400 9.236700 
1281 1 2.370580 5.178840 8.821350 
1233 1 7.301440 10.948900 9.123260 
1612 2 2.616230 1.763820 10.601700 
273 1 6.841090 9.503510 8.493770 
169 1 1.854340 1.393880 4.816950 
1521 1 12.201900 8.733320 9.284270 
912 2 7.233050 0.790206 3.616860 
993 1 3.796190 0.226275 2.169410 
1545 1 4.510160 5.455370 2.184000 
1900 2 1.362300 6.014180 3.861490 
71 2 7.104350 0.949623 3.722670 
727 2 9.213940 3.814860 2.489850 
1284 2 7.155100 4.531570 5.708180 
1836 2 6.518550 8.527970 6.702050 
1457 1 4.324570 12.253700 4.188490 
258 1 8.147270 12.193200 12.348100 
97 1 3.088580 8.408440 4.023430 
904 2 8.038820 9.312820 0.526345 
1261 1 8.349850 1.210080 6.769880 
1373 1 7.843260 8.292610 6.754110 
867 2 6.450380 8.966250 4.205350 
1491 2 5.924520 7.531090 9.790600 
1869 1 0.873177 8.348840 6.063090 
1927 2 6.004940 12.046800 6.393410 
1021 1 12.313400 4.209250 6.887810 
461 1 3.941740 10.088200 10.249000 
1171 2 1.446230 0.104128 1.842250 
1719 2 3.127690 2.275400 11.118100 
1745 1 2.380710 1.458540 10.115700 
1401 1 3.977360 9.933540 1.269960 
1576 2 0.552249 8.316020 6.453070 
1209 1 13.110400 8.732040 4.223120 
863 2 4.055740 6.001890 11.286300 
1847 2 9.293260 13.085600 6.573830 
767 2 10.915100 11.284200 4.223500 
1166 1 8.230250 6.944490 5.539300 
1729 1 0.404785 4.549790 10.082500 
1906 1 7.896080 0.363401 1.225770 
1557 1 5.047400 2.816980 7.619550 
1566 1 10.092000 11.766400 1.318620 
15 2 8.643710 6.736450 5.521010 
242 1 5.450950 9.869410 10.397900 
956 2 3.491170 7.493660 7.899270 
1372 2 6.426510 3.979680 10.156800 
1400 2 4.090460 8.898860 1.081840 
1705 1 12.446800 3.090940 10.526500 
569 1 0.252315 12.369100 10.405500 
888 2 8.529740 11.664800 11.980200 
924 2 11.784500 2.771810 10.472200 
702 1 9.034250 9.954470 3.948010 
150 1 0.827759 9.589110 2.894370 
78 1 2.103350 10.801400 3.595120 
752 2 7.562870 8.030990 12.793300 
441 1 7.383580 0.632019 3.733600 
1124 2 2.800830 7.891540 11.714300 
46 1 4.157950 8.278570 0.647294 
390 1 8.565960 0.651575 10.222600 
1477 1 10.409800 4.333590 4.219080 
953 1 8.936070 9.955710 12.677200 
1263 2 4.218480 0.054687 2.164490 
1741 1 2.295620 7.923150 11.695200 
816 2 4.358150 12.615200 4.462110 
1299 2 9.690570 8.424480 10.065800 
1886 1 2.687590 4.761970 10.829800 
1986 1 11.394400 7.230270 10.981800 
1447 2 5.236110 13.075300 9.890050 
1749 1 6.163450 5.986590 9.917340 
703 2 8.759790 1.248660 10.516800 
1516 2 6.804420 0.972419 12.305800 
1747 2 12.240100 3.378070 10.751000 
485 1 9.362110 2.524180 2.456280 
760 2 12.928900 11.479600 1.935680 
127 2 8.177640 1.453500 7.796040 
577 1 4.492900 13.238600 9.289840 
821 1 0.289659 13.118400 7.741600 
382 1 6.344040 3.398280 1.244380 
777 1 12.867300 1.087440 4.150780 
29 1 7.190610 4.301460 10.382900 
568 2 2.881500 11.142500 7.058500 
1740 2 3.352540 2.731250 4.388760 
975 2 5.658370 6.465690 3.209560 
1270 1 3.259780 11.109300 7.863770 
763 2 7.535650 8.442920 12.657900 
735 2 7.133030 12.044500 13.266900 
271 2 11.079900 8.644890 1.770830 
355 2 7.254380 11.790200 2.421550 
1141 1 0.166810 6.452630 0.648875 
1314 1 10.135100 7.443180 6.822340 
491 2 12.267800 3.352820 6.793310 
64 2 11.468400 8.437110 0.722268 
848 2 1.499420 9.242050 9.881930 
245 1 1.832400 0.050463 1.903170 
681 1 1.961420 6.350050 3.680470 
1323 2 1.557310 8.796710 9.791810 
1541 1 3.004270 5.835860 1.403060 
1158 1 5.929910 5.883060 3.331300 
1130 1 12.718300 7.878810 2.527650 
199 2 4.417260 10.286300 10.529400 
914 1 9.144430 4.581970 1.542950 
316 2 2.534200 4.999340 10.481500 
1921 1 2.344620 2.018320 11.876800 
1684 2 11.944300 12.183200 11.602800 
1503 2 1.962220 12.630600 10.649500 
468 2 11.280800 6.819100 11.618500 
1692 2 5.684010 6.760660 9.936140 
52 2 11.476000 0.179954 7.678340 
808 2 12.168600 8.564610 8.928070 
444 2 3.130270 9.265860 4.895770 
532 2 0.622443 8.592910 0.248932 
1609 1 1.487600 8.272390 8.975030 
72 2 1.525430 0.624789 7.512480 
1727 2 1.987220 5.109160 9.214170 
613 1 12.618600 10.733600 6.351210 
131 2 3.641990 2.827900 3.792880 
1250 1 2.664610 10.481500 5.490030 
22 1 12.573500 10.809800 13.122600 
688 2 9.102910 3.211810 2.311510 
373 1 1.271090 7.693060 0.699062 
655 2 8.555450 2.876130 13.126900 
1094 1 4.125990 5.689230 11.204800 
1089 1 3.723980 4.515630 6.866760 
1838 1 5.968370 4.585800 4.963010 
37 1 10.952300 11.927500 4.846770 
1706 1 2.819480 3.975710 3.901420 
664 2 8.922310 9.284280 4.118030 
1522 1 5.946360 3.757680 10.459200 
49 1 11.787200 3.778460 2.239420 
936 2 8.641590 1.743050 6.823070 
1260 2 4.921730 6.001620 6.455610 
227 2 5.693750 2.308470 12.582100 
1774 1 3.381980 7.581680 7.499380 
1670 1 8.780960 11.553000 6.584570 
323 2 10.929000 7.936550 7.252770 
1200 2 12.360300 3.941330 1.650630 
1203 2 2.847650 8.966420 5.152940 
1374 1 11.923200 8.114450 7.305270 
601 1 8.757590 1.773220 8.491730 
1977 1 10.332800 7.618160 9.219800 
811 2 4.275350 9.487870 0.946334 
1118 1 8.362630 2.343460 12.266300 
1769 1 4.119090 2.696400 9.407680 
672 2 11.024800 7.466680 6.943610 
555 2 1.588210 6.373480 4.094770 
257 1 12.957000 3.419060 1.809020 
405 1 7.772500 4.460560 5.379500 
452 2 11.322200 11.905500 9.108540 
826 1 4.256530 10.050200 11.914800 
354 1 9.353500 2.460980 6.073670 
1105 1 11.959900 0.853184 12.032200 
221 1 5.766680 0.026059 4.197550 
963 2 9.619640 2.982960 5.765200 
1998 1 3.841570 2.334110 3.803200 
1264 2 7.228690 11.512300 3.095460 
1058 1 12.065400 6.163310 6.589330 
1933 1 2.813530 11.606100 6.629420 
732 2 0.214491 10.146800 3.103360 
448 2 5.328940 5.939070 2.687620 
642 1 7.007220 11.716600 3.798200 
322 1 8.459210 10.056000 9.841480 
734 1 5.914850 12.363500 6.570210 
265 1 4.914870 1.258030 8.572790 
1327 2 1.422510 7.541840 0.939884 
1267 2 9.810990 11.478200 0.118690 
1626 1 9.350160 6.187010 12.754000 
677 1 3.109810 9.025800 5.484370 
1190 1 11.609900 5.096870 4.622920 
411 2 4.659800 2.554530 8.319020 
1617 1 11.137700 6.084280 12.144900 
1558 1 6.789220 1.824080 3.872740 
256 2 4.384540 2.415820 7.995880 
962 1 9.274620 4.909860 7.825530 
122 1 11.164900 2.544210 11.036500 
1164 2 8.990050 1.427050 9.632440 
506 1 6.557010 8.971280 4.148650 
1768 2 3.095420 1.136280 0.055016 
567 2 2.864660 11.432400 7.233090 
6 1 0.720394 5.915790 4.751740 
964 2 9.864310 11.459400 0.140573 
1826 1 6.351130 8.615130 6.634790 
1607 2 6.859560 4.174270 10.413100 
387 2 0.600665 3.445520 13.079000 
1478 1 6.106060 2.034650 12.423600 
1165 1 5.651150 13.117900 10.256100 
487 2 4.044030 12.894400 4.212180 
325 1 11.737900 8.992610 0.503813 
612 2 4.502800 10.010500 10.299200 
3 2 7.499800 10.495100 9.029320 
1100 2 2.060890 5.094000 0.761830 
314 1 10.469400 5.183850 8.904370 
545 1 5.315700 6.583410 6.983600 
800 2 3.223210 2.452970 4.003220 
926 1 11.886500 7.394290 4.302830 
928 2 9.696670 6.060290 13.143100 
152 2 8.698530 12.086600 6.210140 
1880 2 10.049000 7.925210 9.832240 
228 2 6.402900 8.337320 6.922180 
1697 1 1.649820 0.676286 7.186660 
1966 1 5.235470 7.212420 10.122000 
1366 1 5.171060 0.453090 5.986150 
123 2 7.620220 0.354261 0.684783 
428 2 11.132300 5.554680 4.266810 
595 2 6.306010 4.261530 5.134940 
536 2 12.697300 0.851365 4.472050 
999 2 0.252754 6.931680 7.330620 
25 1 9.648030 8.057430 10.635600 
1174 1 3.101870 2.186580 1.655780 
305 1 8.049760 8.786340 0.458208 
887 2 7.241960 8.732280 6.969670 
570 1 1.980520 13.205200 10.879200 
1180 2 9.937590 4.867540 8.594150 
130 1 1.238430 9.549070 10.253000 
1035 2 12.609500 3.598450 1.958340 
1627 2 10.396300 5.276350 8.597440 
1463 2 4.605880 1.907140 8.018140 
1943 2 11.229700 5.230840 4.575980 
799 2 9.857670 5.749890 12.725400 
381 1 7.195110 11.812100 2.330760 
1 1 0.333837 3.482110 12.689500 
451 2 3.926690 5.984980 6.965780 
1919 2 11.705800 7.331020 10.916500 
1649 1 10.642400 8.617100 1.736460 
16 2 12.943900 8.435040 3.608920 
459 2 1.574130 10.647200 3.796680 
780 2 12.480400 0.123237 11.862400 
1114 1 12.810900 11.423300 1.800860 
1191 2 3.486700 5.914270 1.436910 
693 1 0.451975 6.786240 7.398700 
1820 2 7.662520 10.413400 9.458030 
1792 2 11.774200 3.417480 6.343200 
1388 2 0.098777 6.946620 12.970100 
1054 1 12.075300 12.333000 11.365300 
857 1 10.820600 11.439200 8.614950 
984 2 2.066760 12.840900 11.585800 
608 2 10.309600 5.413020 0.631871 
1528 2 12.465600 10.735300 6.295660 
1093 1 11.753400 2.934100 6.215090 
1135 2 11.514800 12.218900 8.722520 
386 1 5.430120 3.477490 13.007900 
911 2 6.213870 3.009320 1.373700 
82 1 11.681000 0.473830 7.617330 
1844 2 5.568100 3.593330 12.531100 
1027 2 3.528230 12.542300 1.000940 
1326 1 9.011450 3.184110 12.963500 
670 1 7.069870 5.662270 0.036287 
566 1 7.995770 12.764900 0.221597 
519 2 4.461200 9.073110 23.744600 
39 2 11.657500 5.598600 20.562600 
1083 2 12.259200 11.004500 22.296800 
1497 1 6.493480 0.333021 18.723600 
1231 2 7.320440 3.055280 15.648700 
630 1 1.993740 12.150500 16.074100 
345 1 6.727440 0.670283 20.641600 
1613 1 1.439980 4.097760 15.948900 
801 1 9.277750 10.107600 18.755200 
311 2 8.774260 10.417400 18.861700 
1608 2 10.700800 8.547000 19.609900 
1005 1 3.425420 0.850711 14.211600 
1052 2 4.844700 6.349990 24.550700 
942 1 10.202900 2.831560 13.818300 
1293 1 12.221300 10.006600 25.733100 
1513 1 0.934753 3.735230 13.821100 
398 1 3.208150 2.391460 14.298300 
1063 2 12.371400 10.530500 13.600000 
1322 1 1.831480 4.282640 24.512500 
1117 1 2.243590 1.816080 25.969200 
216 2 4.151870 7.491210 14.631900 
1852 2 6.198940 3.566480 23.895300 
66 1 11.201200 5.423200 20.720200 
518 1 0.374952 9.013750 14.945700 
812 2 7.565160 6.181280 26.261500 
225 1 12.949000 4.076660 18.440700 
417 1 7.825070 10.289200 22.528400 
30 1 10.652000 13.129800 19.356900 
1669 1 8.657530 8.320660 22.751000 
1432 2 2.145990 4.513640 15.196800 
1902 1 2.363310 11.288000 22.442200 
486 1 3.370200 13.036400 14.753900 
1061 1 10.870100 1.813590 21.558400 
919 2 11.525400 2.287350 17.447800 
1887 2 7.336840 5.795600 26.343300 
540 2 2.899410 11.842800 22.858700 
1925 1 6.228460 8.611610 18.269800 
454 1 0.572218 8.848380 25.147900 
1240 2 10.134500 12.299700 22.974700 
1575 2 4.076180 3.419010 20.604500 
1196 2 5.734010 12.506400 15.025000 
1694 1 10.116100 5.262150 24.243400 
869 1 7.355790 0.473181 16.411800 
23 2 7.194000 6.128420 15.702200 
1034 1 4.546420 8.873180 23.726800 
1654 1 5.026190 10.165600 23.731900 
1935 2 1.142280 1.466920 20.153300 
1601 1 13.096600 9.325350 13.587900 
843 2 0.222929 0.358666 16.110600 
392 2 8.435150 9.511850 15.339700 
1554 1 12.110500 10.542800 21.971700 
1610 1 10.817000 9.360950 20.149800 
1330 1 9.804940 6.259200 16.715800 
1904 2 6.878560 10.081600 20.683300 
338 1 1.735760 0.144248 23.113600 
1710 1 11.238800 4.098510 22.786600 
162 1 2.687550 5.366270 25.861500 
1445 1 7.907660 1.075230 25.219400 
1855 2 10.713200 11.390400 16.048200 
932 2 11.112600 1.690400 25.249900 
596 2 11.568200 6.529910 25.234200 
637 1 2.051040 7.547940 15.978000 
930 1 11.755000 6.597850 24.448300 
551 2 11.513400 3.963390 23.729300 
761 1 7.103880 10.404400 20.804500 
413 1 6.324200 6.887130 18.405700 
1972 2 5.716690 11.535100 18.095000 
753 1 7.290640 2.201250 15.317700 
860 2 3.202190 1.336010 14.674900 
1594 1 1.510640 6.729160 18.891900 
738 1 3.920290 10.424700 20.219100 
166 1 1.020480 0.544089 24.599000 
157 1 10.264400 13.251400 23.228600 
884 2 9.290370 3.015150 13.547200 
1066 1 3.183560 7.366720 18.047800 
302 1 9.416510 0.354472 20.815300 
623 2 4.017290 9.526600 20.279500 
1239 2 3.916270 6.257390 21.581600 
1923 2 4.683890 2.949990 23.713900 
1265 1 6.378860 11.821000 23.888700 
1772 2 9.828970 1.342100 21.812500 
946 1 9.706290 11.295300 26.486600 
1362 1 7.059630 12.678800 20.888100 
768 2 11.410600 4.968430 21.560400 
481 1 7.693340 3.623080 22.677600 
4 2 6.822330 6.534310 20.642200 
1150 1 8.001770 3.556910 14.694100 
226 1 0.662131 11.130400 26.295700 
1819 2 5.784130 6.575770 18.192500 
1123 2 1.952250 6.890360 18.689200 
972 2 6.384020 8.538760 18.169400 
1204 2 6.876800 1.465920 18.703700 
833 1 1.229290 1.268020 20.079300 
949 1 6.970430 6.411040 15.786400 
1411 2 11.082200 1.703420 25.769700 
1428 2 9.482600 10.606500 17.691500 
98 1 6.145000 11.911800 16.919100 
641 1 4.430870 8.397550 13.673100 
410 1 11.708700 1.574640 25.190300 
961 1 3.963790 10.177400 13.881900 
1492 2 9.376480 3.248310 19.199000 
238 1 3.444940 6.208740 21.116800 
597 1 12.009900 13.255800 24.770500 
1674 1 10.613100 1.976790 18.051100 
1850 1 8.038020 12.786000 19.457400 
1980 2 13.091100 10.864000 16.729100 
1600 2 6.257400 2.802190 26.468100 
1625 1 4.118690 6.973760 15.078600 
656 2 1.653240 4.348440 24.823500 
1777 1 0.280735 12.827200 25.566300 
1988 2 7.157180 12.734800 20.927400 
1648 2 1.774790 12.052300 15.507700 
830 1 8.296440 5.621490 25.975800 
85 1 4.865800 6.639920 25.361600 
1431 2 3.252280 1.596610 14.367000 
710 1 12.330300 1.826910 17.700400 
1799 2 13.064600 1.212820 20.705800 
1365 1 10.856000 7.935810 22.836300 
1082 1 7.506020 3.221610 16.587500 
1498 1 8.826000 6.178600 17.925600 
994 1 10.027800 10.763600 17.309300 
1667 2 7.550960 6.820770 21.154600 
1761 1 12.662400 3.915310 24.346100 
1753 1 0.313385 8.858770 20.005800 
1524 2 11.537900 6.471700 15.326400 
1222 1 12.945000 7.432870 13.721200 
68 2 4.664880 9.042840 23.984000 
269 1 9.926240 4.072290 18.753700 
973 1 10.224100 11.943600 22.890900 
1241 1 10.513200 2.096580 26.136700 
543 2 2.541990 4.573670 15.747400 
303 2 9.620690 3.867260 18.825900 
1125 1 1.656980 9.207090 16.510900 
585 1 0.657452 6.175700 22.656500 
489 1 5.536590 2.887360 26.247000 
1890 1 12.504200 3.350290 14.586000 
1464 2 5.535260 6.178330 18.008700 
290 1 9.116850 0.621027 23.876700 
958 1 5.358430 6.013470 17.862300 
527 2 2.764570 11.657800 22.454500 
824 2 12.628400 3.227910 14.860100 
1154 1 6.843340 2.223140 18.541700 
270 1 5.699450 10.678100 18.429800 
1391 2 1.535650 0.471690 23.558500 
695 2 3.289330 13.199400 14.858600 
1622 1 4.703600 3.222550 22.179300 
1760 2 4.401240 9.482190 20.044600 
1243 2 8.080480 9.975360 15.232600 
1048 2 9.474330 6.590440 17.541200 
1396 2 6.004910 11.038100 24.439900 
423 2 2.089880 8.325770 16.033500 
324 2 8.953420 8.170980 23.089700 
415 2 3.150520 1.248060 25.815500 
346 1 3.559040 11.791600 22.725800 
741 1 10.478900 7.154400 14.888000 
1991 2 11.102200 1.876580 13.376100 
1007 2 4.086400 7.037950 14.730400 
172 2 0.843060 9.285360 14.657900 
1247 2 7.379410 1.076300 24.235900 
420 2 0.293453 0.382802 15.574000 
1422 1 7.170640 0.455379 24.192100 
1471 2 3.198310 2.285720 17.776600 
1368 2 12.607000 3.964990 24.112300 
579 2 3.610560 9.435550 13.432700 
1485 1 9.363080 3.155050 19.896700 
1217 1 7.273790 12.777200 16.668100 
1387 2 7.112960 12.677900 16.709000 
563 2 4.181330 6.266650 24.878000 
1917 1 10.772200 6.434710 25.900200 
1928 2 11.580500 1.900750 17.721700 
1349 1 10.485600 7.777440 18.764100 
1355 2 11.483200 7.061790 15.456100 
782 1 7.869530 9.632140 14.996800 
490 1 0.685734 2.764260 16.534100 
53 1 5.173820 10.302800 25.412100 
403 2 10.707500 7.586700 23.046800 
967 2 7.534470 10.352900 22.396500 
1758 1 4.828190 3.364990 20.350300 
1808 2 1.431380 2.131180 21.136100 
45 1 4.510970 8.641240 21.087900 
1789 1 1.281300 10.296200 13.963100 
1795 2 0.557247 9.402720 20.224200 
1567 2 10.482500 1.133050 20.824400 
549 1 3.510610 1.410880 17.273900 
1488 2 4.668810 3.088390 21.168100 
1444 2 12.721500 9.284930 13.420100 
1455 2 11.063800 8.873820 20.243400 
739 2 5.651570 11.664900 24.368400 
1056 2 1.896950 10.296900 18.141800 
1153 1 3.383870 2.426460 17.646700 
1538 1 8.384980 7.825060 25.238700 
894 1 6.764990 6.658170 23.967600 
1563 2 9.032580 6.397270 17.700400 
701 1 5.713500 11.886800 14.237800 
164 2 3.052400 1.910440 17.586100 
1311 2 1.217520 4.774620 24.426900 
1484 2 9.197230 4.693860 23.772500 
1641 1 6.766920 6.606330 20.517600 
899 2 12.858100 3.787140 15.169900 
1106 1 0.238498 4.472050 25.057300 
1043 2 7.762390 3.746650 22.002200 
1242 1 2.476160 5.089830 15.279600 
818 1 2.070110 10.747600 18.100800 
1976 2 2.409890 6.915200 21.587600 
1853 1 11.635700 11.009900 15.935600 
479 2 7.555650 7.699370 24.377900 
1501 1 11.696400 6.697650 15.438200 
493 1 8.455560 10.090000 16.082000 
419 2 2.498310 11.699300 18.212100 
1762 1 6.204440 3.295470 23.931000 
1843 2 12.581100 9.931360 25.986300 
514 1 3.109580 9.430160 19.366100 
207 2 10.002100 12.556000 22.958200 
1589 1 1.999940 2.931620 20.974600 
573 1 0.328860 0.748021 15.027300 
1304 2 1.872730 7.067800 17.935300 
163 2 5.783100 9.900640 18.023900 
898 1 4.470720 6.802900 23.427700 
1334 1 7.848030 6.670070 21.506000 
1720 2 7.618120 2.569380 15.672100 
391 2 0.843972 9.117320 24.736500 
674 1 2.461150 1.730560 22.234700 
263 2 1.057690 4.217310 20.698900 
1916 2 8.313910 0.977641 24.453100 
498 1 12.368000 6.137490 22.251400 
1001 1 0.844258 4.402390 20.590900 
143 2 7.301060 12.473200 20.302300 
827 2 6.758010 1.033500 20.101200 
19 2 0.738109 10.196700 14.445000 
771 2 10.646500 6.525670 25.098700 
1015 2 0.427051 3.664300 15.953200 
1237 1 12.296500 7.569840 19.351100 
604 2 12.773700 1.208850 21.298000 
1595 2 5.595170 0.297484 16.490300 
918 1 11.822400 0.448496 14.348300 
628 2 12.412000 13.194400 23.918300 
1128 2 3.425040 12.929600 26.046600 
210 1 3.644260 1.061160 26.205100 
1468 2 3.991240 10.761900 13.563000 
1861 1 7.008270 9.712330 26.248000 
528 2 0.104420 12.014000 25.799300 
11 2 12.360000 0.098525 15.623500 
667 2 7.479330 9.035850 26.425600 
1803 2 0.258652 12.007200 26.480100 
1574 1 7.291970 8.181730 13.298900 
1446 1 3.654550 12.497000 26.439800 
1115 2 0.255159 6.712060 13.346300 
1828 2 0.496376 3.602490 13.343900 
287 2 2.631950 23.902200 9.858900 
793 1 5.181020 14.433300 5.019230 
1059 2 10.494400 18.362900 2.325380 
1136 2 4.380960 19.412100 2.152580 
359 2 2.202730 19.642400 5.384790 
1071 2 12.839900 14.928500 9.673320 
344 2 2.340720 14.584300 3.895370 
396 2 9.018740 22.103500 12.725700 
1615 2 7.312080 20.014900 10.633500 
908 2 1.484990 16.960700 11.418100 
91 2 0.069676 17.105600 4.227970 
1794 1 11.479300 23.205900 9.359390 
951 2 8.129840 24.310500 5.480700 
524 2 10.153800 13.545900 3.244650 
1173 1 2.358480 21.434500 2.677480 
539 2 7.822710 14.968900 8.627000 
1540 2 11.351800 19.790000 9.475890 
945 1 5.170840 13.907900 12.149200 
1192 2 1.562600 19.833900 10.687200 
617 1 11.805200 25.733800 1.644430 
286 1 5.125070 22.365600 10.800700 
1527 2 6.072390 15.199000 4.407010 
1793 1 10.892400 14.437500 2.601000 
1292 2 7.095860 20.490500 10.249300 
722 1 10.250300 19.855900 11.546700 
77 1 6.089870 17.310000 7.631150 
1682 1 10.333600 25.847000 4.156060 
1077 1 2.033220 15.145000 4.060700 
18 1 4.337060 16.296600 0.874475 
63 2 11.740900 15.368000 7.671420 
873 1 4.238780 17.012100 5.000990 
1410 1 5.157470 17.621500 3.388610 
1949 1 1.733660 18.359200 8.000270 
1473 1 8.842280 25.596900 0.262196 
866 1 7.768510 18.191500 0.184159 
1251 2 10.651400 20.811900 3.605580 
1182 1 4.121620 22.970000 6.841450 
424 2 7.002030 17.680100 0.246966 
1315 2 10.567400 26.206300 3.546260 
315 2 11.264000 14.194800 0.657255 
170 1 5.183500 15.042300 12.770000 
414 1 10.059500 21.486400 0.320599 
1395 2 5.490670 17.562200 7.448920 
1968 2 7.078870 13.857500 0.764396 
822 1 9.386940 13.912300 11.275200 
57 1 6.522920 16.765200 0.047347 
1037 1 10.116900 18.249000 2.527230 
1533 1 2.127280 19.274100 10.400100 
779 2 9.037550 17.297200 9.688520 
592 2 2.695310 24.113200 10.329200 
1708 2 5.191970 13.400200 9.816910 
264 2 0.768016 13.657600 6.952180 
1593 1 12.797300 14.876100 9.459130 
109 1 4.591760 14.496400 0.828968 
1913 1 3.937750 15.190300 8.909500 
683 2 7.679720 20.719800 2.466760 
1184 2 9.980770 18.570000 5.023640 
1415 2 6.124150 20.764800 6.716490 
1341 1 12.422900 26.037700 11.810400 
1312 2 1.063150 20.328300 0.374805 
497 1 8.903770 23.166900 3.152300 
187 2 2.572880 25.769200 5.712070 
985 1 7.028020 13.501500 1.091520 
523 2 0.873010 15.176400 1.257710 
181 1 9.236920 17.064200 11.527700 
1107 2 4.758000 15.763900 0.963245 
1416 2 6.848050 20.979000 6.746710 
1894 1 1.731460 21.303700 3.712130 
564 2 8.826290 17.841500 7.879430 
1642 1 12.198600 16.063800 12.044700 
787 2 9.867470 23.865800 2.579380 
33 1 10.355700 20.579600 4.305030 
990 1 10.274100 23.871100 2.786700 
1245 1 2.171170 20.302300 11.893500 
803 2 4.453750 19.051300 11.228700 
675 2 1.222080 19.688300 10.771900 
1307 2 2.675170 16.867700 5.865640 
758 1 1.927870 24.198900 9.908590 
747 2 5.364120 26.248600 5.690320 
1878 1 3.284340 23.493600 10.771600 
1832 2 13.072500 22.658600 3.048810 
261 1 12.244900 26.109400 5.969860 
404 2 2.145560 21.699600 12.977500 
807 2 12.602300 22.969400 11.059000 
1036 2 0.673201 15.407500 1.906760 
920 2 10.985500 21.107900 3.338530 
546 1 4.058330 21.348800 8.558510 
607 2 0.574239 21.734500 5.592780 
1111 2 1.503240 16.441500 11.178700 
1726 1 0.703386 25.506500 3.333200 
1205 1 1.195690 17.309200 11.109200 
1650 1 2.209070 20.437700 6.584030 
966 1 5.352650 25.542700 5.633510 
1294 1 11.382100 22.211000 7.088210 
554 1 7.459050 25.204100 9.324790 
197 1 10.084400 20.216500 6.353880 
364 2 3.136510 14.411300 8.525060 
709 1 7.131270 20.745000 10.398000 
512 2 7.843210 20.065400 2.362000 
219 2 11.535600 25.993800 6.091660 
748 2 2.542040 17.874000 8.204420 
1559 2 1.734340 14.325700 3.846220 
422 1 13.022500 24.591500 5.413730 
1253 1 0.883227 23.279700 0.925388 
615 2 2.955520 24.048100 0.086889 
1012 2 6.953190 23.290800 0.935105 
1702 1 1.174510 20.593100 0.531143 
1019 2 9.197360 17.362000 5.660390 
211 2 2.758770 20.215200 8.302360 
700 2 2.017120 19.891600 6.117380 
1419 2 12.397600 25.564700 1.981150 
1069 1 4.569900 19.565700 2.384790 
1187 2 4.913790 22.694800 10.782200 
192 2 4.802810 26.170000 5.524830 
1138 1 0.222724 17.603100 3.712420 
1122 1 1.698320 14.009600 2.679910 
689 1 0.796025 19.984800 10.754200 
1922 1 6.754690 15.174300 5.386820 
561 1 0.597888 21.433100 4.870090 
320 2 7.806190 24.042000 9.999410 
796 2 10.633900 24.780900 3.718670 
395 2 8.534750 14.471000 11.356400 
1224 2 0.586677 23.814300 8.203570 
435 2 6.669100 17.834300 3.772530 
1718 1 0.159596 25.801300 1.199680 
525 1 12.966600 22.692200 3.228330 
1316 2 0.823059 22.312100 5.563420 
361 1 7.084020 18.342700 4.234180 
272 2 5.512270 17.955100 7.740730 
397 1 6.498920 20.326400 6.207730 
167 2 0.305517 23.587600 8.473640 
1197 1 8.635510 14.269100 7.517940 
236 2 10.901300 19.353300 12.122600 
1433 1 13.026800 23.484300 11.108500 
1712 2 9.528120 21.116200 6.460330 
280 2 11.565000 23.017400 7.221840 
282 1 8.316590 19.782100 2.128600 
1677 1 9.600810 16.012300 0.135459 
347 2 5.273630 22.590300 3.664620 
1788 2 12.444800 25.433900 1.668020 
222 1 11.676800 14.654000 7.397460 
1954 1 13.120000 19.654300 4.735920 
691 2 8.776190 22.643800 13.140200 
1825 1 5.280300 25.287000 9.534670 
1469 1 12.687600 17.233600 10.107300 
804 2 1.823620 21.191500 3.261380 
1680 2 13.073400 24.908700 5.000860 
1039 2 5.315950 17.021400 11.871700 
379 2 4.783620 14.185200 12.562800 
1333 1 12.895500 24.948000 3.618800 
350 1 8.690970 22.358600 12.211900 
724 2 4.688750 23.083300 7.175530 
1140 2 11.354000 23.415000 9.694930 
556 2 6.334550 14.957900 4.799740 
1091 2 2.432190 21.476900 12.693000 
1658 1 4.815790 23.301900 12.800300 
206 1 4.873300 25.417600 2.379520 
1280 2 8.741250 25.903400 0.202293 
1420 2 7.135320 17.544700 4.540390 
1967 2 9.911640 14.719900 3.417360 
903 2 10.734300 18.301700 12.572100 
746 1 9.730030 18.306100 5.217600 
1944 2 4.695070 22.507100 3.882650 
1234 1 11.805000 20.834400 9.892810 
1168 2 5.767380 14.828100 12.892600 
1425 1 9.692590 13.593300 5.450550 
1899 2 11.319400 23.010600 6.897560 
433 1 6.304130 18.855600 10.628800 
102 1 1.848330 19.635400 5.439850 
609 1 11.011000 19.097400 2.250120 
1645 1 9.656680 13.830900 3.479170 
60 2 3.875690 17.309300 4.813860 
1328 2 10.111900 18.598100 2.239280 
229 1 6.469990 18.096600 1.208620 
1815 2 9.933420 20.456700 6.212500 
1580 2 1.537310 26.343200 3.268000 
704 2 0.557359 26.021800 2.652930 
1573 1 10.837400 23.626000 10.581900 
59 2 2.245280 21.570100 3.154330 
1324 2 7.816840 15.045000 8.354290 
480 2 4.591790 25.510100 13.134800 
1390 1 8.388200 14.538600 11.642000 
1378 1 3.756770 19.942200 7.714590 
1309 1 5.361870 21.992000 4.258630 
1510 1 3.210300 14.072500 4.182680 
1236 2 11.245600 14.306500 7.267550 
453 1 7.445930 20.795800 2.906840 
692 2 10.449200 14.463300 3.310370 
1364 2 4.089750 21.056100 8.743610 
906 1 9.862960 15.989500 3.840240 
723 2 0.267462 20.125900 0.581914 
328 2 8.866100 14.443000 11.224500 
200 2 5.666140 17.697800 10.973400 
285 1 2.287640 21.587000 12.847200 
533 1 1.969590 15.956800 11.426700 
374 1 9.545410 24.197600 8.997190 
1126 1 7.393970 23.531200 10.158900 
277 1 0.515377 23.466000 8.334700 
1816 2 7.817690 24.127400 5.576040 
995 2 7.363920 13.298400 0.324867 
1285 1 0.291320 15.681800 8.606150 
117 1 7.796960 24.065300 6.039740 
1238 1 4.867090 18.050200 7.313640 
1989 1 8.942480 21.141800 6.292700 
1481 1 11.380600 13.982900 12.353600 
855 2 8.025270 17.838700 0.600416 
1856 2 12.054400 14.225900 0.086335 
520 2 12.311000 16.006900 12.325500 
1442 1 4.660840 19.086700 11.843800 
1090 1 11.295600 14.167600 0.295483 
154 1 4.514130 22.811200 3.146800 
619 2 10.713400 23.212300 9.332450 
593 1 6.352780 23.141800 2.841720 
795 2 3.399800 14.665000 8.801470 
1053 1 8.760010 16.373000 9.614230 
259 2 5.641060 25.905700 8.891800 
1765 1 11.049400 18.684800 12.335600 
625 1 8.873880 17.360700 7.072420 
1560 2 9.422600 17.016500 11.324700 
1305 1 10.984100 21.301500 3.124780 
1877 1 11.394400 23.618000 7.072180 
1733 1 6.996960 14.527900 9.259510 
1766 1 0.804632 22.374900 6.171230 
1370 1 0.556416 15.446400 1.813100 
1690 1 5.633980 26.023700 12.350200 
1121 1 2.812620 25.408600 5.030800 
1271 2 11.139500 20.299600 9.769780 
1353 1 2.607830 17.081500 5.746430 
611 2 11.984900 26.443200 11.991900 
488 2 5.128500 22.560100 12.531300 
1458 1 6.770800 15.871200 3.689800 
682 1 5.374490 25.867200 8.184500 
1660 2 5.002680 25.465800 2.679360 
54 1 1.195010 13.986500 6.578680 
665 1 2.708620 14.287600 8.506870 
1347 2 11.503700 13.440200 11.959400 
241 1 1.678460 25.129800 12.584300 
889 1 5.164910 17.585100 11.253400 
1839 2 1.120160 13.958400 6.811360 
552 2 3.212120 23.585600 0.204557 
1023 2 5.006420 19.147100 2.773910 
232 2 4.670810 16.172900 1.334690 
845 1 6.569730 21.431900 7.447520 
743 2 7.739080 24.068000 9.923820 
511 2 10.269100 21.361800 0.300473 
142 1 7.528400 23.625700 0.253070 
881 1 9.293690 18.129900 9.432550 
173 1 12.929900 25.203700 1.578690 
1628 2 5.412580 25.913800 8.883690 
133 1 10.625200 19.847000 9.093720 
1542 1 7.501400 18.873100 13.161800 
1169 1 3.398110 23.377800 0.067898 
1549 1 6.580760 17.352400 13.082900 
1771 2 5.329300 24.505600 13.133700 
1915 2 7.797950 23.329700 0.119565 
1686 1 7.816700 18.878400 17.055100 
960 2 13.116000 16.241100 18.204200 
861 1 12.570200 17.284400 18.926900 
1346 1 5.737650 24.722100 21.465600 
1318 1 2.180020 21.910200 24.722000 
728 2 8.250990 23.327600 23.877200 
80 2 12.266100 15.165200 20.863300 
1486 1 2.478300 19.395700 17.844000 
100 2 9.682830 15.167200 22.695100 
84 2 1.291290 24.297700 20.786900 
120 2 10.063200 17.534800 16.165400 
62 1 6.926940 15.345100 18.314800 
421 1 11.197500 22.541700 14.121900 
101 1 4.999970 24.973700 13.567800 
588 2 3.130770 17.320600 14.192600 
660 2 6.643820 21.061500 25.987100 
32 2 12.810300 18.921200 15.140600 
858 1 12.781800 19.699400 14.327400 
1700 2 3.567000 26.363800 19.285500 
610 1 6.083640 26.219500 26.063300 
856 2 11.481600 24.394600 21.373400 
1249 1 12.260400 24.460100 14.711600 
235 2 9.491380 21.438200 24.090700 
1737 1 0.337375 14.945400 20.281100 
1113 1 1.431960 20.668000 16.090800 
483 2 9.601710 17.875100 16.242300 
1993 1 7.723940 17.883600 23.423600 
175 2 4.834590 23.513800 16.670300 
1302 1 3.593690 25.018000 23.694500 
1377 1 6.788880 18.940200 18.455700 
1975 2 0.710621 18.974200 15.517400 
26 1 4.734030 17.310500 20.938900 
1487 2 7.339520 17.493400 24.932200 
1193 1 11.154000 24.703700 25.007700 
1800 2 9.009510 25.715600 14.341900 
1028 2 10.048300 18.635800 21.608900 
356 2 7.023680 25.422000 21.345900 
1582 1 13.251500 26.220900 22.536100 
1216 2 0.971281 23.558800 25.119000 
43 2 4.453550 14.748000 23.273600 
828 2 1.459280 14.247200 19.201800 
859 2 12.541900 16.703700 18.975800 
253 1 9.749620 17.400500 16.831000 
1386 1 9.584510 18.137200 15.518000 
755 2 8.351670 25.942000 13.620700 
336 2 1.241060 14.341300 24.366000 
1543 2 2.546700 16.173500 14.174700 
952 2 2.411700 16.276300 16.527400 
1385 1 10.629500 20.576100 17.006900 
203 2 5.648920 14.783000 19.190700 
636 2 8.033410 17.700300 23.803200 
160 2 7.227710 15.320100 16.460100 
983 2 10.417700 24.464600 20.652300 
1624 2 1.383540 25.532600 13.427400 
1426 1 1.448970 22.500600 16.650200 
1845 1 2.154850 16.523400 22.200200 
1569 1 9.212910 22.291100 18.545400 
1787 2 2.069530 16.085600 17.107600 
616 2 11.595400 17.041100 24.031400 
1577 1 11.525700 23.884200 21.768200 
838 1 1.998750 14.320800 23.580800 
877 1 7.512140 15.713000 16.438100 
1188 2 4.839610 22.352800 23.309700 
1504 2 7.896180 21.875900 15.887900 
868 2 9.213240 26.408100 17.586000 
580 2 5.450140 15.160300 20.052500 
1636 2 7.613890 13.556300 23.637700 
1496 2 4.518790 22.044700 20.370000 
794 1 3.634750 21.955300 21.105900 
7 2 6.835920 24.828400 15.509400 
686 1 3.634530 23.329800 16.425800 
1214 1 5.328210 18.303000 22.169800 
775 2 0.963404 14.552700 20.347100 
20 2 6.743330 17.633400 21.429900 
1475 2 0.595114 22.434500 25.213100 
429 1 3.463610 18.039200 20.152500 
1335 2 11.248700 16.828000 24.020100 
279 2 10.579100 25.655600 25.728600 
1724 2 11.574100 21.651900 22.266800 
535 2 6.926200 15.467500 15.431500 
298 1 4.776810 25.794900 20.007900 
581 1 7.264380 23.025400 16.271700 
118 1 8.762210 19.698300 25.176400 
1863 2 5.277360 19.509500 15.229100 
1006 1 12.225600 13.691900 15.044000 
409 1 7.149260 14.576700 23.661800 
560 2 4.839270 22.939500 16.013100 
989 1 6.716510 18.077700 21.433500 
2 1 3.556430 25.104700 19.029600 
1813 1 10.633700 18.449200 19.460000 
469 1 2.464960 17.289500 25.836900 
1875 2 9.283600 15.535100 22.640600 
834 1 0.566609 25.136300 13.765700 
233 1 8.603000 15.498800 23.585600 
1854 1 6.287340 14.673200 15.551700 
1146 1 0.414477 25.694700 15.798800 
1414 1 9.456920 26.423100 17.022300 
1252 2 8.502010 20.752300 22.137800 
676 2 6.032860 22.151400 18.400200 
1367 2 11.856200 14.031300 23.951100 
432 2 12.124700 14.330500 15.646800 
1842 1 6.418300 22.674600 18.529500 
50 1 12.560800 17.721100 23.683800 
1086 1 1.123630 13.733800 20.204100 
933 1 8.473370 21.655900 15.532100 
1640 2 3.898780 17.275200 20.514700 
1537 1 6.675830 19.954200 17.807500 
212 2 5.898060 25.873500 25.672400 
644 2 10.245800 13.689500 19.815200 
626 1 12.691300 17.450000 26.190600 
1517 1 8.521200 20.173500 22.455000 
1987 2 7.330620 18.298500 13.390500 
1704 2 8.982400 22.575800 18.961600 
1963 2 5.816300 25.760000 25.433100 
119 2 3.558080 25.644200 22.488500 
653 1 11.421500 16.389100 23.814000 
139 2 6.954860 19.082000 17.779400 
1693 1 6.466450 22.904500 23.281300 
1087 2 9.973430 18.186600 21.467500 
220 2 1.665690 19.926800 18.785000 
412 2 1.370300 26.066400 24.222400 
835 2 12.532600 22.013600 22.510000 
1592 2 5.160590 15.016500 23.322800 
1647 2 4.376780 18.717300 23.549700 
438 1 5.374670 19.002500 14.053400 
1232 2 12.228800 25.521400 15.501000 
940 2 6.199490 26.411000 16.145600 
455 2 7.432560 13.992800 23.491900 
9 1 13.175200 19.045300 15.814800 
1029 1 12.743100 23.045100 25.901600 
183 2 8.163670 21.766300 15.800000 
335 2 0.793343 24.498800 20.587900 
1074 1 10.129400 18.875500 21.208900 
318 1 4.357390 22.513700 23.206300 
1821 1 4.491760 14.468300 23.247400 
1742 1 5.319290 17.776600 16.246800 
1483 2 2.127270 19.955400 19.121800 
879 2 5.594550 23.153100 23.414200 
1289 1 8.800090 25.910900 13.664600 
478 1 9.097320 16.085700 19.001700 
239 2 11.659200 22.894600 14.522100 
1924 2 13.181900 17.863700 22.112800 
126 1 12.636100 23.185800 14.780700 
1408 2 2.104220 23.313300 17.081000 
757 1 1.046910 15.659600 17.053500 
1644 2 6.668190 18.586800 13.815700 
1866 1 2.665060 15.677700 15.170300 
218 1 12.341200 26.328500 16.017100 
1081 1 0.314388 23.675800 21.071500 
367 2 10.901400 20.990000 17.335800 
1181 1 12.199100 14.264800 23.508800 
196 2 8.131800 16.319800 19.325800 
846 1 10.215500 24.225700 20.031900 
817 1 9.431160 21.814000 24.089400 
1703 2 0.804500 24.916100 24.624600 
1206 1 7.601110 16.656800 19.790900 
1583 2 13.023200 23.039100 26.351200 
1879 2 2.550410 21.149600 24.093200 
352 2 11.712900 22.708700 14.402200 
278 1 12.208300 15.365200 20.882300 
954 1 7.844750 21.121700 21.539200 
1523 2 6.039120 17.903500 21.487400 
562 1 6.185030 22.201300 25.691800 
582 1 5.287190 22.047400 19.518300 
156 2 12.679100 16.806400 26.509400 
184 2 2.258740 17.198500 22.804400 
1531 2 9.176920 26.300500 17.586600 
809 1 10.130700 26.149600 18.090800 
1764 2 3.801560 25.711500 22.648200 
400 2 9.135780 20.591800 25.940500 
1909 1 6.579450 24.848000 15.553300 
1223 2 5.731640 22.051100 19.141900 
1220 2 3.885960 19.283400 24.475300 
717 1 0.898363 25.019600 20.472700 
1618 1 10.989700 13.965300 16.218900 
1259 2 8.162140 16.186100 19.118400 
1490 1 5.729510 25.242800 25.205700 
1031 2 5.536920 21.674800 25.865700 
530 1 7.832490 13.331600 23.788900 
56 2 0.316864 19.929000 16.544500 
1948 2 4.474020 17.104000 17.128100 
1797 1 4.997030 23.223100 16.805000 
769 1 8.197520 23.072600 24.574500 
1383 2 11.165200 14.335700 19.426000 
591 2 3.607360 21.976200 21.067100 
1394 1 2.671400 17.946700 23.535900 
95 2 3.443530 25.048600 19.459400 
1587 2 2.443310 17.157600 25.827800 
1713 1 4.288170 19.313200 24.720300 
1707 2 8.064030 25.334800 22.347200 
1947 2 4.647850 20.922900 15.096600 
230 1 8.480570 22.412300 19.695800 
191 2 12.631800 17.193200 26.282300 
1070 1 4.642400 21.514600 15.083200 
1155 2 10.770600 19.222500 19.112100 
1371 2 12.532400 19.119200 14.780400 
434 1 3.002730 23.597900 20.639200 
1638 1 1.409220 20.461600 18.942700 
1172 2 10.978100 24.852500 25.295000 
718 1 13.118500 21.862900 22.793200 
442 1 1.539280 24.564900 25.322900 
1929 1 5.045410 19.922200 15.643700 
215 2 1.636840 22.635500 16.721400 
1495 2 8.992240 22.412800 19.132200 
1546 1 4.700630 15.626500 23.610200 
1698 1 9.919020 15.785800 22.216700 
720 2 6.982000 19.098600 18.026900 
1535 2 7.836090 20.923700 21.768600 
706 1 1.702250 14.096600 25.305500 
456 2 10.981300 20.588400 17.094900 
1176 2 10.345700 18.425800 19.142900 
189 1 10.498200 26.221800 25.837600 
605 1 9.723670 17.993100 21.713300 
474 1 13.087700 13.832200 17.440700 
571 2 0.724555 24.547500 13.634400 
690 1 4.330920 15.683700 19.706800 
1534 1 10.949800 19.505000 18.600500 
81 1 11.052500 21.497600 17.640300 
341 1 3.733960 13.588500 17.376700 
1000 2 5.092340 20.454300 15.624200 
902 1 3.487530 20.773200 24.073300 
1659 2 1.741790 14.492200 25.207900 
1379 2 1.503040 17.040000 22.731600 
1735 2 3.683690 17.165300 19.827100 
646 1 0.002066 18.634900 15.594900 
1945 1 8.204460 25.241700 22.236100 
1145 1 10.844500 17.299200 24.981900 
1981 1 0.825729 24.992100 23.831200 
915 2 12.315000 23.259400 18.810200 
1822 1 3.666130 26.037300 22.305300 
1785 1 11.010900 14.702000 19.758500 
1791 2 11.754100 13.948200 15.317400 
1505 1 12.218600 23.077300 19.472900 
1673 1 7.988020 24.981100 14.213400 
1329 1 4.848840 25.997700 16.403300 
1561 1 6.550310 20.850500 25.843100 
1881 1 2.944840 17.566800 14.296100 
1229 1 0.844979 15.449900 26.226400 
1990 1 8.796430 22.394900 13.645900 
938 1 11.792600 21.567900 22.416000 
1133 1 3.154870 16.266100 17.117300 
1532 2 6.556750 25.744600 20.951300 
1310 1 5.609670 14.111200 20.306000 
284 2 9.731900 16.279500 26.468300 
1942 1 11.695200 16.124600 26.520500 
1633 1 23.723200 10.401400 12.318600 
557 1 19.701200 12.841300 9.438340 
836 2 19.892000 9.331480 4.755310 
1623 2 14.860800 11.911100 0.302885 
370 1 13.436000 0.979067 8.089880 
766 1 20.608600 6.805000 8.399410 
606 1 19.221000 4.587020 10.017800 
1525 1 17.804400 3.473370 2.433770 
1104 2 18.401500 0.272500 10.577100 
1407 2 19.292900 4.730300 5.722930 
1565 1 15.727400 12.447200 0.714298 
504 2 15.526700 2.469660 11.678600 
1417 1 26.315900 0.973977 8.218250 
870 1 19.279200 1.246550 9.045760 
935 2 17.081600 11.320000 8.098170 
1067 2 18.715000 2.280680 8.357350 
113 1 21.084300 0.973813 6.742430 
1983 2 17.610100 7.129760 4.239790 
1449 1 25.576500 3.997030 9.396110 
377 1 20.862500 1.522700 12.793000 
115 2 23.494300 10.580600 12.455200 
750 1 15.381900 1.535420 1.478620 
645 1 25.692000 3.786340 2.119250 
177 1 17.882600 6.101720 12.403600 
293 1 18.248900 7.726830 10.024500 
790 1 21.794600 6.734250 11.363000 
1588 2 21.960800 12.664800 5.751350 
104 2 14.221800 9.318440 0.588031 
1336 2 25.873400 3.615700 2.362520 
813 1 18.645500 11.879700 8.063660 
1598 1 22.148400 11.707800 12.598000 
678 1 21.546000 3.895830 2.607890 
1721 1 25.175600 8.776670 11.161800 
1872 2 24.018000 3.093840 6.402450 
137 1 24.098400 1.450260 2.238480 
548 2 20.035800 4.649990 5.423920 
1950 1 23.467700 0.385718 3.533460 
669 1 25.151300 8.692540 3.596340 
329 1 21.642800 3.025460 3.754170 
805 1 24.601500 7.635820 12.561800 
1482 1 19.729800 3.683490 5.696830 
631 2 20.438200 2.105070 5.961390 
1303 2 17.539800 10.999900 10.727100 
402 1 14.824800 5.609980 9.244730 
627 2 14.871800 1.791540 1.385990 
1300 2 22.186400 9.861160 2.478800 
151 2 15.415000 12.485200 9.953440 
1183 2 13.834600 11.937600 7.584370 
1811 2 21.657100 8.468530 3.669210 
1010 1 13.974900 1.410180 1.998380 
1888 2 17.531200 11.130500 2.950260 
668 2 14.169800 5.539100 9.867000 
1363 2 21.937000 11.235500 1.490880 
1257 1 21.452300 9.470200 13.078600 
1876 2 17.361700 11.088700 11.401900 
1046 1 26.516300 10.842100 4.645550 
1055 2 18.978100 13.237500 2.039110 
1338 1 15.800500 10.099300 4.245550 
1964 2 16.262400 3.717070 8.155810 
134 1 15.579200 8.819130 10.130100 
1849 1 24.714700 11.825700 7.567160 
907 2 13.340700 1.980420 4.806540 
883 2 24.841200 2.571770 6.149570 
1072 2 22.572200 12.576800 3.168350 
495 2 17.942400 5.693580 0.019322 
997 1 22.492900 1.128040 10.382600 
31 2 25.434400 8.091310 11.867800 
12 2 14.292000 5.660270 5.046980 
1361 1 23.891000 9.444170 8.353120 
1202 1 18.045500 11.443900 5.794820 
1208 2 24.913000 2.625940 6.783130 
17 1 14.737300 5.396210 6.594190 
515 2 17.347700 8.683060 1.939320 
106 1 14.868000 11.585700 6.115910 
1763 2 14.247100 9.692810 3.401910 
1450 1 20.108900 8.128770 4.405760 
840 2 15.326400 10.215100 4.751640 
1961 1 21.562400 9.118490 2.859490 
602 1 20.438700 1.826300 5.733020 
1096 2 19.394900 4.787680 10.117400 
1159 2 22.343900 3.672100 5.704610 
1512 2 24.825100 12.904400 1.273020 
1958 1 21.661900 2.784440 10.010600 
477 1 19.285800 2.421100 8.488120 
982 1 17.390300 11.714400 2.930740 
1552 2 18.996600 12.335100 5.220480 
1920 2 20.848700 6.569020 7.529360 
1871 2 25.881100 3.527570 2.927020 
1665 1 14.265800 9.234860 1.341410 
1590 1 22.934400 12.677300 3.631360 
262 1 24.540500 11.665400 1.576360 
237 1 22.307900 10.789000 2.252880 
94 1 19.374200 3.493680 3.398570 
1219 2 25.429600 9.061480 3.607970 
696 2 21.649700 3.645160 3.087310 
819 2 15.801900 4.241790 5.496140 
679 2 13.792600 13.151900 4.424020 
1016 2 15.030500 13.248700 10.368600 
831 2 15.297200 9.257410 8.599160 
307 2 21.204600 6.782660 7.821420 
1550 1 13.313400 12.137300 7.736970 
231 2 24.614500 12.309600 1.510780 
1691 2 18.318700 3.421570 2.970980 
1621 1 16.078500 3.536190 7.703060 
603 2 14.697800 8.109290 0.522340 
1873 1 17.491900 8.267130 2.476830 
1319 2 22.116800 13.241200 5.942540 
1812 2 15.097500 9.282660 9.492970 
1978 1 20.533200 6.378210 1.995760 
268 2 14.339900 0.883268 8.422640 
96 2 13.413700 6.961880 1.852080 
1397 1 14.562600 3.963430 2.006790 
711 2 21.464300 3.171450 3.119420 
1734 1 17.190400 7.341900 7.190960 
494 1 21.102700 10.517000 7.099370 
1896 2 26.013300 6.801750 7.138850 
1435 2 23.266200 7.646160 5.568960 
950 1 25.000200 10.744100 5.915340 
1518 1 21.833000 3.649480 6.110900 
1051 2 20.519500 6.476220 1.740190 
1807 2 25.092200 13.253300 4.242940 
574 1 22.181500 9.779020 8.598550 
1084 2 19.281000 2.198940 1.744720 
1773 1 24.984200 6.926890 0.030500 
476 2 20.697000 6.652590 2.164140 
847 2 25.469100 5.799520 0.069055 
731 2 18.500100 6.845630 11.177100 
774 1 23.295400 2.996320 6.135970 
255 2 13.487700 7.178920 2.650210 
1539 2 23.449900 1.155040 2.686710 
590 1 21.327300 6.982640 7.502610 
1514 1 18.104800 6.078550 0.814749 
437 1 13.489900 6.656160 1.545240 
1984 2 14.995200 4.125380 2.463320 
1835 2 20.153300 10.759300 6.559240 
876 2 22.425100 10.140000 8.008380 
155 2 22.895500 7.795660 0.855685 
201 1 19.822200 10.273300 5.970140 
1848 2 25.237100 11.874500 8.967750 
465 1 24.429700 2.224060 7.294690 
737 1 20.936700 11.911700 10.122000 
1275 2 13.921200 5.555120 5.312930 
1076 2 21.754000 6.300440 11.838400 
814 1 13.939200 5.620940 4.534120 
586 1 18.075600 11.432700 11.830300 
1095 2 26.329000 0.590873 7.282640 
1666 1 24.207900 5.050690 3.530560 
1937 1 24.546400 12.853000 0.775096 
1354 1 16.531800 0.204266 6.001310 
1438 1 25.368200 3.288000 3.840650 
1225 1 17.917600 4.127370 4.026970 
463 2 24.866300 3.743710 8.934850 
457 1 22.775600 7.303620 5.611050 
394 1 17.145100 11.209700 9.529020 
449 1 16.824900 12.133100 7.361800 
427 2 16.619800 1.164790 4.430990 
1841 1 19.886100 1.870060 1.067300 
901 1 23.862300 8.513230 5.447940 
981 1 19.713900 5.179470 5.429770 
1151 2 17.161400 10.929000 3.346070 
647 2 21.540700 6.056910 11.931900 
111 2 21.231300 9.806780 9.380420 
186 1 17.545000 10.585500 3.559770 
1884 2 17.116000 11.733200 7.646520 
1097 1 16.818200 8.726770 1.440490 
1639 2 23.438600 9.458170 8.701750 
1738 1 20.371300 12.176100 1.758650 
343 2 20.149300 12.427200 9.735080 
473 1 20.278200 9.141800 12.736300 
1859 2 22.195300 1.557090 10.441000 
1194 1 13.538100 10.650500 10.608800 
1429 1 13.877800 12.236700 13.184100 
756 2 21.050100 1.842090 6.276000 
583 2 17.598600 7.567260 7.354020 
1227 2 13.862600 5.789880 9.513340 
1017 1 17.773100 8.561110 6.849180 
274 1 14.078200 9.935310 3.611490 
1655 2 24.363200 5.682360 3.720590 
714 1 19.534900 12.793300 5.079350 
178 1 17.524500 5.891950 5.348260 
895 2 20.096500 0.298827 1.764540 
1614 1 16.942300 10.759400 11.261800 
744 2 25.397900 5.713460 0.052077 
1868 2 16.847300 0.871259 4.900760 
1907 2 13.643100 10.671500 10.975000 
141 1 24.128600 4.527890 11.446000 
1152 2 20.333000 12.013200 1.436420 
1340 2 17.774200 6.630670 4.752910 
362 1 14.107600 12.749700 4.577710 
1228 2 18.227500 7.237780 10.719800 
1392 2 26.285800 3.956350 9.563320 
1652 2 17.433000 8.086670 7.419790 
1116 2 24.016400 5.251750 3.528850 
553 1 15.121400 9.501590 8.655910 
1380 2 20.994300 9.327140 12.724200 
1946 1 25.385000 6.106980 7.400180 
1572 2 24.264500 4.626850 11.900500 
371 2 13.753100 1.026060 8.565510 
1186 1 17.903600 7.424140 4.482550 
5 1 15.323600 12.601200 10.348800 
1752 2 14.109000 11.745200 8.461370 
330 1 21.738200 12.209800 5.421910 
1068 2 22.430900 11.796700 11.646800 
842 1 20.213700 0.113570 2.038630 
198 1 20.606200 4.286360 10.565300 
849 1 21.174900 5.565270 12.010800 
1918 1 22.168700 9.171080 0.139087 
1725 1 18.650900 13.150000 2.383050 
148 2 14.399300 1.856940 1.545360 
317 1 16.887200 3.075340 12.003700 
892 2 18.418500 3.535460 3.343820 
1308 2 23.447300 8.012560 5.303320 
658 1 25.834100 12.726800 1.612300 
267 2 20.535000 1.725040 12.665300 
334 1 22.937600 5.568750 3.597780 
1911 2 19.885800 4.836370 9.988980 
467 2 14.868100 10.567600 5.168500 
1398 1 22.195600 7.202350 1.942420 
462 1 24.954000 2.788500 5.985980 
1352 2 25.175100 8.957100 12.000600 
1661 1 16.729200 1.787800 4.631370 
1382 1 18.084400 3.409880 7.879130 
1320 2 21.830400 2.715660 10.534300 
83 2 16.218000 4.144150 8.087900 
1493 1 14.403400 11.546300 8.565000 
1044 2 19.919200 12.432700 9.149160 
61 1 25.252900 5.347390 0.327830 
671 2 20.574200 9.005360 12.755300 
1201 1 18.712100 0.464415 12.076700 
369 1 15.285000 3.990500 5.404650 
28 2 24.993000 10.510000 5.824370 
1914 1 13.332700 2.217630 4.953950 
971 2 24.860400 11.803000 7.643710 
304 2 15.565900 12.759100 0.379032 
1405 1 19.341700 6.913620 11.096900 
471 2 15.785500 3.286420 11.496500 
1520 2 19.543200 2.273510 8.752370 
1167 2 18.723100 12.952200 5.311490 
854 1 15.187600 2.989550 11.253500 
1776 2 24.073300 1.518020 2.329110 
712 2 17.458900 8.720310 1.877550 
401 1 22.594400 12.941400 12.262500 
522 1 19.329300 11.049100 0.435266 
281 1 14.115400 7.994560 0.210759 
1969 1 14.535100 0.913277 8.685410 
27 2 22.387700 12.229200 12.129400 
309 1 26.406700 7.580000 12.754100 
1974 1 13.333100 5.674340 10.403100 
112 2 15.497000 9.163910 13.239500 
1584 2 17.546000 5.525750 0.482915 
202 1 21.535100 6.333010 22.342600 
507 2 16.749600 1.245230 18.945200 
1784 2 23.368500 8.992080 15.495800 
1905 1 22.029900 1.329090 22.030600 
1606 1 19.987100 12.542600 19.639500 
34 1 23.011500 6.128660 14.436000 
896 2 15.252000 4.088030 25.362300 
188 2 20.961800 11.858400 19.859200 
450 1 16.394000 10.935200 19.655700 
1375 2 18.206700 11.134900 26.360200 
1979 2 25.722900 6.505890 16.950300 
294 1 17.382200 2.558100 25.327500 
1731 2 15.064500 10.524100 20.910000 
832 2 25.644400 3.985400 23.331000 
165 1 15.846300 1.887400 22.946900 
1985 1 22.801100 5.258210 17.540200 
1973 1 21.097200 8.807690 20.343900 
1255 2 15.177900 4.097310 20.595500 
1930 1 22.088800 3.076150 22.315100 
1412 2 20.088200 11.288400 15.846000 
1656 2 16.796500 12.145200 19.072800 
1810 1 24.602200 5.521450 16.111600 
1728 2 16.102700 11.065900 16.313600 
1207 2 25.989900 1.958250 26.193000 
909 1 14.980600 12.764000 13.653800 
1273 1 22.762000 10.710600 26.257400 
1456 2 19.252000 3.812280 13.584000 
1134 1 14.838500 4.480650 21.607200 
638 1 19.502800 12.045000 15.734300 
1685 1 20.382200 9.865890 16.067300 
1103 2 20.174600 12.139900 19.494500 
939 2 17.989500 2.333720 26.110100 
1230 1 15.778000 6.756100 25.821800 
65 1 22.291900 2.553520 14.869400 
1026 1 18.231100 10.027700 20.412700 
1434 1 24.848100 0.198289 24.099200 
1162 1 15.212500 7.062560 16.295500 
897 1 14.744100 6.917120 14.202800 
1065 1 25.545800 11.145300 23.604600 
1178 1 24.233200 0.537626 17.468400 
430 1 24.559000 6.085870 19.836300 
1959 2 22.483200 2.140150 15.051500 
1748 2 21.584100 2.659730 14.674100 
1156 2 21.076300 4.174920 25.213200 
1088 2 19.400500 0.026217 17.948200 
1179 2 16.008000 8.933160 13.809200 
1009 1 19.623400 3.295940 13.470200 
1743 2 20.131000 9.134660 22.801700 
36 2 13.809900 13.113000 18.169600 
1465 1 18.188900 11.393100 25.885500 
931 2 15.733000 6.819220 25.096800 
1619 2 26.158400 10.618500 22.745500 
1653 1 19.313700 2.391580 23.291400 
1413 1 16.040200 9.261280 13.539100 
1898 1 20.091300 11.326300 24.173100 
1499 2 15.237300 10.116100 24.307000 
1298 1 18.494000 5.849910 25.890200 
875 2 16.333600 11.179600 16.225900 
1448 2 20.803300 5.833490 21.939900 
292 2 25.661500 7.053850 16.099800 
51 2 20.171100 11.748200 15.356900 
996 2 24.869700 1.227950 17.334000 
1262 1 22.530200 2.538790 25.276200 
1345 1 20.569300 5.731680 25.280100 
1643 2 19.689400 2.142770 23.841800 
1602 1 19.666200 6.235860 16.830400 
992 2 22.945300 12.988000 16.691300 
959 2 24.140800 8.026180 23.002800 
1332 2 19.351000 3.450690 19.727800 
1143 2 13.342700 6.751420 13.526400 
792 2 16.997300 6.219740 19.391800 
1393 1 15.764100 11.435900 16.413000 
1770 1 14.968500 0.019684 19.365400 
900 2 18.372400 5.351550 23.428800 
1779 2 21.196100 5.742460 21.897000 
517 1 20.222000 10.335800 22.916200 
1235 2 20.281800 11.908700 23.512000 
1004 2 13.722300 4.675610 18.016600 
1663 2 21.872900 2.668220 22.235800 
1025 1 17.468100 8.589230 22.765300 
1014 1 14.571700 11.749300 20.915300 
1805 1 26.321800 0.475462 16.357700 
376 2 20.170200 7.604780 25.150000 
99 2 22.814100 9.853820 25.784200 
1132 2 17.044000 6.370990 13.577000 
1962 1 15.098100 1.466630 13.878800 
1120 2 18.952200 8.355240 15.530500 
388 2 14.851800 6.714480 16.380500 
550 1 23.938200 8.123950 23.610800 
705 1 20.153500 0.602754 25.400800 
837 1 19.962700 0.172254 21.455300 
248 2 24.303300 0.286355 20.137000 
147 2 15.142700 3.985090 25.698700 
1555 2 19.097100 3.392730 20.042800 
890 1 15.038000 8.504240 20.983000 
10 1 19.679900 7.835240 20.576300 
1480 2 20.665500 8.164300 20.683400 
773 1 25.298100 1.006800 13.423300 
107 2 17.860200 7.937740 16.288200 
1342 1 23.601700 0.008878 20.504800 
1337 1 18.778100 4.420210 14.403200 
1351 2 25.784400 10.317400 17.583100 
905 1 25.717800 3.956900 19.174100 
1060 2 26.130100 0.778535 23.922600 
1701 1 25.740800 6.926870 16.171000 
998 1 20.084600 8.675230 17.553800 
1038 1 14.667100 4.133810 19.977300 
1783 2 25.451300 1.060340 13.543400 
1244 2 14.497200 12.413000 13.376200 
116 2 22.264400 5.852560 17.972400 
1325 1 17.902500 7.833720 15.914500 
1679 2 13.700500 9.856180 16.800000 
1629 1 19.298500 1.861030 24.650500 
891 2 25.169800 2.083030 18.028300 
1806 1 21.058400 11.546500 19.324200 
1402 1 17.694000 0.508226 13.853300 
439 2 19.838400 9.331470 16.744700 
363 2 14.792800 0.689860 14.273100 
1926 1 25.057800 3.969580 23.012500 
1258 1 16.806400 5.887840 13.653900 
684 2 24.375600 1.304850 13.303700 
1882 1 16.434600 10.649900 15.835100 
1297 1 18.392300 1.398550 14.028900 
1248 2 22.640200 10.369700 26.346600 
1210 1 15.903300 6.550960 24.488600 
910 1 13.501400 1.643870 20.594000 
1441 1 22.821200 9.158010 15.885800 
788 2 21.205600 9.139840 17.612400 
1282 1 26.323000 11.763600 14.509200 
537 1 17.458400 6.413010 19.385400 
1908 2 22.943800 6.185750 14.656500 
1359 2 23.390600 11.061700 20.411300 
1313 1 16.295300 12.845100 19.552900 
632 2 22.175800 2.408220 22.200100 
1780 2 25.880700 3.871250 19.178000 
1599 2 23.903500 0.450375 20.133200 
1064 2 25.942400 11.886300 15.160700 
249 1 23.645300 1.656800 13.859900 
772 2 22.480100 2.578400 18.912000 
1715 2 21.895500 1.981550 18.617900 
1148 2 13.781700 8.146340 18.901800 
1818 1 25.957300 13.028200 15.866400 
721 1 17.980900 1.765090 26.393700 
1452 2 16.257000 1.975130 22.726300 
652 2 19.092300 2.223030 23.781200 
1996 2 18.114900 1.105790 13.828100 
789 1 19.756200 4.182250 19.152200 
1874 1 16.568800 9.545500 22.923500 
1526 1 18.139000 5.154910 23.535700 
1671 2 13.710100 4.691440 17.864600 
978 1 21.556000 6.067720 18.807000 
105 1 14.810500 10.465100 23.844500 
654 1 25.689200 10.499900 16.390600 
1357 1 23.048200 9.320730 24.933600 
1042 1 17.046900 5.469390 26.373000 
1739 2 18.428600 6.178260 19.398600 
508 2 18.550100 10.069800 20.481800 
685 1 14.308300 6.497210 16.850300 
1160 2 14.616900 4.091490 21.101500 
1717 1 19.550600 13.127300 13.392600 
659 2 17.829300 9.571920 19.650800 
440 2 24.193500 8.376230 23.760400 
1350 1 13.356900 10.756000 16.563600 
1509 1 19.694700 4.940690 17.102600 
1831 2 20.757100 8.758100 19.988000 
1891 2 13.408300 7.423270 19.168400 
1982 1 17.651300 5.070810 19.644900 
1957 1 17.162700 9.696820 17.917300 
1570 1 19.197000 8.570390 15.427600 
288 2 17.880100 9.602880 18.309300 
1676 2 23.970200 11.001200 20.692100 
1279 2 20.574000 5.769570 25.095600 
1714 1 13.945600 5.487810 13.363000 
745 1 24.727400 2.361740 22.005900 
1846 1 22.327300 8.299560 17.988100 
730 1 23.830600 10.957600 20.365000 
1369 1 23.689300 12.514400 17.058900 
810 1 13.993100 5.000130 17.804300 
353 1 15.232300 8.470520 24.465700 
1571 2 17.906800 5.660870 23.551100 
1389 1 21.092900 3.428960 14.078500 
149 1 21.332600 3.914060 24.877200 
182 1 14.262800 9.146520 17.830500 
673 1 21.155400 12.010100 23.328700 
651 2 24.163000 8.850710 14.758700 
1683 2 16.855600 12.226300 19.070400 
1995 2 17.292000 5.450950 13.516500 
815 2 23.032300 12.748800 16.249200 
1827 2 16.497800 3.029970 15.794300 
1507 2 14.529600 12.420600 13.596800 
89 1 17.591200 8.957860 19.359200 
781 1 15.077500 2.891190 21.983400 
174 1 26.187900 10.559700 22.925600 
138 1 23.367600 5.351810 20.899000 
1343 2 19.725200 5.240590 16.771900 
1893 1 25.355100 9.169900 21.535500 
770 1 22.557100 12.432300 15.869900 
342 1 16.171000 2.942790 15.905500 
1834 1 20.432200 7.772110 24.989800 
378 1 13.427100 5.156830 15.879500 
1296 2 16.396000 1.725050 16.065600 
1851 2 14.233400 0.425632 24.819200 
70 1 17.028100 2.454220 22.209800 
1637 1 21.401300 1.882570 18.566800 
661 1 23.629700 8.223760 15.525800 
614 1 20.457000 5.628070 21.848200 
916 2 14.835700 0.716368 14.049400 
991 2 16.844500 8.817840 22.700400 
1782 1 16.049900 0.745093 16.086200 
1381 1 22.689100 11.160000 20.888400 
1144 2 19.626100 5.887390 17.042700 
1246 1 14.970400 4.293240 24.833700 
380 2 20.648800 11.100300 23.673600 
742 1 19.218100 1.761460 18.087200 
1131 2 25.040700 5.586030 19.963100 
624 2 17.571200 1.927280 26.029600 
1551 2 19.341700 3.593470 13.864000 
1032 2 23.789000 5.230920 20.790000 
1020 2 15.720300 6.991770 25.141600 
839 2 24.815700 3.049910 22.864800 
1910 1 24.616400 1.022190 19.989400 
1754 1 17.342100 11.968800 18.574700 
934 1 16.916500 1.481310 19.415100 
878 1 14.491800 10.562000 26.140500 
21 1 15.091000 3.318140 26.107600 
1161 1 14.363100 0.114625 14.679800 
1092 2 17.373600 8.957190 22.769800 
1515 2 15.053700 6.629370 16.453600 
1508 2 14.760600 11.482800 21.106200 
499 2 16.059900 2.199760 22.647600 
663 2 22.513500 5.205100 18.137300 
970 1 22.459200 2.676230 18.869800 
1489 1 25.336300 2.045020 25.730900 
1786 1 25.206200 2.361770 17.994900 
1892 2 14.488900 10.007300 24.232700 
687 2 22.822700 3.340350 25.237400 
176 2 18.502300 11.308100 26.044700 
1912 2 25.253800 10.370300 17.274600 
823 2 22.978200 8.785090 17.865700 
1348 2 25.910600 10.830100 23.238000 
289 1 25.282500 10.626400 18.088500 
1940 2 14.015900 5.876240 13.371700 
500 2 17.637900 1.015710 19.959000 
319 2 23.564700 5.299710 14.839900 
1175 2 17.939900 0.821794 13.456300 
572 2 20.035800 0.645031 25.660700 
1472 2 26.302700 8.747560 20.703700 
850 1 14.519300 13.098900 17.809500 
333 1 14.699300 0.560869 24.948100 
599 2 19.062500 0.324591 17.597800 
526 1 19.254800 1.548960 20.297800 
1101 1 14.931300 12.907600 25.644600 
40 2 13.823800 0.307343 24.755000 
913 1 26.344100 6.542950 17.585900 
447 2 13.376100 7.186380 22.642100 
1709 1 13.351000 7.306310 22.452500 
1556 2 13.456400 7.304030 22.651300 
291 2 22.611900 13.174400 22.621600 
108 2 14.840800 0.363168 19.238300 
1646 1 25.934500 6.035800 13.319700 
1476 2 19.519000 13.111800 13.374000 
153 1 23.220300 24.657400 2.304210 
640 2 19.669900 16.752100 7.451340 
1406 1 24.355600 17.950900 1.895130 
1139 2 16.516700 15.310600 12.452300 
1057 1 15.472400 22.319400 9.441730 
1226 1 14.811300 14.451800 6.531370 
1857 1 13.917300 24.324200 12.128700 
922 1 18.737800 23.298200 10.269100 
1022 1 21.177300 24.942100 12.176000 
224 2 23.959000 17.098100 10.069800 
662 1 22.064700 15.549100 0.501199 
1286 1 19.845400 16.679000 7.230630 
426 1 24.320300 15.885400 3.114730 
853 1 15.311400 24.858300 10.579700 
132 2 23.252400 20.496900 10.488800 
802 1 18.234800 22.341800 2.803610 
389 1 24.545400 23.020600 11.625400 
185 1 24.745300 22.914200 3.608750 
1681 1 23.347400 16.353900 9.676480 
1278 1 21.639300 23.285900 12.880300 
8 2 13.493300 20.947700 0.107687 
1829 1 18.332600 14.744000 10.211400 
1611 2 24.804700 17.417300 11.005600 
1870 1 24.427800 14.165700 3.012720 
472 2 13.388000 17.786100 9.626370 
969 1 15.820200 20.897800 0.288736 
1889 1 18.025500 25.264300 5.018130 
1994 1 16.441200 23.234000 11.878200 
110 1 14.588100 23.321300 8.358720 
1033 1 20.414300 22.503200 10.898600 
418 1 18.883600 17.787900 10.392500 
365 1 17.200600 25.484100 1.696130 
885 1 21.718200 16.933400 4.398050 
1687 2 17.370500 16.651100 5.076250 
1112 2 16.274700 21.966100 0.263084 
1511 2 23.873700 24.462400 0.474472 
708 2 19.575200 18.608000 2.990690 
464 2 21.388000 22.984600 10.595500 
458 1 19.678400 18.815100 11.135300 
1062 1 14.076700 25.992300 4.671530 
1547 2 24.369100 17.409600 1.575370 
1256 2 13.881500 20.752100 11.966000 
251 2 15.672400 25.672500 7.261320 
1865 1 19.683700 18.289400 2.504420 
492 2 18.448800 20.503600 8.697220 
1965 1 22.751600 20.432400 3.910890 
1288 2 18.057700 14.601000 10.709900 
1427 2 22.366600 26.425800 7.799400 
1129 1 23.538600 19.534200 10.218300 
1699 2 16.042400 22.939300 12.245100 
431 2 21.542500 19.277100 13.080000 
1494 1 22.009800 16.296700 11.199000 
1301 1 22.510400 25.691300 4.306700 
351 2 13.850400 19.001000 7.600670 
697 1 17.665900 25.408600 0.248096 
136 2 16.413800 22.532200 5.840230 
375 2 17.251300 24.138000 3.443500 
327 2 14.222300 21.125700 5.357540 
618 1 25.191000 14.126100 4.627960 
565 1 17.178900 21.322900 3.484990 
276 2 18.256500 14.214000 7.303770 
921 1 22.336600 19.636900 4.851680 
1997 1 25.630900 19.555200 4.225760 
124 2 24.931100 13.783900 4.481730 
862 1 15.470100 20.136500 11.181500 
729 1 16.194100 16.362700 0.615142 
1085 1 16.928800 16.613300 4.739810 
927 2 15.347700 22.863800 8.563270 
1960 2 24.275400 15.421000 3.253290 
1339 2 14.887800 15.225400 7.149920 
509 1 23.541400 13.952000 9.310470 
436 2 21.623200 19.024500 13.268700 
736 2 24.775500 19.464500 7.419090 
76 2 21.838600 18.798600 8.468890 
223 2 19.080400 15.396100 0.473270 
694 1 25.093800 24.291100 6.492400 
925 1 13.542700 23.101300 0.437168 
1519 2 19.280000 19.850800 5.111790 
716 2 22.930300 26.297500 8.531860 
707 2 22.880300 21.274500 9.972400 
1823 2 24.981200 24.752400 6.340030 
547 2 19.971100 22.376200 2.517070 
957 1 22.328200 18.774600 8.598900 
209 1 22.014400 14.533600 9.831340 
74 1 13.924200 14.168700 2.470840 
650 1 15.608500 25.099800 7.175630 
1897 1 13.526700 16.293100 5.188640 
1814 1 17.890800 20.365100 8.666620 
24 2 13.565100 17.056400 5.185480 
1716 2 18.943800 25.329700 5.758860 
193 1 20.515400 19.353700 1.404930 
1075 2 16.317600 21.523400 0.252612 
1956 2 20.744400 19.932800 0.188638 
521 1 24.647200 18.000300 12.757100 
385 1 16.707000 14.457300 3.796250 
762 1 14.034500 18.199100 10.713400 
776 2 20.662400 22.231500 4.261520 
179 2 19.337800 15.490800 8.337500 
92 2 20.063800 26.156200 3.209520 
986 1 26.512500 26.491200 6.813240 
1675 2 22.632100 14.264500 9.369460 
332 2 17.646600 21.197800 2.651530 
1858 1 16.796300 21.761500 5.806190 
252 2 23.829100 16.482200 6.639080 
14 1 18.112100 19.576700 3.210130 
1137 1 18.228900 14.249700 7.014020 
1185 1 16.007700 25.569300 0.458984 
114 1 14.598000 17.165500 3.145170 
1018 1 23.732800 21.796000 10.093400 
1437 1 23.797000 26.321800 0.585733 
1603 2 17.857400 20.496300 8.467880 
948 2 14.025400 21.071400 5.148550 
406 1 21.642300 22.221000 7.155080 
1218 1 21.156000 15.910700 12.392200 
587 2 24.095500 16.287500 6.170440 
1409 1 25.285100 16.997500 10.025700 
190 1 15.765000 22.758300 6.281680 
1040 2 20.709800 23.092600 7.175890 
1732 2 25.854300 19.485800 13.072700 
600 2 18.265700 20.492900 5.452120 
784 2 16.138100 22.865200 12.246800 
1688 2 17.245200 17.875100 13.231500 
1404 2 15.852900 15.309600 12.110100 
1500 2 20.933300 16.063400 12.080200 
393 1 18.433800 16.998300 4.993300 
1564 2 15.252900 15.172900 6.978250 
1403 2 13.329600 23.086300 2.860160 
733 1 14.358300 21.322400 5.170410 
510 1 24.125200 16.503700 6.376710 
1864 2 18.869300 18.171500 10.982100 
1502 1 24.390200 17.182000 0.547775 
300 2 19.138700 15.088100 0.524333 
135 2 14.124200 19.970500 11.856100 
764 2 15.169800 25.511600 11.112200 
947 2 19.402800 22.665100 9.948300 
306 1 20.505200 22.757600 4.365120 
1620 2 16.380200 23.968100 3.352850 
1536 2 21.866000 25.814600 7.920620 
1530 1 17.929100 20.922600 1.765480 
194 1 22.284300 13.580200 5.962820 
534 1 23.403600 15.491100 6.888120 
88 2 14.281400 17.742200 2.279250 
1291 2 16.785800 22.173600 5.863810 
749 1 18.043800 26.083200 10.078300 
482 1 15.882300 22.400800 12.907900 
1277 1 22.411600 24.097200 0.126926 
1578 1 19.937800 22.381200 6.907190 
146 1 17.873800 18.237600 12.591700 
1955 2 13.522800 17.879700 9.925130 
666 1 14.288600 23.077100 2.802410 
937 1 15.191000 19.783300 6.971640 
725 1 18.448900 21.318800 9.265240 
594 1 23.253600 22.855500 4.434240 
639 2 14.614900 19.568500 1.773900 
283 2 18.202000 26.217100 10.418400 
791 2 14.972700 16.746100 2.943300 
633 1 21.691100 24.211300 10.050600 
1616 2 17.191700 17.139300 4.270290 
576 2 14.926500 22.756900 9.040470 
1011 2 19.529900 18.579000 10.468100 
1474 1 25.296200 25.354200 11.038000 
1711 2 13.925500 25.535600 4.505270 
1939 2 13.506400 17.544900 5.196110 
1041 1 25.149500 13.931400 12.869700 
121 1 18.422300 20.440400 6.489130 
180 2 18.721200 23.118600 9.772670 
1722 1 14.555500 19.934000 2.121240 
886 1 18.743900 25.790900 5.909060 
1421 1 22.493900 25.879900 7.009980 
1744 2 14.395300 17.687000 12.987300 
1195 2 18.748600 25.593600 5.318470 
244 2 22.400900 24.122600 0.729082 
296 2 24.617700 17.504100 1.164150 
260 2 22.736300 20.070200 4.582640 
1127 2 20.601400 22.526100 6.881040 
765 1 16.739700 25.644100 10.972000 
357 1 20.240500 23.704900 7.901390 
529 1 14.131700 17.430500 1.634340 
1462 1 24.673600 17.838900 4.422860 
195 2 22.653300 19.918500 4.730070 
1696 2 22.806300 14.583000 10.023700 
295 2 21.942700 16.116900 11.500600 
1883 2 17.125700 21.113100 2.985080 
1266 1 15.879400 15.104100 11.878300 
941 1 20.512300 20.241200 9.041140 
358 1 16.959600 15.799400 12.526900 
965 1 13.669700 19.856000 6.891170 
55 2 25.316000 19.906500 8.187220 
1466 1 17.996400 24.344300 7.748840 
1467 2 24.870000 22.131100 12.950100 
1568 2 14.291700 19.693800 6.855930 
1952 2 15.631900 20.264500 10.494100 
542 1 13.498300 17.561500 5.539360 
1931 2 20.764500 16.390800 4.116490 
1073 1 19.656000 20.081300 4.389390 
1050 1 26.034400 15.536300 7.505170 
161 1 25.022800 20.062700 8.316010 
778 1 15.562800 15.504400 7.198330 
635 2 15.342300 25.898400 11.037900 
699 2 26.097100 23.791100 1.297610 
1163 2 18.542100 24.361500 7.974320 
1860 2 25.386600 17.861700 4.283130 
470 1 16.387200 23.944700 4.231660 
538 1 22.092000 19.022300 12.473400 
1562 1 13.766000 20.706500 12.194400 
1189 1 24.715500 25.798800 5.555730 
544 2 15.134000 24.744500 7.183400 
1548 2 21.309900 25.264200 12.588900 
1672 2 25.228400 23.629900 11.230100 
1668 2 24.109500 22.491000 3.884380 
247 2 19.716600 19.183400 2.055790 
1941 1 25.661400 23.164900 0.984688 
1970 1 24.434600 18.842600 7.356120 
1903 2 23.813300 22.959300 4.034580 
384 2 23.235900 26.280400 4.353430 
1591 2 22.292400 18.376300 8.155040 
1529 1 24.898300 22.070100 13.216300 
1778 1 21.038600 15.524700 4.419370 
968 2 13.526600 23.896700 11.079300 
340 2 16.968200 14.347700 3.847800 
1809 1 18.747200 14.571100 1.200290 
1098 1 19.316000 15.469700 0.132046 
852 2 21.023600 15.862800 4.278390 
1376 2 25.179800 25.940900 5.705100 
1581 1 13.658100 17.971500 8.818120 
629 1 19.774800 25.838600 3.316540 
103 2 26.318900 19.440900 12.934000 
399 2 26.007300 19.697100 4.182500 
1443 2 21.911700 24.071500 10.540600 
1630 1 14.810400 18.106500 12.745000 
308 2 16.926500 25.570100 0.736367 
408 2 14.073700 13.646500 3.999790 
1936 2 25.798400 23.841200 1.731420 
144 2 26.308100 15.580900 8.421020 
301 1 26.281500 19.454600 12.854900 
1078 1 14.723600 26.355400 10.970300 
1631 2 21.686000 25.151600 4.853760 
1951 2 16.368600 25.490900 1.137830 
1119 2 26.040300 26.299800 10.353500 
1817 1 14.944300 13.630700 10.207500 
829 1 22.731300 26.147400 8.477270 
1479 2 25.895100 15.915400 8.274060 
1079 2 17.426800 17.761700 12.994000 
1269 1 25.753000 15.489300 13.090100 
988 2 13.304400 23.177200 0.171583 
1746 1 26.256400 19.429100 0.088888 
326 1 16.842900 22.805000 0.058407 
864 2 16.001500 16.617900 0.239493 
505 1 13.900500 16.838300 13.175800 
502 1 21.742500 17.442700 17.000900 
1003 2 17.919000 18.620700 16.885600 
851 2 14.086200 24.687600 23.964800 
360 2 26.269400 18.706800 19.914800 
140 2 14.743100 24.231900 14.777100 
1344 2 25.342600 24.352400 15.363800 
1254 1 13.351800 17.506500 14.641100 
1170 1 13.412300 16.298300 17.646400 
145 1 16.618700 20.617500 15.132500 
1756 2 22.217600 17.180900 22.169700 
1045 1 19.108200 16.132700 14.199700 
349 1 19.773100 15.100100 24.595800 
1938 1 13.590900 25.998000 24.961100 
171 2 22.013700 16.631200 22.470600 
1102 1 18.038900 18.708100 26.238500 
872 2 17.931200 13.972600 16.351700 
1049 1 25.234000 22.953000 22.841900 
1215 2 16.658200 13.648100 24.363300 
797 1 19.448900 19.748900 23.250800 
1885 1 22.739700 22.320700 25.136000 
240 2 19.465300 21.798200 15.521100 
312 2 17.961900 23.460200 20.515900 
275 2 15.703900 16.301200 19.772200 
1604 2 14.733500 23.057100 21.444200 
680 2 17.182700 22.450100 24.288800 
1862 1 14.699100 23.794900 15.290400 
715 2 24.573100 26.365700 24.996900 
129 1 19.494300 26.385800 17.558200 
87 2 22.718000 20.903000 16.054200 
331 2 25.019900 14.279800 22.174700 
917 1 13.925400 22.155500 16.499900 
416 2 20.666100 18.368100 17.046100 
880 2 19.317300 23.456200 26.205000 
1934 1 20.952100 14.980700 18.359500 
575 2 14.486500 25.983900 18.145400 
1506 1 25.008500 21.849300 21.724200 
622 1 22.052000 23.880800 20.934300 
1147 2 23.280700 20.540500 19.322900 
1321 1 19.742400 17.198500 14.886300 
1331 2 25.099600 22.974800 18.318100 
1109 1 26.489900 22.716600 24.752500 
125 1 26.085400 16.461900 21.400600 
1212 2 22.364100 14.683200 14.144500 
1635 2 21.239700 23.750900 17.748300 
38 1 17.278000 23.697900 17.357600 
1802 1 13.964700 14.669900 22.332400 
35 2 24.969800 17.229400 24.489000 
484 2 18.871100 24.842100 14.034000 
1177 1 26.506200 18.673400 20.486300 
1008 2 21.780400 23.458800 24.151200 
955 2 25.352100 14.096200 13.355600 
496 2 22.754700 14.574000 25.647800 
321 1 20.488200 20.685300 18.729400 
541 1 17.515500 19.989300 21.187700 
48 2 25.276200 22.997000 22.353300 
1953 1 24.565100 21.743900 15.176700 
1796 2 20.277100 26.187100 21.191000 
1030 1 19.014700 24.723500 13.813700 
1440 2 26.325400 20.291100 23.077900 
1901 1 22.709200 13.736600 22.209900 
1454 1 19.911100 25.847100 25.696000 
1424 2 20.501100 15.396600 17.711600 
1999 2 25.143000 16.788000 16.978600 
648 2 17.480200 23.767800 17.596000 
865 1 26.004000 14.059200 17.826800 
1597 1 19.813600 20.501000 19.734700 
159 2 14.317900 14.231300 22.556300 
1199 2 19.067200 15.185200 21.027600 
740 2 24.362400 17.593000 24.433600 
719 2 16.854300 20.090300 14.086800 
1306 1 18.479400 14.401800 21.250500 
1730 1 14.211400 20.416800 24.611700 
1755 2 19.314800 21.481300 24.147800 
1750 1 21.964100 22.742000 22.277000 
1047 2 25.471900 21.237700 14.706100 
243 2 21.285600 18.162900 17.875700 
1586 1 21.163800 23.694200 16.953800 
372 2 24.386600 17.670500 14.030700 
1837 1 20.049000 23.121600 14.166800 
1932 2 19.350500 15.771300 14.777800 
657 1 25.124300 20.490500 24.157600 
987 2 14.073100 16.969100 13.606200 
516 2 15.633100 24.795800 23.338200 
1833 1 25.183700 24.280400 15.002100 
584 2 16.633600 20.688700 14.615000 
871 2 26.216800 14.097600 17.018900 
366 1 19.547600 22.276400 23.930400 
806 1 22.850500 15.561300 25.521000 
503 2 13.643400 17.783800 22.793200 
1553 1 25.624900 22.390000 18.525600 
1024 2 21.906300 23.610300 18.464500 
1317 1 22.878400 21.158300 23.056400 
558 1 19.414700 19.422500 25.090300 
86 1 18.371500 18.230300 17.456400 
1360 2 23.090400 20.039100 19.430600 
1775 2 18.002200 23.493100 19.740600 
205 1 14.404700 25.623400 17.815400 
310 1 22.023100 24.133200 18.532100 
1804 2 13.943300 20.779800 18.478300 
1695 2 19.404100 15.548400 24.269400 
1470 1 21.752200 19.019200 25.783700 
820 2 13.813900 22.770600 16.974600 
13 1 15.428500 23.703600 21.920900 
1272 2 23.355800 20.899100 15.852100 
466 1 21.324400 23.857800 23.889200 
2000 2 24.424200 14.213700 22.264200 
1436 2 17.155600 13.504500 23.896900 
254 1 21.666300 15.312300 20.546800 
1579 2 16.212600 17.311200 23.332300 
1657 1 18.056400 24.111900 23.605300 
73 1 20.920500 18.762900 17.973100 
785 1 18.118600 15.079300 23.953000 
383 2 21.965300 23.944700 20.966900 
798 1 18.136900 23.619500 20.697900 
1356 2 25.573300 13.805900 17.330400 
93 1 17.168700 13.400100 24.125300 
299 2 21.018400 22.680800 13.501300 
726 1 23.084100 20.689200 25.750500 
1790 1 19.550600 15.102800 15.516300 
1585 1 16.124800 17.728900 23.231400 
1451 2 20.424400 20.647900 19.315000 
1971 2 26.012100 18.913200 20.209700 
1287 2 17.313000 20.803900 21.505100 
250 1 20.601000 24.702900 20.980100 
1801 1 17.594500 25.997600 18.612700 
1798 1 20.455900 17.522500 20.684400 
41 1 15.493900 16.900700 26.143200 
1099 2 13.717200 23.530700 15.538300 
348 2 18.511500 14.615100 20.566900 
578 1 21.056400 15.240100 16.699800 
246 1 17.375700 22.205000 24.438800 
1213 1 17.206000 18.713100 16.152700 
208 2 16.026700 15.954000 15.684300 
1544 2 22.245200 15.504400 26.165100 
559 2 21.534900 23.593600 24.019600 
1108 2 25.314900 21.885500 13.910600 
825 1 22.407600 17.607700 21.615200 
643 2 19.525100 16.674900 14.910000 
1664 2 20.928200 26.224600 15.457400 
634 1 23.009900 24.520800 16.006500 
977 1 26.507900 21.725800 13.907700 
844 2 20.293800 18.723700 20.497400 
1459 2 18.223000 18.140000 25.941500 
1290 1 16.444300 21.162600 21.757500 
42 1 24.523500 17.085600 17.593500 
1895 2 14.091300 20.295800 17.534500 
1439 2 21.915100 19.372400 25.903900 
923 2 13.488900 13.387900 17.308900 
929 1 18.349400 24.624500 15.247600 
407 2 14.932800 23.511600 20.427600 
759 2 24.029000 24.551500 15.581800 
1268 2 21.643200 15.228700 20.517100 
1867 2 19.184800 19.063600 23.252100 
1596 2 15.959800 17.027200 23.389800 
1399 2 18.766800 24.529500 14.118700 
475 2 13.964700 20.736200 24.596900 
1605 1 21.209000 21.411500 13.818400 
168 2 23.257400 21.062300 26.004900 
1736 2 19.230800 15.023100 24.162500 
882 1 18.664800 22.908000 19.307300 
204 2 19.813800 20.822000 19.600600 
446 1 23.597400 15.003400 18.939200 
874 1 25.945000 17.458200 24.104300 
158 1 18.668000 15.298300 20.091300 
217 1 24.210200 17.655200 14.374300 
1384 2 23.704500 26.272900 26.123600 
1767 2 16.610000 23.240600 17.118100 
1080 2 21.001000 22.566900 13.335600 
893 1 18.514900 18.898400 22.828100 
1460 2 15.096700 14.281500 22.079000 
698 1 14.909300 25.121100 23.534200 
1830 1 18.427900 17.576500 25.670100 
44 2 14.230500 19.342200 24.227700 
1002 1 16.399500 15.954000 18.487600 
1662 1 19.170600 16.140200 24.349800 
783 2 25.441400 22.428700 22.099300 
90 1 25.499700 19.892700 14.003600 
1198 1 16.357500 23.528700 14.862600 
501 1 20.976700 26.446200 15.322600 
213 1 22.161400 16.594600 22.428000 
1013 1 19.404900 20.749900 15.961000 
841 1 22.890800 19.871400 15.838500 
620 2 21.608600 23.613700 21.021400 
337 1 14.308400 18.975800 24.069700 
1781 1 15.634900 16.303800 23.096800 
297 1 26.365600 20.068500 23.479500 
976 2 17.199000 18.750600 16.474900 
621 1 22.557600 19.343900 19.238200 
1651 2 17.954200 23.698700 22.975000 
1358 1 13.753900 19.736600 18.293600 
1632 2 19.413800 20.095700 23.411000 
980 2 26.045200 16.490600 21.489400 
589 1 17.807300 13.966600 16.268800 
786 1 24.026100 17.377300 24.411000 
943 2 16.694800 23.272300 14.670800 
1678 1 16.500700 14.458300 16.699900 
1461 1 25.302700 15.700800 23.508900 
754 1 14.508000 21.045200 18.306900 
266 1 25.307800 19.461200 19.612800 
974 1 17.194000 23.403700 19.633200 
1453 1 25.199700 16.456100 16.236100 
1276 2 16.293000 15.831900 18.920600 
234 1 17.610900 20.442800 13.669200 
1221 1 23.298800 20.775300 19.684200 
67 2 17.009700 14.189500 16.224000 
425 1 21.004800 18.985300 13.857700 
713 1 13.427000 17.636800 22.429500 
513 1 15.720500 15.040800 14.494300 
598 1 15.439000 16.063100 16.277800 
339 2 23.090000 15.074100 19.635100 
1757 1 24.756600 25.582100 26.205100 
979 2 20.084400 26.305800 25.462800 
1723 2 24.441700 17.461200 14.229400 
79 2 21.150900 15.086300 17.471600 
1149 1 14.407200 23.477600 20.647600 
1283 2 14.196400 16.159700 16.914300 
1211 2 25.871400 20.160800 23.905100 
445 1 23.491000 13.660000 16.066300 
128 2 16.529900 20.510800 21.406000 
58 1 14.937700 13.705500 22.116600 
214 1 15.174700 16.385000 19.320200 
751 2 21.907900 15.637600 15.197700 
443 2 20.154400 18.690500 20.614200 
1430 1 19.251600 23.877500 26.268000 
1274 1 24.387400 13.539700 21.942000 
1418 1 16.859000 17.946600 13.550000 
944 2 22.353900 20.474300 22.512300 
1759 2 22.861300 21.918900 23.340000 
1689 1 20.374100 19.564300 20.386000 
1751 2 19.569700 21.222400 16.190800 
1824 2 25.715600 17.133100 24.818100 
1142 1 22.616800 21.336500 16.159700 
460 2 18.380500 18.578400 25.804900 
1110 1 26.426300 18.556800 18.998600 
1840 2 24.038700 17.521500 17.698600 
1295 2 19.000500 24.136300 26.423400 
1992 2 25.124100 22.551800 18.535100 
649 1 22.264800 14.985800 14.339400 
1157 1 23.995400 23.133200 18.642100 
75 2 19.946000 26.363900 21.031300 
313 1 21.406400 13.918600 26.514300 
47 2 21.126600 19.206000 13.417100 
69 1 13.653700 20.792900 26.409600 
368 2 25.405300 14.155800 13.378200 
1423 2 21.876500 15.175400 26.282200 
531 2 15.876500 16.594400 26.358400 
