id type x y z 
1634 1 9.085760 12.138900 10.170400 
422 1 7.465340 1.619080 7.049780 
1233 1 8.906250 5.798850 9.714510 
127 2 5.147750 1.624030 4.679300 
553 1 11.640000 10.259100 8.019640 
1236 2 5.976420 13.280800 9.530680 
97 1 0.478121 9.978990 6.531980 
1617 1 9.188220 9.119660 11.086600 
1576 2 0.866672 1.617050 9.314160 
1545 1 9.469460 5.359530 5.855740 
1446 1 3.175630 13.120800 3.388110 
1914 1 10.224900 8.990670 9.637740 
1441 1 0.145579 3.241620 12.360300 
1284 2 3.944040 7.799480 8.137870 
1836 2 8.899540 12.141000 11.066400 
1307 2 2.792480 11.955400 10.203500 
617 1 12.941500 5.714280 6.174750 
1348 2 0.540397 10.781000 1.375530 
305 1 11.626000 8.322500 4.574450 
1645 1 7.643970 12.105400 6.630690 
465 1 1.179040 9.019910 2.281690 
867 2 9.235450 9.796650 2.663390 
1491 2 6.457220 8.152820 3.534660 
6 1 4.913020 1.082010 8.187600 
1927 2 3.465610 5.415420 11.241800 
405 1 1.454950 3.436450 7.449070 
461 1 3.916820 10.752100 5.440140 
1275 2 12.794600 5.042410 5.294700 
1208 2 4.251250 3.021730 11.954600 
805 1 0.227377 12.310500 8.427430 
971 2 0.581239 12.843200 8.744750 
817 1 5.754750 2.615630 0.026900 
1733 1 10.156500 12.070300 11.565200 
1479 2 1.773150 8.999140 9.769290 
1466 1 12.840800 3.113860 7.152200 
602 1 0.402912 4.810200 5.816990 
1166 1 7.592990 9.905080 6.284300 
936 2 8.265720 1.413600 10.181200 
1749 1 1.655410 1.417570 9.164990 
1983 2 11.844900 10.061900 4.303200 
668 2 12.755100 5.495620 5.787770 
928 2 9.246010 4.170070 12.727400 
1340 2 12.857700 10.603800 4.306220 
242 1 5.914260 4.646620 12.947600 
1819 2 6.336030 5.052670 12.825100 
1861 1 2.078340 10.514600 3.842410 
1705 1 8.032780 7.682830 8.951750 
1528 2 11.373500 9.456710 8.258290 
1872 2 1.390370 8.214230 2.300210 
924 2 8.384110 5.960490 9.133870 
702 1 6.275080 5.036660 10.034100 
1554 1 8.295670 13.032700 11.111100 
577 1 3.420580 11.377400 9.708550 
1527 2 7.006170 11.938000 6.686440 
1803 2 3.655930 9.811720 0.722719 
1660 2 6.560960 1.541480 0.425093 
1518 1 0.543662 11.022600 1.317170 
962 1 7.814780 2.094820 9.574730 
1477 1 5.425530 4.883890 6.062580 
113 1 2.677460 11.358900 3.373330 
920 2 11.829100 1.590310 2.530570 
655 2 11.580500 2.249120 11.315700 
1848 2 2.996270 6.066170 10.266900 
1299 2 6.419100 7.324090 8.314740 
1849 1 1.163790 13.083300 9.862740 
934 1 12.951300 3.878140 13.275600 
1626 1 2.263490 8.306480 12.354900 
371 2 11.209400 6.192780 8.975980 
1105 1 11.253300 2.267210 10.591400 
1706 1 1.605710 6.278320 9.999480 
1747 2 8.729450 5.901970 9.243890 
485 1 9.450390 0.283457 3.256760 
489 1 3.359970 3.781120 7.431620 
1900 2 0.258348 10.659900 5.672580 
378 1 7.978250 2.798080 7.772230 
814 1 12.357400 10.458300 4.997050 
1919 2 12.410500 7.532970 11.385000 
1590 1 0.583614 12.264600 1.820970 
1270 1 6.163040 11.901500 6.384270 
568 2 4.188690 11.054700 5.508750 
1740 2 3.697280 10.124900 0.371743 
975 2 2.132040 3.568450 7.214760 
1445 1 11.177500 2.529390 2.401530 
1390 1 5.744760 11.014800 12.815900 
1344 2 2.343360 0.326023 11.534400 
271 2 9.332910 5.293980 5.465480 
355 2 3.434700 6.473880 0.116858 
23 2 4.626190 2.075000 11.781300 
333 1 11.436800 4.099780 2.479670 
219 2 8.151360 1.841660 9.920290 
64 2 7.724800 4.438200 3.172100 
667 2 7.415150 4.307750 3.501900 
756 2 0.171289 4.151490 5.164790 
52 2 10.626700 0.248131 6.902240 
1077 1 6.400960 8.170530 4.599970 
1541 1 4.905740 11.926600 2.818510 
1158 1 11.267000 9.274610 2.126290 
1135 2 9.125060 12.568000 10.768400 
206 1 4.478920 10.349300 0.578337 
1510 1 6.132190 11.772300 2.235170 
1600 2 4.779110 6.776920 0.531393 
1150 1 12.007200 1.552960 11.801500 
251 2 12.799200 2.562660 7.719370 
381 1 7.686260 13.247700 3.214220 
904 2 11.173700 8.357630 2.864250 
1692 2 6.045810 4.409790 9.252880 
1907 2 6.561540 8.180950 10.957000 
1962 1 13.132400 2.255000 8.456200 
444 2 3.141300 4.031940 7.393460 
831 2 12.000300 11.085600 8.374160 
268 2 11.439900 6.386170 8.750750 
504 2 12.592400 7.317820 11.828300 
774 1 4.088860 7.845500 7.040060 
821 1 0.406156 11.251300 5.655730 
131 2 3.352150 7.244180 4.820850 
1380 2 1.273010 12.326200 9.201530 
1708 2 3.540990 10.067400 9.714080 
854 1 12.525300 7.713340 11.452200 
256 2 2.300720 0.830053 5.302140 
1006 1 6.641000 8.585970 10.416400 
972 2 4.890410 6.654480 12.622500 
1227 2 9.817200 8.805520 10.781800 
1838 1 7.486470 1.883080 3.126300 
627 2 13.176100 6.870670 2.398410 
1121 1 3.164690 0.321583 2.087860 
540 2 1.485570 11.164600 13.229100 
1401 1 4.415310 5.383280 0.235228 
46 1 4.176010 7.911270 8.552680 
1467 2 2.368330 0.359406 11.801400 
1772 2 12.991000 4.553910 0.796804 
985 1 9.468070 10.346400 4.077940 
1050 1 2.250540 9.111350 8.809400 
1871 2 0.709197 11.638600 1.140240 
323 2 7.732930 8.917360 6.614000 
274 1 12.105800 11.043900 3.442180 
1533 1 1.503210 11.099600 12.676400 
302 1 10.943900 1.590060 0.519040 
1222 1 6.434900 7.068320 8.443790 
1977 1 8.158440 5.634250 8.234370 
493 1 4.016040 2.497330 10.377500 
631 2 0.282139 4.510520 4.997930 
1769 1 3.234530 6.660700 3.573310 
672 2 9.226120 5.181980 6.111890 
555 2 2.306010 10.940100 3.675290 
1569 1 11.138400 5.159090 9.541690 
468 2 9.393540 8.682770 10.357800 
452 2 7.441050 8.404610 7.225590 
1277 1 3.539370 1.231340 0.923754 
1655 2 1.627330 7.724630 2.358550 
1844 2 5.737170 1.363590 12.553700 
1969 1 12.037000 5.187270 5.382610 
963 2 7.060040 1.314450 1.757300 
595 2 1.772260 2.333480 9.433440 
1041 1 0.418660 8.196280 10.096300 
1661 1 1.523570 0.949593 5.318470 
1933 1 4.549600 10.122200 9.061070 
610 1 7.946850 5.203920 1.917760 
448 2 5.734020 8.392310 3.808430 
642 1 10.698500 6.811030 2.396550 
1851 2 11.408600 2.404480 2.446440 
734 1 3.345240 5.843810 10.632700 
997 1 0.507712 3.683860 5.304040 
342 1 10.293400 0.725910 6.762490 
1267 2 10.398900 6.522740 2.431590 
1981 1 1.769890 4.725890 2.283560 
677 1 5.845230 8.312580 2.807910 
1190 1 6.241200 4.045550 4.793630 
411 2 2.953510 4.848350 2.508080 
144 2 1.020380 8.702420 9.386850 
40 2 11.380600 3.681710 2.397930 
1490 1 1.576590 7.665120 2.453640 
593 1 7.843170 0.360894 4.363000 
122 1 7.699020 8.473080 7.059300 
1574 1 9.021630 4.859530 12.026100 
556 2 7.298260 11.719300 6.105220 
911 2 4.904420 1.355130 8.415320 
567 2 4.972320 10.793500 9.188280 
896 2 7.837270 2.589840 7.229150 
907 2 8.023970 2.715990 7.218360 
1826 1 5.934170 8.000410 11.293000 
3 2 0.713055 4.009150 12.385700 
946 1 9.005790 5.369110 4.346530 
1069 1 8.914730 9.819800 2.458200 
1165 1 0.728829 2.679370 9.756800 
210 1 7.675540 0.521805 1.265630 
325 1 9.942940 8.739150 6.749280 
612 2 0.295209 3.549780 11.930000 
777 1 10.834300 12.375000 6.062530 
370 1 11.476800 6.610970 8.429210 
314 1 4.976310 1.569890 9.642670 
545 1 4.859030 1.954690 12.492400 
800 2 2.137100 8.162880 5.310270 
698 1 13.110100 3.836170 0.482882 
883 2 3.964610 7.996890 7.617870 
152 2 5.711180 11.852300 2.532250 
1880 2 6.504890 8.552450 10.745400 
228 2 9.352180 12.400800 10.999800 
1511 2 1.557100 0.453214 4.514070 
1447 2 4.706940 7.804650 12.498900 
608 2 8.188990 0.847915 3.420100 
487 2 5.195440 11.859800 2.478100 
428 2 5.294990 3.761740 4.625980 
1522 1 8.281000 0.815916 10.133300 
692 2 9.821050 9.451170 5.200990 
1968 2 8.356420 10.114100 2.316520 
1986 1 11.395500 7.213560 11.333000 
1174 1 2.312370 5.843610 1.271750 
949 1 5.914740 4.252700 9.078800 
887 2 5.811280 4.764050 9.675730 
570 1 1.658500 3.876720 12.175800 
1180 2 4.985070 1.246300 8.876520 
945 1 5.208700 6.956780 12.755900 
704 2 3.262350 0.678597 1.883370 
790 1 1.826310 7.725820 7.286320 
1353 1 1.186740 10.921000 9.835240 
1943 2 5.469130 4.684940 5.985000 
386 1 5.783650 1.080110 12.724100 
25 1 6.480400 13.046900 9.553240 
49 1 7.281600 4.582860 3.216280 
451 2 1.630210 6.104960 9.723910 
63 2 9.898670 7.992580 6.086040 
1649 1 5.010500 2.827940 5.154990 
724 2 2.226640 5.187130 1.894730 
1726 1 2.159570 8.122130 5.189810 
1323 2 0.570382 10.589600 6.662110 
884 2 11.711200 2.441560 11.041900 
221 1 4.433230 0.728582 4.390150 
1595 2 9.340990 0.861474 12.949200 
134 1 12.767500 11.551800 8.591570 
1250 1 9.539260 1.309380 13.197900 
1896 2 2.486110 11.368500 3.468960 
544 2 13.261100 2.392890 8.214610 
1159 2 1.292170 7.418730 6.871920 
1329 1 1.617530 0.282597 11.013900 
1324 2 10.870800 11.993500 6.441700 
1909 1 2.866730 0.433057 11.844500 
66 1 11.219300 5.479010 0.773765 
1209 1 9.615030 13.079000 0.758519 
919 2 10.516300 5.244400 0.279932 
1015 2 8.809540 4.216110 13.076400 
328 2 5.503620 11.395800 13.242100 
1720 2 11.660100 2.134230 13.123400 
1246 1 0.449890 5.930800 0.120587 
1171 2 0.799976 1.786990 25.473800 
39 2 11.525800 3.500100 20.402900 
1083 2 10.161900 7.254940 17.987600 
1497 1 12.242900 6.616160 23.360800 
1928 2 10.309700 5.314090 26.414700 
1785 1 10.343000 7.965890 17.690900 
96 2 11.609100 11.024300 25.842200 
1282 1 2.098650 5.423330 22.432400 
801 1 7.950250 8.434550 14.564800 
311 2 6.360510 8.740440 19.672600 
1444 2 12.665800 9.490980 18.204800 
1428 2 6.043520 9.139420 16.998000 
1052 2 8.404270 5.733920 23.657700 
1608 2 12.615400 10.129800 22.109300 
1963 2 7.646370 7.230120 25.949100 
1349 1 12.809100 9.393770 21.883800 
1855 2 12.877900 12.238600 13.523000 
157 1 12.771400 12.901800 17.654800 
1322 1 5.286670 8.862770 23.176900 
535 2 10.754300 13.232600 13.869400 
216 2 1.779990 5.484980 14.131700 
1852 2 12.119700 6.662230 23.064900 
510 1 0.674247 11.887900 16.266200 
166 1 2.227520 0.927664 17.442300 
1991 2 13.049100 4.506950 13.621400 
715 2 6.227530 2.008350 23.794500 
417 1 5.614910 1.550210 17.671100 
506 1 4.724790 13.026500 19.947900 
1669 1 11.953900 4.102520 24.269300 
1593 1 11.759700 11.216800 13.405500 
752 2 3.346380 10.775800 15.492200 
670 1 11.440100 10.756700 21.510900 
1255 2 10.560700 9.204460 25.149600 
822 1 10.451100 13.136300 13.767000 
942 1 11.589800 0.054196 18.414700 
1795 2 1.992440 10.735700 21.610400 
1094 1 6.366980 5.317800 16.544300 
1929 1 1.251560 8.482160 13.547200 
1923 2 2.067980 6.915980 22.805300 
1575 2 8.017400 0.607727 21.989100 
847 2 0.392876 4.434290 22.106700 
1694 1 1.719080 11.675800 20.352600 
869 1 7.429520 6.922430 18.062400 
1200 2 11.609100 12.367200 22.281500 
230 1 11.447300 2.662950 24.173800 
1841 1 0.520938 2.079240 26.001300 
1004 2 12.366500 6.287360 18.858400 
1117 1 5.871210 5.945170 25.148600 
1304 2 1.778130 1.880620 14.330900 
392 2 7.396940 4.152440 20.572800 
1204 2 10.469700 1.883210 25.701200 
1637 1 5.270050 2.111710 24.349300 
1330 1 4.330170 9.816930 19.219400 
1443 2 0.603051 3.596360 16.331000 
481 1 7.534450 7.891170 25.756800 
1091 2 1.415200 8.547240 14.369900 
1203 2 4.476360 2.560730 15.124200 
528 2 2.705420 10.645800 21.508400 
162 1 6.061860 12.422000 19.777500 
353 1 11.702200 12.369000 17.669400 
255 2 12.508900 12.017600 25.903700 
637 1 1.776580 1.552460 14.124600 
993 1 8.793610 11.231300 23.349700 
551 2 9.961010 7.424150 21.109000 
761 1 9.507740 6.627360 17.546300 
1887 2 8.455700 9.545710 22.639500 
1972 2 2.384170 7.669310 21.640700 
1791 2 9.340920 11.252700 14.165500 
1148 2 11.516300 9.203590 15.510500 
1715 2 2.018130 0.176320 17.935400 
212 2 3.645190 3.061270 25.728600 
1676 2 1.086210 8.217170 17.528500 
1134 1 10.855800 5.909540 23.524100 
395 2 5.943300 11.744600 13.440100 
382 1 2.059910 1.320470 22.144700 
644 2 10.002700 6.889910 17.444400 
454 1 2.440290 10.267800 21.990700 
1239 2 1.024980 7.510730 18.479200 
1535 2 12.376600 1.665520 23.140600 
1265 1 11.212100 12.752800 21.974600 
1366 1 9.560070 1.363200 21.466300 
812 2 7.834330 7.707080 25.952100 
1731 2 12.518300 12.563500 17.900900 
768 2 9.349310 3.326310 17.184700 
432 2 8.804350 10.613800 14.813200 
4 2 5.984170 6.898890 21.267700 
1232 2 11.138400 4.420280 20.880300 
1263 2 5.571260 5.108980 24.352800 
226 1 0.746610 10.353000 24.323600 
1622 1 12.259300 1.813850 23.088900 
1381 1 0.135805 4.199310 22.312300 
1594 1 5.019330 1.495840 15.279500 
1034 1 2.739120 3.811040 14.776800 
984 2 0.600916 11.558100 16.734400 
1671 2 10.323200 5.533690 15.199900 
1761 1 8.907210 8.051370 21.044600 
763 2 3.362990 10.400400 15.417000 
681 1 3.635620 12.750400 25.786500 
1475 2 1.808270 1.199100 22.449900 
926 1 8.090360 3.514280 25.099500 
1492 2 8.501550 0.942489 15.305700 
238 1 1.642440 5.686390 14.697100 
623 2 3.022040 2.967010 20.515600 
1935 2 5.471240 0.249799 15.303000 
1820 2 5.546900 4.829270 15.430300 
169 1 2.000820 7.356320 24.269700 
124 2 6.847290 10.736600 25.976100 
1169 1 2.726730 2.731050 25.530000 
730 1 1.004750 7.533020 22.245600 
457 1 2.738030 3.971710 20.141600 
445 1 0.619775 5.011550 17.240500 
532 2 1.816870 7.370210 24.957900 
1517 1 6.236910 12.694400 17.272900 
1285 1 1.500480 9.073680 14.613200 
288 2 12.729300 2.540280 20.212800 
1216 2 0.429057 0.860429 22.667600 
1058 1 6.658690 8.710320 16.046100 
1365 1 8.008430 7.030540 23.191100 
1854 1 12.360500 12.431400 13.806600 
1498 1 10.482600 6.884930 19.062700 
1481 1 8.909650 10.750000 15.557200 
1667 2 3.911870 5.708070 17.964200 
970 1 1.266270 0.870597 18.613700 
1063 2 11.845500 9.544500 15.634800 
373 1 5.125960 3.401440 17.669700 
262 1 3.827780 5.756010 18.211000 
68 2 3.379760 6.203790 18.539200 
898 1 1.140310 7.330570 18.126900 
973 1 6.004630 12.831800 22.753500 
1206 1 11.983700 8.951950 15.076100 
1100 2 0.309321 2.130830 26.153400 
303 2 8.688120 1.287010 15.305700 
290 1 7.455600 2.344460 25.391500 
585 1 6.132590 6.312840 21.176600 
1313 1 9.925950 10.166700 18.569200 
953 1 8.656480 6.207350 23.971100 
1464 2 5.218050 0.390050 15.969700 
1259 2 9.248270 12.959600 17.056100 
189 1 6.422640 2.075060 23.913000 
1539 2 3.726540 2.950610 26.112400 
1571 2 11.068700 2.974080 16.202500 
1154 1 12.307100 2.707970 19.843900 
273 1 9.416690 10.992400 13.832000 
868 2 6.148930 1.085010 20.310600 
656 2 1.383150 5.104250 22.465400 
969 1 12.241000 4.856850 21.327300 
1760 2 5.306530 12.554300 19.766900 
1243 2 5.493960 2.762040 18.272500 
1048 2 7.462990 6.065090 18.623300 
1396 2 8.578410 11.340100 20.145200 
245 1 2.234280 2.738300 22.687400 
324 2 12.334100 1.948340 23.063100 
22 1 8.263840 3.121880 17.231900 
830 1 8.330230 6.670410 26.123600 
1916 2 7.797910 3.051180 25.215200 
781 1 12.225000 5.446390 15.607400 
1007 2 6.044130 5.396300 15.856600 
239 2 5.943500 1.108620 20.277200 
1532 2 9.208400 1.279720 21.881100 
1264 2 5.975200 12.639900 23.311500 
1768 2 4.377330 4.720400 23.197100 
641 1 5.573490 5.850790 14.963100 
258 1 9.047290 11.414900 20.524100 
182 1 12.188300 5.849130 18.876700 
1485 1 8.419140 0.943308 15.345900 
53 1 6.297040 12.479300 24.037900 
1387 2 1.015980 12.146700 19.947200 
563 2 8.082690 6.373710 23.277400 
1917 1 10.429700 7.213170 20.760800 
1782 1 9.557820 8.634770 25.658400 
827 2 10.779100 1.158870 25.988400 
1355 2 8.476040 3.146320 17.371200 
782 1 8.199760 3.893150 20.396100 
1957 1 11.594600 2.569620 15.884700 
1945 1 4.581660 4.443080 23.280900 
403 2 8.253450 4.058350 20.627600 
967 2 8.531400 11.692600 20.246200 
1758 1 6.348390 0.666210 22.400100 
1808 2 5.321480 3.052970 17.506200 
1336 2 0.415621 10.901600 24.451700 
1625 1 3.409180 10.496600 16.778700 
1556 2 11.912000 12.412000 17.767600 
1160 2 10.507300 8.695600 25.512000 
1247 2 7.663090 2.675290 25.639800 
914 1 4.865690 8.625620 24.625100 
1822 1 6.068910 1.156670 19.646400 
1391 2 2.273040 5.272660 14.785600 
739 2 3.263800 12.826700 24.885900 
1161 1 13.156600 5.580000 13.743800 
738 1 2.659980 7.032340 18.815700 
1538 1 8.592880 9.717680 22.361500 
894 1 0.988095 9.118570 17.828700 
1563 2 7.637320 6.170900 18.078200 
1753 1 3.191710 9.482510 18.902900 
1054 1 3.355940 10.549800 15.077600 
1311 2 5.179200 6.698940 21.178600 
1484 2 8.778030 10.040300 22.536600 
1641 1 4.743390 6.964640 21.709700 
1810 1 7.576650 5.584620 18.709400 
533 1 0.680713 10.987700 17.049500 
1043 2 10.775100 5.792710 23.501100 
109 1 2.936980 7.653310 22.792800 
1434 1 0.304943 1.414890 22.641500 
1976 2 0.563694 5.165330 17.439700 
744 2 0.162994 6.009110 26.257400 
479 2 4.955460 12.152900 20.264400 
632 2 2.928170 3.586570 20.146500 
112 2 12.819200 5.665510 14.712400 
1071 2 7.133750 8.848250 15.902400 
1762 1 10.958200 4.289710 20.540400 
412 2 5.952240 2.012860 24.024600 
1679 2 10.086300 10.238500 18.549500 
207 2 5.765210 12.281000 23.335200 
811 2 4.528200 8.668100 23.931000 
1400 2 5.456430 8.581690 23.512000 
478 1 6.425010 8.231230 19.036000 
163 2 3.337730 9.531470 18.938500 
1326 1 11.885900 0.478582 15.410900 
1334 1 9.338340 2.930570 17.178700 
710 1 10.431500 5.074950 26.181200 
1217 1 6.198370 10.339500 14.509000 
674 1 5.736260 3.864140 15.646900 
498 1 7.927270 4.584310 22.247100 
1035 2 11.517800 12.323200 21.691800 
1468 2 3.267430 9.742490 18.565100 
735 2 0.350199 12.026100 16.569300 
1118 1 5.529210 2.761740 19.519300 
1318 1 10.599600 0.906012 25.587100 
1741 1 8.075610 12.369000 19.635600 
1684 2 7.692890 7.639080 15.014400 
1368 2 9.776990 7.578010 20.323600 
824 2 11.801600 0.375288 17.508000 
865 1 4.515950 10.560100 21.609800 
322 1 11.713500 10.102100 15.778000 
1413 1 10.104000 5.190180 15.424100 
1130 1 11.137600 8.658760 25.050400 
218 1 8.534880 3.793350 13.317000 
119 2 11.720600 3.533220 24.292200 
1566 1 11.159000 10.744100 25.756900 
675 2 1.643810 11.596000 13.664600 
57 1 6.514950 10.467700 25.703800 
771 2 9.130510 13.178800 25.448800 
1847 2 6.754370 10.449500 26.015000 
808 2 11.626500 11.988400 13.671200 
630 1 1.653860 11.726200 13.870800 
1710 1 12.412000 12.086900 26.155300 
11 2 12.950600 5.537090 21.784200 
1638 1 3.588100 12.626500 14.776000 
877 1 2.869360 13.115200 17.752800 
1828 2 1.246010 0.770100 18.132500 
664 2 4.082150 12.822200 25.298900 
1988 2 2.961310 13.011500 17.437100 
1082 1 10.834100 3.091690 13.429800 
1609 1 2.602120 5.061710 13.423100 
54 1 3.277360 9.928220 26.471500 
1410 1 7.405410 10.689000 26.391000 
908 2 1.329140 8.471260 13.631400 
150 1 0.520632 18.422600 4.076820 
364 2 3.708740 14.874700 10.098400 
1308 2 1.186630 13.454400 1.592260 
1696 2 0.157459 13.720700 12.378600 
211 2 2.191380 20.032000 10.283300 
72 2 4.271240 19.586300 4.998780 
816 2 4.365140 15.664800 3.416090 
361 1 8.587520 16.161100 1.799480 
78 1 0.344932 15.870900 1.610630 
1619 2 0.631049 15.550500 1.139660 
1241 1 9.347710 24.461900 6.026480 
1647 2 10.743400 20.233900 5.185320 
951 2 3.467280 21.565800 7.537580 
1392 2 1.919240 22.267800 10.056600 
1333 1 8.982520 18.634100 7.205030 
1558 1 4.569390 21.202700 7.486250 
1540 2 11.910500 22.834300 11.949200 
161 1 3.402410 15.079600 9.110520 
625 1 8.548250 13.467000 5.555460 
541 1 11.407600 20.353100 0.826374 
286 1 8.772870 15.894400 7.490520 
483 2 7.748320 21.656100 13.085500 
1823 2 1.961900 22.779600 5.056890 
1281 1 6.653920 25.682700 6.441280 
791 2 11.780300 22.589500 7.695470 
1414 1 5.378050 22.295200 12.284600 
1778 1 0.577096 14.892500 9.368100 
1328 2 12.102700 17.446200 0.365707 
986 1 1.760590 22.485100 4.585430 
7 2 5.715580 20.048400 10.036800 
873 1 4.794930 17.289100 8.532660 
320 2 7.272650 25.273300 13.137300 
1618 1 6.625600 17.627700 10.383700 
1376 2 1.992100 23.608600 4.735740 
1729 1 1.207000 19.918200 8.750000 
1251 2 11.995900 22.600200 4.643500 
1107 2 8.601450 20.218800 0.552864 
1019 2 12.949100 18.976500 7.368050 
1261 1 9.344040 24.588800 9.621800 
1394 1 8.417620 19.449300 3.160360 
462 1 5.428830 20.372800 5.111090 
1136 2 0.873635 17.579400 5.374730 
1395 2 8.939890 15.725800 6.910610 
616 2 11.892700 20.742200 1.134050 
18 1 11.729200 17.336300 1.761130 
755 2 10.785500 25.494600 11.609200 
653 1 10.765000 18.385200 0.718695 
1913 1 3.580060 18.513500 12.147500 
69 1 10.810400 22.589000 3.253790 
1399 2 0.466616 24.182900 12.924700 
110 1 8.884620 25.948000 8.769740 
1939 2 8.365820 16.758700 2.607650 
703 2 8.326060 18.729900 8.087060 
1742 1 7.927090 15.021400 11.376800 
1807 2 1.123320 15.718100 5.069780 
683 2 11.896800 17.231100 3.833180 
123 2 12.381600 24.041000 1.110480 
1415 2 7.122820 18.181300 5.588580 
354 1 6.726130 18.025000 5.534010 
857 1 8.057190 16.805800 2.908270 
497 1 12.265200 15.405900 6.204820 
1426 1 10.319400 25.820900 9.688310 
1897 1 11.513100 20.331300 10.286500 
1173 1 7.172850 18.516700 6.904330 
723 2 6.466420 18.384000 0.707570 
747 2 5.195370 25.937800 3.409200 
1416 2 6.652360 18.065300 6.152210 
1894 1 4.653960 16.319200 3.755040 
564 2 8.928420 13.910700 5.722850 
1573 1 7.499380 24.507300 12.869000 
787 2 9.150640 22.361100 2.545650 
33 1 8.587600 22.696800 1.992670 
1312 2 6.536660 18.508000 0.762926 
834 1 2.025460 23.420000 10.238400 
803 2 8.198810 14.811200 11.990000 
1153 1 0.216896 23.542400 7.797500 
389 1 2.061480 23.676100 5.035100 
1875 2 7.894520 17.642500 10.408600 
1095 2 4.548770 20.003100 5.325030 
1752 2 12.368000 15.286800 5.351220 
613 1 13.275600 14.614400 4.918770 
301 1 4.730720 18.452000 7.901790 
106 1 11.929200 15.090000 9.335270 
1289 1 10.736200 25.921300 11.665000 
438 1 3.704310 20.560000 6.053520 
618 1 8.892540 19.713000 0.527561 
1478 1 8.199500 19.078900 8.544400 
636 2 11.448300 22.130900 3.591330 
1614 1 12.327900 17.343900 12.515400 
1936 2 -0.020593 17.781400 1.518730 
1197 1 7.313220 14.250300 12.340200 
1168 2 11.366900 14.015700 9.102160 
701 1 10.431800 14.119400 8.772920 
1294 1 2.350320 17.424400 6.583380 
1993 1 8.686740 25.363900 1.431970 
197 1 10.682100 23.176100 5.839840 
235 2 12.394300 20.559700 1.100970 
1372 2 6.825330 25.615000 6.198690 
512 2 7.939430 16.382600 2.564810 
733 1 11.347700 18.693200 5.170250 
1422 1 7.865930 25.568300 0.401450 
1559 2 3.669460 15.289400 0.980018 
1229 1 0.359955 18.351700 1.710710 
1164 2 7.026820 22.109100 7.521060 
1607 2 6.970810 21.937000 8.262680 
1012 2 8.533260 22.552900 1.784900 
453 1 1.104970 18.325600 5.949250 
1177 1 2.367880 21.179700 2.794720 
352 2 4.918140 21.347000 11.264800 
120 2 6.989400 17.498100 10.465000 
1588 2 0.612093 15.210300 4.576730 
1580 2 8.357070 25.448900 0.924517 
1187 2 2.623790 14.694100 10.368900 
185 1 8.576140 21.438000 9.572320 
1771 2 4.375510 17.722900 12.507100 
490 1 5.002280 24.592300 11.992200 
1627 2 6.839290 26.032900 6.410160 
845 1 1.725330 17.416000 9.375050 
316 2 4.758430 24.237500 11.954500 
990 1 9.373890 21.777200 1.496020 
796 2 8.976970 19.067700 7.989890 
484 2 0.631083 23.735200 12.991100 
1954 1 9.607820 14.754600 6.274680 
565 1 11.124000 22.606000 7.541860 
1403 2 9.716420 23.992500 6.055450 
396 2 8.331750 21.778500 9.787380 
748 2 3.215030 14.344100 6.788220 
1005 1 4.148610 20.492900 11.298100 
272 2 8.558990 15.946200 6.808710 
397 1 5.423760 20.343900 2.008480 
554 1 5.110130 23.014700 5.026350 
488 2 4.941820 17.634400 8.532500 
743 2 7.140400 24.788700 10.255500 
81 1 11.545300 22.298300 11.566700 
1712 2 10.915300 19.395700 5.670970 
280 2 8.095740 20.780200 3.983270 
826 1 0.147360 17.706700 12.909500 
1550 1 5.502640 13.758600 10.475200 
347 2 5.077630 21.921800 1.794390 
71 2 5.982810 22.640800 5.152060 
222 1 8.307850 16.214300 5.683770 
350 1 6.821320 25.160800 9.498500 
1506 1 4.053470 21.454700 2.391970 
1825 1 2.461290 23.835600 1.193670 
1670 1 6.331000 15.712300 6.953040 
966 1 4.746780 25.730600 3.539470 
415 2 2.931470 26.428200 1.677260 
1039 2 4.659230 18.144700 8.217130 
264 2 5.456510 15.241100 6.448000 
728 2 2.245010 21.130000 2.830630 
261 1 11.632600 26.502000 7.027890 
1640 2 9.106070 19.382000 0.109174 
1869 1 3.334130 24.735400 8.495370 
860 2 3.231430 24.580000 8.702090 
1568 2 12.230300 16.178300 12.161800 
1658 1 6.689520 23.301400 5.227910 
1374 1 9.533850 17.362600 9.259550 
881 1 1.728630 15.411100 7.332020 
1821 1 7.224710 17.304000 1.663170 
1624 2 0.090118 23.477600 8.115180 
1021 1 12.021800 23.840300 1.148330 
1205 1 12.744800 16.232300 11.621600 
1944 2 5.502020 21.240400 2.053110 
722 1 6.049360 15.337800 5.519530 
1792 2 10.068600 23.508800 6.137590 
688 2 12.963300 23.910900 1.402040 
1899 2 8.035880 19.867200 2.919690 
433 1 12.010900 17.176400 3.299830 
281 1 11.149800 15.549900 3.360290 
1431 2 4.073780 24.829000 9.607150 
282 1 13.058300 20.506900 2.010420 
60 2 1.808650 16.538200 7.690330 
1805 1 4.745600 24.055600 10.323100 
435 2 9.352810 13.757900 5.557850 
1815 2 11.208200 20.745000 10.349000 
1719 2 0.301520 23.140600 9.057410 
634 1 2.067580 21.137000 10.001200 
561 1 0.985730 24.381300 12.851900 
1800 2 10.668400 25.565900 12.490800 
912 2 3.554550 21.688000 7.241400 
666 1 7.813550 21.345900 7.664730 
1023 2 2.573960 17.124900 6.710210 
767 2 6.137190 13.662500 9.913300 
1309 1 2.180010 25.433900 1.846490 
1673 1 6.004470 20.730000 10.295900 
1783 2 2.455590 25.754400 6.534300 
859 2 12.546900 16.687900 11.715800 
142 1 5.812830 22.321100 1.937420 
906 1 11.253300 13.434600 2.909710 
1858 1 10.931300 17.728300 10.020300 
539 2 11.088100 14.598700 8.806890 
1010 1 12.069700 25.342800 4.137040 
200 2 7.634410 14.750500 12.097500 
1271 2 10.465100 17.749500 9.454310 
601 1 7.007440 22.608300 8.053230 
682 1 4.127900 19.224000 4.737910 
1126 1 2.715420 15.034100 10.786200 
1628 2 2.013780 24.583100 1.802140 
1816 2 4.728100 19.971300 9.871830 
1549 1 12.355500 22.636400 8.364570 
1280 2 6.079000 22.765100 4.556220 
117 1 3.163310 21.931300 7.194390 
1238 1 5.983190 18.395800 0.470225 
855 2 10.075500 18.304800 0.765629 
424 2 10.987400 17.035800 2.545980 
1145 1 10.738800 20.102400 5.533440 
948 2 10.271400 17.810400 10.113400 
192 2 5.124840 26.191600 2.965320 
1442 1 8.963710 18.092900 11.599200 
1832 2 11.802600 22.725300 8.118100 
55 2 2.893110 14.496000 6.900320 
619 2 9.582330 25.126600 9.291030 
421 1 8.109170 20.860900 13.150500 
1915 2 8.220940 25.588900 1.164710 
1053 1 5.973950 19.673500 9.536420 
259 2 2.836230 24.195000 1.168300 
576 2 9.538560 25.356600 9.485290 
1777 1 4.042900 15.486400 1.025900 
1000 2 1.967270 17.279400 9.769750 
1305 1 11.540800 21.285900 3.784870 
1877 1 7.812230 21.130300 3.254550 
588 2 3.642720 18.080400 12.017100 
1123 2 4.588630 24.189500 12.426200 
1587 2 4.590150 17.080200 3.245370 
839 2 2.399290 21.408300 2.558350 
193 1 0.389699 16.829000 5.595780 
85 1 0.986250 14.674600 0.250251 
1030 1 0.377750 22.901600 12.999500 
15 2 12.626400 14.897400 6.228100 
1839 2 6.399860 15.867900 6.121340 
1967 2 11.515800 13.524800 2.924310 
194 1 1.439620 15.094600 4.882290 
1906 1 13.234300 23.785200 0.398556 
153 1 0.947708 21.962700 1.578830 
1547 2 0.793990 19.272600 7.762140 
90 1 0.557115 14.082900 12.314800 
1886 1 2.343510 26.119900 5.838230 
1793 1 7.130250 14.244600 2.620360 
964 2 10.883100 13.456000 3.010260 
995 2 7.174540 13.906700 3.046050 
77 1 1.024880 19.144500 7.538300 
754 1 12.842500 26.072200 10.313200 
265 1 0.086141 26.347200 3.450740 
552 2 5.421440 24.592700 0.215351 
562 1 5.845770 25.859800 0.248939 
889 1 3.887320 16.931000 11.850000 
718 1 5.310930 24.499200 0.390298 
611 2 13.255200 26.065400 10.146000 
1364 2 1.216330 19.627200 8.111310 
133 1 12.639000 24.259100 11.292400 
989 1 7.163820 18.962800 0.687771 
780 2 12.758500 25.957700 10.347400 
1949 1 2.662940 13.610700 7.146500 
1542 1 3.836450 14.676500 7.009900 
635 2 11.212200 26.486800 7.103710 
147 2 11.957100 25.512400 3.801600 
91 2 7.343070 15.976400 0.511970 
1604 2 8.225960 19.909400 12.612000 
1850 1 7.448810 15.004400 0.520285 
615 2 5.697780 25.748800 0.328249 
459 2 0.258364 18.391400 5.127860 
937 1 12.969000 18.804800 6.954590 
727 2 8.890370 26.433700 3.991630 
1420 2 7.861800 13.666300 2.407210 
1998 1 5.522860 26.241500 2.372430 
1036 2 1.944710 19.298700 0.251134 
1644 2 3.874240 13.896500 14.311500 
952 2 0.597132 17.391900 17.976800 
861 1 9.127410 17.160400 17.017100 
1346 1 7.257180 18.543300 17.923600 
1249 1 13.208500 24.060200 15.765900 
1090 1 9.369350 14.920900 19.609200 
944 2 12.793000 25.425600 18.972600 
1843 2 12.785200 17.540300 24.883500 
100 2 8.704610 17.232700 15.956800 
84 2 3.932940 25.546700 23.805000 
575 2 12.189100 22.523300 22.419100 
1873 1 12.595200 14.136700 24.577200 
994 1 6.626630 14.574100 18.256100 
1902 1 7.065840 15.267600 13.616800 
1788 2 10.648300 23.065600 26.194000 
160 2 12.337000 15.869500 14.617500 
170 1 5.152540 16.995900 20.905300 
1111 2 6.891150 14.527100 14.177100 
1700 2 7.081590 24.121500 20.207600 
1879 2 4.571190 25.343200 23.681100 
856 2 9.063440 24.910100 18.334400 
1248 2 1.555840 15.890100 25.846900 
691 2 7.067500 17.935000 14.111900 
799 2 11.963200 26.437500 15.338100 
940 2 1.044440 23.144100 17.533500 
804 2 1.141450 25.235500 25.522900 
530 1 2.525550 18.663100 23.748100 
175 2 5.609870 20.896000 15.432700 
1302 1 7.593070 19.488500 21.679500 
1377 1 9.894110 18.588700 20.954600 
1367 2 10.319200 15.014500 18.728800 
26 1 7.586500 21.311100 24.185400 
98 1 9.016480 13.673600 16.847400 
1570 1 11.208600 26.204600 22.052200 
888 2 7.066100 14.521900 14.391400 
1028 2 4.655270 17.388900 24.232700 
356 2 10.923300 21.837900 21.121600 
1924 2 10.282500 18.602200 19.813700 
104 2 12.213000 14.133600 25.048600 
43 2 5.932690 15.767100 24.519400 
1140 2 10.267400 23.806800 15.132900 
232 2 9.355100 17.304000 23.754900 
253 1 10.591600 19.271200 17.813100 
1659 2 3.798880 18.896600 22.826800 
1990 1 7.075230 18.795100 13.955600 
828 2 3.909800 20.981900 20.245400 
1648 2 1.114130 14.210200 19.800400 
1110 1 2.133820 17.064200 20.842600 
909 1 8.968930 21.862600 17.153700 
203 2 4.391090 16.514000 16.972600 
1531 2 11.912100 26.034100 17.769400 
1027 2 3.371450 14.713400 20.837700 
367 2 10.540100 19.231000 17.856800 
503 2 12.408800 16.508700 21.899800 
59 2 1.306920 25.338300 24.154400 
566 1 10.860500 15.087900 19.760200 
1713 1 9.424380 14.970500 22.620900 
1787 2 3.263330 13.327200 17.150800 
284 2 6.750910 15.832700 22.433500 
1577 1 9.221380 24.502300 14.383700 
1674 1 12.058600 26.284100 17.091600 
336 2 0.470995 14.440900 23.354700 
1188 2 8.006990 18.616400 18.429800 
1583 2 9.459120 21.156300 22.546400 
1488 2 4.370180 23.815700 18.804600 
580 2 6.296690 16.927900 20.026000 
1636 2 4.960780 18.869200 24.068300 
1496 2 2.995720 18.847600 15.992700 
665 1 5.401840 14.162700 14.941700 
527 2 1.877300 18.246300 20.075400 
686 1 7.017810 21.294300 19.428500 
1214 1 10.482400 21.770000 20.531400 
988 2 10.957600 21.239000 24.151300 
1461 1 0.391332 16.683700 18.864700 
1133 1 3.538570 14.073200 13.634800 
429 1 2.921190 14.278700 21.731600 
843 2 5.125440 21.906800 21.558800 
442 1 0.083044 20.999000 21.347500 
1724 2 7.851200 24.060400 22.947700 
45 1 3.955450 13.900800 24.855500 
298 1 7.087590 23.327400 20.459800 
858 1 11.899500 23.634600 17.621000 
603 2 11.866700 14.344500 24.018100 
1863 2 9.338400 24.632500 18.985400 
126 1 8.444770 24.595500 18.863100 
409 1 4.376490 18.355300 23.832100 
560 2 6.810930 21.245100 18.795100 
1525 1 1.680500 25.868600 23.720000 
2 1 7.152880 25.394300 20.273600 
1765 1 11.714300 16.945100 14.830300 
469 1 2.451360 21.141300 23.268400 
1947 2 0.893428 21.020400 14.130300 
866 1 7.054790 13.932100 14.258500 
346 1 1.943580 24.083100 21.792500 
1031 2 2.493260 20.847400 23.145100 
1029 1 9.340780 21.079800 22.488300 
1373 1 10.167300 13.481900 25.123400 
1252 2 4.342860 21.499500 15.734300 
676 2 6.603170 24.348800 16.136400 
713 1 10.272900 18.098200 19.739200 
337 1 12.883900 15.536500 21.854000 
1842 1 5.168400 21.992800 15.390500 
196 2 9.839210 14.286100 17.520800 
1495 2 6.703600 24.243600 16.252500 
933 1 9.454030 21.546100 15.162400 
1471 2 3.304600 24.260500 19.182500 
1537 1 4.059690 22.527600 19.986100 
208 2 8.504500 21.437300 14.807600 
269 1 5.231180 25.331600 16.317100 
1283 2 8.718210 22.033800 16.870100 
720 2 12.548200 15.928200 18.652200 
191 2 11.602500 21.118000 24.651900 
1781 1 12.328000 21.561300 25.342200 
1128 2 2.521060 17.661400 20.726100 
977 1 1.155890 23.564000 19.785200 
1922 1 6.180150 17.603300 24.373500 
139 2 8.596840 17.040100 16.524100 
1693 1 4.754500 15.866000 16.955100 
1087 2 10.015000 18.210200 20.191300 
220 2 0.693739 21.018700 14.268900 
1192 2 0.893741 14.718000 15.258800 
835 2 8.090110 24.417700 22.657400 
1408 2 2.113260 25.318600 15.221100 
968 2 13.297200 24.113600 15.795400 
1487 2 8.647860 13.849200 22.528300 
229 1 3.119700 18.486900 15.370000 
1952 2 11.543700 21.359700 18.070500 
455 2 6.172540 16.289400 20.586500 
1504 2 6.104110 17.963400 14.776200 
62 1 10.578500 14.525600 17.955300 
14 1 8.598440 25.074500 22.863300 
335 2 3.879690 20.439600 19.602300 
1293 1 9.169260 17.209100 23.794400 
318 1 6.037850 19.499500 19.938500 
1523 2 6.373250 22.204300 24.957500 
390 1 10.650900 23.410500 15.592600 
569 1 0.652016 14.447200 15.597300 
879 2 7.532340 18.259400 18.403200 
1440 2 3.381070 14.441000 21.728700 
938 1 7.435830 24.242500 22.965100 
313 1 0.606648 13.268100 23.635200 
1543 2 0.315849 18.023400 17.829300 
706 1 0.298127 22.875000 17.472000 
1486 1 1.337690 20.365800 14.198800 
757 1 1.735070 22.708100 17.552900 
20 2 7.390660 21.328400 24.613200 
345 1 7.102570 24.405400 16.519000 
549 1 3.237640 24.299200 19.450800 
1081 1 6.461110 16.866500 19.666200 
1370 1 6.603820 15.051400 23.853700 
1274 1 2.667210 14.173700 19.404600 
1193 1 13.167200 25.555200 24.524700 
846 1 10.897900 23.134900 21.468400 
1362 1 6.570260 16.196000 21.841400 
278 1 10.351900 21.009400 24.426200 
717 1 5.428670 21.545100 21.767600 
419 2 1.116840 14.849900 19.346000 
878 1 12.052700 17.674400 25.842000 
143 2 6.351290 13.944300 18.216200 
1146 1 4.838340 20.316700 15.531800 
1473 1 10.158100 23.286600 25.824600 
1704 2 10.768800 25.388800 21.852400 
1234 1 11.401400 19.103400 14.518600 
1987 2 11.281700 20.920700 13.399400 
227 2 9.860350 24.219000 15.186700 
184 2 7.654940 19.715900 21.347400 
24 2 10.956300 19.025500 15.017000 
1921 1 1.365850 16.011800 15.911100 
1764 2 1.660000 24.128800 20.190300 
1971 2 2.017240 24.090900 21.808400 
1853 1 11.889200 15.274700 13.873100 
1223 2 7.276840 21.600100 19.113200 
1465 1 11.795000 14.243300 23.915600 
434 1 1.499980 25.992800 18.432600 
954 1 6.116510 21.441800 24.554100 
1181 1 13.145400 15.790000 18.385600 
961 1 3.345120 18.831000 21.750100 
1856 2 9.739100 15.270400 19.985600 
1956 2 2.897030 21.609100 23.532500 
779 2 11.448300 17.709100 14.601300 
1948 2 4.719800 16.344500 17.195100 
1797 1 6.850070 21.168800 18.113500 
769 1 8.839130 22.049500 26.012700 
1240 2 9.750570 13.569100 25.677400 
591 2 1.716510 22.856300 17.307900 
118 1 9.763560 17.758500 15.230400 
95 2 6.102840 24.722500 20.237400 
1735 2 2.956280 19.245400 15.530100 
1074 1 12.654700 18.020100 24.117500 
1707 2 7.018600 19.779200 21.188900 
1457 1 2.024730 17.357400 26.182500 
833 1 5.036170 23.883500 18.067300 
605 1 3.208220 21.824500 23.911100 
1718 1 3.675450 25.901300 23.224400 
523 2 1.766850 19.176900 26.280700 
1419 2 9.572020 23.195500 25.999700 
183 2 11.610800 22.698200 17.703800 
818 1 0.749587 14.626600 19.238700 
1341 1 9.989460 24.733100 19.475300 
1686 1 12.046300 15.904500 22.910700 
1037 1 8.383310 13.615200 22.455600 
1698 1 8.425460 18.404600 18.842500 
215 2 2.885510 25.062400 15.503200 
379 2 3.765430 13.972000 13.959500 
1546 1 2.575830 19.464500 16.345200 
1881 1 0.785788 17.883700 17.065100 
709 1 5.816450 17.973900 14.818700 
1830 1 1.310280 15.589900 23.185100 
1157 1 3.951820 20.838800 20.208300 
1866 1 1.706930 18.500100 18.863600 
695 2 1.538990 15.971700 15.971000 
658 1 2.402070 19.711600 26.504600 
331 2 0.705526 15.433600 23.157200 
1310 1 7.878680 16.855300 15.758800 
1677 1 4.341020 14.346100 21.083100 
690 1 4.079280 16.726200 17.248900 
241 1 1.915020 25.619400 14.820800 
596 2 9.091230 14.067800 22.510800 
582 1 2.695940 24.372500 15.948700 
925 1 12.064800 21.266600 23.995300 
362 1 11.838500 21.421400 18.270800 
1335 2 8.729500 17.655900 24.179500 
398 1 6.132720 24.324400 15.339900 
1804 2 12.570800 15.453100 22.729600 
1109 1 5.129050 24.901400 24.275600 
1138 1 6.395250 16.371700 26.080600 
1253 1 1.053430 25.042800 25.448600 
1966 1 5.435640 26.400800 14.508600 
1904 2 6.679980 13.314100 17.361400 
344 2 6.896420 15.403500 26.507100 
1794 1 10.816400 25.496200 13.392000 
237 1 20.184900 10.256300 0.023542 
1319 2 23.526300 12.033900 2.534880 
836 2 17.315900 6.300660 7.156730 
515 2 16.482700 9.863390 1.745410 
842 1 14.624900 0.002760 0.867844 
766 1 17.983900 10.377500 10.467700 
606 1 21.328200 11.265200 10.033700 
955 2 26.063100 9.946710 11.794100 
309 1 25.794300 6.410360 5.921740 
1407 2 18.158800 3.134700 6.443300 
1903 2 22.516500 0.371200 8.936130 
1072 2 24.150700 12.650600 3.675330 
1175 2 15.724200 1.223670 10.850400 
467 2 14.324300 12.316000 5.585070 
317 1 18.193000 9.422700 13.136600 
1067 2 18.708200 0.992213 8.356460 
1411 2 17.186700 5.124040 2.787330 
1065 1 20.391900 11.789000 4.925700 
1449 1 25.978900 3.745530 3.022800 
1207 2 24.373400 1.795850 0.661816 
742 1 14.735700 1.655640 11.098600 
1106 1 22.412000 9.122430 1.056530 
1300 2 20.212400 10.136300 0.900346 
177 1 19.721300 12.301000 11.169500 
1926 1 26.122900 6.818970 1.896040 
1616 2 22.813200 12.409200 10.309700 
693 1 15.843100 0.728170 7.759790 
1818 1 25.411300 6.763180 11.067400 
141 1 21.158800 4.071530 9.371140 
547 2 18.849000 3.132500 0.207370 
1509 1 14.392900 4.801540 12.952700 
930 1 16.572000 11.262800 3.956230 
1748 2 19.439600 2.554500 11.402500 
647 2 24.112000 2.175280 6.810350 
1996 2 14.601900 2.502510 3.334860 
548 2 18.411200 3.658450 6.785570 
130 1 24.733400 9.294680 6.896250 
669 1 20.693900 9.955270 4.412660 
329 1 24.079300 7.296400 5.911340 
1824 2 24.480900 12.298900 0.278845 
1482 1 24.140900 0.757591 4.318960 
149 1 24.069800 1.750440 1.034880 
1889 1 14.591800 1.161820 6.167840 
1297 1 15.076100 5.531610 3.695070 
94 1 13.494000 11.475900 0.912780 
741 1 16.210200 2.061730 12.147100 
999 2 23.186800 12.579100 5.760140 
12 2 14.134800 8.042600 6.284900 
1811 2 20.529300 8.697200 3.760370 
1773 1 23.336300 5.656590 1.436080 
550 1 22.060100 3.690230 11.584100 
31 2 24.205000 9.690590 7.828780 
1262 1 24.702500 7.213890 2.730790 
1162 1 18.966600 6.020970 10.659000 
712 2 15.937600 9.664600 1.811780 
1242 1 22.993800 4.874750 10.778900 
470 1 21.660400 5.941050 8.369050 
852 2 22.167000 11.632300 10.103800 
1964 2 17.361300 4.031910 10.013600 
935 2 17.315000 12.570800 7.919970 
340 2 24.392500 12.959000 6.442790 
1337 1 13.524400 5.870230 9.741540 
74 1 13.604000 12.654800 5.929090 
190 1 22.938800 0.671010 7.927800 
1620 2 14.896900 5.831220 3.760040 
376 2 19.965800 7.047480 0.028965 
5 1 15.149800 11.746700 8.653030 
1699 2 17.525300 0.626293 2.425320 
471 2 15.027100 9.589850 11.533600 
1489 1 21.968500 12.750900 3.748450 
714 1 24.220700 12.823600 6.627730 
368 2 25.394700 9.807470 11.641800 
1432 2 22.577500 4.643700 11.257200 
1812 2 14.081000 11.932700 8.591470 
1784 2 25.095200 5.663990 9.177620 
1076 2 25.522600 6.760970 11.661800 
334 1 26.092600 3.329900 1.220030 
1961 1 17.580600 10.351000 4.631120 
1363 2 19.654700 9.684140 0.436346 
1096 2 23.593800 2.200890 6.433510 
1022 1 19.811600 2.896990 7.580610 
51 2 25.376000 7.185550 11.337100 
1327 2 19.811600 6.166480 0.865415 
1721 1 23.911500 10.071200 7.878310 
885 1 22.815100 11.975700 11.390200 
267 2 20.637700 3.528380 7.651070 
1920 2 18.337200 8.523460 10.226300 
1152 2 20.588300 8.911160 8.161300 
393 1 21.070200 8.897130 3.761240 
522 1 17.018300 9.910940 0.532548 
1727 2 24.251000 7.710230 6.051570 
375 2 13.703000 8.373690 6.368180 
1260 2 25.347600 0.763330 12.464000 
1219 2 21.690200 5.965130 8.778630 
696 2 18.205400 6.918720 2.666450 
819 2 17.162100 11.134400 4.181760 
586 1 18.054200 12.365700 7.673010 
1738 1 20.872200 8.972630 7.452100 
1038 1 18.328900 3.081320 0.560566 
307 2 18.464300 9.503550 11.296400 
1890 1 16.080000 0.682252 10.853100 
1301 1 21.721000 6.577370 9.699390 
449 1 15.800900 9.429330 8.778980 
1621 1 16.602300 4.601280 9.474140 
1931 2 22.770300 12.563200 9.824820 
721 1 13.505700 7.707580 1.866430 
1711 2 14.801700 0.830248 6.444400 
957 1 16.868800 7.315240 2.506430 
1978 1 20.344800 9.766670 2.764770 
825 1 23.064600 12.543500 5.373340 
93 1 17.509600 12.212900 0.195686 
939 2 14.071000 11.116700 2.107180 
711 2 21.470300 2.019890 1.613760 
1734 1 14.455600 5.968130 8.526490 
494 1 22.615500 8.098070 10.768200 
687 2 24.890500 6.543770 2.736850 
477 1 18.150000 1.088290 7.516230 
950 1 20.291400 5.509350 4.388510 
369 1 14.444200 10.591400 1.780340 
1051 2 17.246800 8.267320 4.308610 
1974 1 18.055100 7.999530 11.054600 
21 1 13.770700 0.953766 1.308080 
137 1 22.522500 3.818760 6.330340 
1417 1 20.242500 2.563440 12.013600 
476 2 17.188200 10.288800 4.415180 
956 2 24.363400 1.268710 9.547240 
731 2 18.577100 12.666300 11.022900 
413 1 23.922600 1.251980 9.362400 
1017 1 14.220900 11.679900 11.045600 
597 1 14.210500 11.016500 5.332160 
849 1 25.081800 5.865410 9.210190 
1514 1 18.714200 7.055000 3.696940 
1950 1 21.144600 1.442610 1.082110 
1984 2 13.354200 11.529200 1.025330 
1835 2 17.331900 7.023360 7.316030 
876 2 22.565900 8.055130 11.271700 
1452 2 22.617600 5.044790 1.094510 
155 2 24.745500 9.588950 3.175850 
1613 1 14.573100 3.917860 3.855900 
661 1 25.894700 6.803270 12.146300 
737 1 18.093400 5.900400 6.394120 
384 2 21.552400 5.944160 9.497790 
330 1 24.311800 11.768400 2.753600 
1144 2 19.089500 5.990780 10.943300 
534 1 21.042000 12.951600 12.993400 
1084 2 14.263200 0.973376 1.388430 
1141 1 22.202000 7.941520 12.280600 
1631 2 19.114900 6.169810 4.963490 
1384 2 24.824200 7.288550 2.723520 
764 2 19.376100 1.073280 4.663160 
473 1 24.305400 2.544300 7.058270 
463 2 25.743500 2.432960 2.968010 
1132 2 14.981700 9.760970 12.529100 
1774 1 24.357600 9.740910 4.295190 
895 2 14.064100 7.248830 2.262660 
427 2 15.155400 2.969770 3.733040 
1085 1 16.987000 12.842800 8.176500 
223 2 20.369000 11.268700 4.755180 
981 1 18.508700 3.206570 5.298590 
1691 2 21.041800 4.966570 4.283410 
1958 1 25.791900 1.747830 2.796870 
111 2 15.948000 9.645540 8.479760 
1725 1 20.207300 8.531580 8.718480 
1884 2 16.377700 9.979510 8.172820 
165 1 21.871900 4.662720 1.254230 
1639 2 22.045400 8.061920 11.158100 
1068 2 20.770200 12.591600 12.722200 
982 1 16.239600 9.934810 2.022900 
1201 1 14.564300 0.282585 8.276790 
70 1 19.740000 6.210690 1.045630 
1675 2 22.747400 12.240100 10.188100 
496 2 21.351100 4.615770 4.757570 
657 1 24.218000 12.049000 0.560384 
583 2 14.705400 5.919330 9.560840 
1646 1 25.120000 1.256770 11.980500 
491 2 14.014200 0.418869 1.266780 
892 2 22.880100 8.828830 1.386310 
65 1 18.046300 3.464590 10.876700 
785 1 19.092500 12.974900 2.657470 
178 1 17.037000 6.856710 7.626070 
1567 2 13.523500 4.346540 0.200387 
1520 2 18.029300 0.615388 7.819820 
365 1 18.043700 3.621560 6.816360 
1868 2 16.325900 8.999630 5.291760 
1680 2 15.494700 0.658434 7.828550 
518 1 24.915200 4.656100 10.475600 
1314 1 15.322500 9.493100 12.115200 
1633 1 24.841800 9.209230 11.376100 
1997 1 26.087300 12.446400 4.850390 
1228 2 17.974200 13.188300 11.658400 
1088 2 14.745100 1.676040 10.911100 
1652 2 14.198600 5.929830 8.932030 
1093 1 15.890100 1.612850 1.882780 
423 2 24.852400 4.880930 10.003000 
1463 2 25.267000 1.017070 12.185000 
1946 1 19.632500 6.178450 11.955300 
1572 2 25.965700 3.419150 1.911250 
1994 1 19.781100 1.189790 4.769220 
499 2 22.209800 4.770610 1.357930 
1435 2 22.652000 8.792490 1.424210 
1551 2 20.353000 2.272170 12.357700 
358 1 16.926400 9.935640 7.422610 
114 1 16.945500 4.099180 3.028180 
1857 1 19.065900 0.552795 12.577900 
1756 2 20.894600 11.383100 4.360580 
1060 2 21.394200 1.578800 1.744370 
650 1 14.932400 8.394660 6.412780 
1552 2 24.432900 9.653110 3.986160 
148 2 13.686200 7.654770 2.572920 
1436 2 19.029300 13.114400 1.447230 
901 1 24.120700 9.793220 2.852430 
276 2 17.761800 12.591100 7.640230 
543 2 22.209600 4.107400 11.082100 
28 2 21.100300 8.802820 3.856900 
1405 1 17.866500 12.921600 12.269400 
1911 2 18.888000 6.090180 11.699000 
1557 1 25.850100 0.038851 8.353760 
1398 1 21.899200 5.155460 3.914670 
853 1 17.940100 3.342970 9.498570 
1210 1 23.210400 8.577560 2.184500 
750 1 13.679300 6.493670 2.834720 
1382 1 17.081800 8.600250 4.642710 
1320 2 24.780200 6.370800 5.947930 
83 2 17.587400 3.737660 10.036000 
1938 1 14.381300 7.826580 3.054550 
1352 2 23.962800 9.364460 7.532450 
1167 2 20.475500 8.895810 8.236950 
1716 2 16.845500 3.609070 2.647770 
678 1 21.315300 2.048400 2.372970 
1354 1 14.123200 3.802680 2.070970 
1406 1 21.791200 0.594301 5.980200 
17 1 13.508300 7.846890 6.306060 
1433 1 18.229400 0.193319 10.518600 
327 2 14.889200 12.171600 9.948750 
1776 2 26.204300 0.157950 2.992420 
793 1 26.113100 10.229500 11.846200 
1215 2 17.756900 12.753500 0.690210 
437 1 14.822000 2.186290 3.584800 
629 1 23.328300 12.559900 9.421600 
524 2 14.066900 13.164300 5.365650 
1883 2 21.561700 0.629329 5.895150 
399 2 26.307100 12.251100 4.652410 
1895 2 18.012500 0.015511 11.242400 
1196 2 24.387100 11.893300 13.080900 
1898 1 18.903800 8.136670 0.139627 
599 2 17.083200 2.773790 13.203000 
1524 2 14.433400 4.954760 12.629000 
1717 1 15.149800 7.592230 12.996500 
202 1 24.639100 10.136400 18.000600 
1507 2 14.883100 9.272440 18.936600 
753 1 13.351700 1.779090 20.216700 
649 1 24.372000 11.519600 13.218800 
520 2 14.859700 9.944720 16.044400 
516 2 15.497100 4.072220 21.514100 
1476 2 20.915000 8.366490 17.370000 
188 2 20.604100 10.129200 21.174800 
1629 1 17.698800 0.201926 26.194400 
1451 2 20.550300 0.596464 17.026400 
1979 2 21.504100 2.540360 15.926300 
495 2 23.144700 6.811330 24.842300 
1298 1 19.174900 0.029347 20.024700 
1501 1 13.458000 3.669900 20.394300 
1589 1 23.187800 6.328900 21.540100 
1767 2 17.775800 3.721480 24.443500 
1973 1 18.906600 6.600970 19.565600 
146 1 19.508000 11.649200 23.970000 
1910 1 24.063300 1.233640 23.672800 
1412 2 17.593100 7.453350 16.174500 
19 2 24.754100 12.248000 20.607800 
1351 2 24.177500 1.568530 17.516000 
1728 2 14.867400 7.465140 20.714900 
1912 2 24.174000 4.533060 13.919900 
1075 2 13.721200 8.416810 25.383200 
1273 1 20.913100 10.543900 22.300600 
1512 2 19.589900 11.726000 23.563200 
248 2 20.908300 0.492699 20.766200 
638 1 22.730500 11.574200 17.554000 
1685 1 23.601600 10.141400 19.707800 
1103 2 20.129800 11.886800 23.590300 
1801 1 22.119100 3.024360 18.404000 
1230 1 14.957800 11.787300 23.557200 
882 1 13.571000 9.130210 25.143500 
1026 1 16.319800 9.237350 21.389000 
1325 1 16.438900 2.506000 14.448400 
923 2 14.174300 12.774300 21.144900 
1701 1 22.056400 3.647550 16.620600 
643 2 19.967000 10.520900 14.950000 
1124 2 22.666600 1.508740 13.769400 
430 1 25.109700 2.156740 17.600000 
319 2 21.834800 7.249230 13.919900 
1361 1 23.041600 8.436740 14.809300 
1582 1 20.353000 4.357150 22.901600 
1665 1 13.763700 11.478500 24.296100 
1186 1 19.253900 8.973470 24.024400 
1799 2 19.666600 4.606060 22.302000 
1743 2 25.718800 7.703170 24.960500 
1056 2 25.330400 3.052190 16.632100 
420 2 17.577500 1.109230 16.623000 
931 2 13.882000 11.449000 24.047700 
1610 1 13.431600 9.450270 17.909700 
138 1 25.041600 2.878420 20.284700 
341 1 26.327700 11.975300 20.120900 
58 1 24.065400 0.119935 25.311000 
36 2 14.156800 13.145700 20.884100 
1008 2 23.913400 1.547460 23.167900 
1925 1 25.607100 11.154000 17.995600 
1448 2 22.496800 7.536770 25.230800 
292 2 21.908500 6.815030 14.851300 
1876 2 19.971300 10.810300 15.939900 
225 1 13.548900 6.447330 18.759000 
1901 1 19.264000 7.314200 23.709200 
1345 1 23.948700 3.397300 26.332900 
1357 1 24.458200 6.458960 24.437400 
798 1 15.774900 4.006040 21.813800 
992 2 19.239000 12.125900 19.013900 
1269 1 22.355400 5.564210 13.834200 
1332 2 23.958400 7.152270 18.614400 
1959 2 19.599400 1.271550 23.307300 
792 2 17.383600 4.073330 17.604400 
1393 1 19.949200 4.011070 14.590800 
604 2 18.732500 4.618230 22.637200 
900 2 22.229200 6.613350 21.222800 
1779 2 25.142400 3.493860 25.197500 
517 1 26.472200 6.395990 25.492300 
1235 2 18.851900 8.047110 24.393300 
172 2 25.111300 6.379060 15.334600 
1296 2 15.529900 0.236256 22.166700 
1025 1 17.601500 9.487210 21.888800 
29 1 22.092900 1.791910 15.560300 
339 2 23.574100 12.892100 22.916400 
943 2 13.383800 2.411960 19.975100 
1097 1 22.326500 7.358600 24.992000 
579 2 26.453100 0.263776 14.945900 
519 2 25.754000 10.857400 23.070700 
310 1 21.835700 3.065960 23.025100 
231 2 24.113700 6.211040 21.986700 
893 1 21.342400 10.892100 17.687900 
1024 2 21.456600 4.124950 22.977500 
388 2 15.516500 6.729750 14.931100 
751 2 22.699500 11.577500 17.729000 
959 2 23.575700 3.035790 14.273400 
1555 2 21.715700 8.710100 16.787700 
1245 1 23.387600 3.500730 13.670000 
10 1 20.083100 3.233530 18.345400 
1480 2 18.483200 7.057600 19.639500 
447 2 13.338500 9.144870 22.165500 
624 2 14.210900 8.741050 25.671100 
652 2 15.728400 2.842300 25.361600 
92 2 17.614700 5.881560 25.877600 
1258 1 17.340700 3.211000 17.644600 
198 1 24.278300 12.385800 20.283500 
1932 2 23.295800 9.662400 15.034300 
30 1 15.622900 8.911640 18.635200 
998 1 13.922700 7.382390 21.671900 
1951 2 16.639500 6.188130 25.589300 
61 1 24.087000 1.679450 22.572000 
289 1 24.191300 8.322840 21.204500 
573 1 19.301800 3.252330 25.933800 
1709 1 13.572700 12.336000 20.836400 
1516 2 14.689000 1.763470 14.211900 
1061 1 18.321200 6.006960 25.732700 
891 2 25.020700 3.107750 20.708800 
1806 1 17.847200 8.390550 16.757000 
662 1 23.995100 12.371800 22.912800 
439 2 19.392900 11.556900 19.293400 
1102 1 15.877300 0.128096 21.949700 
1905 1 20.982700 0.587605 20.824400 
1544 2 25.663300 8.568540 21.965500 
913 1 18.050500 4.219240 17.270800 
1199 2 19.096900 6.874910 19.393200 
1606 1 20.125500 7.320430 20.320600 
1125 1 25.029100 7.110510 15.092500 
1643 2 17.240200 0.374120 25.394700 
1237 1 22.363300 8.209710 17.106700 
38 1 17.916500 3.880250 24.090800 
788 2 20.115400 4.798670 15.100800 
285 1 23.779400 1.661160 13.419600 
537 1 13.448600 6.881200 15.940200 
1179 2 14.670700 3.333560 17.633100 
1359 2 24.092500 8.525390 21.907300 
1642 1 14.410300 12.594800 15.499500 
645 1 26.522300 2.720850 15.809500 
486 1 25.150500 5.893910 15.467200 
526 1 24.490600 6.230420 17.880100 
1064 2 24.565300 10.136600 17.764800 
1042 1 24.829700 8.212260 25.521900 
772 2 20.139200 3.177030 19.580400 
1369 1 19.254000 12.871100 21.215800 
671 2 17.859300 0.985375 16.664900 
1601 1 14.404000 0.667907 22.608100 
1780 2 22.122800 3.532220 16.810800 
890 1 16.510900 10.251400 17.353000 
1116 2 22.995000 10.498300 24.179400 
823 2 21.237200 7.941330 20.531200 
789 1 22.642100 6.874440 18.608100 
125 1 24.141500 12.953800 25.606000 
1526 1 18.328900 5.149260 21.896500 
1503 2 24.808500 6.939030 15.318300 
80 2 14.303500 12.528800 15.892500 
1790 1 20.506300 8.035620 17.276300 
654 1 25.702900 8.748720 21.865100 
1350 1 14.239700 3.547110 18.158100 
1456 2 19.647000 0.295110 13.974800 
1739 2 17.893400 3.931240 17.533700 
107 2 16.371000 6.533180 21.331900 
99 2 23.173600 10.558700 24.286000 
1212 2 22.128700 11.666100 17.836700 
79 2 16.907800 11.530200 24.523400 
1279 2 24.308800 1.436390 22.943900 
1982 1 18.083000 8.646220 14.713100 
1078 1 15.572800 6.750160 14.966200 
1908 2 18.219900 9.632670 13.989000 
1831 2 23.668900 5.516470 17.986500 
1891 2 17.504000 8.255790 17.239800 
34 1 21.649000 6.662130 15.362700 
899 2 17.439900 6.181930 15.726400 
257 1 13.473700 10.859600 22.515500 
1009 1 19.932900 0.723644 14.459600 
850 1 15.654800 11.878700 16.900900 
1014 1 17.165800 11.173200 24.964200 
1402 1 17.434400 4.551870 13.448700 
164 2 24.693200 0.665613 21.244700 
1846 1 20.766100 9.566220 20.208600 
1225 1 25.555700 6.378120 21.489200 
1918 1 23.031100 10.004100 23.695000 
810 1 17.169600 6.790590 18.211400 
1066 1 26.444300 0.410236 14.790800 
254 1 24.696400 12.229500 21.668400 
294 1 14.483500 8.048450 25.878100 
1995 2 17.881600 9.479090 13.969400 
514 1 23.229000 10.718900 24.855300 
648 2 18.069500 0.089194 24.727900 
651 2 24.831300 9.666680 18.179800 
1827 2 15.546800 0.321545 21.904900 
1754 1 16.073000 12.601100 22.383400 
1194 1 14.773100 9.775370 15.876500 
293 1 14.699300 2.779790 17.044600 
1786 1 19.987100 3.426170 20.126200 
250 1 23.258400 2.766220 25.065100 
685 1 17.950400 0.740699 15.984600 
1930 1 16.539700 6.117070 26.351100 
1635 2 22.099000 3.783490 22.912400 
1170 1 16.921100 10.069200 14.425700 
806 1 21.859700 7.385100 21.068200 
770 1 19.993700 12.180200 19.033500 
745 1 24.113200 3.796200 21.016300 
1663 2 20.779500 0.150382 21.004600 
918 1 17.746600 1.247700 17.111400 
558 1 15.826900 2.920640 24.810700 
1429 1 18.647000 11.732400 19.006300 
1231 2 14.677700 1.867600 14.553900 
1985 1 24.054500 10.663600 15.106200 
1584 2 24.555300 6.142680 23.363200 
614 1 25.299000 3.124870 24.512300 
1472 2 22.494700 9.967640 20.331700 
991 2 17.389300 9.461230 21.600700 
1257 1 19.431200 10.013500 14.645200 
1423 2 24.423900 12.781800 25.896500 
401 1 20.825100 11.512400 15.951200 
115 2 24.317400 11.114400 14.873500 
380 2 18.925500 8.138870 24.249700 
1455 2 13.337000 6.346890 18.974700 
391 2 26.529300 5.961960 26.518200 
1599 2 20.764100 3.481850 18.658200 
1586 1 21.769700 4.663990 22.549600 
1032 2 24.785300 3.934500 20.517300 
1020 2 14.646300 11.526100 23.800700 
1185 1 13.772700 5.859840 24.613300 
1244 2 16.513200 10.112200 18.011000 
308 2 14.286500 5.526690 24.504500 
1862 1 14.255200 1.600750 14.186300 
204 2 17.368600 3.324970 13.629100 
980 2 25.959400 11.898300 20.052600 
1653 1 17.792600 0.317562 24.592900 
1092 2 17.311600 9.117060 22.001300 
1515 2 13.907200 6.979990 16.308800 
174 1 20.623900 12.322700 23.138100 
1654 1 25.687600 10.765600 23.245800 
321 1 19.489500 0.886604 23.528800 
348 2 17.053700 10.812900 25.331700 
1156 2 23.320200 2.571520 25.369700 
1045 1 17.587200 6.217230 16.017100 
1120 2 14.437500 3.319420 17.675300 
1343 2 19.758900 5.203210 14.443200 
1389 1 19.689200 5.248740 14.691200 
1268 2 24.508400 12.087300 22.365500 
1397 1 16.505800 7.101210 21.186400 
974 1 20.686400 0.380423 17.043900 
1347 2 15.876600 10.541800 16.309400 
1656 2 17.060600 12.952500 22.122500 
1342 1 24.488900 0.489754 21.397500 
875 2 15.218300 7.491710 13.412200 
1666 1 20.818600 6.749390 26.503100 
776 2 19.635600 2.782170 26.243400 
1521 1 18.251700 20.441200 11.245500 
640 2 22.254300 14.293900 6.059990 
700 2 25.837600 22.313400 0.777703 
1425 1 13.631800 20.188800 6.762830 
234 1 17.450100 19.029800 12.159100 
1218 1 16.238700 22.257900 10.636100 
300 2 21.886800 13.968300 1.223590 
1657 1 23.210600 22.873600 3.430380 
584 2 18.407600 19.825000 11.618900 
224 2 23.387300 17.803800 9.222560 
1702 1 14.157400 19.522200 3.499260 
1286 1 22.674500 14.529100 6.755850 
426 1 20.770100 21.105000 3.021640 
716 2 21.430500 22.120500 11.717200 
132 2 19.324200 17.742600 5.138790 
236 2 13.931700 18.029500 12.790000 
697 1 15.810500 19.645900 7.579910 
708 2 21.566300 26.369800 5.595870 
1378 1 25.789000 17.907900 1.231870 
699 2 21.403700 23.550800 5.165970 
186 1 16.479300 17.792300 5.846080 
1829 1 24.201000 15.600400 12.434600 
1611 2 25.739900 15.752300 8.037140 
794 1 25.314100 18.946500 11.912500 
932 2 19.012400 22.481500 2.875250 
1151 2 15.180000 14.219500 2.415690 
1388 2 25.065600 24.693200 5.230140 
646 1 23.292900 19.664500 13.098600 
102 1 20.770800 23.982500 5.202360 
408 2 18.354800 17.343900 1.911600 
418 1 15.771100 21.899700 5.758590 
1224 2 26.060200 17.486700 13.153500 
351 2 15.372900 16.814800 8.734890 
88 2 13.636000 19.182000 7.183760 
1469 1 19.346700 18.706600 11.251200 
41 1 22.145900 14.138600 1.364100 
1046 1 25.903600 15.014200 5.181260 
464 2 19.612100 23.977100 9.881160 
458 1 16.619400 20.744100 2.525420 
1062 1 15.786400 24.485900 4.244570 
16 2 13.665400 26.108300 5.154430 
529 1 14.806500 21.346700 1.309770 
1104 2 15.690700 24.973700 9.451530 
1865 1 21.278300 20.341100 3.977100 
492 2 17.502400 23.242500 6.489770 
199 2 25.304000 26.428100 8.641340 
1288 2 17.420000 19.952300 3.176840 
880 2 20.958500 20.354600 3.706740 
1129 1 25.844100 21.016600 11.249600 
1315 2 15.443400 24.437700 3.354660 
431 2 19.997700 21.228100 7.598310 
410 1 15.901800 24.572700 2.887350 
359 2 26.361400 18.127400 1.867630 
27 2 20.564800 20.127200 11.202300 
862 1 14.171900 20.433000 9.984800 
136 2 14.327600 21.627600 4.746710 
151 2 16.317500 16.183600 11.390900 
1940 2 16.179400 16.687600 11.477800 
1211 2 24.714100 15.656400 4.237610 
802 1 21.518200 25.792400 0.868027 
480 2 25.164100 19.813700 11.310800 
921 1 21.302700 16.001600 2.247630 
213 1 20.825600 22.424900 1.386060 
394 1 20.117200 20.611800 13.012500 
1073 1 15.405400 22.681000 0.890698 
1746 1 25.977300 15.595100 10.531100 
628 2 15.133100 17.751000 1.984510 
1770 1 20.878000 20.162300 10.889800 
1960 2 21.335800 15.966000 3.503500 
1339 2 16.579600 17.277700 5.872440 
326 1 18.450200 21.896700 5.236360 
574 1 17.794600 13.582500 4.794140 
1458 1 25.452800 15.236300 8.276700 
76 2 22.101500 26.235100 8.832800 
1682 1 18.380800 23.443600 2.710430 
874 1 22.268700 18.542300 4.708360 
1885 1 25.944100 21.883000 6.995910 
1519 2 18.586000 23.337000 2.939290 
1044 2 22.333000 15.236600 8.525560 
707 2 23.141100 20.764000 9.168470 
1602 1 22.631100 25.123100 12.178000 
1860 2 25.311600 16.323100 7.532330 
765 1 19.834100 25.563700 2.614280 
525 1 16.740100 24.382600 1.037720 
511 2 13.974400 18.742800 3.943090 
332 2 20.805400 25.684800 2.237030 
1112 2 17.167000 24.193100 0.718411 
1814 1 17.564700 19.845200 3.268120 
8 2 15.050300 21.560300 1.334900 
37 1 18.863600 14.501600 4.113610 
749 1 15.903300 24.883400 9.196290 
732 2 24.336100 15.392100 4.139220 
1122 1 23.988300 17.858000 10.121400 
694 1 25.711500 23.270900 1.540840 
385 1 21.413700 14.137500 6.146160 
154 1 24.298300 19.894000 2.730420 
1450 1 14.359700 13.823500 2.885100 
179 2 17.007000 23.137500 11.287300 
1114 1 15.537300 16.955100 8.690830 
1941 1 25.245400 15.857900 4.011130 
1427 2 23.360300 24.007900 9.269080 
425 1 20.295000 15.838000 10.183800 
283 2 15.916000 25.329200 9.372240 
252 2 23.706300 15.008500 11.396300 
531 2 20.460600 22.395300 0.901967 
1137 1 19.898100 23.630900 9.414550 
829 1 20.411700 21.153600 8.233930 
116 2 17.929900 26.277600 11.380400 
795 2 26.158100 13.939600 12.510700 
287 2 24.604400 20.472600 3.344490 
1603 2 17.165800 20.331700 2.441150 
536 2 15.892600 24.262300 3.575080 
406 1 17.507700 23.526000 11.695800 
1303 2 22.427700 15.087600 13.168400 
587 2 23.155300 18.149400 11.081200 
1409 1 19.980200 18.063800 6.164150 
571 2 25.653100 20.047200 11.502500 
1040 2 16.522200 19.560900 7.289310 
145 1 16.088000 16.297900 12.182100 
1859 2 24.236800 25.359600 1.854310 
784 2 14.424100 23.712700 7.315850 
1016 2 19.405600 15.646800 10.159900 
1057 1 14.322700 17.560500 7.658430 
1500 2 18.762000 18.139100 8.883050 
440 2 22.612900 25.425100 13.124700 
1564 2 15.965400 17.248800 5.524830 
840 2 14.447200 14.542300 10.320300 
719 2 17.955900 20.040000 12.091700 
1089 1 26.446400 23.643200 9.156330 
1864 2 14.796500 17.150100 8.271620 
1502 1 20.348300 25.684900 5.651230 
886 1 23.529700 25.385600 2.254530 
135 2 14.621000 21.266700 9.917870 
187 2 26.141300 22.553200 0.874501 
1220 2 13.924900 19.340200 3.110810 
927 2 14.319200 24.145100 7.172840 
1965 1 21.215600 25.461500 2.305870 
594 1 23.910300 21.108900 3.300140 
1338 1 19.033600 15.054200 10.145100 
760 2 18.316500 14.505700 4.485330 
48 2 23.425800 18.973800 2.613950 
482 1 14.239200 24.047400 7.863620 
1291 2 17.728600 24.348500 7.046120 
1202 1 17.835800 13.477700 10.624200 
663 2 22.939900 25.152800 12.596900 
1630 1 18.217900 17.936400 8.743060 
1578 1 16.553900 19.689000 6.485650 
820 2 16.749500 22.822300 13.163600 
1766 1 24.339300 19.868900 8.442540 
1049 1 25.717300 21.940100 0.421353 
1989 1 15.813400 16.069100 6.012100 
725 1 17.547100 25.070600 7.535020 
1529 1 22.511400 20.723400 8.995910 
1623 2 13.281000 17.108000 1.291500 
786 1 21.349100 15.909700 3.998910 
1809 1 17.153600 16.624400 1.033620 
633 1 20.332900 24.778500 9.852890 
758 1 25.678000 13.346000 12.546500 
1182 1 24.225000 20.662400 12.911100 
1011 2 18.362600 22.218400 5.456350 
740 2 23.281500 19.192700 6.114930 
607 2 26.237000 15.492900 10.400200 
1439 2 22.850600 18.836400 5.442820 
1561 1 21.468400 22.771200 5.250160 
121 1 20.430400 22.669400 0.059828 
1763 2 18.369100 14.228400 4.328760 
436 2 19.940700 21.062700 7.364700 
1195 2 21.044200 25.389300 2.439090 
304 2 20.851300 22.561400 1.099800 
158 1 19.786800 13.499800 1.364590 
1681 1 25.503800 16.732700 7.765230 
173 1 14.458600 23.402500 4.362180 
296 2 23.032600 23.152400 2.912610 
260 2 22.310500 20.594700 8.760130 
1127 2 16.205400 19.627200 6.862040 
377 1 23.284100 24.509500 7.541290 
357 1 19.215500 21.350200 7.445340 
201 1 18.643300 15.694300 4.750290 
1612 2 26.371000 21.047000 6.063240 
195 2 23.427100 17.305100 7.870230 
1437 1 21.446100 22.388500 11.486100 
295 2 19.180500 18.125300 8.764600 
291 2 20.953100 13.987600 1.949570 
1745 1 25.286600 25.814500 13.076600 
941 1 20.520200 17.783300 4.038350 
343 2 21.214400 15.648400 9.493440 
965 1 17.713800 23.454400 6.608500 
557 1 21.680900 14.986400 9.229250 
1119 2 25.134500 21.830600 6.319770 
773 1 25.221900 25.449200 4.706870 
1316 2 25.756000 20.578700 3.118130 
101 1 22.229500 18.166500 12.334800 
414 1 14.965900 18.206600 2.954260 
1292 2 14.134700 21.679600 12.073400 
592 2 22.008100 17.677300 12.842600 
1878 1 25.035700 25.778300 9.011170 
402 1 13.465000 25.760100 3.725550 
778 1 13.928400 17.178800 1.652040 
1256 2 14.500900 20.728500 9.587510 
1703 2 24.575900 20.112800 0.316825 
1163 2 19.951100 23.981500 9.559480 
1493 1 14.506500 21.390400 4.854120 
1970 1 23.443200 18.016600 8.363410 
509 1 23.181800 14.090900 10.962900 
736 2 26.506500 14.763000 9.777340 
1189 1 21.962600 26.402100 9.057170 
1474 1 19.530300 18.476500 8.490660 
35 2 21.110600 16.539600 2.350510 
813 1 14.331900 14.680800 9.833290 
1668 2 20.958200 23.249600 4.960390 
247 2 20.993500 20.947800 3.660590 
1421 1 23.604100 23.771400 9.344530 
1306 1 23.608200 15.469200 4.135710 
1678 1 13.521100 21.556200 12.185100 
1697 1 25.768300 20.563500 4.154970 
1591 2 20.080500 17.747400 5.339240 
679 2 17.944400 16.987800 1.695430 
1295 2 23.125400 22.902400 3.158430 
1101 1 18.075200 17.569600 2.388210 
1615 2 14.114200 18.848700 12.577400 
1548 2 23.895800 23.817900 8.926910 
1098 1 22.472000 23.313900 2.290170 
1462 1 23.392300 19.134300 6.097060 
870 1 24.936700 25.757600 1.869410 
1536 2 23.846300 25.848800 2.095430 
1888 2 14.229200 14.730300 2.327510 
1598 1 22.881700 16.473600 8.271590 
590 1 16.303700 16.390200 10.733700 
729 1 21.114100 18.567700 1.270900 
1687 2 18.391600 14.993300 10.006600 
1115 2 25.767400 25.282800 4.573670 
82 1 14.557900 24.269600 6.994350 
1018 1 25.334300 24.058900 5.796910 
209 1 14.117100 14.466300 1.797160 
1183 2 15.214500 21.402500 5.169500 
441 1 18.969500 22.338500 2.655980 
639 2 14.962600 22.074600 1.402950 
1055 2 21.586300 14.543900 6.271480 
848 2 25.947900 26.187700 8.522020 
1459 2 17.134400 24.119900 0.671878 
1099 2 16.597300 22.303500 12.969400 
905 1 17.240600 26.139200 11.709800 
181 1 14.168200 18.387000 12.654700 
917 1 20.695800 18.100600 13.273800 
1937 1 23.591500 19.947800 0.410356 
507 2 15.328500 25.600200 13.219400 
1732 2 23.576900 20.359500 13.108000 
502 1 17.209100 15.365500 19.041900 
1003 2 20.851900 14.558200 18.002400 
1059 2 14.779500 19.790900 25.764700 
501 1 22.483700 26.391400 17.745800 
922 1 22.303900 15.392100 15.380300 
783 2 26.183300 20.703800 21.216900 
1375 2 15.070000 14.237200 25.869600 
456 2 14.118400 20.330900 18.961900 
299 2 18.654600 17.276900 16.493400 
1108 2 23.937600 22.822500 14.795600 
312 2 16.720500 22.973800 23.407200 
349 1 20.535500 25.301200 23.428800 
1430 1 24.443100 21.138200 25.631700 
466 1 22.661500 19.549200 21.514300 
572 2 20.406600 25.189600 23.341400 
1581 1 17.839900 17.463900 14.297400 
450 1 17.145400 21.070500 25.947900 
680 2 20.836900 25.343200 25.796800 
797 1 19.602900 19.629700 18.901800 
1834 1 14.923100 15.770900 25.239400 
240 2 18.562100 21.563900 16.957600 
1892 2 16.151300 17.050000 21.968300 
275 2 17.356200 19.321300 21.141000 
609 1 16.969700 15.921500 25.853100 
979 2 24.629500 26.158200 25.435400 
508 2 18.764900 13.508100 15.881000 
1730 1 14.104800 20.453900 14.917100 
475 2 13.969200 20.007400 19.282000 
87 2 23.997500 17.622100 16.337700 
1470 1 21.960500 18.488100 26.062100 
297 1 23.571100 25.228100 23.452800 
416 2 17.758400 15.518500 19.443200 
1775 2 16.973800 22.720000 24.506500 
1796 2 25.658700 23.445400 23.879800 
1513 1 25.525300 26.233500 15.169200 
1688 2 24.151800 14.304400 15.187500 
156 2 13.818600 22.378600 24.817800 
1147 2 20.948500 24.035300 15.878100 
1321 1 20.103100 13.908800 18.183000 
1331 2 24.884900 23.258200 24.571700 
400 2 14.553500 19.931400 25.767800 
815 2 20.762700 13.492900 21.566600 
1565 1 19.082100 19.625000 23.892700 
996 2 16.068400 24.096700 16.084100 
263 2 21.904200 23.328800 19.919700 
1802 1 19.496600 21.180900 23.875000 
1079 2 23.979100 14.374300 15.009000 
673 1 24.858900 13.670000 18.512200 
1226 1 18.200400 22.709500 20.043300 
1155 2 14.968000 22.706800 17.984100 
1358 1 13.541400 19.696700 21.531500 
1080 2 21.013200 18.861200 15.788700 
1070 1 25.492800 20.858100 14.476000 
538 1 23.883000 17.772100 16.126600 
910 1 17.056400 21.035600 23.842700 
929 1 22.899600 25.282900 13.892800 
1139 2 15.499700 17.738600 18.169300 
505 1 18.044600 20.008800 14.525200 
1955 2 17.860400 16.196400 13.682600 
1404 2 16.436400 17.381600 17.256300 
1454 1 21.155700 19.017200 18.956200 
1418 1 18.480200 13.941600 15.653100 
1999 2 23.198200 25.554300 22.940200 
903 2 14.746200 20.600200 16.138100 
1755 2 20.487600 26.320400 25.862700 
1176 2 14.838500 22.870700 18.201500 
159 2 17.981500 16.299800 24.946300 
472 2 18.493300 19.902600 15.267300 
1870 1 21.111100 18.619500 16.196300 
809 1 14.040600 22.421800 21.684300 
171 2 23.046700 21.461400 24.827900 
374 1 15.377900 26.449900 14.394700 
1385 1 15.838200 14.475500 17.803100 
1750 1 24.421700 23.896400 24.618700 
947 2 20.701600 17.753100 13.294600 
243 2 17.614700 14.834200 19.491600 
600 2 17.228700 20.943500 25.782200 
372 2 24.338700 19.174800 19.300200 
1953 1 24.987000 24.964200 18.887700 
1143 2 15.494900 13.588200 14.726700 
1483 2 26.055400 17.344200 13.370800 
1278 1 25.757600 20.482200 17.256700 
1882 1 16.940700 17.366100 17.757700 
244 2 24.416600 26.448400 25.577800 
9 1 18.252100 21.226200 16.444900 
871 2 24.245700 13.942100 17.903400 
366 1 17.414100 22.126800 21.123800 
266 1 23.147700 24.099200 21.476800 
513 1 15.707100 18.001900 17.196200 
1553 1 22.345900 16.063800 24.608400 
233 1 14.226000 21.987100 17.017300 
1317 1 16.682800 22.885500 23.982000 
546 1 23.709300 20.127600 17.211300 
86 1 17.667800 14.480000 19.979900 
1360 2 22.739200 20.995500 17.094400 
978 1 20.231900 25.916100 13.715600 
1597 1 17.079800 25.907900 20.024500 
1562 1 15.012500 20.395200 15.931300 
1047 2 23.783000 22.728400 15.612100 
1 1 21.843200 25.923200 19.003500 
180 2 21.071300 15.169000 14.341800 
1001 1 15.419100 24.972900 13.335100 
246 1 17.378500 24.155400 26.460100 
1272 2 23.871800 17.863900 16.582500 
1992 2 22.763300 25.149300 22.653300 
2000 2 26.346800 18.092700 23.806000 
759 2 20.195100 26.182000 13.663900 
872 2 14.669200 17.101000 20.008100 
1579 2 19.099000 20.466200 24.015000 
983 2 19.233400 24.610100 18.799600 
73 1 18.689800 16.353600 25.007800 
32 2 14.444400 20.241700 15.348200 
383 2 20.582500 24.077300 22.785300 
105 1 15.119400 22.980500 24.724700 
1356 2 24.717900 14.229300 17.939600 
1371 2 18.911800 21.191200 17.545600 
762 1 13.804100 19.686100 19.450800 
1942 1 15.098400 17.283700 21.854300 
1184 2 17.674300 16.034300 25.643700 
1585 1 20.699600 23.425800 23.109600 
1893 1 25.650300 23.907100 22.590700 
1172 2 13.292900 25.668300 24.701800 
1287 2 22.153900 14.881500 24.639300 
249 1 24.618000 23.284900 14.982100 
1505 1 20.040900 24.713000 19.866900 
1798 1 23.480200 16.076400 20.529700 
315 2 13.618400 19.444000 22.286700 
1266 1 14.726500 17.800600 18.842600 
659 2 19.816400 14.306000 14.660400 
578 1 24.069600 13.969400 14.596900 
1789 1 25.116800 15.195200 24.243200 
1213 1 22.061400 20.774300 17.535800 
460 2 14.341100 22.994800 21.142700 
270 1 24.938800 15.708900 21.621200 
559 2 21.818800 17.827700 22.666000 
620 2 21.897100 23.480100 19.258700 
542 1 15.489900 18.964300 26.068500 
387 2 22.598300 25.979500 17.625200 
47 2 20.372300 23.278400 13.338600 
660 2 24.558600 15.422100 26.082100 
1113 1 25.504800 19.101100 19.176200 
844 2 22.889300 18.955200 21.561200 
1744 2 17.781900 17.209200 14.348000 
1290 1 18.852500 17.379600 23.006800 
42 1 21.207800 15.170700 17.633000 
916 2 15.418800 26.024000 18.352000 
50 1 16.576700 16.799200 22.394800 
1874 1 15.705500 14.189800 25.971000 
1813 1 14.527700 23.884900 18.913700 
407 2 21.711500 19.641100 18.056200 
1695 2 24.939200 15.902000 25.386400 
1672 2 19.576200 24.229900 15.009100 
1867 2 19.603500 16.702000 21.649500 
1596 2 19.327800 20.498900 23.528200 
915 2 18.055500 20.018400 15.053900 
1534 1 14.881100 22.702400 18.293500 
1605 1 18.107600 19.246900 20.692000 
1592 2 26.337500 20.247000 21.166800 
1736 2 21.945600 15.344900 24.105100 
205 1 18.616800 24.031200 18.830900 
684 2 26.218800 26.384400 15.189800 
446 1 22.102300 25.598100 22.316000 
404 2 26.158700 20.740500 17.540200 
1975 2 25.503000 20.564400 17.315100 
217 1 24.260400 18.943100 20.160400 
1424 2 20.844900 13.875300 21.529300 
1833 1 19.003800 21.494600 17.661000 
1460 2 21.738000 18.247000 25.724700 
807 2 13.667500 23.188400 15.256000 
775 2 25.094000 23.338900 20.443800 
1508 2 18.949000 17.200700 22.647200 
108 2 19.061100 25.100800 19.224500 
56 2 24.456200 23.306500 20.856700 
1002 1 18.858300 19.715700 15.740200 
1662 1 22.710300 14.192500 24.357800 
1737 1 23.937900 14.086200 17.588500 
589 1 16.963600 19.851600 21.069700 
1379 2 25.911200 17.889000 23.402900 
13 1 14.993000 24.032300 21.676000 
837 1 22.888900 21.030100 24.882600 
1013 1 17.183200 23.247800 15.482300 
841 1 15.931900 24.080900 16.331300 
1438 1 24.266000 24.961400 15.265800 
1178 1 20.390900 24.528600 16.412700 
1131 2 17.595500 26.178500 20.541900 
1383 2 15.803500 13.775000 17.384400 
976 2 20.864500 15.346900 17.990700 
621 1 21.267800 22.585200 15.899200 
1651 2 18.254600 22.503100 20.238200 
1837 1 18.675400 16.820100 16.110500 
1632 2 20.616600 19.369600 18.892100 
1499 2 15.653300 16.835400 22.536100 
838 1 25.577000 23.096100 24.249800 
1254 1 13.470400 18.073300 16.062200 
960 2 15.934200 14.007100 17.223200 
864 2 23.166000 21.155000 25.195900 
689 1 26.090600 16.701000 14.242400 
44 2 13.750000 19.773900 22.398900 
897 1 15.916500 14.038400 15.770800 
168 2 25.543200 20.618200 25.681100 
1453 1 26.103900 17.904500 23.774000 
1276 2 17.542300 19.284200 20.722500 
1494 1 24.852000 14.669900 15.757200 
1221 1 24.753200 23.354400 20.608600 
67 2 15.784300 18.435600 14.555500 
277 1 22.817600 21.487300 13.900000 
176 2 14.958200 15.615600 25.663500 
103 2 24.481900 24.886500 14.846100 
1722 1 17.482200 17.448000 20.660300 
622 1 21.889800 23.373400 19.430900 
1757 1 21.924700 17.704700 22.438800 
1690 1 14.943800 26.106200 18.369000 
1723 2 25.006500 18.435600 20.220000 
1386 1 13.491700 22.976800 14.908800 
1149 1 13.750100 20.087700 22.791100 
1191 2 24.981400 25.057100 18.126100 
338 1 21.821300 21.631400 22.240900 
500 2 14.845600 25.933200 14.365500 
128 2 18.052900 22.836600 20.787000 
279 2 14.061500 24.246600 24.915700 
214 1 20.044800 16.534400 21.705300 
958 1 19.539300 23.627200 14.265400 
443 2 23.769500 15.950400 20.515100 
832 2 24.984300 25.535100 18.191900 
598 1 13.504300 16.832700 16.684100 
851 2 15.278100 22.846000 20.873800 
902 1 24.521100 25.531000 17.709300 
1759 2 20.868100 19.141500 19.180900 
1086 1 26.068500 20.232500 20.749300 
1751 2 16.934100 23.415800 15.651200 
89 1 20.006400 14.179700 14.863700 
1142 1 24.341100 17.469400 17.606200 
1845 1 25.153200 16.277100 25.748200 
360 2 21.791900 21.906400 22.408500 
1840 2 24.341600 15.580400 20.861300 
746 1 20.771600 25.626600 25.595200 
1560 2 15.986300 13.675800 14.006700 
1817 1 15.937000 19.171200 14.506800 
363 2 14.590900 26.192600 19.326800 
1934 1 21.132800 13.820700 21.705700 
626 1 14.160800 20.700100 18.993200 
1980 2 13.540300 17.364100 16.567900 
726 1 25.134300 18.897700 23.551600 
306 1 25.636600 26.483200 25.954800 
987 2 13.581400 17.077000 16.651200 
1664 2 21.451200 26.050700 17.582700 
1650 1 24.521900 15.085500 26.187100 
1689 1 16.932800 13.701200 22.503400 
705 1 25.933100 26.486800 20.738400 
167 2 23.833000 20.561300 13.342600 
1714 1 16.019700 13.477900 14.082000 
521 1 21.430500 15.475900 13.404000 
1530 1 14.465400 20.491200 25.821000 
1198 1 14.217200 26.366900 19.886300 
863 2 25.907300 26.374000 20.685600 
474 1 14.579700 13.601700 20.574300 
1683 2 16.779900 13.625900 22.470100 
129 1 17.261200 22.332400 13.473200 
581 1 15.903300 22.638600 13.388300 
140 2 20.621800 20.489100 13.310800 
1033 1 17.878400 16.114900 13.351700 
75 2 21.599600 18.973100 26.472200 
