id type x y z 
471 2 12.017600 9.085170 5.554260 
1896 2 2.503110 12.232500 11.611000 
252 2 12.809700 8.978130 9.227710 
1627 2 7.899520 8.780580 8.785670 
1307 2 11.518500 13.352500 1.937650 
457 1 12.577600 9.342700 6.765730 
782 1 2.267260 13.395700 0.557498 
200 2 2.915930 9.960840 5.473270 
504 2 3.729740 12.274900 1.777550 
536 2 13.007200 11.583400 7.659280 
1013 1 5.119470 0.072683 12.096500 
268 2 5.384000 11.488100 10.969500 
1084 2 2.396580 5.279900 1.690470 
817 1 0.889413 -0.063917 4.564120 
280 2 4.080730 8.108500 2.971540 
641 1 8.013880 5.475060 0.726935 
1256 2 0.658131 6.784010 11.883200 
604 2 8.118250 2.417680 5.251720 
1338 1 6.854760 1.355040 2.299180 
794 1 6.737010 3.019250 12.079900 
516 2 11.497900 5.409850 7.910880 
785 1 3.325960 9.626890 5.494040 
1998 1 10.083600 6.932020 7.047760 
1129 1 3.092550 1.690870 8.852390 
1967 2 0.634511 2.709520 6.431470 
121 1 0.337020 -0.063362 0.887374 
172 2 4.632290 8.605970 9.349440 
1817 1 1.199300 2.975370 10.998400 
658 1 6.539140 4.300710 8.440630 
1418 1 11.102200 0.524337 12.772400 
1445 1 6.122380 0.148625 3.588680 
786 1 3.807130 0.003808 0.910887 
672 2 12.047600 12.683800 11.052900 
1493 1 2.861690 9.399680 11.324700 
1983 2 3.060290 10.546600 5.586430 
644 2 10.534000 2.513090 10.405600 
1155 2 0.616881 6.042150 11.084500 
1812 2 9.219330 11.505600 7.812020 
575 2 5.733180 8.175990 7.135260 
1925 1 1.140680 8.503540 0.848065 
1665 1 9.681960 2.804230 10.521100 
1261 1 3.793780 5.246920 5.330060 
439 2 6.419890 0.383159 5.419550 
1828 2 2.771520 9.150640 11.605600 
603 2 10.855200 0.268732 12.749300 
542 1 8.466820 3.944640 8.228200 
491 2 6.561080 1.164300 2.841220 
1856 2 4.657530 2.208700 6.278790 
1889 1 8.985160 0.610761 8.490510 
731 2 9.191300 11.950500 4.537560 
1600 2 7.974710 8.583500 2.275510 
1434 1 8.219070 7.778510 12.158000 
1701 1 9.414770 10.715300 8.027480 
291 2 10.330000 1.339050 2.749000 
928 2 2.612630 4.966130 8.922370 
264 2 11.142400 9.803150 11.211000 
1450 1 0.970812 7.678000 7.370090 
1421 1 1.734050 5.217060 0.022524 
506 1 1.899200 5.814850 10.626200 
426 1 2.746310 11.596500 8.415460 
1174 1 10.344300 3.094560 8.845400 
638 1 11.044300 8.816410 1.909240 
1463 2 1.845220 10.343600 8.448490 
1161 1 9.322260 5.971630 3.372890 
1017 1 0.237632 2.823970 7.361150 
245 1 5.281080 11.854300 10.750800 
1930 1 0.335493 11.658800 2.540820 
1789 1 12.379400 12.719700 11.085700 
342 1 6.555440 0.861198 9.582670 
1036 2 6.689410 1.105030 9.411100 
274 1 7.701450 4.083880 6.541790 
1142 1 10.746100 0.357437 3.616490 
413 1 5.540450 8.474160 7.297500 
1173 1 11.159400 2.355920 10.297500 
1125 1 2.019400 7.825600 5.794130 
1398 1 2.981560 11.026700 5.408240 
1122 1 11.381600 5.809360 12.290000 
378 1 0.557098 5.485430 4.545900 
1594 1 4.022990 0.771961 8.337690 
1741 1 12.588500 11.555500 4.155210 
1378 1 3.471780 6.662670 2.829540 
1150 1 5.039790 5.106370 11.549300 
155 2 6.731010 3.196980 0.498938 
834 1 2.662400 12.191100 10.857300 
451 2 6.256290 8.179380 13.158000 
271 2 2.065310 1.496940 3.296850 
1771 2 1.612610 2.983770 10.522900 
838 1 12.706700 11.342400 7.871300 
60 2 9.871820 7.444220 5.614130 
1100 2 12.244700 6.171610 10.819700 
1616 2 0.551699 11.066400 2.721090 
1568 2 12.292600 8.926770 5.762990 
39 2 3.633250 1.161220 8.621400 
276 2 9.853280 7.946350 0.190938 
1207 2 11.347600 12.781200 10.360800 
1546 1 0.569853 1.756980 12.234700 
709 1 4.596540 1.718620 6.411330 
1082 1 3.797730 8.505900 3.196850 
802 1 9.105720 11.738800 6.877870 
902 1 8.373550 0.179831 11.287700 
1940 2 6.544750 6.555020 5.016620 
1477 1 4.192500 4.762760 1.829840 
1631 2 12.168500 2.783370 6.846170 
857 1 8.789170 5.884170 10.399000 
1869 1 2.101620 9.467460 7.951320 
324 2 12.309000 4.465470 3.922720 
1147 2 12.683300 3.001830 1.391570 
1380 2 8.351860 6.376930 11.525600 
490 1 2.570950 6.042880 7.584520 
697 1 1.645400 4.547170 3.172040 
154 1 9.854610 11.227800 2.370280 
1810 1 5.228190 2.760700 5.604150 
1944 2 9.109790 12.260000 5.355660 
668 2 1.152800 2.691540 11.005100 
663 2 2.158280 5.629920 8.286650 
1260 2 5.817620 3.053850 0.906006 
1289 1 5.395610 11.062400 5.009430 
1210 1 9.367890 12.713000 5.787100 
400 2 9.660810 0.754987 7.920110 
1323 2 1.606220 7.743280 6.401860 
1592 2 1.700520 1.798250 3.326550 
247 2 5.403300 4.125970 10.742700 
1686 1 8.543280 0.636678 2.909960 
1431 2 3.190260 9.027700 11.175100 
215 2 2.788860 12.035200 11.088400 
1737 1 0.789792 1.611520 3.264000 
610 1 11.107500 9.360490 4.691330 
1660 2 6.173630 10.547800 4.922830 
318 1 8.120590 2.614220 4.277590 
329 1 6.635530 6.351520 5.124990 
1669 1 12.608100 1.931280 12.892100 
1974 1 10.674500 5.975370 10.935800 
477 1 7.323890 9.063830 8.102130 
1901 1 9.783070 7.720090 5.545640 
956 2 7.496220 0.344496 0.270759 
1091 2 9.595010 3.691660 8.578680 
1438 1 12.130700 0.320991 9.304340 
1993 1 9.567410 11.852700 4.239510 
1929 1 5.946330 2.902060 1.321490 
1008 2 6.711950 0.761044 3.495900 
1199 2 9.442490 11.739600 7.671400 
83 2 11.747900 8.127430 2.757610 
1790 1 6.619270 6.623280 7.642060 
1894 1 7.337560 3.745170 13.079100 
1409 1 12.029400 8.945880 8.932040 
1230 1 8.517450 10.986800 10.905900 
555 2 11.120400 6.300370 7.715960 
1156 2 6.593910 5.484060 8.027630 
98 1 5.405070 6.670060 4.277190 
111 2 8.802160 9.332990 5.387530 
725 1 2.559480 11.696000 2.053430 
1240 2 8.156490 5.864320 10.903900 
1151 2 1.325800 9.251610 0.604145 
1657 1 10.189000 4.771200 8.181480 
1400 2 11.745500 8.617070 2.918780 
1799 2 8.380040 4.264870 5.948180 
718 1 0.605098 1.748880 1.024780 
1498 1 3.230060 8.101550 10.976100 
230 1 8.513160 9.317070 5.420020 
1882 1 10.884500 5.758520 0.713218 
905 1 10.253300 12.631000 7.783080 
538 1 1.088420 7.852300 12.156000 
1935 2 10.846300 2.757020 10.365700 
1746 1 1.427140 10.727400 9.110860 
878 1 3.808240 11.740200 2.008800 
579 2 7.382940 3.266430 12.007100 
1335 2 12.769700 9.056940 9.504060 
411 2 4.943190 2.523700 5.681070 
920 2 1.529300 8.428910 0.384281 
996 2 6.995170 3.219710 12.642600 
1263 2 6.092060 10.778800 -0.112925 
323 2 4.889250 7.843930 1.325060 
1257 1 8.191620 9.457780 1.942270 
1059 2 3.643210 11.810600 2.106880 
430 1 5.556930 9.872350 9.776410 
505 1 9.810790 13.191500 12.042100 
687 2 1.150700 5.204090 3.355990 
851 2 4.123510 6.960450 3.567000 
1383 2 8.289800 11.268800 10.860000 
1753 1 7.784820 6.203550 11.351000 
1612 2 3.176090 1.624370 8.940290 
1368 2 4.222300 5.261390 4.279020 
46 1 11.807000 3.324470 6.594690 
792 2 9.606000 11.647600 2.592910 
975 2 8.789810 6.199040 10.665800 
105 1 10.630100 1.645930 2.821130 
1352 2 1.837350 10.442800 8.597190 
210 1 9.560170 3.138720 0.243883 
757 1 12.829800 2.400630 1.428940 
1791 2 9.563630 0.842490 8.016350 
1917 1 11.900200 9.483170 11.073400 
171 2 10.489800 9.272550 11.712700 
282 1 13.189900 9.559070 9.651460 
1971 2 12.454100 5.843430 11.494000 
720 2 10.509900 0.987200 3.018760 
206 1 8.386230 12.427300 2.772880 
1163 2 8.388860 0.673169 10.776300 
1843 2 6.488820 7.212520 3.718390 
262 1 9.839820 3.741850 1.917040 
940 2 9.389170 2.965070 0.429698 
664 2 12.308000 2.900690 7.024830 
1692 2 9.259390 5.565320 3.075220 
1444 2 7.391920 8.866010 7.693990 
1676 2 4.658810 4.914420 11.053600 
1844 2 8.078290 10.681800 11.232300 
1655 2 6.038990 10.565100 4.259720 
564 2 4.797550 12.485600 8.152720 
1054 1 9.407800 8.209790 0.642100 
906 1 2.396300 1.321750 2.864110 
315 2 9.523420 10.873200 1.997420 
1324 2 8.663420 3.427390 7.926230 
1854 1 7.467390 7.335870 2.804870 
1726 1 5.284960 11.607600 8.211300 
1452 2 0.281420 5.360700 4.848220 
911 2 9.496210 3.820350 1.728650 
896 2 4.509260 0.402786 12.447700 
1067 2 12.309200 11.839200 4.071540 
1569 1 10.297100 10.026600 11.552400 
759 2 9.089560 7.558700 0.572507 
1104 2 3.212370 6.658960 6.723080 
1614 1 2.898480 4.718950 8.408750 
1439 2 6.405150 3.965650 7.871330 
1850 1 5.663450 11.238100 0.383928 
38 1 11.096600 12.399800 10.288100 
1541 1 6.200700 10.459800 4.153160 
933 1 1.921990 3.082900 10.103700 
251 2 5.465430 11.898000 8.181280 
1755 2 4.248890 4.657400 1.948730 
1514 1 11.678900 5.463110 8.545200 
209 1 5.080910 4.660120 10.307500 
1577 1 12.302600 8.121530 5.662980 
71 2 4.118520 0.796250 12.194900 
1189 1 3.794390 0.592160 12.434700 
303 2 11.344200 4.919830 5.162780 
1806 1 3.314550 11.340000 12.851100 
606 1 11.790800 4.145910 3.394240 
1590 1 7.265270 12.764000 9.452670 
1957 1 0.300640 3.062160 5.165880 
261 1 12.690900 2.216160 7.390540 
27 2 0.793869 13.180600 3.472980 
580 2 12.541600 2.335730 12.829800 
1756 2 0.445770 12.185200 6.988620 
1777 1 11.085900 5.391870 5.024670 
652 2 12.747400 -0.004466 8.625020 
322 1 3.955850 -0.027231 4.948740 
919 2 12.415600 0.533188 8.688090 
1986 1 -0.041637 4.540470 12.319800 
1313 1 11.998000 12.350400 2.072840 
1014 1 9.674440 1.371870 7.507920 
895 2 11.074900 0.003918 4.619520 
297 1 1.484570 4.788460 22.530200 
287 2 1.816170 12.735900 25.750900 
888 2 8.787800 3.465610 17.864900 
1909 1 -0.062522 7.275570 26.270800 
178 1 7.590680 3.203530 24.687700 
1213 1 1.004560 6.088420 22.902800 
416 2 9.256410 2.360560 21.093700 
45 1 13.110100 8.530750 25.055800 
9 1 7.384190 -0.144730 22.942300 
1061 1 11.035300 9.329260 15.118700 
1884 2 11.663600 2.016120 19.078900 
755 2 3.100950 10.805700 13.956400 
1495 2 9.287340 3.102430 20.724200 
558 1 3.302360 7.425340 13.035800 
1297 1 11.399100 4.918850 25.692500 
961 1 4.253550 11.873400 23.524600 
947 2 1.847670 1.407040 17.959300 
1955 2 11.399500 6.013000 14.389900 
613 1 2.934650 2.667890 22.878900 
1624 2 0.593295 11.276400 17.291100 
530 1 1.727920 0.734184 13.496900 
611 2 11.322600 5.463050 25.988900 
446 1 12.579100 2.545850 18.759900 
1068 2 7.288900 1.300950 15.293000 
1948 2 1.505670 0.726617 13.898300 
1786 1 4.605190 9.356940 19.333600 
466 1 9.845290 2.545480 25.020700 
11 2 10.726000 9.304370 24.409000 
1360 2 4.781890 10.451500 22.291500 
1654 1 9.077480 10.863500 21.302600 
478 1 13.056000 13.051800 25.443600 
388 2 10.070700 8.314530 22.232900 
826 1 2.934140 8.818190 25.927800 
1332 2 12.755300 0.272063 20.232000 
1201 1 8.215520 12.587000 25.175900 
853 1 8.561180 10.544800 16.456200 
948 2 1.317150 4.941880 14.486700 
540 2 4.659020 12.781900 16.197500 
1053 1 0.260907 3.529970 17.687100 
1508 2 6.857260 11.377800 13.680000 
1975 2 10.149800 2.050080 24.718500 
1697 1 8.633360 2.315440 16.991700 
671 2 0.987295 8.660870 19.518200 
497 1 4.493960 12.814600 16.908300 
1079 2 4.052950 2.903790 14.135200 
1386 1 10.909700 6.796980 17.544300 
1941 1 6.255000 1.455550 20.153500 
1492 2 3.648760 3.629910 19.778900 
778 1 7.149800 1.518800 15.470500 
1841 1 4.606270 5.270830 17.032300 
110 1 0.713318 8.256640 18.986700 
589 1 2.326680 11.754500 22.896000 
1364 2 1.080790 8.166290 15.335100 
269 1 11.822900 1.137320 19.539800 
1682 1 7.280730 9.843550 20.118700 
420 2 6.770240 10.577200 20.116300 
473 1 13.234400 1.708050 16.327400 
977 1 7.349350 12.319800 22.755800 
1443 2 3.008630 8.349920 25.768400 
1709 1 5.041190 8.155490 26.573500 
804 2 3.554150 10.801500 13.976300 
637 1 1.205330 1.415010 17.922500 
216 2 13.136500 8.182310 26.014500 
1675 2 12.838800 1.460480 16.466000 
865 1 10.704600 9.473570 24.268300 
1792 2 12.999200 10.089800 14.086900 
44 2 8.556620 11.051400 16.511400 
1349 1 10.679800 11.065400 17.855400 
326 1 7.915250 11.513200 15.241300 
1570 1 4.890680 10.209200 22.617900 
1277 1 12.847800 10.025100 14.421300 
760 2 0.206889 11.575000 13.956300 
1232 2 8.580660 7.753380 19.458400 
14 1 6.384570 11.702900 13.291100 
1528 2 9.687660 4.072160 15.148300 
484 2 2.122460 2.028220 25.817300 
743 2 10.050900 3.124830 14.395900 
1964 2 9.863390 10.325000 18.249000 
876 2 4.837600 12.500300 24.693700 
1315 2 0.351197 6.920160 18.054000 
1271 2 6.541320 8.459030 23.421900 
449 1 12.931700 0.354229 21.847500 
657 1 2.045050 4.369290 14.216100 
1991 2 0.076919 9.991390 24.030400 
1410 1 11.393200 6.348090 25.403200 
1353 1 3.844110 6.276660 13.868800 
373 1 4.167220 2.965660 13.568400 
1760 2 3.528590 3.119360 23.019600 
24 2 11.615700 5.621320 25.859800 
1747 2 6.638410 10.301700 19.922400 
1804 2 4.503170 2.838690 14.362500 
741 1 6.822120 2.020040 23.674400 
129 1 7.069400 13.261000 21.633800 
48 2 0.007805 10.148800 21.791800 
1113 1 1.046420 12.394100 25.139400 
453 1 8.851320 6.322840 25.275100 
1184 2 0.591588 4.871970 25.709000 
1455 2 6.183300 1.974790 17.678900 
821 1 1.013590 5.591210 14.360200 
1729 1 10.956600 4.933650 18.068800 
1994 1 4.418280 6.844910 22.761200 
946 1 5.986720 8.303380 13.648400 
897 1 10.646200 11.196500 25.592500 
26 1 7.302240 3.101590 16.577400 
926 1 11.997500 7.841820 18.351000 
1698 1 11.234700 2.696570 23.907900 
1436 2 11.772200 5.333930 20.292200 
16 2 7.307530 13.088400 22.333000 
1629 1 1.286280 9.930690 15.569800 
1248 2 6.239710 2.071870 17.962400 
1222 1 11.803100 8.398750 15.637300 
1610 1 8.041530 7.594960 20.807400 
250 1 10.148800 8.246670 21.407100 
308 2 8.710670 5.560220 23.165500 
764 2 13.267300 2.261050 16.681700 
1408 2 12.321200 12.524100 24.143500 
161 1 8.782340 3.337670 20.545800 
1265 1 6.500410 7.667290 23.466600 
1102 1 5.129960 12.483100 25.572900 
117 1 12.435800 9.119010 20.401300 
482 1 12.446000 0.236171 17.630300 
1043 2 9.433380 9.498850 21.450300 
1522 1 8.833650 4.790250 22.895800 
770 1 0.436505 8.307850 16.388700 
793 1 4.033070 8.847790 17.138900 
1773 1 5.789850 2.566320 17.822500 
1131 2 6.227370 5.485220 20.923900 
1165 1 6.000370 9.940780 26.040400 
1644 2 8.819030 10.661300 21.450600 
1996 2 8.217890 5.898020 25.810000 
476 2 7.404200 2.904960 24.448600 
133 1 9.127900 2.123670 21.236200 
47 2 8.318480 7.158040 20.258800 
136 2 4.330760 8.822990 17.486200 
1963 2 4.728180 7.855650 19.398300 
292 2 11.947500 7.474990 17.777100 
1677 1 10.841400 1.981980 19.175600 
724 2 6.248620 10.635400 26.642400 
1048 2 7.146870 9.500910 23.924500 
730 1 8.791220 10.741500 18.916000 
827 2 12.028400 12.359600 20.032100 
64 2 3.369820 7.043730 13.258100 
241 1 9.476270 3.709040 15.720800 
392 2 1.135740 11.244700 26.093100 
460 2 4.602990 -0.051217 19.451400 
1509 1 5.293520 3.117940 26.388100 
1063 2 4.544440 5.177360 17.284100 
108 2 12.675000 8.986680 20.448900 
145 1 7.118060 9.918930 23.514900 
979 2 3.270880 7.409470 13.740700 
1718 1 3.579110 10.454300 14.331100 
275 2 9.753550 2.973420 25.946000 
1123 2 13.094000 7.898470 25.912800 
1912 2 6.723090 5.091560 20.936300 
407 2 -0.200503 4.689630 16.778900 
1580 2 10.650100 11.085900 25.357700 
967 2 5.824720 6.183150 24.932900 
1885 1 3.660360 4.005860 19.905600 
1130 1 4.497580 2.705920 15.137300 
1448 2 0.983948 0.772717 17.439400 
1486 1 11.501800 12.542900 23.757200 
1842 1 5.845010 6.029560 24.941700 
1108 2 7.070990 0.396977 20.977600 
726 1 11.866500 4.924560 20.248500 
465 1 11.891300 11.979800 19.376000 
350 1 0.737635 10.231700 25.806100 
285 1 5.733710 4.660690 18.293100 
1537 1 1.936530 3.084800 26.329500 
1764 2 8.289600 12.293200 25.159300 
295 2 7.659540 4.977570 14.041600 
1269 1 8.371260 8.168000 17.171800 
1898 1 6.253330 11.222700 20.507900 
858 1 8.842130 0.370591 23.944600 
101 1 1.031190 11.731000 17.259500 
1022 1 6.863770 5.967710 20.349400 
375 2 8.728570 6.429930 23.551500 
359 2 3.471710 7.409940 22.546200 
1953 1 3.002800 5.619760 22.267900 
899 2 7.509120 12.228000 22.258800 
1366 1 1.313160 10.599000 18.008300 
1218 1 6.776880 5.485570 14.339200 
1253 1 4.018930 6.853780 25.651000 
767 2 8.453940 10.769300 15.755500 
1613 1 6.413700 1.351650 17.432900 
444 2 5.736040 4.832430 17.760800 
150 1 13.387300 5.575050 22.199700 
1078 1 7.194600 4.186050 18.451300 
570 1 2.969260 2.955860 19.767000 
649 1 10.536400 4.555190 14.328700 
1727 2 7.679530 4.311720 18.369900 
483 2 4.666820 10.617600 21.952300 
1524 2 8.814390 8.360860 16.191400 
90 1 11.621000 6.667590 14.344300 
6 1 3.558200 7.855800 19.261300 
1041 1 11.438700 12.847700 21.346000 
363 2 0.860764 8.839120 15.410400 
955 2 8.273020 7.434690 17.304300 
1728 2 5.287640 6.026930 25.113900 
1774 1 1.281160 8.188940 14.699200 
763 2 11.239700 9.052260 15.049100 
560 2 4.052760 9.397420 18.098000 
532 2 10.243800 2.331640 24.205300 
50 1 9.599350 2.672360 14.013500 
1666 1 9.673700 9.088810 18.027100 
925 1 8.267200 7.337230 15.285800 
1449 1 8.979290 9.583270 21.715800 
346 1 6.263330 4.875780 21.451700 
1446 1 4.310160 2.193370 22.339000 
953 1 4.294910 10.715500 21.720300 
1531 2 11.082300 4.895560 17.937300 
1536 2 3.675700 6.457810 22.325600 
1679 2 11.346700 7.662470 18.070400 
410 1 0.813002 0.110748 14.565600 
631 2 8.171700 2.675830 16.588800 
1539 2 6.926950 2.309570 24.084000 
1391 2 3.673590 3.905480 19.841200 
151 2 11.076200 13.050900 15.243500 
976 2 11.510600 12.665700 15.241700 
576 2 11.531300 6.198940 13.802100 
366 1 8.608000 6.377060 23.565300 
1710 1 7.799820 7.236530 18.903400 
776 2 2.728310 12.390500 22.172300 
207 2 11.046800 1.917570 18.998200 
683 2 4.148150 9.351190 16.605000 
95 2 9.614110 10.423800 18.663000 
783 2 1.366820 0.322224 13.834900 
186 1 3.989840 10.121500 16.477700 
1818 1 1.993810 9.104540 21.764900 
92 2 11.297500 8.640230 15.263300 
1619 2 5.163140 12.582400 16.337800 
1035 2 10.644500 13.068300 22.902500 
1977 1 10.934400 6.556400 22.732100 
1719 2 6.552770 1.376290 20.601800 
1050 1 11.288100 12.085100 14.881900 
1092 2 12.078100 11.948700 19.425100 
521 1 0.749637 4.773320 25.696100 
629 1 2.438940 13.328000 22.202000 
347 2 2.390760 12.174700 22.917600 
103 2 1.320480 5.184810 22.384500 
1119 2 3.714450 1.987720 22.543600 
880 2 6.615000 6.675370 14.200000 
423 2 0.971231 11.337200 17.781800 
55 2 6.324500 11.079100 13.551700 
1813 1 1.978190 1.745850 25.650000 
507 2 11.584500 6.461130 22.830300 
847 2 1.521580 4.762020 14.594500 
1545 1 7.290270 10.441200 14.022500 
891 2 1.449130 5.315480 25.953800 
1800 2 1.312390 4.958560 22.842800 
713 1 0.538166 11.266700 13.789400 
686 1 2.698410 13.184700 19.358700 
685 1 4.782260 -0.009923 22.626200 
1770 1 12.863500 0.030486 23.989000 
1071 2 1.993420 2.791310 26.092900 
1057 1 13.310600 7.707500 26.187600 
1785 1 4.969180 20.176400 13.404300 
427 2 6.689800 23.525600 5.935670 
396 2 1.921830 18.452300 8.185690 
1802 1 0.478361 25.275000 12.600300 
1931 2 1.136830 22.848300 6.575490 
1668 2 0.852489 22.110600 6.217190 
1913 1 12.514600 26.000200 7.750970 
1447 2 3.737670 26.398300 0.182890 
1960 2 6.974110 18.054300 4.181820 
1226 1 7.396450 19.257000 4.515480 
1573 1 11.584900 13.947600 2.534510 
636 2 2.553290 22.842800 0.933379 
1085 1 8.068190 18.822500 9.987530 
127 2 6.364460 21.825400 1.795030 
85 1 5.610080 16.387300 7.691610 
1563 2 3.477880 25.425300 2.993700 
1107 2 1.796800 14.985300 0.913541 
1322 1 4.496680 16.217200 1.777910 
1734 1 3.783570 14.206900 8.887760 
1643 2 12.446000 22.397400 5.644130 
1831 2 7.538460 15.371600 7.131400 
236 2 12.011600 21.082000 5.353570 
84 2 1.705140 17.132700 11.944700 
1087 2 4.101300 15.531200 1.445680 
212 2 4.179350 16.195400 2.564150 
1824 2 12.575700 19.833200 3.061630 
1823 2 6.856970 24.697100 10.324800 
950 1 4.934380 14.562600 12.207400 
1981 1 12.424600 22.986500 10.386400 
100 2 1.242270 16.349000 5.691920 
1649 1 2.674420 18.409800 6.808050 
1849 1 6.590030 18.866500 3.104770 
1010 1 12.946600 22.451600 5.697410 
1766 1 1.151500 17.251700 3.796020 
1502 1 13.238100 25.147700 1.738270 
146 1 5.622960 21.492900 8.675710 
1299 2 1.801740 17.239100 8.763990 
1681 1 5.222960 23.563900 13.160800 
1283 2 0.117257 20.057700 4.198150 
1204 2 12.732900 23.549700 11.355900 
1830 1 10.944800 17.018600 3.645640 
1808 2 9.700700 24.855900 10.350600 
1217 1 9.034080 19.158500 4.740860 
791 2 7.901110 18.911100 9.559970 
1638 1 11.400500 20.399900 8.844560 
80 2 2.892650 26.056300 6.274440 
1095 2 3.509880 24.886700 9.673300 
970 1 1.603880 19.983700 7.656590 
700 2 3.383640 24.674300 9.816620 
1506 1 2.764120 16.193200 9.978040 
1893 1 1.326960 18.944700 0.716621 
224 2 0.798215 17.783500 0.539119 
417 1 12.254900 21.608000 7.074020 
1680 2 4.351980 14.301500 12.681500 
1598 1 7.870710 20.848700 5.701150 
358 1 7.902370 22.708500 1.010720 
912 2 -0.039785 25.679400 12.104600 
1224 2 7.579890 16.342200 11.804700 
1225 1 2.895830 24.894400 10.381200 
1288 2 8.516820 20.251400 3.889550 
999 2 7.104700 21.048600 7.035720 
142 1 8.127720 16.440800 4.670970 
1814 1 9.807480 22.248500 0.394790 
1496 2 10.010200 16.097300 4.530650 
86 1 8.223060 20.175400 9.080790 
1611 2 2.893040 25.902200 6.656650 
202 1 12.051000 13.313700 8.315560 
1049 1 10.108200 21.898600 11.138600 
1742 1 3.309870 22.366200 1.095000 
1927 2 3.584780 18.381000 1.506690 
1254 1 4.316760 22.774600 9.079580 
565 1 9.988410 23.234800 12.468900 
942 1 10.332600 26.594000 0.608210 
1673 1 6.153900 17.349200 3.513840 
1284 2 11.030500 17.336700 2.142710 
1504 2 4.435840 20.461500 12.750900 
924 2 11.598200 20.016900 12.127900 
1984 2 0.454878 22.742400 3.335670 
1988 2 4.180670 25.856700 4.255560 
1339 2 12.798900 14.778800 6.528250 
229 1 10.680100 20.012200 12.596500 
674 1 6.551080 21.103100 6.736130 
1387 2 0.463421 26.103000 4.992550 
607 2 2.359560 19.539200 7.043070 
1902 1 1.246430 22.262600 11.021200 
255 2 9.445930 22.655300 0.634905 
569 1 3.675350 17.503800 13.088300 
1069 1 6.875860 23.604600 6.020410 
1488 2 1.402280 19.014000 2.821840 
1874 1 10.838300 17.062400 12.934300 
223 2 8.895280 19.395800 4.698910 
1483 2 2.605330 22.573800 0.734669 
159 2 0.674295 24.742000 9.457740 
1179 2 12.498800 19.936100 9.083340 
801 1 3.697190 24.764200 0.557198 
340 2 6.812160 19.366300 1.344970 
1470 1 9.798150 19.640700 7.305590 
225 1 4.982670 20.726300 10.992800 
1320 2 6.926080 22.119100 7.435780 
362 1 8.473460 23.898600 4.116350 
1876 2 7.975040 19.210900 10.195400 
1622 1 1.458570 26.183800 6.612950 
467 2 9.641110 22.219400 8.809910 
1394 1 6.805570 14.793800 7.108600 
723 2 4.050110 15.188400 9.097870 
40 2 10.313300 16.948700 9.701060 
822 1 1.090180 16.982000 5.750620 
1389 1 9.653940 16.653400 10.006500 
788 2 4.709930 22.182900 8.738830 
1759 2 7.387550 14.294900 2.533450 
669 1 6.463520 21.539600 1.960590 
1002 1 13.063100 20.595100 3.957460 
1099 2 0.199675 16.326200 2.670060 
1836 2 11.451700 13.597300 8.459160 
806 1 9.505010 13.573200 10.570000 
571 2 9.358570 14.312800 11.740400 
1238 1 4.979400 14.320100 5.428970 
1926 1 9.177400 16.111500 7.661560 
1312 2 9.572530 13.427600 11.607800 
1535 2 10.560400 16.837100 13.266700 
990 1 7.370350 17.178500 6.864300 
1422 1 12.062200 14.732200 6.621480 
1343 2 7.568920 25.950100 0.526521 
1782 1 10.023900 24.197100 9.582680 
361 1 12.736100 18.746000 12.193400 
854 1 1.307080 22.233200 6.128050 
1768 2 6.162090 16.803300 8.316160 
1105 1 10.131800 18.006300 1.692900 
1765 1 3.857850 24.475800 9.455100 
1872 2 3.866820 14.321900 0.124758 
1037 1 5.984670 23.065900 8.113730 
475 2 1.687450 16.117400 12.055100 
796 2 10.631100 25.834500 0.097943 
1417 1 12.440300 26.364700 4.976990 
1011 2 6.618160 17.795300 7.207510 
432 2 12.629100 23.189300 8.318500 
1794 1 10.945400 26.101700 5.231850 
605 1 1.116920 13.535700 3.325170 
339 2 1.713020 17.606500 4.470180 
277 1 6.288900 24.697600 10.435600 
1016 2 13.436200 16.538300 9.991490 
1499 2 5.755790 14.089600 5.236450 
227 2 7.767420 13.467100 9.181920 
1138 1 4.298520 22.939800 5.259750 
612 2 6.870340 20.825000 6.535290 
197 1 3.310510 25.650900 3.587760 
211 2 10.057900 16.633100 9.883630 
1242 1 2.377610 15.383400 1.071890 
1820 2 5.660640 23.167900 1.843910 
208 2 9.546140 21.493000 8.808110 
1868 2 4.590000 18.709100 10.062400 
748 2 11.720200 13.385800 2.537930 
1055 2 3.913210 22.400700 4.433350 
1404 2 9.327020 22.952300 0.478956 
1582 1 7.781830 14.102000 9.209440 
1407 2 5.081180 22.533800 8.656150 
1258 1 10.316500 16.151200 4.774600 
54 1 1.120870 23.294300 7.288640 
747 2 3.910940 15.816500 6.167770 
1373 1 3.851700 22.299900 3.993580 
625 1 3.935370 18.701200 0.973549 
943 2 10.511200 16.508200 4.462220 
144 2 4.164310 15.334700 5.890110 
1086 1 3.783120 15.527600 5.799650 
1659 2 4.130360 14.172500 12.734600 
803 2 12.550700 18.671900 7.974270 
619 2 10.613700 17.572900 1.715730 
534 1 0.417827 18.707600 2.397260 
633 1 8.868940 20.044700 3.340740 
1302 1 7.871180 17.271800 11.454500 
382 1 4.739270 18.726800 10.013900 
566 1 11.668100 17.186200 1.827720 
868 2 10.166200 24.447400 5.739670 
335 2 12.777600 24.259300 10.633000 
1000 2 9.992950 17.051900 13.221500 
562 1 2.831450 25.963500 6.161800 
1589 1 1.452020 16.067300 12.170300 
879 2 6.217960 16.418800 10.508100 
199 2 9.711630 19.607900 7.306830 
293 1 6.160390 16.225100 10.543300 
1403 2 10.240900 22.722500 12.355700 
1880 2 6.067950 25.331900 8.097630 
701 1 6.198640 18.806900 7.414070 
289 1 1.073800 22.431700 3.927130 
32 2 8.221770 17.228300 6.484600 
226 1 2.425680 18.464300 3.581650 
405 1 12.192300 19.264600 3.290980 
951 2 6.698840 18.493100 3.508670 
41 1 0.130621 16.225200 2.417650 
377 1 8.194610 26.388800 6.399380 
1711 2 12.936300 19.408500 12.144100 
336 2 1.124490 14.013600 2.556690 
628 2 12.193000 19.580700 8.150010 
1520 2 5.929990 24.804300 11.136900 
1114 1 3.783570 15.821400 8.212090 
1641 1 10.547900 17.789100 9.410130 
1118 1 9.782050 23.980000 5.546490 
1970 1 3.956180 14.529900 1.285830 
627 2 13.035500 25.433200 5.812840 
1699 2 9.214150 24.126600 4.370540 
572 2 3.859140 22.407200 4.698680 
622 1 9.309050 21.961000 8.419690 
738 1 8.401840 15.693000 1.843380 
517 1 11.948600 24.382600 12.692400 
1548 2 8.161630 23.222700 4.497360 
438 1 7.085080 22.301300 12.421600 
118 1 3.045840 14.060000 12.237100 
989 1 13.163400 17.111200 10.511400 
585 1 0.872036 23.663700 3.061650 
894 1 9.950240 20.069600 0.590240 
1900 2 3.879460 15.150400 9.076170 
1363 2 1.914100 21.777400 10.579800 
1556 2 7.557610 13.513900 9.162380 
890 1 2.056750 17.734900 9.049990 
1510 1 6.078270 25.743300 7.958670 
337 1 12.293200 18.880100 8.531380 
1280 2 11.640500 14.617100 6.147600 
182 1 7.081820 14.387600 2.528000 
1359 2 0.794710 22.976600 2.847870 
703 2 4.599830 20.570800 10.136700 
848 2 7.928880 14.932100 2.613060 
998 1 2.835360 23.379900 13.226900 
1018 1 1.894160 22.018400 0.199783 
487 2 7.572950 17.220200 1.640790 
74 1 6.734620 18.221600 1.342190 
89 1 9.622970 25.082600 11.030700 
56 2 7.037860 21.981800 12.139500 
510 1 2.504680 21.797100 10.245400 
1192 2 1.174230 22.221300 10.852000 
1588 2 5.562060 13.900800 4.989320 
892 2 12.034300 26.192300 4.793430 
1177 1 5.954410 23.857600 2.156150 
1801 1 8.298260 14.822800 12.416400 
1516 2 9.936850 22.845300 12.384500 
18 1 8.979370 17.848300 12.846700 
1427 2 0.676671 18.868600 0.664052 
1910 1 1.197780 13.472100 7.398850 
134 1 6.095940 13.420500 4.648130 
1540 2 10.160300 19.429800 0.317996 
800 2 0.778811 26.258900 4.805440 
702 1 -0.030655 13.761200 0.746840 
860 2 3.785600 26.243500 0.428363 
1776 2 12.700200 22.703000 0.445071 
1430 1 0.662101 20.012500 4.372380 
993 1 0.182523 25.419400 10.158500 
1855 2 1.009520 13.454300 7.592330 
1428 2 8.910290 26.228200 13.053900 
1293 1 10.359700 24.940100 0.792105 
91 2 4.370080 16.947300 12.982300 
1637 1 -0.078811 17.771400 0.035152 
135 2 5.595860 22.265000 13.069600 
302 1 3.280320 17.209100 22.082200 
1976 2 8.116820 22.867100 16.211900 
270 1 7.306670 16.200700 23.038300 
21 1 5.872690 17.320300 13.413300 
843 2 9.724780 20.640900 15.501000 
518 1 6.025850 15.325900 22.723100 
1388 2 9.794620 20.724800 15.829500 
1763 2 12.459800 15.695100 22.456900 
494 1 0.405803 20.198200 23.172700 
1171 2 4.162150 25.934300 15.766800 
1966 1 12.901200 26.169400 19.794600 
1317 1 10.692500 24.738500 20.889400 
1639 2 12.543200 22.530300 25.451100 
1243 2 12.285500 22.908000 16.438700 
775 2 0.744062 25.331600 21.120500 
232 2 6.927820 24.903500 18.560000 
1731 2 8.529460 14.523500 15.207300 
769 1 3.541240 26.486300 19.890600 
614 1 9.982870 21.248800 19.918700 
696 2 11.020100 24.622900 19.579600 
1775 2 5.198660 23.273000 26.180500 
1797 1 10.076300 16.512400 14.048800 
1325 1 12.889900 17.051600 19.114400 
1342 1 9.964950 16.075600 18.667800 
1135 2 6.829540 25.678800 13.858500 
722 1 2.376710 24.656900 25.012100 
863 2 6.372470 24.919000 17.482600 
957 1 4.625630 25.535900 19.487300 
1347 2 8.494700 19.544700 17.889300 
1513 1 2.246370 18.683700 21.536500 
995 2 8.555970 23.469600 15.853100 
1030 1 5.471390 24.403900 16.971700 
1412 2 0.024841 19.404800 14.170200 
1198 1 10.188800 22.861200 22.923100 
1700 2 4.562360 26.773700 22.986900 
179 2 12.675800 16.634800 18.994500 
63 2 12.813800 24.101000 22.912100 
305 1 13.256200 18.449400 22.190400 
1838 1 4.063640 15.597900 23.983900 
1805 1 7.886660 23.007400 16.167900 
1176 2 3.436990 20.683700 22.327100 
734 1 5.528120 17.826800 19.602900 
120 2 6.720820 16.340800 22.910200 
450 1 5.375830 19.834700 16.325000 
1237 1 3.843870 19.938400 22.830400 
316 2 7.738850 15.015100 14.349200 
784 2 1.290180 24.494300 18.723200 
1905 1 5.249870 22.206300 14.090900 
187 2 10.571400 17.725200 24.210800 
864 2 8.273070 13.688200 19.521200 
650 1 0.425145 14.744900 22.349100 
355 2 9.509510 22.819100 23.163000 
1543 2 9.130680 16.090100 19.747200 
1346 1 10.870800 13.720900 15.856400 
708 2 2.425590 24.247700 24.006800 
1329 1 7.025200 18.521500 20.726600 
574 1 5.525400 14.001300 18.835000 
334 1 12.310700 14.623500 22.548200 
1303 2 10.816900 16.730200 16.517300 
371 2 10.987400 16.173500 26.021500 
1109 1 4.782970 21.959400 16.939700 
1372 2 3.725260 17.102800 14.064700 
1999 2 11.990600 19.661500 15.236400 
1185 1 8.271810 14.671000 24.717500 
1978 1 9.588980 26.123300 17.418000 
344 2 2.691880 19.795600 15.227700 
836 2 12.222800 26.311500 24.482500 
750 1 11.138200 16.546800 16.479700 
706 1 8.518600 13.306600 19.776300 
1778 1 6.441740 23.598600 24.136000 
596 2 8.095370 19.428100 18.050300 
1620 2 9.575980 20.285800 20.032700 
1148 2 12.896500 24.220400 15.652700 
1873 1 0.653441 20.873900 16.548800 
1358 1 6.158950 22.773000 22.270500 
1607 2 6.705340 21.395400 19.289200 
501 1 9.272960 22.014800 16.080700 
1938 1 1.560650 14.946100 15.217600 
263 2 5.341620 17.349300 25.211900 
222 1 12.891000 24.026100 22.703200 
528 2 6.998060 23.791800 25.602300 
313 1 8.490510 16.839100 21.103100 
1870 1 6.757190 25.084000 17.843500 
929 1 1.620430 25.849700 22.303800 
1216 2 12.275700 21.867800 25.113000 
1472 2 1.147760 25.854300 21.732100 
930 1 2.008350 22.977100 18.940900 
1475 2 3.241330 20.385800 25.301500 
242 1 4.188850 14.026200 25.957800 
1133 1 1.088300 13.483900 14.667000 
385 1 9.927460 19.626800 20.541200 
456 2 8.071910 18.893800 14.029500 
1219 2 11.251500 25.961200 26.717500 
903 2 4.546640 19.292400 16.435400 
333 1 12.654000 23.270800 14.589900 
833 1 8.833810 19.537900 17.314300 
1550 1 2.102310 24.458200 13.560200 
772 2 2.221110 13.430900 19.499500 
1007 2 8.275440 17.349100 13.809100 
249 1 2.724000 19.975200 15.046300 
19 2 5.372810 14.711500 19.700100 
479 2 10.422300 25.895000 16.365800 
1292 2 4.403780 22.745200 17.417800 
99 2 6.150780 18.365500 19.541700 
634 1 11.484100 23.231700 16.282400 
1762 1 8.152010 18.855300 14.234400 
1112 2 5.504790 13.972000 18.677400 
1287 2 8.246980 17.924400 21.590500 
1453 1 5.259390 15.217600 15.409500 
952 2 2.294060 17.384500 17.239900 
616 2 9.621470 15.980900 19.660300 
330 1 2.050150 16.677300 24.843300 
395 2 0.309307 14.582200 22.092200 
704 2 5.844520 22.076000 20.607400 
519 2 6.782680 22.890600 22.204800 
974 1 8.065410 18.479200 22.136700 
715 2 1.537410 22.744300 25.045900 
502 1 8.465280 18.940000 25.786300 
653 1 1.592030 22.942800 24.901900 
1074 1 12.804800 15.864400 22.851200 
248 2 12.497700 19.455500 16.177400 
464 2 2.360200 23.812100 13.789100 
1070 1 3.194040 17.513200 17.017600 
1160 2 11.538900 22.099600 18.010000 
234 1 1.124250 16.950300 17.452200 
1591 2 2.139840 13.646700 18.682900 
1740 2 7.635110 18.546500 21.214000 
1918 1 6.326630 16.026900 25.484100 
1914 1 12.797700 14.318500 13.158400 
301 1 6.059710 13.662800 16.344700 
1997 1 7.501330 21.077900 24.526400 
360 2 0.931830 16.104800 24.211800 
1015 2 10.904700 24.721100 20.045800 
77 1 -0.030641 19.751900 13.271300 
1633 1 5.193250 19.095100 17.947800 
1674 1 11.790000 26.092900 26.059600 
283 2 4.447560 22.205900 17.095800 
870 1 5.467800 23.104600 26.305100 
1097 1 7.196260 14.971800 19.785300 
1595 2 2.247890 20.677200 14.136900 
601 1 9.379720 22.922500 23.567000 
546 1 4.481100 25.856700 16.225100 
1834 1 6.104640 20.458600 24.709000 
198 1 3.126170 25.936000 16.161600 
676 2 10.105100 26.520200 16.935100 
845 1 12.024400 19.694200 15.319700 
374 1 11.369200 17.473700 22.772800 
1947 2 13.197100 13.498400 25.269100 
693 1 7.719560 25.281500 20.479400 
872 2 6.943900 22.722700 22.729600 
481 1 2.212400 20.113800 19.961100 
1023 2 6.844000 20.749800 24.530900 
557 1 3.758580 26.272500 26.055100 
1501 1 10.354100 26.090700 16.216500 
545 1 7.139150 23.933800 25.770400 
317 1 11.832100 16.667600 18.481000 
1090 1 11.113700 19.650800 22.769000 
624 2 6.511360 20.319400 24.486600 
588 2 12.334300 15.869400 22.728400 
1924 2 10.931800 13.138500 22.354400 
554 1 7.704880 18.780500 18.079300 
1149 1 3.503720 16.488900 14.297800 
1583 2 10.841600 20.004400 22.708600 
1481 1 9.742730 20.682500 15.059500 
1846 1 0.912380 24.855600 21.159100 
259 2 1.256080 17.072100 24.235900 
1851 2 7.148710 13.635500 19.053400 
87 2 2.577820 16.869700 17.355100 
733 1 3.314120 21.178800 20.611200 
1736 2 3.911280 21.864000 25.672800 
1572 2 5.374970 23.334700 13.995900 
615 2 2.142620 24.965300 24.714900 
1899 2 6.862120 23.791300 24.817000 
406 1 7.312060 26.159500 26.781900 
149 1 7.970590 23.595600 22.392300 
856 2 2.083330 20.924400 19.366800 
1879 2 8.271480 25.677900 21.534900 
1476 2 12.223200 23.523300 15.275700 
1058 1 0.851056 23.057400 15.814100 
798 1 3.062080 21.503000 22.672600 
1507 2 4.091640 25.287000 15.859400 
1512 2 12.180100 16.869600 18.850900 
429 1 3.922430 25.007700 23.299600 
1345 1 5.784280 22.171400 18.767600 
503 2 9.798150 20.926500 20.103100 
1040 2 9.934550 23.080100 23.359400 
1205 1 10.203200 20.023000 16.015800 
314 1 10.995900 18.793500 25.673000 
1334 1 12.707800 20.829800 17.503400 
1047 2 2.131690 18.158300 21.858300 
1279 2 9.195990 19.186900 26.424300 
298 1 3.775090 24.766900 14.657300 
1333 1 3.889910 23.172600 17.883000 
1300 2 5.194440 19.600900 17.114700 
965 1 1.609750 13.990900 18.739600 
296 2 0.422885 20.959200 16.592500 
944 2 8.411470 26.621400 23.216200 
761 1 2.556100 20.878500 13.630000 
403 2 4.804720 26.082000 22.629500 
1432 2 2.092110 17.594700 21.366000 
321 1 10.332300 17.297700 24.861400 
1892 2 10.901600 18.430900 22.827500 
1379 2 3.022710 21.064900 22.416700 
75 2 3.940130 25.795800 19.734700 
1267 2 4.807340 13.816100 25.331600 
175 2 2.164760 13.946100 15.094800 
913 1 6.990530 20.940400 19.968100 
128 2 12.996000 23.925600 22.650600 
1111 2 5.575390 15.329800 15.993700 
936 2 5.303800 18.006100 19.566900 
233 1 8.959580 20.468600 19.280300 
1651 2 2.870100 20.105000 20.241500 
1262 1 1.520790 25.268400 18.497400 
549 1 7.778450 13.702200 18.735900 
139 2 1.631950 23.840900 18.604900 
623 2 7.921670 14.066500 25.064900 
1921 1 0.009931 23.911900 17.034100 
1272 2 9.788320 16.449800 25.170600 
1250 1 10.748200 24.402800 19.161200 
1989 1 8.555290 24.350300 14.968800 
1706 1 5.506070 18.370600 24.655500 
1606 1 11.057600 15.583100 25.767100 
1956 2 6.003400 16.248900 25.925200 
835 2 7.356520 15.882400 22.545000 
1754 1 9.842940 17.006800 16.088800 
773 1 3.021620 19.523900 25.231000 
1259 2 1.511190 13.998200 15.091100 
1904 2 1.764600 13.737900 14.966300 
1825 1 0.603212 16.654000 23.801100 
727 2 7.898890 18.581200 13.487500 
732 2 4.129540 18.588900 24.342400 
670 1 11.665400 22.622100 24.401200 
1877 1 8.161960 14.662400 15.311900 
837 1 3.941900 14.118000 13.238500 
850 1 12.951600 21.531400 25.663400 
1578 1 3.331310 21.567600 25.510200 
1121 1 1.399000 17.328100 21.159000 
397 1 6.816980 26.355700 13.945100 
1264 2 9.896440 16.715800 16.507400 
320 2 3.958730 15.207800 23.786400 
533 1 2.815990 13.598200 15.303800 
338 1 10.707900 13.388300 22.784600 
684 2 4.152980 25.570500 15.861800 
401 1 12.483000 23.204800 26.021600 
459 2 2.588370 24.147500 13.483100 
1152 2 18.004100 9.734870 5.909340 
1456 2 14.637200 2.645350 9.929010 
1004 2 20.188800 6.485770 3.997560 
3 2 21.858600 2.252500 8.781460 
1395 2 17.689000 6.566310 9.201670 
425 1 17.142400 0.362667 8.899830 
485 1 24.139100 0.872332 6.508950 
1051 2 18.825900 3.223590 3.777360 
1601 1 13.984100 7.656870 3.042910 
1640 2 23.811500 11.894900 7.159800 
1581 1 18.354200 9.732120 5.583540 
389 1 19.034100 1.795480 7.987960 
1972 2 24.099600 8.457870 9.864610 
1211 2 14.455700 4.887460 7.566440 
1178 1 18.075900 8.215310 12.007600 
917 1 16.055400 11.577400 2.243340 
617 1 22.040800 10.903900 9.489110 
1585 1 23.686800 7.456970 2.666990 
578 1 18.136900 3.082760 10.729800 
981 1 16.043600 0.280630 8.348030 
1473 1 25.147300 12.696400 4.098760 
1351 2 24.739900 9.259190 4.358580 
795 2 25.495700 9.361150 12.461700 
1642 1 13.480700 3.228840 1.301380 
592 2 18.263000 12.393700 12.796800 
1075 2 17.713000 3.890370 9.877170 
1362 1 17.692900 7.031920 8.936140 
1239 2 24.116700 2.223280 11.601900 
823 2 24.923200 1.510710 0.334695 
1344 2 24.762400 2.917080 3.256100 
740 2 17.052300 1.851830 1.187350 
1769 1 18.565300 2.080530 4.094200 
2 1 15.026800 1.730190 12.579300 
962 1 16.383500 7.144450 5.341070 
1044 2 13.526200 2.611070 1.200080 
873 1 23.500200 10.514200 1.926760 
877 1 14.018400 2.698420 9.766550 
1667 2 24.390500 11.612000 7.690830 
58 1 24.966100 1.845840 8.631250 
522 1 21.558300 4.832050 2.254910 
1252 2 23.445900 5.480410 8.211700 
934 1 22.716300 4.863420 8.929780 
991 2 21.186600 0.694877 2.790780 
1544 2 15.862300 4.856930 1.919040 
81 1 18.416800 9.817530 8.108560 
1153 1 24.459200 2.688210 0.299409 
966 1 26.203900 7.279600 8.210200 
602 1 25.688700 7.756160 7.153820 
1220 2 19.871000 8.724080 1.841600 
568 2 20.570400 12.216500 4.996760 
1621 1 20.820700 9.280680 9.047050 
349 1 23.067900 0.180010 5.996390 
461 1 21.365300 0.615510 3.066760 
1025 1 17.322300 10.139200 0.193550 
1194 1 15.353900 9.952540 0.651937 
1466 1 23.404200 11.138200 7.866010 
1419 2 21.125300 12.180600 6.121850 
1009 1 16.387100 8.768530 10.821300 
162 1 21.433400 3.267220 0.935401 
1865 1 23.578000 9.333960 8.652390 
1725 1 18.878800 12.385000 12.577600 
711 2 17.298700 5.707290 3.552690 
642 1 13.591700 10.412100 1.000030 
73 1 16.953700 12.409700 9.102220 
553 1 16.600300 2.056240 1.330310 
1094 1 18.479600 3.775540 4.573170 
1945 1 13.812300 6.470860 12.442000 
1076 2 24.683900 1.795320 8.274630 
1523 2 16.519600 0.526700 8.668370 
309 1 17.220000 3.925380 12.739200 
842 1 22.387800 8.144390 12.958100 
130 1 24.738700 1.747050 1.571550 
1274 1 16.592200 6.053090 0.739229 
1020 2 14.281700 10.850000 4.551490 
705 1 18.963600 1.000420 9.985220 
752 2 23.475500 6.704800 12.584200 
88 2 22.909900 7.414280 2.484910 
1064 2 20.236700 1.893580 7.746130 
737 1 16.067000 7.985440 7.434770 
814 1 19.685400 5.998850 6.381220 
1555 2 24.221200 8.011400 9.509260 
1416 2 25.703300 10.694200 9.848100 
57 1 20.277500 7.737440 4.286390 
777 1 25.938600 3.844840 6.695520 
1826 1 22.940000 7.271460 6.931690 
1328 2 15.219100 11.810200 8.357180 
1557 1 25.467600 2.852020 4.083000 
499 2 23.283200 7.897870 6.923140 
1056 2 23.145600 7.879180 6.643650 
1816 2 24.460100 4.727180 0.168505 
441 1 20.121900 6.461400 0.570077 
1251 2 14.216500 2.700480 10.138300 
620 2 19.087700 1.181950 10.387200 
548 2 26.231200 0.462349 8.459670 
228 2 24.808400 2.446420 0.872112 
1503 2 16.920500 4.363860 13.099400 
780 2 18.405500 3.068070 3.929120 
1738 1 24.171800 4.945790 3.603250 
1942 1 16.042000 5.405900 3.804810 
1319 2 15.444100 3.078490 4.567460 
1031 2 24.301400 5.252510 3.794380 
165 1 18.556100 9.189440 0.291148 
941 1 21.056900 12.472300 5.666360 
1402 1 23.413400 8.786900 6.139640 
246 1 13.476000 4.305450 6.913030 
1554 1 19.887000 9.077470 2.417070 
1722 1 22.680500 2.394230 10.545200 
1752 2 26.103100 4.080190 12.281200 
1767 2 14.437900 6.165290 2.936900 
1314 1 15.990400 7.687010 2.295170 
1661 1 24.118600 6.216920 8.945630 
1553 1 25.867200 10.250500 12.760800 
1120 2 22.154200 10.363300 9.394740 
935 2 23.646000 6.192760 12.349500 
900 2 17.829500 4.059770 13.298400 
1866 1 19.951000 6.017860 3.653910 
1423 2 24.087200 0.724109 6.231630 
1187 2 24.180500 12.602400 10.703000 
239 2 22.166500 2.868440 5.432390 
384 2 25.634500 9.625520 12.325900 
1316 2 13.444300 1.866070 3.687710 
332 2 24.259700 5.615200 3.970480 
839 2 18.962000 9.411450 4.530280 
582 1 25.520000 12.178900 11.432500 
1920 2 20.417100 12.715800 2.728470 
51 2 25.855100 1.481790 8.232530 
1650 1 16.968600 4.443300 9.546800 
563 2 21.582100 7.233730 4.066880 
1714 1 26.580700 11.229900 8.933220 
662 1 23.092500 6.056610 11.544500 
1021 1 21.364200 2.228020 8.843570 
1515 2 18.864200 9.981970 7.839110 
541 1 15.423700 2.848320 10.552800 
1420 2 19.518600 5.543540 7.307480 
381 1 22.083300 2.626150 5.317790 
1206 1 14.255600 4.835040 8.598000 
1327 2 15.846600 12.631300 2.814230 
581 1 18.160300 11.802100 8.845040 
982 1 19.705100 4.333010 6.848690 
799 2 19.384700 1.902310 8.242650 
1196 2 14.542700 1.606070 6.315790 
492 2 17.330100 4.346290 10.268600 
189 1 13.753500 11.776200 6.438000 
387 2 14.499200 6.425440 13.439200 
218 1 15.514200 8.532520 3.538000 
509 1 19.147000 9.298480 11.209200 
598 1 15.008400 10.961200 4.288710 
765 1 17.095700 3.110900 3.812830 
1950 1 16.434700 10.751400 5.808030 
1827 2 20.001800 5.033940 11.809600 
299 2 18.545300 12.800700 12.476100 
79 2 26.019100 7.832100 7.971150 
65 1 16.331400 5.450800 12.779900 
980 2 17.686600 11.995200 9.100470 
1691 2 26.145100 2.562330 4.134740 
82 1 16.231200 10.321700 10.372500 
1106 1 14.488500 1.143310 5.831190 
1406 1 23.894800 6.610940 12.919800 
972 2 19.715200 8.514630 8.653010 
1167 2 23.774200 5.479710 9.103830 
661 1 20.312800 0.896231 1.863610 
1811 2 26.454400 11.188800 9.578270 
1840 2 16.665100 2.486310 5.127350 
1758 1 22.150500 7.942070 3.265630 
745 1 20.889900 12.578100 2.434230 
279 2 19.127000 9.078300 11.486800 
1361 1 26.067400 0.373262 8.135570 
808 2 16.916900 6.791450 4.510950 
1787 2 21.499500 3.211720 0.567392 
1897 1 15.531800 4.358380 1.024970 
1911 2 26.248300 7.480160 0.256131 
408 2 25.063600 8.756250 4.705650 
756 2 20.804000 5.679010 10.286400 
1012 2 17.471300 9.782070 0.135820 
455 2 13.945400 10.578600 0.841855 
1561 1 15.400300 5.813740 6.852510 
816 2 21.473700 3.055900 0.841775 
288 2 18.330600 7.795480 11.933000 
1803 2 16.985300 12.136100 8.790800 
1451 2 19.733700 5.561420 0.946014 
1587 2 16.124700 8.950820 10.628200 
593 1 25.658800 3.415540 12.864600 
1073 1 25.590100 7.130330 1.301470 
595 2 21.581300 10.645700 9.449910 
1713 1 24.780600 5.669300 4.349780 
1234 1 25.406700 8.960630 4.913620 
1382 1 25.572300 10.208400 9.987400 
666 1 20.058000 6.278320 8.708590 
866 1 24.880400 6.637590 11.224800 
677 1 15.605400 3.034560 4.724330 
1864 2 16.218400 7.738450 7.521050 
1003 2 17.092300 10.116100 0.183483 
173 1 25.711800 9.322550 0.956749 
266 1 22.670900 4.361710 6.485860 
787 2 19.952000 7.533910 8.461100 
1807 2 25.965400 11.176500 5.595820 
1376 2 23.558600 12.404000 12.269800 
712 2 22.371100 3.545500 5.671600 
1980 2 16.377400 9.369960 10.602400 
1954 1 19.659400 8.069640 8.138440 
547 2 24.409800 12.631600 1.676260 
448 2 22.416300 2.296800 10.724400 
220 2 16.557600 0.380086 9.082500 
599 2 22.293000 9.032830 12.962700 
1235 2 16.018400 7.516100 6.484110 
61 1 24.610500 5.034310 0.639069 
1172 2 14.327600 10.306000 0.838646 
394 1 19.840200 11.666500 3.899210 
1321 1 19.911200 0.053932 12.245200 
1987 2 16.143000 11.009300 5.145940 
1467 2 16.380100 1.690120 1.857620 
1080 2 15.547300 7.871120 2.713020 
1952 2 15.770100 12.053300 2.641900 
472 2 25.734100 7.091750 1.068390 
1341 1 25.904400 11.478000 5.753240 
13 1 24.048700 8.453190 9.964860 
1275 2 19.162100 5.564120 6.239680 
1683 2 15.764100 7.984580 2.917320 
219 2 20.946100 12.705900 2.391660 
1229 1 17.280200 6.046680 3.764970 
221 1 20.093600 5.297370 11.290300 
294 1 15.215900 12.286800 8.099650 
243 2 19.999500 9.110660 1.458460 
204 2 15.097600 5.460560 6.625580 
881 1 25.001800 12.006400 7.215580 
1888 2 14.815900 6.926780 12.013600 
67 2 26.534000 3.327960 12.662100 
1471 2 25.129900 4.310990 0.173689 
37 1 22.798200 12.867700 12.661100 
470 1 16.655700 0.809501 1.429760 
908 2 24.545300 12.908300 4.208440 
1934 1 25.331300 9.096110 11.855000 
1715 2 23.237100 9.826930 0.831777 
1401 1 13.186100 6.691190 10.730100 
1181 1 22.032800 9.967440 12.581000 
115 2 16.230500 4.738880 0.555588 
235 2 13.527400 11.683200 7.436240 
1356 2 26.647800 -0.001946 0.949666 
1144 2 26.449000 7.648830 7.097080 
1340 2 26.026400 3.397930 6.679520 
286 1 13.532400 2.048480 3.828610 
1019 2 15.193400 2.177990 13.239600 
1096 2 22.277500 9.400910 12.875700 
281 1 22.708400 0.936415 12.835800 
618 1 22.898200 8.425730 19.025300 
831 2 18.293900 12.352000 25.653400 
1209 1 14.847000 10.381500 17.964100 
1066 1 20.820300 9.722850 26.397300 
480 2 26.523500 2.011520 20.393400 
543 2 14.028500 10.330700 17.667600 
1244 2 22.428200 1.008310 17.856100 
104 2 21.276900 0.414105 25.603900 
1221 1 18.509300 0.412404 14.824400 
539 2 23.853000 7.188120 16.219700 
1301 1 19.817400 12.347000 25.148300 
1336 2 14.849500 7.169300 19.099000 
148 2 14.200700 5.355510 15.944300 
177 1 18.827400 5.534000 24.103100 
1117 1 22.868100 9.139620 22.710900 
1923 2 19.946200 1.766530 19.834100 
1223 2 14.235300 5.340350 16.853500 
1459 2 23.454700 1.032620 13.527100 
1208 2 24.179700 6.811390 16.710100 
500 2 17.380400 1.537110 24.126700 
1599 2 26.162700 3.633210 18.995800 
887 2 19.845800 2.195450 22.786100 
486 1 19.894700 12.827500 21.827800 
1278 1 16.392900 12.253300 13.244800 
1469 1 24.094800 10.524700 26.099400 
537 1 16.394000 7.455630 25.606900 
1134 1 22.947200 3.430400 22.995000 
2000 2 13.897300 8.717200 23.014500 
526 1 23.380000 2.906890 15.037300 
437 1 25.756200 10.592500 20.994100 
1136 2 21.652800 6.661470 14.905600 
1397 1 26.114500 0.413284 16.509500 
667 2 16.613100 8.653260 15.122800 
875 2 17.183500 5.200640 19.382800 
736 2 17.515300 12.133200 17.009500 
1458 1 21.234100 2.382610 14.887800 
35 2 16.329600 2.604820 19.923600 
1779 2 16.299900 11.651900 14.287700 
356 2 16.504400 8.467360 14.524600 
372 2 24.461800 10.109000 25.478800 
1985 1 14.001000 4.794230 20.407200 
1191 2 21.155000 5.081770 15.440600 
368 2 26.744000 4.505940 17.904500 
1749 1 19.580000 1.778550 20.145100 
1969 1 19.691400 3.359370 17.039800 
1933 1 17.509100 4.762800 14.269500 
869 1 21.678600 6.537030 21.042400 
1730 1 13.569500 12.347700 20.251500 
958 1 18.805000 3.608010 24.182100 
244 2 16.388800 3.180570 17.465900 
152 2 16.785400 10.646300 19.639400 
1480 2 20.207900 2.870140 17.722200 
829 1 21.649900 6.493810 14.619600 
1227 2 15.861300 12.595300 22.257100 
779 2 21.188500 2.431610 14.757900 
1574 1 25.468800 1.358510 23.956500 
331 2 13.656500 12.193900 22.305100 
59 2 23.588200 10.097400 26.085100 
1212 2 22.976300 4.977720 18.885100 
640 2 19.424500 7.783860 21.654900 
1029 1 19.189000 5.368620 26.306600 
552 2 18.004200 4.689440 20.140600 
201 1 18.018600 10.062000 19.786200 
97 1 18.087200 6.395700 22.000600 
514 1 16.016700 3.664800 25.747200 
1457 1 25.634200 3.965860 15.323300 
183 2 15.185000 7.291630 18.931900 
1241 1 20.942500 12.373900 21.797300 
205 1 14.376900 0.863951 19.782200 
1083 2 23.850900 10.575500 16.062500 
1694 1 25.283400 2.550700 20.883200 
1415 2 19.544300 7.150780 16.940300 
1157 1 16.986800 8.535500 21.944800 
1915 2 16.016500 6.923280 21.628800 
1424 2 23.615800 5.068790 22.431100 
36 2 16.138900 7.043630 25.884200 
412 2 20.774300 10.905400 19.953800 
170 1 21.319900 10.943200 18.936300 
844 2 17.777400 0.600371 14.762500 
328 2 21.994600 5.768820 24.986400 
1795 2 18.639500 5.331250 24.005800 
797 1 26.394700 9.844290 23.818000 
1542 1 15.114500 10.878500 25.555700 
901 1 16.605000 3.226710 15.784900 
190 1 21.738700 9.384820 21.110500 
214 1 16.900400 12.262100 22.238000 
1460 2 24.403300 10.655200 19.648200 
1992 2 25.199400 2.689760 23.450600 
922 1 19.196900 8.553610 18.266200 
462 1 25.325900 4.606070 26.091300 
1690 1 23.745600 5.106190 18.996900 
306 1 13.130400 8.567890 21.846800 
273 1 20.690800 5.423750 14.811100 
386 1 25.359500 4.720670 17.583300 
1961 1 17.489300 12.664200 18.103600 
954 1 23.996800 10.819800 17.177400 
1584 2 13.356600 5.541910 22.405600 
1462 1 15.672600 9.518790 21.940900 
1979 2 20.389300 5.803340 21.328300 
1103 2 21.267500 9.072640 21.792300 
4 2 25.522700 -0.170928 15.787500 
846 1 13.710500 4.675550 23.925700 
1703 2 19.588900 8.125340 25.666600 
1519 2 17.621100 5.897020 14.938000 
140 2 20.849900 2.327150 21.382800 
1045 1 16.204600 2.808200 17.578600 
1295 2 13.666600 10.969400 13.611900 
1168 2 25.734800 7.062290 23.121600 
609 1 22.776700 9.442850 25.565400 
1437 1 24.856700 13.112300 16.789300 
458 1 15.669100 9.771040 24.500400 
716 2 14.200500 10.550500 17.229300 
830 1 25.560300 11.915600 14.522300 
665 1 15.282500 2.201860 14.583500 
364 2 23.720000 12.770200 16.691300 
1965 1 17.432000 1.298970 14.674400 
1478 1 16.187000 0.970527 24.372900 
12 2 16.205900 10.423500 24.591100 
1034 1 24.769200 8.241830 23.845700 
1411 2 22.085800 0.098470 20.672600 
1704 2 19.916700 9.621900 25.641200 
643 2 13.475400 8.645390 21.258100 
254 1 24.905400 6.594830 24.122600 
938 1 18.028900 9.798160 23.129000 
1867 2 22.309300 2.525500 17.911200 
369 1 23.548900 5.682900 22.016800 
904 2 13.747000 11.350900 22.030400 
691 2 23.740900 6.860210 21.229400 
1781 1 17.375600 8.151930 15.804500 
195 2 16.259800 2.509320 24.015700 
1809 1 16.822300 5.349400 25.597000 
399 2 18.246900 9.973120 23.602200 
1162 1 13.764500 4.927420 15.742600 
474 1 25.683100 6.828520 22.349500 
1739 2 18.839000 8.939670 19.270900 
751 2 20.949900 12.292700 16.027400 
310 1 14.024200 4.543200 17.964000 
1625 1 24.100500 7.084200 16.811700 
1716 2 15.941400 11.914300 14.409300 
1052 2 15.968500 9.262600 21.892600 
1853 1 23.588200 11.249600 20.542200 
348 2 18.342800 12.790800 26.525100 
1026 1 23.832800 0.228262 25.310500 
1215 2 26.006700 12.080700 13.648900 
1 1 15.530100 8.079800 19.528800 
678 1 20.670100 0.710843 25.774600 
33 1 22.280900 12.836700 23.965700 
809 1 15.320200 9.740690 15.020300 
1857 1 14.029300 11.409300 13.553800 
1381 1 19.367800 11.482500 20.556900 
819 2 20.173600 12.338600 21.383200 
893 1 20.950700 2.150320 21.191000 
300 2 16.118700 3.945460 25.610600 
673 1 22.251200 11.059900 16.283100 
1908 2 22.537500 8.934110 22.225100 
188 2 20.870000 12.645900 15.232900 
1837 1 19.329100 8.362990 25.881800 
824 2 20.858600 3.461890 14.249900 
1399 2 24.756700 10.646000 18.687000 
1658 1 14.732100 6.186300 14.341800 
1743 2 16.319100 7.281450 25.351700 
1132 2 16.480300 12.560900 22.398100 
859 2 24.268000 4.075890 23.053700 
559 2 25.082900 7.190750 23.587600 
1862 1 22.317800 4.401240 19.215700 
1318 1 22.122500 4.770190 25.589800 
351 2 22.298400 8.141800 19.192100 
1385 1 14.645300 12.318900 22.204500 
1266 1 16.061900 2.388620 23.309900 
739 2 13.716800 3.993390 24.022200 
529 1 18.178600 4.519220 19.722200 
1895 2 15.186800 10.472300 24.425600 
1246 1 26.075700 6.675450 18.499100 
1720 2 16.118000 -0.230021 17.423700 
1708 2 21.804600 13.146500 24.297100 
587 2 24.989500 3.225780 15.595500 
1170 1 25.188300 2.636800 23.075600 
1375 2 17.257300 12.534000 17.281500 
29 1 16.346200 2.420510 20.189700 
1662 1 17.155200 5.118250 15.993500 
257 1 18.222300 12.835500 16.169700 
102 1 22.848900 0.221080 21.582900 
1819 2 23.038600 4.761710 18.950800 
463 2 26.069800 1.418010 23.216300 
964 2 23.860500 10.048500 16.585900 
660 2 24.423400 3.663860 15.074000 
714 1 14.491500 7.177250 18.378100 
1245 1 24.174300 9.865370 15.974100 
841 1 16.519900 5.309010 19.615200 
590 1 18.077100 12.546700 26.637700 
692 2 22.526400 8.028690 19.172200 
1530 1 26.471400 3.111960 19.782700 
1180 2 18.984000 7.858610 17.013200 
1247 2 22.087800 5.113660 24.931600 
832 2 17.002400 5.295370 15.811600 
1602 1 19.947200 9.413500 23.628600 
914 1 22.962100 1.794830 18.199000 
1276 2 14.256000 3.819750 19.569500 
567 2 21.232300 11.080800 18.676700 
1693 1 18.905900 6.408360 16.719400 
810 1 22.774300 4.769200 17.399600 
1832 2 16.091200 1.033760 20.054200 
1236 2 18.187100 9.770480 23.002900 
1006 1 20.190700 4.846910 22.042900 
862 1 25.610300 8.453790 19.172000 
1887 2 13.824600 4.538380 20.434300 
561 1 20.282700 2.317370 17.753400 
5 1 15.519300 6.719170 21.748700 
433 1 21.630900 7.592650 18.803600 
1355 2 16.182000 3.100530 16.175700 
1127 2 21.217400 0.073087 26.126600 
96 2 18.827400 4.335710 24.081600 
1663 2 12.978300 0.645596 21.658200 
1645 1 13.560700 10.418000 17.015100 
527 2 19.426500 2.968160 17.309700 
1065 1 26.472100 0.872936 20.354400 
94 1 24.438700 12.224600 24.488300 
168 2 19.976400 12.497300 21.564500 
1689 1 22.580700 5.559450 24.740200 
790 1 22.054800 0.547067 17.113800 
431 2 17.135600 10.139400 20.516800 
1089 1 16.375700 10.194700 20.497800 
1793 1 16.442700 12.369600 15.045100 
445 1 24.513700 10.871400 18.904000 
1291 2 24.383300 13.051900 23.628400 
1533 1 14.015600 3.200540 23.858000 
1441 1 23.483500 7.815820 15.430100 
694 1 20.033400 11.833300 15.723700 
931 2 18.272800 0.916466 14.915900 
591 2 25.876000 1.333100 20.598300 
1863 2 23.968100 11.143100 20.974200 
1489 1 17.016600 10.746800 24.618500 
1429 1 14.406000 5.777490 16.674700 
1290 1 13.468900 10.565800 22.058000 
1532 2 23.883000 9.956610 25.331000 
654 1 20.354600 3.910600 14.162700 
1848 2 26.085000 7.685230 19.221000 
681 1 24.300200 1.140040 13.779400 
1922 1 17.107000 8.897330 14.028400 
256 2 23.578900 1.064070 13.364300 
1772 2 13.853800 3.234570 23.474700 
1426 1 26.697600 4.743790 16.581500 
1116 2 15.693600 2.041150 14.356900 
452 2 19.540700 5.680140 26.392300 
1440 2 13.994400 24.508900 1.229690 
1479 2 15.172300 22.263400 9.614020 
132 2 16.023500 19.873800 10.889900 
1623 2 18.924900 26.265000 3.936940 
414 1 14.312800 24.945100 5.174860 
1311 2 24.179000 24.889800 2.967940 
1634 1 25.376200 22.333300 3.372140 
1518 1 21.613900 25.698200 2.314450 
1461 1 14.460700 13.248800 9.650670 
1145 1 22.856200 14.986400 2.904400 
682 1 21.043200 26.495100 8.135210 
1526 1 23.316000 22.389600 1.047070 
1652 2 22.229900 21.371400 9.613900 
1886 1 21.455100 15.050700 0.556108 
550 1 23.385800 25.758400 2.808490 
1839 2 13.488800 17.358800 4.708730 
646 1 18.215800 25.509900 11.885300 
742 1 22.842600 15.107200 9.715120 
1024 2 16.782400 21.972700 6.241650 
1636 2 24.161200 24.224900 10.823800 
284 2 22.771000 26.617300 5.286010 
1586 1 25.211700 19.628000 11.706900 
1705 1 16.034800 20.330100 11.793900 
383 2 14.840400 22.589600 2.813280 
1308 2 24.664600 20.836200 11.384200 
1326 1 26.531700 15.240200 8.793050 
882 1 25.094000 20.901900 6.228900 
409 1 13.828600 23.188500 2.223650 
76 2 18.065100 17.042000 9.435510 
573 1 13.644000 20.201300 8.521030 
1878 1 24.744000 20.755200 2.048680 
1305 1 26.224000 13.792100 11.124100 
1784 2 20.203500 16.233300 7.004990 
447 2 21.269000 23.134800 7.753820 
1028 2 20.096200 19.452800 6.230290 
498 1 23.650300 13.812700 1.663010 
163 2 20.436000 17.499100 11.420500 
1500 2 13.788600 17.130100 4.628800 
1494 1 16.626800 14.607100 9.353430 
1671 2 24.824500 20.887200 12.326900 
1369 1 16.023500 22.631600 6.536800 
586 1 23.481800 18.848400 2.126240 
511 2 19.404500 21.601300 8.384350 
1875 2 18.522300 16.450100 4.933800 
1959 2 22.867800 17.952200 12.091400 
1538 1 21.855900 18.238400 7.479550 
746 1 15.757300 25.472700 11.422500 
418 1 16.773000 15.760700 4.818020 
1796 2 19.080000 20.458900 11.662500 
1474 1 14.641800 18.701600 10.593500 
525 1 16.240200 15.640300 13.018200 
343 2 24.049800 19.520600 5.803790 
1393 1 18.972500 22.118300 3.256880 
1712 2 26.493300 13.818000 0.327286 
1672 2 17.759200 18.942500 5.515410 
1551 2 17.792600 25.524400 1.166030 
544 2 16.049300 16.634100 3.791360 
1367 2 19.862100 18.724800 2.342370 
551 2 21.647500 13.887000 12.524600 
597 1 21.625600 15.951000 10.472400 
1958 1 25.331400 23.859500 8.220410 
7 2 13.691400 16.745100 10.319900 
923 2 25.722800 14.992600 8.539820 
72 2 23.329700 14.614400 1.824630 
435 2 23.305200 24.750900 10.991000 
379 2 22.603900 14.882000 2.483670 
910 1 13.467800 16.974500 9.095670 
855 2 18.473200 19.125300 5.893110 
1110 1 13.746300 17.735100 4.338440 
1348 2 22.702500 19.188200 1.295480 
393 1 14.787300 21.987100 13.292400 
496 2 19.168400 22.168900 8.295290 
157 1 17.721600 18.540200 5.204370 
1435 2 18.944900 20.762700 2.645160 
260 2 17.440500 14.931000 9.995440 
651 2 13.523500 14.577500 13.222700 
1143 2 16.274600 16.019100 12.557200 
762 1 20.786100 23.479000 7.290640 
1137 1 17.006500 17.862600 2.663430 
240 2 16.614600 22.838500 9.132380 
1688 2 25.586600 13.527500 11.154800 
114 1 13.481200 24.381300 10.264300 
959 2 23.256500 15.146400 10.009300 
531 2 22.317300 26.185300 5.538260 
1060 2 21.201000 22.457200 5.874620 
493 1 24.896200 25.768200 13.052700 
1821 1 23.980900 24.809600 10.770400 
1214 1 24.065900 13.508200 5.722060 
1527 2 24.056300 15.791700 5.706700 
1286 1 19.769100 24.927400 5.359070 
699 2 15.900800 25.426300 5.504950 
365 1 16.414600 20.491500 1.103480 
137 1 20.745000 19.783300 6.526080 
675 2 26.146700 24.914600 12.919000 
1990 1 18.373500 19.401400 6.538610 
1632 2 23.674600 17.938200 8.752070 
535 2 18.329800 24.730400 10.970800 
680 2 18.354500 23.466900 1.822510 
983 2 18.011800 13.835800 5.678000 
1780 2 15.645700 25.860900 12.124000 
1482 1 19.664900 21.862400 7.897670 
1702 1 20.502000 18.241900 2.270170 
265 1 19.593300 19.216500 3.137440 
327 2 22.789700 18.593700 2.180510 
1973 1 13.766100 15.165200 9.384740 
1188 2 16.480200 25.369100 1.450900 
272 2 14.157200 22.520000 4.040210 
753 1 18.494200 16.535100 5.469770 
1392 2 25.101700 16.806800 3.529090 
312 2 13.716600 14.360700 1.741170 
1485 1 21.585000 20.268400 4.249320 
1115 2 22.355200 21.118200 10.618800 
354 1 21.931200 26.191400 5.519530 
1357 1 17.658600 13.981800 10.654000 
1946 1 13.917000 15.685900 12.233000 
828 2 22.338900 17.239500 3.797670 
1101 1 18.395800 13.738100 5.931580 
153 1 16.997700 23.934900 10.200700 
1183 2 25.031200 22.872700 8.054730 
1330 1 16.181800 18.189300 7.822980 
1721 1 19.274400 16.284800 7.211640 
963 2 16.988800 24.355200 8.100150 
1919 2 15.725500 18.186700 7.347360 
1525 1 20.653900 25.494100 10.004000 
1281 1 13.511900 14.048600 2.272770 
495 2 21.256500 20.867200 4.856330 
1413 1 20.899000 15.512200 7.039480 
512 2 22.358000 14.921900 9.617970 
1175 2 15.656600 15.880800 4.332250 
52 2 25.450400 20.094000 7.105170 
885 1 23.501200 21.696300 5.075140 
1304 2 19.274900 15.167700 3.254280 
1835 2 24.095200 21.478100 5.278410 
1128 2 14.943900 16.709000 0.958119 
645 1 23.518300 23.152400 8.475340 
1126 1 14.854200 22.382700 9.442180 
404 2 17.918400 24.447100 10.807200 
1195 2 25.898800 19.711200 7.990410 
945 1 13.388900 19.911900 2.208240 
141 1 15.614300 16.505100 3.765630 
1883 2 13.471100 24.812000 1.757980 
639 2 19.038200 23.105300 3.418960 
1072 2 24.218200 14.926300 6.241560 
1968 2 15.460900 18.186700 7.029630 
1405 1 20.828500 14.356800 10.360300 
630 1 21.546900 14.316500 12.574400 
508 2 17.806000 13.152400 5.702250 
1695 2 16.792800 17.750200 2.864060 
1859 2 16.767700 14.475100 10.262500 
69 1 20.829300 23.846800 1.463430 
1635 2 19.425000 15.238900 10.122200 
1093 1 17.972200 16.739700 9.380950 
1579 2 14.201700 16.008400 9.290060 
556 2 21.534400 25.231100 9.856530 
626 1 16.732200 24.882300 6.751520 
1932 2 19.824800 19.035600 2.472260 
1038 1 15.909400 25.906300 5.287280 
1166 1 18.491200 24.500400 10.837300 
1042 1 23.874700 13.222200 10.624000 
1565 1 14.875800 16.338800 1.238050 
1337 1 19.328400 22.014500 9.192660 
28 2 22.733300 20.302600 5.234900 
1141 1 23.968000 15.529900 5.925210 
156 2 24.022600 24.360300 1.899530 
978 1 17.461200 24.385500 8.549620 
749 1 16.222700 24.949800 1.846500 
119 2 14.360300 13.275100 9.730940 
1370 1 18.621300 25.450000 3.628820 
1200 2 20.430600 17.881900 11.176900 
1309 1 24.765500 21.681000 11.401000 
1454 1 21.191500 22.539200 5.596700 
805 1 19.154700 15.670700 3.161570 
443 2 15.862600 21.769600 6.588530 
442 1 21.281300 19.694200 10.863300 
1593 1 26.560600 26.113700 5.514320 
391 2 16.184500 19.174500 11.081400 
49 1 16.676700 20.406700 4.397420 
15 2 20.013400 16.085500 7.261790 
949 1 25.688500 14.454200 7.752920 
1350 1 22.136200 17.696900 3.436700 
1733 1 24.635200 16.689200 11.629600 
825 1 23.245600 19.693500 5.597820 
1735 2 15.586500 25.317500 11.621100 
1202 1 18.375900 17.589800 9.619270 
164 2 15.420600 17.894300 10.576100 
138 1 18.807100 20.441800 2.130040 
34 1 19.306600 15.454100 10.025800 
1732 2 15.758200 13.939100 4.869090 
659 2 17.694000 17.652600 9.415940 
380 2 26.037500 14.341900 8.031520 
1798 1 24.822100 14.544100 0.031699 
1425 1 26.258800 19.264900 8.686070 
577 1 22.479000 18.438600 12.444300 
1464 2 14.149400 13.805700 9.260510 
1928 2 21.239800 22.898300 3.017530 
8 2 19.817900 24.932900 5.800390 
1033 1 24.661400 22.237700 8.357950 
184 2 15.790700 19.897900 2.359620 
921 1 24.189200 20.555000 12.377600 
20 2 24.663400 22.645800 8.119740 
1745 1 14.747300 25.635900 0.494563 
434 1 24.640200 24.260400 2.225930 
1845 1 16.818400 22.696800 9.196190 
304 2 25.868100 20.230800 2.789280 
820 2 13.633300 20.527000 7.937460 
1833 1 14.857600 17.975300 7.011780 
1098 1 15.696900 20.792300 6.638150 
436 2 20.902600 25.626900 13.258400 
1159 2 19.529500 15.713200 0.043637 
17 1 15.250200 14.796200 4.762020 
1374 1 15.334700 12.995300 2.904410 
1982 1 22.991600 20.876000 9.647700 
1255 2 21.457900 18.865200 7.354800 
969 1 20.431900 17.360100 11.690000 
290 1 24.911000 16.923700 3.407430 
1549 1 22.335900 19.327800 1.191960 
1564 2 20.642900 15.196300 10.283400 
621 1 22.246300 25.168600 10.502000 
370 1 13.693000 16.571700 4.999500 
238 1 16.067500 19.177200 10.707600 
1331 2 24.926700 21.590200 2.617110 
1815 2 13.266900 19.625700 2.382310 
1390 1 20.470400 14.322800 2.913150 
70 1 25.771700 16.934900 11.370400 
319 2 20.961200 24.091900 1.861910 
1951 2 20.783500 25.687400 8.962790 
93 1 20.810600 23.362200 3.321210 
710 1 19.533000 15.554300 0.013397 
1032 2 21.268800 26.444100 2.908110 
325 1 24.566200 19.344800 7.271080 
468 2 25.281100 23.863900 4.600520 
889 1 17.621900 25.533700 1.327220 
515 2 18.442200 20.901000 11.178700 
1847 2 15.309600 14.780100 -0.052981 
122 1 15.005700 22.405700 3.312250 
213 1 16.042500 16.811000 10.491100 
513 1 23.794500 15.003200 8.848080 
1617 1 17.626600 23.228100 0.239420 
193 1 19.357600 19.747800 11.869200 
1088 2 15.753700 25.460700 5.735620 
719 2 25.404700 16.999000 11.542700 
1576 2 25.142400 16.680400 11.372800 
1562 1 17.967800 20.892800 10.305100 
421 1 25.341400 23.264300 4.908240 
107 2 20.402900 25.754000 13.052400 
62 1 17.151400 13.469300 5.622710 
1228 2 20.135100 15.264700 0.432657 
278 1 20.982400 21.767500 0.244709 
768 2 16.357300 20.501900 0.095138 
1062 1 18.319500 21.438900 14.404900 
1169 1 24.835200 21.873600 18.457000 
690 1 15.837300 26.682200 22.643900 
874 1 16.500600 15.609900 22.219700 
774 1 21.794100 21.330600 19.910800 
1937 1 24.857200 14.156400 21.004700 
1757 1 19.017400 20.140900 13.624700 
1371 2 17.635700 18.305200 22.211800 
1273 1 21.200600 16.782200 23.800500 
632 2 23.005000 17.778900 21.928600 
113 1 18.956200 20.617300 19.582500 
1164 2 21.968700 22.253600 14.688200 
1656 2 21.978000 25.584600 20.330500 
1296 2 23.565300 19.552700 14.363700 
988 2 25.609200 15.965700 13.849700 
1558 1 24.031200 16.497800 19.368300 
1497 1 19.096500 15.244200 23.215900 
1298 1 22.501800 17.535200 24.932400 
852 2 21.312500 16.786100 23.899100 
1511 2 23.291500 17.318300 21.715600 
1852 2 18.913900 20.523900 18.913700 
1282 1 26.418600 17.545700 14.307000 
1414 1 13.861200 14.410600 21.354400 
1575 2 21.467600 16.290800 23.759500 
721 1 23.343600 18.793800 14.317900 
1943 2 19.335200 19.990200 14.005800 
1871 2 15.350000 15.927100 22.197600 
1484 2 23.685600 25.949100 25.864900 
679 2 17.725000 17.962000 25.519500 
422 1 13.715500 21.418700 19.597600 
1566 1 14.303800 20.286200 13.315400 
1529 1 26.356700 24.007900 22.468300 
707 2 25.186700 21.339400 26.113700 
916 2 19.382400 20.350400 14.415400 
987 2 16.965000 22.773300 17.810400 
647 2 26.205600 19.076800 13.853200 
766 1 24.063400 14.553200 16.680100 
311 2 21.819100 25.563400 16.588400 
390 1 19.911200 14.123500 19.107900 
112 2 15.049800 26.109100 24.895800 
66 1 19.388700 19.236000 16.609800 
357 1 22.863800 14.013400 19.903200 
1861 1 19.303600 18.025400 25.244600 
180 2 26.683000 20.566800 22.869600 
174 1 19.413100 14.734900 17.901300 
688 2 25.351600 26.405200 18.811600 
1653 1 24.149100 23.479700 18.864700 
109 1 25.968100 16.352100 19.688700 
1306 1 14.513100 18.573300 21.345000 
523 2 15.915500 26.471500 17.537400 
997 1 14.155600 18.910100 24.311800 
1505 1 16.191500 25.416700 13.794000 
1517 1 18.775400 22.080200 22.640100 
1630 1 17.410500 22.295700 17.116200 
1707 2 14.197700 18.999400 25.314600 
789 1 24.439600 17.030200 25.656000 
815 2 13.481600 13.639600 19.950700 
1597 1 20.934000 17.149500 19.709600 
608 2 19.282200 15.123400 23.157800 
237 1 21.591400 23.763300 23.424900 
1468 2 15.674900 15.699100 22.053200 
729 1 25.398300 17.731700 19.092500 
125 1 22.807100 19.154300 23.263400 
635 2 26.074600 26.351600 16.467800 
166 1 21.671300 25.188800 13.399000 
307 2 22.148800 19.041800 24.192000 
1491 2 18.589700 24.482700 26.177800 
489 1 15.063300 14.648300 16.905500 
1046 1 25.930200 15.693000 17.233000 
253 1 15.164900 25.673400 24.813100 
907 2 15.736200 25.977400 24.233600 
1628 2 13.509700 18.728700 21.948700 
985 1 20.970600 22.825600 19.283700 
984 2 22.486100 25.028400 16.538500 
849 1 19.776200 25.568100 18.216400 
352 2 22.345100 19.964200 23.914200 
818 1 17.469700 19.569200 21.404900 
488 2 15.927300 20.311000 17.018500 
1365 1 19.810800 22.804800 13.563500 
1560 2 20.195600 13.983400 18.681600 
1903 2 13.415500 20.530500 18.417600 
1962 1 21.499400 19.654900 25.125400 
1354 1 16.181300 26.553300 17.981500 
813 1 18.365900 14.949500 20.227900 
1647 2 25.146100 13.748600 16.501400 
454 1 22.004000 13.967100 17.241500 
1670 1 16.785900 20.882100 25.562800 
424 2 20.753700 18.831100 25.475900 
695 2 18.632500 15.215400 24.002300 
861 1 18.852300 25.243100 26.145600 
600 2 25.711400 16.916200 19.828900 
1571 2 23.279100 19.247500 14.708200 
1521 1 22.117000 17.032500 22.079500 
994 1 19.815000 25.841100 23.159300 
754 1 15.518600 20.413200 16.948500 
1717 1 16.661500 17.540300 19.654400 
1664 2 23.417500 14.257600 20.048500 
1949 1 21.301400 18.218700 13.849500 
469 1 18.024900 24.630000 16.674600 
1186 1 20.189800 22.404100 24.160300 
1596 2 25.176400 16.612300 16.986400 
267 2 21.962900 15.139300 17.566300 
158 1 13.862400 13.978600 19.462500 
1487 2 19.673000 22.628900 14.036700 
1626 1 24.083900 25.795700 26.051700 
1936 2 13.799900 18.617000 24.852400 
1685 1 20.989800 15.059400 24.000000 
1233 1 19.456700 15.012300 21.282500 
1270 1 21.779800 25.819000 19.309800 
203 2 19.439800 25.373600 18.225100 
937 1 22.995800 20.394700 17.269000 
124 2 21.898400 22.810100 23.872100 
867 2 19.263600 22.829300 23.121400 
1648 2 22.107500 19.695600 17.052400 
689 1 19.002000 23.937900 26.099900 
23 2 25.539000 16.397600 19.041700 
43 2 14.617500 14.459300 16.858200 
1995 2 23.688500 14.473000 20.491100 
973 1 15.118400 22.014000 24.014400 
1783 2 18.491800 20.017600 18.716400 
345 1 14.944800 16.151100 16.805100 
192 2 14.850100 14.299800 16.895100 
415 2 19.366600 14.370100 18.487700 
1140 2 24.555700 22.809600 17.765800 
939 2 21.458000 13.303900 24.528700 
932 2 17.016700 23.061800 17.519100 
927 2 24.761400 22.100900 18.556700 
194 1 26.430700 13.857300 15.919800 
1547 2 24.323200 19.193500 17.998100 
1203 2 15.434900 19.216800 13.863000 
915 2 19.174700 15.874600 21.481900 
1829 1 18.900700 19.546800 18.857100 
1891 2 16.125600 25.443300 20.938900 
1860 2 17.142200 22.173800 21.125600 
160 2 13.709800 16.386900 13.764400 
106 1 22.145900 22.087400 23.978900 
353 1 17.210100 19.487800 16.547200 
1077 1 24.274100 13.686500 23.480200 
341 1 18.941000 25.550900 21.801600 
116 2 16.555300 18.111700 19.525900 
583 2 24.126400 25.152500 19.494800 
440 2 21.814300 16.197800 13.985200 
883 2 16.799200 19.795200 16.221900 
648 2 15.106500 24.078400 19.693200 
419 2 21.478100 20.018700 17.344200 
1788 2 18.480000 18.544600 22.266000 
1858 1 23.373100 17.512800 21.877800 
1490 1 20.059700 14.394100 14.856300 
812 2 25.007900 19.527800 18.905600 
258 1 23.505300 23.145300 21.014100 
231 2 22.066600 24.207500 24.007900 
1231 2 14.308100 25.373400 14.787900 
1608 2 15.610200 17.613800 17.078500 
909 1 14.383200 17.595000 16.532200 
176 2 14.068900 20.890400 19.471000 
181 1 24.834700 25.763900 15.815800 
1249 1 17.398600 17.877100 25.994400 
1744 2 15.428400 22.375100 23.820800 
1609 1 25.742400 22.558400 16.185500 
656 2 18.283900 17.552200 25.375400 
10 1 25.769100 19.413600 14.783600 
1761 1 17.348700 21.794700 20.795200 
771 2 14.589900 17.350200 16.732600 
1442 1 13.726000 22.275600 22.484500 
1384 2 19.251900 22.468200 22.980300 
1906 1 22.059600 25.587800 20.793000 
1396 2 15.360000 13.564500 25.116500 
1604 2 19.537700 19.330200 16.831800 
1552 2 26.401000 14.081000 21.877200 
1139 2 19.395500 25.726700 23.030100 
1646 1 21.282400 20.455600 16.669800 
1146 1 23.701300 18.658900 17.250000 
1268 2 21.456900 22.443600 19.204900 
918 1 25.513100 15.765400 13.785100 
196 2 14.172000 15.907400 13.914200 
807 2 15.266200 21.622700 23.676700 
1158 1 23.639800 20.688900 21.439800 
1687 2 20.999800 18.495600 13.730500 
1285 1 18.203400 16.426500 25.447800 
1567 2 17.525300 21.362700 21.543200 
971 2 24.654400 14.910100 26.341600 
811 2 19.505500 17.127600 16.464600 
524 2 17.549300 22.827700 14.252700 
520 2 14.124100 13.837500 20.358100 
1294 1 16.440200 21.710900 22.794900 
1750 1 20.141100 19.618900 14.391200 
398 1 19.153400 24.197800 17.377500 
169 1 15.488000 19.183400 13.885800 
1751 2 25.442400 16.149900 14.970100 
123 2 13.283800 26.542600 19.397100 
1748 2 20.840900 17.648100 20.300900 
1907 2 23.701300 23.216900 21.213400 
781 1 23.253400 14.428600 25.397500 
1190 1 19.561900 23.265600 22.947600 
53 1 18.661700 17.266000 20.772600 
1603 2 21.181500 21.800600 19.924400 
735 2 14.037200 18.737200 21.875900 
1684 2 26.184800 24.172100 24.060900 
898 1 24.539400 18.077800 24.458700 
1618 1 21.338100 19.917500 18.130200 
1027 2 14.864900 23.445600 19.713500 
992 2 16.318700 25.476500 22.297400 
986 1 16.638900 23.044200 17.943000 
1001 1 15.882400 24.967800 19.734300 
840 2 19.038700 24.917500 17.618400 
1377 1 22.358000 22.629700 14.738100 
1039 2 16.230000 17.583100 19.516500 
25 1 15.119900 15.842600 22.810000 
1433 1 23.517100 19.711900 15.014100 
884 2 18.567900 15.732100 15.296200 
217 1 25.286200 21.266500 25.700400 
147 2 18.290700 24.685100 15.992300 
655 2 17.215300 15.518200 15.231100 
1182 1 26.310600 21.415500 22.476500 
167 2 24.558400 17.593300 25.135900 
402 1 16.266500 18.311500 18.126600 
367 2 20.582100 17.314100 19.731900 
1534 1 14.292500 18.816400 25.676700 
1890 1 18.247400 18.104300 22.972800 
31 2 24.139800 20.501900 20.783000 
1154 1 14.050700 15.971500 14.261000 
1615 2 19.375500 14.849000 15.146900 
1124 2 14.950500 20.598300 13.229200 
68 2 23.514000 23.763600 20.315100 
698 1 19.210900 16.646600 17.135800 
594 1 18.931400 15.895000 15.335300 
717 1 22.169100 26.046600 26.116200 
1310 1 24.211100 24.803400 20.033600 
30 1 16.456200 13.230000 22.205600 
1005 1 13.862900 20.035800 18.792100 
744 2 24.671200 17.499900 25.395500 
1939 2 16.940800 21.566300 26.635600 
428 2 23.210000 21.133500 21.062900 
886 1 25.510400 26.366100 18.707700 
1696 2 18.664700 14.905100 20.554300 
1822 1 17.295200 15.518100 15.023400 
1881 1 24.721000 19.908600 20.053600 
1678 1 14.872100 13.191500 24.878700 
758 1 14.755100 23.597600 19.407600 
1193 1 21.998200 24.933400 16.205700 
131 2 25.699000 23.946300 23.429400 
1724 2 23.887700 25.868000 23.335400 
42 1 17.095200 25.379400 21.359000 
1197 1 15.694800 25.452800 22.772500 
143 2 26.124200 21.078300 22.524700 
1723 2 24.112300 25.463200 25.473400 
1081 1 18.055600 26.517000 17.213100 
22 1 24.750800 24.724500 24.295100 
1605 1 14.099100 13.824600 16.586500 
376 2 18.848900 25.448300 22.055600 
968 2 18.857600 24.990900 25.552800 
960 2 21.002400 21.764400 26.488900 
78 1 15.498600 26.389300 15.947900 
1916 2 24.760800 13.746700 24.139800 
185 1 14.879900 14.730200 26.415200 
191 2 14.051400 21.721800 13.325400 
871 2 26.406100 22.729800 16.036400 
584 2 26.218600 14.875700 16.904000 
126 1 13.331400 23.668800 16.881800 
728 2 26.520000 23.536400 15.592500 
1465 1 26.327100 23.991200 24.148000 
1559 2 20.891000 21.654000 26.296900 
