id type x y z 
1312 2 8.273920 9.469620 10.229000 
1340 2 4.994960 6.464940 8.108280 
1086 1 6.186050 13.170900 6.349440 
1627 2 6.534980 4.582910 9.339580 
763 2 9.557950 4.073610 12.061800 
1404 2 12.771600 1.685120 -0.011664 
1280 2 11.652200 12.540000 4.636980 
469 1 11.794800 1.263190 11.265700 
516 2 12.644100 8.112090 8.607640 
332 2 0.242503 3.896830 2.829970 
1976 2 9.713050 1.039380 12.945800 
268 2 10.286300 5.927010 9.090940 
770 1 4.017110 6.626850 11.477100 
1014 1 11.140900 4.415160 3.616170 
457 1 12.543300 8.552840 9.555920 
1318 1 1.029510 7.684620 0.488263 
247 2 6.415800 3.477820 12.238500 
604 2 9.447800 12.155500 2.166260 
895 2 12.506100 2.485530 10.770700 
467 2 8.816630 0.624944 5.150310 
1752 2 1.540850 1.630100 11.517900 
1165 1 0.765551 10.730600 1.843530 
1755 2 0.549952 7.215410 0.138299 
1746 1 5.503500 2.574450 7.217690 
649 1 6.846620 3.470980 4.229050 
1660 2 3.078400 12.335200 8.616390 
172 2 7.328600 4.700090 9.493050 
742 1 4.526420 7.741570 7.925360 
658 1 8.002040 0.590280 12.097800 
1194 1 11.994700 9.739590 7.004070 
1154 1 10.604200 12.896500 11.747400 
235 2 7.852990 9.655220 3.148190 
342 1 7.181580 3.831180 12.029300 
1493 1 5.922530 2.235910 11.451200 
1983 2 6.864360 12.774300 5.286670 
644 2 7.278470 4.668340 4.660480 
1774 1 5.077940 8.706780 12.396300 
1812 2 4.386130 10.203400 6.892880 
76 2 0.201029 11.055000 8.426160 
1341 1 0.055804 8.268900 10.055300 
182 1 12.990400 3.097190 3.526460 
1261 1 6.839950 5.579990 5.501900 
1901 1 9.854910 6.155050 8.351960 
1828 2 0.333118 10.328100 5.453160 
276 2 10.957400 7.789800 1.497140 
542 1 7.708920 10.140000 3.917790 
1879 2 12.679400 1.536930 0.117281 
1856 2 6.368730 0.918559 0.183666 
1450 1 0.111490 3.663340 3.469600 
731 2 7.590300 9.632960 3.210290 
1600 2 10.564300 6.409830 4.093580 
536 2 10.625300 12.890600 10.836800 
1701 1 0.317008 9.216820 6.792900 
1167 2 2.153740 1.283500 7.028740 
928 2 3.915660 4.108540 9.731190 
1428 2 9.379300 2.511390 8.430840 
1616 2 1.125870 11.161100 1.754970 
942 1 7.816830 10.179400 2.335110 
1859 2 0.248727 11.839400 8.515680 
426 1 0.717907 5.070860 6.438330 
1174 1 4.821030 2.924410 0.723414 
1957 1 3.464920 3.353380 3.005310 
1683 2 12.191100 9.506550 5.892390 
1161 1 9.880680 1.992790 0.460401 
1017 1 5.795490 1.219300 0.321053 
1975 2 9.588750 2.007120 1.253740 
858 1 10.237100 0.532517 1.879560 
582 1 3.203860 12.594900 8.774840 
318 1 10.042200 0.494793 8.738050 
1036 2 6.068300 3.338970 12.043300 
274 1 5.240460 6.650770 3.779580 
602 1 1.436070 2.581320 8.038680 
413 1 5.773790 4.180110 8.903270 
1173 1 3.516280 3.246400 8.444690 
697 1 3.400810 6.214190 6.322600 
378 1 1.482350 12.504500 0.775685 
1031 2 1.220490 10.096600 2.052160 
406 1 7.114000 0.850604 0.149399 
293 1 10.293800 12.736400 6.839250 
1972 2 0.592073 5.456510 6.149390 
1378 1 3.480780 5.420400 5.563680 
804 2 5.680510 12.101900 11.110000 
571 2 10.069200 12.049400 11.899200 
1253 1 8.645820 4.606430 0.721813 
1756 2 3.154930 9.563780 9.942380 
271 2 7.140440 2.294830 3.050960 
453 1 10.868500 7.862580 1.383500 
1640 2 0.441986 8.515040 9.548010 
1338 1 9.572730 0.135591 4.438560 
1967 2 3.205220 5.857290 5.459180 
981 1 10.356700 5.563220 9.440560 
1394 1 9.971060 10.852200 6.977720 
1805 1 9.600650 0.918175 11.707900 
1556 2 7.000230 6.359130 6.724630 
29 1 11.154700 7.158690 4.552650 
310 1 12.874600 4.360830 0.068454 
709 1 6.824840 4.761380 9.855690 
17 1 10.250600 11.790100 12.687300 
802 1 10.613400 4.085550 7.083420 
275 2 10.482200 4.388670 3.215170 
1940 2 1.883690 7.717270 3.644420 
1486 1 8.974500 8.878980 4.302750 
629 1 3.444080 11.725900 3.840220 
857 1 12.325200 5.778830 5.654240 
598 1 6.609520 12.483500 2.080730 
324 2 13.218200 0.443853 6.646210 
245 1 3.945120 9.267610 13.190900 
212 2 2.946230 12.232400 4.520740 
490 1 5.637020 3.300130 12.888000 
806 1 9.753520 10.852800 10.711900 
154 1 7.810340 9.248560 8.745170 
1686 1 10.196000 2.693070 2.337270 
1067 2 6.705610 12.730500 2.458040 
1172 2 12.143500 9.647060 6.298990 
506 1 1.264650 9.251960 8.976650 
1994 1 1.680610 9.282160 3.353280 
1789 1 6.545120 10.222200 9.957510 
1210 1 10.023100 5.840820 4.459140 
451 2 4.411020 9.162250 12.671800 
1323 2 3.804520 3.363070 8.506870 
1594 1 4.197830 2.473770 11.551800 
1692 2 13.308600 3.113390 3.230230 
961 1 9.927420 11.794500 2.090030 
1431 2 0.264588 10.113100 5.512250 
505 1 9.075810 6.603320 11.417700 
1043 2 11.049100 7.165340 1.158820 
1260 2 9.856420 2.157850 0.796607 
262 1 5.651110 4.303470 0.512598 
1638 1 11.546300 13.008800 3.946060 
1637 1 4.346560 8.744880 3.354390 
918 1 4.632750 12.755300 11.518000 
363 2 4.188360 5.885170 11.647500 
477 1 2.169140 11.541000 8.476170 
1884 2 8.875860 4.763880 0.512386 
1590 1 4.965190 6.342520 8.232210 
1091 2 4.881830 2.990130 0.567806 
1438 1 9.700430 3.016860 7.859440 
550 1 1.782370 0.582174 4.126610 
672 2 10.711000 11.979500 13.098000 
1813 1 7.267410 2.127600 2.729790 
1199 2 7.758250 9.628300 9.884810 
83 2 5.327150 5.977520 3.367530 
1790 1 3.792960 9.835290 6.722510 
792 2 7.096010 9.484460 0.830457 
1409 1 9.455030 4.419440 12.244800 
1230 1 3.884380 10.647700 9.297160 
555 2 7.693970 7.512410 7.504710 
1436 2 12.764900 4.762110 0.148090 
1917 1 7.812850 8.645700 12.556000 
141 1 11.942400 13.134500 7.492620 
919 2 9.862660 5.953890 8.616610 
865 1 5.707310 10.518300 1.082440 
1263 2 4.457450 8.873420 1.550090 
55 2 1.274720 6.394830 12.173000 
909 1 8.085780 9.372460 10.273500 
1799 2 4.705800 7.411270 7.989460 
664 2 12.303600 3.478660 8.812590 
206 1 2.077300 7.649750 3.853770 
1498 1 3.070080 10.009400 11.357100 
114 1 7.749560 4.216940 5.776340 
905 1 9.614070 12.179200 9.066330 
484 2 3.890770 3.133700 2.860700 
1935 2 7.289140 4.670000 5.418300 
1295 2 7.367310 9.135050 13.066700 
1147 2 12.573400 3.820910 8.364740 
953 1 4.634750 8.076320 1.433980 
111 2 11.493200 6.391600 5.174230 
411 2 5.757090 2.109210 6.007890 
84 2 7.558770 8.475530 7.689520 
538 1 2.184900 5.982170 8.908330 
32 2 12.169900 13.292100 7.604090 
1463 2 0.587780 5.041470 6.016740 
911 2 9.010050 5.247500 0.461786 
1098 1 11.772200 2.983670 4.667000 
430 1 0.283060 10.695200 4.785510 
1836 2 9.658670 11.220800 7.412690 
687 2 2.958540 3.668920 3.124180 
851 2 4.335830 9.829760 6.328050 
1383 2 5.401110 10.561700 10.212200 
1753 1 5.378450 1.707630 5.080810 
1106 1 12.601300 2.703330 7.925610 
1368 2 7.905280 9.517890 4.440600 
1073 1 1.972770 6.628200 2.663640 
1364 2 4.028110 9.001450 12.646500 
975 2 7.841910 0.489829 11.674000 
105 1 8.077160 1.071230 5.091870 
1352 2 3.632900 5.944250 5.841070 
652 2 11.907500 4.019670 11.733800 
1235 2 12.826200 8.496870 9.267010 
1155 2 1.777420 5.658360 8.982130 
1206 1 7.075600 6.211780 7.038090 
541 1 11.808700 2.899160 10.849400 
1298 1 2.136040 0.924827 1.572500 
1971 2 10.697900 8.282810 12.035600 
720 2 6.857460 1.894570 4.876260 
1777 1 6.338080 5.719420 2.759060 
1163 2 10.070300 2.971490 7.389050 
1843 2 9.814160 11.382400 7.288310 
290 1 5.470910 10.812700 5.728080 
823 2 2.101860 7.411010 3.269500 
1611 2 5.425040 0.250310 8.582480 
1811 2 0.523368 8.949270 9.048660 
1444 2 5.764850 6.492600 2.977410 
1676 2 4.551230 3.751360 12.893500 
1844 2 8.265720 6.414130 11.731500 
1655 2 2.858200 12.194900 8.881250 
1125 1 4.286810 0.943896 2.219530 
1582 1 7.413980 7.825800 7.567770 
675 2 0.995297 2.726270 10.844300 
603 2 12.873400 1.089080 8.148300 
1324 2 11.570800 5.040630 6.440240 
1854 1 7.170350 7.253390 2.052810 
1726 1 7.413640 8.766200 6.107320 
1478 1 12.600700 1.852040 0.400118 
286 1 12.309100 3.839300 8.173000 
1914 1 10.760500 8.496340 12.359000 
1256 2 1.319820 4.949330 8.872020 
595 2 0.908586 10.226200 11.378200 
1926 1 12.118100 9.887720 5.663180 
1104 2 5.606960 2.801450 7.580340 
1614 1 5.793750 0.691664 8.051920 
1439 2 5.038050 2.965360 11.767800 
1986 1 0.974606 3.010930 11.959900 
1849 1 0.672525 13.085300 4.324910 
1541 1 7.934510 12.975700 6.858040 
933 1 1.318560 4.826680 9.264870 
251 2 7.125100 8.110090 5.899660 
876 2 4.242460 8.900780 2.486840 
1426 1 0.417921 8.236320 12.944600 
668 2 0.393966 8.196310 12.892100 
24 2 6.709950 6.635380 0.749276 
1100 2 10.948700 8.226000 11.988100 
597 1 5.900120 11.770400 11.174800 
1737 1 4.342670 4.481160 10.580200 
1462 1 11.869900 6.998410 1.796540 
1410 1 9.580160 5.449110 0.433455 
1333 1 1.268180 1.401570 10.675500 
548 2 1.878360 2.281260 6.966370 
777 1 1.420470 2.174140 5.701930 
1087 2 3.413140 11.839600 3.871550 
1398 1 0.114274 11.928500 8.141500 
308 2 10.997300 3.413900 3.496420 
1413 1 0.513557 12.031500 11.266600 
1657 1 11.313000 7.114090 8.577300 
657 1 1.545090 5.967980 12.144800 
1691 2 1.642620 0.713587 3.816820 
1257 1 6.147360 6.843460 0.378092 
1479 2 12.602800 1.905560 5.662490 
940 2 5.477370 4.012480 0.280106 
1359 2 2.998180 0.261222 1.722910 
1049 1 11.229500 3.852940 12.078300 
159 2 1.256250 0.411099 10.666700 
1356 2 3.889390 0.145165 1.706590 
631 2 10.419500 1.430450 12.922300 
1000 2 8.479790 13.206500 9.311900 
1344 2 1.747240 0.349758 3.536510 
261 1 11.824800 0.172727 7.101950 
759 2 6.136950 6.440290 0.533426 
44 2 7.567550 9.161410 13.125000 
347 2 3.767650 6.203020 23.792000 
1530 1 8.920590 3.085860 20.692000 
482 1 8.344550 3.097920 23.638400 
1495 2 7.708160 0.099224 23.030200 
1092 2 12.092500 12.826500 20.209800 
764 2 11.245100 2.149550 18.911700 
416 2 8.569550 2.845100 17.688000 
64 2 3.152670 5.954930 14.747300 
564 2 3.423360 2.230310 25.477900 
1061 1 8.381160 7.336950 15.587400 
1956 2 7.914160 11.616700 24.960300 
75 2 1.797610 2.594340 16.605700 
375 2 12.566100 5.546150 26.465100 
1452 2 3.594300 7.523140 26.493700 
1985 1 12.995700 5.702540 26.199400 
713 1 1.640910 6.294200 15.246600 
754 1 10.693800 0.230337 21.195700 
1955 2 8.750950 5.896150 14.889800 
613 1 0.568190 4.822940 23.304200 
1084 2 8.214450 8.545480 24.379000 
1262 1 0.526482 5.444390 18.925600 
403 2 4.797650 0.869512 21.799900 
847 2 2.190880 4.335370 13.907200 
1068 2 11.336000 2.578890 15.550500 
1948 2 1.656600 3.802850 13.735500 
1786 1 3.117160 10.095800 18.497100 
826 1 7.890570 9.952410 25.792500 
209 1 3.622410 6.225520 14.390100 
1360 2 0.617280 12.911900 23.937700 
1654 1 11.134900 11.524200 26.337200 
1122 1 5.735470 8.937280 16.296500 
388 2 10.039600 10.443600 19.919300 
387 2 12.394200 6.194460 14.085800 
171 2 6.691900 12.849400 13.740600 
1477 1 4.122260 6.754960 26.289000 
1887 2 8.920160 2.648520 24.478800 
1112 2 3.818800 12.059600 21.430400 
1386 1 11.547500 1.699080 18.954300 
880 2 5.106760 3.491800 17.383400 
301 1 3.626380 12.201700 14.682600 
686 1 2.378160 11.462800 14.470100 
50 1 11.600200 5.686690 14.587500 
954 1 4.588000 9.775120 15.491800 
1658 1 11.818800 7.464930 13.440500 
1079 2 2.275020 1.334850 13.784400 
210 1 3.299840 2.623310 25.950100 
1941 1 2.894280 3.420430 20.837600 
1492 2 2.097750 9.872890 22.148300 
579 2 7.722250 2.382000 14.872700 
784 2 0.507398 5.583350 19.163700 
1050 1 6.842090 12.223400 18.295700 
589 1 5.045600 10.148900 24.592300 
323 2 2.976360 2.704160 24.951100 
269 1 5.456400 5.524190 23.812100 
1682 1 10.704400 8.016300 16.911200 
1332 2 11.662000 0.810406 22.541200 
420 2 6.883690 11.964200 17.195800 
558 1 2.947150 5.774910 20.627800 
996 2 7.699270 3.212680 14.577700 
1924 2 7.200420 13.263600 20.043900 
1336 2 12.735700 10.114200 22.444600 
1082 1 0.959016 12.793000 23.897600 
641 1 8.972040 7.822840 24.261600 
1674 1 9.516390 2.701690 24.185300 
1317 1 11.662600 1.015870 22.996500 
234 1 5.307350 10.110400 20.313800 
610 1 12.518700 9.725560 24.853900 
1349 1 9.828810 9.696080 15.771300 
326 1 7.768280 8.938690 19.206700 
1570 1 10.190800 4.728300 24.515200 
1915 2 12.132900 8.524140 24.579500 
920 2 5.223210 9.835690 23.319400 
1232 2 4.502680 6.947930 20.645700 
926 1 9.584420 6.680810 20.593600 
1162 1 4.314600 6.841480 19.330500 
617 1 1.292270 10.520300 18.149700 
743 2 10.664500 5.410550 18.492500 
1964 2 9.892100 9.275810 15.702200 
888 2 11.130800 0.251362 15.654500 
1700 2 2.784360 3.613740 20.542200 
1271 2 4.899340 9.122930 22.680400 
1035 2 6.454580 12.194400 21.238800 
1545 1 10.256900 12.784600 15.706300 
1089 1 12.471900 10.631300 22.402100 
1869 1 3.024120 3.186690 24.657300 
1353 1 1.975120 2.994080 14.498600 
373 1 4.621870 0.263073 14.522800 
89 1 11.260700 2.421870 14.739200 
640 2 10.768200 6.705680 24.594900 
1747 2 4.850290 11.261500 25.678100 
162 1 0.185746 9.160480 26.547900 
741 1 5.462300 4.215230 23.378900 
315 2 12.391000 10.663600 26.435000 
98 1 2.813180 8.274610 26.100200 
1102 1 1.192710 9.964650 25.484800 
280 2 0.673116 9.347240 25.434800 
1184 2 8.635800 0.779394 19.603800 
1455 2 2.783640 3.159390 20.476400 
821 1 1.893270 2.329730 16.458900 
1729 1 10.801800 3.713650 15.942200 
786 1 4.493130 1.019470 21.678900 
1536 2 1.038450 4.603860 26.099800 
775 2 1.151270 0.812543 26.125700 
26 1 8.974800 3.097940 17.873400 
1522 1 12.578200 1.058510 26.041400 
1619 2 3.366210 12.520300 14.571400 
1201 1 7.016830 11.849500 25.321800 
497 1 1.609510 9.572630 15.324000 
97 1 11.769300 7.757460 24.433000 
1248 2 2.471720 1.705680 17.504700 
864 2 11.309700 12.701000 15.919900 
1610 1 6.869090 8.072370 17.615800 
250 1 9.044360 11.004700 18.754400 
634 1 13.209800 8.266620 22.403700 
1026 1 0.566755 2.368810 23.873400 
521 1 8.140980 0.529484 19.204500 
1760 2 0.346157 4.977180 22.429700 
557 1 10.377500 1.113840 13.410500 
708 2 1.865750 0.647409 23.163600 
1052 2 11.964200 13.226100 24.256400 
1851 2 6.737040 12.621500 17.619400 
263 2 7.898120 12.143400 25.371200 
1905 1 3.281190 0.704847 18.474900 
1728 2 5.339460 4.415470 23.354800 
1894 1 7.995640 3.247090 14.067800 
1429 1 7.967830 1.696650 14.818000 
1131 2 10.457100 4.245190 24.750900 
507 2 10.308700 1.970390 18.871400 
1644 2 11.272300 11.437400 26.451600 
1709 1 7.823520 7.758810 24.886100 
476 2 8.957310 3.193130 23.998900 
90 1 7.095100 13.245300 13.495400 
47 2 9.858770 10.376600 24.549000 
136 2 4.723180 11.746400 26.400000 
929 1 7.387440 0.863989 16.924300 
292 2 7.526590 5.983830 20.568200 
794 1 4.650310 3.670680 15.900100 
976 2 12.885800 9.727900 16.538100 
1048 2 7.318350 8.663230 18.926200 
730 1 11.943200 9.433810 20.231900 
716 2 9.868390 7.365970 20.944300 
1237 1 0.300682 1.523150 22.256100 
143 2 1.451860 1.742380 23.036200 
1209 1 10.502400 8.068380 22.279600 
1421 1 5.089150 9.327490 22.521500 
1042 1 0.942915 7.676500 21.290800 
1063 2 2.486520 6.368150 16.696400 
1797 1 11.536100 11.784200 15.057700 
1959 2 2.460400 9.954590 18.288600 
979 2 3.874090 5.477610 14.434000 
1537 1 1.965710 4.654400 26.387200 
793 1 4.579210 12.053500 21.554000 
205 1 11.291900 3.337150 22.514500 
1912 2 3.161460 6.874710 22.863500 
1780 2 10.806700 5.702660 15.007800 
1375 2 11.880000 10.491100 22.269100 
967 2 9.358650 2.967160 20.941800 
1885 1 4.940120 3.477900 17.747000 
1130 1 3.496580 4.398010 14.118000 
1448 2 4.665210 6.629320 19.633100 
540 2 2.873260 12.122300 14.182700 
151 2 12.550000 12.895900 18.314500 
1778 1 2.692080 10.223900 22.176900 
726 1 10.099000 1.599700 19.092400 
1623 2 11.946300 1.501840 22.733200 
977 1 2.002010 6.083980 17.162400 
285 1 3.265660 6.768970 16.753600 
155 2 2.795240 7.189900 25.690900 
1215 2 1.939400 10.198600 14.720500 
295 2 3.011940 1.120540 18.146200 
1677 1 8.136670 6.670470 22.041100 
891 2 8.551800 7.971770 24.767200 
1315 2 0.879191 12.123000 23.959100 
1898 1 3.690180 12.364400 17.371300 
1022 1 3.345100 7.464210 22.286500 
1904 2 2.321060 9.587020 18.653100 
760 2 2.680680 6.717590 17.289300 
19 2 7.253860 8.823140 17.795400 
1044 2 6.829540 7.069090 22.966200 
1366 1 5.687170 7.192820 19.569000 
1218 1 4.729000 7.164770 21.116000 
1501 1 10.567200 5.050060 18.519400 
767 2 5.290390 9.128980 15.686400 
1613 1 2.082870 0.535256 17.471200 
186 1 6.676890 12.523900 16.801000 
1385 1 8.492580 12.814300 25.082800 
1078 1 7.997440 4.468560 15.283600 
570 1 0.727028 0.866882 26.228200 
1434 1 6.739490 5.307610 15.623000 
1727 2 5.275420 3.619770 16.918300 
483 2 3.467720 12.397100 21.518300 
1524 2 5.091960 9.090170 16.012700 
554 1 10.615300 0.854172 16.148800 
6 1 1.514080 8.765110 20.624200 
1535 2 11.005100 11.819700 15.658700 
1447 2 1.345430 4.650870 26.037200 
955 2 4.869800 7.059700 19.020600 
1953 1 0.428478 9.181610 23.382700 
1380 2 5.799600 12.809300 14.253300 
1178 1 7.465970 9.428100 13.626800 
560 2 5.410240 9.967400 20.247700 
1977 1 10.375800 9.949380 24.137700 
174 1 9.607920 9.654930 20.144400 
549 1 13.149100 8.734530 16.118400 
446 1 7.190390 3.478810 17.563500 
1817 1 2.314010 1.208780 13.970600 
346 1 6.755110 7.365460 23.305900 
1508 2 1.438660 9.396760 15.472500 
718 1 2.095560 0.573031 23.555500 
1531 2 7.941940 6.076310 20.702500 
1930 1 0.738587 4.699650 25.851600 
16 2 3.661420 13.071200 17.723000 
338 1 6.969290 12.341900 20.793800 
862 1 3.132090 6.386530 24.124600 
1539 2 6.151530 5.253220 23.100700 
1391 2 2.822650 6.400170 21.216900 
1848 2 0.921118 7.719050 20.979000 
1719 2 8.031040 3.353250 17.949100 
576 2 7.293990 6.298490 15.717100 
366 1 6.980100 5.682700 20.185000 
1710 1 12.559600 7.052110 18.909600 
1171 2 7.293440 0.128703 17.155200 
207 2 6.925220 5.150620 14.783400 
683 2 3.904000 10.108900 19.955000 
95 2 10.550600 8.629770 16.274600 
769 1 2.576230 2.942360 19.248300 
1679 2 9.857010 7.628350 21.763800 
1818 1 3.015700 11.627900 23.912400 
92 2 12.445700 7.243770 18.737600 
843 2 5.010020 0.329256 14.843300 
93 1 12.436900 4.610460 21.868500 
63 2 12.111400 4.071590 21.787600 
1872 2 2.934400 10.907400 24.134200 
667 2 9.368370 10.212400 19.503900 
270 1 11.468200 12.427600 21.080500 
1996 2 4.515840 0.215578 22.135300 
479 2 10.897700 0.603958 16.302600 
335 2 11.367500 3.408210 15.154300 
1400 2 12.840300 9.696290 25.083400 
1569 1 5.680720 13.145100 14.009200 
662 1 0.307106 7.547840 16.423500 
300 2 11.682800 4.753000 22.729200 
782 1 4.759480 11.810100 26.268700 
853 1 2.210290 9.569150 19.116800 
5 1 10.469900 6.365550 23.564900 
530 1 2.019300 4.212210 13.259000 
82 1 12.417400 12.982100 18.144100 
1113 1 3.089400 12.782400 21.226500 
1446 1 0.335286 5.411430 22.043700 
1346 1 12.825600 10.136000 14.452500 
398 1 0.118241 -0.054099 15.452100 
1697 1 11.611300 0.147266 15.983800 
1773 1 8.638210 0.076576 14.452200 
161 1 7.795310 0.198047 22.147500 
178 1 7.889870 0.281553 23.861400 
1345 1 1.332660 0.086170 20.943200 
1706 1 12.304700 10.577500 26.505800 
1331 2 6.313740 0.212097 26.531000 
573 1 1.900140 20.927400 6.932750 
427 2 9.427580 17.884200 7.298160 
132 2 12.807700 19.227700 8.018190 
801 1 6.794260 25.618700 3.535050 
1931 2 3.984690 23.645800 10.520600 
1668 2 4.933070 20.162200 7.607180 
1135 2 8.346940 24.251300 10.058100 
1815 2 11.531100 17.114300 2.915290 
1960 2 3.758120 18.300800 4.489060 
1226 1 3.743740 14.040800 5.943120 
1470 1 12.737100 25.384100 12.497200 
636 2 6.367530 21.635600 2.070800 
725 1 2.756010 16.464000 2.456840 
593 1 1.629380 26.563800 11.370000 
85 1 3.378840 16.745300 9.291710 
1563 2 5.624690 18.989500 7.037630 
738 1 5.199780 16.436900 3.475350 
1313 1 13.189100 13.810400 11.102200 
464 2 1.952850 26.179900 8.406740 
236 2 12.021900 24.786400 6.781320 
1831 2 12.573200 14.098800 7.972250 
1612 2 4.538320 25.446600 11.469800 
1021 1 13.190100 26.040400 3.523260 
314 1 11.614500 23.247300 0.644246 
278 1 2.641690 22.018700 1.363100 
226 1 3.214960 14.735900 0.341918 
1823 2 12.310600 25.134000 6.189840 
417 1 11.994000 19.317400 7.632340 
989 1 7.947340 20.995200 9.172780 
327 2 2.662580 22.159200 1.355720 
834 1 2.223740 14.718900 2.528710 
1714 1 0.980764 14.694100 8.808650 
80 2 5.377610 22.651800 6.332400 
1810 1 0.402898 24.304100 0.254344 
1944 2 6.654190 13.451500 5.886860 
459 2 4.814810 21.695600 8.847970 
896 2 1.805620 24.515600 12.974000 
528 2 0.912810 19.597200 3.725670 
456 2 7.685560 15.051300 12.554700 
993 1 8.288240 22.432600 2.554000 
1830 1 8.198140 16.827500 0.937585 
1808 2 9.918730 22.668200 7.190110 
776 2 2.767280 17.285900 1.373020 
1659 2 8.006120 13.287400 7.247800 
485 1 4.018500 23.472300 7.514440 
1825 1 0.240703 19.146400 3.637160 
1095 2 6.414850 21.065000 11.522300 
1254 1 2.182370 16.856100 11.550000 
700 2 7.376060 21.119400 9.126990 
491 2 5.498950 22.652300 1.130450 
377 1 5.734990 21.713400 11.673800 
1989 1 10.982800 22.516500 9.711780 
7 2 11.890200 16.820600 6.195030 
1622 1 4.841530 26.120900 7.727580 
1598 1 8.835630 18.227900 6.968350 
358 1 10.071300 22.977700 4.411880 
449 1 12.123000 25.287100 2.295190 
845 1 11.317700 17.010100 12.792500 
1947 2 9.937920 13.298000 2.283260 
744 2 2.206220 21.426400 1.306320 
999 2 7.626130 16.000500 5.410270 
1791 2 9.188380 25.823700 8.486010 
1293 1 8.620260 24.991900 4.394640 
1496 2 8.052780 19.316500 2.789950 
86 1 10.041500 17.258400 7.558410 
142 1 13.105700 20.216400 6.683100 
215 2 0.930963 15.068600 8.839270 
1156 2 5.256410 26.223400 7.386450 
1742 1 7.862220 19.412600 2.867490 
39 2 4.897670 26.069400 11.550600 
1289 1 5.105670 16.189900 2.115100 
291 2 11.447500 25.989800 2.309040 
1142 1 8.556660 21.715600 0.195175 
1673 1 6.944740 16.245600 6.272500 
225 1 5.863820 17.674800 12.648000 
439 2 11.301300 22.513200 9.953380 
1076 2 2.579240 23.868300 7.593530 
1984 2 8.701310 24.063100 5.013740 
1988 2 3.746660 23.128800 9.870650 
1339 2 8.776190 16.414300 0.643825 
1440 2 11.894700 26.068300 2.422840 
1871 2 12.692800 14.373200 0.918663 
510 1 0.021619 21.405800 8.648240 
1593 1 4.321620 19.145700 7.115460 
339 2 1.375620 19.506500 3.757110 
52 2 2.104270 15.250500 2.912810 
1759 2 5.428110 16.425300 2.519430 
1069 1 12.250000 21.690100 4.235570 
421 1 3.439850 26.151600 1.729000 
1911 2 2.569850 17.185600 0.845923 
1978 1 12.031200 16.752100 5.934860 
1483 2 4.172910 18.483200 4.583730 
1128 2 10.489500 17.716200 4.202940 
871 2 2.511500 20.403000 11.707400 
703 2 2.476390 16.488800 11.844000 
340 2 4.921940 19.201600 1.057040 
1695 2 12.786300 19.636200 7.243880 
41 1 3.742090 13.522700 1.788110 
10 1 4.107050 17.081400 11.788200 
362 1 4.317930 23.291400 0.816058 
1876 2 9.744090 18.487400 7.561390 
304 2 6.966860 19.787300 4.791030 
934 1 1.036940 23.220500 10.235000 
1896 2 0.442221 15.410500 9.322480 
868 2 8.469480 22.098600 0.581760 
596 2 11.121600 22.201600 10.252700 
1418 1 9.134480 25.335800 10.089300 
755 2 8.350210 18.256300 10.754600 
788 2 1.932170 20.587700 7.155330 
1279 2 12.918300 22.739100 0.563118 
669 1 6.944970 18.100200 3.317080 
9 1 11.442700 26.010900 3.310790 
487 2 10.092500 19.458900 0.470471 
370 1 7.626250 19.247600 8.866630 
224 2 4.152530 23.413100 0.768305 
1680 2 4.121470 14.651200 11.953500 
138 1 0.517419 20.020400 1.195420 
991 2 1.157050 24.029000 5.531290 
1880 2 12.296300 25.524600 11.498000 
322 1 6.184950 20.333900 7.464470 
990 1 2.950720 17.634900 5.610530 
1422 1 7.418850 19.724200 4.833740 
385 1 9.147000 19.948800 11.046600 
1189 1 5.508170 26.452500 13.313300 
1392 2 3.289090 13.468200 1.265390 
854 1 4.878750 17.402000 8.395560 
1768 2 3.800310 17.184600 9.070850 
248 2 8.989910 21.146500 12.217600 
1765 1 8.894210 23.245500 8.442170 
1387 2 6.686700 25.379900 3.703960 
1741 1 7.385430 13.612000 2.643520 
1177 1 7.148010 20.727300 11.616700 
1020 2 6.776120 13.309500 2.223920 
501 1 11.868100 19.780900 10.957300 
1011 2 4.560140 17.323900 9.597050 
878 1 1.131840 16.668900 6.166080 
1794 1 6.719530 24.021000 6.040070 
349 1 1.756680 25.179800 4.295130 
1681 1 11.210100 18.672400 11.742300 
822 1 4.725070 14.227400 4.616620 
1430 1 4.374520 21.047500 4.885160 
1499 2 10.788800 14.179700 4.913960 
1453 1 9.731780 20.167000 0.899530 
1138 1 1.876980 15.906400 3.697270 
612 2 7.035840 17.320800 7.695370 
1129 1 4.493830 22.303700 9.186110 
1893 1 1.653960 19.212900 0.024355 
715 2 1.474820 19.487100 0.470072 
71 2 1.560560 24.591900 13.126100 
837 1 7.724730 15.230700 12.459100 
1889 1 5.452600 22.222700 6.368150 
504 2 1.161780 17.154900 6.118900 
14 1 8.392320 18.250900 10.815900 
144 2 4.143320 14.800500 5.538020 
1283 2 1.707170 17.029300 5.900470 
1407 2 8.716700 22.871400 2.949040 
198 1 5.249590 20.607200 8.871270 
747 2 4.465720 14.309500 4.774350 
848 2 5.070540 16.169900 2.473640 
1373 1 0.932021 19.281000 7.416030 
58 1 1.981910 23.935100 6.956480 
1252 2 1.043140 22.995000 10.270900 
946 1 0.500247 13.613100 13.004700 
240 2 13.250900 23.054900 12.834700 
1126 1 11.473000 17.213700 2.823490 
803 2 7.723900 20.321800 8.520330 
56 2 11.403600 18.878900 11.621900 
534 1 6.928020 23.474500 1.186210 
633 1 10.440400 19.896800 3.561490 
1302 1 6.187300 15.915400 9.437320 
1504 2 2.430560 16.805200 11.691400 
1292 2 4.286350 20.793600 12.005800 
1269 1 4.819060 24.777300 10.991900 
1105 1 9.943080 15.901800 0.788192 
1307 2 5.436800 19.486900 1.487330 
995 2 9.046850 21.942600 11.844100 
185 1 10.365000 17.312100 4.212750 
879 2 13.347800 16.636100 8.764840 
199 2 11.585900 21.533900 4.181550 
1258 1 13.136000 13.950100 8.879360 
1427 2 8.216800 19.276100 4.422550 
1120 2 1.293030 13.824400 13.082900 
701 1 9.693160 15.041500 4.996620 
1224 2 5.907870 15.168900 9.916880 
562 1 9.214540 25.480600 8.005760 
229 1 12.002800 14.606900 4.618610 
1718 1 4.962740 18.961000 13.124700 
951 2 1.763300 15.618800 3.185050 
575 2 5.874020 23.060600 6.154850 
1238 1 4.150920 14.768800 11.169100 
125 1 12.587400 14.168300 0.424728 
1900 2 0.132753 18.046400 11.053300 
628 2 8.396840 18.227900 11.054000 
898 1 2.830270 22.707900 2.697600 
1114 1 3.590980 14.617000 12.599200 
1343 2 7.977420 26.088800 0.314649 
1118 1 9.880270 22.265800 6.917760 
1970 1 5.331550 19.539500 3.714190 
627 2 7.854470 18.451300 3.438420 
1699 2 9.705320 22.345600 7.043250 
572 2 4.785410 20.943500 4.006890 
533 1 7.770530 13.379700 10.203500 
1918 1 4.418650 19.705700 0.439929 
1240 2 8.342220 26.458000 11.838900 
1548 2 11.676600 21.444200 4.650350 
1734 1 3.372230 25.389800 11.757900 
910 1 11.353300 17.010300 10.044200 
1958 1 3.569090 23.667700 10.321600 
1520 2 7.873030 23.948800 9.529360 
1099 2 2.802170 14.273400 0.327549 
400 2 9.991030 26.101800 9.115030 
1363 2 1.598050 20.070000 7.472810 
184 2 12.564000 15.712600 7.185730 
727 2 11.723400 17.980900 11.556200 
1510 1 12.102600 24.555600 6.937680 
1665 1 12.675500 23.282800 10.513200 
1835 2 4.388440 21.369100 4.224040 
960 2 1.090380 23.807300 4.364730 
1775 2 9.092990 21.570300 0.358370 
569 1 9.205320 21.425700 12.537700 
1929 1 6.163790 21.467900 1.839010 
800 2 6.081040 24.980600 2.911920 
1018 1 3.736840 18.746600 3.913540 
133 1 8.632800 25.923700 0.571035 
74 1 5.254430 18.947400 1.226220 
54 1 1.065570 20.217500 3.728370 
1284 2 10.748600 19.789800 0.727998 
2 1 9.100850 22.114400 11.392600 
1408 2 9.018290 15.617600 0.096399 
1588 2 9.831900 14.913600 4.727310 
197 1 4.993190 21.351400 3.260650 
1526 1 1.116910 18.545300 4.687440 
1423 2 2.355140 23.743600 8.572680 
1030 1 7.501320 24.376500 10.027900 
545 1 0.743664 23.994800 5.155140 
474 1 2.516940 17.071100 0.440793 
46 1 12.238200 25.706400 11.104000 
889 1 11.777300 16.733800 0.359196 
25 1 10.048200 13.338000 2.424110 
902 1 10.162200 20.139000 8.039210 
1007 2 11.492400 18.525100 11.329200 
227 2 4.339030 13.633100 10.959500 
892 2 12.012000 17.025500 0.943447 
566 1 6.992000 13.518100 4.906480 
1033 1 2.861930 19.909900 11.533800 
894 1 12.746100 22.308500 0.410978 
621 1 2.463060 22.963700 9.709150 
663 2 10.936500 26.405100 10.773000 
1055 2 5.311910 17.571900 12.730300 
1150 1 8.311810 26.452200 11.267800 
1509 1 2.626420 26.298900 8.502810 
1008 2 10.217000 26.437000 3.944620 
258 1 1.377110 26.241700 8.093610 
1572 2 6.451350 23.873400 13.165800 
134 1 10.574400 14.349000 13.062000 
998 1 1.580160 24.515900 13.004100 
302 1 4.380550 21.090900 24.856100 
706 1 11.091000 15.775600 15.937600 
1550 1 7.550210 23.943200 13.833100 
546 1 9.802710 25.822800 14.945700 
253 1 12.564300 22.935900 25.247300 
518 1 10.375700 17.357700 20.247200 
1388 2 6.923570 16.297600 19.616700 
1763 2 9.797070 18.030100 19.303100 
22 1 9.205490 24.437100 25.291400 
135 2 6.674650 24.013300 13.701000 
18 1 10.323700 16.646500 22.557600 
1013 1 0.138424 23.066300 15.006800 
21 1 2.362550 14.715900 24.024000 
944 2 7.495030 26.406900 22.915900 
334 1 8.949970 14.833700 23.432800 
1609 1 0.461529 21.000400 14.250400 
1731 2 11.020700 15.130000 16.544800 
1282 1 2.507390 16.302000 15.158500 
614 1 9.482320 24.071600 13.518100 
696 2 10.817500 24.033100 22.716300 
860 2 4.716330 23.837100 24.054700 
1065 1 3.613410 24.426700 16.464900 
1041 1 8.434130 14.147000 19.417400 
1342 1 13.051000 22.081300 18.550500 
1137 1 7.951720 20.159800 24.691800 
722 1 7.374620 24.628300 23.233700 
863 2 2.975480 22.383900 14.157600 
1146 1 0.631700 16.352500 19.445500 
1347 2 6.917990 16.545900 19.151800 
1513 1 1.466360 22.358900 20.421900 
625 1 5.836670 20.739500 20.113700 
997 1 13.166600 15.501400 25.316000 
615 2 0.557663 24.359600 26.475800 
1198 1 8.274520 24.056300 16.800700 
180 2 1.590850 20.003300 21.870500 
619 2 9.794520 16.998400 25.988600 
298 1 6.982190 26.119500 17.768900 
401 1 5.829920 23.553100 22.180200 
1822 1 11.928000 15.509900 14.486100 
164 2 11.262900 19.940200 15.963900 
1176 2 2.421940 22.300900 19.625800 
734 1 3.062720 19.195900 21.035700 
748 2 9.235350 16.158200 26.501700 
1646 1 2.766270 25.574600 15.756600 
502 1 9.819000 22.568100 23.512200 
316 2 4.969830 14.494800 22.593600 
1698 1 11.280500 23.421500 22.350500 
1507 2 8.759830 26.123500 14.347900 
187 2 3.018900 18.025300 21.180700 
565 1 12.542500 21.413400 13.620700 
1608 2 11.571700 14.651600 13.848300 
355 2 11.972600 23.111900 22.151700 
1543 2 8.166990 20.378400 18.383000 
1403 2 12.622100 20.998300 14.325700 
1299 2 2.576900 22.268800 19.045600 
1329 1 10.722700 21.598000 20.500800 
957 1 5.874140 24.579700 17.470600 
624 2 10.110600 21.162100 23.544700 
912 2 0.701585 23.706400 17.837200 
371 2 6.617550 14.837500 25.100100 
1109 1 9.163830 23.732900 20.225200 
1372 2 8.664160 18.003600 14.815400 
1516 2 7.471130 20.971200 14.012900 
1666 1 12.429000 13.776700 19.950400 
732 2 4.684310 20.932600 19.841300 
1085 1 6.198530 24.166700 13.488600 
520 2 12.319700 15.551100 20.261400 
1785 1 7.682060 20.495200 14.130000 
1158 1 0.864251 19.328500 20.390900 
1090 1 8.927050 17.684200 19.460000 
1243 2 12.997700 23.754300 16.744300 
1620 2 9.559420 23.958700 13.748000 
1580 2 8.362540 13.800900 22.947600 
287 2 5.588360 17.774800 24.706700 
1414 1 13.084300 15.150600 18.999300 
1607 2 8.061640 20.151300 14.321500 
676 2 11.759800 23.194700 16.373900 
1938 1 3.627130 17.688900 26.274500 
1595 2 0.647715 18.245800 13.945700 
91 2 8.051760 16.174400 15.524800 
382 1 2.662090 14.901900 14.683300 
313 1 7.965380 20.683000 18.271500 
1870 1 10.522600 23.145000 13.879700 
1873 1 0.627536 15.827000 21.224300 
735 2 12.776600 17.165600 22.965700 
1472 2 2.217330 24.093100 23.230200 
924 2 13.015700 20.374100 13.634100 
1475 2 3.488950 19.689600 25.772200 
242 1 3.971560 17.771400 18.718700 
1993 1 6.314020 14.586200 23.136100 
223 2 7.831060 19.172000 24.639200 
1265 1 5.651800 14.435700 21.640500 
1149 1 8.039110 16.004700 14.176000 
903 2 5.860960 24.320800 17.777900 
812 2 2.800310 15.358900 18.527200 
833 1 4.042320 17.778700 13.622700 
899 2 10.526400 16.175100 22.295100 
771 2 11.002500 14.731200 13.355100 
1488 2 0.697556 18.480100 13.899400 
249 1 4.767320 18.528600 16.901100 
460 2 1.573260 25.948200 19.571000 
1023 2 9.583930 22.837800 23.526000 
815 2 7.997820 14.246600 19.566300 
99 2 5.265600 20.103600 20.308400 
1744 2 12.759100 24.285000 21.629200 
827 2 11.254900 13.506200 21.291200 
1322 1 5.348350 17.803600 24.773300 
1287 2 8.575860 23.450800 20.110400 
31 2 1.214180 20.971200 21.195500 
129 1 9.039430 15.464300 25.959600 
616 2 7.382220 20.002200 17.437100 
1288 2 7.503100 19.867900 24.222500 
1913 1 12.675100 19.474900 13.506800 
704 2 5.198230 24.184400 19.367700 
519 2 5.358150 24.161100 20.268700 
974 1 11.529800 20.490400 20.927700 
1966 1 11.075900 25.136100 24.788200 
1997 1 10.574900 20.621500 23.264600 
1108 2 3.829790 18.187700 18.919100 
1217 1 6.708490 19.134600 23.613300 
693 1 11.364900 25.794400 19.139400 
925 1 1.922560 25.325500 19.430900 
43 2 12.847600 15.253100 19.303800 
1160 2 8.599500 23.286000 16.749800 
361 1 6.861090 16.784500 15.928400 
442 1 0.518915 18.161200 13.633500 
1740 2 11.353800 21.251000 20.820800 
1842 1 4.771040 26.201000 22.059000 
68 2 1.251580 19.134500 18.072600 
1182 1 0.375833 23.704000 17.604700 
1834 1 7.489050 17.189300 21.996700 
360 2 7.073150 17.466500 23.661700 
1015 2 8.729670 23.318600 17.000900 
1449 1 6.232050 14.490000 25.043400 
1633 1 3.845150 20.179800 15.149300 
1764 2 10.807800 18.190700 24.116900 
283 2 1.770050 25.930600 19.699400 
331 2 12.469000 14.021200 24.225400 
1097 1 7.339760 16.640900 19.700500 
128 2 11.223900 25.705900 19.441500 
145 1 4.424280 23.758900 24.290700 
950 1 8.543490 18.993300 15.013900 
647 2 0.797990 16.505700 19.869500 
1546 1 3.211190 21.635500 15.274200 
475 2 2.690840 15.261700 14.928200 
1101 1 0.182323 14.771900 18.135900 
296 2 0.741108 15.944400 20.521400 
1425 1 1.513370 16.941200 13.780000 
684 2 8.773190 26.066900 15.065600 
872 2 3.536030 22.080700 14.824300 
481 1 3.357510 15.429200 18.403000 
1868 2 2.497530 15.949200 14.529900 
1751 2 1.600670 19.108100 18.288500 
849 1 12.524400 23.419100 16.568000 
317 1 3.157930 17.682800 21.433800 
127 2 10.627500 25.053600 24.860100 
123 2 10.692000 25.901200 19.574200 
796 2 6.721270 23.248200 22.272600 
588 2 9.620300 17.600700 19.608400 
320 2 3.920270 17.776600 25.274300 
1804 2 5.134490 26.547900 14.099900 
1730 1 12.367100 15.533500 20.310600 
601 1 13.169900 21.965500 23.888700 
1481 1 6.548590 15.816700 19.335100 
1121 1 2.700150 22.669500 19.486500 
1583 2 13.215100 21.502900 18.972000 
728 2 3.049900 25.701600 15.916800 
87 2 4.358840 19.424300 16.410200 
733 1 1.501030 19.189900 17.841900 
1736 2 4.071460 20.749200 24.520900 
956 2 7.540140 24.738800 26.175700 
232 2 6.892720 26.112800 17.918400 
1899 2 1.077540 24.165400 23.326600 
1529 1 2.143300 19.186400 23.077100 
149 1 5.709930 24.861100 19.577400 
856 2 3.462190 19.738200 14.125600 
1358 1 4.889980 23.736900 20.324500 
1814 1 8.042410 22.042100 19.263200 
255 2 6.246270 23.455700 23.051000 
674 1 2.326710 17.023600 20.531100 
11 2 8.970640 14.076600 23.237200 
952 2 0.074325 14.491400 18.015100 
330 1 3.256570 16.748600 23.462200 
169 1 13.171500 17.034700 16.141900 
503 2 9.954270 23.913100 13.839700 
1040 2 8.692440 22.242100 19.610400 
1205 1 11.608800 19.600800 15.576400 
472 2 1.558360 16.318000 23.984100 
532 2 9.906670 26.028400 25.447000 
1047 2 2.273630 19.038100 23.534700 
1540 2 12.091400 22.940700 26.414700 
1626 1 0.072226 25.850600 23.845000 
181 1 2.523330 21.216700 18.408100 
1300 2 4.444470 17.330100 16.405500 
870 1 2.071670 23.875800 24.196800 
729 1 1.258210 21.295400 22.049500 
1264 2 11.569600 14.657400 17.078900 
1 1 10.765700 14.091700 21.255100 
1192 2 0.402679 22.509900 14.538500 
1877 1 11.032100 14.404000 16.467200 
321 1 3.988080 21.385400 18.920800 
932 2 12.006600 16.960700 14.114200 
1379 2 5.098550 20.656500 24.138100 
1927 2 7.693250 17.426200 21.849500 
1267 2 2.221770 15.256100 23.489200 
175 2 4.749260 19.582600 15.986900 
913 1 4.642900 22.731400 14.335400 
1002 1 7.512130 22.603300 21.906500 
1111 2 2.978290 14.054900 18.093800 
936 2 3.158350 17.468900 21.487400 
1185 1 12.289300 13.476900 24.146100 
194 1 4.606470 15.560600 21.992100 
778 1 11.770100 24.372400 20.361600 
466 1 12.730800 25.391400 22.113900 
139 2 2.771310 25.253000 16.190400 
719 2 0.219381 14.292200 17.968600 
158 1 10.106800 18.758600 18.937800 
1573 1 11.907900 17.642100 23.083600 
1250 1 8.527860 22.916100 16.621900 
1578 1 3.449880 19.582800 25.179900 
1838 1 2.199090 14.549600 18.113700 
1606 1 9.607640 17.348900 26.316000 
789 1 5.194050 20.772600 23.863300 
835 2 11.129900 20.812100 20.752500 
1754 1 6.784600 20.126300 17.430100 
773 1 8.421830 18.182300 24.810500 
1630 1 10.736500 19.786500 16.372600 
623 2 5.577280 15.527300 21.731400 
897 1 8.291060 13.333800 22.521000 
1303 2 10.756100 19.812700 15.764700 
1417 1 6.370530 25.286400 26.347800 
791 2 7.708180 15.328900 13.354000 
1445 1 2.460660 22.105200 13.552700 
1820 2 5.058960 17.810400 13.438200 
202 1 10.307700 19.417300 26.443800 
1152 2 14.751900 12.296300 6.344520 
1456 2 21.205000 3.347750 9.798910 
1004 2 22.472400 4.267540 3.361550 
3 2 24.869800 4.985160 8.539030 
1395 2 23.037200 1.954100 6.976590 
425 1 15.758300 3.154640 8.391410 
561 1 19.058300 3.130870 11.948800 
455 2 14.134700 9.736450 3.303910 
1601 1 15.709600 6.744440 1.348710 
1200 2 21.622400 12.304500 11.340400 
1581 1 15.767100 7.009000 9.398440 
389 1 16.754300 4.686090 4.894270 
746 1 15.579400 3.157480 13.177800 
1211 2 14.832100 5.949350 1.618260 
1196 2 13.469200 -0.037008 9.705730 
1219 2 13.238600 3.147580 2.994070 
110 1 24.360200 11.145600 0.761955 
1585 1 24.317300 7.454620 7.004820 
578 1 17.218700 0.584087 11.326800 
1602 1 18.401100 9.505410 2.794470 
1717 1 16.144900 12.051700 12.819100 
756 2 25.267900 10.791200 13.068500 
1735 2 14.627100 5.522890 11.041500 
1715 2 21.065900 12.383100 0.589593 
592 2 14.762300 10.377600 11.471400 
1787 2 24.315600 9.395650 2.344160 
1362 1 23.068700 2.376930 6.635010 
1461 1 26.363800 10.910200 8.721630 
119 2 18.626500 11.740600 10.050900 
48 2 23.884700 9.016410 2.074380 
319 2 19.702400 0.207765 2.220380 
1769 1 18.431500 5.958910 4.190800 
432 2 17.137100 1.399520 9.858530 
962 1 19.677800 3.244030 4.920390 
1311 2 21.603800 3.107900 2.243020 
1845 1 14.225100 2.470410 11.759800 
877 1 20.922800 3.698720 9.468400 
1667 2 20.453400 9.840150 5.957190 
1275 2 20.754100 0.097939 8.665460 
522 1 22.837000 3.936350 3.417540 
809 1 14.587900 10.324000 11.617400 
635 2 25.200400 1.040360 12.982500 
638 1 16.558900 4.987950 1.002560 
1544 2 16.128200 5.093010 0.997458 
81 1 23.463200 11.137100 6.148750 
493 1 24.552900 1.752530 9.378750 
966 1 20.444300 6.713120 11.390900 
8 2 15.691400 2.535690 5.335110 
1642 1 14.147200 6.547220 3.407930 
1514 1 16.334000 8.156070 8.001940 
670 1 14.811900 1.438150 3.138180 
1708 2 17.339100 12.840700 1.142190 
1441 1 24.783300 1.056540 11.635100 
1469 1 20.462900 9.470840 1.598220 
832 2 17.927600 6.773270 9.188700 
1466 1 24.151700 6.769260 13.266700 
1075 2 19.052200 2.246070 7.404640 
1974 1 14.768200 6.261170 7.006680 
277 1 13.575600 0.569149 9.124730 
1554 1 17.045000 8.295010 0.929251 
983 2 17.770900 10.499400 7.510760 
711 2 20.708700 6.815010 7.782050 
752 2 25.166600 1.187460 9.140920 
73 1 19.588000 4.616890 8.396740 
1850 1 25.229400 12.367600 0.486591 
88 2 20.539800 12.581100 5.038890 
1484 2 25.804400 1.798950 0.958957 
620 2 18.685500 2.310830 7.541620 
1523 2 15.938600 1.142620 9.880920 
189 1 14.381300 12.453300 6.171380 
126 1 13.978300 5.566160 12.950700 
106 1 20.409200 2.659250 1.405100 
1274 1 18.732800 10.754500 4.685720 
1551 2 16.226800 1.044610 2.987350 
36 2 22.310500 6.630380 4.322700 
45 1 15.613500 8.258980 3.865000 
1316 2 16.103500 1.161250 2.708170 
1064 2 20.227700 3.639380 5.223360 
737 1 14.973000 5.289620 7.903550 
408 2 26.349400 7.617600 0.167758 
1555 2 24.342700 12.984600 10.521600 
369 1 22.165900 6.955550 0.721321 
57 1 23.978900 8.907860 2.304560 
1460 2 24.684400 5.113290 9.497170 
1032 2 19.377400 1.488190 3.383080 
1328 2 16.309900 9.403520 7.625740 
1191 2 18.806900 3.720240 11.590400 
499 2 23.883400 9.198450 8.253190 
1096 2 25.565900 12.590100 11.043500 
1144 2 24.521700 4.057500 5.642720 
906 1 26.420500 5.019530 5.269140 
1251 2 21.123200 3.653120 9.102820 
1933 1 24.903700 10.164500 12.955500 
963 2 20.404500 4.109040 5.507910 
901 1 19.691100 9.519910 12.297300 
216 2 15.843200 8.663000 3.364320 
780 2 17.583400 4.818700 4.442790 
1094 1 18.830200 1.762700 3.581500 
1213 1 26.445000 3.776500 2.365380 
260 2 22.070300 12.732900 7.689760 
410 1 25.165900 0.041939 8.850800 
165 1 22.193900 5.910720 2.679770 
1587 2 17.320200 7.548640 12.346500 
1402 1 21.312200 2.759510 2.824270 
1564 2 20.030800 9.460770 9.303040 
230 1 18.203300 3.070250 0.594936 
873 1 19.966300 12.191800 5.001540 
1473 1 20.802700 12.445800 0.996029 
1401 1 15.638400 10.089200 10.276300 
1635 2 20.441600 10.797000 10.917800 
1661 1 21.633100 0.643725 7.408740 
200 2 24.093400 7.785960 6.655020 
1557 1 26.021400 2.146940 0.771305 
935 2 22.113900 4.321900 11.937800 
1145 1 25.131400 6.448440 5.454580 
1866 1 15.367000 10.301000 5.908400 
148 2 14.173400 5.496820 10.813900 
1487 2 15.782900 3.214620 5.477230 
239 2 23.085300 1.296160 3.710340 
384 2 20.625100 6.177410 7.722430 
1965 1 21.920900 2.797000 8.805930 
1946 1 15.237500 11.583500 7.087630 
839 2 14.455500 5.637800 7.750710 
1335 2 14.326600 10.450300 11.085900 
580 2 18.393100 8.076920 11.779100 
303 2 16.980200 3.084400 1.093900 
1244 2 24.489800 0.925428 12.475500 
563 2 22.310600 5.789330 3.178150 
1723 2 25.478300 1.780850 1.300310 
869 1 16.337700 13.263600 0.189905 
60 2 13.946800 7.112600 3.892320 
1515 2 22.856500 11.730700 7.476490 
1370 1 21.139200 0.380659 1.932150 
1781 1 19.746600 5.002230 12.683800 
381 1 23.361000 2.037410 3.735620 
1592 2 24.299300 1.357360 3.249620 
606 1 13.819600 4.859160 10.383200 
386 1 25.601700 6.070760 9.605320 
982 1 25.186900 4.609710 8.425300 
799 2 18.378600 6.039090 4.218180 
1712 2 24.964200 12.075500 0.190905 
492 2 22.738000 2.296570 7.212990 
1405 1 20.307200 9.466900 9.227240 
1703 2 17.646800 12.728300 2.516780 
917 1 14.109300 12.921800 2.531800 
348 2 16.863500 8.095060 1.079200 
414 1 15.846900 2.859450 5.397700 
471 2 14.555800 12.014700 6.198300 
1950 1 17.261100 7.434590 11.881300 
1827 2 24.395100 11.978200 10.961600 
121 1 25.431600 0.677259 1.666580 
79 2 24.675600 6.134460 5.770700 
1809 1 22.287800 5.465470 4.311560 
980 2 24.026900 10.835600 6.343260 
130 1 24.381600 4.517970 5.428540 
1093 1 21.199100 6.515310 12.554100 
816 2 19.636500 0.268170 1.247410 
1406 1 23.654000 9.423280 7.770810 
972 2 23.179300 8.302400 9.489060 
660 2 17.760200 4.483640 12.179600 
1393 1 25.938600 2.302200 1.992620 
1294 1 16.365900 0.692851 2.976400 
218 1 22.298200 12.783300 7.886450 
13 1 23.754700 5.871360 12.058800 
987 2 18.822600 0.815895 12.397500 
881 1 20.764600 9.766280 6.367340 
900 2 19.963100 3.296640 12.713100 
808 2 18.282800 6.637920 5.782970 
795 2 20.704600 6.412280 12.387800 
650 1 22.160200 4.424520 11.527900 
478 1 15.889600 9.319480 2.575680 
831 2 17.152200 8.339570 1.170010 
137 1 25.354900 12.577000 10.897900 
1012 2 18.162600 11.410200 4.630320 
1568 2 13.925000 9.902860 2.547030 
1066 1 18.123000 12.848500 3.787650 
1505 1 13.794500 6.948180 9.225010 
288 2 20.886900 6.632890 12.293900 
246 1 16.594500 1.449720 2.081790 
1451 2 15.336800 7.982070 5.101760 
1973 1 18.235900 13.100100 7.625600 
508 2 21.276600 9.511460 5.295590 
1771 2 24.913800 1.331740 9.034920 
1757 1 23.201600 11.296100 11.008900 
1278 1 18.289700 7.010440 9.591200 
1234 1 22.645300 7.091770 4.284380 
1704 2 19.563600 9.911480 1.707280 
666 1 23.283000 8.147290 9.562670 
866 1 21.116300 6.836520 7.855440 
1083 2 24.177400 7.045130 12.498100 
1864 2 14.917400 5.866350 7.467310 
1003 2 22.372100 6.092170 3.441940 
1722 1 18.304000 2.122210 9.097120 
1369 1 16.476500 1.227370 9.378130 
787 2 17.944300 4.804290 8.253440 
1821 1 19.056900 2.293730 7.137490 
27 2 22.909700 12.773700 4.714120 
1925 1 21.258300 9.304880 4.274960 
1286 1 13.610300 3.540690 2.344660 
964 2 23.552700 5.519450 12.602200 
265 1 22.951200 11.407600 7.607730 
1807 2 23.250400 9.048620 5.177320 
220 2 16.176000 3.322510 8.510320 
581 1 21.660000 13.017400 11.836300 
65 1 20.686000 3.536090 12.832700 
62 1 17.951800 12.648300 1.699080 
1577 1 20.749100 5.922330 7.179850 
1071 2 26.313100 3.501430 3.062280 
844 2 15.161200 3.024300 12.311700 
1987 2 16.241600 7.718510 9.100150 
642 1 13.665900 9.647860 2.921740 
1080 2 15.321300 9.361530 6.478190 
1998 1 19.336600 11.505800 10.820900 
359 2 19.903800 9.522480 2.297610 
682 1 20.513700 4.392150 5.646010 
646 1 17.544600 4.287730 11.565100 
49 1 13.401600 1.800080 5.489600 
1151 2 19.410000 12.925200 4.851410 
1029 1 14.247800 8.265470 5.085620 
1229 1 17.934400 6.579850 5.817210 
705 1 17.319700 3.440150 7.664450 
294 1 18.034800 10.657100 7.270330 
173 1 23.417400 8.382400 5.268050 
204 2 18.257200 2.905820 0.990665 
160 2 17.096500 11.734600 13.034300 
689 1 22.263200 0.188371 0.222801 
931 2 14.732400 3.310960 12.882600 
299 2 16.360000 11.872600 13.235300 
436 2 18.697700 0.628407 13.133500 
618 1 23.467200 13.056400 21.230800 
886 1 24.262500 0.432743 19.649500 
1888 2 14.918300 9.059350 14.344700 
368 2 23.256800 4.947220 16.831100 
1019 2 15.778900 8.197270 13.899000 
152 2 19.235000 12.978300 23.297100 
1991 2 24.505500 8.479780 17.361500 
1897 1 13.936800 8.052930 25.213500 
1656 2 26.102900 1.143680 16.333500 
958 1 18.180000 1.068410 23.781900 
1357 1 16.091100 11.270500 14.789500 
846 1 20.328100 8.099110 25.831400 
431 2 17.607400 9.975490 24.651000 
473 1 14.633400 0.765292 18.876300 
112 2 15.993700 0.457032 25.470100 
1133 1 25.788200 11.316000 21.659300 
1934 1 22.956600 11.097000 15.705200 
166 1 21.368300 2.083510 14.538500 
264 2 17.330800 10.466100 16.295100 
500 2 17.528000 0.092135 21.076900 
1471 2 25.753200 3.363450 24.594100 
465 1 18.121000 9.717140 22.301500 
690 1 13.982000 1.194700 20.685400 
1053 1 24.476400 1.954720 20.670700 
1795 2 18.628700 1.223860 24.114300 
1009 1 15.446700 8.406350 15.331200 
1134 1 20.892000 8.324070 22.371000 
188 2 22.617200 6.713220 14.919400 
1629 1 24.626800 9.629060 17.418800 
437 1 22.575600 3.560940 20.129100 
1136 2 18.721400 5.297430 15.094300 
1816 2 25.479500 3.452690 24.731400 
329 1 23.126200 8.299190 20.260200 
875 2 16.459300 3.694660 15.216000 
736 2 20.281100 10.179000 14.981000 
842 1 20.775700 9.199300 15.630000 
1669 1 13.972000 6.691390 14.682400 
289 1 26.104400 6.623490 26.527600 
356 2 16.104800 7.564830 17.904500 
757 1 15.738300 2.144130 23.910000 
1411 2 19.458700 0.199627 16.671200 
1793 1 13.573100 9.339510 17.596100 
1054 1 14.696000 8.835690 26.464800 
108 2 17.462800 6.993440 20.799200 
1969 1 20.180800 2.506660 19.116500 
1942 1 16.912400 2.728700 24.402400 
1321 1 17.578800 2.408900 17.452500 
221 1 26.245100 10.150600 15.079000 
512 2 25.561000 12.340200 17.338700 
1945 1 17.020000 4.540790 14.808500 
1561 1 18.965100 4.417110 25.279100 
1480 2 17.262700 2.175550 17.270400 
829 1 19.241200 5.067610 15.163800 
1319 2 15.481200 2.131900 24.130300 
150 1 18.435600 1.845270 20.869300 
543 2 13.628000 7.873170 21.432600 
1922 1 20.290300 7.627410 18.066800 
244 2 14.560200 6.342840 20.925000 
1212 2 16.277500 4.431070 20.290900 
444 2 25.224300 3.237660 19.000100 
309 1 25.095200 3.152660 14.230800 
1937 1 18.228600 13.022700 22.718300 
1770 1 13.371200 4.335260 17.303400 
673 1 24.512200 8.704510 16.551900 
1246 1 24.793400 8.806900 23.202200 
1457 1 23.169700 2.134250 15.635900 
183 2 15.662000 11.226100 19.584400 
552 2 14.002600 4.138410 17.390200 
1057 1 18.849200 10.347400 25.499800 
1187 2 25.632200 12.588200 16.468900 
1694 1 22.746800 5.138660 15.974900 
1415 2 19.611200 10.232700 13.764700 
1157 1 15.399300 10.260500 22.767700 
1351 2 21.597500 6.352810 25.968200 
1424 2 21.068700 2.534730 18.987700 
222 1 15.209000 7.805930 24.057600 
412 2 20.239900 7.729170 17.881400 
170 1 19.089300 4.626770 18.017800 
1963 2 25.674600 8.434060 20.096300 
328 2 20.688800 8.394020 22.297300 
1528 2 16.053600 4.210490 14.419100 
61 1 25.189600 3.342120 24.690400 
1779 2 16.998700 10.925400 16.641700 
685 1 26.163500 3.483040 21.675800 
190 1 18.829700 5.280790 22.982900 
1800 2 23.724200 6.470010 23.824300 
489 1 16.292200 10.628800 18.899300 
1992 2 21.151200 3.037250 22.926600 
922 1 17.678800 7.666820 17.356400 
671 2 26.339400 9.057660 23.552300 
1690 1 18.516400 5.284890 16.705700 
1599 2 23.092100 6.316960 17.254800 
1591 2 25.327500 13.012200 20.819500 
1846 1 22.712200 6.144500 17.403800 
591 2 24.110000 1.541440 20.464700 
104 2 22.958400 2.860250 25.779100 
1772 2 14.685400 7.321590 24.105100 
115 2 19.377200 3.579680 25.510100 
147 2 14.963500 6.062120 14.990100 
1103 2 18.449600 5.200360 23.005200 
462 1 22.882000 3.522210 25.131200 
1397 1 25.373500 0.773407 14.170900 
2000 2 15.708900 10.218700 23.468700 
1277 1 18.306300 11.143600 16.442800 
797 1 22.388000 9.865490 20.854700 
1045 1 15.989000 7.632520 17.473700 
1624 2 24.470100 8.674070 17.292800 
1168 2 22.944100 10.688500 25.507700 
1954 1 22.477100 6.966190 15.337400 
643 2 17.170400 7.932240 20.790900 
458 1 23.506300 10.372400 24.340000 
1841 1 23.542200 5.499940 19.754800 
551 2 23.287900 10.810700 15.208600 
1574 1 24.447400 0.331171 24.261500 
364 2 23.540100 5.475700 20.300700 
887 2 22.328500 2.798170 25.489200 
1533 1 15.002100 5.777890 24.070300 
12 2 18.788500 10.508700 25.276200 
306 1 15.258000 10.378700 23.722700 
688 2 26.489000 1.769630 22.101300 
1678 1 15.777200 12.452500 19.704700 
1376 2 23.223200 10.852100 15.860800 
1222 1 14.168800 8.241590 20.034200 
938 1 22.272900 10.691100 19.277100 
1489 1 22.613600 11.306400 25.481000 
1702 1 17.664800 12.137400 26.034000 
494 1 22.377200 0.496073 22.060900 
691 2 23.185800 6.917700 23.904300 
717 1 18.953800 0.590484 16.789400 
35 2 15.341800 6.513680 24.269300 
70 1 24.243000 12.492100 14.753500 
1297 1 17.286100 8.795640 20.197300 
947 2 26.047700 3.843310 14.061900 
1081 1 15.115000 4.701120 14.424900 
1739 2 19.087500 9.397010 18.999400 
908 2 15.940200 12.586400 25.796000 
1077 1 21.696400 12.530500 23.350800 
514 1 22.511800 5.690130 21.182500 
429 1 14.249900 0.455931 24.299200 
311 2 23.660000 2.016530 15.801700 
241 1 14.141100 4.976040 18.327200 
830 1 25.988600 7.725890 18.920700 
1767 2 14.496600 8.627310 25.941500 
1354 1 15.171600 1.974510 20.890000 
1923 2 18.147700 2.810320 21.448000 
655 2 13.411800 11.830000 14.022400 
651 2 14.084200 8.612690 16.093900 
702 1 25.598800 12.035800 25.206200 
574 1 25.853900 7.924970 20.445700 
1204 2 13.591200 6.725950 14.323300 
1863 2 22.627600 9.498640 20.310600 
893 1 21.922400 2.841880 23.348400 
1503 2 13.504400 9.607510 19.156900 
1663 2 13.441900 1.390950 17.984000 
1908 2 18.388600 5.894850 23.423200 
96 2 19.701800 4.185470 25.914900 
904 2 15.390900 12.741900 22.584100 
1552 2 23.032300 8.586830 19.845900 
1399 2 22.748600 5.619860 20.810400 
611 2 15.458600 10.092900 23.613300 
1749 1 16.752700 0.012816 20.953300 
1132 2 18.099300 9.725770 22.218700 
859 2 21.237500 2.898300 22.110200 
559 2 25.645700 11.884100 26.449200 
1432 2 25.969500 8.434820 19.555000 
1443 2 22.201600 12.634900 22.694100 
351 2 16.560000 4.975990 20.624100 
654 1 15.769300 2.877660 17.942700 
1266 1 20.122700 1.422440 16.185700 
739 2 22.811200 10.779200 24.762300 
1724 2 19.726400 1.195310 16.155000 
1895 2 18.923300 10.258000 21.893300 
480 2 23.586600 0.924765 19.731800 
407 2 22.737000 5.396850 15.059800 
1208 2 25.748400 3.468630 14.592800 
587 2 18.702200 5.589250 14.863400 
1170 1 23.468400 5.871020 24.086200 
539 2 26.469400 6.395240 16.357200 
192 2 15.661200 11.275000 19.758000 
1662 1 15.572000 8.411340 13.327600 
1553 1 22.787100 5.375000 14.277100 
1909 1 19.335100 10.315400 21.141900 
1819 2 20.527100 3.043730 18.634700 
984 2 22.630000 1.639160 14.866200 
1223 2 13.852200 5.101860 17.917400 
1645 1 14.644700 6.494290 20.959000 
714 1 17.730200 7.209240 21.419700 
1245 1 23.894600 7.802500 17.947200 
841 1 16.224700 4.398390 19.949400 
357 1 19.438400 9.250980 19.424600 
692 2 18.908400 4.735310 17.848400 
523 2 14.479200 1.641170 20.559300 
1180 2 18.861600 9.613270 19.876000 
1247 2 20.150700 8.105070 22.497200 
1519 2 20.694300 2.935850 14.191800 
890 1 25.536400 12.259100 17.166500 
1119 2 26.450800 5.338410 21.905300 
1276 2 14.491200 3.962590 23.444500 
567 2 21.142500 8.879230 16.130300 
1693 1 16.008200 3.076340 15.516000 
810 1 20.811200 2.808650 22.036600 
1832 2 14.997500 1.970860 20.105800 
1236 2 22.277700 10.823500 19.407400 
517 1 13.364400 1.066600 17.345600 
661 1 17.477300 4.123120 21.693000 
282 1 19.860200 11.007900 14.317400 
637 1 25.924900 6.244380 16.081700 
452 2 22.104300 6.496270 26.589400 
433 1 16.847000 9.960380 24.211300 
1355 2 17.156300 7.567290 17.229300 
584 2 25.495800 11.800800 21.186200 
948 2 26.428300 6.672710 16.108300 
971 2 18.728300 5.245060 17.497700 
37 1 23.035500 9.830540 14.701800 
527 2 16.212500 2.271860 17.875200 
445 1 23.171900 7.172040 23.728700 
117 1 17.194400 6.658640 20.537900 
423 2 25.852300 9.890410 14.913100 
1689 1 19.207600 8.187250 22.469100 
790 1 18.549300 5.913060 14.690600 
1584 2 13.914000 0.334929 17.746500 
553 1 14.554600 4.193410 22.727000 
392 2 24.575800 9.304520 22.841700 
1525 1 19.179400 0.738748 13.468500 
266 1 21.591200 6.014120 25.583700 
1123 2 19.649500 7.811770 25.861100 
1605 1 13.848200 10.431600 19.847700 
1653 1 26.287000 1.255930 16.794800 
1857 1 13.560300 12.408500 14.247900 
38 1 17.145300 10.380200 16.558800 
973 1 16.178200 0.881568 25.817100 
177 1 20.296400 4.287160 26.131200 
1840 2 16.790100 2.797680 24.093500 
124 2 19.140800 1.209040 24.739600 
461 1 19.358600 1.543300 24.609100 
297 1 25.416700 3.176140 18.766400 
1270 1 22.995000 1.155170 18.363700 
1882 1 15.459700 12.480000 21.994600 
1867 2 23.578200 0.196021 18.854500 
103 2 25.978200 3.546760 19.411300 
1939 2 16.790900 12.935500 26.279700 
498 1 16.065200 12.284400 25.253200 
914 1 26.472500 3.952050 13.965100 
1980 2 13.333400 9.669570 19.613700 
273 1 17.096200 11.418700 13.319800 
1738 1 22.522700 2.667490 26.207800 
698 1 18.196500 20.083100 12.345000 
1377 1 20.375000 19.395600 8.984860 
1110 1 14.945800 18.592800 10.695600 
695 2 19.292400 18.634700 0.169810 
1327 2 16.399300 14.561800 4.531640 
1239 2 24.471000 25.190700 10.146300 
237 1 19.968900 22.595100 1.539520 
1518 1 19.466500 24.256000 3.583380 
1932 2 19.856800 22.391300 1.128880 
438 1 15.799000 18.825500 9.464830 
884 2 16.896800 20.511200 8.109990 
1782 1 13.810200 26.082900 6.126490 
1652 2 20.355800 19.541800 8.797640 
1886 1 21.181500 17.342900 3.293820 
51 2 26.356800 21.957700 9.594300 
1762 1 13.394300 16.695000 10.330100 
405 1 13.668200 16.440400 3.781860 
191 2 16.488100 20.327500 9.055950 
1024 2 15.551500 19.962600 4.262730 
1059 2 25.834800 13.876800 1.706970 
468 2 25.679400 22.052700 1.309130 
1639 2 13.584800 19.511200 1.110150 
1705 1 16.793400 16.693200 6.734120 
383 2 16.167900 24.134200 2.399420 
745 1 21.020300 19.504100 7.121490 
1285 1 15.679700 16.640700 7.133270 
882 1 17.635100 20.437800 4.129630 
1732 2 15.469700 13.917500 10.191000 
1589 1 24.251100 21.421700 12.260300 
107 2 18.195100 26.437900 13.003000 
923 2 23.747200 15.237400 0.372330 
1502 1 14.656600 22.761800 4.159170 
272 2 15.427700 21.260500 1.596500 
447 2 24.888900 17.586500 4.026580 
1028 2 18.193600 17.291700 9.513410 
1220 2 13.560300 13.580700 1.294600 
1010 1 17.072000 23.239100 0.052036 
354 1 17.175400 20.158800 7.943890 
1419 2 25.006900 16.131100 6.606970 
1671 2 21.348200 23.573500 9.302920 
1183 2 25.001000 21.423800 11.889700 
1803 2 18.978700 15.026400 8.294690 
511 2 15.481200 26.254200 5.734250 
1875 2 20.437300 21.548700 6.621900 
537 1 18.057700 24.509400 1.215470 
1538 1 20.282500 19.561400 11.925700 
945 1 15.372100 20.015000 3.391000 
418 1 17.495400 17.543600 4.069740 
1796 2 16.516400 23.621700 8.659190 
1474 1 20.442100 15.911500 5.739120 
605 1 22.855200 13.432700 5.054030 
343 2 26.187800 22.016500 1.933350 
1179 2 16.724900 23.989100 8.294440 
1527 2 19.271800 15.959000 5.158950 
1672 2 18.272300 22.656100 6.634040 
1228 2 16.369600 15.985800 1.339800 
544 2 19.700500 14.682800 3.398250 
1367 2 18.844900 19.859800 7.061770 
1566 1 14.997800 23.963400 8.746900 
1713 1 24.923200 24.880400 6.808140 
1750 1 21.636300 16.505800 7.127530 
1127 2 22.237700 24.347000 2.866720 
1943 2 19.198200 19.478500 12.046500 
394 1 26.283900 13.763600 6.907830 
435 2 21.636800 24.404900 6.243110 
1197 1 18.672800 18.006800 0.380157 
1214 1 16.234600 17.275100 0.973144 
855 2 16.428400 16.633600 6.847300 
678 1 23.113800 23.682600 2.559870 
1348 2 24.410300 21.887900 4.181780 
284 2 25.586400 24.994700 1.496210 
496 2 16.186400 25.924600 5.943070 
157 1 19.925300 21.495900 6.811040 
1435 2 19.301900 23.942800 3.692490 
20 2 24.762100 21.623700 12.309700 
969 1 22.133600 22.892800 12.439300 
1865 1 21.891300 23.054100 6.235410 
762 1 24.942300 21.423100 5.566570 
1621 1 17.658600 15.024000 10.589800 
1952 2 16.068600 14.342800 4.754360 
1688 2 17.839000 14.625600 10.733500 
724 2 26.357200 13.625000 4.406740 
656 2 14.133700 16.090400 3.632240 
1784 2 21.316300 16.878900 7.141420 
1221 1 20.944000 26.471900 12.632100 
1482 1 18.608900 25.298700 5.604660 
1207 2 13.996500 13.754400 10.430700 
1670 1 24.002800 23.272200 0.607501 
751 2 21.713000 16.662800 10.943700 
1839 2 19.976300 17.234900 9.191480 
699 2 18.668500 21.750900 0.652550 
1416 2 24.502100 15.599500 1.087970 
1016 2 15.259100 19.451100 10.423800 
607 2 23.939300 20.782100 3.217620 
1990 1 24.528400 18.098400 2.379040 
1632 2 18.182200 19.773900 12.397200 
850 1 14.116800 23.926100 1.047030 
680 2 26.312500 18.194100 0.397267 
1326 1 24.042800 18.347200 7.754950 
1801 1 15.216300 13.372000 10.301800 
1060 2 26.186100 21.067300 7.846770 
1833 1 19.026200 15.538900 8.857360 
333 1 15.109900 23.439300 12.495000 
1459 2 18.409600 25.664600 9.763410 
1776 2 14.110100 23.853700 1.007580 
1188 2 19.716000 23.892400 3.803420 
1649 1 19.120600 20.273700 5.589550 
753 1 18.203500 22.333200 6.608390 
380 2 24.026100 16.237800 12.245900 
312 2 15.874600 16.715700 6.993240 
1506 1 26.412600 18.832800 10.611500 
1115 2 17.740200 22.127300 12.960000 
1309 1 17.052000 19.622100 10.306600 
256 2 21.027300 23.395400 9.768580 
1025 1 13.956400 13.980900 1.067140 
828 2 20.168300 19.855700 6.046680 
1890 1 21.414000 16.722400 10.995800 
1745 1 14.994200 21.722500 5.497300 
67 2 23.751800 22.755800 8.213490 
1330 1 13.500800 19.481600 1.720060 
1721 1 24.858900 15.792400 6.697160 
1186 1 15.924500 15.690000 9.948100 
1883 2 15.683000 20.428500 2.064100 
943 2 15.161600 18.833300 10.770300 
1281 1 16.325400 14.099000 5.079960 
495 2 21.485500 16.384400 6.714270 
1058 1 19.888300 23.447000 13.097900 
69 1 17.675400 21.332300 1.177280 
1175 2 18.321200 15.405600 0.592182 
15 2 25.051700 15.523200 8.725960 
885 1 21.922600 24.585200 3.028660 
1304 2 17.272200 17.386500 3.935500 
814 1 20.365700 26.240900 9.200310 
1361 1 18.443300 24.775400 10.043200 
645 1 25.552700 15.228000 8.442270 
122 1 16.585600 22.984300 9.013800 
208 2 17.055100 22.949000 11.559300 
1195 2 18.998100 20.436800 4.159400 
1855 2 26.558800 13.413200 5.615990 
740 2 17.121200 23.653600 0.744500 
1968 2 22.515100 14.885500 9.415500 
639 2 24.492700 21.589700 5.269280 
1802 1 21.761700 23.943700 9.419830 
1542 1 14.735100 20.620100 0.917081 
1643 2 14.929500 22.119000 5.180060 
279 2 21.824900 13.428700 11.791500 
1500 2 19.296400 16.199800 5.864560 
568 2 25.449300 14.758900 7.077740 
653 1 25.003200 22.615100 3.328420 
1878 1 23.139300 18.722200 6.937980 
1586 1 25.198100 17.134400 3.752490 
470 1 15.813200 20.810300 1.883740 
1579 2 16.040700 15.556200 10.396600 
556 2 21.406400 23.921400 6.436060 
1999 2 15.295000 23.587900 12.054900 
1382 1 25.735200 15.156000 1.543030 
1038 1 16.550400 26.106000 5.046070 
100 2 25.765700 17.991700 2.825630 
193 1 13.361100 24.852200 10.213200 
1920 2 18.575000 20.457800 3.373040 
1337 1 16.249000 26.137800 6.384280 
28 2 20.689100 16.832200 3.182520 
1141 1 18.644900 16.579800 4.925210 
609 1 22.700700 15.290200 4.349760 
978 1 16.943400 25.238400 2.642670 
1320 2 14.435400 23.664800 9.920350 
988 2 23.210100 21.572300 9.620850 
1547 2 23.317500 19.554300 11.381300 
721 1 24.083000 21.768400 10.144700 
1072 2 23.574300 18.916500 7.155240 
1454 1 22.919500 19.220300 10.978600 
805 1 21.863900 18.879400 3.964750 
443 2 16.262500 20.573500 5.205360 
586 1 19.920700 23.600600 4.266180 
1088 2 17.274200 25.244800 2.912770 
1037 1 16.037500 19.961600 5.239900 
585 1 25.714600 24.777500 2.151540 
1565 1 16.889600 16.103600 3.078460 
1314 1 19.600300 13.672800 5.428060 
1350 1 21.349500 22.586700 8.553280 
681 1 21.245700 24.837900 7.077820 
825 1 24.606300 21.020200 3.374860 
1733 1 22.966900 15.690400 10.861600 
1202 1 19.552800 21.669700 9.437830 
1308 2 24.077400 24.460100 7.155330 
254 1 21.340800 13.999000 0.568521 
337 1 14.965600 20.264800 10.575700 
590 1 17.878500 14.898400 1.134890 
659 2 19.732300 21.301700 9.035000 
526 1 17.234200 24.368300 7.926500 
531 2 25.827400 24.944200 1.993570 
1636 2 18.437400 25.570000 9.487980 
594 1 18.049500 15.782600 12.785600 
1571 2 23.813200 19.145900 7.404570 
1928 2 22.784900 23.959400 3.022720 
396 2 22.194300 19.258400 3.748090 
409 1 20.571700 16.216100 2.823950 
941 1 22.394200 14.708400 9.171800 
1634 1 25.177000 21.845900 12.019400 
817 1 21.941000 25.290700 5.567290 
1847 2 14.175800 17.093600 3.848260 
838 1 16.008500 14.972600 11.482700 
630 1 19.266100 17.908500 8.246030 
219 2 17.524700 17.256700 3.734340 
1374 1 15.558500 15.090800 4.179110 
622 1 14.603000 21.614900 9.194540 
1625 1 18.203400 26.353500 12.578200 
1921 1 18.784200 26.262600 9.588270 
146 1 24.633500 22.844900 6.997280 
1951 2 18.802200 25.678900 6.631200 
515 2 13.325700 24.342400 10.052700 
1982 1 19.242000 17.293400 10.476800 
1255 2 18.075300 15.414400 12.285900 
281 1 24.391600 25.322400 10.150100 
820 2 14.858000 23.207300 4.996450 
1549 1 19.044200 20.476700 3.560620 
1225 1 25.973000 20.680800 7.417230 
1576 2 20.388400 19.052100 11.875300 
712 2 22.091900 26.141100 5.264230 
513 1 21.014800 14.484900 8.807550 
1494 1 17.651700 14.680100 6.638800 
1758 1 19.947700 14.776300 3.794910 
1826 1 25.135500 25.886900 5.533720 
391 2 14.446600 21.759600 9.274210 
379 2 22.674700 15.289300 4.080930 
1390 1 19.812100 19.002700 0.504542 
243 2 14.199800 13.460700 2.457180 
1766 1 23.892900 15.407000 0.600548 
1902 1 25.891700 17.684600 11.268800 
397 1 14.509600 23.324100 10.333200 
448 2 18.597100 25.768400 6.375810 
921 1 17.073400 22.919600 12.257800 
749 1 18.756500 25.954400 6.963910 
1159 2 20.752800 17.590300 2.358760 
959 2 26.331200 14.835600 13.272800 
1641 1 26.144400 15.827800 9.792710 
1919 2 22.224200 14.849600 8.949730 
1181 1 23.985100 13.632400 10.668900 
1056 2 25.395800 25.757200 5.657910 
336 2 21.482000 13.562600 1.000980 
1051 2 25.139900 25.101500 6.351260 
1153 1 23.811600 25.301600 0.549498 
1910 1 25.745100 14.606000 4.371280 
1650 1 21.352100 25.979700 11.689700 
1631 2 13.549000 25.848000 3.055950 
252 2 18.279800 13.366400 7.321130 
811 2 22.028100 23.155800 12.475400 
365 1 19.625500 26.539800 1.300160 
577 1 26.320200 15.270500 12.950500 
441 1 22.924100 26.242400 4.842820 
779 2 21.479300 26.507800 11.693200 
1420 2 20.939100 26.563000 12.035400 
1485 1 26.248700 18.221800 0.671528 
723 2 25.998600 17.795100 10.837500 
196 2 13.502800 16.051800 10.181200 
1301 1 13.552800 16.737200 7.897870 
1107 2 25.074700 17.392800 0.215728 
434 1 25.821000 22.051000 0.706906 
765 1 19.402700 24.182200 23.554900 
1707 2 16.348100 17.755300 24.691200 
463 2 22.487600 26.330000 26.460600 
1396 2 20.314600 15.655900 19.426700 
774 1 22.600800 25.289500 16.032800 
1259 2 23.819300 16.633700 15.207900 
94 1 22.087800 20.023700 22.596700 
1371 2 17.810700 16.538700 18.213000 
1273 1 23.467000 18.450800 23.920800 
852 2 23.797700 22.760700 25.741600 
113 1 19.981600 24.626600 20.828200 
203 2 20.141700 21.882200 18.832800 
1306 1 13.821900 23.465200 22.083500 
1169 1 23.268200 24.543600 14.325600 
1291 2 25.474500 18.311600 22.925900 
1716 2 19.528400 14.248200 13.402600 
1497 1 17.546800 18.499600 19.280800 
1124 2 17.301700 25.875600 14.706500 
399 2 18.878300 13.899400 23.585200 
1464 2 15.264300 13.607200 14.228300 
1852 2 22.683700 19.473900 19.272300 
1334 1 17.906500 18.449200 16.525600 
101 1 20.526500 19.290700 16.627100 
1575 2 22.779300 19.123500 25.178000 
1006 1 19.536900 22.987700 20.379900 
168 2 14.657300 16.407200 20.174700 
1467 2 16.321500 23.752900 24.651600 
1949 1 21.045300 15.877700 15.188400 
679 2 18.459200 17.002500 21.937200 
1143 2 17.203100 16.640000 15.650900 
1559 2 20.331100 21.864900 24.470500 
1216 2 13.599100 21.884700 24.473800 
707 2 25.136400 22.855400 23.169300 
1861 1 22.291700 19.320600 25.165200 
939 2 16.028300 18.574400 24.860700 
965 1 19.236000 13.478700 20.194400 
766 1 21.300300 17.365900 15.535800 
535 2 13.559500 25.413400 14.061400 
390 1 13.508000 18.430500 17.584400 
524 2 22.268300 22.067900 13.641100 
66 1 23.724200 20.176100 13.603900 
1558 1 20.059000 24.829500 23.914900 
267 2 21.233900 16.295600 14.956900 
393 1 19.782800 23.618700 15.855200 
1305 1 21.657800 22.501200 17.026000 
153 1 15.510200 24.237300 16.914700 
1824 2 19.718200 19.021100 26.255700 
1936 2 16.207700 18.842000 26.175900 
768 2 22.704800 19.232100 24.957300 
1491 2 13.525600 25.048100 20.897200 
1858 1 26.439100 20.355200 24.683700 
213 1 16.292800 19.796900 15.475700 
1517 1 14.195000 18.400500 16.017000 
450 1 24.853700 24.622900 14.484400 
1465 1 24.971400 22.485000 23.507700 
509 1 18.957500 13.670100 13.863200 
1325 1 15.095600 14.051600 17.101100 
1597 1 18.171000 24.940500 25.777200 
665 1 13.298000 21.042800 19.836000 
1874 1 17.473500 20.437600 14.746800 
1468 2 16.646100 16.514700 24.473400 
1792 2 17.696200 16.041600 15.488700 
1532 2 18.431600 16.891400 21.567000 
228 2 23.084600 26.058300 26.110000 
72 2 21.636900 16.571600 22.047000 
307 2 19.856800 20.306000 21.740200 
238 1 13.873900 17.197900 13.457600 
819 2 14.867800 16.314800 20.124800 
422 1 17.475700 21.779200 21.940300 
179 2 16.710300 19.939200 15.248700 
750 1 17.223000 16.195100 15.322200 
1074 1 14.563600 18.771100 19.717300 
985 1 24.000600 24.317200 20.179000 
1437 1 22.636300 14.863500 17.899100 
1862 1 21.135500 26.183200 19.633600 
233 1 13.692100 25.035500 15.005500 
818 1 22.844100 20.162200 20.180000 
488 2 19.050600 18.852400 17.940000 
1365 1 19.470800 21.269500 18.921300 
1560 2 23.920800 15.393400 15.500200 
1903 2 16.628700 23.558800 21.657800 
1962 1 20.276800 19.399200 21.817400 
1675 2 16.251500 24.142500 17.422200 
813 1 13.905700 17.752700 23.616000 
1512 2 16.122900 19.688300 14.933100 
454 1 18.017800 15.493400 17.632300 
694 1 25.304600 18.944600 23.123800 
424 2 20.601100 21.668200 24.011700 
1995 2 19.800100 13.963500 17.618700 
861 1 18.686000 19.317800 26.102100 
1117 1 19.933200 13.541800 24.314300 
608 2 19.534500 15.894200 26.282400 
1521 1 24.769400 19.374300 18.062600 
994 1 25.142500 23.101100 22.525800 
1290 1 13.576800 14.989900 23.016900 
1442 1 16.123200 23.690100 18.850900 
419 2 26.412900 26.487300 15.829300 
1062 1 13.826300 23.010300 15.691000 
1433 1 25.882500 17.859000 15.782800 
345 1 17.250000 25.798600 14.611300 
1596 2 24.273300 19.831200 18.584400 
374 1 17.495800 22.483300 17.898600 
1916 2 23.790200 16.239300 18.463400 
77 1 23.891500 16.673500 18.298900 
1412 2 22.128400 22.671900 17.193200 
23 2 24.091700 14.903800 22.629800 
1685 1 20.383200 16.690000 25.640000 
1272 2 13.502400 18.626100 21.080900 
1696 2 13.940000 15.351400 22.794600 
78 1 16.870300 25.622600 17.707500 
937 1 22.787400 19.058000 18.704300 
907 2 17.464000 26.190800 21.369000 
867 2 19.837500 23.868800 21.074700 
1648 2 23.085800 19.485900 13.722000 
1148 2 15.316500 22.977300 16.422400 
874 1 15.757200 16.827900 24.788600 
1743 2 19.399100 24.543300 24.043900 
1381 1 17.183400 16.750400 17.969100 
807 2 15.691300 26.354500 25.650800 
1783 2 22.903200 20.519300 19.365500 
785 1 24.359600 15.494000 24.971100 
1906 1 21.899200 26.046200 23.467000 
415 2 15.205500 14.046500 17.241600 
1140 2 23.437200 25.368500 18.722800 
167 2 23.471800 23.111600 26.205000 
259 2 25.244200 21.134800 25.434900 
927 2 23.927600 24.113600 14.334500 
626 1 16.729500 22.342100 24.695800 
1979 2 17.781500 24.804300 26.606200 
1203 2 18.199000 23.167500 16.199400 
1046 1 22.042700 16.637200 22.288200 
1829 1 23.137200 25.332500 18.255100 
1891 2 16.932000 20.107600 21.650100 
1860 2 13.645200 18.026000 16.316900 
1720 2 14.479800 25.589000 14.261300 
30 1 19.874300 14.141800 16.952900 
353 1 22.109500 21.937200 13.783400 
1001 1 16.706700 23.701300 21.974200 
341 1 20.340000 21.449600 25.076000 
116 2 20.882200 17.412000 15.643300 
583 2 25.762000 23.122000 17.932800 
440 2 21.918400 14.038100 17.362400 
883 2 18.130800 18.838200 19.111200 
648 2 17.194000 19.369800 22.276700 
1562 1 18.191900 23.253800 16.060000 
1788 2 17.657900 16.178200 17.728800 
33 1 17.294300 16.301100 24.130900 
1490 1 15.536000 13.955100 14.509700 
547 2 20.564000 15.800500 26.243800 
930 1 24.975400 25.110700 23.955300 
231 2 23.970100 23.807100 20.499700 
1231 2 17.674100 22.229600 18.903700 
325 1 25.106200 17.557200 23.135400 
140 2 16.581800 22.334100 24.469800 
176 2 15.507900 22.165100 21.613200 
1798 1 20.109400 15.868200 19.842500 
1249 1 23.634600 14.702800 15.975800 
34 1 19.820000 13.393500 21.673200 
1476 2 17.201000 18.228800 18.508000 
824 2 20.524800 24.864800 15.649800 
428 2 22.972300 23.273500 20.952100 
1761 1 14.084800 19.722100 17.764300 
1664 2 20.227200 13.613100 17.293000 
916 2 18.637200 20.882500 15.663100 
1384 2 20.427400 19.616400 22.210400 
1684 2 24.917900 22.579000 22.955000 
109 1 23.717500 22.519700 25.117000 
305 1 14.737400 21.828900 24.764900 
1116 2 16.828900 25.317200 17.403500 
1139 2 22.777700 25.073000 16.962700 
395 2 19.118000 16.294800 21.610100 
1628 2 13.846000 19.296900 23.943400 
1268 2 19.272100 23.014900 20.804100 
4 2 24.969800 21.946700 18.992600 
486 1 13.293500 19.753500 23.871300 
1166 1 17.244900 22.653700 19.873300 
1837 1 23.548300 14.277500 23.026500 
1687 2 23.063800 14.565400 18.065900 
525 1 19.076700 21.043700 16.037200 
1567 2 14.041900 18.842800 18.103900 
1070 1 22.882500 21.010900 18.272600 
1458 1 21.046100 24.229800 14.644400 
156 2 25.391500 25.683500 23.603900 
968 2 19.645800 24.637700 23.713300 
118 1 25.397700 21.737100 14.693200 
1241 1 14.791200 15.853500 19.529000 
758 1 16.133300 24.897600 24.648300 
798 1 25.184800 21.740200 18.851000 
372 2 24.252500 15.730200 24.529400 
1604 2 14.959000 13.882800 17.849400 
1748 2 25.082200 18.507400 23.068900 
102 1 19.808000 20.403500 22.769800 
992 2 14.113900 25.624700 23.352500 
1190 1 16.753900 19.522800 23.261300 
53 1 16.804300 19.804000 21.734500 
1603 2 21.660700 26.057800 23.368300 
1005 1 20.350400 22.589700 18.381200 
761 1 24.701800 14.589000 18.154000 
195 2 20.518500 25.753300 19.078000 
1618 1 23.801900 16.450900 14.926800 
970 1 23.247700 19.007600 14.044300 
836 2 15.943700 26.228700 25.809600 
986 1 19.116600 18.045800 18.322400 
1853 1 17.671800 17.344700 21.945100 
840 2 20.275900 22.308600 17.903400 
781 1 18.553500 16.007900 22.200400 
1039 2 20.919900 18.905500 16.326600 
1511 2 25.814900 25.391500 20.382500 
131 2 24.732000 26.151300 23.930100 
1617 1 20.935900 22.048800 23.789000 
217 1 25.865700 24.939500 20.125000 
599 2 23.104900 13.423000 13.795400 
1651 2 24.417100 19.617700 17.717300 
350 1 25.557700 13.533000 20.293900 
1981 1 14.549000 26.011800 13.958100 
402 1 19.829400 18.317300 14.494700 
367 2 22.552900 20.144800 22.482600 
163 2 23.864700 20.187300 14.100900 
783 2 20.989300 23.901100 15.516600 
1296 2 24.074000 24.726700 14.543600 
376 2 20.118700 25.996400 19.243200 
1615 2 20.411500 19.845500 15.906400 
1881 1 23.059200 22.724100 21.008100 
404 2 16.704300 22.850600 19.154100 
1233 1 18.940000 16.976100 21.133800 
214 1 14.771400 16.645900 20.461900 
1534 1 15.971200 18.593900 25.516400 
1310 1 25.244900 23.090000 18.125100 
772 2 19.571300 13.569700 20.728500 
344 2 25.673200 17.821100 15.592700 
1027 2 13.635100 21.314900 24.430500 
949 1 25.127700 20.810800 25.449200 
201 1 15.632600 13.894000 22.719400 
1647 2 19.409300 13.347500 20.766500 
1034 1 26.333200 15.124100 25.143800 
529 1 19.901000 25.684900 18.929500 
1711 2 13.478800 17.246000 16.224800 
632 2 26.467600 20.885400 25.069200 
59 2 26.317900 14.865300 25.210600 
1907 2 25.966700 21.989200 14.496000 
1892 2 13.456200 20.422600 18.914700 
42 1 17.950600 26.206000 22.008400 
915 2 15.501600 13.494500 22.474400 
1227 2 19.613800 13.818500 14.430300 
600 2 23.175800 13.409400 22.897500 
120 2 13.843500 15.329000 25.860300 
1193 1 20.127300 25.625600 16.045200 
1725 1 20.335200 13.849200 17.865000 
1806 1 26.431700 13.431800 16.858500 
352 2 21.516200 26.365200 22.349200 
1242 1 24.394100 17.217100 26.519100 
1389 1 15.499400 17.257700 13.534900 
211 2 14.632700 16.775800 13.423000 
1164 2 20.190400 23.856400 13.619200 
40 2 15.066700 17.041300 13.402000 
677 1 15.781800 25.690000 26.320700 
1961 1 20.530700 14.446700 13.566100 
710 1 19.650300 15.826100 26.376600 
257 1 23.258100 14.141200 13.372100 
