id type x y z 
1235 2 9.018910 2.458750 10.140800 
889 1 10.818400 7.204970 11.594700 
1809 1 2.099280 3.906530 5.495800 
1650 1 5.373110 0.647388 7.141930 
572 2 8.160510 5.171900 1.925350 
1320 2 9.692040 5.972220 2.639530 
642 1 4.666560 10.818400 9.185150 
1971 2 11.946500 8.517810 8.582410 
829 1 7.331620 10.749600 1.345250 
289 1 12.581000 7.291800 4.176980 
1100 2 3.541000 2.694440 10.621200 
864 2 10.381600 12.457000 0.959801 
1572 2 12.065700 7.362230 10.738000 
1316 2 10.448000 3.258420 12.191500 
1989 1 4.336300 5.185310 3.914740 
1911 2 10.879200 11.575400 10.312500 
1498 1 9.187570 3.490690 6.625360 
1793 1 4.019110 5.943650 5.066950 
1647 2 7.188410 12.293700 2.409190 
461 1 7.856190 8.098060 8.356460 
649 1 2.295600 7.498530 1.675820 
1389 1 12.834100 9.681370 11.989000 
1997 1 0.388256 13.360400 2.819060 
70 1 2.341460 3.794200 10.415100 
1328 2 8.589650 2.534790 4.881570 
1752 2 12.639900 6.755700 4.229390 
413 1 1.873130 6.218870 9.901770 
340 2 3.038710 8.928410 6.493660 
1115 2 1.268230 6.118870 12.460000 
1944 2 2.264290 5.063530 7.300750 
1265 1 3.868390 2.339560 7.397910 
1531 2 4.632040 10.950500 13.331200 
1108 2 0.507699 9.002180 1.872410 
654 1 5.949970 1.155700 4.390200 
1945 1 2.448840 13.111100 12.735200 
1395 2 4.542360 5.646780 11.708900 
502 1 6.418620 4.462970 9.768270 
404 2 3.949920 4.971030 4.236890 
1910 1 11.867100 8.530080 5.462940 
28 2 0.355588 4.804250 2.628170 
1119 2 12.135800 6.731500 5.896210 
1378 1 11.011600 13.126100 2.275750 
1342 1 1.010730 0.144230 2.011820 
742 1 4.431240 7.270520 7.086600 
1995 2 13.396700 4.883620 9.037510 
1229 1 9.943790 7.449960 10.330500 
1978 1 5.418360 11.620600 12.969400 
1862 1 5.663230 0.864014 1.589050 
506 1 4.752130 5.972940 11.343600 
1357 1 3.195130 0.901696 6.216750 
398 1 4.552150 2.509040 3.971080 
1893 1 5.755430 5.018700 11.122200 
645 1 9.236960 3.000170 4.766250 
55 2 2.690760 0.428933 6.356370 
1448 2 4.983740 7.127960 9.831200 
695 2 4.032650 8.247480 1.934220 
86 1 6.115110 9.109880 3.477320 
1606 1 8.841170 6.782740 2.802890 
1535 2 7.670830 11.987200 8.118940 
1546 1 11.128400 10.739000 11.164200 
56 2 9.280370 12.121600 10.539300 
577 1 0.610020 5.326170 11.541900 
643 2 2.739460 12.396200 1.773940 
781 1 13.268400 1.261150 3.261320 
920 2 3.454340 0.026451 8.325400 
1166 1 1.880000 12.377900 2.778830 
254 1 11.935200 0.530512 8.042300 
981 1 7.053670 12.918700 3.633920 
605 1 5.041310 0.488776 11.657200 
1333 1 6.837070 8.569150 9.233860 
1426 1 2.316900 9.976530 12.893700 
1120 2 9.366240 12.837100 5.637230 
745 1 4.771600 3.085590 1.762180 
689 1 4.630100 3.512800 8.346990 
1736 2 6.715970 6.254380 6.671620 
1325 1 7.822890 3.939260 3.818380 
1251 2 2.354290 7.646440 11.266800 
149 1 9.587440 12.733300 0.361036 
881 1 7.421660 4.935900 0.493489 
219 2 10.006300 6.755090 11.027000 
1057 1 10.585300 8.659020 7.736770 
775 2 7.345340 12.919600 1.953700 
1920 2 5.620990 8.359930 8.586920 
1545 1 -0.023861 4.517750 8.481900 
924 2 -0.116409 4.049240 2.821500 
1543 2 6.984260 7.773970 6.270990 
837 1 7.464850 7.590830 4.268180 
304 2 0.667823 4.505810 6.736320 
1625 1 3.152580 7.790110 3.736490 
1259 2 0.385970 10.349600 0.419637 
515 2 7.368590 5.052640 1.770470 
728 2 1.235820 13.336300 4.051530 
11 2 5.930780 2.942260 2.353890 
1616 2 11.247600 11.239900 9.620240 
843 2 4.313220 2.094380 7.351960 
556 2 4.971690 10.898200 11.832500 
1955 2 9.015850 0.455437 1.723160 
179 2 1.380460 9.131640 7.703900 
1760 2 9.582750 11.419600 7.159010 
554 1 0.122974 7.166890 0.330860 
1050 1 5.309930 11.756800 3.685870 
436 2 4.067220 3.482920 10.396600 
1573 1 3.835990 7.368660 1.966460 
1984 2 5.546520 0.862247 3.222220 
844 2 12.683900 4.539760 0.810800 
1351 2 11.160200 4.644840 11.111700 
391 2 1.371700 2.808920 5.612960 
62 1 0.410346 1.164300 12.583700 
373 1 2.577250 11.300300 12.151100 
669 1 11.848800 2.174850 2.240550 
1615 2 0.409783 5.524790 5.572700 
173 1 2.610800 11.469800 1.773280 
1493 1 1.528700 12.346800 4.237240 
1979 2 11.424400 1.133330 10.267900 
441 1 11.287200 5.968460 3.208170 
195 2 1.932540 7.008640 10.106600 
1205 1 0.031983 2.774580 4.675460 
243 2 5.479650 1.820210 2.423340 
1066 1 12.801500 6.339590 6.092060 
467 2 9.286060 2.836210 4.309320 
1526 1 10.523400 11.197800 9.402040 
213 1 5.990850 11.357500 8.695710 
542 1 1.860980 7.899280 10.912500 
1472 2 7.616240 8.839230 3.727640 
1605 1 2.526230 4.926570 7.930380 
1092 2 5.798390 11.885800 5.521190 
107 2 0.383698 4.833980 1.283530 
738 1 0.449220 6.008960 3.340620 
584 2 13.495300 3.604400 8.482710 
659 2 8.284940 10.414900 6.497570 
940 2 4.766910 11.153400 9.790210 
685 1 8.437630 11.140500 2.917230 
13 1 6.085260 6.959900 8.586150 
1356 2 8.651730 1.130280 8.219600 
148 2 12.206100 0.657188 8.546520 
1467 2 0.829529 12.743300 2.906600 
1640 2 2.068770 10.122300 7.880370 
1281 1 7.155590 9.889750 7.951100 
1529 1 3.831950 11.240100 11.520600 
985 1 8.644960 2.279930 10.994700 
1201 1 1.670430 4.960520 13.010500 
1812 2 11.903500 8.632900 6.168720 
1687 2 6.477510 9.483990 11.613900 
508 2 11.811000 6.728040 10.796400 
1327 2 11.065000 10.061100 2.357610 
784 2 8.682670 0.898907 3.313840 
132 2 11.771500 4.275320 2.205030 
1292 2 5.805050 4.159100 10.754400 
1271 2 2.971630 9.301180 8.745380 
531 2 11.706600 3.682720 2.149360 
1136 2 8.621280 5.874510 7.539930 
358 1 11.671300 4.740070 2.587670 
1841 1 9.852080 2.682540 8.557370 
1700 2 7.483190 9.374410 8.121830 
1806 1 0.828167 7.562950 7.761850 
690 1 4.205700 4.234250 6.085710 
1037 1 7.846720 9.879110 5.664820 
1864 2 4.457400 11.540300 12.824300 
1612 2 10.473300 6.334810 3.315520 
1275 2 7.242010 7.313380 9.817240 
61 1 9.158900 6.422500 11.439100 
1014 1 7.755110 1.012440 3.121130 
353 1 5.859520 7.982280 4.846330 
757 1 12.622400 6.252950 10.989900 
1203 2 3.100770 6.320120 6.627450 
1153 1 2.919550 12.138000 7.849340 
1926 1 8.931220 10.935700 9.029580 
663 2 9.203950 2.355880 6.029240 
221 1 0.248645 4.915340 4.915380 
1369 1 7.697670 6.731390 0.814098 
1516 2 0.954140 3.246620 10.662700 
587 2 8.756490 10.221000 9.084250 
501 1 10.669400 4.261260 11.906700 
510 1 10.689200 10.654500 5.176410 
839 2 12.900600 6.422590 2.371290 
1340 2 1.654780 7.354630 10.032000 
996 2 3.826830 7.383520 2.433190 
1497 1 12.258100 3.220620 2.056970 
382 1 7.302510 2.590680 8.807840 
1407 2 10.586900 8.658940 12.068500 
1423 2 1.339980 4.147610 3.155610 
1184 2 0.122975 3.980620 11.869000 
1753 1 6.722290 7.407940 12.033000 
990 1 11.750300 12.996800 5.892980 
325 1 4.042280 9.177690 10.296900 
1477 1 7.197120 4.212120 1.986240 
1776 2 2.647750 4.725760 0.929260 
1804 2 -0.070256 7.274800 0.390998 
1206 1 3.336250 8.887820 6.752830 
855 2 12.098100 6.619760 11.847800 
1503 2 9.907090 6.589890 7.674830 
1481 1 10.420700 5.845240 5.701180 
217 1 11.418200 4.993330 0.307744 
64 2 11.850500 7.960880 7.338070 
77 1 9.038260 0.528912 8.879750 
303 2 2.162380 0.994080 9.658770 
789 1 6.972240 5.654070 6.214450 
826 1 1.727530 9.005840 7.934500 
623 2 3.770800 3.848990 9.709930 
372 2 5.327050 -0.053206 5.476070 
1731 2 6.090360 6.116230 2.821790 
324 2 11.883000 0.810079 11.366800 
1557 1 4.747890 6.301180 1.092860 
322 1 8.302890 11.686900 7.462400 
621 1 9.472510 0.221791 11.042100 
612 2 9.823920 1.116730 11.610600 
604 2 0.498089 0.339901 12.058100 
999 2 11.224400 11.301700 10.335400 
1135 2 0.451574 1.236640 7.395510 
976 2 7.920190 6.913420 0.624411 
886 1 11.864700 1.146380 9.425620 
1576 2 2.324270 1.645230 3.254130 
1387 2 6.488130 3.211810 7.437690 
385 1 12.307900 4.280850 7.242640 
618 1 7.441410 3.670530 12.464400 
1882 1 11.007500 6.838180 9.011560 
1588 2 6.658830 8.192210 4.100490 
44 2 1.232530 9.343920 3.780740 
136 2 6.299670 11.981700 8.853800 
559 2 5.750790 4.925020 11.477500 
233 1 0.159210 3.887700 6.098570 
1872 2 1.089880 4.477070 6.659350 
476 2 9.541460 11.387000 11.138200 
1819 2 6.515790 0.922118 3.114020 
1534 1 12.504000 9.650440 2.600120 
336 2 5.427000 12.081900 3.010270 
1853 1 12.650000 7.001930 2.703440 
1254 1 9.298280 11.180700 10.799200 
972 2 11.935900 10.118000 5.033470 
1344 2 11.667000 6.048820 6.241160 
1001 1 13.198900 6.567100 0.965173 
1818 1 1.829520 3.896980 3.379630 
42 1 10.346000 11.071800 7.218910 
1737 1 12.525100 9.163240 9.894000 
1183 2 12.723100 1.609450 3.251750 
368 2 8.617760 1.777930 8.959960 
1430 1 2.297710 4.868100 0.893435 
834 1 12.343700 1.983970 11.425500 
557 1 9.485680 1.075880 2.568160 
1155 2 11.445100 0.093646 1.462950 
1441 1 11.889400 0.941265 0.366926 
930 1 1.328550 9.845970 5.548370 
31 2 2.045240 12.255200 5.695670 
953 1 5.313510 9.410650 12.587000 
712 2 9.896140 11.986500 1.244320 
15 2 7.668140 3.375410 12.435800 
1726 1 10.529600 8.739990 13.008700 
1792 2 7.276300 6.627130 11.680800 
1681 1 13.098200 6.024900 9.357130 
1673 1 0.756013 1.362900 8.236660 
1977 1 5.267350 1.141810 13.067800 
674 1 0.221317 0.295518 5.594950 
1287 2 2.461080 12.810100 10.303900 
678 1 3.387500 1.015580 0.335192 
1879 2 7.412760 9.448240 0.772181 
1020 2 1.779400 9.684180 23.760000 
1885 1 1.313270 11.010800 17.279600 
301 1 2.740430 11.135500 19.992300 
409 1 6.878590 9.284170 18.200100 
446 1 0.819231 8.739910 22.650500 
1909 1 8.797120 12.598500 23.596900 
1347 2 3.994930 4.185080 23.275500 
528 2 3.985590 0.902689 23.625700 
1144 2 11.758000 11.265500 17.453000 
978 1 8.747610 3.357480 16.025600 
1976 2 11.586400 9.270250 19.553000 
986 1 3.507950 6.106220 16.727200 
37 1 3.296430 12.596900 15.127600 
473 1 5.687580 4.797960 15.632300 
405 1 2.979390 4.556610 22.157500 
1993 1 10.384800 10.569100 14.972000 
598 1 6.982440 3.543100 16.468100 
1489 1 0.337865 5.623940 15.427700 
1832 2 8.721980 10.257400 20.380700 
1745 1 0.759817 7.024350 20.032300 
60 2 8.764670 10.451000 13.839600 
1398 1 9.503240 8.264940 16.515400 
1367 2 7.540660 10.576800 16.120100 
396 2 5.062160 9.963920 23.996300 
1348 2 1.737740 1.457970 17.910500 
1715 2 11.559200 3.409220 16.676700 
989 1 2.908630 1.915430 15.501300 
384 2 9.219040 3.135090 25.172800 
1815 2 7.089720 3.476800 15.617800 
1317 1 8.545220 11.988900 17.919700 
590 1 2.963410 9.769310 19.209100 
681 1 6.015530 5.660460 22.105100 
212 2 4.097950 2.668650 18.601700 
750 1 3.477640 5.904140 14.024500 
533 1 8.983360 6.717520 20.943900 
1299 2 3.258990 0.997648 13.284500 
1133 1 4.536230 8.054270 17.902000 
1280 2 7.966720 5.577660 23.565700 
293 1 13.459100 1.865180 14.990100 
178 1 10.750100 5.256410 16.053100 
1236 2 11.230400 2.728430 16.071800 
1177 1 9.817010 7.736760 22.292900 
1308 2 7.565160 1.400000 17.223800 
410 1 12.623900 0.961073 19.772100 
753 1 13.092300 11.209300 23.054000 
1141 1 10.904000 8.232110 19.607200 
1537 1 6.040560 12.530500 17.126400 
249 1 2.370050 10.506500 22.161700 
339 2 10.785600 7.463460 22.557300 
1435 2 2.721200 4.932840 25.066500 
1079 2 9.777820 12.977000 22.966500 
1052 2 10.759600 1.166360 25.545300 
534 1 3.414070 11.248400 14.882000 
110 1 0.585561 3.892680 15.761200 
1903 2 8.650320 10.028100 21.290400 
1877 1 8.527000 10.099500 16.859200 
1517 1 8.429860 4.164750 14.213600 
305 1 0.421086 10.480000 13.908700 
1117 1 9.339510 7.575620 24.799500 
429 1 8.307730 8.918640 13.996100 
430 1 8.091960 5.566450 23.349600 
1364 2 10.188600 12.577400 24.360900 
347 2 11.173200 1.003380 19.585500 
1875 2 10.844900 6.216760 20.658800 
702 1 7.660410 6.285750 18.458100 
594 1 3.859860 11.913200 22.961200 
1226 1 4.764010 6.012590 18.911000 
1813 1 6.543570 4.330330 13.703100 
1249 1 3.097610 12.922000 21.361900 
1641 1 6.903590 9.191920 26.367300 
1311 2 0.175283 1.829580 25.349600 
1492 2 10.464500 8.594580 17.020200 
592 2 9.528610 4.384880 20.109300 
196 2 2.241700 5.252130 22.344000 
1495 2 12.510700 1.658230 26.099900 
741 1 1.909810 4.643550 23.009400 
1821 1 0.283512 12.610100 14.957000 
1232 2 0.627098 2.652440 24.472100 
1459 2 1.436650 11.987100 24.949600 
1167 2 3.191570 7.455720 25.341900 
119 2 11.145500 2.769290 15.340200 
1521 1 7.505850 2.080530 22.295900 
842 1 1.293870 1.310010 18.770500 
1425 1 11.874200 3.457870 24.770500 
680 2 6.867690 12.103400 20.289600 
1461 1 3.059500 7.425120 24.822600 
1329 1 3.400530 8.262940 22.642700 
285 1 0.837064 5.337280 17.046400 
1964 2 9.211960 5.416160 15.514800 
1257 1 11.354900 2.929670 17.149000 
270 1 12.852700 4.846830 21.677900 
1919 2 10.276700 8.851460 17.835400 
847 2 2.828720 7.179460 15.869500 
1484 2 7.566580 11.649800 17.782500 
1956 2 2.502060 7.799400 25.662600 
619 2 11.441100 10.326100 24.563200 
314 1 2.741850 -0.205387 22.480100 
416 2 -0.334604 13.165000 21.121300 
1940 2 11.501200 11.301800 21.014300 
39 2 4.211020 2.877590 18.178800 
1999 2 3.955340 6.293790 18.275900 
281 1 6.786760 11.136600 18.177000 
1974 1 1.780210 6.556010 24.940500 
1152 2 11.502400 7.590990 22.776200 
156 2 4.995480 4.566080 24.803800 
271 2 4.525370 8.710420 21.750600 
1496 2 2.949420 5.423350 22.034200 
1796 2 1.905890 12.303100 25.919100 
317 1 11.456000 11.778100 26.567700 
97 1 0.167453 6.061810 22.962400 
45 1 5.726720 4.549200 21.036400 
188 2 3.407310 12.181200 23.155900 
872 2 8.426410 7.516170 17.959500 
299 2 2.452530 1.793270 24.236600 
1285 1 8.816230 11.926800 21.570800 
987 2 7.768980 11.626300 24.843200 
1952 2 5.840750 12.710400 20.428300 
1399 2 0.632064 9.408690 22.955300 
1701 1 11.304200 8.827670 26.000000 
1421 1 1.862860 8.453400 15.924700 
795 2 6.831110 1.030200 24.910200 
453 1 1.909200 1.853240 24.053000 
1854 1 11.787100 10.896700 17.558700 
944 2 0.589798 0.595531 23.369000 
1099 2 11.430200 0.913547 23.739700 
675 2 9.188190 11.607200 13.464700 
1474 1 6.817990 3.242970 23.985800 
1927 2 8.471130 9.996750 16.974100 
344 2 7.709930 8.134720 16.866500 
666 1 7.044120 0.721299 18.482700 
971 2 10.839500 5.120880 15.463000 
306 1 8.692010 1.942850 20.504000 
329 1 5.551230 10.466600 24.337300 
1828 2 12.034600 2.879410 21.850000 
1256 2 6.872580 4.669560 17.201000 
1480 2 3.911360 2.525240 13.976900 
1824 2 2.333690 3.865410 16.595100 
1759 2 6.102180 5.879210 14.664000 
954 1 4.855060 0.202099 19.944900 
705 1 3.998820 12.360000 19.249500 
1897 1 13.652800 6.771610 24.214700 
1118 1 10.874700 0.981536 13.010600 
1511 2 0.664059 3.184070 13.989500 
1575 2 1.031770 1.206190 19.358800 
1629 1 6.828180 1.922380 17.223900 
199 2 7.965850 6.816990 18.709100 
1247 2 7.205370 11.506100 17.462400 
262 1 7.691080 11.335700 20.811500 
1212 2 9.058390 0.592623 25.549700 
761 1 5.793850 9.559740 14.487200 
727 2 10.946300 5.233480 26.029000 
1438 1 11.906700 2.560740 21.891400 
120 2 1.499470 9.837260 19.110600 
941 1 9.398470 0.773429 26.145700 
1375 2 5.324080 3.079170 19.050000 
427 2 8.473560 3.790360 19.194600 
731 2 4.705440 2.193360 13.366300 
394 1 10.348800 6.294930 14.932200 
99 2 13.450900 1.297110 25.467300 
114 1 10.741600 5.357850 19.424000 
146 1 10.319200 11.272000 19.977800 
672 2 1.635730 0.332653 14.083700 
931 2 1.866270 5.018690 22.689300 
1768 2 7.557110 13.127800 24.820100 
1826 1 9.590330 2.657000 23.632900 
1905 1 6.825410 11.975600 24.816400 
1494 1 10.106400 4.215940 18.137100 
1676 2 6.400830 3.978420 21.758000 
1268 2 2.336310 3.824030 20.582800 
1965 1 4.125690 3.266320 17.033700 
1110 1 10.990100 0.027131 20.683500 
942 1 4.938180 3.788510 22.663900 
472 2 5.099850 12.869000 19.065700 
1360 2 11.253600 4.125810 19.306400 
876 2 9.969850 7.742730 22.363500 
719 2 9.319690 6.593380 14.518700 
1524 2 5.667680 2.908220 14.438100 
1444 2 3.663440 6.746410 15.110500 
1907 2 2.973450 10.929400 17.670400 
1724 2 5.184570 9.611960 20.190500 
456 2 11.874900 1.902130 16.290600 
482 1 10.200200 9.511790 17.925000 
1671 2 1.958150 9.336440 17.134600 
177 1 5.209560 13.181000 19.269000 
1639 2 9.158910 6.510070 25.803900 
973 1 9.479180 13.272000 17.697800 
1158 1 7.149930 7.880420 16.067400 
1954 1 9.718640 9.278760 26.483100 
910 1 0.039308 2.630040 24.787900 
489 1 5.412240 2.349750 24.139500 
485 1 8.503120 5.823570 24.797400 
1785 1 5.288000 9.739980 20.426500 
790 1 9.639370 4.247300 24.769800 
450 1 5.916820 2.960520 18.974600 
655 2 6.257090 4.360720 25.001500 
1515 2 7.099130 1.940130 21.619000 
1844 2 4.864170 9.319130 18.084900 
408 2 5.108570 9.691530 14.302100 
1063 2 7.476810 4.392870 17.359000 
831 2 2.360080 10.373700 21.919500 
1787 2 2.056300 8.439030 19.630800 
969 1 0.674470 1.394370 26.094600 
1827 2 1.950670 10.446600 13.199700 
1223 2 5.973270 8.932650 14.341800 
1262 1 10.056500 11.734500 13.136800 
1626 1 10.428800 1.916280 20.877300 
1939 2 2.385350 0.511462 17.469700 
1835 2 7.371380 4.551530 23.802000 
106 1 0.140725 0.447765 19.855200 
1870 1 13.340000 9.079040 15.725300 
1218 1 7.359360 1.060170 25.291000 
522 1 4.121950 2.502140 18.942300 
809 1 1.534250 8.922660 26.199100 
298 1 10.182100 2.198750 17.593200 
1382 1 13.286300 12.870100 25.152700 
686 1 8.242920 5.256740 19.618500 
725 1 10.033500 6.028610 23.126100 
366 1 2.425010 2.831330 20.318700 
1566 1 6.617690 5.955400 14.495800 
744 2 10.403300 7.705270 25.912600 
1936 2 0.621803 0.725844 22.234600 
374 1 4.304730 8.779850 14.065200 
1049 1 4.714270 -0.026477 22.014700 
123 2 2.879680 3.016200 22.024900 
665 1 1.599530 3.374690 23.703600 
1748 2 3.854370 5.963380 14.988700 
9 1 1.135540 11.209600 23.930400 
164 2 6.186650 0.578901 18.014900 
1682 1 11.287600 2.151740 25.386300 
532 2 2.290390 8.092390 14.580100 
1904 2 9.394480 1.881240 22.944600 
65 1 5.479850 4.886510 13.358400 
902 1 13.048400 7.709510 21.622200 
709 1 10.827300 7.984360 17.020500 
1747 2 1.020620 5.491610 16.005900 
182 1 10.684300 10.221800 24.057000 
126 1 9.517900 0.487887 23.690000 
608 2 9.464340 2.099890 21.246300 
448 2 12.431900 10.235500 26.195000 
1504 2 11.086600 5.296750 23.527300 
435 2 10.098800 4.566120 23.395100 
63 2 11.872600 10.769200 17.161200 
914 1 11.860300 5.512540 25.510200 
1478 1 7.443720 12.100200 14.372000 
984 2 2.895920 12.738000 16.661700 
1018 1 4.150120 4.935090 24.258900 
169 1 0.113774 10.716300 25.014100 
1208 2 8.510180 9.755490 25.260200 
530 1 10.834400 0.984431 18.972400 
1553 1 10.126000 0.675209 16.862400 
1406 1 3.443270 2.519020 13.533100 
1730 1 8.878520 11.190700 26.343000 
464 2 3.254230 10.307800 13.564000 
1303 2 11.874700 20.070200 6.172020 
1190 1 12.639200 25.754800 12.645200 
1008 2 10.309100 13.586800 12.516400 
1622 1 5.761930 24.439500 7.646540 
1632 2 1.224610 19.221100 1.857070 
139 2 4.502640 19.641200 1.191690 
1365 1 12.593100 24.006000 11.592200 
1613 1 5.570480 23.575700 4.244610 
1655 2 10.939000 16.203100 2.878690 
1577 1 10.977400 17.409000 1.977120 
651 2 6.037040 19.018800 5.080370 
966 1 1.868480 21.762300 11.361600 
1458 1 13.146400 20.974500 11.756200 
134 1 7.380540 26.321000 7.601590 
1746 1 9.256740 19.261800 11.951600 
1985 1 9.323090 20.476700 3.171890 
1886 1 5.773620 15.742400 13.002000 
555 2 0.965351 21.760200 9.519640 
1157 1 8.951220 21.726600 10.073000 
952 2 9.557670 17.051500 5.048340 
1878 1 9.046830 21.566400 1.310470 
1980 2 5.279210 16.110800 2.889070 
1269 1 10.313800 19.254200 8.926430 
853 1 9.885710 13.187300 11.877500 
1659 2 13.191600 16.289500 5.631200 
1856 2 9.259330 19.890700 8.073620 
1452 2 4.347350 18.465200 3.991270 
620 2 6.823420 14.682800 9.308570 
1783 2 9.333470 21.595100 4.732600 
202 1 1.978490 18.786600 7.374560 
151 2 8.449260 22.741800 9.041810 
32 2 5.798830 19.467900 12.474100 
478 1 1.114900 18.949700 6.425770 
995 2 11.753700 19.899400 10.733800 
1337 1 0.370289 16.309900 4.667030 
1449 1 0.983097 14.510300 6.964690 
885 1 0.604934 23.452000 10.243600 
1300 2 3.698360 19.563800 0.729685 
1336 2 1.532810 15.591700 4.545760 
897 1 11.813000 15.783200 4.607870 
956 2 6.328420 25.492900 10.787000 
71 2 9.941610 25.920600 13.166100 
1922 1 11.005900 18.438400 6.080050 
928 2 6.342840 23.150500 5.090860 
1800 2 3.109830 13.879100 8.580230 
129 1 7.021520 13.083600 0.911132 
929 1 8.585690 17.752100 6.908930 
743 2 4.655800 24.336800 0.837121 
1533 1 10.720400 23.229900 0.660775 
346 1 5.316350 24.876300 0.179132 
52 2 2.587350 21.214900 10.170400 
599 2 8.341580 16.148700 1.335020 
1178 1 6.891010 20.528400 3.697680 
1324 2 11.347800 14.986300 5.085820 
1465 1 11.052300 13.752300 0.767408 
828 2 6.377520 16.089500 8.001570 
1756 2 9.341310 22.657600 9.204770 
1401 1 2.501480 24.472900 9.757500 
1833 1 10.533100 25.949600 9.490470 
1263 2 12.107100 17.136800 8.366340 
1070 1 2.847550 22.063700 6.627210 
267 2 0.087346 26.231800 12.081900 
1130 1 12.541600 16.671200 7.876880 
1114 1 6.152600 17.238600 9.895310 
282 1 6.964040 26.011000 5.898820 
1751 2 7.010930 24.261800 9.048400 
1733 1 5.054920 16.091800 1.752470 
82 1 9.314660 24.594300 1.254830 
230 1 0.681140 13.749000 10.738300 
1380 2 11.531600 19.879500 11.102800 
883 2 6.949550 19.896400 0.898231 
1207 2 8.335480 14.627000 11.642400 
1127 2 7.804130 12.772800 13.173200 
1830 1 7.953330 21.614900 4.367670 
1276 2 6.281690 25.629700 9.121180 
1030 1 3.786000 20.883500 9.444050 
1048 2 12.498900 26.173400 1.899550 
455 2 10.149800 23.471100 2.079000 
261 1 7.240500 24.549500 4.441900 
505 1 11.802800 24.216300 2.496430 
117 1 2.244350 15.154700 3.938360 
1390 1 10.840200 25.075200 4.994900 
1942 1 5.559210 19.384400 7.171040 
1405 1 11.878200 20.989000 4.647590 
558 1 10.305500 16.692800 0.279816 
300 2 10.536500 16.046500 3.606990 
206 1 5.076250 19.414800 0.855916 
1591 2 8.866560 18.096800 2.607280 
180 2 2.294470 22.963400 7.745660 
1258 1 6.624080 13.959300 10.764300 
124 2 11.946100 23.007200 3.809580 
66 1 12.147500 20.649500 7.409310 
1825 1 12.747300 14.818000 12.727500 
428 2 11.075000 21.633000 4.976600 
1086 1 1.699980 26.093300 6.623060 
1051 2 9.177580 20.152700 7.885090 
1215 2 10.531500 19.247600 13.087100 
1937 1 11.339800 20.766700 12.281600 
1994 1 11.061300 18.417300 3.262750 
1446 1 4.587520 15.881300 10.148100 
1651 2 10.215500 25.128700 1.725010 
1301 1 2.034850 16.183500 9.762770 
24 2 9.972360 17.551000 2.934310 
1047 2 5.070200 16.927000 7.344850 
326 1 7.871140 17.981000 10.604900 
247 2 1.646300 17.331100 6.507230 
141 1 7.080050 19.273100 7.455960 
1990 1 1.821760 18.930000 3.743640 
1781 1 6.999380 23.255300 10.399500 
1036 2 5.137530 17.452700 11.725300 
43 2 9.607030 18.849500 10.543500 
1222 1 5.883480 22.525800 5.951860 
625 1 8.378630 13.924300 8.562180 
1451 2 2.440170 17.328600 1.484210 
1873 1 9.045730 14.147500 6.225760 
1083 2 8.333990 23.073300 6.089810 
235 2 4.983470 20.285200 13.080200 
805 1 10.015800 17.814600 13.077300 
1022 1 3.463760 16.844500 13.368600 
1740 2 0.382073 18.136000 11.999400 
128 2 4.099570 26.546300 12.814600 
1570 1 12.815300 14.200200 0.161997 
421 1 6.127460 23.745700 11.302500 
431 2 3.323530 15.477700 10.199700 
154 1 2.014000 17.631300 3.133590 
1182 1 10.725600 22.843800 4.261030 
1124 2 9.589330 15.656500 3.868120 
474 1 13.203100 14.322900 7.766580 
278 1 10.224800 18.819900 0.908730 
851 2 12.663900 17.803400 3.389320 
48 2 11.168500 13.665400 2.286760 
513 1 0.981476 15.309900 10.929100 
349 1 12.623100 24.011800 5.498750 
1540 2 5.704850 24.390700 0.632623 
376 2 4.169610 25.699200 1.090830 
1041 1 3.811270 19.651500 9.781320 
1754 1 9.561140 15.785700 3.514580 
1705 1 5.663410 15.369100 0.397477 
879 2 6.164400 14.224100 10.618200 
158 1 4.097620 21.341100 6.283460 
253 1 2.830940 24.504400 11.429300 
227 2 1.349390 21.414900 7.051750 
274 1 2.981600 20.157700 3.314090 
1445 1 3.906300 14.836300 5.800740 
1829 1 2.278930 22.945200 13.019100 
1192 2 1.811150 17.225800 13.776200 
89 1 8.006750 16.565000 7.773290 
1779 2 11.514900 24.305500 11.350800 
888 2 7.711380 21.382900 4.072240 
190 1 4.938760 19.545000 4.365210 
1244 2 -0.019322 25.127200 3.876820 
1359 2 10.991500 14.222100 7.995770 
624 2 0.670247 22.923500 11.387700 
1397 1 1.373350 16.869400 11.053400 
1928 2 0.679700 13.678200 1.816200 
899 2 8.515250 16.669600 6.274990 
1109 1 5.879830 25.909000 9.402870 
827 2 4.410130 18.843100 9.458070 
1261 1 5.369750 25.602900 5.854210 
816 2 13.338100 16.495200 8.833030 
1147 2 4.276630 15.092900 7.070100 
611 2 12.318100 23.846600 5.313150 
1695 2 2.453510 20.440400 4.604530 
791 2 5.260970 20.401700 7.973540 
109 1 7.644370 23.487100 8.247620 
291 2 6.319190 23.989000 4.864610 
26 1 10.067000 24.785700 7.544310 
768 2 2.437050 22.379600 7.229090 
12 2 3.884670 24.300600 4.347600 
1091 2 6.479470 17.174000 9.738090 
1727 2 8.852930 17.214800 4.991210 
504 2 1.125340 18.606100 7.394220 
1742 1 8.148330 26.430200 13.507800 
1033 1 10.744800 21.753800 7.832270 
137 1 -0.278722 17.855200 2.577860 
698 1 11.760700 18.265400 11.514300 
356 2 4.279340 15.425200 1.306840 
622 1 7.543920 25.897800 3.627820 
1227 2 10.212800 17.427600 7.309660 
1959 2 12.296500 20.724600 4.045840 
824 2 12.938700 16.977400 1.348970 
1672 2 2.422140 23.341700 12.142700 
918 1 1.540010 24.148200 4.179960 
1027 2 10.457700 19.010700 1.491680 
488 2 10.368400 23.898700 1.078190 
381 1 7.321940 18.394700 1.425080 
242 1 12.075500 20.609800 3.360240 
959 2 12.562600 24.753500 6.996180 
1807 2 1.296080 16.125500 5.019320 
982 1 11.238200 16.363300 11.358200 
338 1 9.099960 17.055500 2.756470 
1707 2 2.827260 23.276400 8.412370 
1696 2 6.254460 26.899400 1.709230 
1684 2 8.653930 16.907100 10.882100 
1858 1 0.232883 21.509800 9.082540 
1103 2 2.410970 19.506400 1.378520 
88 2 7.549240 17.164300 4.831760 
487 2 1.877700 16.337300 4.868080 
1142 1 12.482300 24.357500 0.803958 
1988 2 9.780800 16.901500 9.232720 
958 1 0.298726 13.735200 1.329260 
193 1 4.978940 21.054200 10.087400 
1881 1 3.726100 25.446400 2.281110 
1851 2 9.084570 26.179500 10.179700 
1604 2 12.833200 16.287200 8.956970 
1917 1 9.297050 14.102900 3.177030 
1789 1 2.909530 14.026500 0.008831 
771 2 9.960450 25.797600 7.335600 
133 1 5.596360 18.931400 11.290300 
575 2 5.103050 23.583600 12.135200 
1842 1 10.059300 16.936500 7.903660 
1082 1 12.499300 14.589300 9.734560 
524 2 3.020880 14.678100 11.292600 
1270 1 3.243870 19.247500 11.677800 
1646 1 12.368500 17.082500 12.679900 
1884 2 4.227530 22.368100 6.115720 
454 1 9.140650 18.207500 3.025530 
415 2 1.769340 25.254700 3.392260 
279 2 6.308720 25.986600 6.817560 
857 1 3.866070 14.043200 4.986810 
866 1 10.891400 13.165400 9.492760 
1958 1 1.295880 20.045300 0.491469 
574 1 7.373950 18.825100 12.750300 
1933 1 12.920000 17.222200 2.846660 
1358 1 1.540600 20.626600 1.784310 
688 2 2.350920 16.636300 9.545120 
636 2 6.397320 19.442400 5.747600 
80 2 5.296920 22.835600 5.000230 
628 2 5.700160 19.542300 9.293250 
1874 1 5.046150 18.016200 8.009060 
1427 2 10.641300 13.593800 10.369200 
1592 2 0.672181 22.697600 2.706570 
1773 1 3.964490 24.771800 5.757910 
1404 2 12.084100 23.362200 12.971600 
6 1 3.177430 14.764000 7.714140 
606 1 5.826850 15.029100 10.715900 
181 1 -0.098475 24.677400 3.423130 
726 1 5.883500 13.767700 12.825900 
440 2 12.177700 15.699900 13.977800 
1938 1 3.812540 15.394800 18.000500 
759 2 5.074210 19.047800 24.113200 
1180 2 6.407330 22.715200 18.978300 
871 2 8.766450 15.120200 18.790500 
1437 1 6.110830 22.000700 19.029000 
1801 1 6.289700 24.794200 23.182100 
1012 2 3.834700 14.547800 15.744300 
1429 1 2.854660 18.059600 22.004000 
1278 1 10.680900 15.679700 24.462900 
1039 2 8.886670 13.112700 18.058600 
490 1 5.197990 26.327900 16.878900 
1536 2 6.375700 18.635300 18.171500 
1652 2 8.903740 22.618500 23.010400 
701 1 4.155530 14.144400 14.259300 
788 2 7.564720 23.639200 26.115600 
1688 2 8.464960 13.200600 21.201400 
546 1 13.235100 25.948600 15.075500 
143 2 2.457040 13.838200 25.134000 
1143 2 1.237530 18.074000 22.073200 
1253 1 9.590800 15.948700 18.892700 
234 1 10.908600 16.222000 22.069800 
1598 1 3.848430 26.097300 13.494400 
1791 2 3.966400 13.271100 15.126100 
1043 2 9.250090 22.432300 24.202900 
1966 1 4.218020 16.266600 22.066400 
1440 2 13.086000 24.429600 25.099800 
746 1 0.975730 14.571100 16.668100 
1513 1 1.513280 19.488500 18.192100 
78 1 2.735300 25.182800 19.998700 
93 1 8.286210 17.488900 25.786100 
870 1 11.240800 24.842000 14.657500 
578 1 2.033990 23.441400 23.618800 
1172 2 9.030450 15.836000 26.918400 
14 1 2.667670 20.519600 23.034500 
462 1 1.214990 15.164100 21.624900 
635 2 11.376000 24.323500 26.520100 
1044 2 3.808290 25.334300 21.470300 
582 1 12.430100 14.824500 17.838600 
1137 1 8.849890 20.979700 16.506300 
516 2 4.010270 19.858100 20.725400 
176 2 9.632340 24.525900 14.590500 
1373 1 12.095400 23.314100 22.507900 
721 1 2.269630 25.911400 17.013100 
494 1 4.525800 14.796600 20.155500 
1716 2 7.896090 22.278700 15.652400 
1867 2 8.620070 18.390300 19.938100 
830 1 8.474540 16.310900 22.507800 
1122 1 9.469790 18.916300 13.917300 
159 2 6.288730 15.217400 24.531200 
1912 2 4.590720 21.644400 13.387400 
1836 2 11.201200 17.456100 14.620500 
166 1 11.731100 14.918000 18.426200 
1514 1 8.843760 14.241700 24.563200 
1025 1 7.414770 16.427600 14.937200 
211 2 11.820300 15.641500 14.732200 
602 1 11.525800 20.412300 21.377500 
1601 1 1.191830 20.693100 19.127400 
1765 1 9.353120 17.682700 23.165300 
483 2 7.815240 18.333000 24.270200 
1589 1 11.642600 19.123600 16.602300 
1053 1 11.321400 22.730200 16.386400 
241 1 8.173680 20.397500 23.739300 
1220 2 7.971090 16.410000 16.313000 
1924 2 11.261100 22.061900 18.436300 
893 1 12.064500 14.145600 14.802600 
1034 1 8.824160 14.393800 17.814300 
859 2 8.487300 26.141100 20.926300 
1522 1 -0.068156 20.034100 16.756800 
1658 1 8.251010 14.020800 15.053800 
225 1 6.563990 19.740200 21.014200 
1507 2 11.458300 18.837800 21.588700 
1987 2 12.194600 21.671000 18.811000 
1104 2 4.999320 14.005200 19.400900 
1402 1 2.563970 25.290100 25.571100 
1975 2 6.324420 24.451900 25.181000 
912 2 5.214440 23.372200 16.791800 
1595 2 7.144740 20.134000 23.372400 
1277 1 7.611670 20.287700 17.509800 
1544 2 3.561400 17.179800 24.425700 
406 1 0.137157 17.706900 13.973800 
41 1 1.511390 21.832400 20.997200 
975 2 7.405790 25.833600 16.165400 
1635 2 4.205140 13.995700 20.691000 
1463 2 5.525560 13.950400 24.326800 
1156 2 10.872300 16.689600 18.485300 
433 1 11.620900 18.839100 22.286000 
600 2 6.180070 19.524500 23.083600 
127 2 3.900420 25.716000 20.432500 
1111 2 9.188040 19.675200 13.884400 
716 2 9.846010 24.716200 24.341700 
1810 1 6.152360 21.408900 15.204400 
1102 1 7.636800 17.921300 14.807500 
1822 1 10.663200 18.219700 23.986900 
581 1 13.152600 19.150500 13.953000 
1618 1 8.258540 25.015400 21.809800 
1532 2 7.112970 20.230300 20.583200 
1040 2 12.165900 15.639300 23.554200 
1949 1 2.268320 13.690400 22.756000 
1564 2 9.141100 22.254800 26.001600 
101 1 11.532000 16.038700 14.812000 
979 2 11.258400 17.817400 18.226300 
677 1 10.343300 18.657400 18.001500 
1 1 7.259330 23.740600 16.221700 
277 1 4.845040 23.026200 13.084700 
1002 1 7.470690 20.425500 19.669200 
880 2 4.545530 19.487000 13.935400 
422 1 4.838480 14.402800 16.421000 
231 2 10.618300 21.483600 17.796000 
1901 1 9.450620 23.051300 13.296900 
276 2 3.628980 17.092600 19.439000 
40 2 1.042920 16.026000 20.956100 
1191 2 11.405000 18.953600 23.873800 
1385 1 2.930450 15.557200 24.996100 
33 1 1.388940 17.726400 17.263400 
679 2 5.243770 23.255900 14.750100 
713 1 1.625580 13.016600 18.825200 
1645 1 1.766890 18.123100 22.788400 
819 2 0.776777 16.822500 13.687400 
787 2 10.941200 17.683400 19.058800 
1880 2 9.139960 24.340800 18.126100 
796 2 12.718200 23.053300 24.642600 
1330 1 6.495140 14.811800 21.184900 
1679 2 5.306880 22.219700 20.201900 
935 2 9.409590 15.090200 23.538800 
808 2 7.871770 23.018500 21.283500 
1139 2 1.149910 18.161700 14.314300 
525 1 7.895670 23.155100 24.109400 
656 2 2.640610 25.307900 24.871800 
1722 1 0.673004 25.638800 18.174900 
452 2 1.853220 23.611700 21.975900 
316 2 6.978140 25.165500 19.229000 
861 1 10.550900 21.938900 24.999400 
1686 1 11.965000 17.100600 17.702200 
1485 1 2.634990 24.133600 19.375100 
1590 1 4.346170 22.271100 26.696000 
752 2 9.268190 23.678300 21.617400 
1732 2 10.351900 16.264400 24.010000 
1319 2 4.563700 23.783400 23.598500 
1777 1 6.343220 17.876700 15.593000 
1925 1 7.033610 24.096000 18.504100 
1518 1 3.300900 21.335400 13.740100 
806 1 1.910740 15.322000 26.277200 
1019 2 6.641870 22.032600 14.768200 
1869 1 8.815010 16.967000 18.595200 
1272 2 11.059300 23.661000 25.134400 
1678 1 0.827277 17.227100 22.161300 
115 2 2.223810 21.866300 13.676000 
521 1 3.215920 16.822400 15.873800 
846 1 3.139660 22.930800 14.029100 
29 1 3.064320 24.800400 22.859800 
102 1 4.542290 16.039200 25.269600 
1112 2 4.504010 26.003600 16.503000 
714 1 1.334830 21.769300 23.569800 
760 2 9.299840 15.374300 15.314600 
1734 1 3.889310 26.175500 24.922700 
471 2 12.114800 23.544000 23.048700 
1412 2 -0.018967 25.606600 18.349800 
1392 2 11.946100 20.794500 23.075200 
1951 2 2.820700 22.994400 23.078400 
10 1 4.224820 19.717500 22.847700 
1744 2 6.892680 15.315000 13.795800 
512 2 13.516200 24.095300 19.982900 
614 1 1.021140 15.085800 13.726200 
1338 1 10.115800 21.672000 19.896700 
1597 1 4.223660 20.127800 21.207700 
882 1 6.840110 18.883800 24.263000 
1523 2 8.345120 17.697300 16.252900 
174 1 6.777310 15.461400 24.819900 
186 1 5.086380 19.063700 17.668300 
1055 2 6.357750 16.045800 13.838100 
226 1 1.501140 26.037300 13.404700 
1530 1 5.851640 23.846800 19.502600 
403 2 0.967018 21.683400 20.598100 
1795 2 4.834650 18.159700 19.704500 
735 2 1.170320 22.350300 20.722000 
1786 1 11.762400 21.174300 23.677200 
1998 1 5.113930 21.467700 13.411600 
400 2 8.820130 18.970400 23.398000 
644 2 1.824000 25.508200 18.365500 
1631 2 10.321200 24.963600 20.764300 
256 2 6.390150 21.085500 16.090300 
1371 2 3.911300 13.330800 18.695700 
901 1 8.836320 25.325700 14.629000 
1941 1 5.356160 25.990100 15.444900 
424 2 2.433020 18.108800 13.332400 
7 2 0.614566 20.029900 17.746000 
1802 1 7.305280 22.507000 20.775100 
1274 1 10.569600 21.379500 18.028700 
290 1 4.988280 21.588900 19.416300 
1580 2 9.148680 19.419000 13.763000 
1694 1 0.352875 16.704000 18.899600 
1024 2 0.069615 25.665800 23.541300 
1060 2 8.722790 16.739500 19.002300 
1520 2 8.904420 19.378600 20.889100 
439 2 3.526500 19.292700 16.001400 
1372 2 2.146470 15.566800 26.208600 
96 2 9.889990 20.577100 17.795800 
792 2 0.684839 20.769100 23.516000 
648 2 12.913400 26.371000 13.851000 
541 1 6.352820 23.591200 25.983400 
36 2 9.278490 23.277600 21.910600 
1799 2 3.066830 16.616800 25.421300 
1968 2 1.655450 19.500900 18.423100 
1200 2 2.737520 21.883000 18.755700 
1471 2 13.095200 24.792000 14.908600 
779 2 8.599040 20.755700 15.844000 
257 1 2.720160 19.597000 16.019300 
1107 2 0.289434 14.809200 13.088700 
514 1 5.378190 23.368900 16.665900 
460 2 1.749820 16.291600 21.816800 
1916 2 7.406400 15.914500 23.645400 
1816 2 3.232470 21.868800 22.048100 
477 1 11.641400 22.963000 19.044100 
333 1 3.291060 21.109400 19.076000 
116 2 4.866560 14.832600 19.810400 
1585 1 9.292910 23.963600 17.214500 
1067 2 1.210620 26.193400 24.027000 
913 1 5.063040 23.022300 23.641500 
1708 2 5.182200 24.401100 24.179100 
1289 1 8.425980 18.360900 19.043500 
980 2 12.735500 14.300200 19.323100 
1519 2 7.742360 24.747800 16.040100 
1194 1 12.259900 25.799700 20.018400 
1339 2 13.230000 15.525600 25.488500 
1282 1 1.749180 17.493900 13.818800 
1702 1 8.205070 23.591800 21.153100 
1106 1 9.147120 25.133700 25.038500 
1062 1 12.846400 19.629800 19.673500 
1947 2 4.572280 19.586100 19.035700 
1633 1 9.576820 23.091800 23.096300 
617 1 3.116720 18.080000 26.007200 
1848 2 10.660100 26.399900 18.986000 
142 1 7.366860 13.708000 23.937400 
597 1 12.544700 25.925400 22.918300 
547 2 3.047520 13.333200 21.800800 
1335 2 4.858160 13.935900 13.271200 
863 2 4.201290 14.223100 17.153200 
1711 2 4.525230 18.859600 14.234800 
960 2 8.664210 19.029200 26.316600 
813 1 12.210200 20.173900 25.542300 
798 1 10.064300 25.215300 26.145400 
968 2 2.242490 18.369200 26.245000 
1863 2 17.430400 0.383691 6.150490 
1808 2 14.709600 12.356000 3.271230 
1621 1 15.644500 0.720123 0.670174 
1712 2 16.753900 8.734440 12.347200 
1186 1 13.299900 8.847440 7.531720 
334 1 19.697400 10.384900 6.757650 
1077 1 24.448300 10.798000 2.546120 
1749 1 14.168700 7.538430 2.392630 
23 2 21.394800 8.607970 6.485600 
736 2 18.416000 3.765720 0.359240 
1088 2 24.876200 9.816650 0.858599 
1279 2 19.540900 5.903070 4.721570 
27 2 15.977900 8.780790 10.499700 
273 1 17.787500 9.320800 4.478750 
755 2 15.626700 11.870100 12.125700 
1211 2 20.952000 8.140810 1.689000 
255 2 14.797100 9.995660 6.234700 
1199 2 23.196200 4.431920 4.118390 
773 1 26.208500 11.274900 0.793381 
194 1 16.330500 9.961740 1.562760 
1915 2 17.090700 12.362900 5.750750 
152 2 17.823700 9.594790 9.431380 
1076 2 21.695300 5.996570 2.586420 
1214 1 13.274200 11.250300 3.659640 
1664 2 13.781900 9.867330 12.978700 
375 2 16.230700 4.340090 11.692000 
1961 1 19.936700 3.374020 3.543400 
641 1 17.649700 6.129030 11.310100 
1772 2 22.701600 6.415500 0.552192 
739 2 16.726900 12.388500 9.835480 
561 1 24.537000 0.021382 9.032270 
1015 2 17.374200 11.304000 0.809683 
1849 1 14.679600 2.628840 9.546720 
596 2 17.033200 12.586600 7.636670 
345 1 21.100000 6.872660 7.690570 
47 2 19.675000 4.801280 6.699830 
1433 1 14.713800 8.160680 10.388500 
1245 1 14.880500 2.597740 3.884010 
497 1 16.863100 13.051000 12.976900 
184 2 20.418200 3.329140 3.487800 
1379 2 15.428700 0.301269 10.940800 
337 1 14.948600 10.410700 11.224900 
407 2 16.386900 7.310030 2.536300 
8 2 24.957400 3.193560 10.109700 
232 2 20.710600 0.450330 3.542260 
527 2 18.973000 4.722820 9.471020 
1294 1 14.467600 3.916180 11.934300 
275 2 18.580800 11.969300 8.578880 
562 1 14.771200 6.943290 8.339170 
807 2 16.483100 0.304350 8.508930 
1164 2 23.245100 5.136580 10.789100 
1314 1 13.815400 6.262350 12.451700 
1394 1 19.648100 1.793400 1.528970 
1890 1 21.919100 9.614660 11.530200 
342 1 15.064300 4.391190 1.194630 
201 1 26.436100 12.748000 0.572023 
83 2 19.121600 6.161320 0.364481 
1209 1 24.352200 4.551360 7.190130 
1154 1 15.645700 1.468720 5.994760 
1567 2 15.422600 1.841800 0.829832 
1888 2 15.462600 1.813760 5.703970 
1969 1 24.855400 3.926040 9.610300 
544 2 15.315900 10.055400 5.128710 
697 1 18.174100 13.697100 6.486380 
1315 2 24.020400 2.144740 8.611820 
1957 1 18.421100 12.559200 3.383090 
1145 1 22.407200 13.171200 10.452000 
1703 2 17.134700 1.832910 7.059970 
138 1 24.794000 8.029560 5.715510 
1908 2 25.482700 10.070800 11.578500 
1366 1 17.010600 12.632900 9.229600 
1176 2 19.454700 4.388540 12.931500 
442 1 17.463300 5.002240 0.719748 
81 1 14.012900 3.232860 6.234170 
145 1 17.872100 13.105800 7.956140 
1723 2 17.178700 8.456900 10.070400 
258 1 26.142500 9.319940 0.984567 
331 2 24.848400 0.890878 12.455700 
595 2 22.253400 6.998750 4.581640 
1005 1 13.881100 9.311960 13.066000 
1628 2 17.889800 0.487169 7.626620 
20 2 18.281700 7.486300 2.118140 
1302 1 17.642000 8.669690 2.533270 
425 1 17.711200 0.863471 2.129070 
1665 1 22.113800 2.908740 12.247700 
1026 1 20.547000 7.101730 10.048300 
517 1 15.945000 5.833190 4.733850 
537 1 23.644900 11.888700 9.190260 
563 2 19.383800 0.531065 1.633940 
1307 2 13.525300 10.240300 6.778790 
955 2 25.715800 13.040600 6.425110 
1735 2 24.581700 12.540200 0.792225 
1587 2 24.956000 11.750100 4.278950 
1204 2 15.203800 1.247350 5.322130 
1413 1 23.918900 6.666650 10.754000 
49 1 24.417000 2.395730 5.421130 
1309 1 23.099300 5.499810 11.655600 
286 1 21.268500 6.617900 3.392920 
1345 1 26.318200 10.711900 10.604800 
1542 1 18.710200 12.937600 10.968000 
1505 1 14.849400 8.974410 5.932890 
1181 1 22.800900 12.625300 7.740020 
615 2 21.885800 13.232200 0.866094 
580 2 17.501400 12.773700 3.815450 
94 1 21.663800 6.801370 0.961302 
1169 1 24.135000 2.644100 9.261730 
1341 1 23.881400 2.576970 0.371011 
1462 1 20.279600 4.267540 6.712380 
631 2 13.851300 8.364960 5.883810 
1174 1 24.258400 5.262080 4.318880 
1948 2 15.439300 2.540040 2.630660 
700 2 16.007300 5.700870 4.220070 
786 1 24.247800 5.718170 5.952280 
1579 2 22.899200 8.757650 10.925600 
1630 1 20.287600 10.562800 10.041700 
1071 2 17.975000 0.053930 9.981300 
1871 2 24.995600 6.163740 7.822680 
172 2 24.161800 7.187220 5.661770 
1617 1 19.674000 8.404440 1.884100 
1642 1 15.245700 10.561700 5.912380 
1602 1 22.016200 3.696310 3.132380 
867 2 22.179800 7.086320 8.587050 
1021 1 17.160100 2.519500 9.648700 
1225 1 25.828200 12.569500 8.361380 
125 1 19.605800 6.562740 5.779820 
1129 1 26.160900 2.160130 10.668800 
708 2 22.463500 2.900030 10.953700 
92 2 18.722000 5.890210 9.743870 
216 2 15.024500 2.943160 8.690660 
371 2 23.708200 12.053600 7.029960 
437 1 20.907500 12.061700 4.547560 
835 2 18.375100 2.759910 -0.061708 
1443 2 24.472400 3.317860 10.025700 
1267 2 15.593100 8.113450 2.765620 
601 1 24.279700 7.592090 12.400700 
1767 2 14.055900 7.397680 10.925600 
670 1 22.516200 10.019500 5.459590 
175 2 14.005000 10.451200 10.970500 
1876 2 14.722800 12.157600 6.598100 
927 2 26.554800 6.194070 -0.142659 
553 1 16.052400 6.622820 0.778041 
1230 1 26.227100 7.001990 12.761200 
1084 2 25.244500 13.288200 8.171000 
1921 1 20.232800 10.186300 1.067900 
1780 2 18.231700 3.152280 6.356320 
1193 1 22.582000 9.681490 9.137950 
108 2 22.215100 2.180120 5.323590 
523 2 22.012500 7.024720 -0.346211 
1295 2 13.973300 3.561550 4.275850 
167 2 19.722600 7.131780 11.575800 
426 1 17.450700 12.362800 4.878190 
1823 2 22.000300 7.065790 2.371440 
104 2 17.763600 6.131580 1.438780 
111 2 17.336700 4.491910 12.424700 
318 1 16.531500 7.619610 6.804480 
1239 2 23.039200 12.986100 9.973550 
1551 2 19.906400 12.754200 2.470830 
764 2 13.999900 4.280000 5.581540 
144 2 20.859300 9.788310 11.197700 
838 1 23.878700 10.147200 6.893800 
1594 1 18.168500 11.635300 10.107900 
1284 2 19.004400 9.657460 5.889440 
896 2 25.206400 3.198760 5.869430 
1668 2 22.033900 9.336750 1.061990 
1817 1 21.225200 8.643130 0.933477 
565 1 13.923400 2.286400 4.686250 
1775 2 13.645400 12.916700 12.860700 
616 2 18.966100 12.313800 11.091200 
916 2 20.344200 8.574450 5.969330 
607 2 23.039300 5.177470 6.109250 
479 2 16.101800 7.358470 6.929220 
747 2 18.170300 3.502490 2.178620 
1377 1 18.680300 1.793040 6.039320 
1219 2 17.873300 6.898900 6.233780 
1286 1 20.274800 8.779140 10.226100 
296 2 13.689400 8.453070 1.740000 
228 2 19.142100 8.911540 5.744450 
401 1 17.228800 3.616150 3.213940 
1743 2 23.766700 9.773980 2.195340 
961 1 23.977700 5.431660 -0.003477 
357 1 19.242200 4.893940 9.734210 
1003 2 24.898800 5.774190 11.978900 
569 1 19.480400 12.205100 1.375340 
539 2 14.588600 4.576260 7.366850 
1887 2 24.139600 7.202420 11.947400 
265 1 22.189600 5.202790 7.199310 
785 1 21.146500 8.106500 6.178460 
496 2 15.875700 9.203980 12.314800 
1648 2 23.348900 1.505280 10.067200 
1393 1 19.710900 4.599820 8.644310 
963 2 25.322400 10.032800 11.537800 
1072 2 21.242800 5.982540 7.883340 
248 2 15.136700 6.698310 9.350540 
1996 2 18.807600 0.572224 8.443890 
1159 2 25.370000 5.807440 1.153100 
1501 1 14.224700 12.766000 5.870550 
361 1 14.683800 2.319390 1.817880 
1609 1 17.522600 11.389400 0.757832 
1750 1 19.352500 10.461400 13.272800 
1414 1 17.791800 10.427500 9.850680 
1411 2 20.249800 3.298180 4.484410 
1491 2 17.642400 11.996900 2.793390 
1432 2 19.630700 12.172000 1.692390 
1929 1 22.957300 9.292600 1.495290 
803 2 21.484600 3.550890 10.667300 
1126 1 15.219800 10.215700 7.137260 
1624 2 17.427800 0.463856 3.477420 
46 1 14.061600 12.815800 12.757700 
1914 1 19.628400 0.213128 8.295580 
131 2 20.333400 10.307300 9.184980 
486 1 23.572600 0.790846 11.195600 
1565 1 17.952100 2.962080 7.151840 
720 2 23.854700 11.183600 7.409890 
220 2 20.100100 2.317540 1.828350 
1603 2 14.475300 10.400400 2.922460 
653 1 14.234500 12.148300 2.794160 
1150 1 18.130100 0.375136 11.635900 
1763 2 21.360900 10.631100 9.613410 
762 1 18.507000 1.136660 8.955270 
1246 1 18.288900 5.890380 4.788460 
950 1 22.379600 5.316650 2.216280 
756 2 15.209700 5.072040 12.077200 
1973 1 22.150300 8.309960 2.073850 
1242 1 24.569700 9.463020 12.128700 
1046 1 15.685500 12.742000 10.171000 
1599 2 24.116200 11.589100 0.980429 
1090 1 16.148300 4.683840 8.378060 
389 1 25.740000 10.399300 3.742030 
1064 2 24.991500 8.591580 5.684230 
1586 1 21.635500 3.621100 10.460600 
76 2 22.841800 7.344770 13.287300 
1321 1 19.948800 5.627120 -0.182557 
706 1 20.540900 0.481392 2.477090 
459 2 24.074300 7.666260 4.845040 
1852 2 19.233300 6.952740 4.412690 
1113 1 22.877200 7.133810 8.312120 
769 1 19.927500 11.509500 11.104700 
350 1 25.598700 5.991830 2.056120 
161 1 17.976000 2.664900 2.453260 
1981 1 17.954400 7.070930 12.457100 
1376 2 21.659100 8.270200 11.858800 
850 1 17.287400 0.317604 3.795830 
418 1 14.259000 11.950700 8.592770 
1637 1 13.910500 4.972120 7.074330 
591 2 16.901200 2.016100 2.385690 
1354 1 18.246600 8.081590 9.392110 
593 1 15.470300 4.006360 4.728820 
507 2 13.728600 9.734270 13.298600 
1638 1 22.848900 10.567500 26.306100 
362 1 24.726700 2.398190 25.745400 
1250 1 24.629000 3.838460 14.544600 
887 2 18.862100 11.169900 20.840000 
1482 1 19.117400 9.231160 15.202600 
946 1 17.995800 1.122890 19.491400 
1447 2 22.695400 5.253250 25.943200 
658 1 25.507000 11.235700 16.027200 
468 2 15.889300 4.157800 25.048700 
536 2 18.309100 4.526530 24.110900 
5 1 20.003000 3.581030 25.036300 
1896 2 25.265000 10.932500 14.672700 
772 2 15.923200 1.145370 14.445700 
1683 2 12.935100 7.488680 18.035500 
432 2 19.208300 8.630130 22.878200 
388 2 22.931200 9.842160 14.061200 
330 1 19.960700 4.957840 23.901200 
1085 1 19.514300 8.980050 22.627300 
1161 1 25.756400 7.192590 26.633800 
1304 2 21.074000 3.889910 22.703700 
165 1 15.005300 6.754230 15.600000 
1095 2 23.237200 5.593320 14.997500 
420 2 17.072800 2.463560 16.977300 
341 1 21.145800 6.946460 14.652600 
399 2 26.111500 10.161000 24.967200 
1894 1 16.494000 7.429630 13.882800 
1023 2 16.449900 5.006110 15.882400 
1698 1 26.534600 2.735450 13.737700 
445 1 16.882600 3.379760 18.572000 
1644 2 21.559700 0.947903 23.994500 
1101 1 14.073800 9.659550 23.748100 
1148 2 16.249400 4.943870 13.609300 
907 2 17.779700 10.192800 15.601500 
18 1 23.642500 3.680460 22.812800 
1217 1 13.406200 0.603667 26.275100 
484 2 20.134600 2.325300 17.389800 
983 2 14.000100 11.085700 23.002500 
1627 2 18.304600 11.013400 26.395700 
1241 1 15.724300 11.242400 22.969600 
1778 1 16.282100 10.720100 19.900100 
34 1 17.881800 6.011280 16.849700 
35 2 20.768100 10.832600 24.764400 
1149 1 25.789400 7.587870 23.379800 
862 1 26.073000 4.245330 26.261800 
511 2 22.279900 12.387500 15.240300 
1121 1 16.506000 10.233600 26.092900 
1350 1 23.008500 7.279740 16.117000 
707 2 14.651400 7.554870 26.396500 
191 2 17.804600 0.311779 25.205000 
1559 2 22.702400 11.331800 16.920500 
377 1 23.762900 7.467610 16.884400 
1654 1 20.447200 10.220700 23.682700 
264 2 14.517400 11.375500 14.533800 
113 1 19.395500 8.080680 16.017600 
245 1 23.313300 9.217710 19.485300 
1729 1 25.822500 9.605320 20.303700 
519 2 25.930600 6.363680 23.331400 
1408 2 15.619300 2.689700 19.385400 
1820 2 20.276900 11.928900 23.590100 
825 1 14.092200 5.909710 16.825800 
810 1 21.346700 9.068340 15.545800 
1918 1 13.107100 7.263600 17.867300 
1488 2 14.066900 6.498680 15.045900 
548 2 16.203700 8.908770 24.739500 
1170 1 21.686000 4.380370 13.821400 
815 2 17.911100 7.574610 13.803900 
1528 2 15.945800 10.470100 19.583800 
1388 2 13.416900 -0.205078 15.322700 
1548 2 20.903900 10.892800 16.321900 
1469 1 16.693400 12.561400 16.078800 
919 2 23.060700 13.178500 15.272000 
937 1 22.458300 1.944730 15.722100 
310 1 16.761700 1.757800 21.578200 
1074 1 23.180700 4.020440 24.447100 
1151 2 16.339900 4.468320 20.498900 
1983 2 23.888900 8.299860 17.645600 
1689 1 14.483500 11.450100 13.403200 
921 1 24.089900 7.247720 15.376200 
965 1 22.261600 5.699850 25.039900 
1970 1 21.571700 3.488330 18.338200 
1434 1 14.906200 10.384200 13.888900 
311 2 18.809700 12.552100 20.155800 
1653 1 21.776700 12.991400 24.517800 
1029 1 25.005400 9.734240 17.887800 
991 2 25.080700 3.875880 18.500000 
1499 2 20.072300 1.007230 14.948800 
703 2 24.984200 2.085640 21.638100 
292 2 22.608800 10.007500 19.162000 
733 1 19.841500 12.259500 14.109300 
1016 2 23.790700 7.420630 15.971100 
1487 2 15.234800 6.839610 19.012100 
1196 2 25.202300 3.779760 14.109400 
1704 2 24.663600 2.615700 21.046200 
380 2 17.006300 8.170290 17.065100 
370 1 20.044400 12.089600 23.504000 
1454 1 14.876100 5.832480 20.995800 
1691 2 23.745900 8.120810 15.115900 
1607 2 16.133900 8.963080 23.273600 
90 1 24.373400 11.579500 26.449200 
218 1 22.049200 11.470300 14.507800 
774 1 18.269800 11.068200 19.730600 
1004 2 18.103200 2.109650 14.651900 
335 2 21.082100 8.898350 13.852200 
766 1 20.185400 0.128200 15.714000 
283 2 19.120400 2.791120 15.424300 
1556 2 18.980000 5.636870 15.580600 
632 2 22.245500 12.665300 14.616300 
1370 1 15.406600 0.226600 25.369000 
1512 2 21.661800 8.851960 21.967300 
749 1 25.262300 3.710980 20.962400 
696 2 24.441400 7.554230 25.025200 
1906 1 22.894200 7.675940 25.644300 
1243 2 20.485900 6.471290 22.337900 
1839 2 14.796900 0.207819 13.851600 
1132 2 21.941400 9.192890 25.831200 
948 2 15.998800 0.221114 26.589800 
845 1 20.977000 3.664340 21.679700 
571 2 20.262400 3.396190 24.581000 
588 2 13.431500 6.695140 19.841200 
348 2 24.901800 9.416690 18.502500 
1476 2 16.822900 5.721860 19.598500 
1766 1 17.205600 5.759250 15.646600 
1930 1 24.607800 1.183750 19.554800 
566 1 24.866800 6.649720 14.207600 
1619 2 22.645700 12.256800 23.223300 
1234 1 14.131200 3.144530 21.929100 
1847 2 23.244200 12.865700 18.944400 
1293 1 22.809500 10.250900 23.001100 
1697 1 23.066500 1.374980 21.828800 
369 1 17.273800 0.722179 26.282700 
351 2 15.539400 1.417740 15.712800 
122 1 15.111200 3.985610 15.544300 
1058 1 19.675200 4.246570 15.550900 
498 1 13.137800 5.472060 15.399700 
54 1 18.491000 0.559714 17.816200 
804 2 18.146000 12.304500 16.218800 
280 2 26.187300 7.441080 21.763100 
925 1 14.914700 5.472830 23.279500 
676 2 22.715800 2.200960 20.094500 
933 1 21.258100 7.846840 22.193300 
947 2 14.186700 2.751840 14.253400 
379 2 23.341600 12.301900 22.674400 
321 1 22.626100 11.830700 19.981900 
1527 2 25.442300 9.645760 14.943800 
1902 1 24.487900 8.564430 24.300100 
892 2 23.194500 0.706119 16.069000 
237 1 20.286600 12.475500 21.765900 
1814 1 16.949800 4.265760 24.964100 
629 1 19.360700 2.530960 16.599600 
378 1 17.622200 5.692470 20.600800 
684 2 19.928600 5.314790 17.065300 
780 2 19.689100 7.333910 20.828100 
734 1 14.613700 7.937230 25.085700 
1237 1 24.277500 9.493930 14.202400 
171 2 15.179100 2.891580 18.703500 
717 1 15.368800 2.409640 25.194800 
1116 2 20.434900 6.330400 17.046600 
1453 1 17.319400 9.708800 24.510500 
639 2 20.727100 9.400500 18.793200 
1728 2 24.420800 2.465430 26.529300 
767 2 25.464500 8.536110 19.354700 
1288 2 13.296700 8.827740 15.481700 
466 1 21.723600 6.703540 19.579000 
877 1 23.369000 11.365400 17.560800 
1850 1 17.374000 8.325130 16.793300 
189 1 14.412400 5.393320 18.815600 
1552 2 18.806200 1.335950 19.919500 
1555 2 24.158900 2.937980 16.641300 
386 1 15.745100 4.190010 14.040500 
1456 2 18.797500 8.938450 15.808300 
1574 1 16.901300 6.056610 23.969000 
229 1 14.448000 3.036460 19.785500 
1899 2 23.150200 6.695410 23.359200 
818 1 23.841600 13.111800 17.874700 
1383 2 22.111700 7.334610 14.476700 
1075 2 18.089900 1.869520 21.209900 
1710 1 18.823500 3.452900 13.648800 
1007 2 17.707200 10.239800 22.802800 
1509 1 25.367900 1.635330 24.196100 
1087 2 18.266200 4.302600 17.703500 
1805 1 17.031700 2.641770 16.207100 
1123 2 21.865100 7.488570 20.526400 
323 2 21.322100 3.871130 14.729700 
911 2 18.084100 1.818730 19.051200 
207 2 22.716600 10.902500 21.270400 
163 2 21.900600 5.202020 22.570300 
53 1 15.723900 9.234550 21.640300 
704 2 13.960300 12.954400 21.916500 
545 1 24.475900 -0.110471 16.202700 
17 1 23.588700 5.882120 15.090200 
1264 2 22.643100 4.062180 25.477700 
204 2 22.749100 6.130020 19.415600 
1578 1 25.185000 12.349900 24.094300 
585 1 13.375100 10.964400 16.263600 
583 2 16.161200 5.035300 24.160300 
627 2 14.370800 12.638000 25.362200 
1525 1 13.103500 2.937920 13.466600 
802 1 25.232500 11.520600 14.877800 
1649 1 24.499200 1.460890 15.554300 
1068 2 19.008700 12.170000 26.809100 
1661 1 24.951800 6.752680 21.109000 
1986 1 18.172900 1.988710 20.333500 
1510 1 19.600600 10.320200 25.978800 
550 1 19.836700 2.270050 18.409600 
1614 1 18.031500 12.293700 14.195900 
1363 2 17.358800 1.327120 25.465900 
1216 2 26.488200 12.618800 16.282600 
387 2 16.946900 5.990890 21.794700 
865 1 20.390100 10.071400 17.891500 
814 1 15.549800 7.365090 18.802700 
860 2 19.026600 9.631120 17.730800 
1508 2 24.683900 1.439760 15.623300 
1224 2 25.541900 6.270080 20.727300 
16 2 16.113300 2.455010 24.561900 
832 2 24.108600 9.054060 22.110800 
1125 1 21.276700 4.774840 20.038200 
118 1 18.541500 0.339958 25.405000 
551 2 17.953100 7.719100 16.434500 
72 2 13.759100 1.002590 21.878000 
1045 1 24.918400 4.764260 19.163800 
1128 2 17.361600 9.162010 25.842300 
1334 1 18.644700 6.109610 18.336200 
1962 1 25.578600 13.578700 19.955300 
85 1 19.502600 5.781250 22.942100 
411 2 20.364300 5.506700 19.232500 
1343 2 20.727700 1.635470 22.217400 
1475 2 14.151800 5.909380 21.296800 
1009 1 17.534100 4.415230 20.074900 
1581 1 21.038300 12.815300 16.920600 
1562 1 21.119500 5.824190 16.648600 
1013 1 18.301600 9.755560 21.853400 
240 2 14.501400 -0.087605 17.494500 
500 2 16.256000 11.678500 22.874300 
103 2 17.219100 12.042800 22.437200 
1361 1 20.855600 9.152590 18.802800 
858 1 25.305000 2.962650 17.544100 
308 2 24.144500 2.682290 25.320200 
794 1 22.315600 9.426240 21.981800 
765 1 17.601900 12.808400 21.650900 
414 1 16.860600 1.609390 16.886400 
1838 1 22.518800 7.039280 21.763800 
1960 2 18.246400 10.129000 19.011000 
95 2 13.354000 5.795170 24.840600 
1368 2 20.926100 6.160150 14.895600 
718 1 23.466900 11.232500 21.852400 
1706 1 22.689400 10.346700 16.040000 
197 1 19.077500 1.449160 23.142600 
1811 2 13.442800 5.106520 15.822300 
1845 1 21.569400 0.566294 24.103700 
266 1 14.477700 1.816210 15.390700 
183 2 20.700200 1.205170 24.382100 
68 2 25.123900 0.257974 19.796300 
1834 1 15.572300 11.658400 20.103800 
898 1 22.067700 0.572580 14.205100 
1424 2 22.994600 12.443900 21.471800 
58 1 25.821800 0.395654 21.124000 
1913 1 13.683100 12.735800 22.373200 
1188 2 18.912800 12.643500 13.677200 
1479 2 18.423400 11.305300 13.929200 
1017 1 20.163500 3.437320 13.734300 
1714 1 18.627700 3.594700 26.213500 
84 2 13.552600 3.502200 13.520800 
730 1 18.198100 22.331100 8.793950 
1636 2 23.673300 26.045500 11.366900 
934 1 16.289300 24.588300 5.706260 
1080 2 17.687900 19.962400 2.212950 
1860 2 22.383600 14.387500 7.894500 
297 1 14.234500 17.237700 11.126900 
354 1 16.895100 19.251800 13.349100 
724 2 18.073100 22.896500 7.061570 
1305 1 21.982700 25.782500 7.151690 
662 1 19.092200 24.534100 6.912300 
687 2 15.750200 25.224400 1.010640 
800 2 18.920200 17.334000 11.508400 
443 2 23.015100 22.312200 6.803020 
613 1 21.404000 23.656900 11.842400 
1457 1 17.257800 26.708200 9.223560 
1692 2 22.402800 23.559400 11.545000 
295 2 25.063900 18.739400 10.758700 
977 1 14.185700 22.468200 4.720410 
465 1 15.072200 23.512400 11.467900 
157 1 15.306200 26.561700 5.565850 
383 2 25.022700 14.820400 6.760660 
364 2 16.794200 13.898800 11.509700 
1769 1 19.490700 16.207000 11.448600 
332 2 15.742600 18.838700 0.376579 
1310 1 26.071700 22.949800 12.249200 
909 1 15.254000 15.993500 12.555700 
668 2 21.180500 21.134800 11.745800 
288 2 13.369000 18.591500 3.735830 
1831 2 15.766700 24.616100 5.169920 
150 1 25.779500 24.538600 6.738620 
21 1 14.904000 16.793000 7.439600 
1318 1 20.088000 21.521300 4.010880 
1298 1 25.831500 22.157500 0.686509 
693 1 22.581300 24.882700 3.623980 
170 1 20.899300 23.379600 1.006820 
657 1 16.658700 23.450300 11.903900 
1669 1 23.900800 23.150400 5.896610 
589 1 22.373300 15.538900 11.515100 
673 1 16.948200 26.347100 5.920120 
797 1 24.942100 22.900800 11.106000 
187 2 24.724300 22.866700 5.839660 
434 1 18.759100 17.137400 10.980100 
1757 1 14.200600 23.759000 7.599060 
652 2 19.425700 15.600300 1.476950 
1233 1 17.833100 20.564200 1.852430 
1061 1 22.943300 17.221500 10.384600 
1837 1 23.894200 21.533100 8.878470 
1643 2 14.942300 17.908700 1.087340 
69 1 15.666300 14.356200 1.082820 
647 2 22.264900 25.487500 10.457000 
874 1 17.088600 21.438700 5.829650 
570 1 25.799100 22.649700 5.857430 
1420 2 22.966800 17.140600 2.104080 
395 2 25.101300 23.531100 1.690950 
1596 2 26.038500 20.538200 3.075220 
1623 2 24.697600 19.719900 12.300000 
1541 1 26.400500 16.050000 12.209100 
661 1 24.452400 16.562800 5.468110 
1568 2 16.915000 24.676600 12.427900 
1803 2 19.559800 22.685300 4.433480 
939 2 17.806500 25.537800 4.092400 
1326 1 21.185700 18.557200 3.223420 
841 1 22.961700 20.754300 3.142300 
214 1 17.124300 18.927000 8.681780 
1670 1 19.221900 17.634700 9.249450 
244 2 20.445800 18.550300 1.845620 
1006 1 21.758200 17.465300 5.633980 
463 2 19.120200 19.166900 0.675281 
1078 1 20.284000 19.093800 8.595180 
1583 2 13.376900 24.621900 4.759590 
722 1 17.615500 24.767500 11.729600 
638 1 22.675400 25.859800 10.634200 
906 1 17.235300 19.144000 4.678130 
758 1 19.720100 24.626100 11.648800 
1131 2 15.756600 20.621700 12.596300 
1042 1 18.983400 13.819200 12.588000 
470 1 15.857800 24.199900 4.229230 
1846 1 14.592500 18.634700 5.245620 
67 2 25.305800 19.504100 5.411780 
1657 1 18.339000 21.970600 4.689010 
923 2 21.847100 20.095700 0.198338 
1699 2 17.613400 15.190400 3.501930 
1195 2 12.990800 14.806300 3.815770 
1031 2 21.698900 17.855700 11.895500 
1255 2 25.357900 15.350900 2.687450 
763 2 15.172700 25.755400 12.189700 
1312 2 15.758900 15.867400 2.856010 
259 2 26.579100 15.600300 2.115320 
363 2 22.191600 16.805000 2.130560 
1693 1 25.459700 26.201300 1.396110 
776 2 24.709800 21.968900 10.915400 
1355 2 14.158400 24.101700 7.574760 
1861 1 18.159100 15.105300 3.275830 
1323 2 26.090600 19.286100 5.622950 
1713 1 23.132700 22.950400 1.427610 
1238 1 16.873600 21.958500 3.068090 
215 2 24.262900 15.484100 11.183500 
683 2 13.775100 14.695700 12.170200 
352 2 23.435900 22.948400 5.181970 
1464 2 19.831000 18.852000 9.341960 
1923 2 20.318000 24.041000 2.818020 
894 1 16.651900 13.732800 3.032580 
1410 1 22.297100 14.922800 6.763690 
1593 1 25.548700 13.755100 7.078830 
878 1 25.809400 15.616500 1.853890 
836 2 14.077000 25.909800 5.205000 
239 2 13.756000 17.166500 8.930280 
998 1 22.293900 14.048700 8.260060 
1900 2 16.111800 25.059400 6.458380 
1798 1 15.633000 19.334300 1.021240 
1231 2 22.597100 17.927100 4.602280 
1442 1 25.765700 19.823100 5.204270 
974 1 23.716200 19.292300 13.173500 
480 2 21.955400 20.684100 3.298480 
1600 2 25.809600 15.941000 12.666000 
732 2 26.316300 26.346300 1.992640 
630 1 26.702600 17.008700 9.158440 
1297 1 18.133100 24.961600 3.158460 
549 1 15.764500 20.919000 10.260300 
994 1 21.569100 18.101700 11.749300 
817 1 26.635000 18.118300 6.530350 
1460 2 24.875500 19.833100 8.564300 
250 1 19.981100 20.528900 2.087740 
723 2 19.389800 16.583100 7.130450 
694 1 22.870200 16.731200 1.639930 
198 1 16.818900 15.790700 8.465640 
1620 2 21.667600 14.909000 1.210430 
1755 2 17.160700 18.530200 3.209980 
936 2 24.497000 22.723800 3.285080 
778 1 25.088100 18.057600 10.335200 
740 2 24.653500 19.216200 11.305600 
3 2 24.116200 25.369400 4.992250 
811 2 25.498300 23.559300 12.683000 
1569 1 20.421500 14.244600 8.312510 
1680 2 20.693400 18.159700 11.588600 
246 1 15.648500 21.695600 8.496160 
1054 1 20.778800 17.127700 12.626100 
302 1 20.212200 24.669700 4.267190 
1483 2 26.747100 16.595100 10.676100 
710 1 14.811900 26.134100 12.403700 
1738 1 23.126700 22.972200 3.745400 
1895 2 16.387700 14.683800 3.284570 
1582 1 25.910700 23.479800 0.440659 
1011 2 13.666700 20.854000 -0.291793 
200 2 14.526300 13.394100 12.026100 
904 2 24.846400 15.706300 2.114010 
552 2 16.894200 16.891400 3.286870 
1690 1 20.238600 14.198000 4.568340 
660 2 18.040600 13.291600 10.015700 
1667 2 19.982600 18.973300 8.655670 
915 2 25.819100 20.293000 2.638950 
1422 1 23.806600 25.150400 11.844200 
73 1 23.136600 17.063900 3.142180 
1866 1 24.074100 15.604900 13.137200 
1349 1 14.384000 18.973800 8.973100 
633 1 13.311700 25.337000 8.950030 
135 2 19.186800 15.679900 9.990760 
1032 2 19.906600 24.500200 12.145900 
1794 1 26.082200 25.586800 4.335900 
499 2 18.406600 24.464800 8.941450 
603 2 15.017400 17.004800 5.365270 
449 1 24.360500 16.198400 7.544960 
192 2 13.946200 17.216300 11.841900 
945 1 25.201400 18.006700 2.234060 
1362 1 20.523200 20.538300 6.694530 
1252 2 14.877000 26.361800 11.750700 
1608 2 24.443000 15.777600 4.929990 
1771 2 24.279600 15.741600 2.384640 
526 1 20.351100 26.189000 13.029500 
964 2 20.332800 24.698400 1.613020 
1374 1 17.163700 16.277900 13.309300 
1782 1 19.214000 21.096700 9.297660 
890 1 21.265200 21.526900 10.620600 
1761 1 20.694800 16.397200 6.936110 
1384 2 24.100400 21.083800 6.416590 
493 1 15.237400 15.952100 3.484330 
1105 1 18.286300 17.080000 0.550502 
770 1 22.475300 18.236200 4.635240 
1840 2 15.556200 21.939000 0.187787 
1221 1 21.523000 24.815900 6.343740 
640 2 21.122200 23.330400 10.064800 
2000 2 15.061500 22.923600 9.851770 
1889 1 18.502500 22.917000 7.166660 
1865 1 23.890500 25.416800 5.481380 
1790 1 24.018800 20.454400 11.959600 
905 1 15.261600 26.071000 10.667200 
854 1 16.241600 17.420200 3.663000 
1081 1 25.957100 23.007500 3.934640 
1490 1 16.053400 18.039900 6.696490 
1762 1 18.658100 16.736400 2.966930 
1396 2 22.198800 15.032900 12.009000 
1417 1 24.042600 26.542000 4.642580 
272 2 19.030700 22.798400 9.902440 
75 2 15.799500 20.479700 9.118740 
287 2 25.910200 25.521300 7.869410 
25 1 14.720500 16.966100 3.222250 
520 2 26.533100 26.417800 7.954750 
1675 2 17.791200 23.537500 11.173000 
1934 1 15.962100 24.976000 9.154060 
1843 2 24.477300 24.293700 2.416610 
868 2 25.105700 17.100800 8.070370 
1547 2 22.967200 16.485400 7.670070 
782 1 17.108600 13.648700 5.987000 
260 2 23.240800 26.123700 4.371240 
1409 1 18.955200 23.040800 10.265900 
1283 2 19.922100 13.453600 5.569210 
1198 1 23.491100 20.217100 5.960410 
121 1 21.981100 14.017100 1.226310 
1470 1 15.009600 21.328900 0.982139 
1991 2 20.778100 24.155200 10.268200 
1466 1 24.932600 14.438900 2.824160 
1028 2 15.346900 17.662500 7.002720 
1720 2 17.831500 21.417300 4.168930 
951 2 21.324800 14.153500 4.717410 
529 1 21.937000 14.653400 3.371110 
1468 2 16.776300 14.934900 2.250580 
1187 2 17.173200 21.556900 8.114760 
155 2 21.408400 24.967800 6.668820 
715 2 14.192100 23.154800 12.756200 
390 1 22.400100 18.462400 9.778800 
646 1 24.075500 15.181700 1.488030 
568 2 23.230000 18.163000 9.203350 
50 1 20.083300 25.181500 0.588920 
1719 2 20.611500 20.959800 7.160620 
224 2 21.114200 16.222100 5.381950 
754 1 25.512100 19.835400 9.323820 
1972 2 17.917800 19.858000 9.020010 
419 2 22.173800 21.515700 2.799060 
365 1 20.356100 23.130400 10.192500 
74 1 22.665500 24.531700 9.827400 
1353 1 24.216900 15.684300 3.746560 
1992 2 15.589100 23.454700 3.130110 
926 1 16.079400 21.999800 3.724990 
1932 2 17.978900 16.660700 9.374930 
1967 2 15.222100 19.588100 5.964520 
1322 1 21.774600 17.161400 2.326210 
1228 2 18.211300 14.334300 4.553380 
105 1 22.170800 13.502500 12.627600 
140 2 26.252600 23.870300 7.611970 
1168 2 15.891800 19.644300 9.037360 
1931 2 22.544800 14.015300 7.018860 
1416 2 17.867200 20.869700 5.452980 
1717 1 25.226800 26.180800 11.438200 
4 2 23.667400 24.032900 7.490450 
51 2 20.852000 15.591900 10.283700 
315 2 19.391600 16.863000 11.477600 
153 1 23.609800 13.468200 5.960100 
451 2 13.902700 22.705200 2.580550 
967 2 13.326700 13.233800 0.191531 
576 2 19.313300 14.474900 5.129600 
1709 1 19.083700 18.797100 12.397500 
238 1 17.831900 22.510800 0.284322 
1097 1 14.703300 14.229900 11.705900 
1331 2 21.032500 23.053400 1.149060 
209 1 26.255800 23.683500 8.237190 
823 2 24.191600 26.090200 3.222180 
1381 1 13.338900 19.917300 5.366290 
682 1 25.266500 16.894200 13.047200 
1248 2 20.256100 21.273800 0.301959 
748 2 18.497700 23.325300 1.024960 
1010 1 14.548600 17.716200 0.349919 
856 2 21.323100 17.967200 19.047300 
1386 1 15.539500 18.359900 17.267500 
1418 1 22.426100 26.260700 25.320400 
1173 1 23.913500 22.659600 14.803600 
147 2 17.472900 20.943300 25.198500 
1202 1 22.502300 18.064700 17.604000 
223 2 14.595200 17.960200 13.989800 
917 1 17.147300 23.144400 14.780800 
222 1 20.998900 22.569100 17.833500 
19 2 25.073400 12.817200 18.880400 
1175 2 21.043400 24.842800 14.000800 
1473 1 15.488700 24.978700 23.795500 
1571 2 13.490000 20.098900 18.952300 
1171 2 14.711400 24.353300 20.567400 
1935 2 26.387400 14.496500 16.853700 
997 1 14.319300 25.583200 15.053500 
1859 2 25.325200 20.281500 25.182600 
609 1 15.758000 13.897800 18.640900 
1306 1 23.627000 20.314400 18.492700 
567 2 24.294100 24.910600 18.675500 
895 2 22.803900 20.069400 17.489000 
1506 1 24.143800 24.061600 22.384900 
943 2 24.609500 16.389700 16.433300 
57 1 21.526400 18.506100 22.223300 
691 2 18.928600 14.109100 14.612900 
251 2 21.581200 24.156900 18.597400 
1855 2 13.946700 16.498700 16.853000 
1660 2 21.685100 15.225900 23.775100 
711 2 26.283600 19.524500 15.003000 
1296 2 17.727200 23.796500 15.650500 
397 1 21.221900 14.143700 20.718500 
1160 2 25.383900 14.954800 18.659600 
208 2 23.071000 21.019600 24.322400 
457 1 15.175400 23.446800 15.974200 
1056 2 17.309900 22.749500 18.259500 
1089 1 22.265500 20.838200 15.415500 
236 2 15.781400 18.035600 14.722800 
1953 1 15.040700 21.949300 16.496900 
1611 2 23.607500 25.812200 16.624700 
458 1 17.618700 22.337600 18.306800 
875 2 19.326000 20.530600 15.421800 
1764 2 16.834800 14.385800 24.400700 
203 2 24.464300 24.896800 26.226100 
1674 1 15.306000 19.819500 25.542500 
801 1 22.094100 20.620000 25.209300 
1549 1 22.023600 19.545500 20.981100 
1428 2 25.981200 13.884100 26.362100 
327 2 21.770700 17.268300 22.441500 
1346 1 16.480100 17.943800 22.315800 
1666 1 15.621200 21.035600 19.481700 
205 1 21.165300 20.489000 19.647800 
1165 1 25.723200 24.275800 24.046300 
1784 2 19.478500 14.285900 16.532500 
518 1 13.663100 15.100700 21.499500 
162 1 22.140900 14.786900 22.988600 
1065 1 13.714100 16.289900 16.354600 
988 2 15.922100 21.295000 14.963100 
1770 1 21.467500 21.216300 25.789900 
1950 1 14.988800 24.919600 19.277600 
481 1 21.064200 20.954400 21.851300 
848 2 20.362100 26.393100 13.682000 
160 2 25.385300 16.888900 17.084700 
821 1 24.820600 25.881100 24.540900 
938 1 14.562600 17.203500 20.288200 
1718 1 23.255900 16.809200 24.814800 
1486 1 14.333600 17.678600 18.058400 
970 1 14.099400 24.738300 24.198700 
900 2 14.767900 20.623100 16.734600 
957 1 23.143500 16.321900 20.167200 
1663 2 24.789400 23.901600 23.244500 
1883 2 13.492000 18.027900 23.090700 
610 1 15.936000 21.529200 24.363400 
1146 1 24.134600 13.517800 14.020300 
444 2 25.340300 19.991700 25.240000 
392 2 22.888100 23.021200 20.991800 
503 2 18.817900 14.241900 14.198900 
799 2 14.551000 19.417600 25.333000 
185 1 24.749100 20.644400 23.743800 
1610 1 19.342500 15.030400 15.629000 
1096 2 26.065800 15.170400 17.734000 
699 2 21.282700 19.192500 21.276200 
1943 2 15.126900 24.912500 22.885700 
852 2 16.379000 20.519800 18.711700 
1400 2 22.035900 25.723400 25.248400 
1982 1 24.233900 24.579900 20.571900 
1554 1 17.016200 18.068900 24.672300 
1431 2 21.661800 24.215300 19.940500 
1291 2 17.073900 20.779400 21.109700 
1677 1 26.064400 24.889300 22.364000 
1179 2 15.295700 23.699600 25.933300 
992 2 26.192800 23.206800 21.737800 
1138 1 24.050200 24.933500 18.716600 
922 1 25.051000 24.301400 18.565400 
423 2 15.924400 17.885900 16.539200 
564 2 23.661600 15.136900 22.058400 
252 2 19.493000 22.762500 19.506500 
1240 2 23.364500 16.862300 24.967400 
1774 1 19.087500 24.097000 21.813300 
1073 1 16.023900 23.222400 25.829100 
313 1 24.379100 15.834800 16.833100 
30 1 14.320700 17.060800 23.513200 
1539 2 15.497300 25.734100 16.699800 
1069 1 24.726200 15.136100 21.580200 
98 1 13.419100 18.222300 25.753400 
1436 2 26.553400 16.975800 26.660000 
634 1 15.937400 20.515200 22.675600 
1797 1 25.915000 23.928600 20.472600 
1500 2 25.643300 13.712500 18.620000 
1210 1 26.285600 18.095000 24.134300 
949 1 21.154200 18.107500 19.872400 
692 2 15.784200 15.088900 18.979300 
1419 2 15.602900 22.106900 15.466500 
1332 2 21.322000 21.451800 13.994000 
100 2 16.824300 18.110700 22.280000 
729 1 15.928300 19.352700 19.989900 
320 2 15.495700 17.966900 17.011500 
1134 1 16.805700 25.800600 25.042400 
671 2 19.138300 16.536100 23.888000 
360 2 20.654000 13.571800 20.757300 
538 1 16.572100 18.014300 14.814000 
91 2 24.242500 16.941200 24.450800 
412 2 25.262800 18.167000 21.678200 
1000 2 21.471700 19.741500 20.769600 
777 1 25.341300 23.489500 14.137400 
210 1 26.111100 21.223500 13.897600 
2 1 26.018100 19.952500 25.835200 
1891 2 22.718600 20.543800 25.385600 
1721 1 23.413000 16.220100 23.739200 
1758 1 22.335100 22.984900 14.632100 
1140 2 19.456800 19.374500 22.804100 
637 1 23.235500 20.022600 16.495100 
932 2 20.043800 25.643800 16.475000 
1739 2 20.481000 26.340000 14.478900 
469 1 18.657900 17.893900 16.025200 
820 2 13.368100 18.618800 19.685400 
1415 2 19.605000 20.303100 19.250500 
650 1 21.621400 23.397600 21.155900 
491 2 16.936800 14.721400 15.471100 
1685 1 19.443100 16.070000 18.961000 
1450 1 17.324100 22.494500 23.939200 
1538 1 19.369200 19.667400 18.992900 
1584 2 15.412700 18.667100 22.539600 
573 1 16.144100 17.036600 18.212200 
112 2 25.098000 24.753000 21.944300 
355 2 16.122200 16.580800 19.913900 
1857 1 16.640900 26.368500 17.373700 
1892 2 25.165200 16.096000 21.270000 
1439 2 23.435700 21.955500 14.260700 
38 1 17.049100 15.842500 21.426000 
793 1 17.567700 14.490200 19.880800 
447 2 16.369900 20.982200 19.257500 
1561 1 21.141000 25.304000 15.388500 
833 1 15.625800 26.743700 14.418400 
840 2 24.681600 21.582600 25.928700 
586 1 20.853800 25.661500 22.452000 
312 2 17.742900 17.697100 26.446500 
367 2 15.298300 13.074600 20.039400 
884 2 14.234400 17.437900 17.284300 
873 1 21.674400 24.067400 18.691900 
263 2 23.005800 16.332400 21.354000 
1197 1 16.825600 17.433600 26.140700 
1162 1 23.117000 17.229100 22.077900 
1788 2 22.391800 14.115900 17.183800 
1213 1 23.851600 15.272900 15.281700 
751 2 26.205100 24.036800 19.295700 
560 2 17.910000 22.718000 23.583300 
1038 1 16.369600 18.546700 21.466500 
1059 2 26.170100 21.259800 15.454000 
535 2 23.294700 21.926500 20.623900 
1391 2 21.519400 22.211900 23.329500 
849 1 25.068300 13.585000 18.832700 
1455 2 25.961600 14.403000 14.957000 
667 2 25.580300 25.191300 25.648100 
626 1 26.131700 15.859700 16.611700 
1266 1 20.714900 14.832000 14.663400 
1634 1 26.280700 14.299600 23.625400 
543 2 20.906600 23.703300 23.298300 
1898 1 18.462000 22.705400 15.713300 
812 2 14.075400 20.910200 26.109300 
475 2 17.897300 26.016100 24.844600 
962 1 22.377200 13.172700 21.708400 
1035 2 26.105400 13.529200 23.745900 
393 1 19.446200 21.221800 26.013000 
22 1 20.669900 21.515300 13.842100 
540 2 23.336800 25.356300 20.458300 
1273 1 19.906900 17.609800 25.097000 
1563 2 18.325400 25.385500 17.918100 
1741 1 24.236800 25.999700 23.106400 
495 2 23.980800 23.298000 14.718200 
1290 1 18.997800 24.370900 18.014700 
294 1 23.564700 19.696000 25.013000 
438 1 15.199200 23.175400 20.726500 
359 2 22.477900 18.542500 14.283100 
1094 1 23.990300 22.812000 23.792700 
1098 1 22.171800 13.772300 16.636000 
664 2 14.205800 16.633900 23.308000 
1403 2 19.363100 17.281800 18.292300 
268 2 22.234400 16.315400 19.450800 
1656 2 23.354000 22.783900 14.921300 
1313 1 18.798600 20.406600 23.959100 
737 1 13.467800 19.259500 23.324200 
269 1 16.603800 19.347900 15.227000 
1185 1 23.656000 25.434400 16.910000 
492 2 23.644500 20.235300 18.037100 
1560 2 16.592300 25.311800 23.063900 
402 1 25.941000 20.804700 22.034600 
1352 2 24.290900 14.104000 13.369300 
579 2 15.112700 26.241600 21.838600 
319 2 22.615700 25.498400 25.772700 
1093 1 16.452200 15.358000 24.023800 
1163 2 23.860200 16.502300 20.520800 
1963 2 14.075200 14.402500 21.534400 
87 2 16.936300 18.003000 25.444800 
891 2 16.261300 22.174600 22.392800 
1868 2 19.627400 22.243600 16.656200 
993 1 21.123600 24.620000 24.903000 
908 2 16.268000 18.673400 20.138300 
79 2 25.855600 16.299900 23.293400 
1725 1 20.553300 16.074500 22.963000 
869 1 24.842500 18.664000 20.740500 
822 1 17.601800 26.422900 14.136300 
1662 1 13.126400 15.625600 20.564300 
307 2 25.384800 24.437900 23.474100 
284 2 15.526400 21.560000 23.918800 
1189 1 14.221200 22.626500 23.858100 
903 2 16.225800 17.926600 21.271300 
328 2 18.903100 17.864100 13.287900 
1946 1 25.822200 18.080900 20.140900 
168 2 24.370900 18.097500 15.674800 
1502 1 18.155000 20.714800 20.953700 
417 1 16.559100 19.777600 19.425700 
1550 1 17.301300 23.718500 20.865100 
783 2 24.935400 19.031200 21.138000 
309 1 17.970000 13.653700 25.520800 
130 1 26.265600 13.376700 17.751400 
343 2 23.690800 26.558700 23.610700 
509 1 17.811800 19.159000 26.337300 
1558 1 24.292200 20.844500 25.883600 
59 2 26.285200 14.625900 13.728200 
1260 2 15.432900 15.565200 25.797200 
