id type x y z 
876 2 12.692900 11.154500 12.585600 
280 2 3.034150 10.579900 2.617810 
1802 1 2.290040 9.989160 4.939710 
388 2 8.538520 1.724710 0.755657 
136 2 6.958470 1.569100 12.869200 
1740 2 7.561800 5.024090 2.804830 
644 2 7.139630 9.688900 1.687860 
192 2 3.530490 3.479650 9.200990 
813 1 10.993000 5.314400 2.380670 
809 1 4.661810 7.455100 5.092100 
1242 1 1.561950 3.220170 10.890900 
743 2 1.905500 2.043210 4.720680 
56 2 10.106600 8.316140 2.560540 
1531 2 3.908970 6.389690 10.794800 
666 1 2.237820 11.816100 7.792120 
221 1 0.052239 12.377800 12.840200 
244 2 5.624050 1.259500 11.773400 
1102 1 0.664611 9.829280 0.787353 
745 1 0.374483 11.088200 2.870750 
1585 1 8.478020 10.416500 0.750266 
1778 1 3.505280 8.786640 5.861850 
1882 1 1.356360 11.945300 5.812750 
1803 2 5.952120 8.598180 10.733300 
857 1 7.951070 9.348790 8.584250 
636 2 12.953200 8.579530 3.754310 
1232 2 7.310170 12.757700 0.302360 
1022 1 11.766900 12.977900 8.790260 
1336 2 11.948900 2.670280 11.735900 
196 2 5.534030 1.527300 11.879100 
542 1 10.915400 1.729370 9.215070 
1976 2 11.154700 11.225200 1.349760 
1369 1 3.413340 3.412690 1.430100 
1381 1 3.397830 9.204250 0.438559 
728 2 1.447350 0.453002 6.214040 
1462 1 11.724500 2.280850 11.323000 
623 2 8.123950 3.180220 6.544770 
629 1 2.898500 5.867460 12.841600 
279 2 9.871590 8.500590 4.771750 
1561 1 8.320310 8.342790 7.380900 
1384 2 3.319100 1.815370 4.178440 
1063 2 11.281100 10.805600 12.524700 
528 2 9.195180 3.866390 8.235990 
1727 2 1.355700 5.215620 1.464560 
1407 2 4.009590 6.679450 0.339599 
1383 2 4.602330 9.687400 7.707920 
779 2 6.731320 11.401800 9.595080 
518 1 2.943080 12.254600 3.530470 
1143 2 1.772030 2.109720 7.777570 
1286 1 10.050600 7.497320 5.141610 
1718 1 7.041660 7.575990 11.173600 
1084 2 7.220770 7.306970 7.958670 
1185 1 7.362410 8.836990 1.423780 
176 2 5.636700 11.827500 9.641060 
187 2 4.793620 5.933370 2.873360 
1225 1 7.288780 4.165940 11.684800 
1340 2 11.262400 4.497530 1.033400 
8 2 1.956270 6.180350 10.284900 
1430 1 5.294140 7.051910 12.836900 
1460 2 6.089660 4.918240 12.690900 
1385 1 11.453900 12.097200 11.822600 
1744 2 4.566880 6.139930 4.940370 
430 1 9.495510 3.116230 6.314490 
409 1 0.260748 10.531500 10.475700 
1505 1 11.592500 4.878370 12.771500 
1002 1 6.075290 12.974400 9.243170 
1432 2 7.839470 10.957500 6.988290 
330 1 6.021090 1.373240 5.053160 
808 2 1.771560 4.457800 7.621470 
1987 2 9.454530 1.006620 2.458420 
578 1 0.297501 4.314580 9.272060 
1767 2 12.830300 6.951210 2.382810 
1280 2 1.724200 4.935760 11.906900 
19 2 11.405300 0.130685 6.056360 
425 1 1.262450 6.016110 0.778316 
238 1 7.094200 10.929900 1.875860 
1783 2 12.516000 5.102420 10.072600 
1899 2 11.084100 6.867660 3.509010 
1258 1 11.276300 4.839090 0.734707 
750 1 10.935000 10.512200 1.313470 
1978 1 10.023700 8.393220 5.361260 
1616 2 1.712880 11.942400 2.015470 
1703 2 6.696620 3.101780 2.943100 
516 2 0.395435 4.722240 1.086450 
1008 2 1.354380 2.032380 2.121340 
207 2 10.404600 2.557270 4.820210 
910 1 3.998270 4.973270 4.687290 
1433 1 12.233700 2.556960 6.002090 
1982 1 9.396200 3.508030 8.342470 
534 1 4.307490 10.367900 12.657500 
36 2 9.085610 2.712630 3.659320 
1799 2 3.834430 1.420320 4.830100 
1070 1 12.162800 10.690500 12.439800 
1672 2 5.984400 9.791750 9.643980 
1865 1 7.727050 6.443120 7.123460 
1963 2 13.067400 9.324360 4.648570 
1010 1 9.499050 6.139280 0.477550 
204 2 5.935630 5.787270 5.383080 
1902 1 7.116750 12.242800 11.621600 
313 1 0.972739 0.824537 6.702880 
1890 1 11.738800 0.844280 13.092600 
905 1 9.238130 7.620840 2.225740 
1122 1 5.378070 2.492640 11.321800 
315 2 9.760890 7.050750 10.577600 
25 1 3.780640 11.203800 7.122300 
1757 1 12.751100 2.488650 12.259400 
555 2 1.517470 9.262020 2.593990 
1130 1 9.737880 9.408750 6.093720 
1099 2 4.785750 5.354540 8.623480 
640 2 3.848520 7.319340 12.241500 
870 1 5.341770 13.065000 2.325630 
886 1 2.068830 10.215800 3.165530 
1291 2 7.695350 8.601570 6.457490 
1006 1 6.960480 2.375740 6.970110 
1526 1 0.403615 0.663189 10.363300 
467 2 3.072570 1.626490 12.459600 
506 1 6.701510 2.228730 12.731600 
1418 1 10.274300 9.469810 2.450850 
1853 1 7.354860 9.345400 10.902300 
1191 2 8.573060 12.006000 1.827050 
442 1 12.455100 3.711080 4.381310 
1206 1 1.978050 5.647720 5.542470 
99 2 0.447063 11.679600 2.181430 
546 1 10.734100 1.753510 4.472870 
770 1 3.322730 1.457910 10.190900 
1322 1 10.994200 12.420600 1.322670 
1974 1 3.868680 5.791940 0.756686 
380 2 4.003940 11.299600 12.851500 
1174 1 7.437570 4.399130 7.428730 
1779 2 11.092700 10.509200 1.279820 
1600 2 11.489200 12.455200 7.499100 
497 1 7.939150 11.060900 5.610320 
9 1 5.108580 4.583530 11.148400 
146 1 3.259560 1.680150 2.250570 
1518 1 2.069160 1.870500 7.113670 
1763 2 3.086570 3.071940 2.366290 
1960 2 11.819400 4.601660 10.912300 
765 1 1.845550 9.663630 12.282400 
1618 1 7.218830 11.195600 13.054700 
1339 2 9.613810 5.674990 8.403210 
859 2 0.376457 3.929430 11.449500 
334 1 6.847930 8.641680 2.714660 
1447 2 8.952200 11.332100 6.334220 
828 2 7.809500 10.021400 12.662700 
1350 1 8.127550 5.215940 5.586450 
1486 1 5.192400 9.885730 8.245090 
1471 2 0.482068 9.925650 10.655900 
1687 2 11.331400 4.381100 2.104850 
1580 2 3.069990 9.429070 5.253720 
892 2 6.399480 2.210380 6.788810 
166 1 2.728350 1.186930 4.543030 
1545 1 0.786279 2.470740 2.266880 
1115 2 6.156420 8.655580 2.599120 
654 1 12.971600 10.227100 0.854298 
149 1 7.011200 1.658850 0.286944 
1290 1 12.627800 8.947900 4.446320 
1412 2 11.044800 1.672020 10.688600 
995 2 1.808830 6.498860 9.515950 
1277 1 9.171080 12.843900 5.001100 
635 2 2.177310 6.016750 7.273140 
249 1 10.320300 3.304460 10.719900 
1204 2 2.694070 1.483630 7.372960 
1348 2 10.912400 0.236154 9.333480 
1776 2 0.771888 8.033120 9.041400 
1625 1 3.911120 6.122430 9.565680 
299 2 1.016800 11.535400 6.055620 
294 1 10.578600 12.874000 6.988010 
213 1 9.005490 1.603500 4.690190 
1131 2 11.265500 0.223862 10.354500 
1830 1 11.705200 7.164290 2.848510 
282 1 0.888189 7.953870 9.824030 
54 1 4.216900 0.374957 12.573000 
461 1 2.736220 10.738100 1.510130 
1133 1 11.721200 1.488150 2.994470 
1297 1 9.964920 6.995850 12.671000 
1796 2 4.621570 1.637060 0.345546 
1930 1 8.228510 0.335126 1.347190 
1859 2 0.771692 3.414890 5.379890 
27 2 7.716350 9.491450 5.441320 
768 2 0.376978 7.169370 12.504500 
247 2 8.812390 2.142850 8.609110 
1085 1 8.771920 3.199060 3.544300 
26 1 6.993570 11.257100 9.356290 
98 1 4.805950 7.138490 2.863900 
12 2 12.017700 12.108600 9.797420 
1279 2 9.571840 7.334550 2.014010 
673 1 4.452250 8.810080 9.885510 
287 2 0.251047 7.538070 12.918600 
525 1 3.791940 2.574660 5.503580 
616 2 10.901500 6.343100 5.271030 
1979 2 3.523790 4.824480 3.836630 
1807 2 5.126310 9.683630 11.735700 
1032 2 1.338330 0.522947 5.873400 
443 2 5.324790 2.048820 12.984700 
915 2 6.811370 1.747480 8.283160 
1831 2 10.368400 4.031340 11.457100 
1378 1 0.590313 7.076190 12.683100 
1947 2 8.473490 12.935800 11.696300 
1330 1 2.469890 6.259260 7.707360 
797 1 2.649110 7.747130 10.828600 
234 1 9.207600 12.032600 8.380690 
1009 1 10.272400 4.221780 8.618150 
1576 2 9.194190 6.984020 12.009700 
731 2 10.027700 9.799470 8.702560 
113 1 1.284100 12.810600 1.744490 
1646 1 2.237690 5.579600 11.063700 
381 1 11.817400 5.428350 9.827330 
1573 1 8.643840 3.025500 0.928253 
1358 1 1.755980 6.499830 3.401000 
544 2 8.414050 11.280500 4.387170 
720 2 3.058580 11.445300 7.708460 
1015 2 5.233400 9.806530 2.707130 
1515 2 11.339100 3.130250 6.993930 
205 1 4.229210 12.921600 6.579490 
1696 2 12.713100 0.343026 3.148240 
1819 2 6.246000 6.255490 5.645700 
908 2 9.454840 8.163670 5.529730 
515 2 12.973400 0.326323 2.545560 
150 1 6.717050 6.204730 8.237710 
895 2 4.814300 1.221700 0.162441 
1695 2 7.513690 0.276841 4.521490 
1386 1 0.552555 4.122780 10.903200 
309 1 6.735920 10.245000 5.765860 
838 1 11.376700 11.023800 7.134270 
50 1 5.631370 2.843630 3.904850 
1677 1 2.313990 2.954780 6.692600 
1720 2 10.084100 2.315030 6.146050 
1354 1 10.786500 1.860220 7.427760 
846 1 10.481600 9.764650 8.953620 
66 1 3.135810 10.119300 8.521250 
1165 1 11.913300 5.277870 6.250680 
200 2 3.858430 7.342190 6.774670 
849 1 4.720450 7.926590 7.100720 
491 2 0.450105 1.343760 2.407890 
1642 1 1.675210 1.692590 3.296720 
1252 2 0.587691 9.244840 11.423700 
1748 2 2.329320 13.140100 4.032990 
264 2 10.745100 8.379180 12.564900 
1798 1 0.652526 6.688670 6.725260 
946 1 0.530755 2.108940 8.645630 
1855 2 5.635340 10.612000 6.585620 
1850 1 8.213920 0.200140 4.837130 
1477 1 0.781135 2.020720 13.199100 
659 2 9.556390 0.108121 0.167054 
1039 2 6.153870 13.048200 13.232200 
364 2 0.055896 12.923000 21.543400 
55 2 11.878100 3.554390 14.932300 
1104 2 5.075840 4.307930 17.507400 
759 2 6.568430 5.002230 18.906500 
1620 2 3.558160 7.111520 26.248900 
1737 1 2.974030 1.778630 24.864100 
1308 2 0.218413 6.713080 20.781600 
1475 2 11.696000 4.253320 24.922100 
37 1 2.307930 6.325270 23.561200 
1109 1 3.327320 4.395430 24.260600 
872 2 5.366700 2.149300 17.377000 
902 1 0.531333 4.340720 14.473600 
1854 1 9.238470 9.446300 22.173900 
199 2 0.136741 8.041510 22.942800 
1549 1 0.221757 5.002290 18.537400 
365 1 3.837010 9.373840 19.455600 
1241 1 10.468700 10.115900 24.831300 
1750 1 8.029760 2.561400 25.068600 
1870 1 12.403600 6.711400 19.788500 
257 1 2.459600 2.890200 20.840400 
184 2 12.021700 4.178740 15.848300 
216 2 3.403670 2.858760 20.913500 
1132 2 5.199790 5.494700 25.025000 
1220 2 11.738400 3.550600 17.185200 
404 2 0.591824 7.295670 13.440300 
235 2 7.924700 5.571170 14.419600 
1951 2 7.398420 8.347730 15.992900 
1195 2 11.465200 4.106020 17.219500 
1326 1 5.203140 9.778600 25.436100 
1360 2 12.272800 1.524940 15.536500 
129 1 12.250000 2.955990 20.050900 
311 2 12.202800 2.576410 21.648000 
175 2 9.557130 5.481590 24.704800 
842 1 12.285000 3.867520 15.275900 
613 1 8.555500 4.820770 18.736100 
1900 2 9.576380 8.113860 25.492500 
852 2 0.615512 9.477510 21.559500 
446 1 2.700990 12.514100 19.809800 
695 2 7.239940 4.740670 23.631900 
932 2 1.293210 1.695670 15.949300 
492 2 3.228230 13.084600 14.754900 
186 1 8.014420 11.162200 18.323200 
638 1 0.090867 11.777500 16.178900 
389 1 10.914400 1.406930 21.991500 
1151 2 11.206900 12.652500 19.365700 
766 1 3.389780 13.091400 24.704600 
804 2 2.497160 7.231740 24.543500 
485 1 2.410930 12.663600 14.622500 
707 2 6.858360 11.425600 13.855200 
254 1 7.404970 7.176840 20.841100 
1235 2 5.438840 1.559620 21.126500 
1566 1 10.599900 9.643630 13.721600 
288 2 12.481800 3.677050 19.520600 
556 2 10.044700 12.191200 21.352300 
397 1 11.952500 4.046250 24.934200 
545 1 8.583570 7.027840 19.272000 
373 1 1.377340 0.767840 15.733400 
138 1 12.910900 7.523180 14.561900 
1362 1 2.013320 8.240920 14.144900 
680 2 2.790150 0.910378 24.980700 
1657 1 6.858240 4.553930 23.583900 
1205 1 6.272910 5.389990 22.021000 
1211 2 3.111070 6.493220 20.793800 
201 1 8.589260 1.511490 19.273700 
496 2 0.277024 2.258750 14.082900 
1349 1 5.591510 12.172800 18.001700 
1007 2 13.060200 10.682400 24.652500 
101 1 9.631580 2.243040 13.322400 
974 1 1.250400 7.229400 25.401000 
297 1 6.813920 10.097600 18.884500 
864 2 5.153720 5.957210 22.576700 
693 1 0.905943 6.162470 16.637900 
119 2 5.295750 4.504160 14.805300 
682 1 10.368400 5.005270 16.949100 
1924 2 11.421400 1.528390 23.422000 
1611 2 1.771140 12.246800 23.251000 
625 1 13.138400 11.857500 24.333300 
1682 1 8.585050 3.577390 18.228000 
1716 2 0.111583 2.389000 14.823600 
637 1 6.773970 4.024890 16.583500 
1321 1 12.013600 5.882180 17.188500 
1467 2 11.640300 10.442900 26.350000 
1445 1 0.308941 11.092500 25.196500 
115 2 10.395500 5.625750 20.555900 
633 1 4.354470 1.279420 26.050500 
998 1 6.056710 5.084230 18.834500 
1772 2 9.006840 1.241380 21.941600 
38 1 2.666860 1.805190 18.673300 
505 1 5.490730 5.477590 15.598900 
1782 1 5.543530 7.162320 14.543900 
1276 2 4.273030 3.207130 24.555200 
1773 1 2.570580 8.718200 15.420900 
379 2 0.113157 9.927820 21.289300 
532 2 4.728960 12.896900 24.137000 
1096 2 8.472420 1.938510 15.529700 
1498 1 5.014830 10.933000 21.364100 
761 1 1.481930 8.198140 20.309200 
520 2 6.994900 6.567140 20.728400 
1506 1 1.059760 9.139430 15.795600 
1331 2 8.628550 12.950700 25.582300 
1647 2 8.786350 10.505700 26.313600 
1569 1 0.881053 6.338120 21.042800 
1134 1 7.681760 0.630718 17.826800 
338 1 12.094300 13.079200 23.019400 
513 1 12.392900 8.618600 20.460200 
869 1 7.612640 9.378360 21.775000 
1329 1 12.177000 3.923060 17.800100 
1124 2 6.448100 6.301110 23.075800 
1996 2 5.700190 12.907400 19.730700 
1918 1 1.320460 3.401140 22.888900 
322 1 7.285850 12.563700 24.148600 
618 1 11.148100 10.978400 22.256300 
1599 2 1.634620 6.388160 25.110700 
1543 2 4.011630 11.525300 20.447400 
1441 1 1.996200 2.982850 16.097500 
1217 1 3.823350 10.722100 15.045800 
1166 1 10.314000 7.310350 17.946900 
1136 2 8.024530 9.161050 22.080800 
1612 2 7.947830 5.309590 18.288900 
20 2 9.834240 5.457480 18.566500 
1553 1 5.864960 1.944060 18.543100 
941 1 3.931490 13.086300 21.802300 
539 2 1.301500 12.598300 15.779100 
6 1 11.508600 7.486680 13.467300 
1373 1 11.801400 1.932870 25.258800 
1457 1 0.966188 8.003810 22.728400 
1953 1 7.290310 12.541300 16.053500 
411 2 3.041030 10.667600 15.836200 
975 2 5.170500 9.755310 20.530000 
1311 2 7.819380 6.835350 25.285900 
651 2 2.445710 3.296140 16.545600 
1793 1 4.737920 3.398160 23.696200 
1040 2 7.763750 12.857600 17.752500 
356 2 7.527070 2.609230 24.272700 
1317 1 3.239600 4.414990 13.384500 
1547 2 7.960760 10.441600 22.881400 
1053 1 8.798490 5.439680 24.477900 
1452 2 9.800830 1.895810 14.365900 
386 1 10.178900 4.384050 22.872600 
295 2 6.190270 6.166940 24.872400 
1997 1 5.002720 7.455390 26.199500 
1272 2 1.497350 13.090400 17.662400 
1218 1 6.093470 9.573820 16.404100 
303 2 11.198600 11.051600 17.664400 
687 2 7.012950 10.995700 18.263800 
825 1 3.256410 6.399500 25.896300 
749 1 0.611121 12.058600 22.210100 
521 1 9.367370 11.944800 13.700600 
81 1 4.693360 8.138490 21.753400 
1234 1 1.196330 0.788584 23.267800 
1284 2 3.502930 4.163050 16.656500 
610 1 8.032680 10.974100 25.005300 
151 2 3.466510 4.148440 24.363600 
1048 2 10.978900 10.526400 20.543700 
1370 1 2.041820 6.167460 25.076600 
689 1 9.374140 8.490070 25.436300 
934 1 5.968290 8.738060 26.185100 
1711 2 1.144690 1.902200 21.986700 
1120 2 10.624700 4.431730 21.126000 
1667 2 2.759280 5.929860 17.940000 
1570 1 6.538860 2.163400 23.851600 
134 1 4.456420 3.609570 17.323200 
11 2 7.743200 1.589630 18.922800 
919 2 3.912650 5.956140 17.838400 
1149 1 11.897200 1.658900 16.954600 
983 2 7.744630 2.644760 25.199900 
1834 1 5.950480 1.740100 16.522300 
117 1 11.139900 5.840810 23.917200 
1586 1 12.755300 6.997800 24.506800 
1344 2 4.646450 8.698250 25.573900 
348 2 4.034270 5.494430 13.969900 
875 2 2.115800 8.727990 14.404200 
1698 1 11.380600 10.680200 16.592900 
1572 2 7.523210 6.945800 15.419000 
154 1 5.555510 0.596234 22.041000 
550 1 2.985870 0.159833 20.396800 
214 1 11.015500 1.571250 15.004100 
1929 1 8.564990 3.835110 14.847300 
1860 2 6.274620 12.362600 14.384000 
291 2 11.652700 10.420300 14.343600 
33 1 5.961490 13.040800 24.188400 
1949 1 3.426170 5.797940 18.881500 
147 2 0.862188 11.633200 19.052700 
1338 1 9.296380 1.048630 22.775000 
742 1 7.750080 1.891020 21.669900 
1399 2 1.778080 4.872890 21.390300 
1655 2 11.605000 13.212000 22.449800 
1023 2 6.762290 11.770200 17.199500 
1780 2 9.707290 10.136900 15.253800 
1962 1 11.241800 2.560500 19.499500 
1029 1 7.889140 8.737580 14.490500 
660 2 2.485980 2.199380 19.446200 
1844 2 11.043100 10.837400 17.957900 
1092 2 1.482550 4.573500 23.345500 
1988 2 12.155500 4.932780 23.971400 
265 1 3.458260 4.752580 16.914500 
1541 1 9.946500 12.556800 26.494400 
1932 2 4.860580 8.180510 20.425500 
1959 2 10.242100 5.548380 16.032900 
1728 2 1.477850 11.687900 18.430500 
96 2 5.576390 1.349270 21.790000 
392 2 12.683300 0.264338 24.213400 
1619 2 8.060490 6.412380 18.994300 
371 2 3.348760 2.221310 20.019800 
911 2 10.060400 1.195790 24.852900 
622 1 11.801600 10.760300 20.846700 
1565 1 10.806200 11.487900 18.450600 
1658 1 6.983960 4.351510 25.866200 
914 1 6.862700 7.517820 18.713000 
879 2 1.240750 12.882400 15.603600 
236 2 0.308985 1.574460 23.270800 
1857 1 7.280620 8.510720 23.126300 
1155 2 5.719630 6.461990 15.815700 
193 1 2.307930 13.042200 15.957300 
140 2 2.912230 8.348110 15.820400 
923 2 6.680260 7.320120 21.490000 
799 2 11.101500 9.576390 22.034300 
1825 1 1.476750 9.784970 17.367600 
1400 2 7.296440 10.182700 25.147600 
1631 2 10.229600 1.274790 16.749400 
1806 1 11.642800 9.623850 24.361800 
191 2 10.833200 0.962487 18.563600 
58 1 7.777950 6.360360 15.686300 
487 2 12.223700 6.786950 19.833500 
274 1 1.874250 3.893140 25.673700 
630 1 3.671700 11.094900 19.777200 
1153 1 4.739680 3.007130 19.367400 
1292 2 4.596550 12.084200 18.325600 
1456 2 7.578910 10.926300 18.392800 
802 1 9.705630 1.937650 16.633100 
1847 2 11.477100 0.859297 19.721300 
736 2 4.706810 10.341900 17.961700 
709 1 5.600760 12.036300 15.782400 
592 2 4.109640 12.308900 21.289300 
1019 2 6.089680 1.468410 15.682100 
1229 1 6.508020 5.614610 13.843200 
784 2 11.243600 10.665200 23.185800 
1439 2 7.005910 3.271510 16.782700 
1493 1 8.371250 5.912000 21.885900 
1594 1 4.571070 3.999680 22.557600 
1800 2 7.163960 11.890400 23.542800 
1686 1 7.558210 10.660700 22.288100 
947 2 9.552460 0.167493 14.200200 
641 1 4.443350 5.903270 25.145400 
448 2 8.641140 1.702290 26.489800 
1886 1 10.633800 0.370249 26.425100 
904 2 9.238450 0.620586 26.433400 
566 1 7.021240 0.402940 13.498400 
1164 2 6.559870 25.112300 13.207700 
503 2 12.507600 19.970100 7.280060 
1592 2 6.947190 18.189500 0.399556 
255 2 9.516010 17.162400 5.062940 
1591 2 6.878960 21.851500 13.309600 
1809 1 9.602150 16.688000 6.840950 
793 1 10.641100 24.013500 0.309951 
1355 2 6.728900 23.821600 10.899800 
1052 2 8.250160 17.315800 10.468400 
1756 2 2.306460 22.449800 10.162000 
901 1 9.510320 23.848500 9.874720 
1654 1 11.647300 25.272800 2.007260 
118 1 1.333890 22.657300 8.766980 
740 2 10.363200 23.777800 9.745520 
1663 2 12.433300 13.677000 11.275400 
1097 1 10.394000 15.829100 10.717000 
94 1 0.774575 14.187000 8.511870 
88 2 4.127680 26.262900 10.369000 
1415 2 6.363180 16.431700 9.337400 
1398 1 2.056310 14.952700 9.462090 
874 1 5.963210 20.406100 10.871700 
1108 2 5.984950 20.732800 6.788440 
916 2 7.911720 20.742600 12.992400 
1812 2 0.166661 15.051200 4.180740 
1747 2 4.218760 19.001000 1.084170 
1557 1 9.376900 19.468300 12.186700 
1754 1 11.473300 17.112100 8.649840 
1309 1 7.979350 16.995000 11.780900 
1327 2 9.639240 20.303700 7.073610 
843 2 0.734594 23.931700 3.435260 
1000 2 2.798750 14.181500 11.200000 
591 2 6.766050 20.456500 5.052070 
1862 1 13.023300 20.162000 9.712700 
1885 1 0.990493 22.426600 0.221405 
961 1 9.335660 19.059300 9.029370 
32 2 3.993320 15.065900 12.933100 
268 2 11.941400 24.583400 6.269010 
1233 1 2.775630 15.653800 5.846700 
1878 1 12.654900 14.211400 12.710100 
648 2 8.479880 13.571300 8.754910 
791 2 11.846800 16.155700 10.182900 
267 2 2.495580 15.866500 4.760530 
647 2 0.705768 13.767800 2.680030 
1141 1 3.957770 16.740400 9.167250 
1436 2 10.574800 25.435900 11.246800 
1513 1 6.746280 23.064800 13.029700 
128 2 4.100080 17.927800 4.194570 
1208 2 7.850270 18.378400 3.365080 
912 2 8.124530 25.152700 6.381310 
258 1 0.683909 23.316500 9.632130 
1952 2 5.224590 22.602500 8.964990 
1524 2 12.764400 21.824700 5.855280 
796 2 1.078180 15.179600 9.123460 
239 2 12.402800 15.038900 10.935700 
925 1 7.814240 19.411600 12.714600 
1597 1 3.724630 23.697200 3.129580 
1795 2 9.665640 17.353000 7.563920 
1777 1 7.019040 23.884500 8.835520 
1523 2 8.697800 19.020700 10.785000 
890 1 1.656120 25.001400 3.692540 
1552 2 12.542700 23.573700 2.094810 
1910 1 2.415810 21.436800 10.559800 
848 2 11.588500 18.324500 8.624320 
1681 1 10.212100 25.791500 12.081300 
1936 2 7.089590 22.167500 6.067060 
696 2 1.826510 14.323800 4.197520 
1423 2 12.966400 20.497000 10.770200 
225 1 8.576220 19.402400 10.396500 
277 1 4.146840 18.421200 3.843740 
664 2 9.171630 18.180500 13.110100 
483 2 2.970330 14.423600 8.808230 
981 1 8.263200 25.590200 2.868350 
1986 1 12.941400 26.465800 6.861760 
1912 2 7.262640 21.668900 3.454690 
72 2 10.347000 20.563700 9.510110 
1260 2 0.602855 23.582300 8.756750 
1036 2 1.771180 25.187800 9.777640 
432 2 6.159470 20.931500 12.293100 
1801 1 8.469300 23.476400 2.982050 
1463 2 4.846110 24.599200 10.449500 
142 1 3.479730 15.017100 11.209100 
284 2 2.214670 17.414700 0.565592 
557 1 6.395140 15.153200 11.001200 
76 2 2.622000 16.278300 8.345330 
256 2 6.453090 17.434300 8.019440 
231 2 3.878320 14.562500 1.302020 
70 1 5.183880 15.673200 11.484400 
1138 1 5.193940 15.571500 0.981938 
1265 1 8.003690 21.113400 11.563900 
48 2 0.684866 25.479900 1.841040 
172 2 10.432600 21.005800 6.253580 
1864 2 2.462320 21.263200 2.597920 
1530 1 9.154290 16.772900 1.948360 
888 2 12.756200 16.792000 8.735810 
427 2 7.565420 25.589400 5.233250 
735 2 12.124700 24.724600 2.080460 
722 1 0.920683 18.530100 0.889926 
1325 1 13.069800 15.473300 0.700191 
1283 2 2.035960 25.192500 9.077330 
1005 1 12.185300 22.027600 11.739500 
5 1 1.994290 21.306700 6.760790 
1668 2 8.650620 15.067600 7.601760 
1881 1 4.091280 23.594800 9.586300 
79 2 2.074010 21.054200 11.312900 
670 1 13.000200 23.672400 1.695720 
1078 1 7.560750 16.650200 7.295950 
1215 2 1.983960 24.197600 3.734170 
1507 2 10.455000 24.689800 5.134440 
378 1 0.944949 17.663900 12.631600 
909 1 4.603550 25.143700 6.207270 
1424 2 10.743100 26.398700 3.889170 
1519 2 9.266520 20.194500 2.734540 
1715 2 9.734300 14.577100 9.834660 
1313 1 5.613520 13.989500 8.082920 
1617 1 10.761500 26.172300 4.516380 
1395 2 12.160100 13.691400 6.192080 
1440 2 5.233640 21.985700 0.394923 
1684 2 10.822600 17.077000 6.790310 
1673 1 10.964300 18.694600 4.551100 
103 2 8.048560 14.757000 5.242450 
1491 2 10.462100 18.246000 3.689040 
1293 1 2.448670 22.726600 10.384500 
1702 1 6.301800 24.886900 5.360410 
385 1 4.900350 21.689300 3.731880 
1635 2 10.516700 14.325900 4.904920 
1135 2 11.046800 17.835000 0.650304 
1405 1 12.062700 13.384900 2.139690 
1609 1 6.852180 14.120700 5.863590 
1790 1 10.262300 23.771300 4.168070 
227 2 4.391480 19.758300 8.401990 
985 1 3.070370 16.603100 0.051774 
1676 2 10.149300 19.317300 2.377410 
324 2 8.856990 20.080600 11.293600 
530 1 10.039900 13.729500 11.075800 
1113 1 4.053190 20.172000 6.723340 
1172 2 12.916700 15.374100 11.396800 
978 1 10.937100 19.216100 7.170430 
1361 1 4.932090 25.936800 11.204200 
474 1 12.224000 16.788700 1.026010 
1419 2 3.393530 13.924600 12.093800 
362 1 7.063090 21.624500 6.597810 
44 2 12.211400 22.103100 12.558600 
441 1 8.467720 16.296000 9.612100 
489 1 4.649780 21.399700 9.557270 
393 1 4.333400 18.806400 8.119250 
1425 1 12.326300 18.749800 12.361700 
971 2 10.077400 22.326300 2.064850 
343 2 7.454800 20.384700 11.123200 
237 1 1.640060 25.491800 13.163500 
323 2 9.415540 14.547900 11.844000 
67 2 7.034900 24.399900 2.301490 
963 2 11.424800 18.480700 0.442241 
478 1 11.637500 16.584000 5.923230 
1450 1 3.477190 25.522800 10.061100 
1049 1 10.655500 18.086900 7.101090 
169 1 5.985660 15.888600 8.403130 
1037 1 3.116360 15.457300 8.888380 
1775 2 4.864740 19.605800 2.887830 
714 1 9.069090 18.939600 2.245890 
878 1 10.009300 21.092100 6.683620 
1177 1 8.934600 22.478300 1.182750 
1604 2 3.647670 16.801200 0.695178 
1659 2 0.245371 23.835700 8.650980 
1805 1 2.078610 20.067300 2.298710 
1784 2 10.361900 24.532600 12.486400 
477 1 4.720260 16.219300 5.028090 
482 1 6.717170 23.656100 1.596190 
1971 2 0.962469 22.720100 9.388330 
1510 1 6.543600 18.550600 6.131620 
1421 1 3.571740 17.432000 1.561740 
663 2 4.587670 21.540000 0.584744 
1169 1 12.381400 13.842400 11.305900 
710 1 5.758430 23.004500 8.033690 
1081 1 0.430138 20.325000 10.983900 
1995 2 7.396070 15.300500 1.327670 
1196 2 8.511800 21.401300 1.133980 
472 2 12.957400 15.183600 8.596440 
1968 2 3.839580 15.262300 8.157240 
586 1 1.805870 13.839800 0.493472 
1563 2 4.994910 17.011100 12.033400 
1574 1 12.960100 17.163600 6.555470 
1920 2 4.197250 23.282400 9.300960 
669 1 0.504278 26.247900 3.567000 
161 1 4.407050 20.217700 9.368620 
1103 2 3.124240 21.403800 7.179960 
894 1 7.035310 22.026500 1.149070 
158 1 1.688450 18.019800 4.125340 
1709 1 6.077360 18.099900 7.182680 
197 1 12.115000 26.358200 10.890800 
944 2 11.567300 18.957600 6.205960 
1426 1 2.717410 22.006000 8.471160 
948 2 4.936520 24.458400 5.963870 
1253 1 7.845880 15.519700 2.065480 
1364 2 0.642004 25.596700 8.351700 
871 2 5.624000 22.568200 7.455880 
1408 2 12.866500 21.462100 12.180500 
1766 1 1.376580 14.324000 4.217910 
1876 2 1.597620 20.579200 12.290100 
1537 1 12.173400 21.351400 5.665060 
1685 1 8.488660 16.329900 0.224867 
1584 2 2.531020 19.518700 3.484690 
727 2 8.053030 23.286900 1.183280 
1503 2 5.146750 17.431800 7.918750 
920 2 11.730900 15.552100 0.768836 
1142 1 8.043710 25.224500 5.722040 
1188 2 1.745160 13.790400 0.420058 
1842 1 0.405321 26.040600 0.675807 
877 1 8.275400 15.808800 5.142420 
1674 1 4.931520 19.016300 2.239610 
732 2 11.383800 18.113300 4.918050 
568 2 6.106950 17.000400 12.443400 
1098 1 6.697360 22.511700 3.797300 
107 2 2.036440 17.986100 1.024680 
590 1 8.495660 14.238100 8.507210 
342 1 11.512600 13.995800 4.819250 
1970 1 0.640183 13.741800 2.519180 
1227 2 1.744250 18.641100 5.109060 
1965 1 12.823400 24.051700 2.902050 
734 1 12.718700 15.172000 9.239010 
1683 2 1.456130 18.704400 10.751500 
657 1 9.350130 20.087200 3.226040 
1302 1 8.544190 20.675800 4.567250 
713 1 8.574750 21.876500 8.015300 
1028 2 7.090930 22.054500 9.598430 
676 2 8.382370 24.562000 3.646970 
1824 2 12.724700 14.042900 3.826860 
677 1 3.108600 20.286200 12.882400 
559 2 12.271000 13.294300 1.978620 
1593 1 2.859700 26.365200 7.942780 
1598 1 0.776435 17.098800 5.128940 
603 2 5.812880 13.566000 7.722070 
1761 1 8.921050 20.188900 1.651550 
1352 2 7.774760 15.715600 5.022010 
993 1 11.071700 19.956100 2.292810 
1095 2 0.395986 17.144300 6.677640 
208 2 0.823412 13.935900 8.024070 
1101 1 1.196710 16.782400 2.224600 
1845 1 1.162300 24.463500 1.550150 
1765 1 11.270900 23.904700 6.782840 
564 2 3.593400 24.180400 0.960719 
1393 1 7.382740 25.714300 8.717060 
1835 2 6.039540 13.478800 6.631650 
376 2 5.807250 20.821700 13.102400 
812 2 10.220000 15.910000 0.129954 
733 1 7.268570 21.918000 13.009800 
1602 1 8.526840 18.126000 13.041100 
1473 1 2.056250 19.729400 16.269600 
1710 1 11.673100 25.013500 23.161300 
741 1 7.483510 25.041600 13.530800 
558 1 0.539347 22.900000 22.508700 
2 1 5.159540 19.928500 26.312700 
321 1 0.519752 14.439700 13.577100 
1846 1 3.348540 19.187500 17.455300 
368 2 4.207620 16.225900 18.722700 
1567 2 11.839100 24.502100 22.664200 
420 2 12.336800 19.693400 15.833700 
935 2 4.550730 23.274100 15.552500 
1495 2 7.403870 23.728900 19.079600 
22 1 4.066540 24.416200 13.456800 
320 2 3.830060 13.508400 16.360800 
1162 1 11.874900 20.022200 19.937700 
1551 2 0.302198 26.176500 16.999100 
1003 2 13.188200 16.800000 16.075600 
1057 1 10.468700 13.210100 16.860700 
1858 1 1.553760 20.877400 21.744100 
431 2 0.841397 14.198900 16.602800 
1848 2 9.031450 16.404200 16.108800 
582 1 6.498220 20.211100 25.727000 
475 2 8.124440 21.274900 22.556700 
1281 1 5.285500 14.883900 22.297700 
1366 1 10.948900 17.228800 26.123900 
259 2 7.370350 18.269600 23.951100 
667 2 13.218900 25.249800 18.460800 
1939 2 8.990360 16.083600 17.680100 
444 2 11.218500 24.652200 25.588400 
1255 2 8.720010 14.247400 14.351700 
454 1 1.867310 14.807700 16.606100 
729 1 0.587199 18.276300 18.261100 
597 1 3.385490 21.503700 15.591100 
1079 2 10.437900 25.326000 13.645100 
1671 2 1.481760 22.263300 25.630100 
1094 1 9.761670 21.684000 17.011400 
211 2 7.400540 26.001000 16.895000 
621 1 11.513100 14.817200 22.632500 
1822 1 7.957620 24.556900 20.093200 
1404 2 5.665280 20.719400 26.169300 
1643 2 12.681800 17.826000 26.465300 
1380 2 6.336900 19.793100 17.334400 
293 1 10.737600 23.532200 16.754900 
1730 1 0.147928 21.487100 23.967300 
433 1 0.768155 22.506300 13.555900 
361 1 10.209300 17.485900 24.088100 
772 2 12.159500 25.639100 18.578200 
1087 2 3.502600 25.108800 18.432200 
826 1 10.247200 23.292300 13.986500 
1877 1 8.100470 25.458600 22.515300 
69 1 8.522950 22.894200 18.948400 
144 2 7.570720 23.690100 23.165200 
1705 1 4.833920 24.095200 19.916000 
924 2 11.338300 21.444600 16.165300 
1940 2 10.378700 18.703000 19.643000 
649 1 2.082600 26.044900 19.332800 
31 2 1.321390 22.502400 18.283200 
1310 1 12.228600 15.281000 20.632400 
862 1 3.022750 22.953600 26.381600 
810 1 4.441680 21.692900 26.526600 
1416 2 8.919480 23.004700 25.059700 
1578 1 6.791140 19.164100 21.874200 
773 1 6.851450 18.389600 24.291000 
1060 2 2.966560 22.205500 17.367000 
1699 2 4.168820 22.663500 14.170600 
753 1 3.626810 15.927900 21.918100 
488 2 1.573620 24.268300 23.557000 
1374 1 1.406080 21.790300 18.555400 
1013 1 12.074200 23.481300 24.220400 
850 1 0.637183 20.818700 16.594000 
1470 1 3.846100 21.585000 14.184000 
1725 1 10.942200 23.101400 22.501200 
1388 2 1.144210 13.456600 16.251900 
1638 1 1.169440 24.744100 23.202000 
1156 2 9.983660 14.825500 14.620000 
1828 2 11.175500 24.502400 19.910100 
1147 2 8.742610 19.920800 16.031300 
898 1 5.867190 13.293800 13.755600 
1238 1 0.970050 15.076400 25.825200 
383 2 0.339887 16.788000 23.980200 
716 2 2.543750 16.204200 17.699900 
632 2 0.246533 19.769100 16.656100 
1560 2 0.713658 15.020900 26.113100 
1021 1 7.141640 19.375600 17.760900 
87 2 1.798920 19.698800 25.947900 
821 1 7.095800 15.271800 19.022900 
339 2 0.562111 18.700700 20.106200 
780 2 12.258500 23.987800 24.230200 
473 1 1.455830 13.493900 18.724700 
21 1 12.420100 23.099000 20.669200 
64 2 3.485460 24.877600 18.886500 
1487 2 11.155000 13.365000 17.418300 
930 1 7.071330 15.894000 23.112600 
1958 1 1.327650 24.391800 25.333000 
988 2 9.484310 14.658900 23.848500 
792 2 1.573740 17.992900 15.819000 
806 1 2.877530 17.899400 18.544700 
1887 2 3.458440 21.601700 14.929500 
957 1 3.341790 19.416900 19.635000 
996 2 2.963650 22.315900 25.165400 
41 1 2.006460 19.244500 14.190400 
1735 2 10.377600 23.354200 17.890500 
730 1 9.666720 22.188200 25.238700 
1689 1 2.524320 24.876700 18.530600 
310 1 11.318500 23.947300 24.775800 
708 2 12.197200 13.544000 17.374400 
1603 2 9.999580 18.161500 13.249800 
1708 2 2.628660 23.778900 21.455300 
331 2 12.268200 20.714100 14.835900 
990 1 8.924040 18.024800 18.940000 
243 2 1.152220 15.945200 24.814500 
332 2 6.894350 25.972600 20.166600 
1301 1 10.228700 17.688200 13.350900 
1966 1 5.882900 25.510900 13.393400 
705 1 8.792660 19.076800 20.757600 
1893 1 10.411700 19.023700 18.253600 
1697 1 2.911680 15.562400 17.911600 
1027 2 9.573810 17.551300 19.805600 
1931 2 8.389090 24.989400 21.362700 
1977 1 11.260500 25.584600 25.784400 
171 2 7.700640 21.140100 25.829400 
683 2 5.094460 25.940100 13.428900 
624 2 8.833340 17.593500 19.461400 
1190 1 1.988830 21.864000 22.602200 
60 2 10.542100 18.599500 24.277800 
1401 1 7.426820 21.110800 24.292600 
715 2 10.278000 18.598200 25.794000 
1925 1 5.931980 17.412800 14.429100 
1994 1 11.131600 14.708200 25.496600 
1372 2 11.702100 18.431000 13.785000 
1992 2 3.676660 19.813600 18.525300 
522 1 2.088490 22.424300 15.479100 
1397 1 5.182550 18.208000 23.346900 
950 1 4.035970 25.844500 17.836200 
1588 2 5.188820 17.210300 13.576200 
858 1 0.655752 16.490500 25.154600 
863 2 10.861400 21.066300 20.484800 
1046 1 1.140740 22.455400 20.500100 
1476 2 8.880810 25.776700 23.522000 
499 2 12.202300 25.305700 18.301800 
1665 1 4.364080 23.384000 13.538000 
1150 1 12.038300 16.625800 23.797300 
694 1 10.064200 16.789000 19.303100 
725 1 2.567950 19.024100 26.433500 
1137 1 1.628900 20.807300 25.176700 
594 1 8.165110 23.914200 23.773600 
1577 1 11.489800 20.121500 15.402100 
675 2 0.825801 17.302500 19.307100 
928 2 7.467540 19.120200 24.440000 
620 2 11.946100 17.587700 24.317200 
336 2 8.367730 22.833400 14.845800 
470 1 11.842500 20.858200 22.779500 
212 2 8.752710 26.560800 19.063300 
1634 1 0.565990 14.136100 23.201900 
1159 2 1.375740 17.017400 19.393500 
183 2 12.787200 15.962000 15.334100 
1295 2 2.113630 13.322900 18.673900 
460 2 6.792830 22.566700 20.393000 
401 1 0.816865 17.152500 15.492200 
982 1 7.210720 23.531200 20.505400 
1068 2 0.825188 21.141900 22.500900 
1345 1 9.848130 22.369500 21.056400 
355 2 6.481190 16.559700 19.469100 
1269 1 5.314890 20.489300 23.325000 
157 1 9.201080 19.427200 24.423600 
991 2 1.695080 17.373000 14.755300 
973 1 7.292550 19.815600 21.091000 
1753 1 11.015800 25.766100 16.573900 
1504 2 5.091240 15.394900 22.019200 
1390 1 9.606460 14.538800 15.021100 
1901 1 0.587289 23.810700 20.432900 
553 1 3.940610 16.179900 19.673100 
1884 2 7.658740 25.892600 17.818400 
831 2 13.210000 13.911000 15.912500 
1814 1 8.159090 15.473400 20.496900 
1562 1 5.700050 26.187100 20.227000 
1605 1 6.231210 21.043500 17.121600 
410 1 1.334500 14.644400 18.935000 
1630 1 4.993810 22.254800 20.019900 
104 2 12.326200 26.389700 24.476400 
1981 1 5.120510 13.522500 19.781200 
811 2 11.028000 23.886100 26.293300 
574 1 2.523760 23.426300 23.589700 
1461 1 10.925200 13.830400 18.936100 
123 2 8.441540 19.383700 20.653400 
1892 2 0.588180 18.722300 21.140200 
719 2 5.707740 13.367000 20.766300 
529 1 2.832540 21.741200 19.330500 
899 2 4.768250 18.460000 23.448300 
540 2 10.237000 19.436800 25.380300 
35 2 12.413700 21.272600 25.319800 
1691 2 11.188100 20.448700 16.782900 
1640 2 8.696870 15.218700 24.207200 
1606 1 7.434600 16.932200 21.755300 
1014 1 6.221160 13.631700 21.038900 
23 2 8.437020 15.498300 22.629500 
1734 1 1.304330 17.455600 21.832800 
1595 2 4.192400 23.973100 13.491600 
1938 1 5.368010 14.411200 16.482900 
49 1 4.588000 13.889100 18.967000 
671 2 7.360650 16.525100 21.726300 
1189 1 4.703480 20.994600 17.129500 
1231 2 5.305910 13.704400 23.115000 
794 1 8.202060 25.811400 18.363000 
1192 2 3.845360 24.466600 14.044000 
1454 1 3.527620 24.575000 15.576600 
1121 1 9.801800 15.925100 23.302900 
1645 1 12.216600 18.813800 15.747700 
407 2 2.876150 25.217400 20.126900 
1167 2 4.636170 15.156900 22.435800 
502 1 7.988200 19.983300 15.485800 
159 2 3.448700 18.253600 19.261300 
593 1 12.917100 18.080800 24.958300 
1759 2 4.173600 20.248000 18.703100 
1111 2 12.929400 18.157600 13.570600 
1082 1 6.531820 20.949100 13.400700 
658 1 9.556300 16.314000 16.179100 
954 1 9.058610 13.646500 19.393200 
1337 1 0.915177 19.270200 21.886800 
1146 1 3.447410 17.957800 13.508300 
1261 1 10.839500 20.081100 21.294100 
1123 2 1.478160 21.638000 21.981800 
283 2 8.606770 19.007800 13.786000 
615 2 3.730760 14.484600 16.501700 
567 2 3.513730 24.603300 22.724000 
800 2 11.694400 20.251100 22.230400 
1839 2 2.314550 19.392200 15.333300 
112 2 8.705890 22.541100 16.662200 
319 2 11.322400 13.976900 25.869000 
612 2 7.680900 18.409300 20.901300 
1516 2 0.923922 22.814200 19.948300 
1843 2 0.954620 22.434800 13.467000 
511 2 0.693451 24.048200 23.057900 
977 1 11.001100 20.848400 13.657600 
1414 1 12.329200 22.194600 26.590800 
1998 1 11.731400 15.747700 15.129800 
206 1 10.693200 25.926800 19.097700 
1055 2 11.349700 16.229600 24.038000 
1911 2 12.980000 22.653100 23.518200 
1267 2 1.770360 21.597800 16.857100 
1328 2 3.515840 20.117100 23.569700 
28 2 3.924270 19.145600 21.947900 
251 2 0.228893 20.920100 17.469000 
1985 1 12.922000 17.352900 19.912200 
1898 1 12.958100 14.178300 25.678200 
1170 1 13.207100 13.952000 16.567900 
1821 1 13.126200 21.091100 22.752400 
1752 2 8.598900 13.682900 13.747300 
1520 2 2.642000 26.107900 19.540000 
1466 1 8.719720 14.861300 13.517800 
817 1 5.714960 16.025200 13.437900 
1207 2 24.865100 1.394210 9.260730 
62 1 17.113500 1.139690 1.770290 
785 1 23.850100 8.331840 0.508356 
1838 1 18.765100 10.105300 1.734010 
1650 1 24.499900 0.922968 10.082300 
1300 2 25.529300 7.338340 7.137200 
290 1 22.267700 8.619990 4.779920 
789 1 16.929200 8.451470 3.134650 
1690 1 21.901400 0.383279 2.294000 
1856 2 16.798000 0.256877 2.202810 
1680 2 26.373500 8.284670 2.423030 
781 1 25.895700 9.194880 10.546900 
565 1 20.764800 5.535120 9.984690 
1544 2 18.055300 3.914010 12.493000 
1781 1 23.002900 2.067540 5.168310 
1244 2 23.078600 9.799170 8.585400 
1548 2 19.477100 5.350910 10.362000 
122 1 22.691600 12.304300 5.414420 
1957 1 20.621400 7.534050 13.022000 
1875 2 19.601800 0.020627 1.308490 
512 2 14.174200 12.821700 2.157580 
413 1 21.683600 8.445550 2.816920 
1050 1 15.492000 7.925140 7.863730 
1664 2 17.514200 4.597020 1.803070 
607 2 16.692000 4.801300 2.171610 
1525 1 15.546700 12.649100 11.377100 
360 2 21.642500 6.758850 6.427450 
168 2 15.234200 10.344200 5.894820 
1396 2 22.616500 12.504800 12.819300 
1917 1 17.854000 11.734600 9.702700 
419 2 23.225300 2.560900 6.131320 
451 2 15.719000 3.179370 11.825100 
1722 1 23.276400 6.973920 6.314670 
1289 1 14.937200 6.986410 0.880054 
13 1 15.613300 7.110110 6.983670 
1712 2 15.688500 2.627880 2.455680 
298 1 13.899500 9.953650 3.330350 
756 2 15.140300 7.455580 8.052080 
1964 2 16.974600 8.498500 11.393800 
95 2 13.235500 2.664660 12.135000 
152 2 26.505200 9.773610 3.021360 
1216 2 24.170700 5.418610 8.923610 
167 2 23.826000 7.049090 2.315270 
1402 1 24.805500 1.726600 7.766210 
939 2 22.926700 12.917700 4.833340 
327 2 13.933200 2.871490 2.343970 
337 1 25.884100 8.140520 2.629240 
241 1 16.791800 2.245590 12.366900 
577 1 21.983900 6.819810 1.977110 
820 2 25.941800 11.062500 9.321430 
764 2 21.649400 5.462200 6.499340 
278 1 17.499600 8.528170 9.864990 
509 1 19.993900 13.023100 8.380250 
1478 1 19.942900 9.260740 5.415220 
1923 2 21.757300 7.228270 8.135640 
1950 1 21.576700 12.093500 7.817690 
352 2 17.187100 8.417380 1.716240 
494 1 19.516700 8.882280 12.490700 
30 1 13.377200 3.980290 3.592410 
1928 2 24.024400 3.542200 6.729380 
1535 2 18.238700 9.622550 10.598600 
370 1 20.666000 2.367090 4.949450 
306 1 24.684300 5.793250 0.749622 
1186 1 16.731300 4.022320 10.418400 
1564 2 25.786100 1.879100 6.385680 
1368 2 23.954300 2.127350 1.620180 
471 2 24.113600 5.696090 12.165700 
1257 1 24.506100 1.953810 11.603100 
426 1 14.857500 0.808594 9.059090 
1717 1 21.369900 4.867170 7.485030 
1550 1 16.032100 2.471470 11.054200 
449 1 14.985700 4.846770 8.627340 
1332 2 16.003600 5.746130 11.374800 
1866 1 23.310400 9.992810 3.923210 
560 2 20.930900 0.236046 13.122300 
721 1 24.061100 12.851200 12.361100 
1403 2 19.589800 5.352700 7.297690 
609 1 23.641500 6.275840 8.765870 
476 2 24.598400 12.861100 2.619720 
1751 2 16.645600 12.328200 12.275900 
314 1 18.860400 4.638040 4.423420 
438 1 23.396300 3.982140 7.081620 
1908 2 21.901100 4.216950 9.400470 
563 2 19.820800 11.141700 1.529920 
296 2 22.557400 0.466638 9.931890 
59 2 22.402300 4.366420 3.427690 
1833 1 25.287400 1.917100 2.840630 
712 2 26.465700 9.766410 5.127370 
619 2 16.959500 12.132400 3.401360 
782 1 14.872100 12.437300 1.097160 
217 1 21.387600 2.609350 9.977020 
1590 1 21.782200 8.288500 5.885700 
1239 2 19.741200 12.526000 12.858000 
182 1 25.011800 12.478500 2.968640 
1726 1 13.699800 1.532380 0.609856 
1629 1 26.241300 2.586970 11.584000 
224 2 24.516700 13.175500 7.449000 
891 2 19.546900 9.805810 12.990500 
1194 1 13.595400 11.455900 9.929700 
1047 2 13.431800 11.594600 0.514836 
1264 2 26.225100 7.688460 1.714600 
1909 1 18.290300 1.419620 10.756400 
739 2 17.528400 10.265400 9.583400 
1945 1 15.394100 7.799530 2.226760 
1212 2 13.815400 2.351590 8.419820 
1656 2 19.766900 7.318280 4.958630 
926 1 17.322600 3.320150 1.407790 
1106 1 20.435900 0.135804 5.858260 
463 2 19.876900 8.559830 11.954000 
423 2 15.094000 2.818640 1.802630 
190 1 21.600000 4.366630 5.267830 
350 1 23.184600 9.538550 9.851150 
595 2 13.271900 9.013800 12.397900 
691 2 14.476200 11.923200 6.694800 
174 1 16.060600 11.909200 7.796470 
1044 2 22.568700 5.887470 1.141930 
286 1 17.304800 11.702400 2.489270 
1 1 26.257300 12.066000 11.360500 
305 1 13.667300 1.563630 11.137900 
1375 2 25.802100 8.638180 8.820620 
1511 2 14.068400 9.735170 1.610080 
1943 2 25.318300 10.989800 9.817020 
1915 2 23.411600 9.846620 3.602040 
1889 1 26.357100 7.665940 5.793240 
1443 2 21.796700 0.690256 1.070990 
1967 2 15.144600 8.500590 6.120720 
1071 2 18.861600 2.376160 3.069330 
1622 1 16.844600 8.713300 4.945080 
581 1 23.779600 10.591500 1.068580 
178 1 14.566400 10.401800 7.965760 
504 2 23.029700 7.250190 10.884600 
1465 1 26.500300 2.265810 4.358310 
1610 1 17.187600 6.858200 4.202790 
17 1 17.650800 4.219230 7.111480 
270 1 14.331900 2.189950 2.806720 
450 1 17.230600 10.737200 6.683620 
1872 2 26.561400 2.177580 10.984400 
598 1 18.426700 5.079470 11.183400 
552 2 16.891100 5.106340 11.870400 
1745 1 18.650500 8.060350 2.085900 
1288 2 19.697100 11.787400 1.294180 
614 1 23.914700 7.449670 10.793600 
74 1 19.473700 4.927790 13.095200 
987 2 23.886100 5.116860 7.747820 
599 2 25.460400 4.383170 0.250373 
1315 2 16.064600 3.509580 12.280500 
1633 1 18.446800 1.926770 0.138757 
1534 1 26.444900 3.740880 4.980520 
266 1 13.380500 7.822290 10.174000 
1064 2 22.708600 10.031100 4.272700 
1001 1 15.506000 3.935950 7.053510 
1240 2 24.339800 10.647100 1.241090 
1820 2 25.300200 0.950276 9.027740 
1275 2 24.694800 9.809150 0.197444 
1539 2 16.094600 11.806500 6.776720 
1210 1 16.513700 10.092100 9.913140 
1163 2 17.961100 8.277860 2.163160 
1072 2 19.736600 1.179990 7.503170 
455 2 23.139500 4.763100 9.862530 
63 2 25.564800 4.798040 11.872500 
275 2 19.489100 9.771560 6.188730 
543 2 13.932900 7.791060 9.621460 
1090 1 26.541000 8.151610 8.205020 
1624 2 24.622800 3.713180 2.739100 
976 2 16.875600 3.025230 8.256760 
1721 1 20.108500 6.307040 5.249560 
885 1 23.020900 4.377370 0.841609 
606 1 23.354200 2.676560 2.480720 
1944 2 17.555100 9.775420 11.907700 
1482 1 21.499000 3.429360 3.256460 
3 2 17.505000 4.374670 3.332850 
1107 2 17.689900 2.087350 5.058260 
125 1 23.786800 8.196920 7.230490 
1895 2 20.520700 1.946830 5.103920 
1479 2 22.557800 10.848000 6.028150 
480 2 17.342400 10.921100 6.391400 
400 2 18.074000 5.714430 3.981500 
790 1 14.023000 0.373934 3.465590 
1914 1 21.532000 4.436060 11.480300 
760 2 15.450600 8.911170 7.080560 
979 2 25.760800 12.222800 6.292980 
526 1 16.442100 12.284000 4.960100 
97 1 25.719800 10.160000 8.951100 
61 1 14.231500 7.217880 9.152050 
1861 1 16.090600 3.592980 13.140900 
148 2 21.243000 1.220430 2.912340 
1176 2 24.093900 0.225562 7.975190 
717 1 25.460700 12.591800 7.491470 
562 1 25.606100 2.978810 0.621240 
1391 2 16.852200 5.230340 7.254670 
547 2 16.112200 7.628320 5.072830 
805 1 23.175900 4.609720 9.112830 
156 2 21.537400 9.509870 9.611140 
139 2 22.163300 5.083020 5.244550 
906 1 18.135200 9.085130 5.447190 
684 2 19.051900 11.899400 10.307300 
1818 1 18.682400 6.221220 9.174640 
1836 2 15.874600 10.883900 9.363620 
82 1 15.943200 3.889660 1.348260 
1012 2 18.717300 3.425400 0.199113 
1706 1 18.370400 0.634636 7.158350 
1356 2 23.705200 12.767300 13.005400 
228 2 14.169300 1.785280 1.121900 
1649 1 19.165300 8.716270 9.536470 
317 1 21.549100 8.505920 10.412300 
887 2 16.159400 2.813980 9.274310 
1394 1 17.744800 3.325600 3.935810 
1771 2 18.909200 4.413400 10.868600 
1808 2 26.195000 7.038240 3.094410 
218 1 13.558800 4.674940 6.444250 
1536 2 20.655500 9.973130 11.882100 
953 1 25.432000 5.349690 11.960700 
46 1 18.138000 10.949200 8.843570 
744 2 14.965200 4.808650 7.620380 
762 1 20.891600 1.546970 11.824700 
1083 2 13.671100 3.718640 5.524560 
116 2 13.350300 3.681410 5.144470 
232 2 16.910200 12.363700 3.496280 
1285 1 15.572500 12.883900 4.613010 
500 2 13.496600 7.485160 9.434850 
260 2 14.232900 2.095940 12.245100 
1179 2 22.105400 11.899000 12.779800 
1294 1 20.071300 1.630270 3.035040 
1066 1 25.217300 5.248090 2.070640 
845 1 25.281700 8.816160 7.708190 
1849 1 18.791500 2.313590 3.067150 
1065 1 21.175100 11.472200 11.883500 
437 1 19.743600 3.003950 1.028220 
68 2 20.428900 4.872770 12.252300 
1203 2 13.906900 12.659700 10.742600 
936 2 20.103400 3.183620 5.321430 
942 1 17.009300 10.124700 13.010200 
1178 1 20.416700 11.994800 0.328133 
1198 1 17.803800 10.853100 11.532700 
1517 1 16.749300 1.827590 8.122880 
833 1 15.300400 4.934000 11.497600 
1868 2 26.009900 12.168800 9.160090 
1158 1 23.764900 11.188900 6.173930 
650 1 16.081900 6.544470 12.607000 
867 2 25.765400 8.342280 5.996910 
223 2 19.995000 2.127640 12.022400 
1011 2 26.089400 3.835440 0.180428 
642 1 17.714400 13.094800 0.230786 
1214 1 13.216000 0.115299 1.547680 
1980 2 24.392600 0.026937 13.192300 
913 1 21.913500 0.386851 4.672920 
1444 2 22.727500 5.089010 0.058941 
1785 1 25.284000 7.995530 0.066661 
626 1 26.073100 8.302380 13.202500 
77 1 15.399400 0.883766 0.202168 
1420 2 24.026600 10.423900 22.205700 
312 2 22.144500 12.102200 19.900000 
1088 2 15.878800 2.045800 17.451900 
1038 1 22.477500 0.906739 14.503600 
617 1 15.834500 9.887860 25.913500 
571 2 21.451600 0.305744 16.541700 
748 2 24.897600 12.087400 23.075100 
1074 1 23.725700 0.665699 18.328400 
281 1 21.897400 11.248200 16.236000 
1187 2 22.284500 11.090600 15.874200 
1919 2 25.572900 5.451440 17.479800 
1236 2 18.364600 12.053600 21.336100 
181 1 13.519200 1.701750 15.226400 
1955 2 17.786600 4.574120 17.165400 
989 1 20.856900 3.951780 15.059200 
1016 2 22.344300 8.642400 15.068800 
1873 1 15.525700 7.471620 20.051800 
1863 2 16.183300 1.985410 13.790500 
1837 1 25.389300 2.476340 24.825900 
1613 1 17.592100 5.406140 20.889600 
1025 1 19.641200 2.601500 20.454900 
1896 2 17.602000 8.644670 16.289200 
830 1 13.955600 4.577100 15.311100 
1438 1 21.707500 7.587930 25.327300 
353 1 17.618200 8.906230 21.822500 
86 1 18.995800 1.674280 24.279100 
702 1 25.237700 6.842180 22.302100 
1946 1 25.346800 12.617200 19.143700 
1904 2 15.666500 5.520910 15.065700 
369 1 22.794300 10.031700 13.818900 
1314 1 17.858300 6.482070 13.575900 
758 1 13.291200 1.259150 19.467400 
851 2 21.013600 9.285470 16.561900 
1729 1 18.500000 2.932570 22.787900 
111 2 14.908700 7.979100 25.499500 
395 2 15.736700 10.984400 19.453500 
105 1 16.007100 10.801200 21.104900 
1514 1 24.904400 1.052400 26.378400 
697 1 23.745600 0.167926 13.797400 
1948 2 20.832200 2.791700 21.547000 
1069 1 25.198500 10.292000 19.687900 
1991 2 18.060100 4.672730 18.475700 
1422 1 16.455700 6.081550 14.810700 
738 1 24.895500 11.319500 21.774600 
1741 1 25.620600 4.722870 19.540300 
1318 1 24.059300 9.237190 18.632800 
501 1 19.266500 11.249100 16.700400 
1669 1 21.733200 10.397700 24.703500 
510 1 26.434500 1.882480 15.060900 
1334 1 23.264800 0.131746 21.738300 
329 1 22.324400 9.022880 24.522100 
711 2 14.774500 8.572240 25.808600 
1219 2 15.039600 8.836240 21.194900 
229 1 16.662500 2.343540 24.622100 
1033 1 15.105400 4.825170 23.388600 
699 2 17.716700 12.951100 16.648600 
980 2 15.574700 0.149055 24.618000 
1983 2 21.439600 12.143900 24.451500 
929 1 19.757300 9.571470 24.075200 
972 2 19.409700 4.547270 23.775900 
690 1 16.117300 5.479260 22.815500 
1582 1 20.621200 10.305300 21.081800 
14 1 23.016900 8.263750 15.678100 
253 1 15.873800 5.410790 17.466400 
573 1 24.065000 7.102370 22.207700 
1181 1 21.235100 4.502890 17.156400 
922 1 26.298400 8.672780 21.241200 
1459 2 23.729800 5.240400 21.662300 
1230 1 22.424900 6.721620 19.742700 
969 1 18.378000 9.453520 15.990300 
1736 2 21.837900 0.249690 19.125900 
861 1 23.870900 0.968761 16.733400 
723 2 13.785300 3.836000 17.899800 
668 2 18.827100 6.152310 18.632700 
1485 1 13.663700 9.365490 23.007700 
1651 2 14.618500 9.870340 20.626500 
202 1 13.702800 11.421300 16.959200 
508 2 13.399000 6.261420 16.690100 
402 1 22.894300 12.377600 19.393900 
1641 1 22.864900 10.318800 19.850200 
1024 2 20.448800 12.925800 25.710000 
541 1 26.297300 0.006882 21.359000 
1474 1 21.465300 8.897800 16.263400 
1428 2 19.574800 4.866460 18.355700 
962 1 16.892700 3.433810 15.841500 
347 2 22.196200 8.042230 21.183700 
428 2 14.109200 6.679130 19.999700 
1076 2 13.762700 7.810020 26.071100 
1794 1 23.445400 2.721930 20.121200 
1637 1 13.724100 4.113600 20.962600 
1546 1 21.399600 5.967910 13.512700 
868 2 18.160900 7.862830 18.127500 
1483 2 26.169500 5.852930 21.306700 
198 1 20.578100 0.539947 24.780500 
479 2 14.846300 6.691550 14.287000 
755 2 24.064500 2.001210 24.325100 
718 1 24.515000 0.954156 13.715300 
424 2 13.879700 11.464900 16.584200 
220 2 18.692500 2.517550 19.907000 
856 2 24.211000 2.098930 20.658600 
907 2 20.115300 9.531260 22.314600 
1287 2 15.860200 5.855710 23.251900 
349 1 25.138800 6.066090 17.947400 
246 1 21.514400 12.573000 15.233700 
1268 2 23.660500 3.914190 18.947400 
1411 2 15.835600 3.725140 22.307900 
1273 1 15.043100 2.634440 18.725500 
1089 1 25.724800 2.064720 22.646100 
387 2 22.247300 2.875780 20.386300 
318 1 13.681600 12.714000 21.036200 
1263 2 17.520400 3.309220 23.879400 
465 1 21.174400 12.301600 19.375500 
572 2 24.938500 8.835340 17.909700 
1840 2 13.958600 5.779070 24.967400 
230 1 15.565700 7.032160 21.543700 
1091 2 23.720200 0.138957 22.721400 
551 2 21.214800 2.076180 18.513800 
587 2 17.737500 3.289930 26.462300 
1035 2 25.182200 10.640400 25.421800 
195 2 18.055000 0.624782 21.341300 
1608 2 15.563900 12.515500 21.183700 
126 1 18.553700 6.340870 17.998500 
1299 2 22.749500 7.142440 24.609300 
1228 2 20.427400 7.426520 16.862100 
685 1 14.870900 11.038400 14.210800 
938 1 15.566700 8.985620 13.979200 
645 1 26.475900 7.223120 21.182600 
1542 1 14.652400 11.435500 25.656400 
1224 2 25.333800 5.315880 16.621600 
271 2 21.052000 12.959500 16.891100 
698 1 23.666100 10.037200 24.190500 
346 1 23.230100 8.063110 20.451200 
164 2 24.493800 7.115740 22.281800 
341 1 13.906400 6.105010 19.910000 
1575 2 16.000100 10.983600 22.140400 
1933 1 23.348000 5.484880 22.361500 
841 1 25.721700 10.112400 24.046000 
1826 1 17.990100 12.646100 23.868100 
1484 2 14.092200 5.569190 23.322500 
1694 1 19.567600 7.919620 26.149400 
884 2 18.871100 9.118870 25.291000 
1307 2 20.864600 9.594980 19.600100 
421 1 17.294900 11.965900 19.634300 
1817 1 21.042200 1.662910 21.959100 
165 1 14.901200 0.033429 22.096500 
1852 2 20.213900 4.459300 24.684400 
921 1 20.026200 6.204200 20.362000 
769 1 19.043400 8.620150 17.219100 
272 2 21.689100 10.873500 21.944600 
1161 1 17.982800 1.452950 18.274300 
767 2 26.071300 1.470450 15.113000 
194 1 25.431200 2.344690 15.199100 
1615 2 19.110900 5.300210 18.900400 
1059 2 17.236000 6.541670 14.296700 
824 2 23.066400 6.181550 14.740600 
517 1 23.263200 3.078850 23.727300 
1030 1 18.790500 7.090320 15.715500 
396 2 22.208500 5.601420 20.868200 
1323 2 22.844600 9.785750 24.018300 
860 2 24.562800 3.993980 19.432000 
240 2 25.369100 2.185430 14.615300 
880 2 14.625700 9.760800 13.297100 
678 1 19.364500 4.747590 24.109400 
1628 2 22.609500 9.996630 17.324600 
1026 1 15.672300 12.861000 21.601300 
382 1 20.210300 10.237400 15.442200 
1125 1 17.778300 7.855260 17.313500 
837 1 18.530000 12.400200 18.548500 
1073 1 16.002900 1.396260 15.660300 
1954 1 16.475900 3.155560 17.584700 
829 1 21.979200 8.724490 19.048500 
763 2 19.808200 13.129300 25.910100 
1538 1 19.383800 13.180300 25.860900 
179 2 22.437400 0.624448 14.681500 
1961 1 20.151200 2.125720 18.573900 
1442 1 25.164700 2.877590 22.979800 
866 1 23.680400 2.263220 16.084200 
1199 2 24.852500 10.197200 18.870500 
1451 2 25.711500 7.331450 26.029200 
788 2 21.915600 10.656000 25.595900 
1792 2 25.293900 1.417790 25.625200 
1282 1 14.405100 9.501860 17.785100 
358 1 19.860200 5.471340 18.518100 
524 2 18.516800 4.126370 14.667600 
4 2 18.291200 10.992300 16.410300 
292 2 13.820400 10.229100 17.883100 
1614 1 25.171700 11.944100 24.489100 
1018 1 17.062200 5.356650 24.380100 
1080 2 15.612500 8.240360 20.403300 
746 1 23.403600 7.166340 13.698300 
527 2 22.373100 3.740310 16.550800 
1093 1 15.944000 11.494600 22.979400 
375 2 24.729300 1.805870 16.107800 
1376 2 20.160500 9.494210 22.446700 
177 1 18.175600 0.916809 20.939900 
45 1 20.552800 10.950400 13.909800 
751 2 18.911300 5.312030 25.231600 
1827 2 18.018300 4.349960 23.632100 
447 2 15.253000 11.761900 24.960400 
1223 2 14.368000 3.669880 17.008100 
304 2 22.655300 7.971140 19.854300 
1472 2 20.946200 11.989800 15.506800 
1017 1 22.582500 3.818510 21.048800 
882 1 22.330400 10.768100 22.649900 
1112 2 20.265700 0.806620 24.451200 
185 1 18.664400 12.863600 16.352900 
1540 2 16.123600 5.557590 17.912700 
1056 2 24.307900 9.004070 24.799100 
1589 1 21.848900 0.125402 19.551100 
643 2 25.881600 5.650890 18.922100 
1468 2 16.755400 10.557200 22.107000 
1528 2 16.160300 1.105920 19.659300 
245 1 13.597700 1.074080 23.744700 
1209 1 17.066100 7.906490 24.161900 
1990 1 20.679300 7.605170 15.227000 
367 2 26.081700 6.564450 15.449400 
1559 2 16.577600 1.076610 16.741300 
354 1 17.086500 11.237400 13.925600 
39 2 21.999200 8.936070 15.577000 
363 2 17.198100 3.519180 15.906900 
1813 1 18.653400 3.714330 18.858400 
774 1 15.397700 7.016330 14.927000 
1259 2 18.637100 9.092490 15.505700 
1303 2 20.156200 5.817160 13.429900 
795 2 20.164400 7.584730 15.135500 
1688 2 26.325900 11.290000 24.599600 
1583 2 16.511700 2.100880 26.489000 
2000 2 16.584800 12.794800 14.750000 
1114 1 25.157000 8.385250 18.250900 
78 1 25.543200 9.981490 15.787400 
704 2 24.873700 3.795730 22.047100 
333 1 18.785100 2.103530 13.425900 
1427 2 21.434900 6.540560 18.314000 
575 2 22.809300 10.637600 21.150200 
1247 2 26.135200 10.013600 17.244800 
1086 1 22.682300 4.216100 18.013800 
289 1 19.828100 4.800330 25.664800 
250 1 24.317300 4.873340 15.931500 
1501 1 16.121400 11.856200 18.564500 
1041 1 14.389400 3.822180 25.248900 
1497 1 26.363100 10.760200 20.867200 
798 1 17.583500 4.380370 26.120400 
1652 2 23.139500 11.189200 25.493700 
992 2 17.708100 6.620470 14.810800 
519 2 20.900500 12.301100 14.822600 
160 2 14.874000 11.898700 22.841000 
7 2 15.600600 9.877920 14.312100 
1304 2 13.487200 11.409100 24.721300 
40 2 18.186600 12.880100 19.444100 
121 1 16.426000 0.058343 22.328500 
1171 2 23.763900 1.651790 13.684800 
1367 2 14.410500 10.819500 13.379100 
964 2 14.437500 25.349800 6.496930 
1490 1 20.313500 22.557300 5.199850 
1305 1 25.660900 16.743700 3.961120 
1693 1 19.563600 15.662100 2.500150 
803 2 18.266200 19.565600 10.571200 
1653 1 24.107200 22.482900 10.461400 
588 2 24.688300 24.683100 5.070600 
1341 1 25.343000 25.248300 8.806220 
15 2 23.808400 16.011000 11.547500 
1797 1 25.621600 23.231300 7.811800 
1061 1 16.351800 17.725200 6.445930 
1245 1 22.430700 22.553800 3.908630 
854 1 16.098300 13.883200 13.066500 
536 2 15.396300 19.309600 6.157810 
1431 2 20.133600 23.296500 2.277980 
646 1 24.923600 26.168200 12.205500 
1724 2 20.538000 26.334400 6.494920 
611 2 17.234300 15.513400 4.960330 
1020 2 25.621300 18.077300 2.996070 
109 1 18.174800 15.784600 1.197110 
1266 1 22.588600 18.898700 4.554160 
951 2 20.098400 20.806100 12.517500 
1274 1 13.996600 13.874800 4.035210 
1555 2 14.935300 25.070300 11.891600 
561 1 24.682500 21.179300 11.442800 
1312 2 24.058900 19.733100 7.106160 
1774 1 25.402300 16.581000 2.323080 
130 1 22.793600 16.616300 8.313100 
893 1 25.972800 25.537000 6.181900 
141 1 15.822000 24.893900 9.218560 
153 1 19.838500 24.111400 2.586790 
486 1 21.685700 23.003000 1.116770 
1197 1 17.343600 15.836100 8.709260 
1670 1 20.054500 15.120100 13.276200 
652 2 23.505100 19.687300 12.523900 
458 1 22.574900 19.908800 5.291510 
596 2 17.433100 17.963600 7.951240 
1105 1 18.005000 25.748400 1.436380 
90 1 18.388100 15.125700 11.680200 
1270 1 21.263600 23.808300 11.118100 
706 1 18.922900 24.194600 13.072000 
943 2 18.063300 13.989400 1.860800 
124 2 17.652800 17.741500 12.426500 
269 1 25.030400 20.526200 7.485540 
628 2 20.968000 19.082600 5.368490 
1051 2 18.171300 23.940400 7.177550 
777 1 13.338900 13.690200 7.018880 
145 1 13.993400 16.706700 11.534000 
1903 2 16.957300 25.561400 11.671400 
285 1 19.020800 19.092000 8.469350 
538 1 15.438200 24.666900 4.206850 
724 2 22.430300 23.247500 10.427100 
1413 1 19.743900 25.516800 11.336500 
853 1 21.730700 21.524100 2.537190 
1675 2 17.078200 15.435300 9.549620 
422 1 15.992800 23.679500 3.558530 
1926 1 19.510900 15.894100 6.206390 
1789 1 14.749100 24.417700 0.449773 
1494 1 25.736400 18.335400 8.160810 
604 2 26.149800 19.658200 4.497700 
1508 2 20.646500 21.949500 7.855850 
1787 2 24.105500 22.628100 8.692580 
1905 1 16.032300 19.920000 9.870050 
662 1 22.577700 23.512000 6.703160 
226 1 22.943300 17.584900 2.565170 
495 2 19.985900 16.605000 6.208050 
173 1 19.300200 25.476700 8.527460 
1749 1 20.884500 20.643500 6.573490 
374 1 23.971500 24.643200 1.289280 
1481 1 18.622700 18.640300 11.896200 
1140 2 19.585400 21.256300 9.603870 
1880 2 19.898300 24.673700 12.079100 
600 2 17.973800 24.470900 4.887280 
1271 2 20.692100 15.381500 1.800200 
16 2 24.021300 14.088400 11.281500 
307 2 26.413200 21.147500 8.484870 
1719 2 16.345100 18.807400 6.887600 
1054 1 14.939900 26.049700 12.866200 
1184 2 20.663600 13.792300 8.660100 
1250 1 19.017400 19.913300 6.864700 
1601 1 19.968400 14.243700 5.835170 
316 2 18.860700 15.712200 3.593480 
1636 2 25.429800 24.344900 6.269550 
1739 2 19.274400 15.170200 10.994100 
137 1 16.858500 25.681600 12.179600 
823 2 25.324400 16.051700 3.965640 
440 2 24.650500 20.440900 0.781621 
1626 1 25.945300 13.736200 9.746900 
1496 2 16.196300 17.920000 4.265900 
120 2 26.571400 19.321600 8.458040 
1769 1 19.310400 16.112900 -0.019644 
1627 2 22.026400 16.927600 2.345490 
1379 2 16.229300 22.284000 4.962700 
163 2 14.510500 13.589900 5.814840 
1969 1 18.194400 15.104900 4.506280 
679 2 13.907600 18.164100 10.566300 
1278 1 20.907200 26.507100 12.909200 
1347 2 17.334300 19.182200 8.660440 
956 2 14.188500 14.416400 0.206555 
1804 2 22.491300 20.924800 9.320690 
1956 2 24.249400 20.699900 10.471500 
326 1 20.629400 24.122400 7.423910 
896 2 21.260600 25.985400 0.889971 
786 1 22.034700 24.926900 2.719010 
1934 1 21.823800 13.940800 1.026470 
89 1 16.382200 19.305000 0.858584 
93 1 16.636400 23.588900 9.688990 
1984 2 24.560100 13.834100 6.631600 
1409 1 25.083300 17.981200 7.120480 
188 2 19.461000 23.244800 1.574850 
940 2 14.687300 20.073200 6.673700 
1335 2 16.805900 26.332100 6.194880 
100 2 26.208300 16.775900 4.616120 
1743 2 15.386000 25.128800 7.749720 
1175 2 13.876500 14.381600 6.422500 
222 1 17.498800 18.654600 2.595410 
435 2 22.787500 25.120200 0.540139 
1346 1 26.094800 19.718700 7.717060 
585 1 15.862200 25.035800 7.759900 
1678 1 26.142900 15.620200 6.622640 
1894 1 13.378900 24.220400 5.988350 
507 2 14.951600 17.956700 5.649350 
1043 2 22.257300 24.902000 1.823160 
1254 1 15.822700 20.309700 5.191770 
132 2 16.548400 23.354000 9.782980 
462 1 23.772200 17.681000 10.291300 
834 1 23.765300 13.866000 7.727070 
24 2 19.661300 24.900000 0.678566 
639 2 21.343100 19.527700 2.324460 
1154 1 19.213400 18.162100 2.736010 
1387 2 21.098100 23.157500 11.434300 
71 2 24.225000 17.514900 2.011940 
1075 2 25.347000 19.367900 10.560800 
1180 2 18.377100 15.171700 2.224960 
1365 1 16.300400 15.991800 8.208580 
801 1 13.383400 22.527200 5.035570 
1437 1 22.715700 15.926100 13.040600 
1306 1 14.050200 20.535100 12.728500 
1357 1 21.340900 13.534900 10.501700 
672 2 16.155400 24.410700 4.352540 
1867 2 21.312100 26.121000 4.654810 
434 1 13.315300 22.473400 8.598740 
523 2 20.886100 18.103800 8.374220 
417 1 14.719200 13.487300 6.327220 
787 2 13.884800 15.941800 3.608230 
335 2 26.492600 25.317600 1.133750 
1435 2 26.173300 14.547300 11.653900 
757 1 26.101500 16.599700 4.802680 
328 2 16.348700 16.090000 7.567640 
1429 1 17.552900 17.275400 7.112280 
1434 1 14.966700 19.159100 8.790780 
537 1 22.048700 21.652400 8.872540 
815 2 17.646700 15.021500 2.691040 
897 1 17.792100 15.980900 10.777700 
1262 1 17.481700 15.689600 6.080220 
1042 1 21.349500 14.016900 6.335890 
1117 1 13.539500 19.073400 6.169610 
881 1 18.343100 25.459000 6.882280 
1145 1 19.167300 22.032600 0.692460 
855 2 22.109600 26.134700 11.974000 
436 2 22.935200 16.348700 4.184740 
970 1 24.544800 14.952200 7.308660 
1213 1 19.813200 21.376700 11.763800 
18 1 18.225300 21.828900 9.231100 
1975 2 25.412500 14.715600 9.022490 
429 1 25.240600 23.883600 3.880210 
57 1 13.817300 14.865500 8.984580 
602 1 14.735600 25.445400 6.216720 
273 1 14.902300 17.628800 9.872860 
1342 1 17.330000 14.215300 11.100200 
903 2 22.706400 16.809100 8.070120 
405 1 21.737200 14.844000 3.982510 
1972 2 19.213300 23.824600 8.227950 
73 1 17.680300 22.300400 4.615580 
114 1 16.783400 23.102400 6.963700 
1489 1 14.377400 15.664200 3.632810 
47 2 13.552900 23.394400 2.650710 
1129 1 17.227000 19.409200 8.778810 
807 2 17.570400 23.153000 11.094600 
1621 1 16.739000 17.549200 12.112200 
1791 2 21.424500 26.606200 9.047760 
688 2 19.609100 19.491300 8.286690 
1816 2 15.751200 21.165900 10.326000 
1568 2 20.338100 13.460800 8.526520 
439 2 16.657400 26.152700 4.696250 
366 1 22.824300 25.825400 10.217900 
533 1 25.940400 16.170600 13.005200 
42 1 20.745500 14.307600 7.533080 
1237 1 14.676000 18.773500 4.587680 
1100 2 17.858700 17.326100 5.848860 
1160 2 22.470300 16.149400 11.835400 
1148 2 23.068300 14.525700 5.929590 
1832 2 15.837100 17.407500 9.593130 
819 2 15.158800 24.422100 0.168703 
1723 2 22.469200 18.690800 4.776000 
1256 2 17.054600 15.610300 7.215650 
262 1 23.224000 26.333300 0.339514 
1941 1 14.647100 25.653200 10.827400 
459 2 26.372700 13.478700 12.974400 
747 2 20.270600 14.896500 6.350550 
92 2 20.292200 24.463900 4.677730 
1449 1 14.209500 13.696500 0.700090 
608 2 21.687000 19.237600 3.971060 
967 2 20.488200 22.427100 6.038000 
351 2 24.433200 23.724600 6.121870 
418 1 19.681700 14.216800 10.303800 
1182 1 24.969500 23.868000 6.108480 
1316 2 17.488400 26.180300 0.606151 
1623 2 21.244700 14.242200 7.256590 
1999 2 24.263000 20.476600 0.043895 
1246 1 21.928300 17.371700 6.738450 
1883 2 25.674800 21.806000 2.020390 
1522 1 17.975900 23.710400 11.078700 
1639 2 18.145300 14.734000 11.619100 
1897 1 25.797400 20.614500 2.856560 
1110 1 19.477300 23.568400 6.081350 
836 2 20.709500 15.868800 12.998300 
822 1 19.539400 23.232500 10.820600 
1157 1 24.645700 20.386900 0.588118 
1469 1 23.310500 20.187800 12.155100 
484 2 14.696600 14.367100 4.678800 
726 1 14.641500 21.480700 2.573430 
589 1 25.974800 23.093100 11.924300 
703 2 25.972500 19.531100 7.428540 
210 1 21.698200 17.734400 10.397700 
1587 2 22.102100 21.589000 4.013930 
752 2 23.703100 22.867300 6.270670 
1811 2 18.309200 25.491600 9.275340 
554 1 20.815600 17.959100 7.930230 
456 2 16.547900 14.587800 11.289200 
1661 1 20.564500 19.346800 3.696030 
1201 1 17.228900 14.984400 3.256840 
686 1 18.273900 25.504400 2.941620 
548 2 16.233100 25.124000 11.091700 
1841 1 25.056400 21.015800 4.352330 
1067 2 16.593400 20.044600 2.597590 
143 2 20.550400 21.393300 7.449930 
203 2 15.231100 15.932200 11.589500 
583 2 24.768000 13.314000 6.803000 
406 1 26.435700 15.087400 3.560190 
233 1 14.826100 15.094700 12.215600 
1500 2 25.316500 22.474700 12.630900 
133 1 24.356300 19.198500 13.065700 
1127 2 25.664900 26.495500 3.510960 
900 2 14.845100 25.963300 10.444400 
1034 1 24.182500 13.536400 4.434100 
10 1 17.994600 13.612900 2.872000 
1851 2 17.350300 14.328200 0.589407 
771 2 15.244400 18.827600 0.071554 
1173 1 14.509500 16.941700 13.158000 
1707 2 13.868000 15.942600 13.249700 
1062 1 17.064400 21.389300 13.171000 
653 1 26.392300 26.272400 16.408400 
468 2 25.099600 13.803700 18.367700 
1556 2 15.005400 25.752900 13.648900 
34 1 20.772900 26.016900 15.110600 
1648 2 22.565600 26.258300 14.790700 
873 1 14.324400 23.382300 14.159700 
408 2 19.742400 17.268500 18.943000 
91 2 14.789000 18.082200 22.728900 
778 1 17.402200 13.677800 13.875600 
1453 1 24.188600 15.263900 14.475600 
215 2 17.752300 16.462900 17.202100 
180 2 17.490700 13.239300 16.372500 
1058 1 22.150300 25.685300 18.618900 
1512 2 18.526500 17.507600 26.053000 
634 1 17.642900 25.571700 13.726200 
276 2 25.917900 25.398400 17.040800 
1704 2 14.484000 18.761400 22.939700 
325 1 19.047400 13.872500 18.159800 
783 2 16.669900 25.529900 24.503900 
1679 2 24.508600 21.573000 18.141900 
1119 2 23.435800 25.820000 18.373900 
1607 2 23.994600 15.097800 16.019300 
865 1 20.525400 23.852000 25.346000 
1351 2 19.792800 19.428600 16.906800 
986 1 16.555600 17.144700 22.314600 
1392 2 20.269700 21.030700 21.509300 
1786 1 17.688500 14.771200 19.182100 
945 1 25.541600 24.848800 19.952200 
1913 1 15.542300 14.934000 14.746100 
1666 1 24.861600 23.108000 17.378100 
414 1 15.858700 16.724100 24.642900 
372 2 19.881000 24.912300 24.368300 
1488 2 23.396400 15.014500 24.612700 
209 1 15.753900 26.123300 14.924500 
1732 2 19.884900 25.106000 17.008600 
308 2 25.088100 15.535200 22.815000 
1031 2 24.319100 18.185900 18.082700 
1989 1 15.322900 24.671100 20.487600 
340 2 14.653700 26.409200 23.836900 
452 2 23.786400 19.982400 23.069600 
1973 1 25.601700 19.127900 17.651800 
469 1 14.551400 19.317400 14.442000 
776 2 20.105600 18.198400 23.480300 
219 2 20.195500 14.741000 22.606500 
883 2 25.477800 14.412100 18.002800 
53 1 24.349100 17.871500 24.411500 
1746 1 14.993000 18.560700 23.093200 
1660 2 23.847400 13.431400 21.593900 
1492 2 19.382700 18.981200 25.537900 
1464 2 18.700600 25.397100 17.983000 
1446 1 16.400600 20.343600 19.453700 
1768 2 16.086300 16.909100 21.618200 
514 1 17.319200 14.872700 16.813900 
1243 2 15.195300 16.439200 20.157400 
665 1 20.525100 14.816900 15.609000 
135 2 20.332500 25.059700 23.755500 
966 1 24.356200 16.538200 17.621200 
1363 2 16.151200 25.301100 16.327900 
51 2 24.557000 16.279000 22.820000 
1762 1 20.279000 23.998400 19.217400 
1221 1 26.093900 13.314800 21.882900 
1731 2 16.577300 17.946000 13.957000 
737 1 24.723600 14.999300 17.973900 
1389 1 22.596300 16.730400 19.783100 
1916 2 20.195300 15.070400 23.382800 
674 1 21.969900 17.878600 26.453100 
155 2 20.758100 20.362100 26.312100 
1532 2 19.097700 16.094200 23.164800 
1004 2 21.996800 18.648800 26.137400 
29 1 19.114000 25.686600 22.653000 
1382 1 19.080500 20.981800 18.786600 
1249 1 22.468100 18.538100 25.948300 
52 2 14.921500 16.839100 19.491200 
700 2 16.480300 21.787100 18.295600 
1480 2 19.191400 19.799900 16.291000 
1662 1 19.165600 18.658100 13.871600 
1527 2 19.261000 21.454400 23.209300 
1571 2 23.744700 15.018200 25.248100 
1632 2 16.137700 14.755800 13.882500 
1417 1 20.788800 16.359400 23.003000 
302 1 15.180100 14.128200 25.159800 
102 1 18.573400 18.271900 26.107500 
1200 2 13.813600 18.408500 21.677200 
958 1 20.431400 17.729100 23.706000 
416 2 21.825000 13.508400 17.934300 
399 2 15.104200 16.809900 24.547400 
252 2 25.255100 26.066600 20.301700 
601 1 14.891400 16.331000 18.801400 
918 1 19.596200 19.277900 15.985800 
248 2 23.270000 25.648900 18.077900 
984 2 19.359000 15.938900 14.633300 
1353 1 26.456700 19.115800 25.204900 
1906 1 13.846200 26.048900 14.221900 
1118 1 23.200300 24.607900 16.044600 
1713 1 19.797100 16.997600 19.677800 
1810 1 22.773600 25.144000 13.408000 
1251 2 14.229400 16.801800 18.117800 
466 1 15.245300 26.019000 24.939300 
933 1 25.047300 21.778600 17.909800 
493 1 25.760300 13.912000 17.165300 
576 2 16.356100 21.621100 19.679300 
108 2 19.502800 13.725500 24.420900 
85 1 14.727100 18.066500 18.101300 
1935 2 14.362200 20.399700 16.352700 
1320 2 22.793100 14.918000 18.392300 
1579 2 19.367800 24.715000 19.564500 
1296 2 15.395500 22.356100 21.590200 
531 2 14.749800 25.313400 25.280900 
1529 1 15.510100 19.174700 20.662700 
955 2 15.709600 14.766200 15.554400 
84 2 23.065400 16.532800 16.538500 
1377 1 21.083600 19.875700 17.525300 
1937 1 15.556600 25.862000 17.311300 
1521 1 21.996200 13.911800 20.558900 
937 1 14.799000 20.803900 14.833000 
818 1 19.899500 21.317500 22.128900 
835 2 25.663800 26.133400 15.783800 
1871 2 23.847600 18.555400 14.938800 
1700 2 24.403400 21.533300 23.515800 
391 2 25.651800 20.217100 25.947600 
1343 2 13.496800 24.039800 16.465000 
1168 2 17.945900 26.294200 20.026900 
43 2 20.932700 21.047500 18.719100 
127 2 22.844400 21.742000 20.613200 
631 2 15.570000 25.510700 22.846900 
1410 1 15.122500 20.306400 22.918900 
1742 1 22.623500 21.093600 22.807000 
1126 1 22.857500 14.912100 18.679100 
1248 2 18.910000 21.582900 24.348400 
384 2 18.346900 17.230000 16.560100 
952 2 21.853200 18.200200 16.418800 
816 2 18.649800 19.889100 14.520000 
827 2 19.858700 17.563300 15.268600 
1755 2 20.495100 17.642600 24.653900 
1869 1 21.948300 19.361600 23.299500 
189 1 14.971800 16.044800 16.306500 
968 2 22.031800 21.353000 20.474300 
1406 1 17.112500 13.676600 23.146400 
398 1 15.948800 21.846600 26.194700 
83 2 14.430400 18.032100 20.387200 
1922 1 24.054800 13.755700 23.346000 
490 1 14.712800 21.765800 20.491800 
1554 1 18.882100 18.117000 22.540600 
1152 2 25.261700 17.130200 18.985900 
1533 1 13.915000 21.075500 15.623600 
997 1 21.259600 13.347500 18.121300 
1907 2 25.659600 20.199700 24.174600 
775 2 16.709700 14.044300 22.417600 
1927 2 17.632700 20.528900 15.510100 
1222 1 20.846800 20.764800 13.997400 
1701 1 22.752100 23.199900 19.135500 
655 2 19.574700 21.726800 23.349200 
1891 2 16.794700 13.452700 23.849700 
1448 2 22.854500 22.784100 21.640200 
1499 2 23.695600 19.835900 22.819500 
1733 1 18.037300 23.241700 15.115000 
814 1 22.476600 26.442500 25.441400 
917 1 23.594800 20.602100 25.183600 
1888 2 13.506500 17.481100 18.348800 
1455 2 19.610800 17.403100 20.167900 
344 2 18.961500 24.365700 17.441400 
65 1 14.344200 16.714700 23.534700 
131 2 21.595200 22.865000 14.130500 
357 1 21.828900 13.321700 24.229700 
359 2 26.271800 26.236200 22.914200 
1692 2 14.285200 21.150100 22.060600 
1942 1 14.889900 13.763300 15.240100 
959 2 14.249500 22.014700 23.343900 
1183 2 20.910100 14.048400 20.885000 
839 2 17.798900 23.471900 16.187500 
549 1 20.296800 25.130700 24.035600 
1758 1 26.049900 17.215300 19.960300 
1458 1 18.347000 26.084300 18.384600 
1324 2 25.320200 14.695300 24.804800 
832 2 14.035700 26.079900 15.191700 
1371 2 22.668000 19.326300 24.052800 
1993 1 17.718900 22.599100 21.397600 
80 2 26.246700 16.540100 14.286200 
889 1 14.823800 17.282100 21.260500 
1202 1 19.445500 13.560600 23.092000 
681 1 25.192500 19.328400 15.318700 
1226 1 18.991400 23.119400 19.600200 
580 2 21.163700 15.621700 18.729400 
1874 1 19.063500 17.313300 17.932300 
605 1 17.305300 22.660900 19.123000 
1128 2 22.642500 25.530500 15.080800 
1770 1 24.593000 15.565000 25.575300 
931 2 19.138900 20.458300 15.433400 
1815 2 15.822800 21.875700 14.211100 
1760 2 15.545300 20.917400 15.866000 
403 2 14.385900 21.339300 21.032100 
1714 1 15.642800 23.567500 21.849800 
301 1 18.986800 22.155600 23.694400 
701 1 23.370200 19.945500 20.135700 
844 2 24.484100 18.785000 13.847100 
242 1 19.310600 18.171800 24.281800 
692 2 26.094900 25.882900 25.615400 
847 2 23.090000 15.598700 19.617300 
661 1 21.745300 18.083000 24.757300 
999 2 26.406100 23.506600 13.407100 
569 1 15.245400 14.907300 21.568900 
1764 2 15.327600 25.899200 21.259700 
453 1 25.609500 24.474600 26.474900 
263 2 15.867800 22.032300 18.444400 
1502 1 18.759500 21.549000 14.410600 
345 1 17.826100 13.590700 20.480300 
390 1 18.272800 24.440200 24.900000 
170 1 23.409900 22.017500 20.657400 
377 1 20.048600 14.788800 22.252800 
579 2 25.105400 14.879700 26.198700 
162 1 13.410600 21.072000 24.833900 
1116 2 19.678900 25.590300 13.650300 
994 1 19.699100 20.195700 23.508500 
1829 1 21.210000 23.534200 14.062900 
1045 1 18.585100 14.766600 23.306100 
110 1 24.688400 19.597800 18.711200 
261 1 20.887700 17.625500 15.969100 
754 1 19.350300 24.858800 17.656400 
1558 1 23.149600 17.308200 15.843200 
535 2 17.862600 21.091400 16.385100 
1921 1 17.307600 19.880900 15.325500 
1139 2 18.237600 13.991100 18.984500 
1581 1 17.499900 15.818600 14.200100 
1738 1 26.325900 23.386200 15.937000 
627 2 18.983600 21.633800 18.665200 
1298 1 25.276200 20.160200 22.538300 
481 1 26.502900 21.054500 22.157300 
75 2 14.908600 14.254500 21.687300 
457 1 23.451700 15.353500 16.122100 
445 1 24.460700 15.678200 22.481300 
498 1 16.541500 21.495500 16.400800 
1596 2 22.404000 18.286400 23.612800 
1193 1 16.526700 25.480200 26.349700 
840 2 25.780400 23.572200 16.002100 
1644 2 20.485500 14.030200 14.240900 
570 1 19.226800 16.945100 20.823800 
106 1 17.937000 23.647700 17.020100 
415 2 18.417400 15.172400 23.089100 
1879 2 18.003300 24.415200 20.487600 
1509 1 13.386600 17.199800 17.404100 
464 2 24.211800 20.771800 17.847500 
394 1 13.706800 23.014500 23.587100 
1077 1 25.342900 15.396000 24.298900 
300 2 24.986600 13.784800 23.247700 
927 2 18.288100 24.956600 14.581300 
1788 2 13.437500 14.409500 21.914700 
960 2 14.725400 23.059200 26.264100 
1144 2 14.483000 24.028300 26.483000 
1823 2 23.505800 13.261700 13.686700 
965 1 20.972500 19.973500 25.918600 
1333 1 22.530200 22.034500 13.688900 
656 2 14.016200 19.039300 13.778700 
949 1 13.337400 24.063600 16.638800 
1319 2 22.995100 17.550100 13.510000 
584 2 19.056300 21.439700 13.328900 
412 2 21.712400 21.413700 26.418100 
1359 2 26.230300 26.503900 13.356600 
