id type x y z 
219 2 4.982140 1.968200 11.442200 
1279 2 9.341020 1.758220 4.811850 
991 2 10.290000 10.852700 6.712740 
1353 1 6.273310 5.304980 12.635200 
879 2 12.473000 0.906259 2.886500 
136 2 8.300450 9.151610 10.214600 
958 1 12.515700 9.705540 9.346580 
19 2 12.359100 6.588170 1.589440 
1259 2 6.940790 5.626250 12.445000 
816 2 0.250144 5.264240 4.731680 
1050 1 8.411060 6.759950 6.238040 
593 1 13.140100 12.527700 8.195690 
188 2 4.935490 10.763500 6.555840 
1915 2 12.752600 10.143000 4.372420 
247 2 3.013880 6.425170 3.552380 
1896 2 0.260387 3.796510 12.604900 
1595 2 3.408740 10.571400 7.158340 
1943 2 3.187270 1.986380 4.562570 
1298 1 10.631800 9.617850 6.883910 
387 2 0.127515 2.530690 8.912950 
64 2 0.362663 6.343630 10.688900 
896 2 1.903310 11.597300 2.668410 
201 1 9.401590 1.142310 3.036110 
1568 2 0.794225 7.518760 8.327730 
1324 2 8.369620 10.208500 3.544200 
1918 1 1.307700 12.902600 4.971130 
1557 1 8.394540 5.405570 5.791290 
1002 1 7.138600 5.928730 7.407380 
1844 2 7.263970 5.270330 3.193120 
815 2 3.075300 1.861560 1.800210 
1440 2 11.013100 1.908490 10.991400 
426 1 1.578900 8.051390 7.882460 
344 2 9.438750 4.254960 9.325310 
1609 1 9.371890 11.138600 12.340900 
799 2 0.871242 11.025700 3.269750 
1354 1 9.234190 9.399190 10.160700 
1793 1 1.675700 9.723030 3.638160 
1190 1 5.419060 10.529100 11.260800 
1515 2 8.550560 11.963400 0.946682 
1349 1 4.897870 9.851450 5.650370 
793 1 12.883500 2.119790 10.655400 
1059 2 3.384530 1.723290 4.872060 
1377 1 0.966325 3.848160 7.403700 
978 1 4.746300 5.302680 2.016290 
275 2 10.071200 6.617100 3.601690 
700 2 1.992640 10.042300 3.144900 
422 1 6.821570 7.182960 3.291270 
990 1 6.017070 4.118850 0.360453 
728 2 5.510380 5.654160 11.748100 
1107 2 11.837500 0.263986 5.655950 
839 2 10.790100 6.202400 5.793900 
10 1 10.571300 1.924680 1.856210 
1277 1 5.679100 8.537310 7.971310 
158 1 8.665740 11.479700 1.316720 
1165 1 2.851260 10.291100 2.553450 
1859 2 10.327100 12.330800 11.779800 
1366 1 10.503800 5.085440 0.989927 
632 2 5.181400 4.506430 1.560080 
1554 1 1.474390 6.851180 4.770660 
1740 2 13.037100 7.423560 11.923000 
1066 1 7.516790 4.600420 9.083800 
241 1 11.586400 1.563370 4.890500 
758 1 12.478300 6.508010 6.154390 
675 2 0.525897 4.590700 1.020230 
1553 1 9.990220 7.845410 9.519690 
1950 1 0.733554 11.901200 2.683100 
295 2 0.912975 7.766220 1.686150 
1162 1 6.733990 10.001400 4.432300 
59 2 4.553310 5.433820 4.638860 
1423 2 3.746700 6.876650 12.529000 
804 2 2.311010 9.833330 8.735890 
1523 2 0.801894 2.211610 7.327060 
732 2 8.227530 1.132710 8.933380 
1095 2 7.840730 5.878310 5.779650 
1288 2 9.983210 9.798080 -0.013571 
1736 2 2.683750 10.619900 4.990740 
1627 2 11.621400 9.006260 12.052200 
1253 1 4.664500 3.719330 2.526840 
1965 1 1.837130 8.245300 9.940520 
99 2 7.457410 5.474680 8.418380 
658 1 2.787200 8.728140 9.025590 
1972 2 5.256510 1.714610 4.293900 
706 1 0.944751 2.326900 0.417070 
1224 2 0.205078 9.273520 9.847800 
528 2 5.951650 4.163230 9.732400 
1504 2 6.746450 4.826190 6.927810 
1151 2 8.542050 8.905560 12.394600 
1326 1 1.615040 0.052459 12.068000 
848 2 12.308300 3.190070 4.340920 
1359 2 5.233440 12.506700 3.005360 
1855 2 4.448590 1.982850 12.559000 
1868 2 12.802600 4.576730 12.378400 
870 1 9.561970 3.178600 8.021600 
1132 2 10.701500 4.884900 2.495600 
190 1 8.157890 10.125200 2.647300 
711 2 7.592960 5.005300 5.848310 
608 2 12.247800 8.721710 11.256300 
1841 1 3.108190 7.428000 0.915085 
1802 1 2.981170 4.877140 2.423100 
578 1 1.406200 9.832660 5.635980 
562 1 7.096300 2.114590 1.017940 
726 1 3.253010 0.566919 0.688291 
1979 2 6.881230 10.154400 1.003160 
1605 1 11.035600 0.579150 10.733200 
549 1 10.671000 11.125700 3.736120 
297 1 6.692860 12.216400 12.485000 
585 1 10.400600 4.862390 10.284200 
665 1 6.330170 0.907097 9.989090 
1580 2 4.750680 12.763000 2.558180 
68 2 8.679040 9.889640 8.860380 
1404 2 6.675890 4.515630 12.839400 
1110 1 8.757130 0.441614 11.419200 
506 1 12.351700 11.638600 0.239637 
1513 1 4.131500 11.670200 6.788620 
1494 1 11.794500 7.390980 2.482560 
431 2 8.338330 1.074670 9.684380 
1668 2 13.091700 0.572235 7.967770 
447 2 5.837530 10.768600 11.449800 
1755 2 6.031760 3.315060 2.088830 
809 1 4.190560 10.080300 7.901100 
606 1 0.924974 7.917520 3.488320 
1000 2 9.390670 0.635821 1.641920 
1127 2 10.584800 11.256200 9.627510 
589 1 8.244940 10.969000 11.448900 
126 1 2.745860 5.016120 5.951250 
1389 1 12.885200 4.789160 7.387950 
952 2 5.513170 10.028100 1.899530 
955 2 5.702400 8.369730 8.088610 
1441 1 4.508210 9.359610 0.514487 
796 2 13.072800 5.882430 3.573360 
1559 2 11.020900 4.628920 9.556560 
503 2 2.955720 6.037030 9.919440 
1364 2 1.158860 1.711180 7.149370 
624 2 8.125810 1.400590 7.126600 
1784 2 4.551250 1.966780 8.474260 
1764 2 12.887600 2.324950 4.631310 
982 1 3.773380 4.814380 8.311960 
1057 1 4.316700 3.232180 4.474160 
981 1 0.232113 1.633990 10.250900 
429 1 9.359340 11.123500 7.012390 
1173 1 11.273900 2.316850 11.953000 
1053 1 11.673300 9.412560 10.623900 
358 1 0.736948 4.309820 2.050940 
1805 1 6.675430 1.546390 12.311900 
584 2 0.873437 8.669730 1.378800 
1800 2 8.389730 11.105900 12.666400 
1424 2 11.637900 7.866580 8.694780 
1178 1 1.942100 5.340320 12.644100 
1641 1 11.371400 13.103600 8.950440 
734 1 7.040310 7.761550 4.633930 
1846 1 10.746500 3.572520 4.160030 
1612 2 6.904910 6.460650 6.673050 
564 2 10.404500 11.706100 5.226980 
1808 2 2.761830 12.687000 7.178140 
405 1 8.792010 1.921830 5.476490 
970 1 1.862640 5.266550 7.963110 
1256 2 1.638260 5.487500 1.781060 
835 2 11.998600 12.543000 6.147200 
53 1 2.417490 0.897173 6.097860 
1149 1 12.154700 7.926860 1.156060 
1875 2 4.858460 10.660800 9.759680 
1745 1 1.739060 10.250500 9.709830 
1431 2 7.085450 9.164900 4.172850 
1216 2 9.204630 2.630430 5.576900 
243 2 1.141020 1.522190 0.355503 
1752 2 3.741350 0.637365 12.362400 
1759 2 0.755382 8.995900 7.693060 
1622 1 12.749800 12.846800 3.924080 
1249 1 12.169600 0.813119 9.143140 
15 2 10.027000 13.125000 8.497190 
476 2 1.191350 7.888980 2.393960 
1753 1 6.802260 4.407580 6.005030 
1468 2 11.547800 0.210707 11.159300 
1576 2 1.302620 4.430950 7.758350 
1537 1 6.262440 2.582500 10.980200 
1447 2 6.783330 9.546910 3.715870 
1820 2 10.874300 13.061500 0.804177 
31 2 4.415770 8.859530 4.287850 
1858 1 11.193500 0.340080 11.721100 
925 1 3.748040 12.075900 10.297900 
1474 1 5.661470 1.504110 4.067150 
1821 1 2.772290 12.687500 0.386653 
220 2 12.749700 10.644700 2.677990 
1824 2 3.384920 3.710970 3.480530 
286 1 1.916070 0.891019 1.342500 
1711 2 5.451190 3.515560 11.798200 
919 2 9.298650 3.767800 1.395340 
321 1 10.522100 6.521220 5.789110 
856 2 2.012310 0.588092 9.870750 
1865 1 7.630510 12.368200 4.097890 
1925 1 6.091980 4.512080 10.024300 
1867 2 0.973886 5.868200 9.369510 
1473 1 11.307700 6.517050 -0.006730 
411 2 1.423860 5.170820 6.824190 
1656 2 12.925000 13.136900 9.679910 
621 1 9.194980 3.453210 5.257360 
400 2 11.647600 6.916110 5.542580 
181 1 0.849381 0.435063 4.223790 
684 2 4.555560 11.387100 11.499500 
1923 2 6.084320 0.687713 3.451130 
1028 2 8.494320 0.589076 12.036500 
225 1 4.698840 2.377950 7.734430 
1033 1 4.049580 0.823532 11.570800 
635 2 10.717800 0.797369 10.885000 
1871 2 3.181430 0.419102 12.481900 
366 1 3.954780 6.398620 4.551640 
1751 2 7.058070 6.569180 10.059500 
1550 1 3.688070 12.822300 3.131520 
360 2 7.692320 8.913890 3.549560 
486 1 2.691660 2.611140 10.247100 
42 1 4.901100 5.076770 11.427400 
724 2 5.008260 10.033900 0.701068 
1265 1 10.375100 7.837550 11.671200 
293 1 0.935413 6.579710 1.256500 
1953 1 2.730370 1.576990 8.295410 
386 1 9.370550 0.848403 7.161380 
1587 2 9.236140 12.763900 5.780040 
1773 1 6.242160 7.645730 10.604500 
831 2 11.304600 7.628020 7.407740 
1562 1 3.154350 10.554200 12.503200 
1514 1 8.446660 9.226040 8.901280 
1202 1 8.915940 6.893720 3.944140 
551 2 12.758800 1.094310 8.916780 
326 1 10.025100 10.477400 5.349840 
1489 1 5.600040 10.183700 3.010210 
1077 1 12.769800 2.831260 4.459770 
177 1 11.742300 6.950290 12.535400 
504 2 2.841100 5.763220 6.576410 
182 1 6.649640 7.017050 5.604030 
1197 1 7.979050 4.259280 11.978200 
7 2 11.825400 5.621110 0.023604 
384 2 4.341610 1.257110 1.998940 
863 2 8.471410 11.053700 10.988100 
348 2 12.287800 12.898700 10.864800 
1365 1 11.099600 3.509940 8.658240 
771 2 2.473230 9.980250 11.443400 
279 2 12.372300 11.406200 0.299225 
1593 1 1.861210 11.247700 8.362560 
264 2 4.847130 1.995250 11.632400 
41 1 1.821020 13.134100 7.736640 
972 2 0.180689 2.268680 1.653830 
370 1 5.459980 9.530880 0.330117 
1922 1 3.172890 0.338964 12.849900 
1072 2 3.426790 2.385240 21.256700 
248 2 2.342140 11.567000 18.646200 
1574 1 11.300900 5.924150 22.741200 
1978 1 4.149760 8.430310 22.990400 
1578 1 2.710690 11.897100 24.648500 
749 1 10.288600 10.507800 18.194100 
350 1 1.106030 0.126766 16.316700 
1481 1 12.931100 1.455920 24.012300 
474 1 4.143810 6.764880 15.618700 
821 1 7.499000 7.181290 21.159900 
666 1 2.888620 10.146400 21.490500 
1658 1 4.536650 0.309949 23.402300 
1767 2 7.189430 6.210780 22.530300 
1642 1 7.800360 7.121020 16.964400 
1159 2 4.263500 5.521690 21.791500 
487 2 13.165800 2.705160 16.774100 
1325 1 10.522100 3.018560 24.089300 
1318 1 6.336050 6.088800 21.278600 
1959 2 7.941690 9.079250 14.814500 
491 2 5.260870 8.328840 20.556400 
861 1 5.205090 5.710400 14.219600 
547 2 2.329270 12.355600 21.851000 
1993 1 11.436200 12.220100 16.071700 
810 1 8.655530 5.030820 23.780600 
477 1 12.921300 6.583590 14.156900 
918 1 10.850300 10.085600 21.947500 
1126 1 0.305558 5.462310 13.657400 
1024 2 10.489900 12.486900 22.566700 
217 1 2.323130 4.632650 16.103200 
1565 1 4.640700 2.076290 14.231100 
72 2 3.092650 9.789650 23.274300 
252 2 1.227810 2.374470 19.684400 
1819 2 4.141260 1.817400 16.628100 
1379 2 5.136840 5.531530 15.154700 
631 2 6.081410 0.273999 14.158700 
115 2 4.119080 3.387450 22.537400 
1591 2 5.457320 13.276100 24.042300 
1109 1 5.340090 10.211300 15.493900 
1331 2 12.712000 3.185430 18.922000 
1422 1 5.564830 11.861200 21.128600 
1810 1 0.876172 4.284930 14.865500 
841 1 6.984050 0.503808 26.176800 
1237 1 6.198680 5.688120 24.619500 
1788 2 0.248908 12.400700 14.584100 
30 1 1.058250 6.677170 23.027100 
456 2 5.692940 12.226100 24.928400 
800 2 2.861540 11.540000 14.717000 
1954 1 12.057800 3.762420 22.180000 
1771 2 5.229020 0.477425 22.601700 
927 2 0.268964 7.479340 13.510600 
342 1 2.600580 11.837100 18.440500 
237 1 12.859700 8.984340 23.898200 
1525 1 8.113600 7.930800 25.049000 
880 2 9.877130 6.267870 20.604600 
123 2 0.418814 12.027800 14.038300 
27 2 2.748150 12.418800 21.857900 
1134 1 1.566240 2.534090 16.443000 
543 2 1.960110 9.764560 19.664400 
1019 2 0.903483 4.758720 13.668400 
1583 2 4.287800 7.847820 15.266200 
1074 1 5.545790 11.627900 24.949600 
280 2 6.157930 7.034430 21.645100 
1011 2 4.761170 12.852900 14.042800 
1471 2 1.477460 0.781340 15.655900 
677 1 7.409490 5.045250 22.715100 
253 1 5.491800 8.280830 15.209200 
171 2 7.020770 8.024540 22.785500 
618 1 1.929800 12.353800 15.993300 
717 1 2.633170 3.109020 15.256800 
1792 2 4.747620 12.404000 22.210300 
1399 2 2.100810 6.769930 15.870300 
1186 1 6.470190 8.763280 22.426200 
679 2 1.637640 11.960000 18.814900 
1690 1 2.483360 11.469300 20.411200 
1164 2 1.002400 5.659520 16.492700 
1347 2 8.184850 8.233910 26.619000 
1191 2 1.484270 7.460630 26.271700 
650 1 8.639750 5.793960 19.648900 
575 2 11.081000 11.328000 21.973500 
173 1 0.265009 6.981250 14.433100 
1646 1 13.008900 12.038500 24.252700 
1856 2 5.298150 8.501840 14.475600 
1707 2 10.960000 0.355427 26.231200 
1015 2 12.153200 3.733260 21.573100 
112 2 1.747560 7.734050 21.816000 
1158 1 8.701410 12.322100 18.917400 
671 2 3.484370 3.137090 14.826300 
791 2 8.778990 4.295930 24.183500 
1768 2 8.690610 7.910340 15.602900 
936 2 7.228330 10.734300 22.865600 
254 1 6.916750 10.067000 24.905400 
1297 1 2.600680 9.188920 26.413600 
1561 1 1.805840 0.894928 24.720900 
294 1 0.064819 3.515770 23.228000 
1111 2 1.872630 6.339010 22.347000 
381 1 12.423100 4.419920 26.350800 
1368 2 8.371760 7.220690 18.113900 
654 1 11.868600 4.081300 25.619100 
151 2 5.332620 6.618920 18.107800 
652 2 5.803440 1.340030 16.786800 
1136 2 12.564400 2.936820 23.145000 
601 1 4.580950 2.030950 15.833400 
51 2 4.800740 9.993750 15.632000 
649 1 11.024200 0.417492 18.915000 
84 2 5.842430 5.739580 24.908900 
886 1 8.673390 8.227530 17.402200 
1003 2 12.310200 4.785240 19.764700 
554 1 11.199900 2.290740 14.792400 
920 2 10.214800 7.752400 24.013200 
1283 2 2.185720 9.810130 24.823300 
303 2 9.994050 9.876990 19.096500 
956 2 12.588000 3.571750 16.287300 
192 2 2.134360 9.059100 25.086500 
33 1 7.411010 12.012600 24.136600 
1167 2 4.929220 5.730470 25.344600 
924 2 6.336220 5.243650 25.181900 
128 2 7.355180 2.215400 23.657700 
1817 1 10.320300 8.843800 15.493100 
144 2 4.534870 8.831970 20.266700 
101 1 4.344470 5.395880 24.562100 
13 1 0.775340 11.661900 18.711300 
926 1 1.291340 0.728904 18.387900 
1382 1 9.467660 8.959620 24.023100 
347 2 2.113930 4.638410 23.992500 
39 2 5.890050 5.378650 25.760900 
362 1 6.372030 1.637870 17.084000 
93 1 3.852320 2.950440 19.653900 
539 2 5.481000 8.586940 23.609600 
12 2 9.787070 12.103100 22.150300 
1723 2 5.299230 0.240700 26.009200 
46 1 2.070770 9.688340 25.146100 
222 1 10.715600 5.955100 17.835100 
223 2 8.653370 5.702820 17.812400 
1045 1 10.666300 1.636620 23.412600 
497 1 8.115960 13.195400 15.828000 
1421 1 2.439280 3.437560 13.818000 
1822 1 4.470920 9.450670 18.936000 
78 1 12.047300 6.419210 20.710600 
714 1 9.137900 7.751600 19.981000 
278 1 6.565700 4.082170 20.297000 
1680 2 10.364700 10.974100 25.923100 
1994 1 1.952070 2.769080 23.457900 
912 2 7.333690 12.209300 13.885700 
1276 2 9.329390 13.106300 14.702900 
423 2 7.423930 9.803650 18.119200 
807 2 10.757300 11.896600 15.614800 
590 1 6.836200 5.704680 17.285600 
1174 1 5.239150 6.224830 25.247300 
1453 1 12.714600 1.869660 16.211800 
466 1 12.699300 9.250730 15.435900 
1629 1 7.393770 2.042270 20.873300 
1248 2 9.906860 4.754860 17.815300 
1596 2 12.416300 9.072350 24.632100 
548 2 8.863470 7.544170 24.086000 
66 1 8.434880 4.347700 20.918400 
1847 2 8.116290 4.874830 20.193800 
424 2 11.082900 3.811390 25.033300 
849 1 5.425220 5.912430 23.316000 
843 2 8.766750 2.494160 15.188300 
885 1 1.733940 5.274930 18.875200 
595 2 9.144120 7.158340 20.660100 
938 1 3.778910 6.018600 18.801800 
249 1 2.201130 7.462330 25.160700 
1082 1 12.856100 4.084970 18.494200 
1901 1 11.981600 12.239500 23.080700 
412 2 1.032490 9.266590 17.295200 
166 1 3.035510 2.388180 21.577300 
737 1 11.851900 13.053600 14.094200 
1964 2 12.681200 6.720710 19.705600 
1497 1 7.448010 6.592910 14.851100 
1521 1 9.584790 11.991100 23.433400 
469 1 1.828250 12.973000 17.715100 
1886 1 1.915500 7.796050 21.636900 
160 2 2.128530 0.421161 15.846700 
268 2 2.404050 10.639900 21.385600 
80 2 1.046040 9.459230 25.547200 
953 1 8.779290 12.864300 14.410200 
263 2 2.131380 12.624400 25.467300 
881 1 12.407500 10.277800 24.589800 
1017 1 0.789051 0.393070 22.527900 
1686 1 5.657380 9.121450 17.426000 
327 2 2.846070 8.137850 22.351500 
655 2 7.892330 9.816140 18.231200 
1835 2 9.179070 2.965940 23.674500 
436 2 8.661120 6.463080 20.869500 
1215 2 9.677760 11.818600 22.759100 
639 2 11.473100 1.861150 13.929900 
1106 1 6.931900 10.139600 13.542900 
1850 1 6.211690 10.262900 18.294500 
520 2 11.123000 0.671458 14.852900 
1444 2 11.021400 7.322080 23.314100 
1129 1 10.033300 5.764750 21.549600 
1913 1 7.898620 12.349300 21.065100 
338 1 9.478510 3.197230 19.967500 
193 1 2.347840 8.413360 21.253700 
1674 1 10.434800 0.438270 16.448800 
708 2 9.944050 2.742550 23.935700 
1374 1 2.506030 3.701790 25.594600 
770 1 12.591700 1.974540 13.356400 
1233 1 6.522340 12.316300 18.275900 
964 2 5.842720 12.030300 13.376400 
588 2 5.938610 9.893890 17.726200 
817 1 5.790960 0.651108 20.099300 
1492 2 10.469900 10.468500 18.464900 
1258 1 10.224700 5.999180 18.972700 
832 2 11.578400 9.824050 22.021700 
168 2 6.041870 3.595320 19.933300 
1140 2 1.002760 1.267850 25.358500 
1385 1 12.957600 5.070650 19.703200 
485 1 13.242100 2.080770 19.433700 
1827 2 12.116600 11.152500 15.926500 
1371 2 2.070710 2.644630 24.867200 
1240 2 2.062830 5.504740 24.124400 
604 2 7.526840 12.448500 18.537900 
1065 1 1.924630 12.305800 21.958800 
1451 2 0.760181 2.825710 19.696500 
399 2 11.056800 6.021990 17.201200 
1060 2 1.670710 6.006910 25.583500 
782 1 11.605000 9.688580 25.935300 
191 2 7.406810 10.240700 16.668300 
371 2 10.157500 8.113410 24.317200 
1985 1 9.630840 2.012960 17.913500 
320 2 6.236760 1.774570 21.360700 
1774 1 5.529540 2.975270 23.993300 
1414 1 7.718230 3.275990 23.067800 
1889 1 1.943990 6.896170 15.769600 
1054 1 8.161210 10.649800 18.497700 
1392 2 12.140300 0.210145 14.719900 
1435 2 8.737150 2.546990 19.442700 
1274 1 8.410210 9.175070 14.816500 
787 2 0.123899 3.478410 14.943500 
471 2 0.548811 2.759720 18.177600 
1061 1 11.017800 5.588270 16.807400 
529 1 9.318010 3.074920 25.586400 
1991 2 4.839380 10.079300 18.484100 
1560 2 3.362570 4.217910 15.077600 
1499 2 11.764000 9.569290 25.953100 
211 2 3.239400 2.334030 18.976200 
77 1 2.080570 4.559820 23.541700 
108 2 12.662600 8.889110 17.631400 
267 2 6.107310 12.234100 18.422500 
120 2 2.195030 4.854580 19.302700 
1112 2 5.471100 7.227490 15.679900 
1778 1 1.228610 5.185730 26.302900 
1234 1 8.524390 4.448700 25.313200 
1420 2 6.889740 2.564350 25.896800 
569 1 0.857959 10.801500 14.585200 
1786 1 3.496160 0.297122 16.353200 
827 2 9.260420 13.035000 14.689900 
709 1 0.844884 0.772579 20.660200 
1721 1 10.087700 13.048400 16.790400 
251 2 5.893970 0.217084 14.802100 
657 1 1.643860 13.235000 26.083600 
147 2 5.507720 0.351253 19.879900 
1906 1 5.006030 7.485680 13.730300 
764 2 11.067200 5.592090 13.296400 
417 1 10.340100 10.502700 26.151500 
82 1 2.372870 9.294120 13.399800 
430 1 12.537400 20.582100 11.978600 
526 1 10.178800 13.676300 1.414390 
38 1 7.899890 23.355500 4.194230 
576 2 7.063900 20.694300 5.665440 
1461 1 4.066640 14.289200 12.648300 
1797 1 11.546300 17.343900 6.846110 
941 1 8.988710 19.350500 5.716370 
1725 1 6.043950 21.159800 10.830000 
289 1 10.967400 24.760100 3.818990 
1412 2 5.858190 20.463300 4.277790 
330 1 6.547230 13.899200 2.045680 
234 1 0.335359 23.329000 9.494140 
573 1 1.739940 24.453200 0.758642 
1169 1 1.074940 20.319000 8.982060 
1968 2 7.927250 25.786700 3.874930 
299 2 1.762130 20.290700 2.808800 
1938 1 10.728000 21.952500 8.476670 
1688 2 8.486440 21.467600 9.289020 
1940 2 0.751177 22.323100 10.352300 
1758 1 12.348300 26.391500 3.641580 
1981 1 8.740080 25.965400 4.587120 
1659 2 0.256641 20.190000 3.413650 
105 1 2.705930 17.317000 10.402000 
1437 1 3.843200 25.925000 2.823370 
1212 2 6.987670 26.365400 13.255600 
1305 1 8.685750 20.307100 12.601100 
1538 1 11.226000 15.663500 8.806840 
812 2 5.258470 22.334200 11.439600 
1516 2 0.511886 21.864800 6.861590 
923 2 11.655400 20.182000 3.117830 
1558 1 9.234010 13.539300 10.031900 
1512 2 3.861660 21.693700 8.446440 
1630 1 8.828370 18.631700 1.110990 
1664 2 0.737200 19.096900 7.052620 
1885 1 12.338900 19.626800 6.211770 
1931 2 5.059890 20.686800 10.315500 
376 2 10.590200 17.246500 9.480140 
1878 1 8.307500 20.504600 3.449890 
270 1 3.180680 25.364400 3.986590 
605 1 6.318830 14.646200 12.307400 
754 1 4.791760 26.535800 2.863110 
516 2 4.769330 13.983800 7.328060 
18 1 3.015120 14.283600 9.969940 
496 2 13.249800 13.429700 3.881170 
1245 1 9.576240 21.680300 11.922900 
966 1 2.638950 19.628300 6.136490 
868 2 7.047700 23.585600 5.570860 
1749 1 3.738890 20.711300 9.958250 
1260 2 2.247000 25.577700 1.860130 
1343 2 0.323219 16.629600 6.481580 
1618 1 12.099300 18.414600 10.305800 
246 1 6.075590 23.250400 10.708800 
1372 2 4.434870 19.282000 6.258200 
156 2 2.720040 14.326900 3.209730 
24 2 3.302460 14.411000 9.798890 
35 2 6.089990 18.358000 5.385310 
713 1 3.672290 16.026000 11.327200 
1623 2 6.436330 14.452700 3.898170 
380 2 11.953600 15.518900 0.555327 
285 1 4.123900 22.282000 8.923060 
88 2 6.905450 18.793700 10.249600 
1603 2 6.371720 21.930900 6.970190 
148 2 3.877330 17.958500 12.666800 
1185 1 6.781910 24.760600 4.490360 
862 1 8.558810 14.302000 12.193400 
1838 1 11.034400 21.006000 5.172420 
98 1 7.570270 22.502200 7.933770 
1787 2 4.359510 14.932700 7.228930 
1519 2 1.259720 14.382400 5.651800 
1263 2 0.714963 26.363500 4.402500 
1710 1 8.916370 16.307800 5.338300 
1012 2 11.659800 13.567800 12.558100 
846 1 3.545900 17.938400 6.840630 
307 2 4.388090 22.960000 1.811450 
23 2 12.444200 13.673500 0.863660 
235 2 7.113130 23.849800 2.965200 
1556 2 7.855610 23.597100 8.802820 
1010 1 10.609100 23.421300 12.713200 
752 2 1.733950 17.415600 9.750500 
1912 2 11.701300 24.382300 7.391760 
1303 2 5.288170 24.409200 1.427540 
369 1 0.700708 20.740800 5.379200 
727 2 10.113200 18.910400 9.905770 
500 2 10.614800 25.009400 4.126030 
1691 2 12.107300 21.633500 8.948460 
847 2 9.241450 25.390600 1.141610 
1818 1 9.778070 13.342500 5.871920 
620 2 1.869870 20.614300 12.896900 
1681 1 6.759170 17.007700 13.084900 
1577 1 3.006710 21.700500 3.082380 
743 2 10.421800 17.764000 7.072720 
591 2 2.648220 16.934100 9.445620 
257 1 2.817540 21.029700 0.190294 
265 1 2.436450 24.772000 2.163400 
993 1 4.533200 23.211800 1.140980 
1388 2 13.198200 17.253600 4.834900 
1930 1 2.353500 16.329000 3.851300 
559 2 11.676300 20.592100 4.609940 
1657 1 11.208500 24.826500 6.667950 
391 2 2.458920 24.233900 7.164500 
281 1 0.317060 19.883400 3.661360 
985 1 3.002740 25.750700 10.857400 
669 1 7.305790 16.194900 1.095530 
137 1 5.480470 24.374500 2.786700 
434 1 6.409520 26.255300 3.035850 
356 2 7.176900 14.337300 7.266000 
1733 1 3.172060 14.601600 6.038080 
672 2 12.583500 14.839200 6.300620 
1579 2 7.946300 25.672500 6.445290 
1395 2 2.089790 20.565300 5.948950 
1483 2 0.443409 19.708900 3.009300 
36 2 6.251790 14.378100 0.830239 
1503 2 8.736000 25.746200 11.668800 
1724 2 0.899509 23.308300 0.613922 
322 1 3.072570 22.332500 5.363840 
1582 1 7.091810 18.794100 9.938050 
74 1 7.030080 16.901600 5.388950 
1823 2 6.088350 23.561000 8.887780 
1893 1 11.365200 13.902700 13.165200 
349 1 0.960088 14.277700 10.088800 
1862 1 4.156970 15.223600 9.040700 
1673 1 11.404000 22.622800 2.422460 
9 1 5.069210 19.817300 3.478370 
197 1 4.141910 16.736400 1.094900 
1099 2 11.835400 25.078200 9.283610 
1502 1 11.100000 15.576100 6.425970 
871 2 0.283281 23.444600 0.638186 
104 2 12.689500 20.331900 5.526150 
1273 1 7.056040 26.109200 7.521760 
768 2 7.567120 15.577900 10.835800 
517 1 6.231160 19.864400 6.993490 
755 2 10.918700 25.140900 7.053580 
484 2 2.024600 17.481300 5.637490 
1882 1 1.178950 22.382900 6.976530 
751 2 1.585060 25.810300 10.828900 
674 1 1.743740 21.583300 2.079410 
1463 2 4.174810 15.853600 11.117900 
1006 1 3.329530 21.944800 8.332380 
1682 1 5.794190 23.675300 5.826660 
908 2 0.115785 16.896300 12.153700 
455 2 4.139580 25.369100 12.518900 
433 1 5.312080 19.048400 5.645570 
208 2 3.742090 25.889500 12.966000 
1386 1 9.932760 16.370600 3.170260 
373 1 8.831910 17.518200 8.412900 
465 1 6.122930 15.389100 2.465590 
1873 1 7.443610 23.346500 8.488530 
514 1 5.655730 18.080200 10.559900 
1801 1 6.159780 25.265400 11.850600 
580 2 1.345090 19.944900 2.612310 
1662 1 9.873120 18.154700 10.679900 
1228 2 4.348970 22.890400 0.976216 
1585 1 11.275900 22.757700 4.138540 
721 1 11.296500 25.511200 8.484750 
1654 1 6.547120 14.777300 6.417640 
1638 1 4.674400 19.446300 7.483590 
1569 1 1.361370 16.726000 2.581350 
287 2 5.880110 14.619500 4.736030 
803 2 6.426690 15.177100 3.182470 
102 1 0.064906 19.186700 10.448900 
1438 1 9.361790 15.327900 9.324520 
256 2 9.145160 15.575700 11.775000 
1546 1 0.260965 17.959100 9.065440 
1552 2 0.725956 25.259100 11.393100 
1689 1 7.974380 24.252400 12.774700 
1025 1 11.694700 14.286600 0.531054 
117 1 9.643940 18.294900 2.634540 
1460 2 6.569480 25.921800 0.619493 
968 2 2.860500 23.305200 5.249560 
1131 2 4.510880 20.893500 6.021040 
767 2 7.642710 23.653400 11.451600 
445 1 13.288300 23.136700 6.024980 
513 1 7.313360 21.946600 6.556130 
1782 1 2.340790 16.977900 8.723350 
1532 2 11.460000 20.205700 4.997020 
1734 1 7.142430 22.445300 0.870388 
1188 2 9.804390 23.862800 12.030500 
1192 2 10.138100 22.277100 3.278630 
1611 2 2.308050 17.467100 8.940060 
872 2 4.983970 24.378300 3.878830 
642 1 7.650500 25.281000 6.501780 
773 1 7.111900 18.987300 3.063810 
1980 2 3.666700 25.190500 6.935660 
723 2 0.354519 20.150400 11.154700 
1735 2 7.203370 19.405000 4.833430 
34 1 10.398500 16.043900 1.483790 
472 2 9.666610 15.789200 4.106290 
922 1 8.890120 21.080400 9.967820 
1551 2 6.015870 15.057800 13.142400 
792 2 3.093080 13.855500 11.653700 
1238 1 2.548490 15.550900 8.792240 
897 1 4.408400 20.386500 2.234100 
481 1 5.330520 26.361400 7.707820 
1456 2 12.398100 22.229100 2.656640 
583 2 4.607140 26.277900 8.101500 
1803 2 11.822200 20.554300 0.895242 
460 2 4.826920 17.332700 0.211082 
1484 2 2.774300 20.671700 1.673720 
1231 2 12.075300 21.311600 6.207020 
1470 1 6.618510 21.983700 9.214100 
1218 1 4.626580 16.663900 3.284720 
230 1 3.382960 24.833000 12.694900 
648 2 1.671790 15.004000 8.741250 
678 1 8.908120 26.253400 1.420750 
1804 2 8.073020 19.503000 4.148880 
626 1 5.183760 25.424500 8.494290 
1495 2 4.578920 19.777100 8.874120 
683 2 3.947280 17.664300 7.155290 
1232 2 6.351460 16.325300 4.519990 
1137 1 11.626300 23.207800 0.288816 
1705 1 9.562620 24.515800 10.861100 
1756 2 12.097800 20.914000 11.437200 
1091 2 1.226570 18.573100 12.550900 
1332 2 9.378760 20.774400 11.925100 
1872 2 8.697750 14.419000 7.123950 
795 2 12.066500 22.121000 0.694312 
707 2 9.838360 21.348300 9.242780 
538 1 1.588000 17.610700 11.316800 
245 1 4.904930 15.927000 8.710550 
1693 1 10.528200 14.615100 10.926600 
441 1 8.425670 16.846300 11.455900 
1393 1 1.254770 21.656600 11.384600 
45 1 3.898680 14.237800 9.478760 
1352 2 0.888905 16.168400 1.390800 
622 1 8.367070 13.245600 7.314420 
1866 1 0.288746 16.878600 11.689900 
1643 2 6.887190 15.969800 4.684770 
976 2 7.493760 20.002800 1.881600 
244 2 9.979780 17.817800 8.184580 
290 1 11.397200 19.647700 2.138830 
502 1 7.152280 24.995600 10.261500 
1219 2 2.643420 16.357500 3.869000 
689 1 6.875150 19.875200 4.717130 
1702 1 11.626800 21.494800 2.039000 
428 2 8.384740 19.433200 10.876800 
324 2 0.257351 17.803200 11.769900 
1712 2 10.336900 17.332600 0.885260 
1085 1 3.151960 14.207900 3.647840 
1351 2 6.390110 20.476700 2.535520 
1970 1 12.702200 24.988400 8.676010 
199 2 0.285924 22.750200 3.187910 
1296 2 6.138620 25.872100 7.836070 
1571 2 0.360150 22.659600 11.204300 
719 2 10.052300 16.468400 2.010260 
651 2 1.482110 13.602600 9.707380 
410 1 12.145500 26.108800 5.383510 
1175 2 0.290974 13.568800 1.588590 
1881 1 6.364820 13.387200 5.395260 
1708 2 12.488500 26.447500 10.126600 
1948 2 11.217900 16.317500 22.390100 
418 1 10.620000 16.680500 20.298400 
1153 1 1.217230 19.595500 19.650300 
1041 1 6.405080 25.647800 24.936300 
43 2 7.159020 22.575400 16.003600 
1336 2 7.512850 16.237600 18.259200 
131 2 12.490500 22.897200 24.025900 
1567 2 7.184930 18.227200 26.406600 
1442 1 11.684100 25.396900 21.122800 
1743 2 6.783800 20.377300 13.481500 
899 2 0.458149 19.460000 19.398600 
1243 2 9.118840 17.875500 14.886300 
1738 1 7.418360 16.083000 17.423100 
942 1 0.558819 18.149600 16.000000 
44 2 8.531580 26.095700 26.201700 
825 1 1.723820 23.921900 19.547300 
1600 2 1.374910 18.502000 16.153700 
693 1 11.415800 21.244100 18.243600 
1650 1 5.090990 22.359200 24.853100 
1870 1 9.792630 19.702200 15.743200 
32 2 11.122300 25.387100 17.171500 
1737 1 5.246250 24.669000 25.707600 
930 1 5.531870 18.887500 20.122200 
1696 2 12.557500 17.223000 19.204900 
162 1 13.001800 23.671900 16.040900 
697 1 4.942040 17.586100 21.404800 
1779 2 8.296280 24.802400 22.260400 
1665 1 10.934000 16.256600 16.018200 
1049 1 1.683250 23.435100 22.984300 
598 1 8.763990 25.505600 17.276000 
607 2 0.503231 15.583900 20.067800 
332 2 5.382530 20.370700 18.951100 
929 1 6.276490 19.723400 14.019700 
165 1 6.047180 23.264400 19.028900 
1892 2 6.177470 17.376200 19.750700 
259 2 11.806200 23.070900 14.964500 
515 2 3.337350 16.530900 19.529100 
820 2 4.129520 13.811900 17.156100 
1130 1 6.720210 17.558900 16.093800 
114 1 8.555400 24.626100 25.843000 
180 2 1.384840 21.060600 20.858600 
1828 2 4.803290 25.545200 21.884700 
1321 1 0.340579 18.588700 25.127400 
1750 1 11.802600 22.744100 23.694400 
1387 2 7.178400 24.857800 22.030500 
1997 1 6.051510 20.778800 17.682000 
735 2 11.357700 15.967900 19.957100 
1699 2 3.120810 19.136200 19.346000 
1491 2 9.074050 25.474900 17.303300 
1380 2 8.422660 16.478300 14.448700 
1068 2 5.846140 21.065900 22.816800 
512 2 2.294960 23.130200 18.278400 
822 1 9.925810 24.883100 22.347500 
858 1 7.362840 20.627000 15.219600 
155 2 10.620000 18.582400 21.542900 
623 2 12.875500 24.383000 18.992900 
523 2 12.875900 18.671800 20.925300 
1594 1 1.636760 20.130900 15.991500 
546 1 2.162230 26.160800 14.382300 
1987 2 0.238763 13.721700 17.075500 
87 2 12.623700 19.974700 21.888400 
1181 1 5.550180 21.477100 16.688700 
317 1 11.499000 18.732100 17.770600 
913 1 8.919530 17.050200 22.723800 
891 2 11.716800 24.149900 19.319000 
473 1 8.665610 14.769900 19.217300 
1789 1 10.594700 26.230100 24.155800 
715 2 12.966500 17.858000 24.291900 
1184 2 10.141600 25.192800 23.331400 
209 1 3.618820 13.718700 25.512600 
1101 1 7.182300 17.078300 25.485600 
1544 2 9.126610 15.358200 14.841600 
100 2 12.634900 19.914300 25.461300 
759 2 1.193770 22.739000 16.071800 
1526 1 8.992710 14.784400 25.217000 
1454 1 3.208380 23.429600 20.497300 
855 2 11.369200 19.148500 18.132600 
1407 2 8.293240 18.906200 21.588500 
1962 1 3.664790 17.165400 25.073900 
738 1 2.028980 22.949400 14.417700 
1120 2 13.159800 19.402900 13.871800 
1616 2 7.648960 18.169800 25.742000 
1105 1 4.510410 25.537000 17.824100 
1581 1 11.475500 18.969400 19.549300 
571 2 0.801540 20.709300 21.722200 
909 1 11.176700 13.989700 22.537400 
1406 1 7.779560 18.136900 13.721500 
1250 1 4.683940 13.539300 16.069800 
415 2 6.279580 22.235800 19.256900 
983 2 2.959640 18.139600 24.961000 
440 2 8.043730 19.843500 22.208700 
887 2 2.902810 22.929900 15.198100 
92 2 6.339150 25.646300 18.824000 
1323 2 3.211520 21.188700 16.856600 
1340 2 1.074060 21.983000 21.500400 
907 2 7.925990 16.223600 23.961500 
1443 2 1.731880 13.619900 17.335900 
407 2 9.077110 18.444300 26.188100 
840 2 0.268080 26.201200 22.735300 
60 2 9.249950 23.487500 15.788700 
1762 1 2.884850 14.874700 16.443700 
49 1 4.391670 21.915000 13.842000 
189 1 1.035940 22.023000 13.627300 
971 2 1.199030 25.048500 24.456000 
705 1 8.194850 16.444000 19.679000 
276 2 1.883820 18.624300 24.047300 
853 1 10.750600 22.051700 14.258600 
987 2 10.269100 21.199200 18.171000 
1301 1 5.238950 22.421700 20.531900 
1166 1 1.481030 15.146400 18.955500 
205 1 0.228742 13.990800 16.277100 
638 1 9.050610 17.926300 14.670800 
154 1 9.225350 23.101000 15.472700 
1467 2 7.105210 18.810800 22.759900 
928 2 3.544720 23.580000 24.527500 
710 1 2.648020 21.335300 25.688400 
291 2 7.270570 13.623600 20.768700 
963 2 8.985020 20.876400 14.162200 
850 1 5.362790 24.232100 16.420500 
1419 2 10.269900 23.547200 13.305600 
314 1 10.803200 20.960700 22.187200 
1152 2 9.592530 17.940700 21.504700 
1653 1 1.748100 21.813100 17.746000 
48 2 8.655840 19.586400 14.757900 
1313 1 6.643850 14.487900 22.256400 
185 1 7.350500 19.600800 25.538700 
1769 1 1.241770 14.701000 25.274800 
1728 2 1.376770 24.416300 24.021500 
910 1 8.639260 26.234800 14.128000 
146 1 8.675460 24.435400 21.885800 
361 1 7.446290 17.710100 22.209700 
103 2 2.314050 17.544300 15.721400 
1967 2 0.186292 25.835300 18.858600 
1146 1 2.344970 24.427200 23.874700 
1941 1 0.471841 16.354600 14.505300 
921 1 12.332300 16.454700 17.428600 
1927 2 11.247600 26.164500 23.361100 
1770 1 5.892910 25.321600 18.119500 
1498 1 12.364600 19.628800 22.740600 
2 1 4.748470 14.223900 18.228400 
1093 1 10.907300 18.904500 21.174100 
1830 1 6.710550 20.234300 23.324500 
701 1 2.480420 18.115000 20.772100 
1939 2 8.540240 14.800200 24.517900 
364 2 8.441720 15.332700 25.748900 
1103 2 11.283700 26.372800 18.351500 
756 2 3.050360 25.309200 19.512400 
692 2 12.578900 23.759200 20.030100 
127 2 7.897390 16.453100 17.038700 
783 2 1.159860 26.173400 21.847700 
959 2 6.021060 19.151000 13.273900 
1018 1 5.634980 25.816300 21.746800 
1524 2 11.758800 17.436500 16.852300 
1272 2 5.699970 13.432500 16.769000 
823 2 5.325490 26.284000 17.848100 
906 1 2.300250 19.699800 17.649200 
1116 2 12.918200 19.882100 24.004000 
704 2 2.579040 17.661200 21.481800 
1486 1 12.548000 17.391600 20.722800 
818 1 1.968620 22.999700 17.365600 
974 1 13.205300 23.362700 13.919500 
1543 2 8.256040 20.579500 19.509100 
1963 2 11.812200 15.188200 17.353900 
406 1 0.514952 19.527400 21.351500 
28 2 2.217430 22.108300 14.450400 
86 1 7.902140 14.553500 25.615000 
673 1 12.751800 18.804900 22.073900 
1766 1 6.186380 15.359800 17.936200 
337 1 13.154000 20.540700 25.788800 
613 1 3.753190 18.921500 24.107700 
542 1 5.151020 13.831000 13.400900 
1043 2 3.239650 25.730400 20.568900 
1398 1 3.331800 21.531000 22.425800 
524 2 6.322560 15.905100 24.777100 
992 2 1.471890 21.210500 18.740700 
1007 2 8.570380 18.314300 26.046800 
1924 2 5.276690 21.512500 17.428700 
1203 2 4.200730 25.496000 25.100300 
319 2 5.228780 17.073900 16.411300 
478 1 3.208590 20.796900 19.784800 
628 2 5.420720 23.849900 19.348500 
904 2 3.239510 14.504600 20.565900 
69 1 4.133550 15.743400 18.954000 
1921 1 9.523010 20.695000 26.327000 
22 1 4.910450 18.994500 25.748400 
1384 2 10.441300 19.788200 16.096900 
1196 2 12.939100 21.132900 24.985000 
1391 2 5.910290 17.451800 13.604300 
1415 2 10.089000 13.754700 17.855900 
656 2 2.334750 13.547200 26.270300 
116 2 2.683870 20.887300 14.222300 
1811 2 6.119080 14.483100 15.986400 
1373 1 10.758100 16.873100 23.684000 
1860 2 2.323490 17.905600 21.597500 
507 2 7.961250 16.158800 19.620200 
1070 1 5.072250 16.926900 16.015600 
852 2 10.497900 22.961500 23.046500 
91 2 3.559020 17.751700 24.852300 
1144 2 5.734840 17.122700 15.252900 
262 1 8.282640 22.383500 19.851900 
1729 1 5.644840 18.810200 13.462600 
973 1 3.583780 17.724700 16.351500 
1189 1 11.730200 14.902900 25.116100 
1448 2 0.039859 13.229900 16.829000 
1899 2 2.301270 20.070400 25.373300 
645 1 9.914950 21.489600 17.767300 
1170 1 12.556000 25.526900 19.392300 
979 2 11.984800 14.599400 25.154100 
1869 1 7.877300 23.895300 14.230400 
837 1 11.684100 23.159600 18.579900 
1052 2 10.995900 19.003600 20.916800 
1247 2 9.980600 26.124600 22.755900 
90 1 11.190600 25.750600 16.241300 
1946 1 3.506920 15.206100 21.926900 
1123 2 6.073940 21.413500 22.178500 
269 1 5.486970 17.702800 19.653800 
1036 2 10.100500 20.308500 19.063400 
1563 2 0.434544 18.590900 23.773500 
894 1 3.342290 19.227100 14.622800 
653 1 10.514900 24.473200 19.252200 
833 1 4.418550 25.366500 21.100500 
1154 1 10.723700 26.492200 26.046600 
1097 1 7.325160 19.380800 17.687800 
340 2 5.131400 22.209400 25.897600 
877 1 7.805620 19.377300 20.582100 
1284 2 3.675290 19.206200 14.862800 
1195 2 2.896260 23.901500 18.615500 
258 1 3.250700 21.982100 16.965800 
435 2 4.301800 14.295200 26.287400 
1342 1 8.850660 14.879700 14.829700 
450 1 1.721530 18.961200 23.327500 
975 2 5.345800 15.922200 18.937000 
1229 1 7.143870 25.358500 21.762600 
866 1 2.640870 26.083000 20.415800 
1780 2 6.813190 20.495600 15.373500 
774 1 5.082610 14.691700 23.950300 
1902 1 2.813370 25.223700 24.953800 
1089 1 0.112858 20.099500 16.282000 
1781 1 0.095549 24.007300 17.899600 
988 2 13.050300 15.622900 14.865400 
760 2 4.465750 26.346700 23.710800 
118 1 8.271100 13.323600 21.902300 
461 1 8.556240 13.681000 17.853500 
1932 2 11.424700 26.406100 16.155300 
1717 1 1.292050 19.273500 13.435900 
746 1 4.568800 25.839200 13.833300 
439 2 6.876010 25.816100 13.989400 
172 2 8.819310 23.846700 26.269200 
302 1 3.073680 13.281500 13.386100 
331 2 18.956300 1.251650 4.423130 
1177 1 18.090700 12.641600 10.090300 
761 1 18.885500 7.972540 8.050940 
830 1 21.088000 3.713230 11.903700 
1894 1 22.675400 0.322556 4.524230 
231 2 15.695500 0.677320 4.294140 
75 2 15.998900 1.900900 2.434850 
1148 2 15.730300 4.993870 7.340390 
1539 2 16.961600 12.368000 3.038690 
994 1 16.857700 12.028300 12.318700 
52 2 23.574900 9.780510 0.330171 
1464 2 16.534600 7.733350 13.144100 
940 2 21.091000 0.679820 2.532380 
946 1 19.916500 8.487630 10.848000 
1168 2 20.984800 10.045500 10.666400 
587 2 19.312900 1.038100 13.178200 
703 2 25.228300 2.282400 0.304474 
1069 1 20.136300 11.360700 1.664230 
552 2 20.290800 10.030700 5.589530 
273 1 14.614800 3.381050 8.175350 
1974 1 23.968900 7.437730 10.678900 
1626 1 15.024200 8.995070 5.676930 
403 2 24.877900 0.902920 8.266270 
1684 2 21.384900 1.807790 6.011160 
1417 1 25.733600 11.616700 6.905600 
1433 1 25.549000 3.252980 8.398520 
1772 2 19.016300 8.698880 0.683612 
1631 2 16.622600 9.690860 2.953020 
20 2 20.572800 1.665040 8.131620 
16 2 16.386700 2.975780 5.477400 
261 1 21.702300 11.739500 0.263950 
1044 2 14.740100 3.136690 3.509150 
1335 2 13.863500 10.625500 10.116700 
212 2 24.831400 11.633200 0.723565 
1211 2 23.214900 1.480380 3.015860 
625 1 17.587400 2.825560 5.248630 
150 1 22.272800 3.621430 0.507729 
1223 2 19.491000 11.634700 8.754750 
1416 2 24.891600 3.030740 7.154390 
202 1 26.125500 13.025600 13.170200 
805 1 19.045800 1.544240 4.822180 
1677 1 21.364400 1.431520 10.996900 
1147 2 22.258500 1.650690 11.844400 
1046 1 20.194700 9.976230 5.445760 
943 2 20.718300 5.001090 8.924160 
1608 2 21.274700 0.803717 11.931600 
851 2 25.419300 2.966240 6.947600 
736 2 17.955900 7.059810 6.877570 
750 1 24.027900 4.431020 5.990410 
720 2 18.693200 11.072600 6.104150 
1200 2 23.026700 12.338100 8.805070 
277 1 15.920400 1.123080 10.520900 
351 2 13.671800 7.988200 12.495500 
1761 1 17.605000 10.414600 6.114540 
948 2 15.042600 6.138860 3.978830 
1411 2 22.891500 11.440400 4.530980 
1225 1 21.676500 11.545500 4.033210 
408 2 19.060900 3.536720 13.126300 
1520 2 24.416200 10.054500 12.798500 
427 2 14.110600 5.218060 11.722300 
451 2 24.028800 11.137200 5.211540 
203 2 20.634200 2.439040 4.326720 
1306 1 21.744600 9.554630 9.717760 
227 2 24.638800 9.170680 11.429500 
437 1 15.913700 5.129990 6.083370 
1545 1 17.992600 8.987280 9.601790 
1009 1 13.889900 12.501300 1.327920 
311 2 22.151500 9.789150 2.347160 
1648 2 22.983900 10.344900 5.367590 
1719 2 22.729800 3.592860 0.176555 
1535 2 23.572200 13.226600 3.395840 
1914 1 23.259000 7.692060 7.508710 
1775 2 15.936500 4.197500 3.413250 
1837 1 26.298900 7.862510 12.709800 
1346 1 15.918000 4.937690 5.284150 
1350 1 25.034400 6.847890 1.960470 
874 1 17.477400 3.635910 8.923270 
838 1 19.826800 1.333190 7.026860 
610 1 23.787300 1.389490 13.085200 
1086 1 14.034000 2.195720 12.487200 
328 2 16.716700 2.212110 7.488860 
1400 2 18.568700 6.890650 10.589700 
70 1 22.522200 1.249060 3.633630 
1647 2 15.886100 8.021260 5.151850 
1171 2 19.941300 3.651960 4.646360 
1796 2 20.199800 4.533090 8.107250 
558 1 20.224900 8.185460 0.061021 
1905 1 16.228700 6.258470 11.243800 
25 1 21.829800 10.813500 9.538360 
1726 1 20.289600 1.735080 8.298240 
1683 2 24.213600 7.081750 5.366490 
1299 2 26.127500 11.697800 0.304191 
1227 2 17.070200 5.244270 11.275100 
1933 1 25.769000 9.364650 9.109330 
765 1 19.424500 1.633480 11.744300 
1075 2 18.935700 9.312430 11.319300 
1570 1 18.912800 3.732160 11.672900 
1666 1 26.543600 8.639420 10.296400 
195 2 24.829400 4.453580 4.212480 
527 2 20.732300 8.318670 7.930220 
867 2 16.308700 9.008630 7.878290 
1669 1 20.653700 10.734500 11.180400 
1829 1 22.377100 9.635270 2.218820 
121 1 26.592700 0.679140 10.745800 
26 1 25.851900 9.753150 4.418540 
196 2 26.360400 7.052650 12.685300 
1078 1 24.262600 10.853300 12.397200 
1031 2 20.139000 11.311000 1.513560 
540 2 13.560300 6.401090 0.636292 
1660 2 13.476400 4.971900 7.632050 
310 1 15.030500 13.137000 11.865100 
1555 2 21.034300 5.105870 4.867320 
1426 1 19.890000 3.844110 2.843310 
96 2 23.722100 5.614000 3.589720 
226 1 19.958400 13.163600 8.375590 
3 2 26.384500 12.585600 8.817400 
1452 2 25.894600 11.733100 7.100850 
1549 1 14.071800 1.420110 3.610770 
1241 1 22.944100 5.925340 11.811900 
911 2 13.678600 2.111180 3.789230 
142 1 22.054600 5.221560 3.713400 
393 1 14.687600 10.763800 0.123603 
1936 2 19.661000 4.310810 2.776700 
409 1 18.548600 7.051680 9.349820 
1269 1 15.037300 10.745700 9.091720 
1239 2 21.845000 3.085620 7.976820 
489 1 25.030800 4.042830 0.262146 
345 1 24.562900 12.612400 2.065130 
729 1 26.503500 8.058240 2.477520 
359 2 20.190400 7.447820 1.925290 
1713 1 25.722500 0.061804 0.363844 
1401 1 20.470300 6.097410 4.394400 
298 1 26.469500 6.796350 6.292260 
1628 2 24.191400 2.146950 10.498900 
1588 2 19.511200 6.939760 9.122170 
462 1 19.965800 12.105200 3.537500 
1139 2 19.690600 1.725410 9.383180 
1501 1 21.630400 4.009170 4.931480 
1251 2 23.293000 0.533257 4.569910 
1294 1 14.594900 5.985130 3.217190 
917 1 13.873500 6.017130 7.244870 
1891 2 16.707500 12.659700 10.286800 
1969 1 23.092400 9.721070 0.556977 
522 1 18.698500 12.971200 7.164000 
354 1 15.469900 6.438800 7.233510 
336 2 24.473100 11.456000 9.955690 
518 1 23.098600 0.614903 0.241967 
1220 2 14.076800 12.249100 9.347140 
153 1 16.232700 8.425930 3.515450 
1883 2 18.940500 4.907700 12.941200 
1511 2 15.134900 12.319900 5.619430 
753 1 15.329500 0.200960 5.370090 
1937 1 20.091800 4.060080 4.053570 
541 1 18.927400 10.821200 8.100200 
488 2 17.524000 1.136540 10.921400 
175 2 14.841100 2.976520 6.700520 
844 2 25.992200 12.905500 6.654140 
1843 2 20.834600 6.464190 10.880800 
413 1 17.545900 0.750602 8.238430 
1908 2 18.189300 11.765400 13.202100 
459 2 21.146500 12.472300 2.442720 
107 2 16.977400 11.995100 8.215040 
14 1 16.406500 1.446390 2.122970 
1911 2 24.104100 1.014340 9.853080 
1490 1 24.082000 11.319700 9.109030 
388 2 26.216200 1.569720 11.030300 
1744 2 18.311600 8.200220 9.014950 
135 2 15.458700 5.507720 7.758460 
1436 2 17.097600 6.071630 12.896200 
81 1 14.147200 2.356240 6.606870 
600 2 23.945400 7.514650 8.321830 
1114 1 22.821300 11.593800 1.955870 
1064 2 18.318100 0.453205 4.974140 
1029 1 21.263800 8.146110 8.069470 
611 2 21.082900 9.266490 12.253400 
377 1 19.072700 6.037040 5.097590 
1897 1 21.041100 8.218960 11.910500 
315 2 24.294500 7.008230 11.983600 
557 1 24.122000 0.344599 9.360470 
242 1 15.068100 12.121400 5.433210 
288 2 21.424700 6.545340 11.667000 
301 1 21.135300 7.817830 2.012800 
691 2 17.642100 1.653370 9.732580 
1508 2 18.322500 4.983660 1.595630 
566 1 18.813900 10.047000 12.778200 
998 1 25.752000 1.177690 7.356950 
1957 1 14.465800 7.781490 1.144900 
283 2 23.234500 11.610400 4.594460 
1575 2 23.187900 6.180140 1.699520 
133 1 18.209000 5.957850 13.040200 
110 1 15.052500 3.531060 11.891600 
174 1 13.406400 10.672800 11.764700 
1692 2 15.251300 6.172000 5.300300 
1485 1 26.136500 5.747990 4.985930 
873 1 16.075700 7.126250 8.651060 
1076 2 14.867800 7.053140 7.819410 
1916 2 17.744700 8.892480 5.777680 
1848 2 21.257900 0.220533 7.394680 
778 1 18.031600 10.808900 12.531700 
1080 2 17.940700 0.432661 1.786500 
969 1 18.200100 7.450270 5.438410 
1482 1 15.947700 3.079290 4.011480 
1362 1 20.795200 5.729430 10.090300 
1270 1 19.127100 13.275800 11.859000 
636 2 21.239800 6.019970 3.990570 
1063 2 24.493700 7.224230 3.910990 
561 1 19.572000 3.826420 6.105160 
1032 2 17.408900 12.462800 4.143130 
733 1 19.310800 5.030230 8.553920 
1799 2 26.131300 9.068910 4.433080 
1410 1 23.409300 4.506630 4.185490 
1020 2 20.679700 11.972100 0.502298 
1836 2 22.748900 1.110610 4.445790 
1157 1 21.181600 13.119300 8.095400 
111 2 20.168200 12.093100 7.534530 
1121 1 16.162000 11.330700 6.325220 
950 1 22.718400 2.264860 9.380560 
1655 2 16.029400 0.690847 8.081160 
1785 1 26.476000 6.144950 8.579160 
615 2 16.127100 4.987010 5.073780 
957 1 16.211800 3.643150 5.957700 
682 1 26.191400 4.413840 3.443310 
1992 2 15.564600 3.009230 5.427190 
742 1 25.388400 7.887510 5.050450 
1383 2 18.524500 4.391010 6.516820 
1207 2 14.787200 2.274260 10.755100 
167 2 17.122400 5.980740 0.640391 
1255 2 21.648000 10.621900 8.603940 
1757 1 18.385400 4.332930 2.659900 
902 1 18.910200 0.736097 3.094340 
1230 1 19.752000 9.648050 2.958460 
1701 1 21.228200 0.116997 4.108300 
138 1 22.161100 2.541310 7.653580 
1026 1 25.103900 4.009220 10.042500 
525 1 24.298300 9.333010 12.215300 
1209 1 24.187900 12.548200 5.556300 
65 1 20.371000 5.527840 7.842310 
995 2 14.333400 2.620330 12.770600 
898 1 14.311300 7.076730 10.467200 
414 1 20.933700 1.535280 12.588800 
1704 2 19.589200 11.078500 13.184100 
1310 1 14.130400 4.997720 13.042600 
1966 1 17.712200 12.015600 3.236700 
390 1 23.788300 8.934630 3.910660 
1960 2 21.704700 7.914610 2.264320 
186 1 14.650100 10.932900 3.048910 
1973 1 22.232400 10.530600 6.427460 
432 2 25.713400 7.612170 2.287810 
292 2 20.608800 4.215040 10.746500 
814 1 16.056100 4.771700 2.891160 
1102 1 14.402600 3.455300 4.013920 
229 1 25.961200 3.892470 12.234700 
17 1 14.884500 0.766621 0.016912 
183 2 15.872700 3.505580 0.876162 
1590 1 13.622000 13.055200 10.373100 
1907 2 21.393100 1.604150 4.337280 
1449 1 13.414400 7.460610 8.416020 
813 1 14.780800 5.571800 11.645100 
1592 2 18.220500 4.050800 0.387678 
385 1 16.142800 9.987040 0.441515 
468 2 18.421400 10.853800 20.883700 
1370 1 14.517300 5.001320 25.793800 
1652 2 14.760200 1.184730 20.420800 
686 1 21.024900 6.066230 17.191200 
1455 2 20.591900 0.608811 21.235300 
944 2 14.107700 6.468380 22.573300 
889 1 17.124600 3.864800 26.578300 
1977 1 16.863600 1.984200 20.312300 
198 1 19.688900 5.375920 19.810100 
1604 2 19.821000 7.020290 22.421200 
646 1 15.757500 9.275600 20.427600 
544 2 15.342100 3.694260 22.845700 
8 2 20.246400 4.128070 18.492400 
368 2 15.300800 2.147710 18.942100 
660 2 26.007900 4.524490 23.336700 
94 1 19.169800 10.857300 22.204800 
1614 1 16.005900 0.603494 15.690200 
1929 1 16.354900 2.518590 23.357100 
662 1 22.668200 1.959330 18.247500 
1090 1 23.847500 0.488605 22.803100 
808 2 21.407000 0.959584 19.255400 
893 1 23.216700 5.413400 17.137500 
1851 2 22.826400 11.206300 20.854200 
960 2 18.870400 4.632740 21.308500 
232 2 16.287500 11.204100 22.400500 
1040 2 20.237400 8.668880 25.419000 
1361 1 19.058600 7.712490 25.267800 
1783 2 25.311600 0.714258 16.216400 
129 1 25.133600 1.987030 16.181200 
594 1 15.140000 10.502600 18.015500 
1542 1 19.206800 10.165900 25.274400 
1727 2 13.692700 2.584090 23.194900 
1160 2 17.826900 9.857030 20.588700 
1597 1 18.246900 0.174402 25.053500 
1645 1 20.778300 10.600900 15.325000 
687 2 14.932800 2.138720 13.897200 
1434 1 15.988100 4.667520 19.088900 
1027 2 16.073200 11.842800 20.708500 
454 1 22.007400 1.326110 21.577800 
1651 2 22.418000 10.694400 19.315700 
1176 2 17.333000 10.354100 14.975500 
1945 1 21.209300 2.406180 25.415100 
266 1 22.096800 11.222800 23.004000 
1700 2 25.894900 7.596060 22.100500 
688 2 19.724600 6.653100 19.974900 
1720 2 13.884200 6.322130 22.989500 
619 2 22.088000 9.596080 17.551400 
1278 1 25.365200 8.354640 23.450400 
533 1 15.293700 2.104100 14.636100 
1320 2 25.879000 4.985540 15.499600 
1039 2 24.483000 0.582795 14.626200 
1308 2 15.751100 8.677130 23.272000 
1831 2 17.646500 7.156280 24.608100 
1021 1 22.814800 4.490360 25.865400 
1439 2 22.570500 1.663890 17.688700 
647 2 23.274100 10.258500 14.367300 
534 1 18.115000 12.608100 25.808900 
1285 1 13.663400 -0.063190 16.895900 
1625 1 15.953500 6.011730 16.398600 
1408 2 15.007400 12.426600 20.820500 
1133 1 19.869000 13.132900 24.350400 
1718 1 16.732300 10.619200 21.858800 
779 2 20.272100 11.505400 22.802000 
1430 1 14.411600 3.524800 22.562300 
834 1 23.925000 6.172920 15.909700 
334 1 17.532200 2.916970 13.846800 
1221 1 19.417200 -0.009877 22.805900 
233 1 16.566800 5.560040 23.322300 
55 2 18.427700 10.850900 14.401900 
939 2 13.453300 7.432710 15.037300 
239 2 24.969200 6.827930 18.411700 
811 2 23.731400 2.419830 20.895400 
864 2 22.320400 10.423800 17.056000 
141 1 19.479000 3.296240 14.385700 
1194 1 13.531600 9.007640 19.911500 
37 1 13.520100 7.062710 16.953400 
1081 1 21.388000 11.783400 14.182700 
769 1 21.644800 7.863750 20.465100 
996 2 13.828100 5.502430 17.186800 
1951 2 13.723600 0.048710 19.283400 
1903 2 14.699300 9.955390 21.043200 
1697 1 25.761200 3.846420 25.735400 
372 2 16.176300 9.798020 25.909100 
664 2 20.902600 12.231200 19.263700 
1671 2 20.489500 3.794510 14.627500 
1254 1 25.040800 9.378010 26.205200 
1262 1 23.646000 8.579470 25.242000 
1636 2 16.910700 9.736040 13.761500 
1236 2 23.446500 6.916090 19.437500 
236 2 19.029700 0.570232 14.950100 
1038 1 17.653200 11.469200 18.670600 
1763 2 22.836200 13.196800 25.536700 
250 1 20.452300 4.417910 20.988500 
21 1 26.125800 5.128760 19.034500 
766 1 23.102000 7.551150 20.611000 
860 2 19.456500 8.773330 13.243700 
357 1 13.676800 0.388488 19.943600 
309 1 18.960800 12.142600 19.739800 
1084 2 16.357300 1.970210 16.044900 
801 1 21.839500 11.977100 20.673700 
1375 2 20.059300 8.030360 24.138200 
1709 1 22.511800 4.399400 13.686000 
272 2 15.900100 1.272350 26.364300 
884 2 17.591400 10.424000 17.711700 
1257 1 25.118200 2.261780 25.430100 
221 1 24.193800 9.515020 15.332300 
1861 1 23.209200 9.013370 16.944300 
329 1 16.723400 12.009500 14.693200 
1141 1 21.506800 3.650280 15.933100 
1334 1 15.511100 3.170280 16.818700 
1145 1 26.058200 10.175700 23.421600 
363 2 19.372300 10.186400 20.245600 
374 1 20.553200 1.443350 21.074800 
1428 2 20.034300 0.300029 21.438300 
1566 1 15.106700 7.832270 15.508200 
1403 2 16.120400 5.723250 15.342300 
316 2 25.167300 3.921690 17.799000 
1022 1 21.976400 10.535400 19.802200 
323 2 20.209100 5.530960 25.333200 
643 2 20.728300 10.853800 15.622500 
57 1 22.251100 9.236410 18.361100 
1337 1 18.961300 1.132260 13.475000 
790 1 24.066100 0.809918 15.017800 
785 1 20.450300 8.256430 22.934200 
1634 1 21.823700 5.368010 23.815300 
722 1 17.463600 7.817310 19.971100 
260 2 23.111500 5.548260 23.759900 
1706 1 13.412800 10.106600 17.844000 
365 1 14.347400 11.225100 14.421100 
1432 2 16.579000 13.288000 15.607700 
633 1 21.231700 11.782800 22.221200 
1926 1 20.633600 12.423300 17.909500 
1156 2 24.968500 1.153990 16.687500 
1315 2 14.846000 1.223140 17.057600 
553 1 13.782900 8.672920 21.932500 
1529 1 26.051000 0.057384 16.503400 
1863 2 22.904000 4.599790 15.626900 
1971 2 21.271600 6.393090 21.254500 
207 2 25.497000 10.070700 24.202000 
1887 2 19.897700 6.980670 16.791400 
603 2 19.395200 0.624742 16.715800 
1394 1 24.165600 5.291530 19.474500 
1307 2 16.081300 11.527600 24.198800 
467 2 15.348700 10.147100 25.608400 
71 2 24.201500 5.873920 25.676300 
965 1 24.059600 12.123300 14.827900 
119 2 18.966200 11.357800 13.817600 
300 2 14.946000 6.286520 13.497600 
1122 1 24.630400 6.021980 26.074800 
915 2 13.919700 4.467130 25.597300 
139 2 16.786000 3.395150 20.465300 
1840 2 26.290000 9.035410 18.240200 
398 1 26.604900 8.858090 17.467300 
284 2 13.968600 9.868060 20.980500 
318 1 23.125600 7.893080 14.019900 
1747 2 26.125500 1.800710 22.368900 
61 1 17.578100 2.940100 22.122500 
563 2 18.893000 10.727600 25.588500 
1339 2 24.244200 4.200800 22.342700 
453 1 22.003600 12.452600 16.136300 
1098 1 15.576100 7.460140 26.059700 
1344 2 22.555500 12.376000 20.980200 
857 1 19.496600 5.079590 21.942300 
1995 2 18.889800 12.851500 22.936400 
748 2 15.399800 8.402650 16.574300 
895 2 15.360000 9.080910 15.550300 
170 1 25.157000 3.480070 18.394000 
1458 1 19.017700 9.205710 15.878100 
164 2 24.269000 7.739710 16.493600 
1909 1 14.507500 10.965900 21.312200 
1853 1 23.558500 3.699520 22.721000 
1125 1 19.648000 6.422560 22.038400 
824 2 24.880700 3.692320 25.537200 
1244 2 13.445400 11.938300 16.627500 
1849 1 15.947900 11.828900 24.076000 
1118 1 16.199300 1.949820 17.495800 
888 2 22.923800 12.153700 23.496200 
470 1 21.401200 9.589550 16.756600 
448 2 17.872100 9.309080 15.373500 
1479 2 22.533300 6.575580 13.985000 
452 2 21.078700 6.506100 17.252400 
702 1 19.120200 5.318420 25.815500 
1222 1 16.533400 8.497110 22.670700 
1854 1 19.335800 9.888680 20.921800 
1983 2 14.840400 8.114840 19.723300 
1199 2 14.557100 8.690630 20.555100 
1534 1 24.172000 7.993800 24.044900 
1839 2 15.981200 6.187910 21.457500 
355 2 21.673400 8.550810 25.274800 
389 1 13.916900 4.043700 15.144100 
609 1 25.464000 12.605200 16.626000 
1183 2 19.115800 4.380070 18.016700 
124 2 23.650600 3.612520 19.798300 
73 1 25.158700 1.166980 17.971300 
1825 1 14.695800 7.269700 20.273500 
113 1 25.834900 9.723150 21.951300 
905 1 25.940400 6.180290 16.921300 
574 1 18.655400 11.328000 16.586500 
1338 1 19.868000 0.532957 24.439000 
1475 2 19.203900 5.257140 21.678800 
1047 2 21.421100 7.997790 20.497500 
296 2 17.151100 6.230160 19.710400 
1834 1 25.329700 8.109920 21.724200 
312 2 18.798600 3.262870 21.731100 
483 2 18.812600 0.350582 24.845000 
1672 2 24.055400 1.504120 23.151200 
62 1 22.813600 3.846070 24.721800 
1004 2 22.470100 3.950520 14.150400 
394 1 17.283100 6.524340 20.487000 
240 2 20.332600 10.317200 15.859200 
1715 2 21.199300 1.965080 21.887700 
1104 2 21.897900 6.792820 16.161000 
1505 1 20.569500 7.964200 15.773100 
659 2 23.928900 7.384850 20.882800 
109 1 17.471400 2.292340 19.251600 
1928 2 17.605700 1.096690 24.861300 
947 2 24.839100 5.988220 16.076100 
1832 2 20.790000 10.187000 21.841400 
935 2 23.754300 4.064640 24.395000 
200 2 14.337100 12.426400 23.887800 
1138 1 20.352700 4.705140 15.300200 
1267 2 25.357200 10.232600 14.538300 
1888 2 15.667300 5.463020 15.638200 
134 1 15.553500 7.226910 18.155100 
1777 1 23.425600 2.671990 21.087700 
592 2 22.523400 3.690000 25.169700 
1023 2 24.255600 0.709060 24.784600 
961 1 17.671600 3.305470 16.048300 
1952 2 19.698500 6.622000 23.811600 
1242 1 19.052500 11.537600 14.738100 
784 2 23.762000 8.327010 22.217400 
1427 2 15.756100 4.589860 18.921900 
1477 1 26.246000 1.484860 23.364200 
565 1 25.248300 11.034500 25.801000 
1984 2 25.241600 8.367700 23.457700 
617 1 25.760400 6.332090 22.430400 
854 1 14.613900 11.402300 16.184300 
161 1 23.411500 11.516100 24.072400 
876 2 24.845000 9.734430 20.397800 
661 1 13.895400 5.666570 16.901500 
1934 1 24.035600 6.583660 14.295800 
1621 1 19.386300 12.259400 13.749200 
1942 1 19.345600 0.463477 16.348200 
1852 2 25.023600 0.260803 13.423200 
1182 1 18.508200 7.052590 13.704400 
1857 1 14.780400 7.808860 13.514200 
76 2 15.028800 1.504680 13.316700 
1732 2 20.188300 13.310400 11.350500 
505 1 24.950300 21.393600 8.562240 
1446 1 17.563800 24.735300 10.819700 
339 2 15.974000 22.795800 3.183330 
1465 1 18.889700 20.409300 8.289730 
176 2 25.366800 20.598700 12.466800 
1649 1 21.038400 24.961100 4.317540 
599 2 18.845300 13.370300 12.383700 
1961 1 23.412000 24.896200 12.298200 
641 1 26.427100 25.109700 11.251600 
143 2 23.433200 15.130300 1.271500 
1635 2 18.132400 22.800600 9.360440 
157 1 21.094200 23.195100 0.908402 
56 2 21.303900 13.657000 7.354480 
463 2 17.423100 18.949700 9.057770 
396 2 15.598100 18.212500 5.786380 
1300 2 19.744200 21.213900 6.898810 
1694 1 18.272300 17.726000 8.761730 
178 1 15.933800 18.406900 8.520320 
1381 1 26.537300 17.000100 5.632200 
1996 2 14.563200 19.514900 8.095060 
1598 1 21.842900 14.378100 12.378400 
47 2 18.964600 21.512600 12.255500 
763 2 19.910100 18.828800 4.646590 
1316 2 13.720800 22.031600 7.815600 
125 1 22.115900 24.295000 12.066600 
1476 2 21.289700 23.829700 11.038500 
169 1 16.088100 21.751200 7.081920 
567 2 13.569500 23.592200 5.973230 
1163 2 15.070300 24.067200 9.574500 
1864 2 25.651100 15.767900 11.437400 
1760 2 17.210600 18.380800 9.959610 
1172 2 18.828100 22.941400 8.794040 
1204 2 17.648500 14.943200 8.941520 
1128 2 15.829000 25.129300 1.103530 
1776 2 26.419800 17.603000 5.747020 
1522 1 22.138600 16.980800 5.641960 
694 1 13.659100 22.455300 4.030360 
395 2 18.374200 22.877800 3.726950 
1037 1 19.727600 13.710800 1.617260 
828 2 20.229900 15.519900 4.886750 
745 1 16.919800 15.275600 8.485990 
663 2 23.629300 22.932000 1.460150 
1311 2 13.781000 20.617500 3.462060 
1765 1 15.694200 24.599400 8.563510 
130 1 17.537500 24.195800 2.459370 
1290 1 19.971300 23.103000 12.698900 
859 2 24.284600 16.246800 5.498890 
718 1 13.796900 22.183500 10.704000 
1142 1 17.898300 16.549100 3.388700 
1271 2 20.965700 24.518600 4.862710 
878 1 16.473500 20.245100 3.864400 
1949 1 22.209600 14.623600 7.322810 
794 1 13.697100 22.455800 0.387593 
560 2 16.222000 17.611500 6.569740 
1079 2 18.155500 24.122100 2.248020 
1226 1 16.601900 22.654100 12.469300 
788 2 13.720100 20.796500 1.765100 
1034 1 21.805900 20.292000 11.551100 
216 2 23.703600 26.595400 8.992880 
1507 2 16.692800 13.889300 12.847600 
1530 1 19.236600 23.278100 5.513030 
536 2 18.230500 20.586100 6.806500 
480 2 17.322800 13.586900 7.735840 
1459 2 16.409600 22.251600 10.672200 
6 1 16.927700 15.885300 12.354500 
1 1 17.212700 13.352000 9.635490 
1919 2 20.326700 16.386600 8.310590 
989 1 22.168700 25.944200 10.795500 
1067 2 14.769400 15.045500 5.387350 
335 2 13.828000 13.431900 0.923422 
1990 1 19.172900 18.272200 3.966610 
1493 1 19.616900 25.865300 1.214090 
1042 1 23.781400 26.285500 8.726340 
757 1 15.752000 17.287200 2.273580 
739 2 23.281600 25.593300 12.863300 
464 2 23.733300 20.749000 2.850080 
931 2 16.394700 16.132500 1.008920 
869 1 17.460100 21.442600 6.221900 
1333 1 15.940100 21.260900 2.461580 
218 1 24.791300 23.474800 2.667980 
446 1 16.837700 15.384500 5.918080 
1880 2 14.369000 24.527000 3.124580 
511 2 25.047300 17.083100 10.870700 
1030 1 14.728100 14.436100 7.286530 
1094 1 18.649400 23.532000 6.913730 
1675 2 24.650000 16.102100 12.552000 
5 1 14.027100 24.213100 2.745490 
1396 2 13.856800 13.557300 0.303803 
819 2 20.691200 23.340700 8.553110 
397 1 23.097900 20.352900 2.987860 
875 2 23.069600 18.966200 2.494780 
449 1 19.857200 18.530000 5.529610 
493 1 13.981100 21.505600 8.028030 
1637 1 24.542900 17.289900 2.765350 
1698 1 22.694400 15.154500 0.718780 
1073 1 14.288900 20.388800 7.733430 
1496 2 20.030800 24.195400 4.329620 
1884 2 20.456800 19.538600 12.596500 
498 1 14.769300 18.381900 6.843330 
1264 2 18.841200 21.834300 0.421853 
206 1 19.905000 19.537700 2.579940 
228 2 18.945800 18.131500 0.719547 
1355 2 21.252000 21.999400 0.688049 
132 2 25.503300 16.222300 3.646690 
274 1 18.314600 14.020900 12.612100 
425 1 22.435700 15.827300 10.398000 
508 2 23.017600 14.498000 6.416710 
1312 2 24.953100 13.881000 12.415600 
159 2 20.658500 13.632000 8.423450 
1879 2 25.037600 23.712800 4.123400 
1572 2 18.726600 18.423800 3.388530 
1429 1 24.767800 20.356500 6.561700 
1809 1 22.088100 22.694800 5.516220 
1999 2 23.463700 24.055600 11.400500 
1014 1 22.692900 14.995300 13.171000 
89 1 18.531000 22.834300 3.584880 
550 1 19.036200 19.404600 10.615300 
1378 1 23.325300 23.203600 1.429910 
83 2 15.082000 20.429700 6.870070 
1795 2 13.517400 23.003900 4.500340 
1205 1 20.216100 16.916100 9.915220 
984 2 17.366300 21.508000 8.379530 
95 2 25.106500 21.163500 9.601250 
744 2 24.571500 18.394100 6.969710 
1613 1 20.508500 18.005400 1.182100 
214 1 18.032000 18.604400 1.856960 
1287 2 13.728600 18.335000 6.529130 
1679 2 22.468600 14.182000 11.979200 
1687 2 19.378800 13.531400 7.029630 
1517 1 21.618500 25.779800 0.390550 
530 1 25.022600 22.754300 11.756600 
442 1 25.712100 14.275300 5.994870 
419 2 17.738500 17.009700 1.742910 
892 2 23.295300 19.931600 7.086680 
67 2 26.535500 22.973600 8.200340 
1794 1 26.519300 23.953800 7.696470 
1425 1 23.539900 18.042100 8.316770 
1748 2 26.065400 25.573200 3.366370 
353 1 22.818400 20.475100 12.837700 
1739 2 18.261900 17.506300 4.711810 
1500 2 24.031100 25.836200 4.456300 
499 2 16.778600 13.418000 13.082800 
1816 2 20.729500 18.426100 1.658480 
149 1 24.670400 15.564100 4.268570 
1742 1 17.711700 23.667400 8.229880 
1462 1 20.702100 24.896900 12.802200 
1814 1 16.955700 18.691400 9.838150 
954 1 20.113100 13.764600 10.195900 
482 1 25.303900 24.246500 4.666180 
1890 1 13.581900 26.029000 6.709630 
667 2 19.285500 26.293600 1.547530 
1895 2 24.520400 13.760500 12.881400 
914 1 13.954500 18.682400 4.023110 
932 2 16.045500 26.001800 11.142900 
1088 2 15.453600 17.244300 1.949050 
903 2 17.924800 24.775000 11.013300 
402 1 21.391700 23.035300 9.268260 
865 1 14.914300 19.933400 10.801100 
1367 2 18.364400 17.638100 10.433500 
581 1 19.752800 17.136700 7.331240 
1397 1 23.854300 26.009200 10.919900 
555 2 17.459700 20.058800 0.584685 
1633 1 22.501800 19.944000 7.005880 
343 2 20.898800 25.443500 6.128800 
1345 1 15.454600 24.726300 1.736540 
1956 2 26.187300 21.119600 5.221580 
1117 1 25.548300 25.663800 3.278510 
79 2 13.542900 13.399900 10.980100 
786 1 25.565000 15.765600 10.007200 
1842 1 24.797100 19.997900 11.040700 
637 1 13.415800 14.496700 4.410050 
1208 2 23.816900 15.623100 0.201251 
1716 2 22.184300 14.624100 13.007100 
1910 1 24.076400 14.130800 8.638310 
1676 2 20.266400 13.903400 2.508910 
54 1 13.697700 20.531000 3.172860 
501 1 23.116600 14.156000 5.810100 
699 2 22.099300 26.442800 0.256334 
999 2 21.861500 22.169100 6.389630 
213 1 25.202300 19.566200 2.174380 
58 1 14.706400 24.390900 5.852940 
1100 2 18.652300 20.342200 7.700790 
1695 2 18.559700 26.341300 13.130400 
416 2 22.734600 13.417700 5.217510 
1982 1 24.280500 24.958800 0.538757 
1341 1 18.716100 14.711000 3.988540 
730 1 23.197800 17.271600 10.205100 
1363 2 15.587700 19.126500 7.687210 
1113 1 17.988800 20.110800 10.326700 
614 1 19.315700 25.345300 6.188950 
1360 2 23.859400 16.698500 8.988720 
582 1 21.046000 25.959400 6.872280 
531 2 23.702600 16.184600 3.337880 
640 2 16.444800 18.003500 1.118130 
997 1 15.241500 14.772600 1.312430 
1143 2 19.209700 20.001700 12.669800 
1472 2 18.727200 24.935300 11.983100 
40 2 26.245700 25.354700 6.332870 
1904 2 20.509100 16.895100 8.673190 
1975 2 14.406200 17.136500 11.447200 
949 1 23.027400 19.504100 0.785955 
670 1 13.676700 25.663600 9.537610 
962 1 24.669500 14.470000 1.756290 
1124 2 20.370900 13.803000 12.519700 
586 1 21.050400 16.022400 2.045430 
479 2 17.627800 22.686100 5.959120 
1813 1 16.940800 19.636500 5.876580 
1096 2 25.555500 19.243800 0.257805 
1161 1 13.337500 17.271000 1.784050 
934 1 21.878400 25.527400 5.344810 
1730 1 23.635600 13.589100 11.708000 
495 2 23.418700 16.360200 9.227810 
572 2 19.410600 18.945800 12.275300 
1016 2 22.147000 23.646400 9.619240 
685 1 18.285400 26.011000 2.197710 
1330 1 24.458300 16.683000 8.935690 
883 2 17.372800 16.348000 7.505480 
1714 1 19.383500 21.978200 12.698700 
1509 1 15.618700 24.748700 11.850000 
1108 2 18.676000 23.463400 5.545760 
379 2 19.626000 16.826300 9.215460 
1302 1 20.054400 14.075500 6.741590 
1644 2 18.470400 14.190300 1.372910 
85 1 23.148300 19.202700 6.003670 
1703 2 23.684000 20.210900 12.106700 
304 2 13.810200 25.200300 6.353040 
1466 1 18.804000 18.558200 12.750000 
392 2 13.450100 13.641600 8.157230 
50 1 17.225300 13.764900 5.404800 
1900 2 23.444500 22.248000 0.484137 
1564 2 22.976500 26.263200 0.127715 
1998 1 15.629000 19.500900 0.253516 
210 1 17.633400 17.341900 0.339087 
1275 2 19.325800 25.810900 0.125588 
341 1 17.615800 25.665900 25.933800 
731 2 15.206200 22.093600 19.778400 
401 1 19.297400 18.772600 22.311900 
1746 1 22.847700 22.412600 16.357800 
509 1 15.268100 16.090100 25.926200 
1187 2 15.114700 17.777000 16.106100 
1051 2 19.545800 19.575100 13.886300 
382 1 23.419300 23.178600 22.543000 
325 1 22.839600 25.978300 25.095500 
967 2 25.536100 17.210400 24.239000 
802 1 23.097100 20.478700 20.763200 
630 1 20.424300 25.386300 19.788500 
1547 2 19.624400 15.835200 23.511600 
1135 2 24.325600 23.978300 22.808700 
890 1 24.717800 18.667400 17.876000 
1293 1 20.319500 17.029600 23.028900 
444 2 14.412400 24.352700 13.881200 
789 1 21.063800 15.250200 26.133900 
900 2 19.471100 18.632300 14.201000 
597 1 13.762600 26.313000 13.858200 
184 2 19.272200 15.037300 16.914600 
1478 1 24.771200 14.002500 13.751100 
741 1 22.816900 18.962200 20.951500 
627 2 15.682100 20.850200 19.621200 
1663 2 21.044800 14.577100 20.419300 
716 2 19.318100 23.665400 14.034500 
475 2 23.369400 15.786200 26.070400 
1405 1 23.131000 17.094400 25.516200 
1217 1 23.706900 15.838600 16.332600 
842 1 16.838000 20.153200 21.839100 
305 1 15.047400 16.571500 16.959300 
1450 1 18.025400 22.629100 18.276400 
1741 1 23.848600 16.438000 26.304600 
1319 2 21.237800 22.037000 21.078800 
1632 2 22.739200 14.415400 15.387000 
490 1 26.294900 13.284100 19.852100 
1328 2 20.758700 16.454900 22.759800 
122 1 24.359700 17.589100 13.546200 
510 1 16.522100 16.854100 25.292100 
762 1 14.804400 21.462500 19.995600 
1083 2 24.970800 13.488600 22.686300 
352 2 16.842900 15.197300 24.194500 
282 1 21.481600 25.957100 20.791700 
1510 1 18.058300 18.685200 13.324600 
775 2 23.650400 25.106700 15.800700 
1048 2 22.843900 22.698900 17.813800 
1610 1 20.034700 19.771200 25.422300 
179 2 20.305800 15.919300 14.217000 
836 2 24.309200 18.393700 17.260100 
1518 1 16.257000 15.173700 19.266800 
313 1 14.408200 18.330500 21.183600 
616 2 21.485600 20.153300 24.376200 
1812 2 21.808100 23.534200 23.861800 
537 1 19.538700 15.446200 18.532100 
1357 1 20.038900 18.951400 20.111000 
1541 1 23.048900 24.883000 17.468700 
845 1 18.906000 20.344300 13.950100 
1266 1 23.349600 22.123000 21.399300 
1013 1 25.898000 26.134400 19.668500 
725 1 22.189800 22.870500 18.604700 
106 1 14.331400 14.415800 18.243200 
443 2 20.111400 22.632800 16.339200 
1445 1 25.401200 19.329500 24.114400 
29 1 16.029000 13.471000 15.046600 
1280 2 18.757300 14.711600 19.610800 
1035 2 15.129000 16.397300 21.699900 
1806 1 14.492000 23.932000 24.850400 
977 1 14.003300 19.779700 20.724800 
1001 1 17.740700 25.343200 18.648100 
97 1 26.339000 23.292800 22.944700 
333 1 14.196000 14.877100 25.731800 
1291 2 20.168700 22.887600 14.324200 
1488 2 21.399700 20.913900 15.034000 
698 1 26.018400 17.133100 22.113100 
1845 1 17.415500 20.643900 25.017600 
404 2 17.549300 16.797200 13.624600 
797 1 25.330500 13.432200 22.839900 
1898 1 20.411600 25.707000 25.334400 
695 2 16.371000 24.266400 19.923200 
1115 2 24.141600 19.134400 14.972400 
1573 1 17.573100 14.950400 17.055100 
1955 2 23.046900 15.902200 21.322300 
1409 1 20.515300 22.945000 22.943200 
1198 1 20.697900 22.669000 14.463900 
1268 2 19.830000 19.673200 18.133600 
1807 2 16.220600 15.570000 19.139200 
308 2 13.336300 23.634300 17.494300 
568 2 25.979000 15.917400 21.252600 
367 2 21.281600 18.634400 18.849400 
519 2 17.627900 22.233400 25.921600 
1317 1 15.607900 23.630000 15.822900 
1607 2 13.502900 23.516000 13.327300 
1201 1 18.958000 16.741000 16.003700 
986 1 22.795000 23.099200 25.053100 
375 2 25.770900 19.828400 22.970900 
1055 2 13.653500 16.603300 17.133000 
1639 2 18.905100 17.652600 21.988300 
1058 1 16.783800 22.279700 20.051600 
882 1 22.328800 22.035400 24.540400 
1286 1 20.292800 19.911900 14.215500 
612 2 17.834900 13.622300 25.764500 
1533 1 15.098500 16.645000 22.548600 
1989 1 18.108300 21.407400 15.306500 
1356 2 18.842900 25.466500 23.967800 
1322 1 13.839400 14.410900 21.572800 
458 1 22.677600 14.810100 24.613700 
145 1 23.657800 24.936400 20.177400 
1348 2 15.505200 20.741400 20.232100 
772 2 25.272100 21.308300 15.496600 
690 1 23.851600 23.263200 17.876100 
829 1 22.505700 15.259600 21.022900 
901 1 25.534100 18.203300 17.116700 
1214 1 21.813200 18.057600 16.555100 
1480 2 21.643700 23.561000 19.409100 
494 1 18.728900 13.833900 19.968200 
1667 2 15.809500 14.808300 24.819000 
1874 1 21.365900 18.933100 25.990100 
1661 1 14.034300 17.728200 19.393600 
596 2 23.151100 18.076500 21.951000 
980 2 20.238200 13.385000 23.096700 
1062 1 15.797800 26.001900 24.112200 
1210 1 21.647500 15.813500 16.236200 
1685 1 24.844100 19.043300 14.387700 
1815 2 18.954300 22.129200 24.511700 
1920 2 22.750300 20.749900 21.076300 
545 1 25.149800 15.054800 22.231900 
1376 2 19.265200 21.609000 16.829100 
1798 1 15.143900 18.209000 14.879600 
1536 2 20.842800 23.307100 14.651400 
629 1 26.322000 14.789000 23.816100 
1606 1 20.330900 14.745300 15.398100 
1754 1 19.816200 17.492100 20.899700 
1722 1 15.602800 14.171000 24.810200 
383 2 18.175300 24.017300 15.683500 
420 2 24.496600 18.424600 20.104800 
1506 1 16.354000 19.328500 16.725000 
194 1 22.947100 18.362600 15.073300 
11 2 21.364000 15.085800 15.196100 
937 1 21.206000 26.481200 16.177400 
1213 1 25.906500 25.585700 24.076300 
1527 2 26.007700 14.120600 18.817100 
780 2 22.332300 14.687300 13.382700 
933 1 20.925300 14.131300 20.589200 
1289 1 26.152000 22.737700 26.476700 
1678 1 22.278600 13.342500 25.839100 
945 1 17.884100 24.995000 16.126600 
806 1 25.987000 19.003600 13.258400 
1413 1 19.213600 22.701400 16.532200 
163 2 15.031300 20.892300 25.730900 
532 2 26.098800 23.457100 21.014600 
680 2 20.456300 22.696800 22.592600 
1586 1 20.677600 25.549600 16.707000 
602 1 18.495700 20.138100 19.343000 
634 1 13.981000 22.519100 22.286600 
521 1 25.990400 16.749600 24.948700 
1988 2 19.354100 18.450500 21.112100 
1252 2 14.426300 25.573800 23.311100 
140 2 14.041500 19.208000 21.024000 
63 2 23.197100 13.482400 18.258000 
1005 1 18.004400 24.419700 21.319800 
1487 2 24.974900 16.097200 15.336700 
556 2 22.968500 24.156500 25.530600 
1418 1 19.755700 21.812900 24.443400 
1119 2 22.952800 17.391800 13.615000 
681 1 13.431500 19.425200 23.806300 
916 2 20.467800 17.679900 18.873200 
1402 1 23.486900 16.158300 13.906900 
712 2 16.754800 20.617400 24.914600 
187 2 24.724800 19.091100 26.026500 
1617 1 16.127500 20.468600 19.512000 
1790 1 24.069000 18.524200 21.900600 
1092 2 25.030200 26.247200 17.703600 
378 1 16.461800 21.439600 26.143400 
1584 2 14.287600 14.717800 19.495700 
1193 1 25.056400 15.054900 25.410000 
1958 1 13.573700 20.552100 24.616800 
204 2 24.786400 25.957500 26.361000 
798 1 21.695200 13.754700 22.147100 
1826 1 18.590900 14.102200 21.780000 
1056 2 25.604200 14.761100 24.759700 
1589 1 21.047100 25.164600 22.926000 
1877 1 19.010400 24.776900 25.878800 
271 2 21.120400 15.630900 26.360800 
1155 2 14.532100 14.708400 15.064100 
1282 1 15.662600 23.743200 21.808900 
1390 1 18.987900 16.641900 18.083600 
740 2 17.293100 23.116900 16.916100 
1615 2 18.879400 22.177200 21.121000 
215 2 23.099000 22.683100 17.613400 
1206 1 17.904100 15.970400 23.814500 
1935 2 21.065900 25.692300 16.594000 
1601 1 22.798000 17.740400 23.535300 
1292 2 26.578500 19.315900 14.005700 
1071 2 18.754400 15.792500 17.127500 
1179 2 25.513200 14.581500 23.686000 
1261 1 16.790400 13.979600 25.679300 
1876 2 23.993000 25.428900 13.330400 
1833 1 19.886100 21.475600 17.284600 
1944 2 17.004200 23.442000 21.068100 
747 2 23.044400 18.518800 20.048700 
152 2 17.976900 25.244700 18.824000 
346 1 19.250700 16.132600 23.648000 
1599 2 26.255400 18.262800 16.228500 
644 2 13.676400 21.589800 14.172800 
238 1 22.683300 15.320000 19.522500 
421 1 26.211700 22.000100 20.743300 
1986 1 19.978300 17.276000 14.067700 
1281 1 25.175800 23.762900 21.950900 
777 1 14.411300 14.879900 23.625400 
1624 2 17.913200 16.280400 24.330600 
535 2 19.195800 13.590600 21.142000 
1309 1 20.100400 19.223600 17.528700 
1457 1 16.809800 15.985900 14.036300 
2000 2 20.146500 25.260700 26.242000 
951 2 16.151100 15.069300 18.601600 
255 2 20.717800 25.811400 24.220200 
1314 1 21.539700 24.237600 23.882600 
1540 2 24.712900 24.433700 21.921800 
676 2 20.145000 18.425200 24.821000 
668 2 17.389300 17.308900 16.219700 
1976 2 16.884400 19.336100 14.287700 
696 2 23.861100 13.582500 18.831100 
1150 1 25.095400 13.757400 18.897700 
1327 2 14.758200 26.453800 16.624800 
1670 1 25.374000 19.803200 19.136000 
1295 2 23.567500 20.150000 23.556500 
776 2 15.767500 15.044000 22.244800 
1469 1 17.006300 22.573300 16.804600 
1548 2 16.744500 20.596200 17.046100 
4 2 16.086900 17.519400 24.239200 
1791 2 17.410500 26.413300 23.385100 
492 2 17.292500 22.304500 25.353000 
1620 2 24.059500 16.688200 17.069300 
1917 1 13.530300 16.867800 16.752300 
1358 1 22.497400 25.740000 15.370800 
1619 2 25.171200 23.211600 21.864400 
1947 2 25.834500 22.018100 14.141300 
1329 1 17.395200 19.112200 14.113300 
570 1 25.578400 22.106700 13.488400 
1731 2 19.302300 20.322200 19.585000 
781 1 14.442300 20.984900 14.649000 
306 1 16.350000 22.734800 23.932000 
579 2 20.122100 15.581300 18.685600 
438 1 25.094100 23.304100 15.264500 
224 2 17.255700 18.399000 18.261900 
1235 2 17.233300 20.173500 26.106700 
1180 2 22.025800 20.123100 16.416300 
1528 2 26.276700 15.305100 22.712800 
826 1 18.064900 24.943100 13.953000 
1531 2 22.270900 24.658300 19.966200 
1640 2 22.676200 24.924100 20.773800 
1602 1 14.335500 14.661300 14.367300 
457 1 14.236300 19.836400 16.547300 
1369 1 25.745900 19.948800 26.450000 
1008 2 13.840700 22.884100 25.756800 
1304 2 25.953800 22.280300 17.108500 
577 1 21.260300 15.627200 13.469400 
1087 2 17.505700 18.576600 13.559800 
1246 1 25.262800 17.145500 13.332400 
