id type x y z 
1223 2 7.577790 5.019850 12.657600 
221 1 8.941310 7.145970 8.123640 
479 2 8.574930 10.081600 2.341200 
1921 1 12.148100 11.784800 9.189040 
1408 2 10.035100 10.285100 1.232620 
1590 1 0.880552 3.110050 5.818590 
1397 1 12.451800 0.782060 5.824880 
793 1 7.644640 6.125000 4.551290 
336 2 9.766020 4.239070 2.703540 
209 1 11.372100 1.391540 4.588910 
502 1 2.360400 9.030480 12.900100 
195 2 3.725420 9.211530 10.998300 
566 1 10.084100 6.931880 1.731990 
1369 1 7.353620 8.410810 4.476000 
1935 2 10.150200 6.994040 11.572500 
1211 2 1.485980 11.511000 5.648740 
1502 1 11.210400 8.748260 6.046450 
1738 1 6.621650 11.206300 8.860500 
345 1 1.267000 11.108100 8.265010 
1644 2 0.875471 1.877340 5.192560 
883 2 9.749550 3.814260 5.226650 
1209 1 6.738210 5.933390 5.956760 
652 2 1.318020 3.241120 4.809360 
229 1 7.410560 1.300200 9.363430 
1091 2 10.858200 5.952690 1.423690 
1787 2 11.891000 7.750990 8.251770 
305 1 4.038780 5.106260 5.697960 
1652 2 11.010800 0.476939 9.941530 
539 2 13.198500 5.837510 7.367480 
1106 1 5.755520 13.528900 1.836950 
1754 1 2.308280 12.606000 3.092540 
1319 2 11.365700 11.607600 8.076630 
1684 2 2.578450 12.156800 12.025200 
78 1 9.584480 7.516990 11.182200 
250 1 1.204820 2.887220 2.108670 
535 2 9.427700 6.429570 4.786210 
1489 1 12.535700 5.665160 4.909520 
129 1 0.172104 6.024790 8.057120 
716 2 8.481280 5.041970 7.479420 
584 2 5.413400 5.899290 10.742400 
1957 1 6.868260 2.555980 4.108080 
1394 1 11.962400 3.480970 4.809350 
1586 1 9.216580 3.225350 0.109746 
1305 1 0.392897 9.024930 3.598780 
933 1 9.897200 10.992300 3.353370 
589 1 5.528000 9.326310 2.144200 
1273 1 6.559530 10.213600 5.049100 
1762 1 2.370440 6.980840 4.834990 
911 2 0.660275 5.815570 8.158640 
1913 1 1.869190 7.794010 6.869980 
1228 2 1.292510 3.245900 0.625107 
571 2 7.658250 10.993000 10.930000 
1555 2 3.189180 2.496870 6.646690 
77 1 5.519100 7.965380 9.896270 
1997 1 4.030410 3.345590 0.449829 
952 2 5.221480 4.651370 0.756724 
1589 1 8.960420 9.220100 1.974660 
1671 2 10.231900 8.025060 8.175940 
1813 1 6.986560 11.648700 1.058490 
1705 1 3.537470 9.518370 5.104150 
1617 1 7.712860 3.982060 9.718190 
835 2 5.490710 7.217280 11.879800 
1124 2 12.275200 11.232600 7.628420 
88 2 9.607600 5.000370 7.267530 
1543 2 12.268600 11.916600 6.814660 
41 1 11.291300 11.666800 7.163960 
395 2 8.484700 10.797400 5.560600 
1466 1 4.276240 5.141820 0.469037 
685 1 3.159250 13.490300 7.640860 
1431 2 12.013200 1.398700 10.222100 
1607 2 0.508993 2.337540 9.514680 
1709 1 9.261810 5.209750 4.233470 
114 1 4.372660 5.864550 8.711390 
1786 1 10.769300 2.125870 0.419273 
900 2 9.234330 9.617670 10.043700 
1881 1 11.643300 1.288280 12.895500 
568 2 10.539300 0.352785 7.365980 
942 1 12.441600 9.878620 3.755110 
1540 2 0.287903 8.244970 4.804480 
1825 1 6.791880 11.412600 7.543060 
981 1 10.158900 5.764170 12.055500 
270 1 4.535340 7.683600 4.320100 
971 2 3.473120 11.041000 9.492410 
1179 2 11.997900 12.208800 9.942420 
647 2 10.344100 2.459290 7.498560 
819 2 1.262320 4.136300 -0.048718 
787 2 7.920200 2.265730 10.709800 
1494 1 13.284800 2.010850 7.120550 
591 2 13.096400 8.137600 5.170970 
173 1 9.914020 1.853040 6.060970 
776 2 3.598560 2.047160 12.339400 
456 2 13.070600 13.015900 4.630460 
212 2 7.523410 1.683700 2.744140 
1149 1 0.299629 0.670127 12.327800 
1653 1 5.308790 9.074750 4.241780 
1735 2 1.928100 8.912350 0.796737 
1711 2 4.023000 8.101210 6.340830 
1610 1 11.925300 9.036320 11.183200 
1452 2 6.868000 7.645960 6.212930 
301 1 12.576600 6.145820 11.145200 
536 2 1.278850 2.986010 8.052610 
575 2 9.129740 6.209170 3.309570 
176 2 1.968300 12.264500 10.087400 
1593 1 4.320470 4.121930 12.143400 
1687 2 4.656340 9.457600 3.683150 
1862 1 11.428500 4.521560 12.191000 
1414 1 10.817200 10.074400 1.948350 
115 2 5.708740 2.851890 7.438500 
1081 1 7.717020 9.550530 6.392830 
337 1 11.417400 13.021300 7.534470 
783 2 0.860635 11.683200 11.605700 
1470 1 6.861140 9.727380 13.242800 
1060 2 9.744630 0.522106 9.703280 
1559 2 0.872238 7.306890 12.231800 
121 1 1.306400 11.484300 6.259730 
1848 2 4.031040 7.940820 3.326480 
400 2 6.876970 7.336120 12.998500 
25 1 2.030430 8.319870 8.609380 
1342 1 2.004500 2.186560 9.231040 
139 2 5.937960 1.161340 9.180420 
643 2 12.667700 7.623680 6.367950 
1007 2 9.955720 2.304780 10.114900 
538 1 3.599470 1.080810 11.763200 
1666 1 5.570090 9.507410 0.048165 
1594 1 5.140430 12.078300 10.170500 
1961 1 5.772980 2.646340 8.859840 
1033 1 8.421590 2.381570 6.675170 
756 2 1.145500 6.206920 10.941900 
1030 1 8.265250 0.732494 1.763640 
1473 1 10.362400 5.845250 8.430180 
816 2 6.478650 0.709956 5.943110 
1791 2 5.020290 9.190280 8.614950 
1944 2 6.584040 7.865230 3.631730 
1300 2 12.463500 5.579630 5.188610 
1472 2 10.074200 4.584010 11.929500 
1378 1 0.122183 4.088840 11.460200 
1266 1 5.095910 11.569500 12.234700 
857 1 11.910700 6.284150 6.615800 
1101 1 12.058000 12.292400 6.233090 
1855 2 5.398130 7.361620 10.286400 
34 1 9.269800 4.920950 2.699460 
990 1 12.529700 7.015720 1.862180 
1327 2 8.338990 1.990210 5.010010 
288 2 1.290420 9.200650 4.523940 
663 2 0.445029 8.180880 9.152580 
340 2 10.156300 5.903050 6.843530 
1704 2 0.113573 8.154920 1.249860 
1822 1 12.380600 5.024950 8.569820 
433 1 9.838720 11.684900 10.871000 
878 1 8.734260 12.448500 7.149520 
1865 1 1.381140 -0.228464 6.469490 
1460 2 7.463390 7.958210 11.018800 
1005 1 -0.126468 8.843030 12.161300 
1237 1 7.332020 2.666110 0.996246 
1781 1 8.540860 9.488400 11.207100 
916 2 11.061500 1.819920 7.840530 
54 1 8.082840 3.842330 13.164600 
1558 1 10.837000 8.153640 8.328420 
1836 2 5.303460 12.104400 2.440390 
1050 1 5.628250 1.519150 0.913338 
1377 1 8.722020 1.671470 12.889900 
691 2 8.999410 7.504040 0.937464 
1165 1 9.041240 10.288800 0.130965 
1216 2 10.729700 5.243810 11.548400 
125 1 1.233270 3.419480 -0.456301 
198 1 5.177390 2.096410 5.149030 
1635 2 7.216930 11.917600 8.049980 
1578 1 12.608400 10.720000 13.313600 
1144 2 4.370170 7.608550 0.758197 
1532 2 10.257400 8.376960 5.783360 
1117 1 9.986600 3.920340 7.921990 
5 1 13.109300 6.628100 0.430783 
730 1 6.656430 3.606780 10.874400 
1379 2 11.076000 1.863370 0.778155 
759 2 8.542050 9.658220 12.073000 
1720 2 5.186000 6.403480 7.654780 
1039 2 12.797600 4.147790 9.739130 
83 2 3.085370 5.501810 3.539320 
930 1 -0.147499 4.049730 8.150960 
578 1 9.063920 9.783460 8.747140 
1219 2 5.625120 8.736710 1.507920 
1255 2 12.373000 12.721000 12.898100 
1123 2 12.774800 7.194110 2.706460 
165 1 11.495300 2.145350 9.800830 
1506 1 9.549400 6.721580 2.721970 
851 2 3.153730 5.372850 9.531130 
420 2 12.419800 1.806860 5.175990 
1753 1 4.288160 11.660500 4.785480 
1882 1 3.050470 8.262790 2.662110 
484 2 11.221200 7.472100 2.786160 
674 1 11.630700 11.495700 0.443332 
1164 2 5.917810 2.601520 8.053150 
1777 1 3.199470 0.843186 3.974830 
1680 2 5.130590 7.176320 2.368470 
417 1 0.416426 10.586700 12.254500 
1067 2 2.800000 9.039970 4.023870 
681 1 2.564560 3.466130 11.181500 
335 2 11.648000 10.412400 3.578030 
1656 2 2.599160 11.958600 2.064060 
1998 1 11.869600 10.452200 8.748970 
1331 2 6.645080 5.703760 5.681250 
853 1 1.513030 9.783690 2.642320 
1622 1 -0.073321 5.760060 4.353310 
1094 1 3.976300 7.253310 1.336240 
876 2 9.273810 5.121800 4.736130 
1373 1 2.732900 6.287700 10.080700 
1533 1 7.344730 12.969300 1.156970 
1920 2 3.000110 10.664400 7.233280 
1115 2 9.536690 6.622350 6.703310 
923 2 9.894890 13.103700 2.200180 
239 2 11.956800 4.094380 3.687780 
1700 2 8.051360 11.915800 8.627330 
1185 1 5.778270 7.289960 8.315940 
1374 1 -0.045286 8.590230 8.961220 
598 1 4.384610 8.131820 12.058900 
1294 1 12.060300 7.550400 3.353540 
528 2 7.132100 4.673910 1.583060 
422 1 12.568500 6.592780 8.152820 
1688 2 4.451670 1.319330 0.962895 
190 1 4.156560 0.996425 8.814630 
1315 2 6.395360 9.915620 6.086090 
1628 2 11.693900 9.336310 7.919760 
694 1 2.636990 6.439070 7.013260 
1492 2 1.191730 -0.325550 5.942390 
1356 2 12.079100 12.301500 7.710220 
325 1 13.276200 6.771310 6.094850 
1751 2 6.401970 12.942800 0.955368 
1963 2 2.788870 3.165890 11.131100 
109 1 2.977760 4.740500 4.271170 
93 1 6.814090 3.001670 7.843500 
1517 1 5.797070 9.345360 8.336840 
871 2 3.584830 11.602900 2.159430 
320 2 11.361400 6.647830 8.961100 
1308 2 2.186670 6.961100 6.596030 
1008 2 4.566110 0.095647 4.599760 
1000 2 6.161440 11.366800 1.027680 
1467 2 -0.002266 4.533330 4.813980 
330 1 9.796500 12.705100 9.626020 
1348 2 4.533950 5.048930 8.539350 
1725 1 4.566620 11.670800 8.748350 
736 2 6.205880 9.401100 4.680690 
1270 1 0.142016 0.835560 4.133080 
1978 1 13.005900 4.877580 13.068400 
580 2 10.351900 2.324180 2.992350 
113 1 6.709120 6.053060 1.961850 
485 1 3.688630 1.195490 7.228010 
12 2 5.025810 4.604230 9.944550 
1258 1 6.869640 9.368870 10.639700 
737 1 9.559480 3.477020 10.655700 
671 2 5.952430 1.645370 1.390230 
32 2 7.249400 10.650900 7.211660 
223 2 7.035970 2.186360 9.516610 
96 2 12.300300 6.688620 9.013820 
348 2 7.984680 1.147990 13.214400 
98 1 9.945100 4.175620 5.622780 
989 1 9.404230 2.532240 8.851350 
740 2 0.780551 8.758080 10.085300 
1059 2 3.895680 3.464990 12.636200 
95 2 8.470080 3.394760 0.976830 
521 1 0.629072 3.370250 12.881600 
765 1 11.299600 5.364860 0.535382 
1819 2 9.312030 12.146400 16.328200 
1015 2 13.205000 1.405520 23.275700 
1621 1 11.478400 8.605620 19.192000 
1313 1 5.638890 9.570260 25.004300 
710 1 7.520760 6.205020 23.399300 
290 1 1.524430 7.204090 14.674000 
193 1 8.926230 7.902560 15.673400 
991 2 9.330350 9.845630 22.719300 
1282 1 5.391060 1.126220 20.799200 
1768 2 5.551050 8.992930 20.015900 
896 2 12.056500 7.241220 16.645300 
1757 1 7.847590 10.848200 15.463500 
943 2 0.648380 9.850070 19.149400 
728 2 11.221900 6.950510 20.903200 
1443 2 4.050760 11.060100 13.686300 
901 1 8.034170 7.023460 26.505200 
285 1 0.967337 7.894810 23.393700 
1012 2 8.073000 11.017600 18.441800 
527 2 12.426000 11.222400 16.489300 
17 1 4.576410 10.247600 14.886500 
1661 1 0.494827 8.726990 20.691300 
1281 1 12.982400 2.924690 21.829900 
1055 2 0.321131 6.425590 18.874000 
602 1 2.386370 10.584200 16.658900 
1163 2 10.366000 2.692300 15.790600 
519 2 10.727600 11.942300 19.371900 
781 1 8.490140 8.450750 25.466800 
1782 1 11.868800 7.768460 16.611200 
1527 2 5.572370 10.519800 24.203400 
177 1 8.726860 12.578900 14.269900 
1967 2 11.334600 9.070390 22.662700 
200 2 5.696930 10.436300 23.245900 
324 2 10.319300 4.327960 16.768900 
323 2 8.637660 10.741900 18.395200 
1108 2 5.608190 3.962020 16.205400 
1999 2 2.133810 6.246540 23.955700 
1795 2 9.055940 12.316000 20.626200 
862 1 5.500900 8.255140 21.053900 
74 1 0.345795 4.143110 24.521700 
695 2 0.256808 0.063453 15.630900 
555 2 11.629900 7.251290 20.925200 
1262 1 10.876500 7.345030 20.684000 
1326 1 6.731270 4.621440 14.854500 
1188 2 8.551120 2.011950 19.373800 
494 1 7.582910 0.463545 25.886200 
886 1 -0.520936 3.447410 17.588500 
478 1 13.024300 0.491163 23.280200 
782 1 11.280800 11.967200 16.283300 
641 1 11.674800 10.970100 20.026400 
1320 2 -0.031400 7.076540 18.113200 
913 1 0.342847 2.243820 16.525100 
351 2 1.825550 10.717600 23.840800 
752 2 9.714540 2.583810 22.062700 
1380 2 6.032510 0.058326 23.731500 
1034 1 1.626330 7.910840 25.686000 
794 1 5.414750 3.535900 18.436900 
1416 2 5.396830 12.541400 23.787500 
355 2 0.334161 9.421360 16.639500 
596 2 0.822392 11.441400 18.404400 
1143 2 5.868600 -0.027320 23.142000 
604 2 7.615540 13.311300 19.203000 
1880 2 5.368400 1.904790 15.712800 
1960 2 2.011550 11.224100 22.146400 
662 1 1.785650 3.013050 18.189000 
1521 1 5.623570 1.708700 19.180300 
311 2 3.050390 3.993500 23.347000 
1663 2 1.284420 5.128920 17.084800 
845 1 1.838000 12.632000 15.649300 
1552 2 6.125360 7.082640 24.742800 
719 2 10.840200 3.997370 22.026100 
316 2 2.884830 11.082600 16.071800 
119 2 5.477140 4.569490 15.656300 
1279 2 8.304810 7.623580 25.060600 
1063 2 6.965950 5.624250 20.891100 
1747 2 4.853610 4.493460 18.708600 
180 2 10.014600 2.599370 20.153900 
1567 2 3.889750 2.475520 24.525600 
76 2 13.468400 4.082810 16.159400 
1914 1 9.563970 8.097810 22.971500 
1838 1 6.007510 5.417950 18.295900 
546 1 3.081430 13.460600 14.554800 
1887 2 3.783570 10.763700 20.541000 
282 1 8.990860 1.520410 14.142300 
994 1 11.066600 9.376970 21.360400 
449 1 6.358350 9.703580 21.303300 
860 2 6.628800 7.614830 16.464700 
1771 2 11.474900 3.794150 18.843000 
297 1 11.245100 3.324810 20.538600 
1198 1 3.256850 7.198950 19.080700 
607 2 7.590850 1.189010 24.453000 
1190 1 10.153700 4.618020 18.926900 
1493 1 0.236288 12.266500 18.274300 
909 1 13.047000 7.591470 25.418800 
126 1 1.857750 0.400934 23.867800 
659 2 4.288600 6.767170 16.071300 
1765 1 1.573510 8.328370 19.595600 
388 2 6.814120 12.402000 22.885300 
1927 2 1.164390 9.252000 16.694700 
1511 2 11.353700 9.495910 19.156500 
769 1 12.920200 10.842800 15.670100 
390 1 9.383270 8.708850 19.900800 
1049 1 2.561860 10.874100 18.633300 
1713 1 1.460600 6.431480 15.819200 
1421 1 12.638400 9.127150 22.100000 
392 2 3.463930 0.932707 24.092600 
1002 1 6.453970 4.352240 26.009100 
467 2 0.596782 3.971710 13.953200 
1468 2 12.817500 3.581120 13.405800 
750 1 10.252700 3.838650 21.614300 
149 1 3.763220 6.158440 24.814500 
1359 2 4.185080 12.809300 19.745600 
1932 2 1.743180 8.773080 15.112900 
408 2 11.486500 11.503800 24.488800 
468 2 6.179460 6.154920 16.756700 
1483 2 9.993110 6.798200 24.418500 
1537 1 10.120900 5.987360 25.340600 
1324 2 3.831610 3.426990 25.008100 
406 1 3.894210 4.104360 22.925000 
637 1 4.921170 1.039070 16.773100 
1183 2 6.685030 3.134410 19.342900 
356 2 5.765330 4.808220 25.944500 
293 1 6.907540 11.124700 23.738800 
805 1 9.190410 5.990590 22.884700 
814 1 0.303334 4.206710 20.230800 
1054 1 7.431140 12.010800 18.505700 
1820 2 10.729300 12.580200 17.676100 
1925 1 7.216020 6.643050 13.630200 
1854 1 4.320110 8.426990 15.726100 
1995 2 1.177140 2.757740 16.569000 
1118 1 6.842960 0.679188 20.842900 
658 1 10.261300 12.590100 19.573400 
969 1 11.616000 2.125150 18.223600 
672 2 8.633060 1.036160 26.109800 
425 1 0.219289 6.612520 18.501500 
556 2 11.937400 8.244850 26.037900 
14 1 5.727380 1.338220 13.472900 
1336 2 10.035400 4.112460 25.275900 
1274 1 5.297470 11.311500 24.313800 
1272 2 7.673370 10.039100 22.785600 
487 2 7.482490 8.037090 15.998000 
1092 2 9.059980 12.474100 14.291600 
1946 1 5.218700 6.308050 15.508900 
824 2 0.580723 3.611100 21.020400 
246 1 12.249200 10.996100 17.235600 
841 1 7.767110 2.918110 17.153400 
292 2 8.796090 1.144030 16.487200 
339 2 5.220520 7.677390 15.776000 
1989 1 6.385640 9.185200 19.821700 
864 2 3.117280 2.252360 21.132800 
682 1 2.375970 3.981650 21.537400 
166 1 12.895900 5.654070 15.470700 
1861 1 9.421100 5.814240 15.304600 
1542 1 2.293990 12.623000 25.554200 
1789 1 0.838749 10.386500 24.793500 
222 1 12.015900 13.210800 14.536600 
1947 2 6.642760 0.507640 20.906100 
445 1 10.661700 11.940100 24.071100 
726 1 11.265500 9.603400 18.226400 
1994 1 3.890700 5.237490 19.828900 
1835 2 7.945410 11.816000 21.330900 
1393 1 3.381900 8.774710 23.206900 
1280 2 12.313800 1.516240 20.114400 
1341 1 9.409570 12.663300 22.007300 
1201 1 6.924100 9.217540 15.110300 
405 1 6.183160 6.951060 26.104300 
263 2 5.628490 7.472980 21.223200 
1304 2 7.075500 10.007500 14.862800 
1842 1 3.621900 0.219948 25.116500 
145 1 9.195100 1.534020 19.245100 
621 1 8.808290 10.511300 22.388000 
524 2 2.764720 3.162310 13.919400 
473 1 13.413000 2.035220 25.655700 
1611 2 5.040690 6.644670 23.499700 
1355 2 6.239260 4.278790 20.125100 
1325 1 3.089750 11.022600 14.108700 
1053 1 1.877870 12.173700 21.815500 
1733 1 5.961050 4.426080 23.817400 
948 2 1.546140 11.517200 22.425200 
1396 2 12.320700 5.576850 24.813600 
130 1 5.126070 7.156540 17.073400 
785 1 1.080400 8.976880 16.607900 
573 1 5.488700 6.796380 23.069600 
947 2 1.055320 4.025570 25.864200 
1254 1 12.314800 3.778790 15.884300 
1686 1 3.615630 6.101160 23.559000 
275 2 9.370230 2.696390 25.880700 
1779 2 6.944600 8.028010 21.786700 
318 1 6.715930 4.703140 20.593500 
407 2 7.171940 1.046070 14.414500 
852 2 6.076450 8.213920 13.039500 
1797 1 4.574610 3.317120 14.821000 
1526 1 9.413460 10.873600 22.884800 
552 2 9.607810 8.747910 18.085800 
1723 2 3.366470 8.100000 25.989000 
1959 2 8.540270 8.290470 25.286500 
475 2 1.436440 7.711670 26.134900 
1276 2 5.644170 10.030900 19.829500 
693 1 4.494880 10.868900 19.451100 
1381 1 11.589000 6.317700 21.655300 
206 1 2.571740 2.591800 15.579500 
1599 2 9.544070 5.534820 17.888300 
132 2 12.312400 -0.071052 26.585500 
128 2 3.172780 6.214270 16.969900 
698 1 8.690830 0.982186 16.416300 
1694 1 7.028170 -0.293149 17.821500 
1545 1 5.723770 11.486000 16.763600 
1172 2 4.678050 5.395430 22.450000 
1809 1 1.688710 6.137740 19.338200 
1905 1 8.858860 6.179290 14.120000 
116 2 9.048240 8.429510 24.525300 
1591 2 9.285920 2.183690 15.460500 
1110 1 3.314520 0.780582 21.421500 
856 2 5.347560 2.638450 19.004700 
1682 1 2.136030 2.381900 21.785100 
1175 2 12.180100 4.624300 14.944200 
1241 1 1.006570 12.417200 12.981400 
155 2 0.240771 8.682740 20.395800 
1333 1 9.035500 2.801920 24.093300 
1224 2 2.324630 7.135210 25.301000 
1244 2 12.131000 9.342860 19.131900 
491 2 5.068310 12.363800 15.046100 
821 1 0.695896 0.684144 15.781600 
512 2 2.930950 5.745600 19.555800 
646 1 9.432410 0.692905 24.114500 
1714 1 1.590510 4.527230 17.047100 
1487 2 6.360610 10.413000 16.310400 
1515 2 10.620200 8.122250 17.812600 
723 2 0.045985 4.077700 25.871200 
1520 2 3.746110 5.875250 22.246900 
410 1 7.976450 9.902290 17.868600 
847 2 0.001578 11.782100 13.562600 
735 2 1.941010 12.602800 15.337900 
161 1 4.798000 11.047400 21.378900 
1976 2 0.556895 3.511100 17.134300 
1726 1 9.186110 11.710300 18.716800 
1962 1 11.175400 5.159900 17.609000 
1951 2 0.526494 10.640400 23.839700 
1564 2 8.619250 7.788200 18.189500 
213 1 10.673400 2.677770 23.983700 
1364 2 1.989310 9.343180 13.436700 
1818 1 0.397716 10.459700 19.299600 
1917 1 8.709700 5.074900 20.453300 
1837 1 13.467000 1.071040 13.568100 
917 1 7.220940 10.733500 19.785400 
1902 1 5.119820 3.241580 15.986600 
10 1 0.577690 2.843980 23.216000 
836 2 8.231950 5.358620 22.251100 
1651 2 3.655100 9.487730 16.781300 
1287 2 9.282750 8.225260 14.726500 
216 2 10.875800 9.454060 21.305400 
1196 2 0.610589 4.295260 19.117000 
1248 2 2.184680 12.365300 14.207000 
97 1 9.397300 10.740500 14.361500 
679 2 6.291230 4.826540 26.253100 
35 2 12.249300 10.242100 13.602300 
988 2 12.996500 11.668800 26.412800 
1112 2 0.605647 25.470900 -0.265477 
763 2 11.897300 18.171200 4.801410 
1630 1 7.016970 22.640700 3.092630 
854 1 8.988640 17.696900 3.437120 
21 1 1.407640 22.326600 9.325680 
1678 1 8.451650 26.394700 10.938900 
1441 1 5.401280 23.926200 0.753528 
9 1 6.958470 25.235600 6.965880 
645 1 10.053200 22.826800 6.070390 
523 2 2.400640 21.838300 6.094780 
72 2 6.127360 16.793700 8.362580 
262 1 4.124360 14.601900 6.278300 
1214 1 5.773240 21.735600 0.593330 
199 2 5.168900 18.217300 7.802170 
979 2 5.714260 16.016700 3.269310 
170 1 10.504500 22.458800 4.247140 
1191 2 5.089570 22.796600 0.564905 
1420 2 7.626040 23.499200 4.722280 
688 2 7.629260 16.887800 0.450820 
1623 2 11.858100 23.835800 3.394720 
1072 2 3.247130 19.027100 10.945700 
800 2 11.749800 15.531700 11.454600 
1775 2 11.147000 22.393300 11.707500 
1792 2 1.902280 18.439500 7.447730 
1965 1 3.809110 22.855800 12.036600 
1212 2 3.881460 15.870100 6.890210 
877 1 13.026700 23.378900 3.118180 
1783 2 3.149120 14.461800 7.104090 
889 1 5.996890 21.984300 6.420190 
508 2 8.320220 17.148400 3.699640 
1285 1 6.914960 21.684700 1.803760 
1384 2 9.143130 21.742200 7.827750 
118 1 1.958470 20.749100 6.251430 
640 2 10.768500 18.827700 8.824790 
1496 2 4.290990 12.943800 5.561420 
42 1 6.851410 16.591100 0.753662 
1906 1 6.761060 20.678000 11.208100 
398 1 12.465000 16.266000 5.008530 
1715 2 11.491200 23.835200 10.109500 
963 2 0.335649 14.607200 10.523200 
252 2 6.670130 24.674300 0.521779 
269 1 6.195880 15.472900 9.171900 
317 1 8.898960 20.138700 9.652000 
880 2 9.795460 26.312700 1.968580 
1979 2 8.436300 13.261100 13.257500 
700 2 7.854990 14.117600 12.348600 
458 1 5.838020 15.546500 2.177430 
1639 2 11.575700 20.325500 7.062240 
448 2 2.612910 14.882900 6.693700 
1830 1 9.531030 13.422600 5.954810 
1816 2 3.632520 14.039500 12.917500 
476 2 3.482410 23.943800 11.822900 
770 1 3.545700 19.779600 11.828600 
513 1 4.728310 26.469800 6.495410 
272 2 8.893170 17.085200 12.208000 
1839 2 4.833280 14.144900 4.933090 
147 2 4.933300 25.219600 4.491180 
1620 2 1.700490 16.065600 2.537030 
278 1 1.251630 15.302800 5.698380 
1058 1 11.850100 24.960600 4.774620 
1207 2 6.065450 20.360400 1.680900 
1240 2 11.451000 26.715800 10.040900 
1785 1 4.921360 20.604400 4.125800 
1993 1 9.829960 22.316600 10.587100 
33 1 3.991360 20.380500 2.850740 
778 1 6.114360 17.422700 6.787950 
203 2 13.599100 19.839900 8.939040 
925 1 5.840310 14.131000 4.799330 
1447 2 1.620510 18.627500 10.355700 
560 2 6.588320 24.368800 8.067730 
1950 1 5.307910 25.683200 2.798360 
1003 2 6.909780 19.522000 4.256000 
404 2 11.548100 22.958500 4.276920 
474 1 2.663590 24.127800 8.375060 
1519 2 10.084000 23.021700 3.063700 
838 1 5.823690 17.385900 12.050300 
1404 2 11.254200 14.353500 2.256660 
86 1 3.984580 16.977600 5.771740 
378 1 2.521490 14.838500 3.359300 
1565 1 10.710800 16.229700 2.602170 
186 1 2.196630 26.120500 8.952370 
809 1 4.950150 17.506400 3.444760 
744 2 12.334600 25.729100 4.790200 
576 2 5.189150 23.244000 10.174300 
6 1 10.547600 15.813100 7.929360 
261 1 8.415150 25.635500 4.110170 
1295 2 7.101680 25.324400 10.436800 
220 2 10.962600 13.538500 4.029330 
1829 1 8.990790 19.893400 -0.032203 
918 1 4.453820 13.678900 5.070980 
825 1 8.216330 19.332200 4.416140 
830 1 10.491100 18.420600 4.788660 
1758 1 10.649000 21.518000 12.082400 
457 1 4.878370 20.189000 0.324980 
1629 1 12.457500 23.771500 10.462200 
1293 1 4.344890 24.659300 12.407300 
1541 1 1.431820 19.497600 3.540850 
1220 2 9.573190 14.707100 6.185950 
1495 2 2.794510 25.158000 2.323820 
1749 1 6.414380 18.491500 3.987070 
978 1 11.282600 14.276800 3.056580 
628 2 12.306700 24.481900 11.072300 
1981 1 13.114400 26.062000 9.954660 
1500 2 6.540270 14.423900 11.631100 
224 2 2.106610 23.800700 8.047240 
1131 2 3.358580 26.020000 7.977530 
904 2 0.283427 20.914000 8.835180 
71 2 7.618200 15.019100 3.140990 
595 2 3.926740 15.625200 11.112600 
397 1 8.317470 25.612900 1.552420 
1454 1 3.319370 14.860100 9.110530 
792 2 10.656900 15.801500 2.377180 
217 1 2.684720 24.710000 3.872510 
1218 1 8.673230 22.432900 1.368050 
818 1 4.420720 23.040200 8.453540 
986 1 7.031400 23.651900 8.515480 
1538 1 4.176110 18.229700 10.080900 
1691 2 6.450860 22.960800 0.585975 
1605 1 11.565600 14.559100 11.781500 
734 1 0.745284 26.392600 0.258632 
1580 2 6.596280 20.186700 11.582500 
227 2 3.486940 25.815000 3.363320 
525 1 1.684330 15.358700 10.575500 
1119 2 8.386610 21.522200 0.912233 
1405 1 7.139720 15.579200 8.052840 
1846 1 1.310420 17.455000 6.709120 
1741 1 10.323200 23.012200 1.381630 
117 1 12.066200 17.832700 7.491000 
493 1 1.592160 20.406000 9.030150 
1222 1 7.264600 24.928100 0.506651 
707 2 4.180390 14.260300 8.197010 
827 2 7.846450 21.563500 11.291700 
914 1 10.317700 19.703100 5.905170 
426 1 1.717620 23.886700 10.456400 
955 2 10.490200 15.640500 5.874650 
1938 1 12.187000 18.956700 9.986650 
1668 2 3.643730 22.581000 5.609780 
565 1 1.783850 18.015400 10.026500 
1338 1 10.772900 15.089300 0.172447 
1627 2 2.539780 13.015600 9.730770 
553 1 3.811770 19.688900 8.817370 
522 1 11.992400 24.370900 12.831500 
666 1 11.244200 20.829800 3.587370 
56 2 6.098250 19.938200 11.331900 
713 1 8.413150 23.498800 4.209090 
1556 2 0.668399 18.816000 13.238200 
1958 1 11.011400 15.365000 4.172410 
764 2 7.196930 18.579900 4.618250 
622 1 9.998270 16.522400 12.550800 
1069 1 12.337200 13.423800 1.393000 
1654 1 1.248910 14.833200 1.873490 
1802 1 11.445600 25.467100 2.982410 
359 2 9.156570 22.689200 5.434230 
1679 2 1.304380 18.833900 3.091770 
1970 1 4.064630 25.701700 1.974250 
1475 2 9.777400 21.469100 7.278250 
848 2 9.768020 26.023500 3.079760 
1598 1 10.283200 17.175700 11.123600 
842 1 5.855250 21.490500 9.163040 
1283 2 3.890610 14.757000 5.560230 
1612 2 9.323960 22.685900 1.116510 
343 2 6.756490 15.731400 8.845970 
450 1 2.264600 22.691100 5.598490 
686 1 11.986800 14.451400 5.703180 
1328 2 7.266980 25.203700 2.862900 
1162 1 8.360150 20.973700 13.274000 
1125 1 11.036500 20.562400 8.457570 
1697 1 7.858400 14.747900 11.832600 
353 1 1.963530 16.370300 7.897670 
972 2 8.921860 24.990400 9.976130 
133 1 7.413890 16.222200 5.363250 
435 2 5.184370 20.479300 3.782410 
391 2 8.484390 24.648700 1.167660 
431 2 4.946580 18.845200 9.560960 
464 2 8.233690 17.963100 9.472930 
1871 2 10.883000 18.924500 4.083270 
1812 2 4.985830 20.111800 4.630450 
143 2 3.431240 16.731000 9.381020 
1897 1 6.550910 26.023000 11.934900 
1213 1 11.004400 25.962600 10.407200 
678 1 3.878380 23.650100 7.331350 
1156 2 0.354450 20.210600 4.112010 
1127 2 8.160250 25.172500 9.615390 
1891 2 1.865360 26.119000 6.318850 
1660 2 1.150660 15.764200 5.079930 
623 2 12.519400 25.521100 5.329310 
1024 2 4.063130 18.716300 0.524167 
1794 1 8.954800 22.287200 7.073810 
1507 2 11.957900 24.902300 0.111654 
1301 1 11.784800 25.655700 7.518020 
1298 1 7.880960 24.251000 10.608700 
264 2 6.228060 20.740200 0.467827 
1208 2 13.007800 17.940900 11.084400 
661 1 1.293790 19.804800 12.891300 
1084 2 10.106700 19.300200 5.121300 
472 2 12.240200 17.033300 5.679040 
1773 1 12.630600 18.250900 11.978600 
442 1 2.737860 17.367900 4.039000 
1292 2 7.594740 22.805900 2.359820 
65 1 0.960289 12.760700 8.724770 
1901 1 12.448600 17.840100 3.766500 
931 2 2.098210 15.436800 3.198560 
1547 2 2.324400 16.179500 11.881400 
1824 2 2.246390 24.191600 10.342200 
950 1 5.818190 13.313700 7.066870 
219 2 4.535500 23.916200 8.276300 
1674 1 8.993390 21.125800 7.001560 
1335 2 10.823200 26.172400 5.436020 
956 2 4.234970 22.681500 2.681830 
1707 2 11.057200 13.893400 1.986410 
332 2 8.760660 24.887000 11.250200 
1102 1 1.807240 18.599100 11.670600 
40 2 6.452600 17.795900 3.842820 
313 1 2.160750 24.327900 2.271660 
409 1 4.349080 26.123300 4.202700 
1104 2 1.472480 24.024300 8.184880 
1430 1 6.763920 24.087400 4.466710 
583 2 2.067280 22.049100 11.990800 
1699 2 3.407300 18.349700 12.550300 
803 2 9.609790 18.390700 0.948961 
374 1 11.062300 19.127600 0.176765 
1613 1 7.131020 13.879500 12.799700 
1370 1 12.236400 20.765200 12.654300 
477 1 0.479028 13.678700 12.402700 
1226 1 12.615800 14.374700 7.533250 
259 2 12.422400 18.240400 12.103500 
1587 2 12.987200 15.825400 5.544220 
784 2 0.511768 24.906400 12.915000 
1643 2 0.185999 22.384500 6.222160 
627 2 8.838780 13.771400 7.084140 
1203 2 0.755794 25.764400 1.034590 
1450 1 2.384070 13.738300 10.938800 
1388 2 7.165330 21.667100 0.232350 
804 2 2.085290 20.252300 0.753742 
1872 2 12.599700 20.099100 13.067600 
585 1 7.252900 17.489900 12.621900 
1743 2 1.369700 26.909200 19.027500 
1780 2 10.834700 25.024100 14.693100 
895 2 0.619313 17.489500 18.223500 
1351 2 1.470170 20.959400 14.753900 
1722 1 1.578040 15.749900 23.740900 
1350 1 5.143240 14.372000 18.569900 
454 1 12.243800 21.280200 21.466600 
1788 2 6.674320 22.808800 15.959700 
1480 2 2.679860 25.450200 17.953800 
619 2 8.650250 18.442900 20.962000 
790 1 0.769325 16.689900 15.381800 
590 1 2.688460 18.895800 15.442000 
1016 2 -0.264531 15.016300 17.041900 
959 2 9.946680 18.078900 24.486800 
1939 2 4.379930 25.263900 14.947200 
16 2 13.113200 13.370900 24.233300 
66 1 8.116290 22.571800 23.056400 
1740 2 5.339530 16.926200 20.032900 
1113 1 8.326690 14.800700 26.394800 
1479 2 8.305400 21.539400 22.992600 
1659 2 4.339230 24.573500 18.709000 
753 1 11.981800 25.420500 18.798000 
899 2 0.444300 14.084800 23.609900 
234 1 2.456600 16.990200 16.638800 
996 2 12.133800 15.208600 19.955800 
501 1 11.849800 13.583200 23.672800 
1968 2 3.026470 16.160700 18.875900 
559 2 2.503050 14.772700 24.387900 
192 2 4.380710 13.695800 25.346200 
1346 1 2.245010 20.551900 16.952300 
708 2 3.624200 21.721000 15.702600 
1562 1 8.252170 21.272000 22.191900 
1904 2 2.497270 13.527600 24.863200 
453 1 10.855500 17.729700 15.254100 
1964 2 13.279100 25.768900 17.937200 
1508 2 3.880380 26.768600 21.292600 
253 1 11.378100 14.029300 25.808900 
673 1 12.954300 17.598700 24.392500 
372 2 4.815570 21.043200 23.605800 
1833 1 5.531350 16.288300 20.541500 
926 1 12.456300 25.906300 26.186400 
1945 1 6.954520 15.608300 15.642200 
1062 1 9.780090 20.525100 14.336700 
738 1 5.498800 25.466200 15.406600 
1972 2 8.846450 14.390500 14.888300 
1105 1 8.021510 13.551600 17.589400 
1057 1 4.127850 23.024500 26.619200 
1186 1 5.841690 25.334000 23.497400 
1242 1 9.652860 14.041400 19.529300 
667 2 10.192600 21.884300 24.830500 
941 1 2.320800 23.690500 23.809100 
649 1 1.204800 22.586000 21.957300 
1772 2 8.601090 16.692800 23.171100 
49 1 6.306980 13.868400 15.706900 
150 1 10.724400 24.911200 19.613800 
1382 1 2.611020 21.936400 26.063100 
1879 2 8.601210 17.923500 13.393700 
319 2 3.995550 18.192800 24.440400 
1138 1 9.737010 26.089900 25.920700 
1406 1 8.238690 20.355800 16.343300 
226 1 2.655430 21.739900 17.304000 
1249 1 0.886071 13.277800 24.701400 
267 2 10.306700 14.996400 26.181700 
1289 1 6.539330 21.561300 15.381200 
1021 1 10.624000 17.458100 19.124900 
362 1 0.808233 17.505800 18.163800 
907 2 3.112330 15.024400 20.198700 
160 2 10.640600 24.073500 15.621600 
870 1 2.145250 15.319200 19.921500 
1858 1 1.360440 26.070700 16.621700 
1097 1 7.951980 24.974500 15.968300 
1151 2 9.875900 15.907000 17.604500 
284 2 0.637877 18.802100 21.793300 
1423 2 11.529600 17.935300 15.508300 
1278 1 1.776210 21.506600 22.353500 
547 2 9.822450 13.544500 26.430600 
1683 2 12.631400 25.521600 19.418200 
1225 1 7.336760 25.095600 20.740700 
175 2 7.762790 21.294700 17.086500 
191 2 12.233800 16.357100 14.989100 
1988 2 4.852590 21.580800 17.748300 
1353 1 4.937030 23.681300 15.200900 
739 2 1.827900 22.708500 14.646200 
1202 1 12.050000 15.892600 19.213400 
148 2 9.740760 18.701000 14.173600 
60 2 2.063460 26.081600 15.722900 
1876 2 2.933980 18.637700 22.343800 
1111 2 7.433160 21.790500 23.300300 
749 1 4.423770 22.668500 22.664000 
807 2 6.121610 21.122300 24.699500 
1438 1 7.781490 22.563800 17.025400 
1025 1 1.372540 16.348400 21.792200 
185 1 7.290580 21.260000 26.579700 
1434 1 3.189160 14.931300 18.127600 
1429 1 10.454500 18.158500 18.131100 
421 1 7.128510 19.161900 26.408400 
162 1 2.765400 24.677600 16.192300 
22 1 5.213580 19.855400 14.481800 
1400 2 6.451550 20.488100 21.311500 
1729 1 12.997100 25.949300 16.493300 
690 1 7.080940 17.273900 25.320900 
1710 1 5.075030 25.699400 16.962700 
70 1 3.416700 21.217200 22.627500 
823 2 5.311520 22.828500 24.589200 
100 2 8.740210 23.287200 20.328800 
89 1 11.680500 13.909200 21.879400 
1061 1 -0.008695 18.806700 13.597100 
1275 2 8.675810 25.714600 23.606000 
1231 2 1.519570 21.724600 22.129000 
898 1 4.581660 21.481300 18.264900 
1437 1 11.103100 19.977900 17.230300 
767 2 6.826240 16.527700 25.834400 
1267 2 6.486570 26.202000 17.351000 
91 2 3.325380 18.101500 24.651200 
829 1 2.399880 25.206000 25.317600 
1311 2 5.374320 19.011200 23.133800 
1363 2 6.292800 19.890600 17.395900 
1566 1 6.179840 15.226600 23.063100 
1312 2 8.179650 24.702000 20.965500 
1634 1 5.721410 17.642300 19.612000 
929 1 6.080110 19.703800 16.174000 
499 2 2.378360 24.076100 20.963400 
248 2 1.053790 19.313600 21.425700 
1444 2 10.991600 19.411300 25.109500 
214 1 0.821013 22.248300 19.808300 
1756 2 5.870180 25.913400 12.974100 
2000 2 5.078230 24.824200 24.752600 
833 1 8.532860 16.778800 23.351000 
888 2 9.062540 19.450800 23.142700 
1427 2 2.075440 25.558300 19.300100 
1953 1 13.139200 25.191100 15.435400 
1349 1 3.998020 18.959200 16.898100 
811 2 11.140500 20.887400 19.314100 
801 1 -0.091316 24.606500 20.487800 
138 1 6.146420 20.964000 13.152900 
875 2 0.663775 25.948700 23.562800 
1135 2 9.490550 20.132600 21.483800 
273 1 1.611160 21.384700 14.552600 
31 2 11.535500 14.278300 22.514300 
1642 1 11.214100 21.668900 18.333900 
333 1 0.954330 20.324000 23.768900 
745 1 10.869500 18.018800 24.199200 
466 1 10.013000 15.078400 14.176500 
1145 1 8.616870 17.650800 18.493400 
629 1 6.858090 23.504600 25.169700 
1557 1 8.060760 18.317700 21.395700 
1523 2 2.803580 25.320000 16.832100 
496 2 12.723600 22.113700 19.933200 
1076 2 8.247020 17.732700 20.990900 
874 1 1.484060 18.974600 23.206800 
1601 1 4.615850 16.648300 21.522700 
1893 1 9.849700 22.307200 25.600800 
1181 1 10.119000 13.835700 17.867500 
1868 2 5.356760 25.649700 15.996400 
322 1 5.196710 24.018300 21.482200 
890 1 0.285131 17.376300 20.554100 
747 2 9.831540 26.062400 17.226100 
503 2 10.329400 22.637700 22.958200 
780 2 0.038072 24.674700 23.470300 
1089 1 3.920550 21.742600 24.769100 
1096 2 7.378430 23.664400 20.985700 
120 2 1.090470 18.039500 16.391200 
108 2 3.314570 14.422400 15.699600 
1803 2 8.050750 24.868900 15.638800 
858 1 6.355030 20.491000 20.794600 
797 1 0.835205 25.234800 12.866200 
572 2 3.394200 22.010100 25.803700 
1706 1 2.913950 16.098100 13.096500 
387 2 12.366100 24.648500 21.810400 
1814 1 12.957700 17.548700 15.903400 
761 1 11.037000 22.054900 22.697800 
1153 1 8.727400 22.279400 19.210700 
1889 1 7.299090 25.918600 23.261800 
1759 2 0.581411 13.496400 20.482100 
1752 2 10.304500 17.266100 19.408100 
940 2 4.130520 25.919000 19.139700 
1531 2 12.082300 15.095800 19.399500 
1303 2 1.933720 19.401600 18.988700 
379 2 2.153110 23.836300 23.445100 
771 2 8.975080 16.820300 21.108900 
182 1 8.575900 14.982900 21.938800 
1390 1 5.175660 13.541000 22.449800 
159 2 8.532960 23.099100 19.750600 
4 2 0.587039 13.947400 20.564900 
634 1 0.529747 13.400400 22.342900 
532 2 1.686630 22.357400 17.011500 
531 2 9.867500 20.866000 14.703400 
347 2 6.382870 22.459600 14.750400 
912 2 4.631660 22.132000 22.848600 
110 1 10.131700 16.832200 21.202900 
53 1 1.286520 23.750800 19.253200 
718 1 3.668150 17.394700 22.987300 
1192 2 11.448000 23.974100 26.082200 
1086 1 9.615830 17.673900 24.212900 
1896 2 5.782080 14.265300 16.452700 
511 2 2.788720 21.725400 23.945000 
741 1 0.575888 15.405300 14.171100 
455 2 8.387480 14.754300 13.156600 
611 2 10.387900 21.031700 26.106100 
1296 2 5.968560 19.853700 18.195700 
1352 2 9.166180 14.338500 19.379100 
1079 2 11.145600 24.302500 16.034100 
1132 2 7.925770 18.212100 16.382600 
352 2 11.523900 25.059500 19.152300 
1415 2 7.692790 21.430800 13.623200 
1571 2 12.286000 18.363300 17.815600 
593 1 3.384970 25.775600 19.793200 
1462 1 3.158270 16.871000 26.763400 
1969 1 9.534980 15.555200 17.024500 
274 1 7.729070 16.067900 19.215300 
997 1 2.958180 26.109800 15.752900 
440 2 3.681050 14.723600 20.710300 
820 2 10.346500 13.494900 23.319300 
1504 2 12.799400 17.148600 20.649800 
906 1 9.338400 20.226900 20.575700 
1486 1 2.126870 14.392200 20.362900 
1769 1 9.591030 18.510800 20.742600 
1815 2 9.524770 15.239900 24.553200 
146 1 6.811700 23.007300 13.998700 
902 1 3.028230 15.024500 25.504000 
1126 1 12.054900 23.419800 19.800600 
1411 2 2.458550 20.472500 15.990400 
1670 1 9.587950 22.902300 21.072400 
939 2 3.924030 19.250900 15.618600 
1996 2 7.740100 14.537900 15.218000 
910 1 10.274600 26.248100 16.012300 
300 2 0.860195 16.629000 18.535400 
1290 1 4.407070 20.471900 24.054800 
1041 1 3.426210 18.143600 25.255900 
1796 2 9.427730 17.792000 17.733400 
1952 2 6.056120 13.317200 22.820200 
1618 1 8.984230 24.129000 17.629400 
111 2 -0.086917 25.045900 17.193100 
447 2 1.827010 16.393600 18.826700 
1698 1 2.137940 13.617200 22.784200 
1716 2 6.405860 16.238200 23.087700 
19 2 3.167800 16.056000 13.548800 
1516 2 2.013430 24.460100 23.843300 
561 1 9.694720 20.042400 24.191000 
465 1 6.999390 21.243100 24.912400 
415 2 7.350620 14.961600 18.884600 
1641 1 12.189700 23.445700 25.739200 
510 1 2.796810 26.021700 17.984500 
495 2 13.112600 26.120400 18.899000 
1357 1 0.730824 26.705600 19.829800 
153 1 1.276600 23.220300 25.211100 
1899 2 1.281090 25.844100 23.484500 
94 1 11.079400 24.401100 26.048600 
1731 2 2.274720 15.860300 14.000700 
1436 2 1.645050 20.892400 13.823800 
142 1 24.514800 1.122750 6.445920 
23 2 22.940800 8.168970 11.112100 
1701 1 24.839000 9.931210 13.095600 
1667 2 19.663300 8.557490 8.173250 
1445 1 14.103700 4.165040 6.793060 
1943 2 22.955600 4.216010 1.422200 
1139 2 17.557900 1.669760 2.091060 
938 1 17.265300 12.507500 1.167760 
626 1 22.252400 6.119740 2.705110 
846 1 25.321500 9.237580 9.882790 
1362 1 15.802300 8.083420 3.703040 
187 2 16.907900 8.725670 6.930320 
1648 2 21.746600 5.901480 3.364860 
995 2 25.228900 0.538147 9.997020 
1166 1 23.099300 3.598650 11.835100 
1606 1 21.019600 11.702500 5.543190 
381 1 14.658900 10.870200 2.284010 
1823 2 15.614800 -0.240407 9.392350 
1484 2 13.480700 12.654900 8.184110 
644 2 25.049000 12.307600 3.855900 
1764 2 26.510300 8.259450 10.033500 
815 2 23.165400 3.471780 7.731650 
1673 1 18.709100 8.939200 5.336770 
1546 1 13.461800 13.281500 2.679710 
181 1 16.691300 3.051280 13.138600 
775 2 19.356800 0.674313 10.571900 
1264 2 23.217500 7.135360 11.316800 
563 2 25.615800 12.587600 7.160080 
1194 1 19.594300 1.524650 12.747400 
427 2 17.913100 12.864900 8.033250 
653 1 24.332700 5.918570 7.523790 
588 2 24.764800 6.669710 7.501150 
617 1 19.568200 6.299790 6.797800 
506 1 17.966700 5.536430 5.508920 
1093 1 22.803400 11.570200 2.017170 
1046 1 21.159000 3.850650 11.429800 
975 2 23.504500 6.499190 1.910480 
418 1 17.807500 2.032940 5.640350 
872 2 17.045200 8.668030 7.320240 
1065 1 17.914400 11.456100 11.095500 
256 2 16.835700 8.530410 12.786300 
1343 2 20.330700 10.115900 7.668980 
985 1 18.212000 13.121700 2.192350 
1718 1 15.729400 10.145400 4.116800 
1426 1 17.286800 11.321400 6.159400 
1980 2 21.851100 3.627420 1.025230 
618 1 20.343000 11.532200 3.489600 
754 1 16.760600 5.627680 13.310700 
934 1 17.157600 9.294570 6.939070 
1570 1 13.513700 9.003050 8.288160 
257 1 21.415800 10.604900 11.087400 
1409 1 21.902400 4.204480 4.206120 
1911 2 13.825900 4.687630 12.889000 
1748 2 18.738100 7.019700 2.127910 
1498 1 23.344200 10.066600 7.209580 
294 1 24.198500 12.115800 3.337360 
1894 1 18.945300 12.187300 1.463580 
586 1 16.414900 12.643300 13.420600 
1154 1 17.116100 8.258260 11.604400 
57 1 20.686200 1.174280 5.793960 
164 2 19.685300 0.974121 11.274100 
254 1 22.831800 4.410530 10.605300 
594 1 15.610200 9.037980 5.393210 
1306 1 24.066400 11.845500 9.646220 
1178 1 15.796900 12.003400 9.742400 
1048 2 16.358800 9.631800 6.733890 
799 2 13.939000 11.965400 7.212160 
1044 2 26.309900 0.289373 5.866040 
1425 1 18.579000 3.989730 6.383990 
1863 2 23.958400 10.483000 11.261600 
1157 1 14.588700 3.905160 -0.143943 
231 2 15.919900 10.786600 12.110500 
1864 2 19.333000 3.637850 4.109840 
204 2 16.097100 11.148500 9.203650 
927 2 22.998200 4.514190 11.163000 
1638 1 21.339300 3.609860 1.337610 
151 2 21.156500 7.665360 4.449160 
924 2 16.092100 2.888990 0.603034 
1845 1 15.525800 6.539620 1.854390 
308 2 23.928400 5.868500 1.157480 
1354 1 22.929000 5.675410 4.730370 
1774 1 20.324200 11.266200 9.410450 
69 1 23.607100 9.147010 11.790200 
962 1 15.541100 9.164080 1.693030 
469 1 17.759300 4.702550 2.830350 
280 2 17.660700 0.681240 2.011910 
1066 1 25.107300 3.074180 1.597090 
24 2 16.766100 5.274770 11.304400 
683 2 20.163000 8.085330 11.198700 
1983 2 22.027100 5.168920 5.269840 
1158 1 15.138400 10.030200 13.005600 
296 2 21.576900 1.769670 8.882660 
1631 2 15.716200 12.800400 3.365880 
1646 1 23.325500 2.544130 10.474200 
1869 1 18.983300 5.057150 3.929960 
384 2 26.574400 2.319390 3.663050 
724 2 23.785400 9.266590 7.276810 
382 1 19.206400 1.840440 2.035770 
1926 1 20.020600 1.634130 8.138690 
1900 2 14.527900 10.040600 8.333780 
1886 1 23.946700 7.242250 12.831200 
184 2 16.968900 8.265100 5.097330 
1361 1 19.738000 7.511180 8.460200 
1793 1 22.319300 9.135030 9.793230 
1582 1 22.499500 7.507050 1.323230 
1608 2 21.101800 9.789880 11.277300 
881 1 16.705000 1.180560 2.291310 
1026 1 15.325900 1.915430 11.442600 
1339 2 15.751200 7.527130 0.112718 
540 2 16.740300 9.154240 0.721307 
399 2 24.650700 2.485100 11.680700 
677 1 21.933300 7.251680 11.409600 
481 1 16.540500 3.241770 4.695940 
8 2 16.212200 6.242470 8.693860 
1440 2 14.312600 6.269050 12.952500 
1510 1 16.209300 5.534080 9.281010 
443 2 13.878400 9.035560 12.688100 
1317 1 18.880500 3.953460 1.731460 
1619 2 22.585400 1.555090 3.792630 
369 1 14.513100 1.260810 0.827692 
1309 1 24.316500 9.669880 2.799060 
1150 1 18.459100 3.429830 11.335300 
638 1 22.380000 7.161340 6.958650 
1261 1 21.123400 5.577970 0.694524 
1719 2 19.526400 2.540820 7.209990 
843 2 25.776900 6.040560 10.992100 
949 1 16.714300 8.565000 0.374616 
987 2 22.462200 3.429660 8.222490 
600 2 15.218200 6.164880 2.538990 
1890 1 24.033300 3.179970 5.450400 
1103 2 26.393900 7.179280 12.223300 
1569 1 25.384700 1.649830 1.311360 
1692 2 15.539900 1.326330 2.043770 
1004 2 16.935000 4.570510 8.658820 
1367 2 23.631700 1.544580 4.194850 
63 2 17.769900 12.676700 1.214290 
1739 2 14.253700 3.169870 7.432290 
998 1 16.239600 13.010800 5.924040 
1625 1 22.440400 4.481410 6.571220 
1148 2 22.534900 10.885500 0.533181 
704 2 15.731000 1.671860 11.334300 
414 1 19.482800 12.067200 11.686300 
1161 1 20.077800 3.122170 6.952490 
1407 2 18.850400 4.871420 6.869620 
1229 1 20.319800 9.135530 1.541360 
28 2 23.459600 11.247700 10.710200 
1933 1 14.051700 9.091610 5.231370 
1173 1 18.926200 6.892620 2.598420 
779 2 20.342900 11.740600 11.633800 
1121 1 14.583100 4.995950 2.292030 
1428 2 16.838000 12.899400 1.344300 
1895 2 18.616400 8.948000 4.438170 
1037 1 15.402600 2.005610 9.365080 
1193 1 16.218100 2.338440 0.566079 
1937 1 16.330500 13.347400 3.686800 
1134 1 24.520700 6.634460 1.894910 
597 1 21.031200 6.957910 3.891470 
1277 1 25.375200 5.987440 3.249750 
1146 1 17.205000 10.508700 2.978580 
714 1 21.215100 5.008400 8.807280 
993 1 14.651100 4.433880 3.244330 
452 2 23.728100 3.711420 12.222700 
722 1 16.648400 4.970320 11.907500 
544 2 16.998500 12.695800 1.223660 
639 2 18.970400 4.665410 10.433100 
39 2 16.540200 10.138400 6.637940 
1235 2 17.139400 4.473690 -0.007627 
866 1 23.263500 6.017130 10.974600 
567 2 23.304600 8.362270 7.083320 
1340 2 22.068100 3.814110 0.259742 
1649 1 15.344400 7.612830 8.919900 
1310 1 22.385000 11.074600 4.782320 
1616 2 24.214900 5.846830 2.758150 
1595 2 23.654200 6.479850 11.227300 
1636 2 21.026400 1.059510 5.644890 
1169 1 14.021800 2.495960 2.394240 
303 2 14.320300 2.792810 2.143060 
903 2 24.507200 10.631700 3.966420 
103 2 19.410500 12.770700 11.570900 
1018 1 18.174500 13.107000 8.544880 
1853 1 20.567900 1.215260 10.620000 
154 1 26.322300 9.916030 1.355520 
47 2 14.534100 11.617600 2.659320 
1669 1 23.167600 3.514560 2.745510 
357 1 21.262600 7.976580 4.718010 
1588 2 14.703100 4.612660 0.147200 
1176 2 22.278000 8.482170 8.323370 
1464 2 22.905000 3.537450 5.401610 
1693 1 25.291400 3.008040 8.344910 
760 2 19.927800 12.697400 4.107460 
1187 2 21.815800 11.190500 5.666560 
1071 2 21.967000 5.397510 9.729870 
3 2 19.475000 2.216030 10.577500 
232 2 16.757700 4.389280 4.057290 
863 2 17.289800 4.352160 3.593770 
20 2 20.066000 2.423530 9.032170 
826 1 25.861800 5.683920 10.121900 
436 2 22.947800 3.267650 10.625700 
1251 2 15.673400 4.317340 4.540130 
1286 1 24.405200 7.091400 10.662300 
251 2 24.071500 12.679000 1.028660 
1600 2 21.223000 7.417050 0.919805 
581 1 21.932700 2.730010 6.764550 
1087 2 25.327600 -0.064580 6.066410 
1626 1 15.899400 3.172170 8.411450 
1419 2 26.773200 12.538400 5.914540 
48 2 19.602600 6.356470 7.007900 
894 1 21.810600 10.672900 12.342400 
354 1 18.068100 2.515530 9.605560 
1499 2 18.959000 8.422500 1.123140 
946 1 25.420800 10.544100 4.385790 
992 2 24.619400 6.729360 4.341530 
788 2 15.572200 7.903600 7.188520 
1563 2 20.249700 3.675900 2.761450 
957 1 22.351600 0.635121 13.457300 
954 1 15.821400 9.993250 11.409500 
446 1 22.578900 1.818140 2.615600 
1077 1 26.540000 6.823400 0.593174 
1234 1 19.340700 5.177290 11.889300 
1948 2 17.092300 3.024260 9.133730 
1152 2 24.220000 3.396550 7.515490 
498 1 25.025800 0.945058 5.284210 
1013 1 15.793400 6.954010 13.669700 
1512 2 25.595600 6.354180 5.195240 
1174 1 14.617900 11.601900 10.815700 
321 1 23.054300 3.715920 0.668353 
1471 2 26.387700 3.071740 4.591560 
1856 2 22.485200 2.139100 0.558708 
808 2 13.571300 0.665053 8.310030 
30 1 25.934800 12.956900 4.093910 
179 2 19.111700 11.447300 2.418750 
791 2 16.488200 12.656100 3.927950 
1574 1 26.243700 2.497810 9.046260 
315 2 15.959100 7.831600 4.106990 
196 2 15.377400 9.969160 3.283830 
1334 1 15.180600 11.803700 0.238096 
1075 2 22.597100 11.093900 2.668390 
1098 1 24.893500 10.951300 10.445000 
606 1 24.337600 2.531120 12.475400 
1535 2 23.932200 1.509020 6.890820 
1985 1 13.555000 12.434700 3.045410 
1038 1 19.380600 7.836810 12.653700 
1742 1 26.050200 11.396800 6.852550 
1734 1 13.687500 11.408200 7.962020 
964 2 13.901900 12.685600 2.687680 
428 2 14.040100 10.315700 11.923900 
228 2 13.430800 6.358980 2.241360 
1260 2 21.387300 12.039600 10.616400 
1579 2 20.226300 0.653918 4.224040 
1553 1 19.387300 12.016300 9.615070 
1316 2 25.541100 0.801234 1.601790 
1505 1 14.361800 5.165940 0.336357 
127 2 22.462300 12.950800 1.331470 
884 2 26.258200 4.547900 11.975700 
73 1 26.038000 6.688470 13.177300 
1371 2 26.267200 9.700680 1.825210 
1080 2 26.081900 9.694950 11.520200 
1676 2 25.168600 12.884800 4.736760 
1490 1 23.093100 0.316555 7.701000 
1401 1 25.995300 0.506343 1.796250 
84 2 22.341900 3.025760 13.040800 
401 1 26.000000 10.033300 0.320212 
386 1 22.667600 11.497600 12.748300 
1763 2 14.538100 9.835340 12.812200 
936 2 14.071800 11.460600 22.629000 
610 1 13.584000 12.144600 23.337500 
680 2 18.042100 2.415350 23.446400 
358 1 14.215500 9.468290 19.682000 
62 1 23.745000 12.381500 21.874400 
1497 1 14.076700 11.802700 17.634600 
562 1 21.995000 8.420810 17.060000 
1767 2 19.653800 10.661300 13.611400 
1665 1 19.538300 5.957240 22.855600 
18 1 13.338800 10.076800 25.648900 
122 1 23.544600 11.095400 15.598700 
434 1 20.096200 3.987920 18.248200 
608 2 25.118600 11.650600 17.820100 
1482 1 25.784100 0.900867 15.897800 
1907 2 14.877700 2.816300 18.050600 
157 1 14.729500 2.285390 17.965400 
13 1 15.210000 8.368050 24.862500 
961 1 25.601700 7.667120 24.030600 
1 1 21.936000 4.505950 16.443800 
307 2 19.609500 9.007270 16.840500 
630 1 22.128500 13.387000 16.970500 
922 1 21.528800 0.998245 18.079500 
1455 2 14.651000 12.475100 18.391600 
1592 2 22.389600 8.418050 13.724900 
360 2 14.566200 8.664780 17.392800 
1129 1 26.310200 1.638410 19.781700 
460 2 16.990900 12.937800 13.197300 
168 2 20.665900 11.526400 24.882500 
1847 2 15.502000 12.432800 14.272100 
605 1 16.784900 6.291600 15.146000 
1915 2 22.340600 7.522340 15.631100 
244 2 15.631600 7.448340 25.131400 
1442 1 18.284300 9.171560 14.610700 
188 2 18.174200 1.505390 26.359000 
1859 2 23.096300 13.163300 15.994000 
1730 1 19.193700 4.258860 13.665800 
921 1 22.752500 7.641110 16.177700 
1047 2 17.127000 6.085020 14.781900 
1614 1 20.020800 1.705150 22.963200 
1851 2 21.478500 5.883930 19.172800 
1366 1 16.560200 1.659830 23.866500 
757 1 19.956700 4.583040 25.746100 
240 2 19.998300 4.666430 26.480400 
612 2 18.941500 4.876440 12.759000 
1375 2 18.630000 10.144300 19.725900 
243 2 13.758700 10.620400 23.619500 
140 2 17.469100 4.920540 13.878500 
238 1 14.885900 10.366000 25.929400 
489 1 21.996500 4.738790 25.259900 
1745 1 24.799800 1.776120 16.594800 
832 2 16.949600 6.484280 15.178900 
1936 2 17.694500 10.962800 13.859000 
1992 2 16.248500 -0.333644 22.804400 
363 2 23.716800 11.040500 16.431000 
550 1 23.095300 11.331000 24.413400 
463 2 19.989000 3.748040 22.216600 
1399 2 16.766200 10.637500 21.558200 
364 2 20.954700 1.762350 16.469500 
99 2 21.516100 0.718808 16.374900 
849 1 18.044400 10.266900 23.673300 
26 1 25.100300 5.455940 19.398700 
1221 1 14.920100 13.397800 15.784400 
1850 1 23.487400 9.512410 20.250400 
112 2 22.806500 11.960500 16.357900 
1284 2 20.956600 7.664730 14.166000 
1485 1 26.187700 0.214784 22.777100 
1491 2 18.233100 6.443070 23.105100 
507 2 20.327400 12.381900 21.875600 
1524 2 25.516200 10.128200 16.910400 
1831 2 20.046100 0.090068 18.543200 
696 2 13.249900 12.728200 14.490700 
1204 2 15.731400 8.690970 18.929600 
1658 1 24.778900 1.777370 23.649000 
451 2 21.311100 7.400620 23.754100 
855 2 24.898400 2.618590 21.321800 
1975 2 13.505100 2.134330 19.207000 
1463 2 20.897200 7.113050 24.496800 
1672 2 19.313000 10.470300 21.134700 
371 2 16.070900 4.774790 15.689400 
1461 1 13.915800 4.369550 20.250100 
777 1 21.537000 8.768330 20.231000 
67 2 19.908600 4.519390 15.708400 
27 2 26.261000 8.739750 13.482000 
977 1 17.403800 5.043220 21.196900 
1439 2 22.922700 5.094060 23.849100 
549 1 25.915600 0.758203 24.838500 
1088 2 16.833300 3.733370 21.748500 
905 1 14.597300 3.574350 21.762700 
210 1 13.396000 2.675010 16.865200 
52 2 17.409000 9.614210 21.737100 
968 2 26.015300 13.137700 15.703800 
656 2 26.174200 3.288160 25.587600 
609 1 25.876700 5.867520 16.389200 
885 1 14.773900 12.486500 19.460100 
419 2 25.384900 2.445540 16.906100 
163 2 19.220000 8.332760 19.512700 
365 1 21.211600 11.641100 19.634500 
675 2 14.875600 0.499238 17.705800 
1548 2 21.961700 7.550350 16.704800 
1009 1 25.823000 10.535300 22.715700 
509 1 15.746600 0.827622 22.315700 
1750 1 19.028400 8.062550 21.583600 
7 2 23.139000 0.901656 19.860400 
437 1 15.731800 0.254392 25.746400 
1888 2 25.962700 9.272680 26.070400 
1727 2 16.757400 3.967900 13.084100 
1128 2 18.593800 12.155800 16.099200 
773 1 14.635900 1.029030 17.113600 
1116 2 14.272000 3.650050 20.752900 
367 2 16.921200 12.688300 17.218000 
1766 1 18.672500 10.400300 16.701000 
1633 1 19.048600 7.977010 26.250200 
731 2 23.808400 7.103890 20.935000 
45 1 22.789300 11.041700 18.510300 
574 1 21.293300 7.936330 16.779300 
85 1 13.881400 5.388880 24.203200 
1269 1 17.307900 3.097660 23.043600 
334 1 13.138100 11.837300 25.220900 
592 2 15.349500 7.380490 21.178700 
702 1 16.784700 9.865430 26.361900 
1451 2 17.137800 8.787310 24.873300 
249 1 21.185100 3.816080 15.593800 
1604 2 17.884700 9.294210 25.545800 
1790 1 21.981100 11.425500 20.215200 
342 1 21.636000 2.327670 21.865600 
412 2 23.703400 10.541200 20.729300 
247 2 25.457200 7.412090 21.684800 
915 2 15.037100 1.044780 13.134200 
526 1 25.078900 10.117000 19.500700 
1064 2 25.713900 0.830336 16.429500 
402 1 25.360100 5.248270 23.221400 
1860 2 25.751900 5.447800 22.666600 
1903 2 17.715700 13.210600 25.370000 
15 2 13.257800 6.405690 26.107000 
983 2 14.209100 4.761460 20.403900 
632 2 17.017200 5.549550 17.913000 
370 1 16.167800 6.589050 21.262000 
1603 2 24.606700 9.901650 20.980900 
865 1 19.011200 9.893150 21.173800 
1247 2 24.137500 0.462895 14.563600 
973 1 14.565400 2.328310 19.609600 
1576 2 20.918400 3.682500 21.964100 
1982 1 17.735500 8.519850 24.625800 
1919 2 22.824800 3.826170 19.094300 
1849 1 16.956800 8.354930 19.057200 
1923 2 25.852300 -0.086838 24.701900 
984 2 14.917600 11.829100 18.495700 
1544 2 20.265100 10.238700 19.339900 
755 2 14.499700 11.942200 26.294800 
1942 1 15.614700 8.509930 20.324800 
1122 1 17.761200 12.916300 25.511200 
1755 2 15.940600 1.137210 21.475300 
106 1 21.651700 9.109260 14.526500 
1761 1 16.675800 5.385610 17.780300 
1385 1 22.704100 4.308470 19.185100 
207 2 21.008500 12.166900 25.253500 
1941 1 16.061200 7.315830 25.062700 
703 2 22.065500 1.199460 23.179600 
1737 1 23.563600 0.291051 17.038000 
1956 2 15.614200 1.536600 19.250200 
1655 2 23.520700 3.565340 16.723100 
529 1 14.820700 3.734290 17.906100 
461 1 17.661900 1.327960 22.653700 
844 2 15.309200 10.141500 26.068700 
258 1 25.452100 4.019830 20.529000 
11 2 22.150200 10.560400 19.860100 
1142 1 19.820800 1.835320 20.182700 
1928 2 16.314200 1.120410 15.793300 
1402 1 19.108700 13.321800 18.133400 
1949 1 23.625500 0.808920 13.278900 
822 1 21.782600 0.791276 15.568700 
569 1 19.033700 12.112100 14.924600 
798 1 23.163200 5.857770 20.102800 
1650 1 16.608600 11.893100 21.107100 
480 2 18.804100 4.638000 18.482500 
82 1 15.784200 11.095000 15.404400 
657 1 23.521900 11.955400 22.804900 
1805 1 19.549800 0.974006 16.610500 
742 1 22.310300 2.837040 25.619100 
504 2 13.781800 7.098140 21.494100 
306 1 23.712000 10.948400 25.910000 
1645 1 15.698400 8.576940 18.229400 
309 1 13.752800 8.540430 14.615000 
951 2 25.605900 9.443690 26.251100 
1232 2 24.820900 10.140900 23.397300 
1986 1 17.419800 2.057830 26.139400 
101 1 21.174400 7.705940 13.719100 
720 2 15.720200 6.465230 21.488300 
1265 1 15.257000 7.300070 18.158700 
1448 2 25.516200 2.185880 19.884300 
500 2 25.992100 10.928600 21.011800 
1180 2 15.802600 9.945320 15.354200 
859 2 14.924800 1.943270 15.541400 
403 2 18.405600 6.207760 25.346200 
1575 2 14.364600 5.628700 18.320700 
1712 2 22.389300 9.916940 13.073900 
655 2 20.645900 0.452545 15.093100 
1550 1 22.154000 6.148500 23.552700 
1031 2 14.181500 8.736440 19.289900 
376 2 22.481100 9.360690 19.429700 
530 1 15.981500 2.994380 15.298000 
1368 2 25.217700 4.586530 17.652700 
1910 1 18.561900 5.741370 18.957700 
1827 2 20.790600 12.244700 25.129300 
1834 1 13.839400 7.876270 17.622000 
1177 1 17.171400 0.705806 20.965900 
1321 1 17.898700 12.330800 22.164800 
444 2 22.049200 7.374140 23.752200 
861 1 16.624800 8.493290 14.541200 
1690 1 22.628700 4.172570 22.224500 
654 1 23.835500 12.856900 17.192600 
1514 1 13.942700 6.650370 21.822500 
817 1 22.173400 7.903360 24.154800 
668 2 13.787200 2.187310 25.335800 
551 2 24.369600 2.193560 23.297100 
558 1 19.145700 9.441580 19.386700 
483 2 14.813400 9.276050 15.158000 
302 1 17.924500 3.818820 17.389800 
375 2 16.345300 0.703333 23.170700 
413 1 13.777300 1.122910 21.480700 
665 1 16.638800 2.765960 19.048400 
396 2 22.573200 3.683030 18.251900 
1807 2 18.579200 12.959100 17.585000 
1736 2 16.094400 12.562100 20.873100 
1155 2 19.393500 8.406180 18.094700 
882 1 25.666900 11.195200 16.545500 
1170 1 26.472800 9.990330 24.139900 
1810 1 20.091300 8.287040 23.665300 
1263 2 22.964000 12.054400 23.324500 
1167 2 14.269800 0.776311 26.061700 
796 2 18.963800 8.315030 15.355300 
1078 1 16.342600 1.747510 13.211900 
676 2 20.184400 1.335600 17.677500 
497 1 24.947400 3.582080 17.955000 
1724 2 17.044300 -0.089104 23.201600 
1675 2 19.455900 1.352210 20.248600 
812 2 19.965500 0.500765 13.530900 
1403 2 17.136700 1.962410 23.313700 
441 1 25.382500 7.385980 21.493700 
762 1 17.819300 4.981420 15.281200 
1509 1 22.661700 7.004070 20.069000 
1337 1 19.707700 3.613940 24.041200 
233 1 21.894700 2.051880 15.873600 
368 2 19.859000 4.846380 22.232500 
1776 2 15.252200 3.671910 15.710100 
1585 1 17.831800 13.241700 13.976800 
1878 1 21.602100 1.133090 21.784900 
266 1 18.278600 4.046730 25.693400 
1090 1 14.736100 12.741100 13.692100 
1386 1 19.930700 12.015500 26.028600 
1252 2 25.702000 21.036800 2.633380 
1784 2 25.064100 19.671700 0.233163 
1085 1 13.329400 22.748000 8.080820 
1991 2 18.380600 18.214000 3.148740 
625 1 19.148300 26.140800 2.646360 
488 2 23.882300 25.546800 3.374570 
1974 1 25.488100 22.126900 8.077460 
1744 2 19.256000 18.491500 5.887140 
1019 2 14.505600 26.104500 1.444840 
766 1 15.581800 17.487700 5.002100 
1398 1 18.741300 21.179200 12.734900 
648 2 24.526000 22.362400 7.332260 
732 2 22.556700 16.973800 0.706412 
1095 2 13.749500 25.408700 4.620260 
1074 1 20.848400 15.324200 7.774200 
768 2 20.604200 18.855600 1.878780 
242 1 19.855900 22.214800 12.583400 
831 2 23.630800 16.395500 3.478810 
774 1 19.389500 21.006300 5.625870 
277 1 17.768000 16.472400 2.050680 
349 1 18.721700 23.393100 9.896430 
1323 2 18.197300 14.705800 2.606490 
124 2 25.892000 14.429700 9.788880 
1236 2 18.590600 22.894600 1.746940 
92 2 25.273900 25.045100 13.401000 
873 1 15.247100 22.989000 0.269760 
517 1 17.993600 19.934900 9.046520 
90 1 22.882600 16.797600 11.875900 
1011 2 23.787900 16.476800 10.834400 
697 1 24.043800 16.891900 13.037800 
620 2 22.128100 24.213300 8.753520 
1554 1 23.591300 24.287600 2.710090 
1841 1 22.096300 14.188700 7.674210 
1732 2 17.437200 24.345500 11.748500 
919 2 15.313800 14.434200 13.215900 
1977 1 23.288900 23.615500 8.287620 
1883 2 15.366200 23.017000 9.054890 
1028 2 15.144900 25.004100 8.802930 
286 1 22.865100 17.136400 5.370370 
393 1 22.728500 14.368400 9.519020 
1954 1 13.684400 21.037200 12.730400 
1070 1 16.108900 16.447100 8.392340 
1828 2 16.369000 13.890200 4.937960 
1971 2 23.514600 19.566000 8.230230 
1418 1 13.637200 25.323600 11.683500 
1432 2 14.737000 19.464500 6.712140 
1918 1 15.600400 13.442600 8.669080 
1583 2 25.256300 21.218000 2.222930 
1696 2 14.176300 20.093500 4.423930 
1347 2 23.845900 17.308000 3.694440 
570 1 25.109500 22.970300 13.080700 
482 1 24.822400 15.001500 4.876810 
283 2 16.519600 23.380300 6.523750 
171 2 20.387600 20.650600 11.125500 
1640 2 15.103600 15.865500 10.531400 
1288 2 24.520900 23.785600 9.146480 
1372 2 21.386100 18.756200 7.590830 
1330 1 14.238700 17.241700 9.834800 
344 2 23.154900 16.427800 7.346760 
462 1 17.269700 21.920000 12.072000 
709 1 19.281300 24.805600 4.332850 
518 1 25.957100 14.330600 9.342290 
1259 2 19.622700 24.770500 5.716280 
935 2 23.198000 21.079900 13.020500 
123 2 15.851500 19.116200 12.891500 
1453 1 14.363000 21.144400 4.878320 
537 1 18.165000 15.511300 2.909350 
459 2 20.907600 24.313100 9.305810 
1001 1 16.474100 20.006100 6.983490 
1215 2 18.113700 25.794200 7.200170 
1082 1 17.853300 24.728800 12.403800 
43 2 15.604100 22.894300 1.802140 
689 1 17.296400 17.812800 11.151200 
635 2 13.985200 18.257100 1.659460 
1513 1 21.551800 14.596500 13.283300 
172 2 21.569800 26.487800 2.610350 
1602 1 23.611800 16.832700 9.360300 
1358 1 23.969100 18.163800 9.284940 
1449 1 22.954800 18.323200 0.563823 
1534 1 22.308700 17.529900 10.847600 
361 1 21.963200 14.385000 6.088170 
1581 1 26.185700 22.243500 3.252700 
692 2 14.340900 24.855000 0.661936 
520 2 26.781700 19.710300 9.802240 
51 2 14.524600 21.282100 -0.295930 
892 2 15.219300 20.354500 0.993032 
1136 2 16.018300 18.246300 2.887700 
687 2 23.766500 13.606600 11.552200 
218 1 16.811000 18.626100 4.985510 
1721 1 15.563400 18.464200 2.642460 
1344 2 19.338200 25.996600 3.309850 
837 1 24.149700 19.088400 3.684760 
615 2 17.865400 16.611800 6.703040 
786 1 24.948900 20.991500 2.923980 
1826 1 22.810900 15.692500 2.949650 
59 2 21.929800 20.000000 8.006290 
699 2 19.259900 14.066000 9.257860 
1632 2 19.044000 13.761500 4.614020 
1291 2 23.123000 18.124500 0.872298 
701 1 14.223300 22.164600 2.439430 
802 1 21.167200 13.639600 11.827400 
235 2 13.285700 17.377800 0.659464 
1717 1 22.828400 15.695900 7.468070 
706 1 19.313600 13.636000 12.692500 
1318 1 21.557200 18.882600 6.081310 
1465 1 20.768100 19.625400 1.594890 
279 2 13.756000 25.344900 12.142300 
727 2 25.463800 24.184200 12.226300 
385 1 16.418100 23.139100 1.432340 
312 2 21.235100 22.397600 4.266990 
1922 1 16.855200 23.101100 8.850820 
1677 1 22.756000 23.152300 3.713680 
169 1 19.763600 18.577800 6.051230 
1877 1 25.494300 13.782100 1.515950 
1549 1 16.049000 23.326100 11.238300 
1256 2 15.351500 17.227800 11.444100 
1383 2 19.937300 17.545400 1.707660 
712 2 19.274600 13.275000 8.784740 
542 1 20.353000 20.591700 10.061600 
1360 2 16.109600 22.274800 7.159360 
516 2 21.943600 14.675500 4.423890 
554 1 26.040400 24.384600 9.534130 
1908 2 26.443300 21.412200 5.228200 
144 2 21.292100 16.216400 4.582090 
545 1 25.305000 16.948500 2.817190 
1685 1 20.702900 17.876300 1.022500 
1307 2 17.291000 20.577000 6.808830 
1197 1 14.895100 19.359700 8.049420 
1522 1 17.282800 22.696500 5.324180 
1068 2 19.202500 16.070600 13.185700 
891 2 23.576200 19.584500 3.132620 
416 2 20.129300 20.834000 9.535750 
1195 2 22.095300 16.274400 0.663806 
1392 2 20.650600 15.732000 11.612500 
1615 2 26.191900 23.689000 9.990470 
1808 2 17.160100 22.189600 5.498130 
1017 1 19.035700 20.763100 4.867110 
373 1 25.941600 14.920300 10.856100 
1020 2 21.950200 17.332600 7.099070 
141 1 19.693200 23.817300 6.341190 
58 1 16.554700 20.299800 1.197460 
205 1 20.268700 22.990100 2.424060 
295 2 23.215900 16.438000 11.751400 
299 2 18.240300 21.474300 11.400600 
1572 2 21.243500 20.671600 8.789550 
1435 2 25.162000 17.677800 9.594040 
928 2 18.984700 15.427600 1.398480 
1168 2 13.916400 22.638900 4.009860 
850 1 24.341600 26.106000 3.889480 
1681 1 15.406400 15.683900 1.641810 
1561 1 25.271400 20.299500 1.360710 
1474 1 20.991700 26.087800 6.445740 
834 1 19.129400 14.359300 7.333430 
893 1 25.308200 16.161300 12.150100 
1268 2 19.423600 22.525100 10.496100 
1206 1 21.255000 20.097100 13.472700 
1584 2 17.971100 25.131100 5.784280 
960 2 22.982300 15.013300 12.965200 
557 1 22.559900 22.867700 12.996800 
137 1 16.276500 23.601300 6.711730 
1987 2 22.216900 15.027100 5.718010 
314 1 24.406600 22.328200 1.681000 
1083 2 16.724200 23.877900 10.774900 
1501 1 24.757000 19.833600 7.113540 
879 2 25.665100 22.856200 1.715490 
1250 1 19.450900 25.681200 10.775400 
1873 1 25.021500 23.246100 7.092800 
999 2 22.973400 25.735700 4.531850 
633 1 16.129100 18.244600 13.191400 
908 2 13.622300 16.985200 1.269140 
304 2 22.200900 14.877600 8.620790 
1746 1 20.211900 20.546900 7.784410 
670 1 15.162000 24.541300 7.840160 
945 1 14.847300 15.205500 6.702190 
492 2 22.467800 24.444700 8.071280 
966 1 22.767100 20.749400 3.908780 
350 1 17.021200 16.316600 10.297200 
1518 1 26.636800 19.425300 10.154500 
806 1 19.988500 15.920700 8.993200 
1099 2 23.978900 18.317400 7.526540 
725 1 25.837800 24.118300 -0.145400 
156 2 23.657500 19.626000 2.678150 
1870 1 26.092900 23.714900 12.273800 
1233 1 14.184300 15.833800 10.661400 
236 2 19.060900 21.317900 5.189240 
230 1 15.691000 25.035700 5.726300 
717 1 17.153700 16.188500 5.977430 
1930 1 21.899500 21.097100 10.618000 
167 2 14.809400 25.889900 7.395800 
1597 1 24.206800 23.117400 10.324700 
1844 2 24.549400 16.972000 11.570500 
577 1 16.360100 26.328900 7.308010 
1032 2 16.407400 17.402500 6.224760 
178 1 23.022300 17.992100 7.489250 
36 2 24.849200 25.403600 2.852790 
944 2 16.446200 26.251400 7.855870 
265 1 18.588700 19.159200 2.813570 
1931 2 24.185800 23.527200 0.272218 
29 1 22.960400 14.264400 12.573400 
287 2 20.058000 21.418000 12.509600 
1205 1 19.725200 15.878100 5.692370 
1345 1 15.286100 14.223500 4.156360 
135 2 23.185800 24.096600 7.234590 
1210 1 24.150900 24.743900 5.558030 
1857 1 13.852100 25.505100 5.310260 
486 1 13.821100 18.369000 0.074893 
669 1 21.444400 23.219600 6.615530 
183 2 20.857300 15.416300 7.372670 
1217 1 13.658900 15.332200 12.672500 
1413 1 13.650600 25.359400 0.435031 
932 2 25.647700 22.613200 10.664400 
599 2 15.153200 14.153800 1.341560 
1137 1 17.858000 24.637800 7.091870 
174 1 13.693400 19.202100 10.561700 
1147 2 19.425600 21.992100 6.609710 
490 1 18.335800 25.795500 8.276880 
1503 2 19.931400 15.889500 8.423940 
514 1 15.381000 22.360900 9.231600 
470 1 14.077700 25.699700 2.094270 
80 2 23.192700 25.349400 12.537400 
1245 1 25.789100 25.612000 6.552860 
828 2 15.243600 20.530300 9.515550 
1045 1 17.515300 13.749900 1.576270 
1227 2 15.775600 17.813200 3.141760 
50 1 19.075400 16.037900 12.163500 
1770 1 25.621500 18.962400 3.832210 
1253 1 21.656700 24.190100 9.351020 
1909 1 21.865500 16.998600 0.628201 
430 1 14.991000 19.690200 4.320660 
1840 2 18.210800 25.051300 8.998170 
1140 2 16.168000 16.554600 7.288070 
281 1 17.681500 25.195300 10.670200 
1027 2 22.615200 14.337700 8.670000 
1051 2 19.924700 26.234100 3.603890 
1806 1 25.356000 16.825700 8.745450 
1577 1 22.643200 19.902000 1.149580 
152 2 24.842700 23.300700 2.549510 
1955 2 14.027300 15.243600 9.796700 
579 2 13.859100 18.053400 8.551590 
1257 1 13.793100 18.093400 2.383390 
967 2 21.286800 21.306600 2.143530 
1410 1 21.091100 15.324800 2.288290 
438 1 20.681000 22.127700 0.495642 
1924 2 18.020400 14.599700 12.988600 
1609 1 21.227900 17.052100 13.090800 
1107 2 16.741000 22.827400 13.094500 
1811 2 13.940800 21.634100 12.717600 
642 1 25.131400 18.592000 0.676500 
326 1 13.663700 19.333900 12.619700 
1100 2 14.884100 23.988100 19.293800 
245 1 16.838900 13.757800 20.171200 
1973 1 24.003900 24.835700 19.295300 
37 1 15.563200 13.663200 25.291300 
1799 2 17.793800 17.928000 22.657400 
1469 1 25.480700 16.613700 18.189000 
1476 2 14.620200 24.755300 17.151100 
1843 2 24.602700 19.776800 21.033000 
1412 2 25.007500 24.320700 22.885900 
102 1 13.480200 13.833000 19.334700 
564 2 22.191900 15.721300 18.698800 
383 2 13.933600 23.316100 24.458300 
813 1 24.781500 20.250800 18.243800 
603 2 14.704000 21.605900 17.895500 
366 1 16.646600 18.157700 19.805100 
1036 2 26.821700 23.123000 19.577900 
636 2 25.695500 16.650100 18.305700 
1990 1 22.897200 13.347000 24.395900 
974 1 18.283100 23.764400 25.887800 
1459 2 13.779000 17.569100 23.680900 
260 2 19.416800 19.194200 21.978400 
1243 2 22.836100 16.002800 18.395100 
439 2 18.570700 23.023900 21.154000 
1488 2 18.636600 18.889600 13.444600 
1657 1 17.747100 16.931500 24.585000 
1182 1 17.646400 19.776800 18.453300 
201 1 18.724100 22.057300 22.745100 
958 1 19.919400 23.665500 20.383600 
1230 1 20.362000 16.347700 16.443800 
79 2 15.564500 15.416500 26.775300 
298 1 25.562500 18.254700 21.981300 
1874 1 16.036400 26.327900 23.021800 
1689 1 19.965200 17.444400 22.491700 
1297 1 22.125600 17.867700 21.873800 
1043 2 26.274600 16.886100 25.618700 
729 1 23.941500 14.617700 26.370200 
582 1 21.498900 15.765000 21.378500 
1728 2 22.197800 21.594600 17.731500 
225 1 14.518200 22.292100 17.788100 
1239 2 21.007600 20.675800 24.974900 
46 1 15.532300 15.343300 21.041200 
389 1 25.507000 13.815000 18.643000 
291 2 15.469500 15.874000 20.498000 
338 1 25.923900 14.576300 15.318000 
44 2 22.556800 20.683800 20.292400 
202 1 22.077900 24.602300 16.590400 
104 2 21.810800 21.580300 22.108500 
1159 2 18.463700 22.599100 23.030000 
772 2 18.749900 21.098400 21.271700 
533 1 13.710100 20.061800 23.045000 
1029 1 14.270500 18.791900 22.617800 
429 1 14.618900 21.131500 26.197400 
715 2 23.730300 24.189000 16.430800 
1456 2 20.602800 16.563900 23.187900 
237 1 24.108700 21.604100 19.992900 
1042 1 22.977500 25.711200 20.948200 
1387 2 22.633200 25.379100 19.176700 
1884 2 23.293700 18.818600 19.908500 
1365 1 18.960600 14.997500 24.673100 
1560 2 22.620200 19.315400 25.238300 
1052 2 20.615800 24.979000 24.695500 
789 1 19.687400 26.284400 23.967500 
616 2 15.741700 16.171500 21.687700 
1477 1 15.298700 20.789100 20.982300 
394 1 26.247900 17.639300 26.030000 
587 2 19.646400 23.837700 14.720200 
980 2 13.968700 19.902400 20.750200 
276 2 22.620300 26.076800 15.862100 
1832 2 22.572000 26.475200 24.620300 
937 1 20.318000 13.861300 16.810900 
534 1 17.751600 15.654400 19.392300 
1664 2 15.125900 18.650800 13.999300 
1035 2 22.068200 13.965500 15.921200 
1804 2 18.381100 16.814700 25.556100 
711 2 18.515900 15.022600 15.583800 
684 2 13.469300 16.804500 26.455700 
423 2 17.955400 15.558200 20.169700 
548 2 20.267700 22.905900 18.682900 
1299 2 18.931900 20.858400 26.439200 
1898 1 22.450000 20.211400 23.403400 
664 2 14.897800 23.440700 17.765800 
733 1 24.272000 19.608200 21.186100 
241 1 13.774000 24.563900 17.194300 
1708 2 18.890200 13.862400 23.321400 
255 2 14.457600 19.436800 21.834900 
1984 2 23.347800 16.387700 22.185800 
1322 1 25.586600 20.972500 13.902800 
631 2 18.183400 14.102900 16.758000 
1184 2 18.812900 15.346000 16.509500 
1695 2 26.023800 20.610700 23.426500 
55 2 23.193500 21.856100 17.190300 
869 1 16.815500 23.759700 16.263100 
970 1 16.100600 26.310400 17.860900 
1568 2 15.191700 15.048900 25.517300 
1703 2 25.106200 19.293500 14.170900 
1539 2 22.952200 21.230400 25.653500 
624 2 25.342400 13.782100 25.596700 
1433 1 15.318800 15.600500 25.800100 
1702 1 13.742200 19.981600 20.512200 
976 2 24.093900 15.742600 24.276200 
1916 2 16.878200 19.434800 18.844200 
1056 2 24.467600 16.125500 20.764400 
1551 2 22.650200 22.435300 25.972900 
1528 2 22.651300 19.357600 20.780500 
75 2 19.536800 16.028500 17.584900 
310 1 21.979400 15.274300 22.725900 
1929 1 13.409800 24.340200 22.581400 
424 2 14.928800 22.672500 23.807100 
1160 2 18.842100 23.317500 16.610600 
810 1 14.657700 21.227600 18.394000 
867 2 15.233400 16.813600 16.590200 
1800 2 16.688900 23.706200 23.895000 
1120 2 16.881000 22.945500 16.506600 
1934 1 15.358900 24.595600 15.331200 
839 2 15.834000 14.103000 20.542600 
1109 1 25.558900 24.314400 23.321200 
543 2 17.180500 21.620300 20.278400 
1246 1 17.699500 20.500400 26.216700 
920 2 25.405300 18.593800 17.298100 
215 2 24.264500 16.282700 22.526500 
953 1 19.754000 16.065300 19.836200 
965 1 20.183200 18.762500 18.639400 
743 2 14.245100 18.205500 25.866100 
134 1 22.410400 17.273600 24.827600 
1637 1 26.249600 12.945300 20.837500 
81 1 21.932100 22.837400 18.985800 
1778 1 25.055800 15.491000 23.841400 
411 2 20.904100 16.266800 13.343500 
328 2 19.642300 18.525100 19.371000 
1271 2 15.153200 22.576100 22.065600 
380 2 18.713700 23.361300 25.091000 
1200 2 16.762900 19.717200 13.756200 
1798 1 25.806200 21.065700 22.351500 
1171 2 13.056200 24.723400 14.959400 
1573 1 19.016100 19.989200 13.396200 
136 2 16.224400 14.081300 20.046900 
64 2 24.984500 14.635400 17.193000 
1525 1 16.183000 15.624600 21.936600 
131 2 20.201300 18.787400 14.498700 
614 1 19.423700 19.414900 20.975400 
289 1 16.591200 25.662200 24.312900 
982 1 13.427900 22.607500 15.142500 
341 1 14.685800 23.186900 24.340800 
1867 2 19.418600 26.502100 25.711700 
541 1 13.109300 16.049000 14.032100 
208 2 21.037800 13.728900 16.370300 
887 2 17.098800 23.608800 15.769200 
1624 2 15.691700 23.199800 24.022700 
432 2 14.468300 15.613600 15.945800 
601 1 25.123100 16.302900 19.858400 
1329 1 16.124800 24.539300 21.963000 
1817 1 15.531900 13.718600 23.493200 
1885 1 24.757200 22.043600 26.499200 
189 1 21.247000 26.098300 26.019300 
1389 1 20.901900 23.848600 26.639200 
471 2 25.282900 14.843800 15.472700 
1481 1 22.505400 19.397600 15.763300 
1801 1 13.512800 16.532500 20.433400 
268 2 26.800800 15.334700 24.997900 
1662 1 17.587800 23.064800 19.418400 
1014 1 25.666800 24.971200 25.053500 
897 1 16.721200 20.779500 14.200900 
1446 1 17.485400 24.602900 14.570200 
1529 1 16.094200 18.032000 17.235600 
1875 2 16.048000 18.732900 18.697200 
1302 1 24.823700 24.549400 14.887000 
1395 2 24.396100 25.744200 25.428600 
1010 1 17.122000 23.368700 23.101200 
705 1 16.816400 17.966700 22.584200 
38 1 13.840700 25.362100 19.535700 
1422 1 23.728000 22.318800 16.513600 
1940 2 13.451100 18.238000 22.751400 
1478 1 23.597900 14.822000 16.067900 
197 1 21.918700 16.614800 17.365200 
1391 2 13.728600 14.766100 17.125500 
751 2 19.731700 20.217700 22.842000 
377 1 16.556900 16.927300 16.874200 
840 2 21.711300 21.236000 15.467300 
105 1 14.798900 14.932200 18.890300 
87 2 18.116100 22.510500 25.000500 
2 1 23.235400 16.920800 14.998900 
650 1 15.974300 17.826200 25.611600 
868 2 24.254300 22.639100 20.487300 
651 2 26.101300 13.662400 19.965600 
1189 1 17.143200 14.241400 17.341400 
1022 1 26.181200 16.579400 16.235600 
505 1 19.807200 18.096700 24.969600 
1023 2 17.425600 24.747000 18.210700 
758 1 21.775100 14.374500 18.358800 
1141 1 16.099400 16.582100 22.858600 
1199 2 15.014100 13.286900 23.683700 
107 2 21.179400 15.401100 22.158100 
1647 2 18.411700 26.393600 19.347500 
795 2 20.257100 17.061900 18.444800 
746 1 23.178500 20.689200 25.438000 
1966 1 23.836700 26.164500 25.236300 
515 2 25.588900 21.339800 17.779200 
211 2 15.270400 26.619200 24.266700 
61 1 23.271000 19.762800 19.915900 
68 2 16.373300 19.763700 26.108700 
1530 1 19.718400 14.702900 22.642000 
1457 1 26.463700 21.617300 16.935800 
1133 1 19.554500 22.802400 24.940700 
1130 1 21.376300 22.936300 13.919000 
721 1 13.857300 13.982300 24.906400 
660 2 20.275200 25.149700 21.175300 
158 1 17.118000 15.819100 20.755700 
1073 1 24.701200 21.887300 17.530800 
329 1 22.062700 15.757600 26.646200 
748 2 17.935800 15.743200 20.326200 
271 2 19.661500 19.596300 19.527700 
1458 1 18.877900 21.277200 21.750300 
1417 1 16.252600 22.854100 17.789800 
331 2 16.785900 25.724000 25.751600 
1424 2 23.896300 18.982700 16.838400 
1912 2 25.716900 21.624100 13.929600 
613 1 20.148500 20.136100 19.996100 
346 1 21.468800 21.717000 17.423300 
1040 2 16.166700 18.415000 23.005400 
194 1 22.585600 23.080800 24.894100 
1114 1 19.010000 25.987200 18.242700 
1006 1 19.409800 24.725400 24.034100 
1760 2 25.699600 26.341000 23.412100 
1314 1 19.688700 24.288000 16.053300 
1536 2 15.770500 25.258300 14.879100 
1376 2 25.452300 19.659300 23.558000 
1238 1 24.279200 21.065200 22.419200 
1852 2 26.108500 15.701900 13.900600 
1866 1 18.477200 16.726700 16.126500 
327 2 26.562700 22.589300 19.046100 
1892 2 13.258300 16.361400 14.009100 
1332 2 20.817600 20.956100 13.967800 
1821 1 15.253600 20.798200 13.775700 
1596 2 16.297300 21.225600 13.819100 
