id type x y z 
1084 2 1.308100 3.295580 1.198010 
16 2 5.772820 3.954490 6.308490 
1254 1 0.421416 12.964100 0.710131 
71 2 10.059300 6.377170 1.184910 
1345 1 0.677218 6.961650 7.124890 
1878 1 11.922600 8.867940 3.902130 
86 1 10.339100 4.098290 11.965000 
110 1 12.690900 10.102900 5.089320 
1184 2 11.879100 5.361120 9.776110 
446 1 6.278160 2.280210 11.576700 
570 1 7.223770 3.344660 8.302980 
781 1 9.637990 6.854520 3.271170 
594 1 3.073880 4.060650 0.813126 
585 1 11.815900 3.727790 5.577090 
519 2 1.629730 8.174700 12.844900 
602 1 5.315250 12.961300 11.117200 
1595 2 4.011400 4.558210 4.913190 
1059 2 2.932760 9.096960 1.280160 
768 2 4.039900 9.591080 1.297680 
1690 1 13.127900 1.044620 6.182480 
1754 1 4.512190 3.217000 6.591190 
785 1 5.819300 11.919100 8.598930 
1747 2 1.626710 7.544320 8.432170 
620 2 6.453920 6.307400 7.836800 
1512 2 9.217050 8.275910 0.668403 
922 1 11.671400 4.302340 6.963380 
369 1 4.100480 2.945110 3.900470 
638 1 10.183700 11.540200 8.232660 
827 2 7.945750 6.312040 10.000900 
1953 1 0.872461 9.857910 2.073290 
684 2 10.309200 12.138200 11.714300 
1782 1 6.674660 12.121900 1.194290 
345 1 0.449074 7.781150 11.003600 
1434 1 0.571335 11.641300 4.847300 
526 1 9.439650 2.672320 4.076930 
1883 2 6.226200 4.286550 8.092020 
1182 1 5.937530 4.914180 7.347450 
1504 2 11.929200 9.557480 5.165510 
601 1 13.224200 3.933680 12.232100 
677 1 4.724690 1.286510 0.042644 
1706 1 6.012060 7.769660 6.467330 
72 2 11.943300 0.074823 8.895460 
1236 2 7.038010 3.538610 12.384000 
662 1 2.771150 5.033220 9.554610 
354 1 3.609940 10.270600 12.160800 
1207 2 11.565300 7.463860 7.919730 
529 1 8.322880 1.689160 12.204200 
649 1 12.301600 5.639240 12.441700 
1357 1 2.321890 9.089170 8.819220 
986 1 8.729980 12.582500 12.949500 
284 2 7.268060 0.181435 1.075260 
1098 1 5.497810 7.311840 8.949060 
1616 2 8.590120 10.952300 5.859690 
234 1 7.044590 0.439815 2.679210 
763 2 9.633450 11.200500 10.317500 
384 2 1.824260 7.447870 9.385060 
1671 2 6.286600 13.202100 8.576110 
1282 1 4.059250 0.863220 12.520000 
990 1 9.913550 1.503250 2.183120 
945 1 10.553100 9.362130 10.202100 
474 1 9.638370 9.298720 4.206130 
1819 2 10.844600 10.506600 10.645900 
722 1 1.931380 10.799500 7.506210 
271 2 7.705320 3.436140 5.498450 
285 1 11.898000 10.752800 9.719640 
1452 2 10.059100 5.713340 2.211690 
1594 1 4.460640 9.630990 4.332200 
1219 2 8.143080 3.792480 1.453560 
525 1 8.557260 9.203810 0.824717 
610 1 7.224530 9.164400 5.100150 
1682 1 6.376840 12.472000 3.708240 
1612 2 10.568600 11.392000 7.594450 
720 2 6.510680 11.660300 4.008510 
1681 1 3.004470 0.843011 11.553500 
24 2 7.684180 7.848260 4.670360 
780 2 4.731590 3.397620 5.186400 
1157 1 0.948664 -0.043511 7.906040 
1479 2 1.377220 1.762010 11.497300 
1326 1 1.657280 1.381830 2.977530 
1471 2 -0.005105 2.079850 6.927260 
1019 2 2.205280 5.931570 1.354750 
14 1 2.598600 5.349320 6.254350 
1876 2 9.801690 1.054430 4.888130 
60 2 11.466700 12.906200 2.664130 
1323 2 11.395000 1.746890 7.269570 
92 2 13.145100 11.604900 2.725390 
283 2 12.986100 7.871230 2.872770 
1150 1 12.202500 4.404650 9.924540 
1763 2 1.332900 12.908800 7.216300 
796 2 7.333450 4.683110 4.517010 
143 2 7.608570 2.865790 10.472900 
676 2 3.404990 2.568480 0.492524 
157 1 3.311320 8.767980 5.049640 
1417 1 12.196400 8.875700 9.340700 
6 1 9.098840 5.699400 5.489380 
1543 2 5.698560 8.451340 5.158640 
813 1 7.765430 4.130060 0.872513 
930 1 9.719370 6.225580 9.485650 
1557 1 11.224800 0.314078 6.649450 
1014 1 1.570510 3.804950 9.758300 
1830 1 4.350050 5.229080 8.094730 
975 2 6.932000 0.749558 12.737700 
1001 1 10.689900 11.717700 7.189480 
1689 1 3.502470 11.794500 4.509840 
100 2 3.199730 9.524000 7.153870 
134 1 6.852490 8.747000 8.545240 
1631 2 6.189760 12.924300 11.340800 
177 1 1.548340 11.737600 3.235830 
32 2 7.055370 7.324230 2.206380 
920 2 1.519380 11.070600 11.447000 
793 1 9.607420 2.912260 8.314820 
1371 2 6.198870 2.739020 7.135140 
863 2 0.180325 9.039370 1.689520 
1048 2 0.917972 9.805200 0.023595 
576 2 0.477584 1.287910 1.524580 
1412 2 10.992200 2.190740 8.431210 
34 1 12.291600 12.951300 8.681760 
494 1 6.678060 3.100190 6.883360 
1636 2 8.085870 7.506020 8.395300 
1438 1 7.915230 4.611650 2.010820 
946 1 12.713900 5.571360 3.489920 
1940 2 7.136140 2.487380 7.428530 
522 1 2.446200 3.137610 1.421100 
1303 2 5.100320 10.811600 9.662390 
506 1 8.936640 11.535300 10.428400 
1382 1 4.480250 7.730520 3.732010 
1929 1 8.008610 13.035800 11.276800 
736 2 5.374350 2.042310 10.685200 
1295 2 8.780520 6.075010 5.927180 
1253 1 12.901800 5.986580 0.814526 
1242 1 4.702890 11.193900 7.600360 
1775 2 10.743100 11.518900 6.277970 
1640 2 4.209950 4.260120 8.248140 
1618 1 10.430800 10.788400 2.416740 
1701 1 8.945770 6.304320 1.107290 
941 1 1.264140 8.047840 3.538770 
416 2 3.492200 0.604231 12.732400 
631 2 12.179600 4.158710 13.182000 
792 2 0.656950 6.889310 3.417850 
909 1 7.485230 10.008300 10.698600 
1761 1 0.758029 8.698630 9.498290 
239 2 8.306860 9.507600 6.880230 
700 2 5.124050 2.218540 3.252790 
1054 1 0.445028 6.447980 3.337950 
711 2 1.156960 0.931026 9.198950 
892 2 3.607510 4.966470 10.752000 
1842 1 12.397800 7.330690 2.860360 
1464 2 12.049500 5.217850 6.871550 
1043 2 9.200080 10.321800 5.072150 
640 2 9.010250 5.766460 9.759290 
1651 2 11.514500 10.331300 6.570720 
132 2 11.801900 5.172890 5.288300 
1874 1 9.752370 7.093550 0.194047 
1478 1 4.069210 5.110380 5.372250 
64 2 2.610000 11.568200 3.591340 
371 2 5.317890 11.749100 5.206150 
423 2 8.890650 0.770901 3.981300 
1188 2 2.586610 12.619900 2.218660 
1034 1 1.689400 1.439520 5.391330 
280 2 12.249800 8.469350 2.392290 
1510 1 13.279800 2.948880 9.771640 
1501 1 9.505600 4.020260 7.065820 
1137 1 12.688200 3.680500 3.411070 
1714 1 2.590960 3.059390 13.160800 
512 2 6.531810 0.982343 13.096500 
1922 1 2.691100 7.457220 0.181002 
1517 1 13.146700 6.908710 6.996020 
971 2 8.253780 10.844400 12.532300 
1776 2 4.382000 10.691200 5.354290 
62 1 7.628060 11.228100 5.511950 
459 2 10.011400 2.477640 9.792290 
1975 2 2.369260 8.336120 8.674910 
1003 2 3.904970 3.385830 12.107900 
425 1 2.591600 11.905400 12.250200 
912 2 1.137270 7.903290 9.150780 
1267 2 2.391360 11.761900 10.857900 
1789 1 7.376240 7.146400 10.897900 
1608 2 0.577405 4.628220 8.238310 
1061 1 5.573130 1.480360 4.551540 
1493 1 5.570450 6.155840 12.348000 
1287 2 4.230160 5.256930 8.620570 
405 1 9.823590 2.690480 10.106800 
748 2 2.909860 7.587100 3.732740 
223 2 12.107300 1.800470 0.140825 
1792 2 6.363540 7.501970 11.039300 
1468 2 2.972490 12.576200 0.935205 
491 2 12.472400 4.642390 6.220720 
493 1 11.654600 1.379090 8.730950 
1393 1 5.461200 8.466890 1.654120 
1385 1 4.795570 10.556800 5.412480 
1715 2 12.366700 10.669400 9.830740 
1873 1 1.357600 6.383330 8.636380 
666 1 12.684800 12.816300 2.746160 
1320 2 8.877040 12.666500 0.325668 
222 1 7.004990 5.406500 9.588810 
1491 2 4.461230 10.793200 3.460580 
67 2 13.037800 3.638320 12.216900 
291 2 2.485030 1.416470 3.234190 
1952 2 11.343200 9.982330 0.746310 
248 2 3.928440 0.794881 4.317870 
1243 2 10.652100 6.861510 9.489680 
330 1 6.376870 7.327260 2.196480 
753 1 4.854320 3.127430 12.869700 
161 1 5.109020 3.912690 0.411420 
1195 2 12.480700 4.711950 2.824600 
1168 2 9.290620 12.356400 11.541700 
1240 2 3.722490 10.993200 11.994600 
470 1 1.913210 13.171100 1.180080 
716 2 6.918410 10.554600 12.113100 
1568 2 12.482000 13.251500 6.815780 
942 1 4.657310 12.573400 5.791660 
893 1 6.274650 1.886510 7.912120 
128 2 6.246290 7.505890 6.415390 
1077 1 4.900950 3.425070 9.609180 
1928 2 11.384800 4.582050 12.684700 
936 2 3.407600 12.137400 5.215650 
94 1 1.057770 2.987090 1.417760 
1122 1 9.668880 11.533100 11.321600 
350 1 1.976260 12.783800 6.224620 
861 1 3.076510 8.136800 10.214600 
1855 2 4.341570 7.451070 3.049570 
1633 1 10.654200 7.578280 6.900560 
388 2 4.292480 6.685840 12.570600 
1075 2 4.087230 1.864200 6.012660 
1694 1 12.821800 2.075400 4.449620 
1781 1 4.233900 11.753000 11.023800 
353 1 6.788960 9.566780 12.478200 
495 2 7.593280 1.052020 3.406800 
1575 2 6.072800 7.376580 6.594530 
752 2 12.610000 1.941930 4.670100 
636 2 5.973950 5.004740 0.525283 
1337 1 4.090750 9.424460 0.925313 
1644 2 12.573700 1.888210 1.882670 
1475 2 3.246960 -0.024629 3.618890 
681 1 2.745300 7.760260 7.899500 
218 1 9.881590 11.716700 5.326860 
1265 1 9.598300 1.250460 5.575840 
1334 1 5.859200 0.187470 0.341882 
916 2 7.523660 10.880200 0.229595 
299 2 0.303255 4.405370 0.203054 
360 2 5.504970 12.750900 13.103500 
1349 1 2.645110 1.234940 0.419991 
251 2 6.969260 1.423100 16.508200 
1489 1 5.837990 12.444800 13.508400 
702 1 5.091950 9.997570 22.550800 
1074 1 6.533230 5.076060 19.775300 
180 2 6.332270 8.453330 25.545700 
923 2 8.099790 5.079030 14.612100 
431 2 12.489000 0.947648 19.066700 
591 2 12.850300 4.856020 25.702400 
889 1 4.188770 4.620330 24.286700 
1981 1 7.168030 4.429680 22.919400 
387 2 0.328775 11.237300 22.680700 
542 1 7.619090 7.495380 17.213700 
1859 2 1.333350 6.630360 23.058400 
249 1 3.238250 13.022300 13.619400 
277 1 6.904640 8.411140 25.002700 
1038 1 9.725130 9.182300 18.017500 
1273 1 2.426700 7.103720 13.623100 
443 2 8.295770 5.631050 22.715700 
939 2 7.480440 3.656810 25.857400 
1908 2 10.783200 10.740700 15.651900 
170 1 10.362700 1.967680 20.330100 
907 2 0.060944 0.173933 18.516400 
1046 1 7.798700 12.592700 25.145000 
775 2 6.313070 13.161500 22.525100 
1658 1 2.138630 8.820180 25.015200 
1023 2 9.981110 9.939610 23.392400 
1624 2 8.707210 6.818980 25.376400 
1281 1 1.958460 1.733120 16.538400 
1854 1 0.513261 2.390080 22.110700 
1958 1 11.634100 5.462150 23.771600 
57 1 12.072200 11.525600 14.825800 
1920 2 2.662870 8.844610 15.697200 
1158 1 9.732980 9.023640 25.596500 
1286 1 9.378900 3.316270 18.939100 
1535 2 11.554900 10.606100 23.293400 
1364 2 6.793460 8.028360 16.396500 
1802 1 9.696310 4.255140 16.201700 
1269 1 7.028790 10.861400 23.780200 
1099 2 12.915700 11.948800 15.432800 
131 2 1.218580 7.838560 15.709300 
1115 2 6.692170 9.605310 14.172300 
1262 1 5.879660 2.562750 25.326300 
419 2 10.900600 7.442060 14.881600 
372 2 10.867700 9.768270 22.967700 
101 1 7.869960 12.363900 15.121400 
1036 2 4.765940 0.415520 16.780500 
981 1 11.318800 7.787580 17.664900 
329 1 11.775800 7.714800 21.294300 
1268 2 3.473720 8.530110 24.621800 
1315 2 12.450600 3.439960 19.145900 
819 2 4.037100 2.476070 25.942600 
169 1 7.015850 12.224300 21.815800 
972 2 12.320500 2.085860 17.871800 
1008 2 6.262900 5.316140 22.735300 
1227 2 6.052090 13.178600 26.153600 
1749 1 11.118800 6.610770 21.744000 
1779 2 1.775050 7.773560 25.089800 
49 1 8.734570 8.508260 14.238700 
1147 2 8.805790 13.071300 24.482300 
1848 2 7.838720 4.722800 15.056500 
1835 2 3.713140 10.188000 18.433900 
1526 1 8.197600 4.841630 25.694800 
1317 1 1.966850 5.735110 22.232600 
1910 1 3.003380 7.189350 23.370700 
340 2 12.198000 3.018460 25.881400 
1060 2 0.748243 5.456350 23.581300 
1850 1 3.535740 2.238720 25.537600 
1997 1 8.940240 1.485570 25.089900 
937 1 11.096300 6.063750 18.291200 
766 1 3.221010 4.407950 18.288300 
105 1 7.203520 4.331580 15.295600 
107 2 8.988610 2.989670 17.447900 
199 2 8.021340 0.869435 25.261100 
1017 1 10.812700 0.239624 22.757700 
1941 1 1.416950 9.664380 18.655000 
272 2 12.490600 11.594200 14.593100 
1843 2 10.703800 6.333450 23.492400 
1101 1 2.572150 3.548500 14.862100 
604 2 6.234670 10.131500 22.381900 
1294 1 11.391600 6.398890 15.035200 
1791 2 0.404389 10.886600 18.851700 
1539 2 6.412100 4.010990 21.389400 
1561 1 6.438990 0.062378 18.244500 
634 1 11.057100 1.285380 18.899700 
1630 1 3.526730 10.705800 25.972700 
1697 1 11.613400 7.940250 16.365400 
728 2 1.235040 6.843350 15.695500 
1591 2 5.924240 6.220930 20.541700 
1864 2 8.683760 5.026710 21.251300 
1945 1 1.974330 12.860900 23.945300 
1617 1 1.081500 11.272400 26.273500 
27 2 11.046600 8.392280 24.643300 
145 1 9.580960 2.015400 16.263900 
1004 2 9.595520 8.815340 17.609300 
1152 2 5.682560 2.780730 24.210800 
1637 1 6.170120 11.922400 19.677300 
851 2 12.574500 6.783410 22.456100 
1593 1 4.199430 10.053700 20.903800 
1814 1 9.422050 4.028090 21.895000 
1397 1 2.701360 9.288690 16.256300 
777 1 5.572650 4.705930 16.311600 
630 1 0.937764 11.762300 14.067100 
106 1 10.891100 4.077460 26.327300 
686 1 7.057430 2.715760 23.593500 
1307 2 3.887140 12.792600 23.822900 
1933 1 3.227920 9.197570 24.086100 
948 2 12.654000 12.597400 21.136400 
1726 1 8.047420 9.134850 23.807500 
798 1 5.132510 9.503040 24.638500 
744 2 2.614440 3.002900 14.266500 
1082 1 5.294320 10.838000 19.014600 
97 1 6.174830 6.839760 26.153000 
1691 2 3.134060 2.524550 14.778100 
1213 1 0.367713 8.205410 16.080000 
1741 1 8.291290 1.345770 21.764700 
1778 1 7.921410 6.012380 14.159500 
1089 1 9.760330 5.847290 14.259400 
1949 1 9.594900 5.570960 23.638300 
998 1 4.267930 6.460990 15.339200 
964 2 12.166800 1.865600 20.683400 
264 2 0.369959 3.478250 26.030700 
1583 2 2.204170 0.348339 22.368400 
593 1 12.634300 7.817320 18.753700 
52 2 8.697110 11.334500 24.197600 
804 2 11.372500 10.297000 15.260100 
1454 1 10.846300 4.474580 18.328600 
621 1 9.593940 0.477108 21.673400 
232 2 6.258120 11.729500 19.675100 
1896 2 11.531500 7.828810 20.839000 
1574 1 0.666494 9.840390 22.821700 
730 1 7.441190 0.678424 25.187800 
1263 2 3.900350 9.375070 24.467700 
685 1 11.255800 3.069530 17.517100 
535 2 10.521100 1.862690 24.220900 
401 1 12.261200 12.274900 17.543500 
719 2 12.677100 12.756500 14.401800 
174 1 0.395693 4.190470 14.168500 
1488 2 3.233330 4.006330 25.053000 
1010 1 4.865480 1.916220 21.457200 
1816 2 0.696125 13.289000 24.963600 
1497 1 9.142330 11.448700 19.654400 
696 2 10.923300 0.941189 16.757300 
228 2 9.694300 0.870616 17.214500 
678 1 2.886620 12.683600 21.341700 
447 2 8.638750 11.173500 26.324800 
1156 2 2.014650 4.909050 18.930300 
1441 1 7.141770 10.114900 21.506700 
191 2 9.912810 6.551570 18.612900 
315 2 3.771740 10.967400 19.018600 
794 1 2.210890 3.149550 20.666800 
457 1 2.260980 7.837580 16.826500 
148 2 2.407600 7.907450 25.289600 
1392 2 13.190100 12.426800 24.645300 
206 1 8.463050 0.593231 17.748500 
1453 1 10.420400 9.933090 13.548000 
1736 2 7.922690 7.535590 16.113900 
1318 1 4.998620 9.588330 15.348200 
1180 2 6.775030 0.018687 19.791300 
673 1 8.841700 11.095800 24.423200 
1174 1 5.487290 8.451190 26.408600 
176 2 10.673100 7.098150 22.489700 
1605 1 10.896600 9.167890 23.488700 
1191 2 12.192500 3.426440 17.559700 
831 2 5.506310 2.746950 25.383400 
166 1 4.422600 12.315200 23.837700 
488 2 10.268500 6.217210 15.170000 
1220 2 12.674300 3.115780 22.858300 
680 2 8.850260 2.510330 24.621700 
1409 1 11.880300 1.911630 25.990900 
871 2 10.265600 10.752800 18.979300 
1275 2 3.108430 3.323740 18.457000 
938 1 0.662124 5.151730 22.290700 
1613 1 9.512520 4.618150 14.489600 
171 2 6.112770 3.121020 19.176800 
334 1 11.945100 12.239000 26.088200 
888 2 5.669020 10.347200 13.179800 
571 2 10.911500 10.249200 18.516500 
1106 1 1.532560 12.828200 16.181300 
1578 1 6.914860 5.874970 21.877700 
505 1 11.967400 1.163060 14.253100 
1235 2 0.034825 11.363200 26.449500 
1030 1 8.493880 6.129930 21.267000 
7 2 5.474170 8.938940 26.081100 
603 2 12.432100 5.667080 15.760700 
609 1 8.001680 3.771170 18.056600 
1803 2 10.634200 11.200700 14.571200 
464 2 6.373270 4.286810 19.435600 
339 2 10.201800 5.395780 18.955200 
1725 1 3.064520 10.998600 18.219300 
1674 1 11.039700 11.024600 14.177800 
1793 1 3.886500 1.924020 17.656300 
1127 2 7.450330 8.566430 25.994100 
1729 1 4.957350 8.331580 18.453300 
1511 2 12.076500 7.581740 16.998100 
1724 2 5.213400 6.239530 13.885300 
864 2 2.479180 10.459000 18.178700 
1652 2 4.874010 7.898500 16.517500 
1363 2 10.833900 4.690980 23.987800 
1893 1 0.942055 10.000500 21.000800 
1154 1 0.976716 7.671910 26.541800 
391 2 6.037050 9.671430 20.506100 
1413 1 1.409790 7.069670 23.568100 
1906 1 0.826231 6.328660 24.602400 
364 2 3.520600 9.978380 21.343700 
1280 2 5.379050 11.932700 25.673700 
1459 2 10.201500 3.490510 21.176100 
760 2 1.394880 8.113760 17.608300 
1765 1 1.934050 4.437870 25.984600 
1856 2 9.010740 11.075900 21.612300 
1744 2 1.054600 2.951420 18.870800 
4 2 10.405900 4.834600 14.553500 
1655 2 4.408130 4.566870 15.530200 
194 1 6.192970 12.121400 16.557700 
261 1 13.047000 3.766350 22.718500 
633 1 11.265500 7.416390 14.502300 
713 1 5.601150 3.284000 17.898400 
212 2 3.657990 5.317770 21.111000 
1723 2 4.246020 0.971064 25.706300 
944 2 0.262839 3.183590 23.611700 
185 1 4.415680 5.675380 19.874500 
1355 2 7.690000 9.684480 23.258900 
1300 2 0.130735 1.407920 24.132300 
397 1 13.176000 9.862560 19.726200 
1992 2 2.535290 3.349840 19.138700 
1238 1 4.133030 1.834890 15.492500 
1328 2 9.181420 12.183900 24.621400 
1116 2 9.605480 1.069580 21.061400 
1894 1 7.066870 8.094320 21.709600 
407 2 5.553050 5.441330 23.447000 
807 2 2.860350 3.188040 25.198400 
305 1 10.431300 7.575520 23.588000 
1162 1 6.867850 6.381650 18.290400 
1984 2 6.171090 9.131350 22.647500 
244 2 2.670920 0.291495 22.088600 
1939 2 7.085530 6.261110 17.590800 
1259 2 6.310240 1.716650 20.955400 
1918 1 0.856192 2.797550 18.636500 
873 1 1.846170 7.012530 18.616400 
988 2 11.250000 5.187910 26.064800 
1957 1 9.458690 12.373600 23.514700 
740 2 11.077900 2.205650 22.911400 
1767 2 1.346310 5.338190 20.296400 
1672 2 11.221100 6.498330 17.552400 
1165 1 12.633800 9.531610 16.855900 
1692 2 2.130230 10.984600 21.737500 
1667 2 5.181400 12.321500 18.016600 
9 1 2.581340 1.628820 19.961300 
1882 1 6.218750 1.022830 13.319800 
1998 1 12.811500 1.120650 19.682400 
276 2 8.819210 4.324360 14.644300 
125 1 0.127083 1.155310 25.763300 
338 1 4.965350 0.308119 22.720200 
669 1 11.587700 12.262300 23.135000 
253 1 0.216900 7.036830 14.045900 
109 1 0.182946 2.449100 23.946800 
811 2 13.030400 1.285390 13.791000 
771 2 13.201400 2.316070 26.282300 
1176 2 8.613390 13.135300 13.305800 
31 2 13.090500 9.619430 26.458100 
931 2 4.298620 11.282800 13.513500 
1598 1 5.281170 24.156800 0.512160 
1437 1 3.522270 17.045700 7.542870 
726 1 9.882660 22.749900 9.208330 
1708 2 9.867550 15.064500 9.416680 
721 1 11.038900 13.689100 11.484000 
1450 1 5.472290 13.669700 7.407450 
691 2 12.279000 24.429300 2.630760 
155 2 1.674100 25.911500 8.128030 
112 2 5.454080 25.531400 8.382400 
773 1 12.089500 19.800300 1.955900 
1178 1 9.392400 20.653800 2.250360 
1405 1 7.709530 26.043100 7.651570 
437 1 12.956000 24.783900 2.111440 
881 1 9.404060 20.509100 10.293700 
1587 2 4.303520 14.471800 6.881380 
958 1 2.007510 19.604700 3.804710 
547 2 4.047100 19.933400 6.348680 
182 1 4.626080 25.793200 10.444900 
1760 2 3.604810 18.242100 9.299060 
70 1 5.324440 14.441500 5.958830 
12 2 1.031360 24.052500 8.448240 
1536 2 10.404900 22.974300 3.478500 
262 1 0.620329 21.651200 12.017800 
452 2 4.927770 13.940100 10.912300 
1867 2 12.919400 15.037900 7.447030 
460 2 10.335000 24.445600 11.986300 
712 2 8.417800 18.848600 3.873110 
899 2 0.125814 24.521800 2.073340 
1750 1 11.046800 15.463700 9.170460 
458 1 9.711200 15.926300 11.551200 
675 2 2.550890 15.461300 12.081100 
346 1 5.406630 21.306200 7.868420 
876 2 6.069670 13.423500 7.337790 
1823 2 9.401820 24.982600 12.258700 
441 1 1.476940 25.607100 3.405820 
444 2 11.636500 23.889100 3.027800 
1665 1 11.179300 15.559000 1.482090 
111 2 0.975595 25.644000 5.578450 
578 1 10.234300 18.754200 12.529900 
1521 1 0.425949 15.298100 10.852400 
550 1 10.497600 21.625900 0.877963 
509 1 12.740300 23.682600 3.538040 
293 1 4.473190 15.728800 11.056600 
1297 1 7.844940 22.733200 4.748000 
1584 2 11.068400 14.640800 3.645380 
549 1 12.734800 26.074000 9.951440 
1948 2 10.530400 21.151800 9.227080 
237 1 4.026590 18.894500 0.164325 
596 2 8.510000 24.981000 10.309000 
1420 2 7.388170 25.626700 0.278416 
970 1 2.927600 18.028600 10.900300 
252 2 6.340190 13.378500 6.103650 
1332 2 7.258620 17.420500 6.459990 
469 1 1.337940 26.117900 5.259060 
75 2 4.443210 17.644500 10.747000 
1186 1 11.609800 18.194200 7.445730 
1938 1 9.258840 13.562600 5.034150 
210 1 2.883070 15.004300 6.878370 
55 2 6.124870 25.531300 0.118742 
883 2 2.405470 16.078800 4.372480 
1425 1 12.299100 21.348300 7.194230 
646 1 6.293170 14.430300 3.261750 
221 1 4.161530 17.150300 4.402580 
68 2 2.270670 21.464600 5.413400 
1329 1 7.314590 25.152500 12.948100 
806 1 1.123760 25.958200 9.539940 
1284 2 5.947600 15.203400 9.983640 
503 2 10.531800 22.990100 13.276600 
963 2 6.723490 14.444600 3.641260 
1544 2 10.391700 15.542400 4.204680 
1664 2 7.686070 20.578400 7.838000 
65 1 4.383030 19.698600 9.003120 
1121 1 0.227108 15.176700 7.995950 
367 2 13.225900 24.569900 7.092900 
1901 1 5.040030 19.573400 11.061000 
1787 2 12.214800 16.890400 2.377410 
192 2 8.737280 16.277900 7.582920 
1446 1 1.725750 20.439200 6.812980 
382 1 12.719300 20.326700 11.197500 
1875 2 5.871890 19.628300 3.609330 
1395 2 8.987590 21.843700 9.776670 
518 1 11.885000 15.746300 3.927110 
1702 1 2.694980 22.929200 4.772460 
1797 1 11.891400 16.823300 2.344240 
1414 1 1.823340 21.349400 9.269830 
1050 1 3.471560 14.961400 1.769210 
163 2 8.243350 17.037900 12.142900 
133 1 6.820250 23.382300 10.292300 
934 1 4.128750 19.082500 4.430820 
1520 2 9.434770 19.565900 5.916950 
480 2 1.238720 24.445000 10.256200 
1685 1 0.473387 25.889600 2.213110 
1155 2 12.997700 19.945100 1.681390 
1717 1 6.257750 20.549300 1.585280 
1381 1 2.268380 16.145100 3.429490 
857 1 4.357470 25.310400 4.455360 
337 1 5.398500 25.067700 7.523700 
943 2 8.419330 14.889600 10.538300 
1516 2 2.584450 16.392300 4.663480 
1560 2 9.630120 22.296500 0.274853 
1555 2 4.986290 22.968000 7.098720 
1298 1 6.372600 19.056800 8.624200 
1602 1 5.243330 18.245200 5.434880 
693 1 2.130010 23.051100 6.674350 
1950 1 8.371710 17.485500 3.992470 
1406 1 9.474050 16.604400 9.495800 
282 1 4.196100 21.885400 7.699420 
523 2 8.613380 17.886900 9.525950 
1742 1 7.755820 16.673200 1.554770 
146 1 7.177110 14.203200 9.691580 
44 2 13.203000 18.476500 0.793866 
1209 1 6.633270 18.482700 6.453650 
635 2 5.596040 24.808100 10.725200 
1197 1 7.699350 16.297900 6.014280 
1774 1 7.643480 24.621000 4.523240 
1218 1 3.500680 25.956100 2.163010 
1963 2 2.472470 22.510900 5.418850 
1579 2 12.399700 20.272400 7.339670 
118 1 2.025460 19.467500 9.305030 
515 2 0.857827 21.527700 4.441560 
292 2 2.932420 22.104800 11.918500 
1112 2 9.245830 17.473200 12.419900 
1159 2 3.808010 18.620100 1.828990 
1853 1 0.463075 21.349900 4.411570 
994 1 4.640610 22.420400 3.787060 
376 2 4.095500 25.845500 2.076240 
256 2 4.384550 19.048500 1.444360 
764 2 0.794801 21.591100 0.992600 
381 1 9.130170 18.243800 12.394300 
1117 1 8.530920 21.484600 10.971100 
557 1 11.715900 23.409300 7.938370 
1872 2 8.563380 21.177400 11.068800 
439 2 8.877460 17.479100 6.983260 
98 1 9.870960 22.028600 3.035320 
995 2 3.606980 17.897700 0.786472 
1449 1 2.345510 15.107600 12.478100 
51 2 6.583620 23.208600 9.250580 
1233 1 10.119400 21.810600 6.246300 
328 2 1.980980 24.320700 6.068930 
1246 1 10.155400 26.449400 10.917000 
1507 2 10.449700 15.765500 10.059400 
1313 1 6.426940 16.965400 12.921600 
1809 1 6.191970 15.553800 11.596000 
1718 1 3.022940 25.557800 9.346410 
1379 2 11.459700 26.084400 10.911500 
1264 2 11.146800 17.256200 10.351600 
539 2 8.714510 16.851700 3.158760 
940 2 7.439900 14.070200 10.773600 
660 2 3.123760 20.124900 8.610480 
1448 2 5.565060 20.609200 9.551130 
1531 2 9.054060 20.046300 2.223170 
1795 2 7.728550 22.607100 7.443280 
783 2 1.158050 21.600800 8.004870 
1009 1 9.524610 16.698900 12.984600 
1840 2 3.114530 18.330400 3.153570 
1354 1 9.345050 16.495200 5.332880 
1566 1 6.937320 21.195200 10.253900 
193 1 12.691800 14.960300 11.114500 
1302 1 1.689680 24.012800 9.771110 
556 2 6.678470 15.486900 2.644760 
619 2 0.049055 20.720100 2.594880 
1862 1 11.496300 21.070100 10.263800 
887 2 1.365080 16.170700 5.749040 
707 2 0.053100 22.176400 10.413500 
742 1 6.605190 13.996500 7.941690 
1880 2 10.952100 21.056900 6.577060 
1229 1 11.710200 20.221800 6.134130 
815 2 10.703900 22.515300 7.925900 
572 2 3.236800 17.201300 6.378670 
296 2 5.018690 19.059200 12.267900 
1537 1 1.461830 22.292800 3.305070 
1365 1 9.655160 26.311200 8.342080 
1825 1 9.590900 14.683700 3.271750 
290 1 7.100500 20.300300 7.065570 
312 2 9.041790 25.312200 5.831850 
855 2 5.988110 20.413900 8.725280 
358 1 12.072600 21.068400 4.503390 
595 2 6.920410 24.957300 8.486060 
1623 2 7.794360 25.328200 6.198300 
119 2 1.310310 13.926400 12.971400 
1943 2 11.065100 19.903000 10.867700 
238 1 1.896570 13.569100 8.894660 
274 1 6.927810 13.452300 11.177200 
1483 2 4.568340 24.088600 4.350590 
1350 1 10.331700 19.174000 1.517290 
1097 1 8.153290 25.570300 5.631700 
1881 1 11.142300 18.632200 9.930070 
555 2 3.716640 13.964100 10.209300 
856 2 0.585667 15.668800 10.485300 
1822 1 2.781620 22.538500 11.926900 
417 1 9.809240 24.678500 12.187700 
507 2 2.961120 17.290400 8.182660 
475 2 7.749030 22.815400 4.811590 
627 2 2.863860 15.495000 1.045410 
1002 1 3.655820 18.595500 1.261450 
1407 2 10.855200 14.934900 4.522410 
1308 2 6.246540 25.775400 4.585280 
90 1 5.684940 13.311800 1.556550 
1481 1 7.581350 22.798200 7.939260 
1396 2 4.526810 24.624800 12.540700 
1473 1 11.213700 14.532100 5.417910 
882 1 5.515120 14.095300 10.646100 
1985 1 6.240430 15.454000 4.394820 
878 1 5.109580 19.807200 3.604220 
999 2 12.814200 23.919800 1.399870 
1447 2 0.717935 20.907100 12.224000 
674 1 9.019460 23.751700 10.632800 
1890 1 8.036290 19.063400 3.651860 
1571 2 3.173890 17.413500 8.876810 
1256 2 10.469600 19.440200 1.429790 
850 1 1.797490 21.850000 5.069560 
611 2 3.983140 19.029200 4.369500 
449 1 8.077960 14.416100 6.685980 
1693 1 9.541830 16.927000 7.932680 
1915 2 4.554600 14.303000 4.953990 
695 2 7.195160 15.671200 5.575030 
1834 1 11.415900 23.555500 2.163880 
448 2 5.768750 20.483500 6.521710 
1589 1 5.808430 25.230700 11.055400 
2 1 7.475260 23.761400 2.139260 
860 2 1.654690 24.333900 11.396200 
694 1 5.682130 15.571300 9.068960 
1455 2 9.899080 22.045900 3.178770 
18 1 9.350790 24.731800 5.386930 
1109 1 1.800100 17.723100 8.724810 
1372 2 13.035700 23.603400 11.880100 
1731 2 5.054730 14.194900 5.922590 
1999 2 10.211100 22.892300 0.336885 
479 2 4.167910 25.708600 10.872800 
1047 2 9.191880 18.332000 9.593420 
466 1 0.434082 17.587600 2.388290 
1416 2 4.729190 19.439600 2.019720 
527 2 6.192920 22.917000 1.891500 
1331 2 1.132700 18.846400 13.071400 
914 1 4.018970 20.425800 5.949910 
615 2 0.558218 24.489800 1.260840 
1020 2 0.277212 20.583000 7.950110 
1021 1 2.939340 26.153000 3.176770 
564 2 9.411520 25.970800 7.561350 
1389 1 8.260150 19.637700 13.253500 
501 1 9.153370 14.186900 0.098325 
308 2 3.692170 14.954200 12.804100 
1011 2 12.873700 23.328700 13.174100 
1352 2 7.195890 15.138000 13.069700 
1673 1 4.913250 25.303000 13.225800 
1519 2 5.748980 13.528800 18.990500 
1102 1 10.562400 16.489200 14.951300 
723 2 5.589540 19.420300 17.322900 
1916 2 3.045010 20.769000 22.448800 
1832 2 1.775420 15.269300 21.400300 
1968 2 1.645700 21.795000 14.290700 
1085 1 9.550300 17.276900 21.992300 
1712 2 3.529800 18.918500 14.301700 
1484 2 4.865340 23.615200 15.892000 
1225 1 11.648200 25.500200 19.006100 
1187 2 9.263780 23.485500 16.333000 
824 2 7.319410 16.330800 23.071600 
1934 1 7.278550 21.203000 20.303000 
1040 2 9.724150 19.394200 25.757600 
895 2 8.498600 24.889700 13.396100 
37 1 10.018600 14.115100 20.033400 
250 1 11.450900 19.096700 21.439400 
1827 2 12.110000 23.650600 24.498200 
467 2 11.753500 16.518400 18.718500 
1404 2 10.223800 16.587500 16.140600 
1031 2 12.888100 18.135400 14.353800 
874 1 1.611030 21.811800 15.946100 
1415 2 6.338790 22.492300 18.295300 
516 2 4.160010 24.504100 18.570200 
1798 1 6.024750 14.278400 20.918400 
921 1 3.017010 26.336200 26.351100 
597 1 4.464650 23.060700 16.367500 
327 2 10.990000 21.232400 19.362900 
1978 1 5.442630 14.962400 20.648100 
66 1 4.952970 25.473600 24.444600 
1114 1 5.465690 22.018400 15.357200 
859 2 3.809220 23.338700 25.483100 
1119 2 4.826780 22.312500 20.791000 
825 1 6.031850 19.029900 19.926000 
33 1 8.283660 18.375400 20.010200 
1343 2 10.803200 24.611200 18.813500 
1079 2 4.465750 18.564600 14.870900 
653 1 10.985100 21.258400 23.210600 
235 2 12.346500 18.471400 21.953800 
991 2 1.404100 25.404000 15.645600 
1380 2 1.807130 16.109000 24.920700 
1942 1 3.857520 16.520200 17.687500 
1983 2 3.052810 14.317900 14.612500 
85 1 1.046700 25.325100 16.659500 
1845 1 1.835800 25.973500 18.476100 
1668 2 5.838850 22.392100 14.802000 
1523 2 6.492300 21.880000 16.325900 
1847 2 1.561010 16.626900 20.320500 
1070 1 3.753940 20.281500 19.542200 
2000 2 2.878350 13.294800 21.546900 
1663 2 13.218300 13.339600 25.795900 
731 2 7.289870 19.021800 24.967400 
1035 2 3.216260 17.381100 24.071700 
396 2 13.201600 26.015700 22.403400 
1051 2 4.861810 17.222200 26.466800 
370 1 5.373940 14.289700 22.952000 
1076 2 1.391960 13.219700 13.923700 
269 1 10.662200 19.407400 24.724200 
442 1 2.205900 20.061700 16.622000 
1634 1 2.236520 14.869600 16.106500 
738 1 12.658300 16.886400 14.272400 
1271 2 10.850800 14.735000 15.672600 
569 1 0.795114 14.298000 15.246500 
1926 1 9.548440 13.759200 16.361900 
1151 2 0.352516 23.731500 20.494200 
953 1 9.986690 16.615000 16.198700 
560 2 9.230170 14.598400 16.692300 
836 2 5.327280 24.189000 24.002000 
1171 2 1.036980 14.811400 15.067800 
1194 1 5.607210 22.380000 19.861700 
1224 2 6.059420 25.481200 13.356800 
422 1 1.548620 14.770000 25.520400 
823 2 10.077100 14.881900 17.378600 
1727 2 5.360200 21.089200 26.114500 
150 1 7.451660 13.996500 25.201300 
504 2 8.714280 14.335100 13.276100 
1073 1 0.713627 23.473400 20.220200 
566 1 12.539900 13.966800 14.718600 
1402 1 2.766530 20.831400 23.077100 
1548 2 0.472147 21.186600 19.911500 
1024 2 4.009280 15.631100 15.869600 
989 1 8.083350 20.111000 25.651200 
317 1 6.627310 16.192800 19.936800 
117 1 3.079710 17.957300 22.418300 
1649 1 3.497890 22.891100 19.816400 
1831 2 6.914990 13.526000 26.445200 
1513 1 10.899100 24.093100 23.494400 
1289 1 0.604880 26.387000 23.564500 
759 2 3.695820 23.186100 19.659000 
801 1 2.555030 24.863300 16.933300 
1500 2 10.842000 19.214500 25.468000 
800 2 6.215340 15.923100 19.548500 
1424 2 3.300290 26.448800 24.992200 
1341 1 1.653380 23.000600 23.327200 
1559 2 4.714020 23.847600 15.378200 
812 2 0.504417 15.113900 14.203600 
1846 1 4.118350 13.862800 26.249400 
755 2 4.707940 17.502400 21.942600 
1005 1 8.297990 25.582900 13.713700 
420 2 1.947050 18.827200 16.279300 
1057 1 5.040010 16.911700 19.727600 
1650 1 0.411863 16.715000 18.553300 
1852 2 12.737900 17.777700 20.128300 
1505 1 2.369630 14.868700 21.663000 
737 1 11.717000 18.777900 17.748500 
1347 2 8.992160 21.609100 20.905200 
1012 2 7.468590 21.517500 25.318900 
839 2 2.418710 26.511800 17.960500 
1971 2 5.866660 15.463500 19.744800 
1374 1 6.217820 14.971200 17.745800 
1439 2 10.808700 17.941500 20.279000 
1081 1 1.204770 17.350200 22.503400 
826 1 6.664690 17.830400 14.908800 
374 1 9.129740 16.478600 23.983700 
600 2 6.494880 21.055600 16.439300 
1857 1 2.605260 24.225700 25.316700 
42 1 7.728140 24.907800 20.904000 
510 1 12.269300 23.561800 20.131000 
120 2 1.175060 25.204600 16.731200 
320 2 2.723500 13.553200 20.928000 
822 1 1.861160 23.853300 21.278800 
1503 2 11.554800 24.731100 20.893800 
1469 1 11.262900 17.300900 19.229300 
1839 2 9.101550 19.254300 20.940900 
1118 1 1.045590 21.484200 21.175600 
903 2 0.259137 25.240800 16.969500 
1312 2 0.012432 24.977100 19.478900 
1145 1 2.992970 17.569600 14.869500 
1698 1 0.771467 16.493900 25.694200 
911 2 12.276900 14.655800 24.918600 
80 2 7.821170 18.184600 20.194400 
739 2 4.610220 17.905200 14.422600 
1430 1 6.376880 14.605800 23.885500 
1532 2 8.527320 18.700100 18.815100 
993 1 9.038690 22.406800 25.283400 
390 1 11.491700 23.460700 25.779100 
877 1 3.205900 19.944800 15.829400 
651 2 12.875500 19.386400 14.671200 
1444 2 9.303000 17.378000 26.249900 
1249 1 0.331869 23.954400 24.465400 
1700 2 5.105100 14.313500 19.994400 
1688 2 9.034890 20.496000 21.467100 
341 1 10.820900 17.862800 25.362300 
394 1 9.322900 25.501800 20.164200 
642 1 4.725350 24.464200 16.476000 
1944 2 9.778190 22.455500 15.915900 
1128 2 10.244300 14.800000 21.068200 
386 1 11.582300 23.918600 19.599300 
949 1 7.840980 22.447900 18.140900 
758 1 8.283560 17.812700 26.235400 
217 1 5.656430 16.937000 17.122300 
950 1 4.507930 14.752900 16.044800 
1711 2 10.017800 17.926300 25.563500 
236 2 9.250420 26.128300 14.756000 
1936 2 9.309280 24.188300 20.174000 
1935 2 4.905490 13.443400 16.030900 
1086 1 4.032400 22.313900 13.388700 
17 1 0.886215 22.911900 14.770300 
1530 1 12.976500 25.915800 15.829900 
1993 1 2.693580 26.327600 24.128000 
156 2 0.875324 23.201900 23.777300 
846 1 3.922050 22.605700 25.919900 
749 1 7.066500 16.476100 21.815000 
688 2 0.021477 17.184100 25.145800 
1858 1 4.818160 19.827500 16.360800 
1283 2 9.053780 25.718400 20.054900 
1626 1 9.765180 24.781300 15.569600 
186 1 3.264500 19.360600 13.825100 
1141 1 9.843440 13.645600 24.831400 
77 1 2.571410 17.477800 25.238500 
1573 1 7.910570 21.141200 16.045800 
1124 2 12.231500 17.848300 15.054800 
757 1 9.152220 22.773700 16.927000 
311 2 0.512461 21.460200 15.840500 
1148 2 12.370700 24.141700 19.357000 
573 1 9.240310 20.702800 21.096600 
1411 2 9.332610 17.001400 16.944000 
1146 1 10.855300 22.658000 20.549900 
1013 1 12.417900 13.914200 23.416100 
1826 1 10.236500 22.399900 14.840100 
343 2 8.314340 18.466800 14.170100 
765 1 4.956360 21.818400 23.553500 
1 1 8.204360 22.594100 14.070500 
1055 2 2.017910 25.638600 21.930000 
682 1 1.468390 13.627500 19.525100 
709 1 4.943400 16.457900 14.570800 
1528 2 7.372590 14.162100 25.002800 
1306 1 4.103410 19.270500 24.707000 
400 2 0.636788 18.101100 20.386500 
1733 1 4.312740 17.054500 25.791100 
140 2 5.901170 21.042700 20.188000 
1533 1 12.237100 19.644500 25.433000 
375 2 2.218220 20.180300 16.345300 
1093 1 5.974040 18.456900 25.676900 
966 1 0.170472 24.605100 15.324300 
392 2 3.505020 17.014000 22.239800 
393 1 12.321900 15.669700 18.795400 
1601 1 0.814487 18.129300 17.414000 
1811 2 0.478419 20.567100 24.759200 
561 1 12.492800 20.596800 22.436800 
356 2 5.572190 17.856800 14.449600 
814 1 11.684000 15.370800 16.217000 
1732 2 10.753800 25.434000 22.215000 
847 2 0.792099 17.770200 19.105300 
362 1 12.593500 19.197100 14.444300 
1677 1 6.318110 23.242800 15.709000 
438 1 6.762810 23.717600 19.159900 
331 2 1.514700 14.047900 16.119800 
325 1 13.115700 20.820300 20.518000 
349 1 10.135800 15.192400 21.299900 
724 2 10.074800 17.488200 21.225900 
616 2 8.346000 20.628100 13.893100 
1485 1 8.675050 15.634700 17.783800 
751 2 8.430070 25.641900 22.890400 
1549 1 12.498300 25.741000 21.857600 
1884 2 12.974200 25.126600 16.858900 
1390 1 0.292730 21.890600 26.015700 
1805 1 6.669290 19.786400 23.385500 
830 1 10.780600 20.705600 14.647300 
1931 2 4.701520 19.923700 14.532500 
1231 2 9.312610 22.127800 24.378800 
1615 2 6.557580 25.178000 18.017800 
1344 2 2.897970 25.672600 26.172500 
761 1 8.149030 23.954400 14.986300 
668 2 11.821100 21.181600 23.037900 
1410 1 1.693810 20.038600 14.055300 
667 2 12.690300 26.240900 23.164500 
227 2 9.520090 14.223800 20.046800 
1129 1 5.967080 18.532800 14.562900 
1058 1 8.325790 22.435200 24.234900 
1163 2 9.490750 14.879400 24.068800 
88 2 3.619610 15.967600 18.439700 
954 1 1.696260 13.249000 14.142900 
658 1 1.525280 16.254900 14.410600 
500 2 12.807600 15.654800 25.389500 
385 1 7.035380 24.330600 25.267100 
537 1 13.136800 13.731500 26.459200 
1172 2 3.716900 18.617000 24.766800 
985 1 0.148813 21.566100 15.687300 
1433 1 0.524356 26.022300 20.949600 
1988 2 4.552470 13.938600 23.783900 
935 2 0.719302 13.813400 22.609300 
201 1 3.552890 26.040400 14.525400 
289 1 10.375400 25.005400 26.426300 
1687 2 10.439600 25.345700 26.453400 
1716 2 13.640600 12.027800 7.750910 
1885 1 13.360500 10.198900 1.799580 
96 2 23.432500 5.845450 3.360310 
430 1 25.826900 10.310600 12.203100 
965 1 25.976600 8.083830 4.380260 
747 2 14.572500 1.137880 9.469420 
538 1 14.004100 8.629420 0.660598 
365 1 14.991800 9.309980 3.847630 
1376 2 15.138400 8.795910 5.608370 
754 1 17.311700 0.629351 6.102490 
279 2 16.142400 1.960220 8.773170 
1898 1 15.505100 6.355120 2.504500 
858 1 18.064000 13.144900 2.535210 
1378 1 23.830500 12.880300 4.477650 
265 1 22.644900 4.633340 0.444811 
1161 1 14.632200 6.661420 4.505940 
1567 2 24.226200 3.932280 9.226600 
898 1 17.419900 0.409280 3.404020 
1610 1 16.430600 12.005700 6.654320 
1346 1 24.132200 4.545630 10.492300 
697 1 22.467200 8.450450 4.142820 
149 1 19.272600 9.093550 9.899850 
1203 2 26.499800 7.827240 11.363700 
1720 2 19.850000 6.604930 2.401460 
485 1 21.520400 9.644410 7.825230 
255 2 24.587300 11.999000 9.565650 
1499 2 21.556700 12.661900 5.238100 
63 2 14.541400 10.001000 8.194340 
1721 1 24.440600 12.627300 7.369650 
1888 2 21.214800 9.287210 3.756810 
158 1 18.265900 0.582405 8.562760 
710 1 20.368700 1.286900 5.488740 
1335 2 15.650500 5.005030 3.523930 
1175 2 22.383400 7.379260 9.611620 
521 1 14.335800 0.476302 2.675510 
69 1 20.426600 5.177660 13.091200 
399 2 13.744400 11.690900 1.898400 
321 1 23.785700 2.881520 1.399630 
517 1 23.134900 0.848542 9.759240 
1028 2 19.221600 0.747126 11.843900 
1808 2 13.827700 12.992300 7.214890 
979 2 19.346500 3.779020 0.858125 
1820 2 23.781100 7.516520 12.202900 
546 1 13.694100 1.621030 3.164740 
357 1 24.379300 9.415290 3.967310 
471 2 25.859200 3.013060 12.867400 
984 2 17.003600 1.639350 8.712220 
478 1 20.105300 2.779630 11.529500 
1620 2 20.653500 12.988400 3.476090 
1565 1 17.713100 5.425910 8.311570 
1812 2 25.540200 11.287400 10.308600 
1806 1 23.842400 4.150850 9.630000 
1202 1 24.057100 1.276090 12.007000 
498 1 13.835800 11.644400 5.940630 
465 1 23.844800 11.013800 10.281200 
1914 1 24.950400 4.982880 12.848600 
1818 1 15.981100 6.396190 8.726740 
1062 1 19.777400 4.947300 6.160390 
1770 1 24.527100 4.129540 7.196970 
559 2 20.949200 10.884000 9.217070 
25 1 24.543200 7.325670 6.503040 
1799 2 26.380700 9.271280 6.175540 
1260 2 18.392200 0.995736 0.914330 
1199 2 21.302000 8.327610 4.165220 
1965 1 19.826100 12.912900 9.091300 
1063 2 23.091000 10.155600 10.817200 
1108 2 19.568900 4.725000 10.246400 
1217 1 25.509200 4.776720 4.202040 
1095 2 22.941500 8.261540 7.078450 
487 2 24.489400 5.268030 10.825300 
1728 2 23.383600 2.067810 7.758880 
1091 2 18.108700 8.474920 4.099120 
1285 1 22.526500 8.995540 2.610210 
58 1 24.852700 5.841570 0.810041 
379 2 16.235300 6.213540 6.696730 
1292 2 23.799500 12.582500 5.141480 
643 2 18.316400 12.194900 3.956270 
1921 1 17.738600 2.246580 11.215300 
632 2 18.538100 5.234560 2.455740 
1638 1 14.382500 7.313440 2.817560 
1423 2 16.339300 4.543360 2.679010 
1801 1 20.124100 6.569890 2.686130 
1322 1 21.578400 1.342620 11.563100 
671 2 16.904300 9.870430 6.654260 
95 2 25.555000 12.508900 2.659560 
1316 2 19.943000 8.392690 1.262110 
1234 1 23.162700 2.216160 6.875560 
1016 2 24.665300 8.221770 7.098930 
229 1 25.668700 0.834736 6.385910 
1230 1 18.610300 3.129570 12.188300 
1506 1 23.131600 3.085150 4.079000 
1394 1 15.822500 4.273400 1.874090 
1522 1 18.369500 12.921800 11.027800 
409 1 16.432700 4.854530 11.241300 
767 2 18.936500 8.045150 10.432400 
607 2 24.005200 4.343770 12.837500 
40 2 19.261200 2.364490 2.078660 
326 1 21.605700 7.492180 9.713330 
79 2 20.383100 3.934030 8.098920 
1959 2 21.195200 1.704340 4.453800 
1029 1 15.040000 4.492060 9.279100 
82 1 16.401000 11.202700 2.361260 
1123 2 23.009600 9.535590 1.569590 
1399 2 15.422900 5.081220 3.242910 
789 1 23.885500 8.678510 0.153509 
1913 1 20.824400 8.311380 0.524029 
368 2 25.173700 4.124210 10.399300 
699 2 24.470800 0.844313 9.665120 
451 2 24.752500 10.511100 4.869050 
1961 1 16.572200 7.802030 5.861520 
263 2 20.809100 11.005100 7.373980 
795 2 17.897500 0.714886 1.889940 
1800 2 14.466200 4.321310 7.906000 
1144 2 15.743100 0.996723 5.661470 
1421 1 14.603300 3.720680 5.112390 
1551 2 18.425200 12.516600 12.751900 
144 2 21.337100 8.098560 6.069060 
11 2 14.443800 0.519469 2.767270 
1214 1 15.513000 3.297470 12.786900 
977 1 24.991900 10.231600 6.947940 
113 1 20.096300 3.128690 4.297260 
617 1 25.191200 4.479050 9.108020 
978 1 19.828700 0.026352 9.569130 
468 2 25.718500 9.713270 5.493530 
837 1 23.266800 10.797800 2.134150 
336 2 15.270100 11.945800 13.036800 
1348 2 22.505100 1.198280 11.075500 
76 2 15.451500 0.358566 0.274302 
1018 1 17.635400 5.245090 1.910060 
1734 1 21.513800 10.525200 11.768100 
1545 1 15.387000 7.397310 10.865000 
126 1 15.064500 4.794850 1.303640 
20 2 15.418800 8.372920 4.519980 
1784 2 14.675800 9.056160 10.973900 
1829 1 17.460300 3.798470 13.185000 
1995 2 14.719000 13.311900 10.019900 
1288 2 20.714300 7.076430 6.368280 
1607 2 22.558300 1.140020 10.682300 
1370 1 14.905700 11.380500 10.434300 
769 1 19.712200 2.545640 6.510150 
172 2 22.580200 11.970000 10.226900 
816 2 23.572900 2.264410 3.910560 
402 1 20.603700 3.913640 7.032190 
1746 1 23.646800 3.758450 12.708900 
869 1 15.205500 13.056200 9.471970 
1546 1 19.034400 3.126310 1.293740 
551 2 14.203400 3.555940 8.782340 
1324 2 21.506900 -0.029255 2.287460 
692 2 15.758600 9.343350 0.098831 
848 2 25.723500 13.282900 0.402450 
102 1 15.211400 9.434170 11.138900 
1120 2 20.480700 0.079891 4.621610 
567 2 21.614800 7.161490 10.817200 
1360 2 13.861400 6.747020 11.679600 
624 2 15.074600 5.625420 0.696609 
1166 1 19.652300 10.951200 6.436360 
440 2 18.398500 8.271530 12.344300 
1384 2 14.697600 12.935100 10.105000 
1181 1 15.329300 0.049404 0.690927 
377 1 14.068600 6.409370 12.310400 
1622 1 21.739300 8.109100 5.711990 
188 2 25.616000 0.926250 6.157080 
1541 1 20.915000 10.943600 7.299290 
196 2 23.693800 7.897520 1.376210 
1223 2 18.892300 5.473230 8.794930 
91 2 13.487500 0.569898 5.395220 
1786 1 13.567600 9.953800 9.991280 
657 1 18.287100 7.318750 4.360930 
1639 2 18.944000 3.980070 11.810300 
718 1 16.368600 1.788000 7.471040 
1657 1 24.865200 8.986160 10.154600 
1210 1 19.071100 6.961850 0.604293 
1899 2 25.460900 0.804848 5.672470 
499 2 13.607200 2.415150 3.577620 
592 2 14.673800 3.631820 3.863470 
302 1 18.831500 8.063080 8.596730 
1339 2 16.233400 12.034700 8.808860 
1585 1 16.942200 10.650800 9.057260 
969 1 26.153100 9.653590 6.016370 
1599 2 22.301500 1.397670 6.632000 
99 2 16.574900 1.875420 7.424110 
1841 1 23.142900 0.105381 6.708760 
1069 1 22.298600 8.087970 13.015400 
1707 2 17.058300 10.507800 1.058150 
1654 1 14.681100 3.578380 11.095700 
164 2 14.438000 0.195379 2.706820 
1710 1 13.804700 8.427940 6.885690 
1603 2 19.865700 9.731110 1.123660 
389 1 14.570600 1.388820 5.152420 
1860 2 17.318200 9.003520 6.385650 
241 1 26.199800 4.140190 8.065390 
1696 2 20.314100 11.636100 4.630770 
1136 2 21.714000 3.791220 11.848100 
1653 1 19.666200 10.183500 1.596690 
957 1 20.556100 5.958640 11.733700 
1418 1 20.912200 11.446600 8.466610 
307 2 24.165500 6.341870 5.082070 
1189 1 21.500500 0.839357 8.391320 
1752 2 21.833300 8.638980 10.612400 
1400 2 13.540300 4.002150 12.103800 
198 1 20.138500 2.250610 3.044750 
314 1 23.102300 7.240110 9.029610 
1445 1 22.366700 4.463490 7.904340 
35 2 15.652200 2.969660 12.421700 
1900 2 14.905900 7.882220 2.935530 
366 1 15.271600 2.473670 8.364730 
1683 2 16.816100 0.416145 12.799000 
352 2 25.310800 10.867900 7.395450 
1627 2 25.859400 0.702673 3.012860 
817 1 22.620700 12.251200 6.239790 
1134 1 20.281100 4.917210 9.412910 
490 1 20.436500 12.374000 1.388430 
1466 1 22.327400 8.454020 7.568760 
1907 2 20.218900 5.655510 4.592750 
786 1 22.119800 11.127800 10.174600 
1937 1 17.903200 8.720100 3.922550 
207 2 19.752400 7.592630 0.886921 
1369 1 21.738100 12.932100 12.420400 
10 1 18.807300 0.732115 2.273870 
1515 2 23.365000 9.271890 8.108700 
1428 2 17.949900 11.820400 8.534990 
395 2 23.091900 3.809900 0.697748 
543 2 22.327800 4.559790 12.753500 
586 1 17.903700 5.626590 3.059670 
862 1 18.378800 9.280000 0.402642 
589 1 18.773900 1.396070 0.876433 
1000 2 16.506200 7.338110 9.169200 
1836 2 15.559300 3.502310 9.026860 
220 2 18.557200 1.116280 8.104440 
1966 1 17.022200 9.714180 6.656890 
1033 1 21.208600 11.610800 4.541320 
925 1 20.267300 8.321100 5.593840 
1080 2 20.171900 3.101610 5.868360 
715 2 19.093600 0.061325 7.474680 
1258 1 23.970600 6.311110 11.748900 
21 1 22.469300 10.127800 5.178920 
413 1 22.605200 6.119540 4.102430 
1783 2 18.232800 1.410260 6.449230 
415 2 21.746500 12.446800 11.439800 
1359 2 23.428000 4.823580 5.945680 
1964 2 20.839500 11.286400 6.722520 
778 1 16.239500 4.103830 6.641120 
1924 2 16.375400 4.614420 0.061833 
762 1 24.676800 11.567800 3.546200 
528 2 13.885000 5.685570 3.725480 
1164 2 20.252900 5.130770 7.930440 
553 1 25.855200 1.090050 0.501655 
159 2 18.853100 0.897751 7.852340 
776 2 13.889200 9.522390 7.207860 
310 1 25.212000 0.534081 2.792740 
1903 2 25.239400 13.156000 7.413810 
1514 1 14.159000 11.653600 7.986320 
275 2 26.015600 4.847760 8.634390 
1495 2 25.293100 8.309470 3.661640 
225 1 25.936300 11.697400 9.105900 
1291 2 14.011300 11.120400 4.066000 
209 1 15.130900 0.101956 9.460150 
454 1 22.369800 0.387383 1.383920 
841 1 17.187600 0.464185 9.842900 
790 1 17.533200 10.990400 0.476059 
1974 1 26.351500 9.319420 0.806413 
93 1 16.049800 1.896760 0.037767 
605 1 22.663600 5.026940 13.126300 
818 1 26.445000 0.125641 13.167200 
821 1 13.335100 8.549820 13.108000 
558 1 13.627800 4.757550 17.172400 
714 1 21.317200 10.451700 19.463400 
324 2 24.070800 4.363620 19.491500 
1293 1 13.286600 7.338510 23.923200 
1886 1 15.374100 8.025530 20.859000 
342 1 15.237100 11.374900 18.382000 
1821 1 18.124000 10.564600 22.642500 
1680 2 24.671600 10.555700 24.940600 
1422 1 16.578600 8.875080 18.329700 
803 2 20.228200 0.712549 20.845800 
436 2 18.960300 12.927100 20.454000 
784 2 17.090700 4.896580 13.430000 
5 1 18.313700 9.608050 13.972800 
167 2 18.264600 0.128989 14.921700 
924 2 26.175500 7.319940 24.991500 
456 2 20.951300 2.653270 19.619700 
1833 1 23.437500 8.736390 22.740700 
703 2 26.112000 2.726240 17.834000 
1769 1 18.019600 9.140480 23.872900 
1133 1 20.443000 4.646580 24.908100 
1807 2 19.313400 11.761500 18.926300 
791 2 15.231500 3.545150 22.079600 
1556 2 23.051400 11.699300 22.503900 
455 2 23.501400 11.858400 16.557300 
309 1 13.456500 10.988200 22.699900 
563 2 19.053400 10.841000 20.838800 
614 1 25.323100 1.143690 23.172800 
565 1 15.685500 4.597330 18.611300 
1977 1 17.328600 11.700000 21.809500 
672 2 18.622400 2.886130 22.051000 
905 1 14.782500 4.930100 24.856900 
1576 2 17.863800 1.691490 14.496000 
890 1 17.247700 1.367540 13.727400 
1064 2 23.761800 0.187080 18.047700 
1027 2 14.336400 9.986220 13.748200 
866 1 19.557300 9.032030 22.133300 
152 2 19.554100 11.047500 16.789000 
580 2 25.651200 10.469900 24.903300 
1083 2 22.315900 3.210020 19.315800 
1138 1 19.036800 9.619690 17.129500 
1656 2 21.855500 0.087292 21.799900 
1730 1 25.982700 12.114200 20.656200 
787 2 16.075600 3.836590 25.396800 
15 2 20.833100 0.642107 24.200100 
540 2 18.022500 8.267510 18.770400 
304 2 24.122000 4.340210 23.451900 
45 1 14.191900 12.510800 21.794800 
838 1 24.546500 2.478220 14.314000 
639 2 19.562000 4.140790 13.911700 
1987 2 25.372500 7.197920 22.767600 
1066 1 19.297200 1.135770 16.500600 
797 1 18.380000 8.010110 18.440200 
1740 2 16.212800 2.655090 13.351100 
489 1 15.424500 11.758600 13.401400 
618 1 13.788100 0.190555 13.948600 
355 2 18.663300 5.337270 23.453000 
1383 2 24.190600 9.572350 25.008300 
1477 1 20.956000 10.355800 21.389500 
412 2 21.708300 12.803700 18.736000 
1629 1 24.521600 5.292830 24.714200 
1614 1 20.624500 6.738530 21.908100 
1251 2 19.507600 10.286000 17.436600 
1022 1 21.024400 1.885430 15.416400 
809 1 23.063800 5.016050 16.768900 
1954 1 15.265200 3.303930 21.222300 
427 2 16.174800 4.428340 21.478200 
983 2 15.253000 4.936700 16.193900 
247 2 16.934100 9.357310 23.857100 
628 2 14.893800 5.343300 20.007200 
910 1 23.479100 6.064660 19.285400 
1897 1 23.972800 9.153820 20.301900 
154 1 22.190100 9.420480 18.743000 
1996 2 22.077300 8.905680 26.200800 
1476 2 21.025800 0.712789 17.708500 
104 2 14.410700 6.577120 19.727500 
1169 1 17.703700 12.550000 24.889600 
1991 2 15.994200 9.554250 18.478300 
184 2 13.988400 11.911800 17.394600 
13 1 26.435200 0.494275 17.501800 
435 2 19.178700 8.972470 22.355300 
1461 1 24.429400 12.147900 18.269700 
1435 2 23.584900 11.463900 18.463000 
421 1 20.154600 2.285110 19.412200 
1401 1 14.374300 1.795180 18.009900 
216 2 23.365000 1.026330 25.585000 
473 1 26.518700 5.239830 15.866400 
879 2 21.242800 10.639300 21.089300 
496 2 17.568900 9.800370 22.092400 
629 1 17.839500 7.636140 22.151600 
1930 1 19.390300 8.001560 15.084000 
1508 2 20.618900 9.385500 18.643000 
650 1 17.992500 6.231560 20.842900 
1457 1 16.386900 2.357010 15.316700 
840 2 18.940300 7.932840 14.837500 
933 1 21.172400 2.780230 18.416100 
868 2 26.504400 7.224090 14.623100 
1105 1 23.866400 10.239300 23.035600 
1237 1 16.769700 8.514040 13.507100 
1196 2 15.288800 9.362390 15.663600 
810 1 18.869300 12.152800 19.945400 
61 1 22.145100 0.585354 23.086400 
1482 1 17.721000 5.993080 22.800600 
1719 2 25.669300 7.836510 15.790900 
1041 1 15.330500 0.540598 17.563800 
1368 2 18.352300 7.850430 18.175100 
637 1 19.295500 12.071400 15.435300 
472 2 17.451500 5.731340 22.987700 
1925 1 18.813100 10.001100 18.463600 
74 1 18.812000 4.672230 17.779100 
1628 2 23.020600 7.697910 19.505000 
1462 1 15.053300 10.738600 15.928300 
579 2 21.531000 8.950570 19.237800 
1772 2 25.703800 8.895360 14.194200 
1185 1 14.715000 12.947000 16.657900 
1290 1 23.785800 8.366060 24.620600 
1311 2 14.353400 7.710620 21.589100 
652 2 20.386600 7.646980 21.656700 
947 2 23.802900 0.687231 22.683700 
915 2 24.158400 1.506820 15.168400 
83 2 25.628900 8.617170 16.877600 
927 2 21.997900 8.724260 15.677600 
1248 2 18.816600 13.165500 24.941400 
1735 2 21.838000 6.837960 13.907500 
577 1 22.035900 5.065530 20.084600 
1540 2 15.446800 9.635650 21.790700 
1440 2 22.857600 4.881090 16.930200 
608 2 21.600500 6.873420 16.010500 
224 2 14.059300 13.064900 19.378900 
750 1 15.805500 5.497520 21.823700 
1205 1 16.203800 1.611880 22.550600 
408 2 19.226200 11.871300 25.746100 
1436 2 16.762500 4.790640 15.910100 
1274 1 14.980100 9.690210 15.096200 
1947 2 19.606300 1.465730 16.163500 
1314 1 26.495600 6.102370 18.234000 
211 2 14.281800 7.636110 13.574600 
976 2 23.270700 12.325900 26.071900 
1279 2 22.371200 11.900600 19.271800 
1838 1 24.147100 2.631720 19.244000 
1211 2 20.461100 11.343200 16.105700 
178 1 18.193600 9.960360 19.868900 
1794 1 24.927100 7.526120 22.940400 
829 1 24.808300 2.542130 24.337500 
1104 2 19.624300 2.894280 15.799700 
3 2 22.889900 3.679290 20.465500 
281 1 15.397900 7.130380 17.739800 
1135 2 15.560100 5.460270 26.473400 
1042 1 15.034700 5.073460 14.643800 
1911 2 17.403500 11.875000 15.068800 
1955 2 15.692500 3.505140 14.821000 
844 2 15.252800 3.504930 16.504500 
1851 2 25.146600 3.212560 26.276900 
1580 2 24.118000 4.014960 24.192000 
303 2 21.987200 8.234920 22.927400 
78 1 23.826100 4.592160 14.774500 
896 2 24.180800 3.078140 14.341800 
548 2 25.221500 7.974290 21.989900 
1866 1 21.853300 7.176460 15.995000 
257 1 21.932900 3.535890 22.723600 
1542 1 19.529900 3.750780 22.539600 
1266 1 17.225200 10.848300 16.147000 
1228 2 18.236100 12.226300 14.246700 
1375 2 18.584500 0.638587 17.554900 
1596 2 18.123500 12.838800 22.534900 
1490 1 13.662700 3.497120 20.359900 
141 1 22.918500 8.210820 25.787700 
335 2 17.067700 2.343560 13.616100 
1072 2 24.627800 10.446300 13.836900 
1773 1 21.018400 11.606600 16.336500 
774 1 15.420000 2.678080 23.941400 
59 2 14.900300 9.433110 13.638200 
181 1 19.561900 0.927254 22.984400 
1771 2 17.235700 11.935000 19.849600 
870 1 17.324300 3.647950 23.447600 
1869 1 16.379500 12.118800 19.997800 
1492 2 26.137100 2.718620 23.819400 
1342 1 13.563000 10.005500 24.164700 
162 1 24.353200 0.453080 15.930300 
1704 2 19.661600 2.629120 24.407400 
288 2 14.786400 2.842760 23.885300 
1986 1 16.240500 3.300900 17.666600 
913 1 19.078000 6.284420 15.099400 
1758 1 14.979900 4.283610 22.523600 
103 2 25.916600 0.781105 18.626800 
1037 1 25.746600 12.096100 18.694500 
1201 1 21.273000 7.441090 19.756300 
588 2 24.401800 0.869995 21.049600 
1094 1 23.629500 10.326600 13.460200 
832 2 26.380700 12.473200 20.044800 
799 2 24.310400 7.978060 26.073400 
1562 1 18.999700 1.817220 14.410300 
129 1 24.831800 8.674450 17.806000 
962 1 24.006200 11.421100 26.487900 
1096 2 23.706200 4.758990 15.570300 
917 1 22.898600 2.733520 19.911000 
484 2 15.574100 4.489790 22.178600 
205 1 17.098100 3.501400 14.848500 
1456 2 22.979300 9.020190 24.754300 
56 2 23.746500 11.963700 20.317800 
1538 1 23.306700 3.285620 15.662800 
1192 2 22.697300 0.899604 15.243600 
1090 1 23.752500 3.721600 22.828800 
1976 2 19.922500 8.674150 24.571000 
1558 1 25.793100 12.193600 22.475700 
1113 1 21.666900 2.490420 26.124000 
139 2 14.013600 12.320400 18.601300 
1261 1 22.604200 10.595300 19.800400 
1244 2 15.836100 10.139900 22.183900 
849 1 16.075900 9.633590 24.292000 
243 2 16.840300 8.695420 13.625200 
1828 2 17.884400 2.455830 15.568200 
359 2 14.558700 8.248840 16.771100 
1125 1 21.851700 12.239200 18.012300 
828 2 24.653300 9.652570 22.764300 
30 1 25.320300 6.314750 17.795300 
147 2 20.862300 3.437050 19.623600 
582 1 24.618900 11.369500 15.569500 
1111 2 20.711800 1.518670 17.657700 
197 1 21.686200 0.937547 14.885000 
1460 2 25.405400 8.267620 18.052300 
1270 1 13.516300 4.375490 26.002600 
287 2 15.247000 1.457710 17.995400 
297 1 21.456800 13.146000 22.305000 
258 1 19.581600 11.984400 21.960300 
318 1 20.836400 9.238360 15.444800 
240 2 21.141200 8.036650 20.498400 
47 2 20.343600 7.432600 26.179500 
683 2 18.233600 5.713690 16.629300 
183 2 18.411700 11.066700 25.624300 
1257 1 23.254100 5.824090 20.675500 
875 2 15.965700 1.682760 24.827200 
1597 1 14.351800 0.082065 16.058900 
524 2 15.831300 8.291420 19.203200 
1486 1 18.015900 6.128270 25.934600 
135 2 18.502300 7.907810 18.668500 
153 1 24.334600 0.797421 21.167000 
725 1 21.294000 13.205700 24.133500 
1310 1 13.394600 13.228600 19.200400 
1498 1 14.589400 0.151787 22.932400 
951 2 24.336900 10.407500 13.512600 
1366 1 24.623200 9.869460 13.348800 
1990 1 24.712400 7.064020 26.402700 
1474 1 13.847300 2.837410 26.008100 
136 2 16.816800 22.362000 5.654960 
463 2 22.692100 16.852700 10.208400 
1570 1 24.952500 26.198900 9.150710 
554 1 16.605200 16.012300 9.475300 
1463 2 14.532500 19.076100 11.807100 
1661 1 25.930900 15.793500 2.430630 
654 1 21.247600 16.656300 11.171600 
1979 2 25.154300 15.651700 2.122340 
426 1 19.774800 18.773900 6.459570 
1660 2 19.948400 17.620900 13.219200 
1071 2 23.543600 16.599100 10.528200 
1216 2 18.613800 19.118400 8.892490 
130 1 19.088400 23.250200 9.489440 
1647 2 23.288200 14.516000 0.697561 
1980 2 19.729700 25.127200 13.162700 
204 2 20.720400 22.843600 1.512220 
701 1 15.486900 26.075100 2.871180 
179 2 25.330200 17.688000 6.114530 
982 1 24.144700 23.662100 2.703940 
450 1 16.510700 17.147400 11.463500 
160 2 25.036300 26.254900 3.478470 
1126 1 20.271500 13.716100 10.091800 
960 2 18.002700 14.520700 0.919689 
854 1 20.171600 14.716800 7.051120 
1388 2 23.033900 24.029800 9.424500 
123 2 23.941100 24.206500 5.241880 
1007 2 21.585400 22.197000 9.802300 
1891 2 19.787300 13.716300 9.630810 
1032 2 19.399900 20.748300 3.706700 
708 2 23.087900 21.697900 0.419482 
626 1 16.652500 23.607300 6.301810 
81 1 15.902700 19.503700 12.261700 
1606 1 20.282500 25.899200 5.766550 
1067 2 15.002900 14.761900 1.364830 
1837 1 22.337000 18.090900 7.490200 
1642 1 13.636300 14.975200 7.248200 
1276 2 21.036800 22.297100 12.099400 
1226 1 22.348100 22.460000 9.942550 
1646 1 20.113400 21.506000 10.395300 
687 2 18.685000 16.606100 0.936867 
246 1 14.369500 22.899700 5.351290 
743 2 19.992200 21.376900 5.997010 
453 1 22.938700 22.159200 2.404360 
445 1 22.090800 18.040100 9.461320 
1006 1 20.919700 23.173800 12.076600 
1198 1 21.609000 24.906000 0.844577 
233 1 13.301400 24.157100 0.884999 
705 1 24.998100 24.559200 2.650160 
1319 2 16.363100 18.439700 11.494900 
625 1 24.084800 24.262700 6.553750 
121 1 13.811800 17.805100 4.724370 
901 1 17.397500 14.892300 1.233250 
1817 1 18.380500 15.487700 2.245190 
1632 2 24.605100 14.355700 1.892000 
1044 2 14.628300 26.364900 9.030330 
200 2 22.862000 18.936000 4.693740 
1200 2 17.116400 14.823400 3.508770 
1815 2 18.512100 20.409200 11.649500 
1676 2 25.495700 18.184000 3.240660 
1167 2 23.896700 25.714000 7.814190 
1909 1 23.758300 16.751500 4.115400 
1429 1 22.281600 16.242300 4.913130 
1321 1 24.701900 14.964100 8.860250 
195 2 15.427400 24.219100 3.013050 
734 1 18.917900 19.104700 1.320740 
1330 1 18.296300 20.241100 7.425550 
1139 2 23.899900 21.670600 8.306710 
623 2 21.727800 15.655300 1.104290 
48 2 21.533600 18.255200 5.859110 
1183 2 15.708300 19.268800 1.907850 
679 2 16.284800 15.588500 8.956940 
461 1 13.935800 18.092800 0.991136 
865 1 24.205200 19.152500 9.621450 
606 1 21.270000 26.268600 3.067480 
1140 2 18.083900 26.019100 0.315319 
805 1 24.751300 17.715000 12.463900 
1190 1 20.704300 21.275700 3.678560 
1695 2 24.717200 13.981200 11.837700 
383 2 20.356000 23.949400 11.201900 
41 1 23.464500 19.946900 1.485050 
1252 2 17.178500 15.184700 9.865600 
1619 2 22.567200 18.595800 2.817550 
511 2 14.400500 17.958900 0.434774 
612 2 18.333700 16.918800 11.202100 
347 2 21.134500 23.143800 2.432980 
1643 2 16.898300 16.931000 12.499000 
1208 2 14.185400 19.075400 1.054430 
552 2 23.676200 15.785600 8.224850 
202 1 26.107400 16.330200 11.911100 
151 2 17.711000 24.405500 4.427020 
1472 2 16.097600 26.319500 6.172760 
956 2 22.716900 21.175100 2.048230 
1534 1 22.882500 23.302600 10.886000 
834 1 17.690200 22.581600 11.448700 
378 1 18.513700 24.072200 7.238490 
802 1 14.996800 21.493700 2.556060 
1970 1 18.414200 23.346800 2.586780 
1946 1 26.171500 22.751800 7.332810 
1582 1 13.842300 19.667400 6.777210 
1824 2 16.753500 17.127900 2.396830 
1868 2 17.372100 20.590400 10.501000 
1107 2 26.103100 17.750400 7.413310 
1052 2 25.283000 18.717000 5.883340 
1621 1 15.163300 16.050000 3.806930 
1861 1 23.447500 14.707700 7.753440 
968 2 24.517900 19.846000 2.742890 
1333 1 17.992100 24.656200 5.248280 
254 1 25.626800 13.322600 7.371060 
403 2 24.580800 14.365500 5.018980 
333 1 20.848100 17.971100 13.248700 
733 1 17.598000 15.292500 5.511820 
1356 2 21.563400 23.145300 7.598920 
1917 1 18.672000 16.048500 10.979800 
1552 2 15.911500 19.909600 3.960080 
1232 2 24.478800 15.785400 11.792200 
1751 2 14.460100 25.893300 12.737000 
482 1 19.343600 22.170100 6.580960 
1480 2 26.293500 24.488700 3.459310 
513 1 21.509300 15.226000 8.191060 
483 2 20.224600 20.725200 9.603310 
1467 2 14.206100 21.719300 5.747860 
598 1 14.372800 23.495900 9.982250 
704 2 13.430700 19.122600 4.445580 
1768 2 16.025900 23.049100 5.555400 
301 1 14.806200 23.727100 4.715930 
114 1 21.066900 13.510900 5.072520 
115 2 19.793700 22.040700 2.213530 
306 1 19.969000 24.594700 11.777300 
1790 1 23.700300 20.927400 8.470350 
1879 2 19.884300 21.565300 7.313840 
1015 2 18.375300 23.730000 10.388600 
745 1 16.390600 19.076700 2.874580 
1373 1 19.002500 19.124500 11.236300 
270 1 15.966200 21.559500 4.388320 
1053 1 24.137800 23.976700 4.738610 
278 1 16.005000 17.140400 2.170910 
843 2 15.408900 25.992000 0.671772 
231 2 23.792000 15.247300 8.062230 
1777 1 26.479300 21.429500 1.676000 
190 1 19.019200 21.506900 11.011800 
1377 1 23.420200 14.360000 0.463759 
1703 2 17.166400 13.749400 5.875040 
1177 1 21.395000 22.357300 0.642416 
1131 2 19.985600 25.277600 2.369860 
418 1 25.095700 14.792900 0.842268 
1362 1 18.782600 21.199100 13.153400 
1547 2 14.415600 22.806200 4.656800 
245 1 25.259900 14.042000 10.754100 
1604 2 14.490900 21.241800 9.067570 
73 1 24.445800 25.265800 5.138480 
122 1 26.275100 20.432400 7.458300 
1737 1 18.340100 14.586800 11.976200 
380 2 20.619100 16.458200 9.388900 
1756 2 14.328100 20.768500 3.563770 
1304 2 26.170900 14.362600 4.451040 
536 2 20.882000 18.022800 3.752410 
462 1 16.508200 15.703100 8.123210 
1590 1 23.340900 16.204500 7.567110 
1785 1 26.319300 15.476800 5.149840 
1912 2 26.233700 21.188800 3.711740 
1132 2 15.908000 18.145000 7.932730 
433 1 23.833400 25.901100 11.407700 
273 1 25.786800 23.754400 9.401000 
1635 2 24.111100 25.616700 10.269500 
833 1 20.298100 21.140100 1.807780 
1550 1 15.960500 18.222900 0.243821 
880 2 18.028200 14.033500 12.720300 
996 2 24.334300 25.581200 6.053100 
894 1 16.682600 14.020000 10.177100 
373 1 18.542000 23.960900 10.302700 
89 1 20.247600 13.410700 3.226180 
1278 1 20.437100 17.321900 7.995960 
1206 1 23.296800 20.799600 6.069280 
663 2 20.369600 15.003400 7.164400 
1045 1 14.712100 16.418200 9.979300 
124 2 19.749600 23.876900 7.209810 
1813 1 25.092400 19.323300 4.255510 
1678 1 16.746900 24.342300 9.275700 
520 2 19.014900 19.314500 1.214030 
1142 1 22.632000 25.036200 9.091050 
1215 2 24.632200 21.302400 1.996830 
410 1 23.807900 23.310300 7.087060 
661 1 15.330600 18.449900 0.465200 
741 1 14.078700 25.391600 12.986600 
175 2 23.546100 21.820600 4.799120 
583 2 13.555300 14.980900 6.294640 
1919 2 14.988800 17.103600 4.091540 
928 2 17.321300 22.211500 9.460880 
1078 1 13.991400 25.686400 8.522360 
1796 2 23.875500 15.449000 5.230200 
502 1 20.553700 20.094500 6.231030 
173 1 23.904400 25.017800 9.064770 
43 2 14.163200 19.848900 7.553720 
997 1 23.771300 16.619600 10.963600 
28 2 20.357700 23.227200 10.434300 
165 1 13.946300 21.895500 8.198390 
84 2 14.902600 23.499700 8.839730 
1699 2 23.281400 19.991300 11.506600 
1666 1 17.711900 21.271000 3.760830 
497 1 19.693500 20.841900 3.911790 
268 2 24.571100 18.265500 11.799200 
1951 2 17.590400 23.655200 6.485070 
1241 1 22.146700 19.178800 2.716660 
1465 1 13.362200 19.999600 1.812030 
1338 1 15.073700 15.086400 5.327550 
1340 2 24.555900 25.915600 7.451970 
1755 2 17.899100 17.788000 6.114870 
1967 2 24.584500 14.847600 2.065750 
1068 2 26.403700 15.245600 3.423380 
414 1 23.537900 15.000500 1.834480 
820 2 21.729700 13.966000 8.190300 
1743 2 13.954900 23.448900 9.613180 
929 1 15.813500 24.043700 1.238880 
1757 1 19.424000 17.162000 4.207030 
1748 2 23.494800 25.676000 11.874700 
541 1 16.497400 21.959200 7.004820 
1367 2 19.527700 21.324600 7.691770 
1564 2 13.828600 25.105000 5.420330 
348 2 26.085000 14.972000 8.322630 
1553 1 25.186900 20.861300 1.568570 
1962 1 13.561700 23.001300 12.835800 
1762 1 16.909300 18.080700 5.228170 
952 2 15.901800 18.146000 5.270230 
219 2 20.776400 19.429600 6.306690 
885 1 13.967900 20.968900 4.620710 
1451 2 16.861600 15.086900 4.333230 
690 1 17.535700 18.781100 8.608400 
486 1 24.753500 14.091400 4.998010 
1686 1 15.514800 14.898000 1.955670 
1810 1 24.244600 15.951600 5.905670 
1780 2 25.128600 14.032100 11.542500 
492 2 22.251200 15.254400 10.854500 
581 1 19.127700 25.542500 0.375591 
987 2 23.677300 24.448900 13.160700 
1871 2 22.293700 13.496000 3.248310 
1923 2 19.091900 23.489400 0.094084 
1100 2 24.548100 14.433200 24.224700 
1130 1 22.326900 25.464500 20.906200 
1277 1 15.096600 17.466700 16.618500 
8 2 21.275700 14.339800 16.209800 
1766 1 20.134000 15.173100 23.268400 
1904 2 17.196600 22.521100 16.864400 
575 2 20.178400 26.418200 14.316600 
1088 2 15.068500 16.724800 18.092900 
432 2 18.627900 17.883400 18.415000 
1994 1 17.002800 24.769100 18.018800 
1927 2 15.713000 18.544600 25.213700 
1353 1 26.434800 15.221900 23.587200 
1296 2 13.387900 21.332700 16.078300 
584 2 24.601300 15.607200 16.018500 
664 2 17.629600 24.275700 25.430300 
39 2 14.527600 14.029200 20.552300 
1039 2 17.542300 20.563700 19.453900 
1753 1 17.422600 13.521100 15.267500 
1989 1 23.068200 19.109700 23.350200 
213 1 22.088600 17.382300 25.820100 
641 1 24.882300 19.195300 21.612000 
531 2 24.913800 20.720600 14.828900 
1496 2 16.208400 23.586800 21.498600 
424 2 22.066300 22.955100 23.095900 
835 2 13.737700 20.784200 23.618200 
574 1 14.864600 21.706000 25.861500 
587 2 22.016300 15.485800 19.279600 
689 1 24.343200 26.169500 14.362900 
974 1 18.796700 19.154200 22.648900 
142 1 24.955100 21.666500 18.556200 
215 2 23.958200 22.463700 23.859500 
1143 2 20.705900 13.708600 22.334800 
1788 2 16.119100 19.522900 25.865700 
294 1 13.837400 25.440000 17.367200 
1458 1 22.935500 18.478200 14.464100 
872 2 23.207000 23.490200 14.521400 
1870 1 23.420800 15.892600 15.298200 
1641 1 23.140900 14.495900 14.710200 
967 2 17.959700 25.383300 23.474400 
351 2 14.740800 23.972800 14.128600 
46 1 18.944300 17.480600 22.551800 
127 2 24.552700 16.349600 21.035600 
897 1 22.360800 22.847600 23.682500 
1524 2 13.693000 16.851100 22.432100 
992 2 18.530400 15.094200 18.827000 
1250 1 24.968800 13.967600 24.241200 
1554 1 13.515100 21.595200 17.989900 
1025 1 25.651400 17.142400 24.996800 
590 1 22.357800 15.269700 20.116600 
845 1 15.813100 17.189900 22.095100 
323 2 22.994800 16.557600 23.818000 
404 2 20.861600 21.317600 21.747300 
732 2 20.206000 16.577900 17.948600 
1572 2 14.782600 19.557600 23.266500 
313 1 18.009000 23.702600 21.853100 
53 1 16.211800 25.811700 13.557800 
242 1 23.752800 13.527800 25.702500 
116 2 16.259400 24.919000 19.145900 
1675 2 13.416000 21.489500 26.277300 
1494 1 16.977100 19.594400 25.629100 
1193 1 14.389400 17.544500 19.615700 
1739 2 16.854700 17.558200 22.981700 
508 2 18.809800 18.829300 14.094500 
1239 2 25.608800 16.798700 24.896600 
1525 1 15.415100 25.458200 20.812000 
1361 1 14.392900 15.952800 18.846000 
1487 2 22.207100 17.160400 17.029800 
1581 1 17.267600 20.442200 18.728600 
189 1 16.706600 15.694200 24.127300 
267 2 24.558000 13.308500 25.532100 
1645 1 23.859100 22.378600 14.805400 
1092 2 17.329900 20.354300 15.714400 
1149 1 18.082100 26.266700 16.045000 
23 2 24.752000 21.570500 25.301900 
1679 2 24.794300 18.511600 18.620100 
1087 2 19.749400 24.286200 14.388200 
434 1 26.508000 21.775200 23.000300 
1844 2 26.393700 21.593700 23.158600 
1305 1 16.621000 23.948100 19.855000 
54 1 20.297300 17.706800 22.108700 
648 2 23.088600 17.154400 24.409900 
1569 1 20.626900 21.292400 18.484200 
1648 2 15.158700 19.488200 19.420000 
38 1 25.183000 15.595500 21.902100 
137 1 24.453000 22.933200 17.431700 
1386 1 21.109300 14.560000 19.002100 
613 1 19.657200 13.966500 25.232800 
1065 1 23.726200 24.416600 24.609400 
1932 2 23.745400 22.527400 19.124100 
295 2 18.681100 24.530700 20.460600 
1442 1 25.319000 21.696700 22.063900 
1351 2 23.735300 13.967800 25.258100 
319 2 25.455200 23.034800 13.751300 
428 2 20.421400 22.621800 17.786500 
1255 2 13.998800 26.056100 16.447900 
706 1 22.878500 24.234600 15.621000 
1272 2 26.007900 19.743600 23.425500 
545 1 16.218000 14.741100 15.921000 
411 2 20.994500 22.550100 18.407000 
1299 2 15.724500 22.493000 23.369100 
332 2 22.168400 15.118100 18.895700 
1956 2 25.030800 15.598300 14.772600 
645 1 14.093400 14.592100 23.941300 
26 1 16.194900 19.385000 18.308700 
735 2 22.611200 17.016700 14.416500 
214 1 15.850100 14.912800 18.434600 
1563 2 17.297200 14.937700 13.960400 
1427 2 26.477400 24.092400 15.633100 
980 2 18.819400 23.515800 18.155700 
842 1 14.208700 23.286600 24.545400 
87 2 19.122300 17.773700 19.058800 
266 1 22.179000 25.228000 18.162400 
884 2 13.220200 16.265400 13.861800 
756 2 19.963100 15.449700 25.282200 
1160 2 13.560400 17.044200 20.740100 
226 1 21.253900 21.907600 20.205000 
906 1 20.829700 14.806800 22.379200 
29 1 19.187100 24.448400 14.645500 
1103 2 20.585700 21.262900 24.287100 
698 1 18.915700 15.296600 18.268300 
599 2 21.998500 24.970100 17.581200 
1982 1 21.301800 21.480200 16.776200 
230 1 17.875500 19.815900 13.835400 
1960 2 13.403500 26.078400 15.260500 
398 1 24.977100 23.227500 23.884700 
1056 2 25.772100 25.838500 18.433600 
476 2 20.569400 20.018800 25.261400 
406 1 14.411700 19.609300 15.122500 
1222 1 19.053600 17.440500 15.601700 
1426 1 23.630500 19.510900 19.976700 
1670 1 25.979800 25.584300 17.776900 
429 1 19.504000 24.400800 19.374600 
260 2 21.830000 15.382600 13.683600 
1408 2 21.608500 19.097400 16.736300 
1600 2 13.693200 23.977500 25.890500 
532 2 15.986900 23.956600 13.763400 
1527 2 20.078000 15.559400 24.352300 
853 1 18.505500 14.307300 21.821600 
22 1 20.803700 14.401600 17.936700 
919 2 16.931400 17.395300 17.802500 
1611 2 23.022300 24.792900 25.280200 
1738 1 21.365000 23.530400 22.634600 
1221 1 22.219200 19.182000 16.494800 
904 2 26.502400 16.957900 18.329900 
655 2 23.469800 16.306700 15.063100 
1759 2 20.094700 20.258500 22.854400 
644 2 25.792300 22.336800 23.268800 
361 1 18.387200 19.813900 20.045400 
298 1 15.931300 18.823400 25.210300 
1502 1 20.138700 25.011600 13.332200 
1327 2 16.669300 14.550700 17.087000 
1212 2 21.422300 21.559600 19.092800 
959 2 15.646000 23.146100 13.380500 
1895 2 16.352300 13.483100 23.375400 
926 1 22.773800 18.657100 21.322400 
973 1 23.853300 21.914200 25.318500 
1387 2 20.909300 22.531000 20.137200 
534 1 17.196700 26.368400 21.201700 
208 2 19.988300 17.345300 22.524100 
1391 2 16.473000 16.980100 16.565500 
1863 2 14.124900 17.502600 20.623300 
918 1 15.868100 23.156200 16.014100 
1709 1 19.063400 17.359100 19.731400 
656 2 16.035500 18.049700 26.527500 
1170 1 19.090500 23.578700 25.760800 
1179 2 16.140900 25.540800 21.435300 
1336 2 20.303900 15.047100 23.281000 
955 2 20.368700 14.623500 17.294400 
50 1 20.760100 19.170000 19.087300 
562 1 24.068300 17.438000 25.884000 
622 1 13.500100 16.990400 20.981100 
1713 1 21.044700 25.222800 24.841500 
932 2 17.649200 17.769600 23.387300 
138 1 17.034500 17.324300 13.630000 
533 1 20.010200 14.739400 16.184600 
908 2 24.419000 24.052800 25.148800 
1577 1 17.819700 20.360000 23.187700 
1110 1 15.584600 23.789200 22.754600 
187 2 22.461100 19.216200 19.691200 
300 2 19.959000 16.226700 25.098400 
727 2 26.075500 22.437400 23.735500 
1902 1 17.327500 26.313400 25.128400 
1662 1 17.561200 17.194300 15.085100 
286 1 19.594000 16.071200 18.320800 
1669 1 21.355700 18.777500 15.886100 
746 1 13.574000 18.015000 23.436900 
1609 1 24.824800 16.193800 19.721500 
659 2 19.249900 14.366800 25.973700 
168 2 23.818900 20.818100 14.046300 
1509 1 18.160600 13.772500 20.110700 
902 1 26.344800 15.074800 20.552500 
1419 2 18.932600 21.571100 14.659500 
1431 2 21.325000 23.938800 16.186500 
1443 2 25.118600 22.682200 18.080700 
886 1 22.168100 16.567300 23.852500 
782 1 14.656300 19.977700 20.149300 
1972 2 23.334400 15.379300 24.550900 
788 2 15.218100 16.580900 13.406300 
1588 2 13.983000 15.090100 22.629300 
1153 1 20.362200 21.253300 24.670500 
1403 2 18.610900 20.461600 16.628100 
665 1 23.685800 13.512900 18.798700 
1804 2 18.606400 24.357700 22.350800 
647 2 15.662600 23.966400 18.666100 
717 1 25.363200 18.251300 16.738500 
1301 1 25.986800 22.434200 19.317700 
1905 1 22.066500 15.839200 15.846300 
1889 1 18.062400 22.171500 15.986400 
19 2 24.196800 14.224200 22.507700 
1247 2 24.543700 23.005300 19.718100 
1973 1 18.672400 20.799100 18.620800 
1470 1 23.501400 25.415800 13.282400 
770 1 22.049900 15.115800 25.928100 
1358 1 20.650900 14.275900 14.143100 
1586 1 15.910700 22.603800 22.233500 
530 1 20.173400 15.908700 25.235200 
1745 1 23.301100 23.555700 18.470500 
1887 2 20.242700 18.799000 14.759200 
477 1 15.396500 14.556600 13.522400 
514 1 15.053500 21.884100 15.622200 
852 2 21.603200 19.480600 20.995000 
1684 2 26.208700 17.683600 25.909800 
36 2 22.370500 25.082900 16.187800 
729 1 17.397900 23.569000 18.166700 
1865 1 19.192600 22.111500 19.190800 
1764 2 15.431400 24.701500 22.073200 
1849 1 18.880300 21.396200 14.685200 
544 2 13.895300 14.248000 17.009500 
1659 2 21.752000 26.415800 25.216400 
808 2 23.411400 20.004300 15.167400 
316 2 16.289100 19.343700 16.506600 
1204 2 19.077600 20.990900 19.081400 
1592 2 14.505000 19.766300 13.872500 
1309 1 24.752000 15.916900 14.267800 
322 1 23.660600 23.589000 19.924100 
1026 1 16.341500 18.030300 17.221200 
1877 1 21.261500 21.553600 21.691800 
568 2 18.685600 25.371600 16.347800 
1325 1 16.890800 16.403000 16.995900 
779 2 18.090900 14.319100 20.637500 
1969 1 14.023600 19.814700 24.215500 
1892 2 22.972800 18.508300 21.446300 
363 2 13.576000 21.918900 21.181900 
961 1 21.792800 26.046200 16.385200 
1529 1 21.824100 19.958200 13.833700 
1705 1 14.501300 23.075700 14.538100 
867 2 14.666600 19.292000 15.922300 
1722 1 24.656300 20.875500 15.028500 
1518 1 19.195700 26.100000 17.869500 
108 2 13.345300 24.122100 20.950300 
1245 1 18.635300 26.315600 14.367200 
670 1 13.876900 17.768900 13.901700 
1398 1 14.468500 15.794500 14.803500 
1173 1 22.788600 24.109400 25.903600 
1432 2 25.159300 25.801400 14.085500 
259 2 19.796500 14.408600 13.958800 
1049 1 13.857900 14.392900 21.866800 
1625 1 18.170400 13.557800 13.339200 
203 2 25.656100 26.425100 25.823700 
891 2 14.645200 26.011900 22.100500 
900 2 16.300400 13.651000 17.441900 
344 2 14.869400 26.452700 17.039400 
772 2 22.035500 25.433600 26.296100 
481 1 19.554400 17.433300 26.486200 
