id type x y z 
650 1 11.529000 13.207300 3.302030 
1523 2 10.450400 3.015490 2.352070 
1148 2 9.964720 2.706220 4.594350 
403 2 3.450270 5.142870 3.928340 
1210 1 6.195090 6.933100 8.229820 
1219 2 9.960410 6.180980 8.474760 
600 2 8.057950 6.171930 9.870350 
850 1 2.885010 1.510250 4.060210 
405 1 3.667370 12.211300 5.890780 
1550 1 3.339560 0.902500 13.007200 
345 1 6.837850 11.829900 9.535000 
1896 2 4.681950 4.456930 10.879000 
501 1 1.226070 7.129170 6.161090 
386 1 8.734790 5.931440 9.065400 
1587 2 3.015010 7.129130 12.369600 
1699 2 8.716210 8.955080 9.133860 
871 2 10.825100 3.091560 4.408520 
1232 2 4.269100 11.940000 6.914730 
1661 1 0.468454 9.223850 7.445360 
1732 2 0.876890 8.007080 1.222180 
1729 1 0.629314 4.553530 11.483300 
48 2 9.406670 4.133580 10.023900 
1612 2 0.232794 12.617700 10.147700 
136 2 4.942770 13.302700 12.830800 
1499 2 4.132100 8.740860 8.775440 
150 1 4.739750 1.225910 0.443768 
195 2 1.580530 5.155050 10.728600 
434 1 4.333280 12.105500 8.774050 
391 2 7.226870 13.109800 0.301195 
1298 1 12.139400 12.972900 12.083100 
824 2 4.539830 1.925650 7.423390 
147 2 0.962408 1.045220 1.482850 
1015 2 5.589460 5.768130 11.117500 
761 1 1.098320 5.614230 8.937590 
105 1 4.902720 1.963910 2.908970 
1700 2 0.397127 2.587140 6.330380 
1833 1 11.486700 10.954100 0.562673 
1314 1 7.959420 12.836900 5.351280 
1786 1 6.222350 6.186110 11.011700 
359 2 4.738080 3.441410 0.325305 
1387 2 4.103140 1.961660 8.917870 
1188 2 12.632100 2.766450 0.182353 
1088 2 10.620600 11.465400 3.886010 
446 1 12.573200 0.195563 3.387130 
1496 2 6.358230 3.874500 5.378560 
581 1 6.208840 13.107100 1.940030 
57 1 10.300700 2.376540 1.934520 
1858 1 4.559250 7.437000 4.747320 
1981 1 1.794600 6.099150 -0.027499 
1532 2 11.448800 3.731060 10.314300 
940 2 3.709540 3.023590 1.577740 
1548 2 6.942500 5.922740 8.091200 
1817 1 2.955460 4.097100 1.135950 
140 2 6.333130 3.638060 12.275100 
546 1 9.732990 11.457100 2.944830 
1349 1 0.515846 10.526100 0.741257 
1398 1 0.677662 0.456320 10.021000 
1527 2 10.341300 1.826220 1.206430 
1042 1 10.779000 7.859010 5.473620 
1037 1 7.909670 11.520600 12.174700 
1164 2 1.562110 2.731370 3.489090 
1779 2 3.315440 1.441850 12.338900 
846 1 7.491530 11.077400 7.363150 
248 2 7.796440 12.140700 3.898990 
1107 2 7.650210 7.540820 4.448810 
419 2 5.144380 0.860808 12.578400 
1601 1 4.491330 3.076490 7.910660 
1504 2 10.426400 11.651400 2.706910 
98 1 12.676200 7.861900 1.262210 
1928 2 3.477330 10.447600 5.268020 
997 1 2.048060 0.520733 5.752430 
1730 1 9.156990 2.472400 3.949330 
350 1 4.106650 7.045870 6.657840 
285 1 10.830100 8.613820 3.684170 
277 1 10.531500 11.323500 7.574550 
1854 1 13.039900 12.313700 10.255800 
480 2 5.554330 1.621510 6.331450 
1915 2 6.967950 11.192900 1.012100 
931 2 10.828500 9.509020 13.345900 
239 2 1.376960 5.516660 6.368210 
440 2 7.221050 10.621800 10.145700 
1630 1 10.391200 4.153920 3.061400 
554 1 3.160430 0.045715 9.626250 
1648 2 8.012200 5.538390 5.633470 
1905 1 1.390590 7.708970 3.105680 
459 2 3.374420 10.349300 0.976615 
451 2 2.526090 7.895190 11.498200 
1990 1 9.120730 10.861800 0.028357 
1305 1 4.466280 8.882110 12.145000 
1198 1 7.100550 1.049140 5.971650 
1943 2 7.203130 10.166900 7.643730 
114 1 13.187200 8.803650 9.860850 
1100 2 10.808600 1.616210 5.390630 
164 2 7.348030 3.953050 0.427696 
1429 1 3.339730 2.997170 6.256000 
1911 2 7.084470 10.722100 12.738600 
488 2 9.416490 0.666696 0.456607 
1678 1 12.094300 0.486810 0.170538 
371 2 7.936170 9.948410 11.241200 
879 2 3.502670 3.890650 6.383870 
385 1 10.640400 3.972190 6.449160 
1080 2 1.956950 11.345800 2.923980 
394 1 4.386670 11.399400 3.253420 
658 1 10.305000 3.591320 10.238500 
1242 1 10.102400 13.150900 11.147700 
66 1 12.810400 8.307250 3.269630 
1294 1 2.877050 3.711680 12.871700 
1492 2 5.984970 7.561830 12.904000 
259 2 1.164940 10.088700 8.858740 
916 2 11.129800 2.714440 12.994300 
936 2 0.642037 4.158510 3.665610 
80 2 12.830400 3.183750 7.712220 
1793 1 6.422810 9.995300 10.430200 
221 1 6.016920 0.003139 11.508000 
1656 2 7.360370 11.550100 6.586800 
1526 1 0.373141 6.235440 7.793070 
1358 1 1.930420 8.194890 13.273100 
497 1 10.056100 8.669420 7.695090 
1570 1 7.873690 10.084600 10.686300 
1046 1 3.859800 1.986270 11.039700 
1082 1 13.169500 6.048330 1.308380 
610 1 6.274880 7.462020 3.446250 
1628 2 4.845880 8.435970 1.720050 
1755 2 9.258270 10.529900 3.828850 
833 1 1.964100 3.969080 3.101360 
1597 1 12.767600 12.163400 6.514640 
325 1 6.346660 9.288790 3.849370 
1508 2 10.921800 11.479700 11.214600 
1292 2 7.019750 7.082310 0.056273 
1748 2 9.874830 0.667584 7.860420 
942 1 0.494241 1.998570 6.535990 
30 1 1.007260 10.105000 8.712620 
264 2 10.735400 5.274230 6.926450 
736 2 12.332400 6.265480 3.688910 
1547 2 11.511700 11.515200 11.442800 
309 1 9.996850 5.377690 7.554960 
1788 2 13.010100 3.771150 8.983090 
454 1 4.761110 4.309470 0.217732 
1138 1 5.453710 4.371870 12.271800 
237 1 3.758220 9.110900 5.939770 
1271 2 11.356700 8.049420 10.815000 
1389 1 11.329100 11.290400 10.001700 
1434 1 4.668950 11.504900 7.136470 
1975 2 6.792160 8.658220 2.838900 
1724 2 5.544190 8.481870 10.035100 
622 1 9.742320 12.894500 7.296580 
1647 2 11.303400 8.306970 3.711870 
1556 2 7.039390 8.128380 5.188220 
978 1 4.670580 9.112920 1.849680 
1281 1 10.861000 8.747760 11.287800 
1778 1 12.508000 0.502378 9.873240 
504 2 13.186600 6.626410 12.690100 
223 2 4.669590 9.015390 3.795890 
1200 2 1.326200 7.324630 9.614190 
502 1 2.241440 13.121800 3.952850 
1701 1 4.815280 9.487880 8.021240 
647 2 10.126000 4.641520 0.879464 
457 1 12.094000 8.115940 7.565500 
1887 2 11.981300 3.710250 9.593620 
499 2 2.519210 12.619700 3.402740 
1081 1 9.269390 3.770450 12.025800 
945 1 9.991200 2.904890 8.622520 
110 1 7.277880 4.424940 7.389190 
1904 2 8.193100 6.058730 3.572300 
505 1 9.835450 6.844680 5.898190 
1728 2 9.404370 8.254380 0.956225 
1919 2 1.058780 0.299217 5.282780 
598 1 8.008370 5.367670 10.810700 
892 2 12.649800 8.806580 1.072670 
113 1 6.767430 8.921970 2.405930 
429 1 7.227060 11.838100 3.912860 
1451 2 13.199400 12.172200 10.534700 
927 2 2.442490 8.208530 5.495870 
788 2 0.400239 11.179300 8.246970 
1913 1 11.897600 3.987800 9.365540 
1205 1 2.066980 6.985680 1.392410 
553 1 7.661550 2.797790 9.584830 
909 1 6.758370 8.117320 1.269800 
1641 1 2.193190 2.398250 8.422680 
1004 2 4.272630 6.622370 6.625680 
1939 2 5.187110 10.904600 6.751830 
867 2 6.422850 3.989890 6.854890 
1114 1 6.407630 6.523900 9.480450 
938 1 3.999380 1.194560 12.324700 
679 2 7.335780 1.895620 6.250640 
1997 1 10.177400 5.758560 11.396300 
273 1 8.144990 7.264580 6.775990 
13 1 12.910200 11.048800 5.601690 
1133 1 12.738500 8.270200 11.510400 
1410 1 8.251850 0.727723 13.036300 
1009 1 6.414550 8.140820 5.754340 
155 2 8.004550 7.156400 12.636200 
287 2 9.264960 3.135450 9.584180 
1495 2 9.023680 0.342758 0.905777 
378 1 9.890230 10.493300 5.560210 
97 1 9.769390 6.725500 1.716480 
482 1 -0.025922 10.402200 6.417520 
1572 2 1.108140 8.873400 8.683200 
1745 1 0.267581 2.761820 5.025000 
1969 1 3.662440 5.259920 6.571030 
866 1 9.865120 2.263210 0.387645 
1098 1 6.260970 4.085850 5.184850 
822 1 3.599920 12.644400 11.478600 
1811 2 3.193230 6.037430 0.764407 
1023 2 11.149500 5.695560 9.268640 
416 2 10.739300 10.630400 7.422480 
813 1 7.030180 2.022540 4.967530 
1085 1 2.527780 6.779970 3.730370 
3 2 2.693220 3.295800 9.229160 
471 2 0.834710 6.364600 8.265760 
985 1 0.475518 12.499900 10.364200 
268 2 6.905670 1.546050 3.638030 
611 2 13.138200 9.170720 4.866830 
101 1 8.079710 4.271850 5.990990 
1756 2 6.391470 5.650260 9.289810 
607 2 6.972510 2.220700 4.414100 
1512 2 4.131250 0.302303 3.544260 
973 1 8.953500 1.600440 7.354070 
1322 1 4.609870 1.174850 9.000600 
808 2 4.376960 12.637200 10.511200 
1677 1 1.682330 5.160440 6.094010 
1234 1 1.500010 8.582280 10.969300 
1516 2 9.980170 8.359140 7.516140 
1370 1 0.272583 8.517880 0.920999 
1267 2 8.147720 12.829200 8.142430 
525 1 0.592639 11.433200 11.062400 
1697 1 11.587200 4.106580 1.800420 
1155 2 10.744900 13.172800 9.944580 
31 2 8.069290 4.394290 4.347310 
1245 1 2.184120 6.859780 10.056700 
929 1 1.410320 11.770000 5.369460 
266 1 3.070850 8.678850 11.305400 
1092 2 0.071264 5.831460 7.803140 
1418 1 4.118720 10.786500 4.006710 
966 1 6.766080 4.123920 6.352490 
1714 1 8.445430 4.516240 0.861246 
547 2 2.393740 0.295416 8.878880 
1589 1 8.990520 0.324530 2.781490 
1031 2 4.237760 8.998740 12.473900 
646 1 9.329150 11.407300 10.145400 
847 2 11.056400 9.950470 6.869620 
1308 2 6.996320 11.365700 12.732200 
1810 1 5.225560 12.771700 0.115737 
1972 2 3.603240 0.220899 13.160500 
1506 1 8.066630 12.953900 0.889359 
1805 1 7.377140 10.398200 12.950700 
1847 2 5.122800 0.232353 17.658200 
719 2 10.254800 7.256370 18.610100 
1931 2 6.786820 9.204480 17.201200 
315 2 12.036100 7.481420 14.495700 
330 1 5.811020 12.599100 22.207100 
682 1 4.772050 6.510640 18.344200 
426 1 6.169080 6.805800 16.498900 
1466 1 4.892820 6.787800 13.322200 
1882 1 10.680400 6.726380 21.015100 
902 1 10.004800 7.799490 20.144200 
1336 2 12.085900 4.232180 25.601700 
1095 2 11.663400 0.893162 15.511600 
484 2 8.616650 8.213540 17.734600 
1258 1 11.762800 7.527080 13.977500 
1706 1 1.776100 4.798370 23.173800 
1091 2 0.434650 6.723900 20.177600 
1942 1 9.475880 3.692790 15.956400 
1865 1 7.176510 13.035100 18.936300 
463 2 10.659200 8.725790 20.841000 
513 1 3.709500 6.286700 16.362400 
708 2 11.556400 0.103884 14.292400 
324 2 5.564080 11.652300 19.558500 
1606 1 9.458890 2.181570 21.773700 
632 2 7.207490 1.187070 15.026600 
1149 1 5.652580 8.941180 17.277100 
1561 1 1.503610 8.198680 15.259500 
1167 2 4.547450 10.902900 16.724100 
1008 2 10.138800 8.481330 14.591400 
923 2 7.066900 13.124300 17.817700 
78 1 8.753230 10.039000 22.447700 
1735 2 10.230600 9.919180 23.730600 
1553 1 1.162750 2.380720 17.706000 
1203 2 5.374670 3.846290 18.851000 
1318 1 4.952630 2.096110 24.996700 
814 1 12.572900 13.075500 13.517200 
1494 1 4.324560 10.353500 15.364500 
1382 1 0.214593 6.158970 20.406600 
676 2 6.919590 2.964390 19.838300 
1594 1 3.850610 3.009170 25.521900 
1436 2 10.517600 0.515374 20.494800 
272 2 -0.046486 10.161600 21.624700 
1285 1 1.314390 2.628810 23.087300 
328 2 4.239890 0.454600 16.986600 
491 2 1.224540 6.976170 23.134300 
475 2 9.241080 4.914200 20.424000 
91 2 4.060580 4.168000 18.220400 
107 2 5.771980 7.926690 17.989900 
989 1 3.845620 8.107040 23.308500 
175 2 0.707036 6.932590 14.916600 
411 2 9.820290 2.336160 20.958500 
1877 1 9.704530 8.934770 25.675300 
545 1 0.762894 1.651050 25.402600 
1673 1 3.290200 1.852640 22.544200 
130 1 2.603180 11.803000 15.226200 
838 1 0.549458 7.114320 22.895800 
735 2 7.965880 3.133490 25.579500 
1270 1 6.298130 10.059600 17.846100 
1469 1 12.354600 9.896010 24.296200 
387 2 9.970750 1.606210 18.839300 
1377 1 8.153520 1.979470 15.536200 
898 1 3.251590 0.961963 22.708500 
477 1 1.680000 0.777334 21.034400 
1622 1 5.867220 7.806860 14.665200 
1823 2 7.086620 4.745370 20.031600 
1567 2 0.176723 0.848911 21.727900 
544 2 5.349290 0.354685 23.114400 
415 2 10.748400 3.071670 17.550900 
1596 2 6.759930 13.158100 24.122900 
665 1 9.988210 6.280300 25.757100 
148 2 9.585360 5.703480 13.837400 
375 2 10.439300 12.533100 18.173400 
558 1 6.272590 3.807900 19.729500 
1345 1 9.640180 10.192700 17.453900 
291 2 2.967670 2.208350 15.654900 
821 1 11.463700 10.000400 22.424300 
917 1 11.354800 5.879950 14.635200 
389 1 12.979000 1.315630 22.066800 
1894 1 4.503170 11.396900 25.073300 
283 2 1.492550 1.199710 16.672500 
245 1 2.291790 9.129260 19.660900 
811 2 8.117790 1.904130 13.645900 
1909 1 0.533802 6.846600 18.503300 
887 2 2.195930 4.966090 20.249400 
1381 1 0.555265 9.942910 19.313600 
1785 1 9.040120 4.878520 20.685900 
1768 2 7.030050 7.047800 20.739400 
1221 1 0.233869 5.935100 16.255200 
960 2 9.198400 12.523900 19.255100 
930 1 1.046140 1.709850 19.216700 
135 2 9.175160 12.355200 19.039100 
297 1 2.878090 4.586550 21.830400 
812 2 0.622759 6.497510 13.433600 
180 2 2.724430 5.284950 22.317100 
1950 1 7.566990 0.970479 21.666800 
1449 1 11.217100 10.149100 14.798900 
746 1 2.953770 3.694040 19.325800 
96 2 6.824400 8.032210 15.132800 
203 2 5.603320 4.261870 23.792000 
1137 1 7.961000 7.568600 26.283100 
1809 1 0.549284 1.084970 16.689000 
782 1 12.690500 4.721980 21.849500 
1396 2 8.750560 5.496930 22.908600 
1726 1 6.649060 5.303860 22.647600 
952 2 8.493680 8.625160 16.690300 
1984 2 5.361780 3.236710 13.416000 
250 1 8.063220 8.313940 21.471000 
1071 2 1.681120 12.215200 14.645600 
1354 1 8.672200 11.252700 18.966500 
1592 2 8.515330 1.971160 22.582700 
1254 1 6.312910 9.552080 14.654500 
1161 1 12.860400 12.223500 26.097800 
79 2 1.208670 2.860740 19.653400 
1360 2 3.833430 4.293810 15.311100 
1632 2 2.799770 8.525240 16.088500 
1734 1 7.157730 12.194800 20.937100 
1626 1 2.710690 5.796690 14.201000 
1402 1 2.961680 6.485460 18.980400 
876 2 1.099260 3.257170 22.694200 
1003 2 5.425340 4.552890 22.620100 
695 2 0.221298 11.391400 25.035100 
1600 2 12.616000 10.270900 15.064700 
1895 2 12.573900 11.805400 25.435800 
1563 2 2.630680 10.532100 23.672100 
1166 1 9.416940 2.165950 18.459000 
1580 2 6.009190 9.507620 25.654500 
1321 1 7.434330 4.705880 14.285000 
1444 2 9.693720 13.115000 23.486200 
657 1 2.210650 2.764330 14.913700 
176 2 0.603381 7.611850 22.916700 
1356 2 11.364500 6.848200 26.297900 
177 1 5.495650 2.549680 20.155800 
1143 2 3.095800 9.853140 19.645500 
590 1 6.036840 1.287220 18.805600 
1256 2 6.865140 6.918820 16.831200 
1160 2 6.008620 5.477910 18.182100 
1569 1 2.708480 1.032850 25.804900 
705 1 2.398950 11.851500 20.250200 
1471 2 4.103150 9.646330 18.381200 
1240 2 2.794850 1.482820 20.389300 
903 2 4.831810 11.368700 22.596400 
882 1 10.382200 1.298350 14.230100 
1061 1 12.899100 13.110300 23.964700 
1874 1 11.037300 10.083800 24.991900 
216 2 9.874720 2.498980 15.497100 
1948 2 11.605300 0.759427 24.409100 
1303 2 0.180795 11.308400 15.845000 
725 1 8.545980 5.162870 23.958400 
984 2 3.382690 0.525616 24.979600 
1206 1 4.345690 1.265620 17.334000 
731 2 7.332620 7.677540 25.747700 
1005 1 3.292640 1.229210 16.312600 
1490 1 9.784400 1.398680 22.914500 
1194 1 11.298400 4.711180 19.091100 
606 1 1.932620 9.428130 21.495700 
1339 2 5.932410 10.440600 22.729000 
652 2 4.978870 8.875360 19.550200 
166 1 11.902000 6.304140 25.631200 
313 1 7.776750 2.968740 19.081100 
59 2 10.090400 3.821480 16.076300 
1742 1 8.531710 5.929180 16.796700 
1842 1 12.841800 4.467590 25.667100 
293 1 13.147100 2.819770 24.922500 
669 1 9.316530 3.451760 20.805200 
797 1 8.428610 2.893210 23.768800 
683 2 1.869980 3.989580 24.113000 
261 1 0.996640 11.919000 15.974300 
1351 2 2.291870 5.900660 15.346900 
907 2 2.838310 2.185390 14.721300 
1162 1 4.276660 3.891670 16.678800 
1157 1 4.141290 8.912320 14.032200 
1545 1 0.315509 3.426160 21.741300 
404 2 3.469880 6.257350 19.089300 
1452 2 3.827760 11.938500 25.988800 
453 1 6.110440 9.350000 24.747400 
1627 2 8.713460 6.906670 23.194300 
629 1 4.853520 4.777380 23.077700 
730 1 2.382340 13.092800 22.577800 
1660 2 11.200700 4.453350 19.978200 
1120 2 6.966800 12.394400 20.665600 
1640 2 1.161910 3.101780 18.075000 
257 1 11.371200 12.713400 15.786100 
998 1 1.034280 10.144800 15.885100 
597 1 0.155884 1.194480 21.643400 
660 2 1.927950 4.937250 26.385800 
18 1 6.807220 0.752786 26.450100 
41 1 3.963470 8.997740 19.747800 
304 2 1.162500 11.190700 19.134900 
1824 2 4.170810 2.577730 25.474800 
420 2 1.416780 10.812100 23.173500 
1078 1 9.578150 7.219170 23.005900 
633 1 5.901340 0.524140 22.624700 
1716 2 10.398100 10.099600 25.589100 
1965 1 10.613300 12.285800 20.925000 
711 2 10.123400 5.051760 22.903700 
732 2 11.991800 10.866800 17.877500 
1807 2 2.053530 0.929577 17.399000 
1208 2 10.613700 5.975620 21.222300 
805 1 6.767330 9.107930 20.082000 
1228 2 11.195400 5.391660 14.857300 
1518 1 10.316600 7.845000 18.083600 
121 1 6.473980 4.386510 24.987400 
957 1 0.914241 7.746490 22.863500 
1841 1 11.283200 2.269250 16.771300 
1127 2 5.447490 0.868789 21.543900 
300 2 5.232380 7.908050 21.524800 
157 1 10.622400 0.298528 24.564000 
1908 2 9.062720 9.016970 22.344900 
1216 2 10.218200 9.790420 19.459600 
1022 1 0.403075 10.202500 23.964700 
1175 2 8.629200 11.046000 24.518800 
1331 2 7.278930 4.295540 14.796200 
804 2 8.248170 8.865960 22.257900 
1893 1 10.041000 11.048300 13.119300 
344 2 4.782200 7.574300 23.565200 
653 1 10.110400 1.018010 18.856600 
1713 1 9.437800 11.815000 24.071300 
921 1 12.950800 8.728140 17.435500 
1920 2 2.421960 8.453130 13.663000 
1325 1 11.177200 0.391043 14.592900 
28 2 3.358920 0.447756 18.422500 
1475 2 12.399500 8.887890 13.860500 
747 2 2.143100 1.654150 23.964300 
970 1 13.306600 4.935800 17.894000 
994 1 3.904400 12.563700 23.204200 
737 1 2.434910 0.550038 18.644900 
1393 1 6.536500 6.863400 20.374800 
1047 2 11.512100 4.132580 26.142700 
366 1 1.051050 7.663950 24.525200 
368 2 1.949230 2.228440 15.091100 
950 1 5.114460 8.441060 22.857800 
363 2 10.400900 9.898160 25.889600 
1017 1 1.953780 11.311400 26.132200 
199 2 1.344830 10.359800 19.685000 
382 1 5.029000 12.114700 19.541800 
1929 1 9.689250 -0.024055 19.271900 
963 2 0.082428 0.430027 13.943400 
1185 1 7.427140 0.536092 13.760500 
336 2 10.821500 2.008630 15.874400 
1521 1 10.243900 12.243000 14.216200 
1181 1 11.667300 2.749560 15.640000 
60 2 6.306540 4.835180 25.489500 
69 1 7.505560 7.996500 13.693900 
1822 1 6.169360 0.097324 15.710400 
1986 1 8.210780 3.794090 25.071800 
1233 1 10.705600 7.875180 13.434400 
840 2 0.148656 8.858580 20.003800 
740 2 5.905320 0.538020 26.442000 
51 2 7.376330 10.842700 13.379000 
1721 1 3.232370 9.408110 26.428900 
965 1 6.099680 10.553700 25.924400 
232 2 8.933870 0.457323 13.433500 
1252 2 9.498530 10.945600 26.281200 
810 1 4.881630 26.426200 5.781590 
575 2 11.135100 16.698700 12.932600 
1662 1 4.199830 21.780600 5.989370 
127 2 9.133250 20.591000 5.743380 
228 2 3.021250 17.996700 5.784590 
1799 2 2.667130 22.657800 8.169640 
1220 2 13.221400 16.276200 4.523830 
620 2 10.503800 15.775500 6.813130 
240 2 10.242600 25.498300 6.813760 
614 1 10.400600 15.568700 9.771120 
562 1 8.661590 18.296100 8.898900 
557 1 9.879890 26.271900 12.024300 
1453 1 1.052300 25.226600 11.289500 
1361 1 10.857200 20.062100 5.676040 
93 1 1.966010 19.864800 2.565030 
1424 2 5.129060 14.677700 6.427380 
716 2 1.171130 21.176800 4.465400 
1614 1 10.678800 22.064000 9.071240 
50 1 1.904900 24.425700 9.926620 
1197 1 9.901240 24.199600 12.104900 
507 2 6.302060 15.788500 5.329490 
1869 1 2.721230 15.706700 3.336130 
1712 2 3.660080 23.219100 3.718650 
1277 1 7.891970 25.640700 11.468200 
827 2 2.706470 15.906500 0.823576 
680 2 -0.079665 17.317600 3.987460 
772 2 3.735810 14.376000 5.057030 
1582 1 9.904670 17.554100 5.367960 
1710 1 11.034500 23.719600 5.320790 
1687 2 5.606150 19.018600 12.558700 
869 1 12.503200 23.930300 4.487690 
1916 2 11.884200 14.856600 2.836540 
1935 2 12.720200 19.301200 11.533600 
753 1 11.715500 22.747400 9.779490 
1672 2 10.321600 14.990600 8.984790 
1262 1 5.548680 22.116300 6.924120 
1446 1 3.932430 19.823600 7.937860 
1639 2 11.837400 26.335800 10.449000 
995 2 11.197300 15.769300 2.428060 
1767 2 2.056390 15.791100 8.520400 
441 1 3.256240 16.622300 8.506620 
825 1 10.973000 14.357500 12.669700 
1985 1 13.200100 14.082600 9.108050 
922 1 10.134800 25.590300 7.289420 
189 1 8.073870 17.156800 4.886060 
1269 1 4.841400 25.528900 4.191770 
528 2 5.511430 25.158300 6.058710 
1165 1 11.239000 17.878300 12.880400 
1123 2 3.317150 19.500400 3.843870 
1840 2 7.802420 14.815000 6.708050 
1264 2 13.246100 22.367900 3.278370 
1835 2 7.805050 13.523900 5.014600 
1094 1 9.876240 20.548000 7.846590 
1789 1 5.702350 24.697000 1.275560 
1481 1 13.047200 21.843000 3.718750 
806 1 10.726400 14.932700 4.016600 
886 1 12.560500 15.682600 10.742300 
899 2 10.113700 20.572200 1.920530 
163 2 7.917310 22.436400 10.840900 
1425 1 9.801370 18.058100 1.947870 
745 1 9.254390 26.147500 8.380560 
1043 2 10.551400 22.768900 8.951180 
655 2 11.219300 22.581100 10.189400 
1989 1 10.872100 26.348700 1.196610 
152 2 3.926850 25.103600 9.665940 
1715 2 8.286910 17.632200 4.731280 
1693 1 3.627660 21.558300 2.055210 
941 1 1.121580 21.669200 7.476430 
1 1 9.413750 20.797600 4.248000 
343 2 10.312600 25.083000 3.871750 
904 2 3.143610 18.750800 5.097940 
231 2 3.441880 22.224400 12.598700 
399 2 2.148700 19.926300 6.209880 
883 2 0.799520 26.155400 8.304650 
1912 2 2.565510 17.833900 1.459470 
1863 2 6.119850 25.600700 0.179602 
252 2 10.345700 15.386500 10.217900 
396 2 13.242000 24.921000 8.789700 
1020 2 2.119560 26.347300 0.228789 
678 1 9.432890 24.184800 10.354600 
935 2 3.654090 14.441500 9.727810 
1330 1 4.126620 25.768400 11.395200 
755 2 9.673810 16.546300 3.365140 
703 2 2.147830 24.786300 2.872610 
489 1 11.636900 14.472100 0.067745 
217 1 12.963500 22.202200 1.470080 
1698 1 2.970540 14.171000 0.441861 
1054 1 9.677350 20.402100 0.357479 
311 2 0.367705 20.528000 13.253300 
1001 1 8.401410 19.218800 7.200940 
1212 2 12.620500 13.268900 1.452320 
1118 1 7.890280 21.690300 2.571420 
1128 2 7.349900 14.187400 9.940820 
1266 1 3.345850 15.404800 6.314050 
1230 1 10.562600 15.401400 11.431500 
1801 1 12.381700 15.835800 3.751880 
515 2 4.953550 20.960300 8.303240 
751 2 10.169100 18.109200 0.580959 
47 2 6.297380 21.695600 3.176440 
1337 1 7.743040 20.748300 11.987600 
1530 1 6.021920 14.058900 3.998590 
677 1 11.570800 17.688500 2.876720 
1045 1 1.721990 25.279000 8.349900 
585 1 2.102940 19.060200 8.142210 
728 2 7.798740 19.217000 1.260310 
1196 2 1.098220 14.421600 7.499590 
452 2 10.534700 21.008200 9.421590 
1844 2 8.271550 23.850500 1.291960 
532 2 1.656450 18.194000 8.347010 
1302 1 7.436980 14.574600 6.836700 
196 2 1.278230 22.614700 9.273080 
829 1 4.400240 16.638300 2.864870 
1276 2 4.700200 16.305500 10.349400 
602 1 9.118580 24.214900 1.873100 
842 1 7.252090 18.653700 11.979700 
729 1 6.897930 25.528300 6.435500 
603 2 7.171190 25.412800 2.799980 
621 1 6.424130 17.398000 4.602080 
572 2 8.606160 21.697700 3.151870 
1172 2 0.475256 15.753700 10.863800 
1780 2 3.662340 21.348800 10.778400 
1816 2 8.120920 19.955200 6.489370 
1355 2 11.312000 23.731600 5.024300 
10 1 10.373300 18.015600 6.515800 
1875 2 7.665390 24.886700 5.305570 
319 2 7.243230 25.887700 13.021600 
675 2 7.242580 13.526400 1.482340 
296 2 8.506910 13.727500 0.311149 
722 1 6.875640 15.012700 3.140860 
1173 1 9.263400 21.015600 7.115650 
734 1 1.039060 20.928000 0.929067 
1918 1 6.699940 18.555400 7.817660 
483 2 0.740847 15.296600 4.439380 
639 2 9.670550 18.914600 9.101210 
1731 2 12.756000 15.599800 7.033250 
1955 2 8.679850 20.593800 7.655380 
400 2 8.955900 14.658400 3.885640 
1663 2 4.464990 18.179800 1.278710 
580 2 0.115116 21.068200 12.038300 
1578 1 9.743070 18.916500 0.483777 
260 2 8.953650 24.493000 9.274870 
706 1 9.871180 15.201900 7.923160 
1958 1 5.792830 14.452600 10.710600 
1343 2 3.506490 23.347500 11.555700 
579 2 10.840600 14.347600 11.623800 
1423 2 0.214746 22.360700 10.434100 
1472 2 12.320100 26.484500 4.843750 
720 2 3.157790 13.414000 8.999290 
1864 2 8.028680 25.437400 2.431950 
1111 2 4.871060 19.671200 9.812220 
120 2 5.231000 22.469000 10.203600 
992 2 0.643602 24.768000 8.849820 
624 2 11.582300 21.884400 6.368540 
799 2 5.171050 14.966300 3.641580 
1855 2 12.581000 13.233800 2.796550 
1880 2 6.374890 13.811800 2.658760 
1438 1 3.832350 14.262500 9.248170 
1454 1 12.191300 26.108600 11.232900 
168 2 7.675700 25.015400 8.950210 
1108 2 2.755260 21.713900 2.130770 
1013 1 8.017720 22.813600 11.458300 
839 2 4.744450 19.342300 10.135600 
542 1 8.491550 21.603200 1.386240 
975 2 2.809100 26.084000 10.473600 
1244 2 4.472490 21.749300 6.839050 
1749 1 8.400760 22.706000 9.265510 
1860 2 10.967400 19.341500 5.626170 
754 1 1.805240 22.133600 10.033700 
1765 1 1.397600 22.364800 11.746500 
292 2 8.049210 17.824700 7.373650 
122 1 10.279300 24.878800 3.654460 
673 1 6.159900 23.755500 9.814640 
17 1 0.613918 14.126800 9.117020 
1502 1 5.212440 13.866800 12.809100 
295 2 0.236274 14.156400 7.242070 
267 2 11.581900 25.203600 2.759940 
1251 2 3.313000 15.738900 9.043800 
1995 2 11.270700 14.399000 10.208600 
691 2 1.034550 18.303400 12.050600 
1306 1 1.857140 19.148900 6.008270 
173 1 11.927100 18.137700 9.365510 
1024 2 0.870966 25.891000 1.223840 
1746 1 8.832360 26.163400 5.364550 
109 1 8.855480 14.582000 3.321040 
1739 2 3.078190 15.047300 7.119730 
893 1 3.672980 23.946200 8.032940 
1039 2 0.465744 21.915500 12.710500 
1536 2 7.373680 16.683500 2.317240 
9 1 5.544190 16.122600 6.048960 
1973 1 7.219000 23.970900 12.548200 
666 1 6.385490 19.838900 12.308900 
1334 1 2.596690 17.033100 0.275320 
119 2 2.785600 14.088800 3.874550 
281 1 3.269680 23.407000 4.162340 
1379 2 3.891530 20.082800 8.550340 
1059 2 7.357070 25.753700 6.170300 
1770 1 8.473960 14.927700 6.447040 
1938 1 3.146480 17.725100 6.386840 
1247 2 10.462100 19.488100 5.338110 
1463 2 0.667125 14.334300 12.990700 
161 1 5.498780 21.494500 1.662840 
638 1 5.979330 26.112700 2.761170 
1400 2 0.477910 21.543100 0.397217 
1761 1 2.052650 16.035400 5.504640 
518 1 10.341600 22.470700 4.254910 
862 1 3.129010 18.188000 1.257980 
1052 2 10.999700 25.815800 9.985720 
1067 2 11.307200 26.283200 6.948090 
702 1 4.130710 20.143000 9.997380 
645 1 12.215100 26.526500 4.793040 
564 2 3.624450 21.132000 0.740676 
1170 1 3.017300 17.839600 10.344700 
1638 1 5.809340 19.574700 2.202600 
982 1 6.458460 17.699000 9.437430 
569 1 1.673630 15.069200 10.188500 
802 1 3.909160 23.119300 10.230700 
592 2 0.461322 22.525400 11.720200 
823 2 11.379000 14.241300 4.626320 
1342 1 1.280370 21.628600 4.359070 
841 1 11.021000 25.780700 9.631260 
1988 2 10.155000 23.219700 4.158960 
967 2 7.141500 19.211700 11.753100 
559 2 5.821990 24.428900 9.404700 
744 2 10.699100 20.043400 8.400890 
727 2 8.068900 17.518200 8.734110 
1224 2 7.840960 19.799900 11.068500 
1352 2 8.649520 26.424100 11.052300 
1332 2 12.496500 16.426900 8.822090 
667 2 0.641822 16.300900 9.451660 
1566 1 3.651940 24.114700 2.200290 
561 1 5.115200 21.372400 9.525070 
1213 1 4.005980 17.686200 12.192600 
455 2 9.414380 17.808100 2.091670 
1021 1 5.580670 17.255800 1.512480 
974 1 3.696200 19.633200 4.655350 
1397 1 8.867100 13.510500 3.371470 
1543 2 13.265600 26.345200 4.465360 
1766 1 12.128500 20.160700 2.649010 
275 2 4.508010 25.119600 4.025060 
1255 2 3.854670 13.640200 9.205470 
1665 1 1.470960 25.948200 4.230900 
1130 1 1.858060 13.900500 13.097400 
244 2 5.809450 25.298000 11.517600 
274 1 0.417247 15.153300 11.742500 
63 2 8.665610 23.642200 12.521900 
1961 1 1.445160 20.918300 12.130600 
397 1 0.166322 25.931500 1.748210 
1784 2 12.804600 15.919100 12.451500 
206 1 6.795040 21.002400 14.860500 
1607 2 6.770400 17.083200 18.115800 
181 1 1.369610 15.668200 24.602700 
1758 1 8.469290 17.224100 21.733500 
1476 2 8.472720 17.261200 23.551600 
1522 1 3.973990 21.932000 15.072700 
1760 2 10.851200 18.720800 23.236800 
612 2 8.355050 17.678300 20.798700 
1218 1 5.721170 24.136600 22.491500 
587 2 0.846501 14.663200 25.845300 
536 2 13.048900 20.026000 15.428300 
1619 2 11.690400 13.276400 14.413400 
472 2 3.429050 19.629900 26.397800 
688 2 7.840820 24.827000 23.067200 
1946 1 0.306196 26.236000 18.797500 
1966 1 3.896810 23.717100 23.512800 
19 2 11.613600 26.000300 22.800300 
493 1 7.670930 19.180400 14.213800 
1666 1 5.533180 13.881400 15.684500 
1751 2 9.111630 14.879400 16.688100 
1268 2 12.971600 16.319600 22.983800 
1996 2 0.258894 25.162600 19.173900 
1708 2 6.064110 18.523000 14.036700 
1413 1 8.922200 23.946800 21.384000 
582 1 3.119760 14.663400 16.404800 
408 2 10.179900 26.126900 20.047100 
1709 1 3.746850 25.563300 18.327000 
1283 2 6.690010 21.885600 25.093300 
1065 1 3.863860 26.369000 14.854000 
395 2 4.123390 22.354200 15.614300 
1849 1 5.727410 20.576300 21.829300 
1000 2 9.986300 21.891700 15.792500 
627 2 4.556090 24.913400 17.829600 
156 2 1.151300 16.270600 20.115700 
934 1 4.447070 14.057400 17.680000 
1487 2 9.693690 17.519500 21.859400 
1531 2 7.366150 24.791400 19.519400 
616 2 8.090450 13.993500 17.280500 
1934 1 1.490380 24.228200 22.186700 
1152 2 6.022940 19.138800 23.891200 
1705 1 7.256760 22.697100 22.267800 
837 1 1.853490 16.516900 21.393400 
496 2 6.035470 23.620900 23.105700 
1616 2 1.249580 14.769800 17.781200 
953 1 12.813000 21.426300 20.622200 
843 2 11.513500 13.319900 23.439400 
550 1 4.396130 14.871700 22.864400 
1338 1 7.623790 20.772500 16.195800 
265 1 1.245240 18.149900 16.963400 
881 1 5.147950 21.093600 23.270700 
1083 2 0.229723 16.335700 25.622300 
986 1 0.346598 23.053400 15.748900 
1802 1 10.228600 13.942200 18.129200 
681 1 3.938590 22.515300 13.770900 
1636 2 10.943800 24.180900 13.844700 
460 2 8.307200 21.393000 16.823700 
354 1 11.765900 25.698600 17.136300 
1690 1 12.919800 24.490000 23.472700 
1971 2 5.049020 15.822100 14.764300 
388 2 6.898640 23.975800 19.310900 
1014 1 3.122680 20.319100 16.699800 
1806 1 0.562064 26.059200 26.255700 
381 1 10.202100 20.504000 18.354400 
478 1 5.761690 25.770600 16.997200 
1976 2 10.029800 17.326600 15.557400 
1827 2 10.535100 25.236300 18.084500 
1116 2 12.311500 23.621300 25.368300 
1782 1 3.585980 25.816900 25.594100 
1843 2 4.164010 13.490600 18.904900 
1959 2 7.953640 20.194000 21.099500 
988 2 6.873500 23.043400 18.273200 
438 1 7.295370 14.856700 18.785000 
1373 1 2.081710 24.185600 15.216600 
1403 2 5.795520 19.667400 16.887400 
1069 1 8.890920 26.325400 18.033600 
476 2 6.657560 20.481700 21.438500 
1808 2 12.981800 20.504700 20.603600 
1845 1 9.818040 17.789000 14.037200 
1448 2 4.236470 14.255700 22.345800 
379 2 3.565090 18.944700 23.675800 
1571 2 3.779140 23.930700 19.290900 
126 1 3.392370 23.220000 20.797600 
809 1 11.553400 15.413600 21.361500 
187 2 12.530100 18.856100 22.924100 
82 1 10.804900 22.572300 24.708400 
65 1 11.961000 20.228000 16.100900 
1649 1 9.082230 15.104600 16.549700 
112 2 5.362410 16.722900 26.088100 
859 2 8.073500 19.464700 26.451700 
43 2 10.806500 15.234300 13.919400 
1753 1 7.728340 13.777700 16.050800 
1897 1 5.699820 18.067000 13.762600 
918 1 10.982400 17.359300 16.167400 
1876 2 8.218590 22.430700 18.867100 
468 2 1.857960 13.181800 22.965100 
1491 2 2.249120 14.811500 23.379900 
718 1 2.838560 22.749000 18.779000 
86 1 8.234770 15.137400 25.037900 
870 1 5.537620 16.474000 25.937500 
1411 2 7.189220 26.207000 22.812500 
278 1 7.607910 25.733900 25.671500 
1857 1 10.668200 22.069600 14.716400 
1830 1 9.679700 19.607400 13.226900 
704 2 4.359620 16.574700 16.467600 
1886 1 12.403700 18.555100 25.576600 
1049 1 2.105720 20.125200 25.152600 
1275 2 11.480800 17.502900 19.256100 
1346 1 8.746770 23.239000 18.780200 
1733 1 11.305100 24.752600 19.472400 
1836 2 12.041400 14.423500 15.722000 
353 1 6.739960 25.604300 17.393000 
1590 1 13.285300 20.403100 15.362200 
1859 2 5.281010 25.846800 26.412600 
409 1 5.984640 24.355700 20.482800 
1124 2 1.523760 24.318200 15.750900 
857 1 6.987840 18.456500 24.261800 
1757 1 7.274250 20.327000 21.821700 
999 2 1.790910 20.108800 25.891500 
760 2 1.008900 21.717200 21.487200 
1664 2 5.848140 20.967900 15.105700 
900 2 2.430370 19.417800 25.761800 
1033 1 2.558430 25.060200 17.407900 
831 2 8.832710 15.434400 17.030400 
1486 1 11.568500 14.257200 15.344600 
1620 2 9.300180 17.933000 13.266900 
1694 1 8.736140 16.638500 25.274100 
894 1 8.343070 16.634800 15.897900 
479 2 13.065200 13.642900 25.482700 
1093 1 11.181600 16.216300 26.477300 
461 1 5.201760 16.297000 18.549000 
815 2 3.779350 17.790500 15.399500 
787 2 10.763100 21.091500 17.233900 
877 1 4.867640 18.556900 17.588600 
874 1 11.364300 18.620800 21.724800 
700 2 11.958300 19.278400 26.122700 
1783 2 12.607700 17.757500 19.273300 
339 2 7.868970 16.871900 22.946300 
1982 1 3.036090 19.745400 23.851700 
1119 2 5.173690 22.719900 21.810500 
543 2 4.586830 18.618500 19.541900 
269 1 0.331471 18.193700 13.393200 
1922 1 2.799250 18.937000 26.105600 
1514 1 7.140880 22.671300 25.645100 
1365 1 5.180880 15.764700 21.142800 
1723 2 5.452680 22.021500 22.678300 
133 1 3.887340 15.157700 14.037900 
649 1 12.653700 21.086400 21.904500 
889 1 0.419448 14.850700 16.919600 
425 1 3.109580 24.487900 14.148900 
944 2 1.433940 21.417300 24.143800 
795 2 6.794280 20.014900 23.755400 
1153 1 6.148800 15.884000 15.136400 
258 1 6.849330 19.712700 19.391500 
201 1 2.282150 16.701700 13.562800 
1944 2 6.684800 18.890300 20.276300 
466 1 3.470150 22.119300 16.049300 
1406 1 9.995700 18.859400 25.024200 
713 1 10.313800 16.344100 13.337300 
651 2 8.138470 26.418200 20.129200 
1558 1 11.068100 19.616500 18.500500 
1930 1 1.472560 20.559300 20.468300 
222 1 11.291300 24.846900 17.831200 
1907 2 7.107750 25.506600 23.499300 
845 1 5.463670 15.117100 26.248300 
686 1 5.898880 21.472400 25.884200 
1818 1 5.676470 21.864200 19.893300 
424 2 3.989360 24.033900 24.736500 
1183 2 2.931490 25.411600 23.448000 
1178 1 3.087540 18.756100 16.018100 
1176 2 9.543700 21.158200 25.927500 
642 1 8.858220 19.467000 21.891000 
68 2 12.424000 16.368700 21.378700 
1204 2 1.328410 24.023500 14.859100 
1669 1 12.445200 22.308400 23.654300 
1820 2 11.431600 19.305900 14.555100 
726 1 11.884800 20.174600 23.292800 
1296 2 1.167200 25.610100 25.508900 
413 1 12.150200 24.189800 14.112000 
1018 1 8.149970 23.634700 16.417400 
868 2 1.592060 21.135800 16.694400 
1290 1 10.270700 25.618100 14.683800 
919 2 0.879493 26.159500 18.982400 
436 2 4.178890 16.040500 25.414400 
37 1 9.090090 16.298800 17.948500 
530 1 1.015090 18.758100 22.863000 
402 1 3.852730 18.017300 19.216400 
1099 2 12.511800 16.374800 16.883400 
625 1 11.809700 15.064200 14.702500 
1800 2 12.895700 24.852600 22.325200 
1681 1 8.820000 24.493200 24.297100 
2 1 11.631900 26.549900 23.836800 
25 1 4.581790 18.309300 25.014800 
1689 1 5.144670 17.494600 22.847000 
170 1 9.729980 15.894300 19.740900 
1974 1 2.461150 15.249600 18.745500 
1885 1 7.154150 25.341500 22.778200 
1328 2 10.403900 17.280800 25.733000 
128 2 10.975400 25.490500 18.085600 
1079 2 7.808100 15.058500 15.087800 
1900 2 2.647060 14.067500 15.110100 
943 2 6.593240 13.455800 25.789700 
321 1 13.075700 15.653600 23.046900 
764 2 3.312990 23.309100 22.751000 
1368 2 4.897240 13.826100 16.101400 
372 2 9.087640 25.730500 19.578300 
1635 2 7.499970 25.750600 15.693400 
1139 2 4.780140 25.152500 16.942800 
1992 2 8.248240 16.953400 19.933000 
314 1 0.602605 13.498400 20.668800 
1457 1 12.515700 23.302100 17.343000 
1852 2 3.046640 18.609000 17.024100 
1643 2 2.424790 20.053400 19.031200 
1186 1 11.659900 17.108200 21.477100 
1868 2 1.458620 18.303500 22.190700 
1168 2 5.403070 23.587100 17.022300 
758 1 12.184600 20.022300 18.206300 
1979 2 10.252200 24.684200 22.356800 
512 2 5.527850 25.563400 14.309200 
803 2 10.347400 26.321500 15.079500 
243 2 0.920618 23.261600 23.255500 
1940 2 8.855020 20.236400 18.192900 
1366 1 9.890200 24.769200 20.292400 
464 2 11.656300 20.630000 23.438800 
1027 2 10.350400 23.455500 25.715300 
1831 2 0.748788 23.805400 14.896000 
671 2 1.774780 16.872400 20.850300 
1837 1 9.863830 25.268800 26.285800 
219 2 0.777969 26.291400 22.072200 
102 1 12.029500 17.374900 18.248900 
414 1 7.521360 20.663900 25.590600 
852 2 3.807790 22.370700 15.938000 
1511 2 12.261200 23.974200 18.845800 
1190 1 1.549190 17.314000 26.150300 
61 1 11.639500 23.801000 25.580900 
1227 2 5.229600 18.992400 23.896900 
1163 2 3.962750 25.441200 14.398000 
873 1 5.390300 22.753800 15.753000 
698 1 2.111910 24.512200 23.417700 
1891 2 10.453200 23.983100 23.947700 
1794 1 1.114470 21.269500 23.704300 
1588 2 11.561500 26.270200 24.448500 
1683 2 9.588330 20.551000 13.357500 
780 2 6.088910 21.013100 13.458000 
1500 2 0.887760 17.394400 13.609800 
1319 2 24.619100 1.018700 6.493510 
1468 2 22.292600 7.073560 12.977300 
796 2 17.957000 0.650091 2.633770 
519 2 15.526500 9.932440 9.506580 
167 2 20.346100 3.236940 11.602600 
1460 2 22.914500 9.817380 7.355610 
1743 2 17.359800 12.871700 2.451150 
81 1 25.717700 7.212490 0.948293 
880 2 20.082500 1.699960 4.899750 
712 2 22.501000 11.145900 10.902100 
1184 2 17.227100 10.324900 12.583700 
190 1 16.795600 8.014760 6.066480 
1136 2 14.765600 12.337200 4.649900 
144 2 17.901400 2.591920 11.534500 
1540 2 23.862000 5.503230 0.502304 
83 2 25.216400 6.521260 8.729330 
1199 2 23.873700 4.526970 6.877330 
401 1 22.345100 11.376000 1.744790 
1704 2 20.381700 9.561340 4.394130 
1925 1 18.186000 1.918700 9.828540 
1229 1 19.748900 12.693700 2.281380 
832 2 17.677200 5.749040 3.708520 
1957 1 23.433800 3.587720 1.999160 
1613 1 25.518700 3.362340 7.311720 
1654 1 22.806500 7.660300 10.787400 
1993 1 16.287400 7.052460 11.418800 
770 1 25.134900 8.114500 7.763370 
215 2 14.114900 1.327820 12.136500 
1445 1 20.675600 7.852130 7.860100 
481 1 24.868800 10.157600 11.592600 
1707 2 20.598900 8.777500 7.204370 
1879 2 22.166100 3.033010 10.245300 
783 2 22.176100 7.798390 9.138030 
1040 2 18.779700 9.870430 6.851070 
1482 1 22.583800 8.762580 5.530350 
865 1 17.879400 9.553890 3.311650 
332 2 22.506300 6.691050 3.294450 
445 1 21.588600 4.992360 5.864360 
535 2 22.307000 8.735830 3.755240 
1968 2 21.262500 2.709190 1.622580 
774 1 14.758200 12.213100 5.499980 
317 1 17.364500 8.656920 11.358900 
779 2 15.403100 0.826232 11.883800 
205 1 20.861900 1.874480 7.559140 
439 2 22.442000 9.690370 12.657800 
819 2 20.913800 10.626500 10.092700 
333 1 25.017200 12.055500 0.765257 
1584 2 24.095900 10.386800 12.740900 
227 2 19.753600 2.857350 1.911320 
1070 1 14.968600 13.219900 12.916800 
1604 2 24.291800 6.920580 8.718980 
1941 1 18.613700 9.826600 1.073030 
1299 2 22.163700 2.027450 12.884100 
288 2 26.376100 9.201890 0.057751 
924 2 18.039900 11.048700 1.468180 
1624 2 17.608500 0.702265 8.834890 
74 1 19.419800 1.428820 4.357990 
32 2 21.128600 12.036400 12.558300 
38 1 23.733300 11.031500 6.805570 
169 1 25.971300 8.697070 5.935340 
574 1 18.381600 5.495150 6.238350 
1320 2 17.693900 5.233890 8.889090 
1036 2 17.937600 2.602610 6.317470 
800 2 21.859300 0.459223 3.662010 
447 2 14.941600 5.438510 2.217500 
208 2 16.785500 3.708910 12.025800 
609 1 16.378500 11.948700 8.011730 
1598 1 22.647600 13.270400 2.281200 
1146 1 24.894500 5.969870 8.214030 
421 1 13.895900 9.212720 0.919193 
915 2 16.150600 2.027170 2.012770 
749 1 21.266900 2.394310 11.606700 
1725 1 15.264900 0.561054 7.489370 
1097 1 22.446500 8.623380 13.147600 
40 2 25.597600 11.663200 5.380230 
380 2 20.319000 3.402350 12.006600 
1892 2 17.233900 9.278890 10.873000 
369 1 26.384500 6.681470 10.056600 
1642 1 16.041400 5.651800 0.537249 
1007 2 21.125900 4.350870 2.503620 
1633 1 22.924100 3.863330 3.646410 
1326 1 21.975100 9.363390 8.736910 
1195 2 15.165100 9.946840 9.170370 
1674 1 18.473600 0.780496 11.766200 
1754 1 26.120000 9.605750 10.998500 
511 2 25.650100 8.381700 11.688400 
1962 1 14.045700 9.121890 9.256220 
863 2 17.033600 7.550970 3.268720 
1177 1 14.794500 2.819010 3.135140 
1380 2 14.982600 2.500380 3.718890 
1752 2 23.873600 4.164400 10.619100 
1963 2 15.414600 5.087190 8.417030 
631 2 25.170000 9.153820 9.614920 
1720 2 20.799500 4.822130 0.285696 
1041 1 13.683600 5.221000 13.042500 
1759 2 17.755600 10.433000 5.760760 
538 1 18.258200 6.415820 8.012430 
1075 2 19.213600 5.671160 6.813560 
1542 1 14.052300 0.255882 4.690750 
118 1 20.422700 9.957780 4.999850 
24 2 13.752200 9.109580 9.409190 
207 2 23.589300 8.507780 5.467950 
670 1 13.504000 2.826950 5.284320 
1826 1 13.406600 4.735820 2.500580 
494 1 25.135900 4.260410 10.139100 
618 1 21.153900 1.028330 2.410040 
1591 2 24.357900 6.157630 11.136900 
182 1 23.500700 0.133225 5.790540 
742 1 13.522300 10.997400 3.359200 
1838 1 20.529100 12.532500 11.753200 
1417 1 23.899800 8.707730 1.894160 
1263 2 25.427400 10.855000 10.933200 
979 2 22.812100 0.809638 4.506860 
767 2 20.858100 6.873300 3.068990 
1848 2 22.811700 8.266560 0.700054 
637 1 26.381500 12.024500 4.193640 
1243 2 14.510900 8.022720 7.867690 
1301 1 14.793600 2.500840 1.093790 
307 2 26.344100 7.628260 1.279540 
1439 2 15.869700 2.458320 6.248960 
762 1 22.717600 7.427300 1.250000 
1951 2 17.799600 9.787460 2.073720 
1999 2 26.086900 12.616200 6.541700 
145 1 20.293100 7.463600 1.893700 
302 1 13.524600 2.825750 8.385060 
1223 2 15.780800 3.267950 0.070155 
1309 1 21.452400 3.263370 3.065440 
1385 1 15.222500 9.044300 10.861400 
1386 1 21.387700 6.110680 4.272080 
526 1 21.977600 6.369310 12.909900 
1655 2 15.054000 6.817700 13.028800 
1060 2 13.312600 11.700200 5.950950 
835 2 16.690400 11.540200 7.034230 
158 1 22.217400 0.608119 10.309000 
1421 1 18.870500 2.732690 10.709700 
701 1 15.429000 6.407990 6.863290 
1517 1 15.300800 7.013400 8.240190 
1391 2 13.822600 9.208370 10.231800 
1771 2 19.974100 9.315370 4.324900 
856 2 14.495500 9.453400 10.292900 
533 1 19.829100 1.938390 12.871000 
1834 1 15.536400 10.167700 9.497430 
1465 1 19.727400 11.577700 0.820711 
392 2 16.790800 8.940660 4.950060 
520 2 18.885400 6.333890 7.909550 
125 1 16.717300 3.055490 4.512140 
357 1 21.365200 10.998300 8.111130 
1158 1 15.203800 7.933370 12.464300 
398 1 15.762400 11.556500 4.289410 
1803 2 15.415800 11.115100 5.696790 
1086 1 14.857900 10.640500 10.335400 
11 2 21.453300 11.739800 0.911786 
1101 1 24.124500 2.375480 2.058540 
1467 2 19.548100 10.543100 12.193800 
131 2 18.471500 6.116390 0.766725 
1646 1 20.408900 10.836800 7.029870 
443 2 17.854800 4.078670 6.413810 
1313 1 15.125600 1.927590 11.960500 
1577 1 20.703700 1.803440 9.809420 
778 1 18.777200 4.705330 4.247600 
604 2 15.028700 10.229400 3.783940 
1215 2 14.836800 5.980760 12.886700 
428 2 16.914500 5.522020 5.302830 
1851 2 25.880500 6.039980 2.392880 
1179 2 21.092500 9.546920 0.704043 
721 1 16.172600 3.748260 2.445980 
1883 2 19.293100 0.705328 8.855840 
352 2 15.014900 10.787300 8.570290 
1579 2 15.867500 8.706130 12.726200 
1217 1 25.192900 13.046400 8.085550 
1741 1 22.785300 5.448510 2.298880 
674 1 14.139200 10.634900 11.709100 
1405 1 14.314000 4.802250 9.142270 
487 2 17.168700 0.521314 3.611930 
1442 1 14.913600 9.812550 5.339130 
1399 2 25.643900 1.525020 7.933430 
885 1 17.456700 7.696120 2.229270 
1142 1 16.338700 2.409810 6.879530 
1791 2 26.049600 -0.076685 10.225400 
1684 2 25.623200 10.735200 10.564800 
138 1 19.849900 10.135200 3.184430 
1464 2 23.974600 10.136000 3.672830 
1259 2 24.887700 7.716910 7.598020 
576 2 15.457500 8.244070 5.722880 
689 1 25.849600 7.649640 3.042520 
1315 2 13.179800 8.687550 1.502670 
861 1 24.008200 4.611900 5.320380 
1265 1 25.172100 1.805540 9.051680 
1884 2 22.370700 1.605170 2.369800 
1430 1 24.815300 5.845710 11.385300 
276 2 22.404400 11.301600 2.460120 
1914 1 26.414300 4.017190 1.975800 
1350 1 19.226400 6.784040 0.948123 
1489 1 17.146400 9.742140 7.446820 
116 2 13.339100 0.633968 1.934880 
1096 2 15.996100 3.814510 8.149570 
373 1 22.277500 1.014020 4.622960 
641 1 18.388200 2.632590 11.306600 
465 1 18.836400 5.187400 9.883710 
1344 2 13.927100 4.092900 2.937300 
834 1 23.737100 11.230600 3.421100 
1871 2 24.747500 3.499810 2.341960 
1182 1 17.172400 6.049310 5.186320 
775 2 21.552900 13.097100 5.454870 
1347 2 25.769600 8.459510 4.727340 
462 1 15.052700 10.962500 7.281330 
1340 2 26.034600 8.101530 6.362390 
238 1 21.878700 11.500100 12.255300 
937 1 18.021100 10.913100 10.644100 
229 1 21.376500 3.749240 10.525900 
346 1 17.775400 1.752690 1.955810 
977 1 24.163000 5.797840 0.384234 
1401 1 14.042500 12.893800 2.591590 
1392 2 17.465100 11.024300 10.099300 
1209 1 14.319900 7.767920 4.687500 
901 1 22.128000 3.039420 7.605900 
914 1 19.745200 4.759310 1.178970 
1156 2 23.436600 4.043560 2.429340 
85 1 24.578300 11.233900 10.325600 
1744 2 21.444200 5.257270 4.270240 
1534 1 18.361800 1.514320 8.485340 
555 2 20.957300 6.256910 1.752550 
1431 2 19.539800 6.462750 10.508300 
1063 2 22.427100 1.674980 7.269630 
137 1 21.950500 7.700780 4.475440 
1012 2 23.875600 1.785130 2.528170 
1428 2 22.085500 13.087800 3.417800 
73 1 20.754000 7.076980 11.346600 
308 2 19.675600 12.720100 6.413980 
757 1 17.388200 3.976240 8.886770 
794 1 21.606100 13.366200 6.570420 
1651 2 19.097900 10.311200 3.113620 
583 2 19.009800 5.096820 10.409900 
1359 2 20.623500 9.318720 5.271350 
724 2 22.628100 3.307690 7.224490 
948 2 18.053400 2.162720 2.109680 
1459 2 20.907500 12.479100 8.543630 
1058 1 16.832400 10.432800 6.116750 
714 1 24.357700 0.224293 1.067070 
1804 2 20.400700 2.077820 9.519700 
1214 1 14.883500 4.426470 10.883700 
192 2 17.234000 2.037770 12.269000 
45 1 17.137500 12.045300 2.529400 
1792 2 24.006200 8.248980 12.252100 
560 2 22.737600 0.036274 11.440700 
1144 2 19.301300 13.014800 2.939260 
1117 1 22.065400 0.178267 0.402629 
58 1 17.766300 13.208500 2.770110 
605 1 17.139700 9.256720 12.994000 
1488 2 13.755200 11.703700 13.196900 
1775 2 17.391700 0.669932 13.141200 
529 1 13.584000 6.666670 12.989800 
1034 1 23.548300 3.714980 21.459700 
1932 2 25.945900 1.359210 19.133200 
1477 1 25.773000 7.132240 22.169200 
142 1 20.473800 11.298600 25.792700 
514 1 25.184800 12.465200 15.350400 
1991 2 22.009800 12.968200 15.357200 
1372 2 20.009300 7.115880 19.371700 
798 1 25.900800 9.478670 23.158200 
1367 2 25.317100 3.126250 25.787700 
565 1 20.601300 10.171200 17.622600 
1312 2 24.818600 3.721150 13.409400 
1011 2 18.392900 5.694490 16.240700 
188 2 18.044200 12.668400 20.493500 
913 1 25.959300 5.328400 19.710800 
1679 2 23.847300 6.524970 21.747100 
362 1 23.820700 3.499220 23.329200 
55 2 22.686300 9.016420 20.043300 
1026 1 21.949200 11.944300 21.134200 
1192 2 22.081800 11.913300 24.860800 
1727 2 17.340100 1.195440 14.788900 
1568 2 20.866600 5.608690 18.066300 
1180 2 19.050200 2.876060 13.701400 
1560 2 24.400600 10.242200 17.316000 
1977 1 13.913600 10.260700 21.550400 
364 2 24.151800 1.120010 23.675400 
423 2 18.954800 12.447900 23.703300 
1293 1 21.090800 7.631220 22.424100 
1032 2 23.308500 9.042830 17.211200 
1813 1 16.057200 8.864820 25.992800 
875 2 26.316000 2.924480 25.832100 
1249 1 17.954100 13.175800 21.130600 
908 2 15.612500 3.859230 23.926500 
1923 2 24.312700 10.950800 15.105700 
1839 2 24.135400 6.161510 15.022200 
115 2 15.575000 10.758100 20.548900 
327 2 13.504900 4.112100 20.384100 
573 1 19.022000 2.102710 22.112700 
117 1 15.942700 9.202040 16.029200 
1888 2 25.465800 2.789020 22.102800 
687 2 14.389900 6.688190 24.117600 
1537 1 14.365800 12.455900 15.208500 
1902 1 21.488300 7.587390 14.661100 
310 1 25.171700 7.628340 16.720300 
524 2 15.327300 5.136730 15.738800 
549 1 23.762900 3.708120 19.231900 
62 1 18.744200 7.864800 23.438700 
1134 1 20.226500 4.743550 24.725200 
1102 1 18.496800 0.490721 23.458100 
94 1 22.345200 1.736680 14.879500 
1348 2 15.836400 12.515100 15.352900 
1121 1 15.524100 4.220510 17.112100 
508 2 14.504600 2.277080 19.788100 
972 2 17.871800 10.020000 22.797400 
1327 2 19.717000 10.214300 19.599400 
1113 1 13.634900 11.707300 22.085500 
1288 2 23.878600 6.674070 21.917000 
601 1 16.449600 6.415870 13.761200 
777 1 18.418600 12.875200 23.452800 
194 1 19.938400 4.446680 18.201000 
1631 2 25.566300 7.592370 18.030500 
284 2 15.466500 3.692490 24.343000 
29 1 21.345400 9.913890 20.156900 
1363 2 14.882300 1.106890 19.057200 
878 1 17.531900 7.461730 24.515200 
694 1 24.159000 9.282900 16.673700 
1903 2 21.687700 7.163830 21.371600 
76 2 20.831800 13.233500 25.446700 
1691 2 20.917800 3.195610 17.842700 
1797 1 16.708700 6.090080 25.095700 
954 1 19.349200 6.357760 16.236800 
123 2 15.468600 2.388490 16.758600 
1519 2 20.042800 10.724000 14.261900 
1376 2 14.824900 6.161140 25.139600 
1688 2 19.895000 9.311380 21.836200 
1456 2 23.499000 13.186100 19.382900 
1317 1 19.119500 10.493700 19.966100 
1762 1 18.848700 11.356100 17.655200 
1750 1 23.069100 11.028900 19.507200 
1967 2 25.237500 3.609210 21.732900 
498 1 15.379200 4.242930 20.813300 
668 2 18.846700 2.399590 16.949200 
376 2 14.233200 11.903200 22.257800 
969 1 22.773200 2.542250 19.806500 
348 2 16.412500 1.728730 25.260900 
1889 1 23.274600 -0.091942 16.450800 
991 2 26.395900 8.558110 22.824900 
1171 2 21.027000 4.548130 21.834600 
1618 1 21.812100 5.082140 26.088400 
132 2 18.339900 1.688750 14.565500 
644 2 19.172000 2.929830 16.939900 
1284 2 14.381200 3.447310 17.311000 
1866 1 16.434200 4.044790 25.161800 
699 2 16.103400 4.592430 22.433100 
374 1 20.313300 7.465110 25.029400 
1169 1 17.634400 3.223290 15.885300 
648 2 17.226300 7.414400 14.671900 
1623 2 20.470200 4.286400 24.415700 
1145 1 13.896300 1.525670 19.454900 
56 2 25.543000 12.663700 15.426000 
784 2 21.953200 1.024460 21.616000 
820 2 21.874000 8.483510 14.397200 
664 2 23.432100 1.248520 24.684100 
495 2 16.775100 8.860620 24.878600 
897 1 18.317800 8.488270 20.970100 
234 1 17.131600 1.449150 16.356200 
830 1 21.179400 1.658940 21.640300 
1050 1 25.666700 13.183600 18.838400 
1949 1 21.646400 3.740560 22.276700 
1383 2 14.065600 6.126990 17.523500 
35 2 24.874800 1.128730 18.332600 
22 1 15.912500 1.256270 13.794800 
340 2 25.172300 6.801510 22.883200 
4 2 13.822800 1.858500 22.958500 
1443 2 23.511200 2.768790 20.433400 
341 1 22.609000 1.304210 22.008300 
1670 1 18.883400 0.274457 20.649500 
1089 1 17.658200 12.700400 14.033100 
776 2 24.012900 5.634300 24.346700 
263 2 26.230100 11.365500 13.294900 
1718 1 21.623700 8.160150 21.138400 
752 2 19.603100 2.559440 20.578700 
449 1 16.909200 11.217900 22.296100 
1525 1 25.213200 0.378838 22.840100 
1191 2 17.065800 12.257100 21.990500 
200 2 20.606300 6.804720 25.896800 
1668 2 26.082100 4.484690 18.406000 
1747 2 22.093000 7.965210 25.324400 
165 1 20.025800 5.422490 13.989300 
294 1 24.424600 2.004700 13.830300 
329 1 15.028400 5.894380 22.548000 
279 2 16.741200 6.837820 18.942600 
1970 1 16.050000 6.649310 17.405900 
1927 2 22.759900 4.128070 17.387500 
5 1 24.559600 2.940130 18.597300 
1898 1 24.055800 10.818900 26.664200 
184 2 18.214000 3.002950 25.999400 
92 2 14.628900 8.658060 18.848900 
1680 2 26.576500 11.407700 17.151200 
1535 2 24.734400 7.005720 17.867800 
599 2 17.129300 12.163900 18.052900 
1044 2 22.082200 10.102000 20.079000 
595 2 13.586800 12.658700 14.396400 
412 2 16.597400 7.763410 26.428000 
1881 1 21.214400 12.073100 16.914500 
763 2 23.748700 12.584200 19.734900 
1671 2 20.174300 11.182900 25.091400 
817 1 13.750200 10.466500 17.668300 
743 2 13.641700 5.431200 21.209900 
153 1 14.353500 5.457000 24.900600 
541 1 16.485200 0.107791 19.582800 
1279 2 20.860400 1.321630 18.067400 
458 1 22.670500 6.499520 18.911300 
1657 1 25.590900 10.917400 19.586700 
1458 1 20.710100 8.651910 18.947200 
1353 1 15.624300 5.925970 14.810100 
1422 1 23.392300 6.864800 14.314500 
539 2 24.653500 5.879090 25.625200 
303 2 18.082500 7.142480 25.281300 
108 2 19.929600 10.654100 15.950700 
323 2 21.923200 1.099210 20.735000 
697 1 14.540600 7.208540 22.758600 
685 1 18.845900 2.261230 13.753500 
1722 1 25.621700 3.762710 24.718500 
786 1 21.751500 12.492500 15.421300 
1719 2 19.994900 4.466330 25.384500 
1910 1 13.911900 3.088030 24.088800 
659 2 20.194300 0.441423 25.376900 
628 2 15.364300 8.799660 18.591100 
571 2 22.822800 13.098600 21.596000 
1087 2 13.409000 3.559150 24.660100 
1110 1 26.312100 10.316900 13.587600 
1737 1 17.192800 4.706690 23.523300 
981 1 22.388900 10.049600 23.293900 
1873 1 20.509900 0.936544 18.592700 
6 1 21.974600 7.307430 24.093400 
750 1 25.144100 6.850320 25.071400 
1650 1 26.176200 0.772812 19.376900 
90 1 24.564700 10.128400 13.932000 
1122 1 25.192100 5.950730 17.890400 
537 1 21.429400 0.941058 25.495500 
1066 1 13.708900 7.300760 19.887600 
531 2 17.503000 6.673510 22.000600 
956 2 19.566800 4.301640 21.306400 
289 1 15.101200 1.214590 19.806900 
717 1 19.650700 4.471210 21.907000 
104 2 17.155800 1.979170 20.864900 
1335 2 13.839600 8.722450 19.779500 
71 2 20.871100 2.426070 15.569000 
1273 1 20.974400 3.216160 16.461700 
1557 1 18.396700 0.614288 14.096600 
1131 2 25.342000 3.939100 15.417700 
584 2 19.769200 2.769620 14.954800 
1625 1 14.122600 6.395420 17.613200 
793 1 13.734400 2.551020 15.347500 
1412 2 20.366200 0.429600 14.176200 
949 1 19.124800 -0.045722 18.248900 
2000 2 26.297800 11.791200 25.516900 
1695 2 15.244600 4.179830 18.148000 
741 1 24.223600 5.679200 22.979700 
1378 1 23.842500 6.458200 15.822200 
1105 1 17.523900 10.538100 16.285800 
1621 1 20.165100 10.733200 23.593900 
193 1 23.872100 8.335780 19.361100 
1629 1 14.709400 11.961400 25.660800 
1603 2 19.923800 10.650200 16.726600 
280 2 19.307700 1.033270 22.138400 
1324 2 17.615000 6.923990 23.128200 
617 1 16.694200 11.062400 19.850900 
1983 2 20.436100 12.352800 18.798500 
1549 1 22.272000 10.571000 14.308300 
1856 2 18.597300 10.534300 19.384900 
1304 2 24.437400 5.721180 19.527700 
911 2 14.142800 11.405600 22.304500 
1473 1 16.820100 3.146360 24.194100 
1462 1 16.049500 8.168690 22.049400 
1937 1 18.253000 7.049180 18.415000 
690 1 19.253200 13.203000 13.877100 
896 2 21.784000 11.922000 17.674700 
54 1 15.165700 9.927510 18.791600 
849 1 18.944600 4.387000 20.407600 
615 2 21.178900 0.348580 13.764800 
1062 1 14.908100 12.034700 19.381400 
791 2 14.405900 11.378900 18.349500 
159 2 13.714900 1.528100 21.580700 
1115 2 24.485100 10.433400 26.537600 
958 1 25.946600 1.663530 15.046400 
342 1 20.718100 0.272452 17.053900 
236 2 20.853400 9.604700 24.919800 
534 1 17.330900 0.488606 14.475400 
246 1 21.498600 12.687200 24.017000 
1520 2 16.636000 0.819344 18.037200 
1433 1 22.589300 0.923024 13.708300 
14 1 17.306900 5.010020 13.509900 
191 2 13.459800 6.629080 22.761000 
95 2 16.268600 13.152100 18.812500 
393 1 23.926900 12.505000 22.331700 
1602 1 20.591300 12.770100 19.015200 
334 1 13.488900 3.895230 20.109200 
854 1 21.700400 9.754090 26.421700 
337 1 20.401900 23.363200 7.208890 
661 1 19.566700 18.487700 5.191330 
1736 2 23.195400 19.288800 10.678100 
139 2 20.442600 25.769300 12.399900 
503 2 14.825800 17.739000 9.504920 
1562 1 18.771200 15.135300 13.281600 
1658 1 20.196500 14.740600 10.711700 
49 1 22.376400 18.920100 9.095240 
759 2 13.545400 22.280300 2.560630 
1870 1 16.407400 21.443900 13.277200 
1441 1 23.669300 20.291500 2.979710 
946 1 14.737200 24.264000 3.812420 
290 1 13.990600 18.328800 1.951120 
1528 2 25.521900 13.801800 1.358330 
1362 1 13.850100 23.381300 3.417060 
1829 1 24.472500 21.686800 4.981850 
1129 1 21.024100 15.258700 0.401803 
1226 1 16.171100 19.390900 6.167460 
431 2 13.257400 16.657000 8.060010 
88 2 22.316300 14.529300 7.223760 
1878 1 14.246400 18.801100 6.373760 
1498 1 16.180900 13.760900 10.424000 
1815 2 17.765800 14.226100 6.288060 
1926 1 24.521900 24.643000 10.468700 
789 1 14.235400 19.200700 8.850730 
1947 2 15.829300 23.087900 6.567800 
1369 1 14.188900 16.973600 5.589490 
1702 1 24.167400 23.553900 3.194490 
469 1 20.568100 25.118200 4.310440 
662 1 14.629900 26.417100 0.639968 
570 1 17.720100 16.054700 5.594950 
1772 2 17.680100 17.040800 1.566490 
1364 2 15.226400 25.593500 7.130510 
75 2 22.190300 22.613000 3.743630 
983 2 14.770600 16.866500 1.858280 
1581 1 15.661900 26.201900 11.695400 
1503 2 23.084400 20.244700 13.224900 
1250 1 21.082900 23.993000 11.550000 
1055 2 15.607200 24.416100 12.562800 
1738 1 16.214200 20.972700 6.267670 
1507 2 19.257000 25.309600 4.096460 
739 2 22.271800 24.906400 3.148720 
1112 2 18.869900 15.092400 1.294260 
154 1 23.233400 20.058300 7.953500 
613 1 23.284800 22.618000 1.090850 
710 1 25.684200 13.598300 6.668330 
1300 2 20.859500 23.020800 9.479470 
1541 1 23.884300 15.532900 6.040600 
976 2 24.626400 17.155100 7.130240 
16 2 15.998500 24.414200 7.835290 
663 2 19.711300 20.620200 12.365500 
1090 1 23.495900 13.875000 4.098800 
961 1 14.624100 25.869700 5.862930 
1933 1 20.999400 25.869700 7.337270 
1030 1 15.019600 17.121000 10.525100 
70 1 22.196600 17.074000 0.251352 
517 1 17.809900 16.056700 7.724120 
1408 2 26.296300 25.984800 5.192520 
256 2 21.707800 21.213300 12.426000 
860 2 19.345000 26.133900 6.044310 
1872 2 15.684900 25.307900 6.598970 
36 2 16.666400 13.630600 1.953800 
1610 1 16.860100 24.536400 11.637600 
765 1 17.850500 13.856000 4.662880 
77 1 16.069200 25.887300 2.742260 
361 1 16.513800 16.543100 9.302590 
955 2 20.149200 21.948000 2.526490 
1846 1 16.623800 18.896400 8.542350 
1038 1 23.884700 14.547400 10.250100 
209 1 20.300400 15.688000 1.619200 
432 2 22.552300 20.778200 6.946370 
1552 2 18.510300 18.369800 4.397360 
162 1 14.319000 20.757700 2.381880 
589 1 16.219400 21.527500 7.607010 
522 1 23.582300 16.320100 10.469300 
1272 2 13.441900 14.803900 11.863800 
160 2 23.989500 19.727400 4.996670 
33 1 15.466900 23.093900 7.414360 
1585 1 20.919100 23.157000 3.541330 
920 2 13.242300 16.900900 8.036530 
433 1 24.480400 24.191600 5.648920 
87 2 25.301000 26.004200 1.666990 
1440 2 19.486500 23.395200 2.937570 
1057 1 26.460700 25.108400 6.792720 
1524 2 16.270100 17.075200 9.210920 
1564 2 23.134400 23.256800 11.845100 
818 1 22.313200 17.205200 6.599320 
1341 1 24.821500 24.678500 11.800800 
1484 2 13.807900 14.842700 11.985700 
383 2 24.337300 23.865200 8.515310 
1703 2 20.910600 18.556400 3.779390 
1906 1 26.026700 18.311300 10.847500 
1850 1 17.926700 24.011100 1.269930 
322 1 25.286100 21.930100 8.406390 
1371 2 13.850300 22.321300 3.460430 
1390 1 15.260400 14.862600 2.546950 
1248 2 22.206900 15.186600 10.855800 
444 2 24.445900 23.068900 5.214010 
626 1 14.493300 15.073300 12.198100 
552 2 25.138200 24.702100 11.312100 
417 1 25.429300 25.781100 4.346510 
358 1 20.248200 17.689600 9.138160 
349 1 23.636900 24.310800 8.256850 
1505 1 23.326000 14.250000 9.471080 
540 2 18.424100 18.966900 6.066380 
326 1 15.654900 14.210300 5.265350 
251 2 25.931300 18.102600 8.639450 
1103 2 26.460400 16.659400 1.922730 
178 1 21.380900 24.740100 2.321410 
1978 1 22.104500 18.572900 10.522100 
1225 1 20.824600 15.490900 9.146760 
933 1 22.016500 21.347800 12.694900 
149 1 26.128200 15.605000 2.160610 
990 1 13.855100 20.375500 10.976000 
247 2 23.399700 15.131400 11.455700 
124 2 25.365400 18.654000 1.566360 
456 2 19.988000 16.775100 0.070015 
768 2 14.756400 18.209000 5.256860 
365 1 15.742400 17.389800 1.916000 
179 2 22.485900 18.649700 10.436700 
1945 1 20.671500 19.930800 12.175900 
1201 1 25.539300 21.559100 11.774600 
792 2 24.170300 14.100600 12.252400 
1529 1 26.385500 16.703100 4.379930 
785 1 14.771900 13.627000 9.007880 
1685 1 26.347700 22.878100 2.432880 
1455 2 14.317500 15.853700 11.693000 
527 2 15.781300 20.790700 5.610000 
1253 1 25.023200 13.953900 12.213300 
872 2 21.526400 20.059500 0.325020 
1435 2 20.321400 15.687800 0.944240 
1952 2 17.423300 20.536300 8.004850 
1323 2 14.322000 19.071400 0.185715 
1261 1 20.139600 19.209800 7.644110 
1084 2 14.996100 19.301300 5.956520 
1575 2 21.215700 15.698600 0.150390 
826 1 26.098200 16.821700 6.885180 
384 2 22.204600 13.407500 9.920250 
1447 2 25.185600 24.679700 4.150950 
672 2 17.077700 20.582600 8.559770 
146 1 19.860000 26.584300 8.748990 
932 2 24.481500 20.211500 4.153070 
1819 2 21.918400 17.402600 8.927810 
591 2 17.150700 20.780400 12.093800 
1282 1 13.371600 21.163600 9.022760 
1795 2 20.459700 13.379600 12.941100 
1717 1 22.836700 24.705700 2.453060 
1861 1 16.154900 17.163800 7.591730 
1109 1 19.482700 13.228400 8.784040 
437 1 24.581300 21.794000 6.205620 
593 1 13.757700 20.896700 5.194310 
356 2 24.298900 21.733300 6.849590 
1231 2 13.576100 20.533800 2.974280 
1644 2 15.353100 15.923400 1.538860 
335 2 21.232900 23.099400 12.150700 
46 1 18.006500 25.050400 4.487470 
1675 2 15.847900 24.795000 10.046800 
1202 1 19.561700 23.863300 9.117340 
563 2 23.962300 13.724000 3.337260 
1774 1 18.061500 19.682900 2.970960 
377 1 21.479500 18.393900 3.452310 
962 1 23.916500 17.352200 11.730700 
1533 1 26.081700 17.945300 3.521760 
959 2 17.950400 20.157400 1.450440 
1769 1 17.429000 22.623100 9.271370 
987 2 23.193000 18.225300 12.179900 
684 2 14.401400 26.101100 5.659350 
1899 2 26.469500 14.837200 11.258300 
1289 1 22.584900 21.947400 9.324430 
715 2 15.858400 22.327600 8.871800 
1617 1 13.791100 23.830900 7.093550 
771 2 26.103400 18.050500 5.067310 
312 2 17.803900 21.626200 10.570600 
390 1 19.105900 21.457800 2.330760 
1480 2 21.211200 22.201700 5.420860 
1551 2 16.750100 25.338600 8.406430 
807 2 22.404700 16.175800 6.248890 
634 1 14.451600 16.735200 8.453310 
241 1 21.529800 17.303300 13.147600 
1479 2 23.745600 25.664200 1.158060 
305 1 16.664000 20.051900 11.459100 
213 1 13.799700 15.406100 9.053690 
766 1 18.194500 18.402800 7.269620 
26 1 19.834800 23.093800 4.704140 
172 2 21.604800 17.280400 11.940300 
836 2 23.632900 21.980800 1.314340 
174 1 21.915500 20.075500 2.897790 
816 2 14.106600 13.354000 9.444080 
1470 1 16.655400 21.067900 9.355770 
1653 1 25.935600 22.427900 9.387700 
474 1 25.178000 26.155400 9.659080 
1311 2 18.813300 24.790200 6.424880 
422 1 13.888300 25.679900 9.142640 
1773 1 18.053000 18.199200 1.482230 
1432 2 23.422200 26.074200 8.771620 
316 2 15.594200 16.666200 8.899240 
1538 1 18.463100 16.028000 0.070900 
1696 2 14.711000 25.137700 2.966750 
1246 1 17.467500 21.069200 10.761900 
828 2 15.345700 19.742600 11.916000 
1141 1 19.781700 22.121100 12.267600 
891 2 17.357300 17.543300 6.779550 
23 2 26.165000 21.926900 9.238630 
1239 2 20.896400 23.015200 8.861450 
34 1 22.492800 23.191800 5.337050 
656 2 19.397300 25.396900 8.274680 
801 1 23.152300 19.572200 12.435900 
1375 2 16.102300 19.324100 8.041850 
242 1 19.141700 13.289200 6.434010 
635 2 21.413700 21.006000 8.053100 
588 2 19.483200 14.037700 9.763400 
1260 2 15.064500 23.515800 2.688050 
1493 1 15.885500 22.569600 12.530100 
1609 1 25.095300 17.155500 3.882790 
1936 2 20.605500 17.226400 9.075740 
773 1 22.989900 16.221200 3.428820 
151 2 23.928800 24.653400 12.322800 
418 1 23.887400 13.934200 11.891500 
1278 1 14.236100 17.111500 12.935500 
1420 2 19.437000 23.016900 5.247350 
1125 1 24.124400 19.312400 1.010440 
1051 2 23.972000 21.658300 4.767030 
1539 2 23.905800 18.467000 0.977338 
370 1 17.939700 25.844600 1.645990 
696 2 21.249500 24.457300 1.637450 
318 1 17.456300 17.396500 4.552550 
551 2 22.801100 14.403900 8.396230 
910 1 16.638900 20.988700 0.329224 
1064 2 17.671900 25.526600 0.582625 
235 2 20.196100 18.408600 6.539830 
1357 1 23.041800 23.742900 12.134000 
1241 1 18.756500 24.010500 3.624050 
1676 2 14.274100 22.271200 13.341900 
1437 1 16.920800 24.983200 7.552650 
516 2 18.407900 14.599400 6.316950 
1307 2 14.875600 20.297900 7.031890 
548 2 19.391800 23.040700 12.977700 
1297 1 13.666200 17.865900 7.422130 
640 2 15.761200 14.357000 4.925480 
143 2 17.964600 14.832200 7.528090 
1104 2 18.509300 24.858400 12.569300 
895 2 14.820700 13.873600 8.737420 
1586 1 17.379600 18.985400 13.203900 
27 2 18.617600 21.233100 12.921100 
253 1 23.914900 18.302600 12.747500 
212 2 26.296800 18.193700 13.706300 
643 2 17.733900 20.956100 20.580400 
1048 2 17.747200 14.823100 15.793300 
470 1 25.929300 20.284500 20.144700 
185 1 23.322300 17.439100 22.030200 
490 1 22.403200 18.188100 16.814000 
1953 1 20.522700 15.982800 13.573900 
52 2 21.991500 23.314200 14.211200 
347 2 21.039800 23.557700 19.361900 
1790 1 18.101200 19.660000 16.625100 
1106 1 14.852900 14.646900 14.562600 
1427 2 23.731700 25.900400 25.187500 
890 1 15.278200 19.858700 23.302400 
1072 2 19.384900 13.866300 14.231500 
435 2 23.755900 15.113800 21.491000 
1964 2 14.385400 21.230500 18.890400 
748 2 22.425500 19.923400 18.720900 
1659 2 13.835500 14.137900 20.482500 
1329 1 15.112200 19.741900 16.414600 
623 2 24.480800 16.236000 25.837000 
906 1 26.125600 23.961600 23.795600 
338 1 16.499700 26.077100 25.064000 
1140 2 13.131300 21.645000 16.986800 
521 1 19.976600 24.793800 13.608300 
964 2 20.638700 16.005800 16.883100 
1652 2 17.300700 25.658000 24.300800 
1450 1 16.191800 24.989800 20.248100 
171 2 25.617200 20.359700 25.289600 
733 1 23.840500 22.223400 19.278700 
197 1 19.220600 20.434600 22.906600 
693 1 22.427000 19.152800 21.876400 
1135 2 16.789400 22.422100 14.542900 
99 2 15.171300 23.889700 25.084000 
1987 2 20.970400 20.620000 20.272800 
951 2 15.511400 26.028900 25.992900 
1211 2 21.860500 22.920100 24.532900 
556 2 13.882900 17.339400 13.693600 
367 2 23.489100 24.552000 21.184900 
654 1 20.817700 23.792200 13.989500 
1555 2 26.242700 24.920700 17.918500 
707 2 15.770000 18.679400 25.219400 
1796 2 22.532800 17.317800 24.389100 
1407 2 26.527300 13.771800 16.668100 
1501 1 13.893200 18.315500 19.942200 
406 1 15.399500 25.523400 14.356200 
851 2 21.214700 19.914300 21.882800 
1415 2 24.311800 20.134700 16.202800 
1076 2 21.700400 21.803900 23.190900 
1667 2 20.366200 20.289700 26.350400 
473 1 17.550800 17.035200 18.489100 
39 2 19.795600 24.198400 25.900600 
1056 2 25.401200 26.333300 15.030500 
1921 1 23.853600 21.583100 16.545600 
1711 2 15.598600 15.917900 23.075900 
1035 2 17.313400 23.830000 16.247400 
578 1 25.645500 23.643600 14.142400 
1611 2 16.020500 26.493200 16.967200 
198 1 21.854000 16.454200 24.588100 
44 2 18.506000 19.211500 17.128200 
1187 2 19.571300 15.905200 17.316600 
1394 1 26.537600 23.128700 17.662200 
1634 1 22.259100 18.422300 18.021100 
523 2 18.703600 20.494100 22.618000 
1595 2 22.639300 13.654900 20.556600 
129 1 25.917300 24.608800 17.995500 
410 1 19.791400 22.237000 25.669300 
427 2 16.842800 25.202000 18.584400 
568 2 20.161700 24.518800 20.107800 
888 2 18.937200 24.152500 21.719000 
1474 1 16.107600 24.599600 17.986600 
1763 2 19.911200 26.396800 21.351300 
1980 2 22.179400 18.303100 20.992600 
1274 1 14.601000 20.024400 25.769100 
1546 1 13.548600 15.461700 14.807500 
84 2 25.724500 15.247300 17.979000 
20 2 21.710200 24.808100 15.371600 
355 2 14.702300 19.262500 20.050700 
301 1 18.652200 15.367600 15.654900 
1956 2 15.402400 23.104700 25.966000 
186 1 16.373800 16.819800 16.723400 
853 1 19.533000 14.914800 21.737900 
1615 2 26.074400 20.054100 19.234100 
993 1 21.772500 15.194100 20.473400 
224 2 24.715100 26.517200 14.969000 
298 1 21.966600 25.845400 15.638800 
905 1 21.114100 24.046100 23.362800 
1257 1 25.291500 25.382000 13.937000 
492 2 14.934300 14.916500 14.650700 
214 1 13.441900 26.274000 14.865900 
21 1 25.472600 13.724100 17.018600 
141 1 14.776700 16.371100 22.818200 
1682 1 23.218700 22.473600 22.677200 
1853 1 14.967700 21.099700 18.126300 
1286 1 14.051100 24.995700 18.163900 
947 2 24.321100 19.037200 21.176600 
1821 1 19.819900 22.195800 21.778500 
320 2 24.263000 14.196600 18.940900 
67 2 13.470000 15.690400 21.245100 
1419 2 18.360600 25.549000 25.940200 
1310 1 15.105000 20.863600 19.594300 
407 2 20.614800 25.154400 16.577000 
848 2 18.843900 19.880900 24.192300 
1497 1 14.933700 15.235600 18.800100 
630 1 20.655900 20.394400 15.493300 
1426 1 17.817100 14.935600 14.192200 
225 1 26.116700 15.340000 19.137300 
723 2 20.759300 17.423000 13.681900 
218 1 20.687500 25.778500 25.794400 
1544 2 20.461100 15.030500 20.711300 
442 1 24.519600 21.535200 13.782000 
249 1 15.599300 24.412800 21.430500 
134 1 19.524200 17.368800 17.521700 
1150 1 13.854700 23.044100 13.703600 
271 2 23.984200 20.974100 17.018100 
636 2 18.704100 13.764700 20.188700 
485 1 19.462300 17.856300 14.909100 
1236 2 23.157300 17.973100 21.184000 
1374 1 15.568900 13.677900 23.803500 
1777 1 18.228900 23.867200 23.208400 
486 1 20.479800 15.233900 17.905300 
1599 2 16.316100 16.911500 14.541700 
756 2 25.726200 14.339300 17.088600 
15 2 13.777700 21.321400 23.219300 
1416 2 14.887200 14.783700 26.529400 
1814 1 22.616000 25.198000 21.473000 
1222 1 17.325500 16.496400 19.304100 
577 1 14.250500 16.071600 16.630700 
1812 2 14.089500 20.225300 24.876800 
1461 1 22.835500 14.682700 16.793200 
1074 1 24.915100 17.145700 18.244600 
1295 2 20.716100 23.408600 13.272300 
1559 2 15.594700 14.325000 13.776600 
1573 1 23.413900 16.278700 15.660500 
1174 1 25.467700 15.564900 25.345300 
1235 2 14.473900 21.727700 15.247900 
1998 1 16.380400 14.229300 17.518000 
1404 2 14.274900 15.257600 17.210400 
1280 2 22.886200 25.649900 17.738600 
430 1 16.609100 20.671700 16.391900 
1384 2 16.880300 25.684300 14.853300 
1798 1 20.106200 19.700200 21.216000 
1901 1 16.868700 19.757200 26.186800 
448 2 15.093200 25.389900 18.429700 
351 2 16.009500 19.130600 16.091600 
1515 2 24.574200 19.578900 15.236100 
211 2 22.309400 18.591500 16.983500 
928 2 16.602600 16.014000 20.297800 
53 1 18.756200 23.115700 17.509700 
210 1 23.058500 25.745000 18.062300 
467 2 18.920500 17.995100 19.120700 
596 2 15.304700 25.223400 20.434500 
183 2 24.463800 23.768600 22.123400 
844 2 22.146500 22.131500 17.992800 
1053 1 19.679800 22.988500 19.663100 
1924 2 24.505100 15.282700 22.697000 
270 1 19.813500 19.669600 18.704400 
709 1 17.592800 24.328000 16.196200 
89 1 21.245800 19.691400 23.739200 
1781 1 25.586800 25.957500 15.992800 
567 2 17.246200 22.016900 25.703800 
790 1 25.879000 22.796300 26.122600 
8 2 22.879700 25.212000 23.040900 
202 1 20.698700 16.874000 18.893500 
1414 1 17.193200 18.573800 23.508200 
1574 1 20.165100 24.645100 16.000100 
331 2 14.183900 14.393700 16.431200 
306 1 22.255800 23.031000 18.194200 
1010 1 26.326800 24.426800 21.635800 
1867 2 15.541800 21.126400 21.182800 
226 1 23.481300 14.821800 26.214700 
1776 2 13.616400 26.004200 14.697900 
1154 1 15.194900 18.588100 18.093400 
1006 1 15.934800 25.876100 21.468700 
926 1 13.316200 24.125700 21.426700 
111 2 18.241200 21.446100 24.447400 
1291 2 24.700700 13.537700 26.357800 
1692 2 17.920800 20.485100 16.453200 
282 1 25.163000 24.376500 20.005600 
509 1 15.106800 16.874900 14.642600 
1576 2 14.792800 13.356900 24.140000 
1828 2 21.199100 19.238900 18.097400 
1073 1 19.238900 18.077300 24.473400 
1483 2 14.782700 26.051600 14.232000 
1862 1 19.816900 24.788500 24.933200 
1645 1 19.519800 21.540800 13.614700 
1608 2 24.671600 21.619600 17.402500 
1207 2 26.225600 17.908500 16.266800 
255 2 13.821400 21.049900 18.202800 
1025 1 17.203700 20.926700 21.648400 
1787 2 20.590100 16.068900 23.518800 
1478 1 13.458600 17.189300 19.120000 
1151 2 26.343900 23.330400 26.528800 
1189 1 18.831100 25.362600 21.590800 
299 2 26.298400 14.554000 18.520800 
100 2 19.369600 26.073000 18.419700 
12 2 25.616800 24.376300 22.138600 
1637 1 26.036600 25.868100 23.629700 
1509 1 22.302000 13.378700 21.147700 
1028 2 13.968600 23.860800 15.509500 
566 1 22.257300 21.228500 20.649300 
510 1 23.494700 13.562200 18.426600 
254 1 17.531900 24.807500 25.453300 
1554 1 22.605400 25.048100 22.879600 
1016 2 18.199000 22.331900 14.443000 
72 2 16.208400 22.292000 19.620900 
692 2 20.056500 20.556600 21.310300 
233 1 13.528600 17.162600 24.210000 
738 1 13.684400 21.275200 26.117600 
884 2 20.623300 22.242100 25.683100 
106 1 18.235600 13.595800 19.444900 
1409 1 21.171100 20.033800 18.826400 
1019 2 23.723000 15.861700 16.314400 
1565 1 22.782900 13.993200 15.672700 
1395 2 13.722200 22.236300 24.378200 
1917 1 24.369100 19.767600 20.588500 
1388 2 22.239100 16.180400 23.116000 
1147 2 15.282600 24.629900 21.550800 
506 1 21.011200 26.360800 13.985500 
769 1 19.905800 24.510600 19.966600 
1686 1 17.340400 22.814900 14.486500 
1832 2 24.828800 24.820200 18.139600 
450 1 17.382300 21.340900 18.017100 
500 2 19.199400 15.810600 23.747000 
1825 1 25.079600 20.842600 22.729200 
1485 1 15.811400 22.225500 20.792400 
262 1 18.225400 21.536600 19.556700 
1287 2 25.995200 21.006400 22.562500 
781 1 16.888500 15.346700 23.058700 
1068 2 18.243600 17.202000 20.548700 
1316 2 18.309700 23.045800 18.461600 
230 1 26.181700 13.839100 22.629300 
286 1 24.160200 17.883900 23.140300 
1159 2 25.491100 19.259200 16.887100 
619 2 18.207400 20.140600 14.638800 
996 2 23.736900 19.365300 14.207100 
220 2 15.194800 18.702200 18.327900 
1193 1 25.189500 20.069000 17.905900 
42 1 21.784400 22.439400 25.850200 
971 2 14.664300 16.268400 16.611500 
864 2 24.503200 19.056100 19.680400 
1954 1 22.780100 24.264300 25.330400 
1077 1 26.555100 21.685000 13.356600 
1132 2 26.501500 24.415200 22.620300 
968 2 15.542000 13.433000 25.793000 
1513 1 23.345200 20.316800 25.240500 
925 1 25.551600 21.623800 16.943800 
1764 2 17.033200 17.755600 24.676100 
912 2 25.394700 23.099900 14.672300 
1237 1 25.486100 18.353600 15.788800 
594 1 20.185500 16.818000 24.055600 
855 2 19.641700 17.400500 25.858000 
1605 1 19.206500 17.433200 26.425600 
64 2 17.349400 16.079500 18.031000 
1510 1 20.224900 15.148200 24.758800 
1002 1 14.607600 17.903800 26.114500 
1960 2 15.558100 19.565500 26.421100 
1593 1 23.526800 16.682700 24.316600 
1740 2 17.883100 18.693900 14.058800 
1890 1 25.823600 19.604800 26.153600 
1238 1 15.915200 22.022500 25.785200 
1333 1 15.802300 14.975900 25.032300 
586 1 26.063900 16.769800 15.590400 
7 2 18.981700 25.166400 22.409000 
980 2 24.393200 21.119100 23.622600 
858 1 23.006400 25.485600 25.388600 
204 2 23.959500 15.465600 26.169900 
1126 1 14.420000 13.625700 16.531200 
939 2 21.971100 25.198400 26.450100 
1029 1 16.313100 26.299500 17.895900 
1994 1 15.145800 20.238800 14.381600 
1583 2 20.040600 16.236400 13.474000 
608 2 23.935600 21.628900 13.388300 
103 2 15.949200 14.262500 13.356800 
360 2 16.275000 14.977700 13.389600 
