id type x y z 
848 2 10.155700 0.573298 2.070320 
752 2 10.486800 3.669120 0.088114 
696 2 7.259110 11.256900 6.656640 
820 2 9.212940 0.889072 0.447909 
401 1 2.373550 6.468190 10.312400 
1834 1 0.463247 9.994420 7.027100 
1422 1 4.921350 10.623900 2.012340 
1668 2 2.790670 1.850960 8.620470 
278 1 12.529400 5.348600 4.225680 
880 2 3.368030 9.726770 0.697023 
1761 1 2.246930 11.365200 9.341850 
917 1 4.119850 10.016100 7.364060 
671 2 4.069720 9.271730 5.103710 
593 1 10.448700 9.822470 2.089170 
624 2 9.953790 12.859800 4.736850 
1228 2 1.628280 0.553226 5.199100 
1542 1 9.107040 9.144640 10.795300 
743 2 7.318620 0.840855 4.190320 
423 2 10.395500 12.297800 10.869700 
615 2 5.013190 1.374390 8.389850 
29 1 11.193100 7.395260 11.702400 
34 1 3.620020 5.895640 4.138410 
1439 2 7.500900 8.830290 4.898190 
704 2 10.230800 8.822600 3.853810 
770 1 5.484900 10.319400 4.722110 
1485 1 5.052370 7.505390 12.882300 
702 1 1.398030 3.410420 8.634490 
1424 2 3.636620 6.865800 8.212220 
819 2 10.777500 13.211200 8.755840 
1734 1 10.749500 7.570480 8.389060 
1500 2 0.572980 1.597450 11.831000 
335 2 4.828270 11.684700 9.259280 
1145 1 9.872090 0.200798 8.010090 
632 2 4.882550 10.387800 6.966790 
1206 1 2.926730 2.057550 8.820490 
943 2 11.612600 10.771000 9.030170 
1836 2 7.936220 3.077020 7.397770 
1598 1 1.943800 9.124940 8.932390 
1738 1 3.607940 0.211504 11.063700 
1686 1 4.720290 10.661800 10.161600 
1918 1 8.794920 10.342300 4.144340 
1526 1 6.196450 9.210610 5.871110 
1369 1 12.855100 3.005810 2.091870 
1140 2 4.373470 4.674320 3.877640 
1124 2 11.081600 4.684840 9.229130 
240 2 6.664100 12.816100 10.203000 
1479 2 0.796388 9.028950 6.290670 
1302 1 4.678580 7.268090 5.602990 
1117 1 6.178170 5.806920 7.112600 
1739 2 2.395780 10.428700 10.179400 
1593 1 8.727060 4.931930 5.603310 
614 1 1.777370 0.314884 3.654060 
225 1 12.777200 8.497780 12.978700 
1530 1 8.851340 6.174620 3.669700 
371 2 3.692970 9.523480 11.197500 
1985 1 8.954240 0.943504 0.826238 
171 2 13.171400 1.872390 11.527000 
30 1 9.198020 4.649740 11.904800 
818 1 11.771600 9.028820 6.391290 
1397 1 0.830230 4.056910 1.378760 
1616 2 12.723000 3.116100 4.548860 
877 1 1.301690 5.742090 2.807210 
411 2 3.753760 2.605870 9.866950 
415 2 0.662540 12.030100 10.158300 
1688 2 4.856410 12.808200 8.828300 
1921 1 8.308760 2.617940 7.070120 
37 1 4.336650 12.253800 8.056900 
887 2 1.992220 0.377463 3.536130 
137 1 6.067330 11.738300 10.266900 
1203 2 11.506800 9.578030 12.290600 
140 2 6.023450 4.332740 11.374600 
1009 1 12.686800 8.390780 10.675900 
514 1 2.381420 11.236400 4.185080 
1477 1 6.377570 1.463790 10.920400 
1067 2 4.213300 4.606000 4.727150 
1233 1 12.062800 11.683000 12.610100 
93 1 12.762400 4.121800 9.000720 
1195 2 4.114850 10.739200 12.215200 
1332 2 5.104820 2.015440 5.513780 
102 1 4.716710 13.173600 2.602720 
392 2 5.950640 3.414170 9.705040 
975 2 5.228700 8.799240 1.111730 
1781 1 3.729470 2.026190 1.348810 
990 1 12.279700 12.246600 9.780580 
747 2 13.205300 8.288720 5.480110 
1396 2 11.063200 12.035100 6.620450 
501 1 8.240810 4.098780 0.190905 
1585 1 4.697370 4.585210 5.345210 
1979 2 11.791500 11.894700 1.018700 
772 2 6.217040 10.079700 5.992230 
999 2 10.227900 5.219570 13.242400 
1271 2 11.185000 4.615030 3.564060 
613 1 8.187010 3.847230 8.674560 
1168 2 6.284440 6.650480 10.843500 
1315 2 9.177010 0.925972 3.562470 
534 1 11.303400 4.182670 2.167440 
1484 2 12.084900 9.466680 12.203200 
1933 1 2.765730 7.947610 3.982450 
1425 1 0.549999 4.831560 0.278979 
1026 1 12.354600 6.602090 5.744420 
1497 1 6.444570 9.802100 7.662890 
239 2 1.431190 6.722020 10.758300 
383 2 8.829750 3.493950 5.775270 
45 1 2.552860 8.781340 5.760970 
1839 2 8.301610 3.038270 8.957120 
1991 2 4.156110 5.343910 3.103200 
35 2 12.205900 8.836790 7.805910 
603 2 0.212029 4.407240 10.759400 
1070 1 6.124820 3.082640 7.178860 
460 2 9.804520 3.420540 11.853500 
1143 2 8.267360 1.144370 12.093300 
1467 2 8.422780 8.568570 7.724290 
1754 1 10.622700 11.383000 8.330310 
66 1 5.777160 10.803600 6.823200 
1517 1 3.170840 1.508050 3.014060 
1060 2 3.530250 1.790620 9.027510 
1268 2 2.112700 3.476390 2.299410 
1260 2 2.139000 5.206910 12.949700 
1797 1 5.505030 10.283200 0.726445 
1718 1 7.534140 13.014200 8.930190 
732 2 7.751630 11.601200 10.005800 
119 2 8.669750 6.425440 9.403930 
1013 1 9.650300 3.835070 10.947700 
475 2 7.468540 8.346870 3.977040 
1617 1 8.412020 8.677460 9.205320 
1035 2 5.115340 9.569500 0.280601 
326 1 4.495800 5.172810 8.054630 
506 1 7.748720 0.470130 11.691900 
494 1 8.527560 1.912380 2.951680 
125 1 10.579300 4.714320 3.993980 
1314 1 1.418780 4.697200 10.130200 
1844 2 7.433310 10.121900 12.579300 
1028 2 2.999980 8.976650 3.574860 
1636 2 3.517860 1.405680 2.507580 
800 2 9.750870 2.033080 11.413600 
1615 2 6.924840 8.103130 6.074120 
1672 2 0.771425 11.057100 11.699500 
1566 1 7.158770 9.059050 12.995900 
971 2 8.924350 4.165110 6.250880 
1428 2 4.713000 5.085510 3.376090 
1709 1 4.241570 7.824080 8.153800 
1808 2 11.110000 2.700630 11.346500 
214 1 0.182595 5.458580 5.012380 
1731 2 4.369030 7.325000 12.346800 
1123 2 7.261050 7.865360 12.228400 
1415 2 11.034100 10.137100 9.401750 
1594 1 12.190300 10.124100 0.718473 
788 2 10.777300 7.982520 10.593600 
559 2 10.574900 3.159030 12.660000 
1378 1 9.173600 10.504100 12.805700 
565 1 9.464880 0.759553 4.145070 
668 2 2.219330 12.104100 0.812922 
677 1 2.357310 12.939900 4.197570 
851 2 11.328800 11.857700 2.256050 
246 1 11.737800 2.259700 4.207830 
827 2 9.485180 8.883050 11.578300 
1343 2 3.729100 8.149200 5.067070 
1865 1 1.827180 10.005200 10.972900 
1968 2 8.464340 0.960097 3.076580 
1846 1 4.085250 12.762900 12.023200 
1082 1 12.608600 2.782890 11.314900 
678 1 5.511700 9.814140 12.218100 
861 1 6.628630 5.617310 11.215700 
1603 2 11.154000 12.738800 8.005660 
341 1 4.417080 8.146480 2.695320 
1541 1 8.203450 11.501300 9.124710 
1815 2 3.333460 10.435100 6.657830 
1553 1 9.133350 1.835100 10.292100 
1217 1 4.134960 4.617960 1.867720 
1018 1 2.394560 1.044560 9.773260 
1386 1 1.106280 1.777190 12.869500 
1902 1 2.020290 7.448500 0.748132 
964 2 4.437050 7.308260 12.017000 
447 2 2.393420 6.272380 9.722220 
939 2 7.213890 3.254150 3.113150 
1395 2 9.081870 12.894400 7.279910 
1364 2 3.273800 13.029600 0.533859 
685 1 2.011160 1.516570 4.974760 
1611 2 12.203000 10.124400 7.309290 
191 2 10.734400 11.903100 12.216900 
1881 1 7.317210 9.655030 11.112100 
184 2 3.752420 3.860080 9.078040 
758 1 6.712910 6.740990 3.179260 
1986 1 10.540600 2.147810 12.549000 
857 1 7.195200 0.920279 6.307630 
116 2 6.678480 6.502460 8.095320 
1157 1 10.943200 4.465860 9.684470 
330 1 0.912031 1.135750 6.893840 
439 2 9.277480 2.603070 11.370500 
1286 1 4.186570 3.253600 9.135210 
1253 1 6.372760 9.446820 3.042750 
1543 2 11.536900 8.542550 0.437518 
1729 1 4.986740 2.719970 2.809070 
124 2 4.400650 11.302200 4.700570 
1779 2 4.975480 6.472490 7.405720 
1721 1 8.434300 8.701790 5.221860 
1412 2 7.248810 9.902630 13.015200 
670 1 10.769600 0.167254 2.825350 
717 1 3.100370 9.323280 0.432026 
1528 2 12.630600 6.249500 7.303860 
1440 2 1.000380 2.820690 10.116800 
1648 2 12.705700 3.025340 3.361800 
531 2 3.173130 11.616800 2.001710 
1783 2 10.535800 6.844990 0.507772 
1642 1 6.250460 0.180507 4.143860 
1577 1 0.275798 5.126080 12.870900 
1595 2 4.640190 13.051200 4.585060 
204 2 0.085247 6.399710 4.518650 
561 1 10.375300 4.289850 0.507478 
72 2 2.621590 12.830800 11.797500 
1726 1 4.149540 0.123631 7.982900 
599 2 2.606960 7.791760 1.361200 
953 1 5.838530 6.655040 9.370550 
1358 1 10.719600 7.827390 1.698230 
1750 1 0.781131 9.396190 3.158030 
823 2 12.388200 11.622000 13.156300 
104 2 8.835840 5.732610 12.213000 
595 2 5.253550 4.904030 4.243790 
226 1 8.421390 12.583300 11.958900 
1903 2 6.435310 0.858994 11.553300 
74 1 0.453709 0.330755 6.643990 
277 1 2.586160 11.297300 2.102080 
1110 1 6.501890 0.822006 1.389740 
1997 1 5.426590 5.440110 11.601900 
1460 2 9.244690 11.084600 12.606700 
1083 2 2.659180 1.172360 9.354700 
846 1 9.858080 12.812000 3.260600 
442 1 12.178200 5.960590 7.332040 
200 2 0.020103 8.412900 9.086680 
1402 1 12.860200 10.183700 10.953200 
1524 2 4.895420 7.633960 3.817640 
1861 1 1.507200 8.084900 11.293100 
1959 2 10.769800 9.326430 0.887025 
1308 2 7.795620 12.015600 3.698040 
68 2 0.097605 11.977100 7.634240 
1632 2 6.153750 0.404360 1.328450 
1640 2 1.186240 1.280400 2.260610 
1095 2 1.046280 3.084770 3.692010 
1978 1 12.219300 11.515800 1.503070 
1696 2 10.607700 8.351520 2.790980 
885 1 11.172900 12.756800 2.962380 
1032 2 0.983910 5.616860 5.732890 
816 2 12.241800 7.525980 3.528590 
902 1 7.631400 11.675500 4.021470 
1838 1 11.639500 0.356055 11.774100 
1258 1 6.856170 0.488930 10.029000 
1385 1 7.345600 0.843629 3.878740 
1141 1 0.754962 3.388630 3.673550 
1155 2 13.029600 5.513570 0.917838 
1365 1 0.185628 12.041000 11.652900 
11 2 13.126000 3.074630 2.086400 
377 1 13.113700 5.772720 0.252336 
1099 2 13.019200 12.891000 11.337500 
289 1 13.178400 4.131350 4.094760 
712 2 8.826840 0.154690 10.473400 
658 1 5.748660 5.390240 0.034275 
435 2 4.986810 4.079690 0.091930 
1596 2 6.304030 4.057830 0.092491 
1787 2 9.652920 10.250000 22.139100 
1757 1 2.768500 2.816560 17.306700 
869 1 4.823020 7.421180 19.251100 
1325 1 4.635210 3.297630 25.606000 
1043 2 1.549510 4.364940 21.452200 
1094 1 3.350420 4.555510 21.670100 
55 2 6.218210 10.489300 15.949800 
536 2 1.906790 3.184520 18.312300 
1388 2 2.468800 0.009549 20.835300 
1667 2 5.595740 0.412768 21.266400 
1628 2 2.621320 6.386550 20.403500 
834 1 11.951000 10.052400 14.916900 
1877 1 2.969660 4.821790 15.582500 
955 2 5.903880 8.512120 15.656900 
1765 1 3.333600 1.228010 20.398500 
1350 1 0.021173 11.677200 24.377400 
912 2 8.645730 6.585490 21.589000 
578 1 9.153060 4.314410 19.261300 
92 2 0.778071 11.635900 23.128100 
1270 1 2.623420 11.644800 18.889000 
164 2 5.076730 0.687162 15.447800 
1112 2 5.995280 0.834613 21.149500 
362 1 2.148650 3.644490 26.054700 
347 2 3.564390 10.457800 22.028300 
22 1 1.913280 5.295950 21.025900 
305 1 4.276850 8.612160 26.377100 
370 1 0.278238 10.293400 22.297000 
1113 1 6.367090 12.710100 25.702600 
932 2 11.149900 10.596400 16.679800 
589 1 8.178990 0.314686 16.871300 
858 1 3.523450 7.136990 23.926900 
2 1 6.427600 0.123527 24.720000 
1046 1 10.446100 9.503730 15.635900 
1066 1 0.931439 12.879100 24.605400 
1164 2 1.198940 9.846230 14.713300 
255 2 8.356400 0.771751 14.428700 
1504 2 8.477500 10.556800 18.982800 
1246 1 5.366850 2.754610 15.709900 
1149 1 9.489350 3.222390 14.428400 
440 2 2.418350 0.557930 16.727600 
825 1 7.539430 2.035310 21.335000 
984 2 12.962600 3.710360 20.519100 
1547 2 10.907800 6.022020 16.139300 
1619 2 4.153420 2.683030 21.638500 
977 1 7.951800 4.166500 14.505200 
1643 2 5.796550 7.463760 25.928900 
1077 1 5.641040 4.017090 26.057500 
290 1 4.108640 9.768370 13.322400 
619 2 7.812450 12.849800 23.098800 
1433 1 11.852700 13.211900 14.734800 
1341 1 7.272290 0.190294 21.902000 
145 1 11.045200 8.148600 23.015600 
1544 2 7.005930 13.268600 22.190100 
1215 2 8.203770 0.039839 20.243400 
1331 2 12.825300 1.524730 24.474200 
1644 2 1.567840 0.409882 18.771400 
530 1 1.903730 9.452470 25.295100 
174 1 2.345010 9.680130 15.238500 
922 1 4.066360 10.833100 25.019000 
938 1 6.766950 12.996900 14.691000 
1104 2 9.692100 11.032300 13.350800 
1796 2 3.461260 2.022060 24.479400 
199 2 10.698200 11.155900 19.565400 
883 2 2.854430 3.076710 25.571400 
1034 1 8.348580 5.466420 15.688100 
1420 2 9.595520 9.434230 21.821600 
1007 2 3.535380 9.794480 16.081700 
956 2 12.941900 3.945900 25.435000 
1309 1 7.411520 0.723814 13.820200 
1016 2 8.174760 6.019560 16.320100 
1266 1 4.532780 10.304100 19.707200 
511 2 8.444080 7.693120 18.461600 
1701 1 1.235260 8.893150 22.661600 
777 1 10.726100 0.131612 16.327100 
317 1 0.008872 2.155960 21.421600 
389 1 5.165480 8.969530 14.574300 
222 1 10.414000 4.981750 13.510500 
113 1 2.881300 6.518170 16.661400 
946 1 5.218600 3.824370 16.412800 
866 1 0.929035 0.792982 26.196300 
1003 2 11.333500 9.334340 21.889400 
1786 1 10.524700 5.491840 18.463300 
836 2 3.268750 4.180140 26.146400 
1473 1 8.072750 9.891530 18.936000 
973 1 4.711470 0.232844 22.137700 
860 2 4.923660 9.244280 25.499200 
1770 1 6.821590 12.323400 22.629700 
353 1 11.803900 6.062290 13.695200 
1384 2 6.223250 12.084400 16.437300 
1109 1 12.301600 0.323747 25.129400 
652 2 1.539700 0.817793 23.447600 
342 1 0.808072 7.902000 25.951400 
1602 1 9.431570 10.824800 22.677400 
1183 2 7.526200 1.890080 21.482500 
8 2 2.019610 6.294190 20.929900 
1036 2 11.477600 10.718000 25.104700 
849 1 11.340000 9.435220 17.552200 
620 2 10.298400 2.248090 22.797300 
1720 2 8.635550 7.801010 18.506700 
1390 1 2.468280 1.383000 22.114100 
1042 1 7.262710 9.072070 26.034400 
36 2 1.391650 11.120000 19.046100 
368 2 4.785810 10.620700 22.713600 
1411 2 5.479840 8.798880 19.846500 
1774 1 11.345600 3.165830 21.082600 
79 2 7.398330 10.843500 25.801100 
1301 1 9.041190 8.803590 22.527000 
756 2 5.882200 9.403310 24.296400 
876 2 1.388210 11.258600 22.617600 
1519 2 6.737280 10.168000 14.391400 
187 2 2.971520 2.037510 17.900800 
1610 1 2.203520 12.392100 22.053400 
128 2 5.989990 2.276190 22.023500 
1100 2 4.020770 8.391130 16.507600 
545 1 6.979970 9.089960 15.389100 
1857 1 6.127880 10.673300 13.297700 
1905 1 4.759770 9.003960 18.268100 
532 2 8.202360 8.855220 25.522000 
127 2 12.833400 0.256315 22.963300 
374 1 9.110990 9.955810 21.828600 
1097 1 9.348010 2.103420 18.887600 
343 2 2.740350 5.806600 15.943000 
260 2 5.702160 3.159420 17.011000 
601 1 4.827690 0.736556 16.280300 
761 1 13.151900 4.085050 15.636000 
1139 2 7.750330 4.209870 26.228900 
1618 1 4.026380 5.997040 15.086300 
359 2 7.213380 0.711937 25.312400 
1926 1 2.010980 5.090060 17.904400 
443 2 8.193630 2.644620 15.909300 
248 2 2.211350 7.664020 18.275800 
65 1 2.481900 7.298340 20.223900 
217 1 5.270110 10.157600 21.910600 
1938 1 10.480000 10.771300 21.745000 
420 2 4.916630 10.985500 19.069000 
1240 2 3.701120 3.356190 14.701800 
1014 1 4.118580 12.972800 16.562900 
1239 2 0.656269 2.701570 21.167600 
358 1 8.213120 12.151100 20.983000 
1406 1 10.983600 3.585400 13.545100 
824 2 12.016600 0.300214 21.420900 
1162 1 4.782460 2.088730 21.711800 
725 1 4.121140 2.218700 13.381000 
1645 1 3.265040 13.116700 26.095500 
231 2 12.354700 11.905400 19.178100 
21 1 13.262200 2.341130 21.794200 
1214 1 4.626980 3.931340 13.497500 
1027 2 6.664040 6.380070 23.627000 
557 1 0.566531 8.118930 17.872600 
168 2 0.856520 8.590180 21.888900 
985 1 12.800900 1.589860 19.465600 
1142 1 8.192620 2.840410 20.984500 
911 2 6.351040 7.526410 17.260900 
1068 2 10.053300 5.296890 20.344400 
1714 1 11.916200 10.735000 20.153800 
1098 1 7.067910 9.079580 17.254300 
901 1 2.107320 1.111580 18.224500 
1010 1 2.315300 2.590300 25.536200 
281 1 11.713100 3.769900 17.840900 
1051 2 2.161580 9.871930 26.270900 
25 1 12.471100 10.838100 26.093400 
933 1 7.362220 12.698300 24.777700 
1317 1 10.536900 12.387000 20.795400 
229 1 4.961850 4.208460 19.157600 
78 1 6.983490 6.588370 22.820200 
810 1 11.026400 7.831160 25.488600 
18 1 8.034960 7.115840 25.745100 
994 1 0.732435 0.646876 24.232900 
742 1 0.167913 5.321970 23.583700 
1699 2 0.714662 10.575300 14.926900 
1175 2 11.280900 6.788570 23.510700 
122 1 1.105450 2.639060 19.035400 
1250 1 10.935200 2.273460 26.039600 
1041 1 8.345090 8.473710 20.725400 
1017 1 7.913590 10.468900 13.899900 
921 1 10.322200 2.302450 23.020800 
243 2 10.083000 4.113660 19.159900 
896 2 2.526930 6.157950 14.551100 
1769 1 2.974410 5.738960 19.924700 
1294 1 0.789324 6.532330 13.751600 
201 1 5.729390 7.589110 24.530800 
244 2 5.403190 6.434230 19.161300 
1741 1 8.098090 5.580200 17.279300 
1946 1 12.647400 7.302740 23.506000 
1340 2 11.713900 7.201570 23.058000 
1537 1 9.986680 3.518750 16.157400 
1623 2 11.193100 7.420270 14.540200 
1462 1 2.730080 8.821870 16.577200 
1115 2 12.268600 4.087910 16.819100 
1960 2 9.863050 3.878850 14.705100 
1538 1 10.081600 11.754100 16.652800 
131 2 3.550480 2.251020 24.591900 
1631 2 6.523010 3.635270 16.482800 
1131 2 12.258300 2.367860 18.469200 
1163 2 1.907260 6.082510 22.883400 
437 1 9.474540 7.080250 20.937900 
375 2 7.859750 12.493700 13.696800 
1091 2 1.960820 7.682640 25.503500 
1457 1 10.550700 11.472300 24.685100 
155 2 11.740100 11.648900 24.983900 
1047 2 5.200790 8.765320 21.292200 
1352 2 12.877600 10.083000 26.258200 
1634 1 4.144940 4.009270 24.919800 
1900 2 9.575290 0.084280 17.819000 
480 2 4.650590 10.261200 14.140700 
1092 2 13.149200 13.073700 22.639100 
1833 1 6.011270 4.281450 23.140000 
909 1 10.140000 4.461580 24.659900 
1472 2 5.662830 8.749070 15.933700 
1983 2 9.788050 4.045500 14.945700 
13 1 5.765820 7.025530 17.046800 
574 1 3.218180 1.146780 24.983100 
1208 2 10.259000 12.491700 19.846700 
676 2 2.687330 7.404430 25.938400 
99 2 3.123250 9.592050 16.195400 
656 2 3.686020 4.996000 21.307700 
1367 2 5.629060 6.872770 15.345300 
1855 2 10.300700 2.660660 24.452200 
215 2 4.796340 3.521970 14.476800 
1339 2 7.470000 5.067360 23.828000 
1184 2 10.640200 9.095760 16.880100 
1434 1 1.262180 13.153700 14.317800 
441 1 10.672000 11.395700 19.042400 
688 2 13.148400 9.939170 20.048200 
1908 2 3.345370 5.120880 18.014000 
268 2 13.130500 9.055090 16.442100 
1362 1 13.088100 3.798740 25.038000 
647 2 12.168000 5.675250 20.230200 
547 2 0.582656 10.244600 22.041300 
1851 2 2.077230 -0.002248 15.555700 
891 2 5.587620 12.884200 26.124200 
1252 2 0.003794 3.640590 21.952800 
1817 1 13.127300 1.402100 16.046300 
282 1 0.130811 9.378350 20.010700 
58 1 1.981180 0.047673 14.420300 
1907 2 1.504490 13.164700 26.512500 
472 2 7.463820 10.588100 26.496100 
1920 2 8.080730 8.197530 13.409300 
452 2 1.783490 20.658300 9.180630 
1418 1 8.573300 20.950400 5.005800 
729 1 11.917700 17.683600 9.566540 
998 1 0.251808 24.802800 3.599220 
77 1 7.249770 25.091800 7.821530 
609 1 6.107010 23.870600 7.922940 
388 2 12.277300 26.265000 10.179300 
206 1 10.698300 14.649300 6.983210 
492 2 13.155400 24.784800 11.524700 
1561 1 10.676700 14.588800 9.527110 
910 1 2.540490 17.207800 12.837900 
1230 1 11.815300 19.916000 8.106140 
1449 1 12.437100 25.492400 0.341211 
1400 2 5.887470 16.973800 9.057780 
1303 2 11.023600 21.847100 5.994310 
314 1 3.064780 23.761700 10.417700 
331 2 6.910530 25.002900 12.028800 
878 1 4.281540 13.544500 4.600760 
1106 1 4.825560 21.905200 2.185240 
1023 2 10.690100 26.216900 11.665400 
1841 1 2.738800 15.358800 1.438150 
1355 2 10.142900 18.096100 11.989800 
1980 2 2.973020 22.593000 9.307220 
791 2 7.968330 24.684200 3.320770 
754 1 2.026620 20.814300 12.713000 
1481 1 1.271190 22.620100 2.311440 
1785 1 0.950850 26.044600 11.319200 
38 1 8.025280 17.054200 4.007640 
5 1 0.837733 17.083300 3.930150 
1138 1 13.057400 15.239600 2.843470 
1899 2 7.792060 17.122300 3.708740 
1837 1 11.253400 25.139900 8.044540 
1945 1 3.316560 17.378900 4.853980 
1948 2 9.119820 17.263900 7.388430 
1586 1 4.866850 14.007200 0.530696 
1682 1 3.681360 19.749900 4.096040 
1882 1 7.798780 24.088200 5.136580 
1349 1 7.851810 15.767700 8.386040 
380 2 11.764000 20.454400 4.182480 
1940 2 1.377280 25.057400 6.575860 
714 1 2.339730 16.771100 0.293003 
1716 2 5.408390 14.282100 11.243700 
1883 2 13.092000 15.700700 1.322140 
584 2 0.902536 24.719000 6.242980 
925 1 0.444397 17.238600 5.595990 
723 2 7.891630 21.490400 9.750920 
916 2 8.472960 16.500600 5.917840 
467 2 11.626500 18.414800 6.073620 
288 2 8.809240 14.425700 12.940500 
323 2 12.643100 15.770200 2.704910 
1587 2 1.265450 18.423700 8.284420 
799 2 10.797200 22.902700 10.297200 
1818 1 2.612800 13.307700 10.712100 
987 2 0.850793 21.584600 2.671060 
510 1 8.673240 18.307000 2.275880 
1040 2 5.075510 25.488900 12.761100 
562 1 0.519243 25.585300 7.243500 
1678 1 3.817170 23.759000 2.701100 
1179 2 0.962713 19.968900 11.619700 
56 2 9.419510 22.262200 12.177000 
571 2 2.406920 21.870800 11.725600 
1916 2 6.539400 17.989400 5.533600 
1300 2 11.568900 18.092700 3.471450 
456 2 4.912760 25.212600 9.023060 
1079 2 12.590800 14.885000 7.212140 
1002 1 13.204800 15.967100 7.032240 
384 2 5.898910 21.200600 7.045630 
672 2 11.793700 14.918900 8.257830 
400 2 10.944600 14.775000 12.161800 
1496 2 0.549152 19.392100 3.860070 
1045 1 2.848620 18.733200 9.352910 
592 2 5.744240 23.551300 3.210770 
508 2 2.301500 14.023700 4.995200 
1059 2 5.276240 23.982500 8.284530 
872 2 12.056500 24.938700 11.610900 
936 2 3.978650 14.290500 0.471230 
1274 1 10.799400 25.629500 12.106900 
1999 2 4.143750 17.973700 10.738600 
1936 2 7.603950 18.011300 2.205840 
1974 1 2.707150 14.741600 7.173690 
1773 1 12.354600 13.725900 4.513170 
1847 2 12.271100 24.680400 3.359090 
1376 2 7.087610 19.897100 3.209470 
1724 2 1.575410 17.991700 0.763264 
159 2 2.290340 24.976700 11.616100 
1711 2 10.699600 20.224100 2.418610 
1957 1 0.463903 19.609800 13.092100 
1746 1 4.792290 18.759300 5.555330 
649 1 11.526800 23.867400 10.662800 
1814 1 0.257478 19.432600 7.244550 
1001 1 12.360900 17.420800 11.912400 
711 2 10.348400 24.485300 8.757890 
608 2 2.570200 18.994600 9.612760 
1128 2 7.500900 25.516800 8.795460 
1859 2 4.405050 23.057700 4.308010 
686 1 12.851400 19.533200 0.243860 
1272 2 9.512390 19.142300 11.867000 
94 1 9.880220 22.443100 9.284410 
365 1 9.023860 24.795100 3.515800 
1381 1 13.055900 23.343800 13.255000 
581 1 7.316920 18.330600 1.314480 
259 2 7.988070 15.365700 4.702910 
1848 2 12.184600 19.127700 12.774000 
1021 1 7.101590 22.222000 5.307090 
1676 2 12.842500 15.178200 8.431500 
1025 1 1.000970 16.011000 2.076730 
974 1 5.821070 24.500600 3.252840 
408 2 7.640530 24.238800 2.773110 
1342 1 6.860830 17.314000 7.781570 
1813 1 5.747760 14.531600 4.316190 
753 1 7.045300 16.138300 12.411900 
1935 2 4.486700 17.324700 12.625600 
336 2 6.926730 20.660000 1.256500 
1747 2 2.605820 16.997800 1.577760 
1951 2 3.528660 17.026200 3.985570 
1626 1 1.552530 22.486500 5.020790 
737 1 7.944290 19.972700 11.354500 
48 2 2.367180 20.182500 12.868600 
847 2 5.334300 14.543900 11.898500 
786 1 7.171680 19.506000 7.117610 
190 1 10.471200 13.423100 8.348250 
1791 2 3.614260 23.032700 1.693710 
1254 1 7.564840 21.556000 13.015900 
1762 1 2.959470 21.368300 1.843070 
95 2 12.119700 24.673400 0.216713 
89 1 1.754280 15.404200 7.028040 
1941 1 9.847400 16.437300 2.602240 
540 2 5.630360 17.045000 2.230810 
960 2 12.643900 17.895300 10.207900 
1299 2 6.716490 25.329100 1.433610 
815 2 13.149900 20.755300 7.883430 
529 1 7.451860 22.386800 8.810620 
856 2 11.224400 13.906100 2.999030 
1452 2 2.082980 22.875600 3.390170 
1147 2 7.660470 22.366900 4.953810 
1020 2 12.496700 21.339400 11.548500 
292 2 2.918740 16.129100 9.746110 
381 1 11.148200 18.874500 11.279800 
1571 2 12.070400 14.205200 2.374410 
577 1 13.144100 14.814400 1.554740 
445 1 9.084130 14.938300 11.225000 
1022 1 8.970300 20.799000 13.115100 
567 2 5.217360 18.608600 4.721920 
382 1 7.337840 24.674700 10.256000 
1361 1 5.044790 16.185600 6.471670 
1621 1 5.361750 24.562700 0.280122 
675 2 11.428700 26.148200 8.502130 
324 2 3.344920 14.542800 4.996380 
983 2 8.508850 19.543100 8.558280 
354 1 8.086500 16.615100 1.152730 
1363 2 10.104600 16.581300 9.599510 
1592 2 7.945980 16.125500 9.656970 
736 2 7.492800 17.291900 1.302120 
1928 2 9.604860 22.321200 4.758270 
404 2 0.590982 20.985400 0.127318 
1334 1 5.065930 19.156800 3.948860 
482 1 4.264520 18.232600 12.280900 
1134 1 0.929810 20.371500 11.424600 
926 1 10.310400 23.498200 6.965090 
1608 2 4.602650 25.032300 3.730500 
569 1 9.764870 21.320500 6.028160 
845 1 11.655500 13.436400 11.383300 
211 2 4.680390 21.596400 0.752685 
1652 2 8.790070 14.520400 6.996290 
931 2 4.898810 15.516000 7.969600 
803 2 2.352880 21.442200 5.914990 
1510 1 9.985240 13.693500 6.588810 
697 1 6.332800 18.813400 12.003900 
1244 2 9.859680 25.844000 6.461970 
253 1 6.561660 21.851600 11.510000 
1584 2 6.661940 26.240400 7.279040 
1811 2 3.982440 15.654200 1.751220 
462 1 10.675800 22.441900 2.430280 
655 2 9.088780 20.520300 5.501250 
940 2 2.801190 22.758800 3.184090 
51 2 9.690700 16.908600 8.257190 
220 2 2.328220 15.027100 10.403700 
470 1 4.931860 23.850200 6.328670 
126 1 10.600300 15.827800 10.911400 
296 2 1.735680 18.114000 6.334800 
134 1 5.133850 25.140400 8.883600 
1251 2 0.498520 23.767900 6.690300 
978 1 2.905420 23.374100 0.106737 
1486 1 8.847630 24.066800 10.349500 
1327 2 3.868880 19.463700 5.362690 
1825 1 6.230420 17.325000 3.115940 
1958 1 2.721480 19.278300 7.782960 
627 2 6.759420 16.548000 4.154780 
1576 2 6.624900 16.839200 8.736460 
1199 2 2.664550 16.943400 10.566400 
26 1 8.684390 15.221700 5.756530 
555 2 9.058560 21.869600 0.807508 
1890 1 7.177770 23.910000 0.925297 
873 1 7.915350 19.878600 8.870280 
1468 2 3.692450 16.277700 5.978180 
1971 2 3.925770 25.940100 5.408510 
461 1 1.089840 19.523600 0.746856 
1725 1 8.988300 18.671800 8.209330 
464 2 0.185576 20.352300 8.956150 
1290 1 0.502550 21.132500 0.822979 
757 1 0.447490 14.124000 10.617400 
416 2 10.139200 22.112300 8.136460 
1798 1 7.769590 24.203800 3.441720 
1377 1 1.119170 13.668500 8.850560 
920 2 0.146395 25.160800 10.483400 
44 2 12.184300 13.808700 10.646000 
607 2 0.827295 21.224100 1.849350 
771 2 8.551680 17.658400 11.615800 
513 1 2.347920 21.938900 11.113100 
1581 1 2.249150 25.430500 3.143920 
386 1 3.939470 24.698500 12.095900 
952 2 9.733810 17.126700 8.906220 
1445 1 4.778410 14.335500 10.814900 
1135 2 6.767770 13.866200 9.084200 
741 1 10.619400 20.122200 3.872780 
797 1 13.125900 22.522000 9.905080 
1320 2 5.516850 13.809900 0.994859 
118 1 7.123380 14.653600 3.848820 
1375 2 5.318850 24.771400 0.416099 
1114 1 6.144960 14.606300 8.200020 
476 2 8.512290 20.575400 9.510750 
1062 1 2.982360 22.133300 3.286880 
81 1 8.639150 18.494200 6.224470 
1278 1 9.977450 16.775700 7.682880 
1185 1 6.645550 20.838000 2.466010 
626 1 2.481610 20.919400 8.918940 
548 2 6.743750 21.037100 12.953700 
182 1 3.656790 21.044400 11.838800 
1782 1 3.150210 24.798200 4.971810 
1924 2 5.828400 19.655200 11.778700 
1574 1 4.705080 15.482900 9.748960 
1912 2 0.166567 18.584000 0.596686 
1229 1 0.557310 22.492000 9.999380 
308 2 0.053200 25.632300 4.395980 
773 1 10.817200 26.484100 13.208400 
1192 2 3.797300 22.543400 0.409157 
178 1 9.521280 25.222100 13.326500 
1289 1 5.392490 20.016900 14.309000 
285 1 5.479580 18.103800 19.693000 
417 1 0.995676 14.843000 21.967600 
82 1 11.417400 24.010300 21.312600 
283 2 12.756300 15.743000 23.661200 
875 2 3.962980 19.429300 23.611100 
351 2 2.816630 13.851100 20.527200 
1417 1 6.249870 21.792900 21.291300 
1898 1 11.279000 14.502400 22.963500 
863 2 9.636180 20.353400 18.404700 
1387 2 11.546900 18.615700 20.251700 
465 1 11.356900 18.979800 13.384000 
1245 1 6.397480 18.991800 17.706800 
112 2 8.066540 17.943300 16.830900 
4 2 11.823600 22.537100 25.445700 
1219 2 8.354460 23.158000 13.385100 
1683 2 1.177030 20.906100 15.473300 
1824 2 8.651160 17.962900 15.192700 
294 1 2.185020 20.078200 18.681800 
1200 2 5.815060 17.123600 18.086500 
1665 1 11.250700 18.521000 24.905700 
1806 1 7.052410 13.767700 18.261200 
968 2 7.524020 13.567900 15.013200 
1880 2 8.978670 22.223500 21.559300 
1826 1 5.928710 25.355500 16.832200 
1981 1 9.208280 25.662600 23.431800 
959 2 13.217600 18.849300 17.043400 
458 1 8.262190 20.382900 23.017600 
1649 1 0.873711 25.814600 19.229800 
291 2 5.995100 25.157000 15.717500 
1564 2 10.979200 23.320800 21.264400 
1080 2 3.314660 14.479600 16.299500 
471 2 11.606900 23.811400 14.132900 
762 1 6.662450 20.452700 18.054100 
1269 1 11.783800 25.966100 16.745200 
552 2 2.829490 24.293500 21.116000 
422 1 0.370044 19.414900 21.609300 
1130 1 8.639130 19.153400 17.040500 
682 1 12.507000 19.220800 19.383400 
1057 1 7.710690 23.490300 23.941700 
1568 2 9.743780 25.745000 23.744100 
489 1 1.946880 15.527000 24.793900 
1146 1 0.234159 17.318400 21.072200 
1704 2 8.536880 25.562100 21.967200 
965 1 8.811950 22.815900 25.640900 
1463 2 11.055800 20.484100 24.867700 
1677 1 10.158800 17.506200 17.248400 
1224 2 4.019890 15.432500 19.976400 
1172 2 5.413750 15.002800 16.163000 
718 1 7.802740 14.697400 13.642000 
1256 2 7.046190 22.476000 20.674700 
604 2 11.625300 16.564400 17.676600 
1453 1 11.071500 25.226200 26.036500 
840 2 11.989700 25.708000 21.098500 
1874 1 0.792180 26.284600 16.022500 
207 2 7.657700 15.425700 16.218900 
1297 1 6.536740 21.993400 16.246600 
161 1 6.574730 18.707900 25.391300 
261 1 4.719680 18.838900 24.447600 
1444 2 5.925150 19.249100 23.057000 
1745 1 9.584550 16.179700 14.166600 
346 1 13.024600 16.486100 18.718100 
1929 1 7.237790 21.377900 23.871400 
1606 1 12.223700 15.229900 20.894700 
1784 2 11.617700 21.319400 24.580300 
635 2 10.571400 13.877200 16.065100 
611 2 5.852520 19.978500 14.326400 
1337 1 12.038500 16.675700 14.729600 
1204 2 8.498030 19.648500 24.360400 
1780 2 6.736100 26.137100 17.621000 
972 2 11.237900 20.328200 15.716900 
526 1 0.246024 25.126300 17.052500 
1570 1 4.852580 26.262800 18.767000 
258 1 0.261835 15.621800 14.530800 
1205 1 10.944300 18.961700 22.139200 
1868 2 2.448380 22.322800 18.159900 
1934 1 4.995200 17.577000 21.103000 
1658 1 12.237700 25.137600 15.582500 
1947 2 4.365350 14.434900 23.588600 
1075 2 3.643620 16.960300 22.628600 
224 2 3.605830 17.731200 24.663700 
1512 2 3.131510 15.919900 21.533900 
1737 1 2.992460 22.552600 17.624900 
992 2 7.438360 22.095300 21.204500 
784 2 3.001360 18.608500 17.051700 
843 2 8.689910 22.074400 17.898700 
805 1 9.335200 20.511100 26.127900 
889 1 8.351220 14.084800 16.086500 
322 1 8.184990 16.716800 18.007300 
269 1 7.788400 25.163100 25.666900 
976 2 3.080490 22.025600 17.618400 
882 1 4.378190 13.921000 18.826500 
1604 2 9.906350 19.917700 13.700000 
679 2 4.449630 18.860700 22.652400 
813 1 2.639270 15.562300 15.092800 
23 2 10.104600 26.304300 14.761400 
1429 1 12.650500 22.344400 16.979700 
372 2 6.777880 19.249300 18.016700 
1864 2 1.755330 24.863300 13.641500 
1827 2 5.811860 20.312700 13.928200 
286 1 0.404217 18.170900 18.418900 
96 2 0.736872 26.170900 22.081900 
428 2 4.885240 21.162400 15.243900 
1171 2 0.482840 20.256700 13.851200 
930 1 13.010700 19.948000 17.066100 
942 1 11.678500 26.084900 21.389000 
76 2 1.888380 24.095000 17.797900 
250 1 3.106800 26.408500 21.283300 
1897 1 10.244700 23.586000 14.613500 
1516 2 11.892700 13.304000 16.088800 
1509 1 0.297705 21.994800 23.167100 
1379 2 9.878010 19.042900 18.242500 
146 1 8.287800 25.823600 18.198700 
1601 1 11.597000 22.802000 22.457800 
1474 1 4.866080 19.711000 21.377000 
1599 2 5.316560 24.007400 24.356200 
223 2 9.405860 14.594900 22.586200 
726 1 1.437440 14.001500 19.496700 
570 1 3.606680 23.426400 18.811700 
639 2 12.347200 20.024700 25.404100 
390 1 4.107390 15.208300 21.714200 
631 2 9.502330 24.841600 19.845700 
85 1 0.541590 23.959900 14.897400 
1820 2 0.520587 17.141900 13.981300 
1288 2 12.733800 18.406100 25.070600 
499 2 3.824690 18.421000 26.002700 
1687 2 9.351850 14.853700 24.803300 
801 1 8.893950 25.575800 22.341800 
1858 1 11.999000 14.907200 16.308300 
1944 2 12.271000 17.950100 15.607500 
313 1 2.378040 21.100200 15.001600 
1182 1 4.422940 23.796500 21.469700 
1316 2 11.502100 22.670300 17.712800 
53 1 0.507305 21.121600 18.643900 
1096 2 9.420010 17.429600 21.238100 
507 2 1.004860 16.166900 19.949400 
1955 2 11.167700 22.107200 20.684500 
989 1 0.551798 19.322900 14.524100 
1673 1 4.127070 18.936300 16.155100 
699 2 12.089400 24.021400 21.177900 
870 1 10.428700 17.587800 25.830300 
413 1 8.239240 21.914600 20.991700 
618 1 5.415750 15.184500 24.537400 
46 1 6.182420 25.644500 21.057900 
1795 2 12.670900 22.440400 23.864700 
396 2 7.857560 14.257200 17.601700 
582 1 12.525900 24.825000 20.333200 
769 1 2.710600 19.031900 13.398900 
583 2 7.898720 21.597400 22.970400 
1885 1 6.964280 24.449500 18.874800 
680 2 3.162300 23.525100 18.999500 
1336 2 2.021880 25.106600 15.557700 
1675 2 1.565540 21.731100 19.094400 
1202 1 8.962530 19.547100 24.819700 
143 2 4.791000 23.855400 20.810500 
110 1 8.594330 17.877600 14.331200 
1895 2 11.470200 18.236200 23.443400 
491 2 9.025600 16.930900 19.600100 
1705 1 10.113500 20.286000 18.938800 
1557 1 7.322060 15.722100 23.903700 
1372 2 5.958690 23.853000 25.890400 
1843 2 11.272100 17.668300 16.258600 
693 1 5.506350 16.412300 17.270500 
1758 1 10.110400 22.228600 17.545800 
307 2 3.187370 14.731900 24.210000 
19 2 6.061250 18.059700 18.774500 
166 1 2.840640 21.550500 23.986400 
694 1 12.434200 17.810500 23.973800 
1455 2 6.690710 15.698300 25.210900 
1635 2 7.681440 19.267700 21.304600 
238 1 4.370320 18.515800 23.055400 
1033 1 9.518910 20.482600 15.402700 
1866 1 3.484240 22.234200 22.512500 
519 2 3.584330 21.313100 18.000900 
1508 2 10.344800 15.298100 22.558700 
247 2 10.773000 21.003200 14.332300 
806 1 10.215100 16.652100 21.693700 
1490 1 8.316280 23.096800 13.928600 
775 2 5.968900 15.298300 19.632700 
1177 1 2.750750 16.588500 20.246400 
398 1 12.000600 21.252800 25.982000 
28 2 5.925550 21.264100 24.993400 
195 2 6.971180 20.495800 24.873500 
175 2 5.133910 23.476200 21.213000 
61 1 4.661390 21.041900 17.967000 
538 1 7.115020 16.725200 13.313500 
6 1 5.715190 26.263200 25.896300 
114 1 9.248290 17.356100 19.655800 
32 2 4.817600 25.037300 24.092200 
661 1 10.281100 25.961400 25.448100 
690 1 7.633980 24.633000 15.879700 
551 2 8.013220 16.872500 25.375600 
333 1 9.195500 18.764500 21.775700 
837 1 0.521049 25.163800 21.083000 
1237 1 12.581600 13.589200 24.150100 
709 1 2.788190 25.992700 15.718800 
980 2 0.658559 18.064700 21.551400 
1573 1 4.564230 16.398900 13.465000 
1822 1 2.983300 17.882400 24.256700 
1116 2 9.764880 21.820800 15.858200 
293 1 0.154342 17.377100 19.897600 
1609 1 0.750875 16.068900 16.487200 
1876 2 13.177300 25.393800 25.470000 
1736 2 1.324600 14.607100 13.616600 
1389 1 6.823300 24.308300 14.408400 
327 2 0.705337 18.399600 18.608300 
469 1 11.532200 19.545100 15.152200 
838 1 12.166200 23.045100 18.021500 
516 2 9.977580 14.337000 25.030800 
1664 2 12.835300 24.898000 21.622900 
205 1 3.552590 18.589800 26.329500 
665 1 9.701680 25.871500 19.294400 
991 2 6.023800 15.428000 15.243600 
1829 1 10.532300 22.217200 19.067900 
60 2 10.870900 19.512300 22.492300 
1661 1 3.069290 25.217400 25.679200 
966 1 7.457950 17.730100 21.941000 
1681 1 4.827450 23.667100 14.934000 
1129 1 10.125200 13.486200 18.237700 
663 2 9.455250 24.191700 23.254300 
1435 2 2.423580 16.497100 14.279200 
1121 1 5.295400 14.467900 19.663000 
1222 1 2.177850 24.132600 20.825500 
703 2 4.618700 26.191900 25.498100 
1318 1 11.656200 23.163600 24.602400 
105 1 11.086300 14.308200 18.994300 
509 1 6.942450 17.060500 18.525100 
564 2 6.930830 14.320800 20.554900 
1830 1 12.691600 14.771600 24.416400 
512 2 2.190390 25.713900 26.033200 
1554 1 5.571750 20.644100 25.524400 
276 2 0.731356 17.150900 24.427600 
151 2 1.167940 24.776500 20.402800 
1842 1 0.728023 19.314600 23.610200 
1755 2 11.571100 14.733700 16.018200 
43 2 10.930300 25.737000 20.322500 
550 1 4.373800 16.652000 25.884300 
1267 2 0.099381 19.967000 25.824200 
591 2 13.156900 22.134300 18.241900 
796 2 3.989040 15.270100 21.362500 
154 1 2.572840 14.028300 17.287200 
1344 2 8.117080 25.174700 15.128900 
1674 1 11.447500 20.737500 22.557000 
950 1 11.985500 22.170500 20.671600 
1976 2 12.725200 23.506400 15.786300 
811 2 0.689847 21.249600 22.360200 
587 2 2.687310 14.265300 17.395200 
1432 2 5.052550 14.997300 21.839500 
1055 2 9.271720 25.175400 24.008800 
504 2 12.020300 25.574600 15.499900 
399 2 9.362120 25.608100 17.321600 
1119 2 4.474190 25.243200 17.318500 
1197 1 8.761930 13.347300 22.940200 
1456 2 7.871610 17.017900 13.348700 
575 2 18.579700 2.516990 7.297590 
194 1 25.408900 8.619950 10.171800 
349 1 25.046400 4.212870 3.739690 
303 2 24.030800 3.926410 9.860540 
83 2 19.745900 12.822300 9.397870 
103 2 26.048600 6.605080 10.184600 
1998 1 19.194100 3.191170 7.936840 
1293 1 24.275000 1.806860 1.679620 
1909 1 22.655400 10.433300 10.160100 
1494 1 24.695900 0.159214 4.085260 
123 2 19.639800 10.952300 3.223010 
1328 2 15.541500 3.070660 7.002670 
63 2 22.427900 3.261760 11.949800 
139 2 14.058000 1.463380 4.848860 
431 2 13.492700 3.409310 9.665200 
1399 2 20.824800 10.342800 10.403800 
270 1 16.834500 9.448240 3.994880 
1074 1 22.979400 9.818120 12.833600 
391 2 17.899200 0.740058 2.616220 
899 2 17.133800 8.300040 9.733390 
1771 2 21.852400 9.306660 9.662290 
468 2 21.041700 7.997730 4.592770 
1656 2 25.802800 0.278204 8.372430 
1992 2 19.722100 12.700600 5.577400 
1831 2 17.640700 7.530470 13.017200 
49 1 15.705000 0.999002 10.015700 
1963 2 15.174200 8.508970 0.484704 
245 1 25.698500 10.880900 12.587000 
528 2 22.704000 12.947700 0.729724 
1970 1 20.476000 9.839070 11.252100 
907 2 23.477600 3.856000 6.666370 
1989 1 20.196900 12.383700 9.832400 
826 1 17.596200 0.274330 9.953960 
1404 2 21.134600 2.672760 0.036270 
275 2 21.103500 12.053500 5.055440 
357 1 13.673600 7.859970 2.914680 
881 1 22.416100 1.578220 8.133810 
888 2 16.461700 10.843400 5.980900 
208 2 21.688300 3.062610 11.257500 
1201 1 24.191800 5.257300 11.127600 
919 2 16.979200 9.797320 12.720200 
1654 1 23.123100 9.394940 6.110730 
1892 2 15.479500 0.011041 8.461740 
962 1 19.489100 5.810580 7.243010 
24 2 15.985500 12.024500 10.602400 
748 2 13.430500 6.376410 7.888260 
740 2 25.261300 6.309570 9.553620 
1189 1 14.413200 12.573800 5.502930 
484 2 22.649900 7.275060 11.506600 
738 1 13.917600 10.804100 3.763260 
47 2 25.499800 6.842140 0.670230 
817 1 17.912500 11.996800 8.161160 
451 2 17.961100 6.941240 11.288600 
1324 2 16.266800 5.009430 2.995680 
572 2 15.458100 1.180780 0.538571 
539 2 21.299300 0.618085 1.983580 
590 1 15.676500 3.810400 0.793425 
1414 1 20.544700 3.886180 12.899000 
310 1 20.443900 6.623700 5.730510 
830 1 18.619800 12.661700 5.523770 
1466 1 20.285900 7.930090 2.596160 
1689 1 17.367600 7.938240 12.737400 
1423 2 16.721500 8.139820 5.965150 
765 1 21.268300 4.226790 2.324620 
170 1 23.371700 9.052660 7.538090 
121 1 21.833000 7.760870 3.909900 
1702 1 21.189700 6.663800 0.511517 
1733 1 13.670600 0.972219 7.910340 
1437 1 24.541300 1.080100 12.729000 
586 1 17.285400 6.069690 12.282100 
520 2 19.190000 7.937720 1.803390 
438 1 25.371400 7.702610 0.966216 
1943 2 20.520000 1.335330 11.810300 
705 1 17.979500 3.377540 8.126290 
553 1 14.474100 3.364830 8.770840 
1101 1 15.001800 4.118690 12.124000 
1810 1 20.412600 0.996961 13.148800 
597 1 22.001000 3.175360 10.167000 
256 2 24.221100 10.870100 2.158880 
111 2 18.723400 11.059200 0.098675 
868 2 23.938700 9.081680 6.616740 
241 1 13.942000 3.218230 12.808400 
944 2 20.925300 9.678270 11.428500 
1403 2 16.920900 4.948480 6.079580 
1495 2 23.560500 1.786280 2.062270 
1629 1 20.609900 2.808810 8.310330 
360 2 20.529600 7.201680 7.238770 
903 2 18.415500 8.948980 4.132440 
1706 1 22.030400 2.294980 2.781090 
1210 1 24.905600 12.135400 3.881970 
853 1 18.155600 1.265030 3.099900 
1345 1 21.040100 0.396597 2.477190 
366 1 16.687500 2.985800 3.527790 
1588 2 19.616000 12.476700 3.142620 
783 2 21.642700 4.651220 3.067170 
1766 1 15.858900 7.160070 6.305170 
1148 2 20.307300 1.311220 12.746200 
1044 2 21.220800 9.049130 12.370900 
1476 2 19.560700 0.339740 5.382250 
1715 2 14.961300 9.095430 4.246230 
1421 1 14.392900 10.226600 7.854140 
252 2 25.430000 12.840700 10.214400 
684 2 22.276900 4.385900 9.319440 
1089 1 18.937300 11.272700 1.639480 
596 2 19.768900 6.059620 5.891040 
1470 1 22.776000 2.516080 11.318500 
1459 2 21.416400 2.077290 8.068970 
645 1 16.136900 1.513260 5.455020 
1008 2 16.848300 7.632340 7.074180 
1108 2 17.481000 1.955010 1.711620 
1153 1 25.654900 6.229300 4.887410 
9 1 24.900600 5.219800 7.365540 
332 2 24.878800 1.457060 7.837510 
1638 1 20.193800 11.199700 13.108500 
1348 2 19.134100 4.086980 8.020430 
1427 2 14.192900 11.752900 2.802420 
287 2 16.408500 2.028230 3.260770 
918 1 16.509400 11.374500 11.278600 
356 2 24.025900 0.880787 3.999660 
544 2 24.066700 1.621450 2.866540 
1906 1 19.075000 2.486100 11.641100 
162 1 21.239900 11.666100 5.105890 
385 1 17.703100 4.266490 11.224000 
505 1 23.879800 7.594160 11.815600 
1759 2 21.756100 12.751500 5.320050 
1988 2 14.620900 7.522010 5.927850 
192 2 17.684600 5.365560 1.120410 
1927 2 25.538400 9.073680 2.302090 
1954 1 15.005000 1.596630 2.158960 
892 2 22.294700 12.021500 8.765420 
1870 1 20.405900 1.838380 1.602150 
165 1 17.600400 2.576870 2.249730 
457 1 19.478900 5.841900 1.649190 
1166 1 23.211800 3.451290 12.560900 
822 1 19.554900 8.204760 0.681873 
1987 2 19.017900 1.592000 1.396630 
1887 2 21.367600 10.139900 1.432510 
563 2 20.535100 6.926710 3.327100 
1492 2 16.106500 8.045910 11.773000 
1962 1 13.312400 7.017150 4.883590 
172 2 23.132100 10.157000 2.490980 
750 1 13.618400 11.777400 11.856500 
328 2 23.652100 0.753988 1.433040 
1663 2 25.987300 0.550640 6.859390 
1405 1 24.448800 10.498200 2.824380 
1307 2 18.552300 2.127890 5.469930 
490 1 15.641200 7.181370 4.921760 
908 2 26.263200 7.263780 6.457070 
1521 1 26.477600 7.792610 7.205560 
429 1 19.894100 12.218300 5.021870 
57 1 14.175000 1.724740 10.869500 
1306 1 17.073500 11.892400 12.383600 
1597 1 15.425600 11.869600 10.634800 
473 1 16.252200 7.758730 11.237800 
466 1 17.036000 12.521200 9.235630 
1942 1 15.786800 1.759660 8.210210 
1213 1 16.797800 13.134600 4.624680 
1850 1 21.589700 8.474150 12.386900 
271 2 24.385600 10.246700 10.119800 
249 1 14.188200 7.232980 2.257000 
638 1 19.608400 11.789700 3.277110 
1088 2 19.700900 9.249320 9.654840 
1038 1 18.361100 7.866990 3.317860 
1743 2 15.858300 5.051740 0.475175 
1975 2 23.879400 12.803200 8.552920 
450 1 22.749800 10.660700 7.005870 
298 1 24.702100 1.236730 8.260570 
795 2 26.489600 5.718150 4.477350 
1873 1 20.195900 2.658100 4.545800 
1441 1 20.997000 6.224940 10.696200 
1461 1 25.297300 8.871180 5.658370 
1896 2 16.764700 2.795710 6.671110 
15 2 22.072200 7.986720 5.459090 
1426 1 26.477600 10.322200 1.530210 
419 2 25.260300 3.450350 11.975500 
1545 1 21.236100 0.686645 10.578200 
719 2 25.791500 12.765000 3.135670 
1540 2 22.200400 8.541570 8.806120 
1329 1 17.161200 6.443970 2.576080 
69 1 23.683000 7.208190 5.530780 
350 1 21.472100 5.514170 11.193900 
361 1 15.311100 9.331570 12.973600 
1950 1 15.803400 3.985880 9.859730 
219 2 20.111900 1.100980 11.642900 
1370 1 19.883800 10.889200 6.997880 
1904 2 20.957100 12.627300 12.856500 
798 1 23.795400 3.825600 6.219070 
1296 2 21.843200 7.065250 0.383917 
730 1 19.920700 7.999500 10.235400 
687 2 15.282000 1.444580 3.094760 
1491 2 15.623100 3.782640 9.507960 
1499 2 22.701500 10.147700 6.472070 
500 2 15.650100 8.889550 10.228800 
879 2 21.315400 5.636860 2.966670 
180 2 19.983400 10.544600 6.113320 
549 1 23.589500 3.412880 4.489150 
1419 2 25.690100 10.362200 6.065950 
1292 2 17.319600 7.222790 10.943300 
1548 2 22.882700 3.175990 5.016140 
637 1 21.630900 6.328320 7.188400 
617 1 16.147000 7.998460 4.523950 
1518 1 17.728700 8.337230 10.174300 
1657 1 24.281100 10.163000 0.405294 
1061 1 20.082900 4.483470 5.471060 
1539 2 19.795000 6.207120 9.794490 
1559 2 25.162000 7.181520 6.113700 
136 2 16.298100 1.953890 10.039300 
789 1 14.760700 8.454980 0.051659 
1086 1 14.768800 6.885750 8.102870 
1502 1 21.335800 8.280080 8.994940 
1190 1 18.097600 7.876440 6.877200 
1700 2 22.474300 0.413685 7.369280 
867 2 26.491200 3.420770 1.068730 
521 1 15.243400 5.936130 5.699100 
1572 2 24.365300 9.034600 12.180800 
659 2 16.147200 9.052990 7.891970 
1450 1 21.995400 13.248400 5.442640 
212 2 19.718700 4.959710 1.813550 
485 1 21.387500 9.254210 3.846850 
369 1 14.181400 12.060100 1.712310 
1777 1 26.139700 4.872510 9.416690 
496 2 13.718200 3.284860 9.409790 
681 1 17.437300 0.857336 5.998320 
629 1 18.244000 9.510360 2.069550 
1312 2 22.161200 12.914500 3.478860 
1259 2 20.479200 13.133600 11.899000 
1562 1 26.044000 8.589160 10.978900 
319 2 25.855400 10.537100 2.285330 
1633 1 21.470800 1.546090 6.183870 
196 2 14.051700 7.423410 2.509390 
1708 2 15.230500 12.140300 1.467220 
1279 2 17.435800 10.444000 7.546790 
1879 2 22.334000 3.799650 4.172510 
409 1 17.001100 9.106180 7.147200 
1763 2 23.514100 0.521066 8.894520 
839 2 22.874000 6.942500 6.432760 
1102 1 15.426800 10.416800 6.294390 
533 1 22.985900 0.966468 4.826810 
1353 1 25.573700 3.343910 11.763000 
715 2 13.795700 13.166700 4.781280 
1727 2 19.155500 11.867300 2.423270 
433 1 25.253700 6.172040 8.335810 
650 1 24.477700 12.851700 9.912860 
107 2 21.964600 6.212390 11.228000 
33 1 25.945500 11.349100 7.588300 
1394 1 19.960800 0.104309 11.157100 
70 1 20.667400 13.042500 6.384190 
1127 2 16.302500 1.809940 8.524310 
1891 2 23.386300 0.656592 5.260390 
554 1 26.213000 2.435980 9.890570 
1717 1 15.082000 3.120150 4.618630 
660 2 14.082200 12.267200 9.878380 
1231 2 14.061300 4.594950 4.782120 
1408 2 26.357400 10.494300 2.727690 
209 1 26.473900 0.694512 11.912500 
334 1 13.390600 9.820550 2.520170 
560 2 26.506700 3.306540 10.276600 
1410 1 13.440000 9.343670 8.572570 
1886 1 23.871100 0.124915 8.849340 
1223 2 16.245400 13.214200 2.013020 
1193 1 23.492700 12.702900 8.836800 
522 1 15.842700 0.039516 3.838000 
1627 2 25.567800 2.420420 13.111100 
1241 1 23.915500 12.812400 0.221910 
1772 2 20.992200 4.781090 13.231200 
720 2 16.781400 11.978100 22.352800 
84 2 17.698700 4.101730 17.483700 
1875 2 16.221500 3.556310 15.018500 
7 2 21.619700 11.634500 21.146900 
312 2 17.330800 12.338400 19.370700 
453 1 20.148600 4.681170 20.337600 
542 1 19.583200 2.007660 14.977200 
493 1 22.258500 2.415110 18.481400 
1707 2 20.559700 5.918210 22.839700 
1207 2 15.383300 4.305420 20.749500 
1867 2 14.705700 7.478090 14.245400 
133 1 26.014800 4.628110 15.189200 
1056 2 25.708500 8.395280 18.366200 
1695 2 18.508200 2.119210 19.461600 
1351 2 20.809100 9.734740 25.395500 
721 1 18.850900 11.570500 18.075300 
623 2 20.496200 6.165150 19.868900 
1972 2 25.590100 1.275940 26.488500 
1373 1 22.695300 6.261880 14.826100 
272 2 20.525600 7.991930 18.918800 
1093 1 13.592300 4.205000 18.672300 
1563 2 21.049000 4.783230 15.315600 
1065 1 13.469900 0.787820 22.603900 
1984 2 20.393200 1.926970 18.686100 
185 1 15.942900 11.061500 14.043500 
1507 2 19.993500 3.076830 21.319100 
1514 1 19.463400 6.980860 21.846400 
829 1 23.673100 9.008430 15.183500 
746 1 16.269500 5.108310 22.715100 
945 1 18.636200 1.650690 13.613100 
605 1 15.652900 12.996300 21.441900 
1263 2 23.632100 0.683879 24.389800 
478 1 15.212600 9.577870 24.356000 
1752 2 14.950400 7.161620 20.908400 
807 2 13.891200 10.749400 17.908200 
1872 2 21.129300 0.575821 25.463600 
1407 2 17.437400 6.602480 13.418500 
42 1 26.254100 1.069620 19.125200 
1692 2 15.159300 5.226630 20.935500 
1383 2 20.132600 8.097850 23.369000 
1965 1 20.698000 5.485020 14.736200 
621 1 24.532900 9.857560 21.794500 
233 1 13.909200 9.945460 25.183800 
1469 1 22.253500 0.522175 21.999100 
643 2 24.459900 9.714920 17.707500 
1930 1 23.101800 11.557500 22.921700 
138 1 20.815000 8.061390 22.057400 
951 2 21.115600 5.794550 20.532200 
1650 1 17.519500 1.645400 25.569100 
363 2 22.518500 13.200200 15.381600 
59 2 16.772500 13.165100 20.420100 
1039 2 25.631200 12.488000 16.240600 
1503 2 24.411600 5.458740 18.069500 
17 1 17.455400 6.775990 17.799200 
40 2 16.455200 9.054940 18.269900 
436 2 24.574400 11.002300 24.413900 
809 1 14.183100 8.215980 20.545400 
1730 1 22.166200 9.556050 23.589600 
612 2 15.068600 10.948000 14.633100 
691 2 15.336600 2.125830 24.585900 
130 1 16.809200 10.881100 22.185900 
865 1 22.646200 12.429700 16.517400 
284 2 19.671900 9.998130 17.543300 
997 1 16.582000 4.992390 23.982800 
1196 2 23.852300 9.038960 14.817000 
169 1 20.764000 8.675320 19.771200 
197 1 16.936300 1.202480 20.138900 
821 1 24.712600 0.037467 20.791200 
1216 2 17.303300 3.560190 18.110900 
664 2 20.297800 11.169000 14.289000 
527 2 16.751300 12.478900 14.457700 
634 1 17.169900 12.333300 24.905300 
142 1 18.050600 13.076000 26.118600 
954 1 24.804200 3.832300 22.472800 
1151 2 14.113000 7.307050 20.314200 
1775 2 26.488800 5.262030 19.122700 
970 1 18.218200 10.325400 23.541100 
855 2 23.104000 1.853760 19.540600 
1359 2 16.916800 10.707800 23.134700 
176 2 21.377300 10.421900 22.515900 
963 2 22.508600 10.320500 16.783700 
1862 1 19.043500 1.187570 22.300500 
232 2 17.637500 11.729700 24.847900 
648 2 13.817700 5.878570 14.705700 
1888 2 13.832200 12.510000 13.623000 
1556 2 25.211000 3.472970 18.184200 
622 1 15.676800 6.065880 20.137500 
1475 2 16.919100 0.055097 24.075700 
630 1 25.482800 8.539330 17.062300 
497 1 21.076800 0.141132 22.916100 
1560 2 21.958700 3.546230 15.893500 
967 2 20.281800 5.615190 15.438300 
1181 1 14.480700 7.048500 15.151900 
1313 1 18.988700 1.991060 19.177000 
751 2 25.823900 4.368770 16.813100 
924 2 14.879900 0.880605 21.239500 
1261 1 23.458500 6.129920 19.469900 
1622 1 13.650000 11.280000 17.904600 
1122 1 24.898800 11.374200 23.984100 
1265 1 20.446500 5.662490 22.402700 
864 2 14.121500 0.521431 15.101800 
808 2 13.744200 1.711890 16.279000 
1031 2 24.694600 1.517250 15.448000 
1600 2 16.633800 1.622540 23.915100 
1305 1 18.104700 9.149920 21.495700 
430 1 16.009300 4.118330 14.612600 
934 1 19.298200 2.223010 24.152900 
39 2 22.750400 2.084980 21.525500 
1919 2 19.725400 2.274670 15.155000 
299 2 15.781400 3.912670 14.122500 
1506 1 16.421700 8.019240 20.968400 
886 1 24.459300 2.593060 15.636400 
1443 2 26.279800 6.623800 22.520900 
406 1 19.925400 4.086180 21.949400 
1103 2 14.118300 4.407280 15.474600 
731 2 24.564400 12.796300 19.093900 
54 1 16.244800 9.571170 18.342300 
495 2 21.233400 3.185500 26.334600 
405 1 24.291100 0.744086 15.523900 
898 1 17.335300 3.226700 14.948300 
701 1 17.043200 2.278950 23.114400 
556 2 18.619100 1.047780 14.278400 
1952 2 24.164800 8.551390 22.369100 
186 1 16.020600 0.887806 18.581700 
1788 2 15.751500 7.752460 26.300300 
264 2 17.957800 0.717080 16.598300 
311 2 24.778700 12.633000 26.272600 
996 2 24.051900 2.471380 16.607700 
1760 2 18.947200 10.518800 23.722300 
787 2 15.648400 0.562527 17.745700 
1276 2 19.652000 5.210110 22.606300 
135 2 26.176400 1.079660 25.843800 
393 1 23.713300 8.821010 21.516700 
117 1 20.694100 7.172180 13.995900 
1448 2 23.738200 0.949621 21.944500 
1659 2 17.807200 4.057040 26.436700 
1789 1 21.322100 12.669300 17.629000 
424 2 16.197900 6.801770 14.852300 
421 1 26.211800 6.527830 18.656000 
446 1 26.274400 8.979200 24.291900 
52 2 23.178700 6.742850 14.673900 
1684 2 14.661300 0.767670 20.731400 
1191 2 20.357600 7.505850 14.219600 
1413 1 14.298300 12.960800 24.015700 
981 1 24.579800 11.016600 21.823100 
833 1 21.878500 5.098670 25.263700 
1956 2 17.424600 8.947180 21.378700 
1488 2 24.078800 11.439200 21.485000 
1360 2 19.122700 4.829180 18.871600 
1856 2 22.587400 6.901150 25.044500 
1505 1 16.934600 5.878040 13.864100 
576 2 26.173700 12.863400 17.771300 
198 1 14.139900 5.441830 20.287200 
1525 1 14.959500 1.997490 24.231100 
297 1 18.051700 3.525910 17.309400 
227 2 17.449100 5.591770 21.746500 
937 1 21.443000 1.189440 26.062900 
1790 1 14.970900 9.230140 17.631900 
1071 2 14.554100 2.940750 21.221300 
397 1 21.327600 9.833830 24.219200 
1845 1 17.065400 8.513500 15.068400 
1019 2 18.396100 6.342360 25.739600 
793 1 20.719000 12.239800 22.377500 
1748 2 19.158600 4.635950 24.745900 
906 1 13.821300 5.523640 17.827900 
1030 1 19.743000 1.080960 20.170600 
1655 2 13.918600 0.372020 14.646900 
755 2 25.665600 3.948250 25.643200 
707 2 23.610500 8.718450 17.121200 
1188 2 13.940800 12.236800 18.097300 
734 1 21.627100 4.036700 13.983700 
1768 2 25.115800 10.277500 19.373600 
646 1 20.037600 11.736000 16.216100 
1982 1 26.317300 7.433640 21.946600 
1740 2 17.200800 4.913070 13.578000 
1304 2 23.676400 5.452340 21.296400 
434 1 23.986600 7.184580 15.532900 
1154 1 23.554700 13.090400 25.020700 
263 2 18.083200 1.680490 22.995100 
149 1 25.600700 3.089670 24.663000 
318 1 21.051700 6.600720 20.369200 
1801 1 20.578300 7.973150 24.101200 
1005 1 25.541700 10.372500 18.775700 
785 1 15.339800 4.184210 21.487900 
1322 1 22.532600 2.688220 15.554100 
1160 2 24.035600 3.678830 23.700400 
236 2 17.827200 7.764570 14.745500 
1234 1 24.020900 2.489650 25.034400 
1767 2 22.399100 7.948990 21.295200 
1803 2 20.697100 10.747600 16.903800 
1152 2 26.118700 0.698110 15.942500 
1552 2 19.884200 11.468600 16.914400 
1401 1 17.736000 8.772900 16.828800 
710 1 24.245800 5.792720 21.791300 
295 2 16.464800 12.927500 19.830500 
1236 2 24.964900 12.706200 16.995300 
1794 1 13.607000 10.899600 16.238000 
779 2 18.047800 3.294720 14.538300 
515 2 14.002500 9.742670 16.003800 
414 1 23.664900 0.218943 24.079900 
1894 1 19.025900 6.550900 14.662800 
1064 2 25.322600 5.874350 25.581100 
1431 2 24.967900 10.554200 21.979500 
1409 1 18.493200 5.918990 14.822300 
935 2 17.387500 11.278200 14.602400 
1710 1 15.872100 12.831200 18.782800 
1607 2 26.009800 12.488900 13.835200 
949 1 13.473100 8.252870 16.286100 
1732 2 20.630300 3.505170 19.658400 
1447 2 21.046800 8.340940 21.408700 
1125 1 20.454900 2.691560 17.686900 
1693 1 20.838700 10.777400 19.470000 
1323 2 24.067600 7.530900 24.907800 
893 1 26.018800 11.182200 16.535800 
1878 1 23.899000 10.935400 18.446200 
832 2 18.136800 1.803540 13.254000 
1382 1 26.093400 4.618920 16.646800 
1513 1 14.215900 6.129090 22.159600 
1527 2 15.593100 12.504700 24.363800 
1669 1 24.300900 5.427400 18.624900 
1374 1 13.966700 8.660440 19.493100 
1442 1 16.923200 6.815180 25.607600 
486 1 14.336500 6.648310 13.706700 
1209 1 24.042300 11.143900 14.451700 
132 2 24.424800 6.354870 19.783700 
1137 1 25.191700 3.629840 17.687200 
568 2 24.938100 11.485400 13.455800 
842 1 17.807100 3.206750 21.266800 
669 1 23.270100 8.535310 26.049100 
1913 1 21.302600 2.538330 22.089700 
1531 2 23.675800 6.739410 21.182300 
1050 1 14.006500 9.924960 21.451900 
1703 2 24.737800 0.248471 20.506600 
764 2 19.054600 12.792100 17.911300 
1321 1 20.974200 2.708290 26.482300 
1613 1 17.679200 0.610652 17.560200 
1679 2 22.789000 10.678900 24.669100 
640 2 19.189000 2.397380 23.471900 
129 1 21.087700 0.466489 18.446000 
636 2 25.755500 5.585270 15.195500 
900 2 13.672700 6.107740 19.007700 
1578 1 24.702300 9.903480 16.964900 
1691 2 25.619700 10.818400 24.182400 
254 1 26.220500 9.771660 14.981800 
188 2 14.729500 9.718310 24.274300 
802 1 14.183600 12.404500 15.179500 
657 1 15.700500 6.793330 14.283900 
1221 1 22.483100 10.906000 25.686200 
543 2 20.934000 0.038076 22.238100 
177 1 26.452200 0.027644 13.300800 
1287 2 17.274000 0.403395 20.369200 
309 1 24.582800 4.740150 26.489700 
1280 2 13.575800 5.503710 13.307800 
1111 2 24.423500 15.954800 1.574080 
1132 2 25.675200 20.865800 4.445950 
1283 2 14.666000 16.308700 5.150300 
585 1 15.695000 23.369700 4.617950 
831 2 17.370400 16.966500 4.976780 
904 2 16.412300 18.959300 3.374820 
340 2 17.284500 23.953300 5.415820 
1575 2 16.344200 19.136300 1.926450 
1232 2 24.045400 21.883900 9.934860 
315 2 14.868900 17.336000 12.251800 
150 1 23.734900 16.566200 7.749890 
1849 1 24.803600 24.100400 5.034200 
1922 1 25.220000 20.270500 9.804070 
163 2 16.039900 20.442100 1.757550 
1835 2 19.843600 25.952400 7.777460 
1006 1 18.281400 21.017000 3.695320 
1187 2 19.674200 14.795000 12.951100 
1275 2 18.009300 21.822800 2.941110 
1471 2 22.129000 21.956600 3.203700 
71 2 23.124600 25.798900 4.266000 
915 2 15.022500 25.484500 11.101600 
1690 1 20.780000 21.848900 5.624780 
763 2 21.865400 18.164300 8.414410 
1816 2 24.415900 18.278400 11.060700 
1742 1 15.690500 22.966500 6.338920 
73 1 20.423800 23.632800 4.133370 
257 1 14.585300 25.168800 2.917340 
1464 2 23.790000 16.495400 12.317900 
1319 2 18.032500 19.805000 10.957200 
1605 1 19.119700 19.997800 0.526942 
348 2 15.128100 26.178900 3.664050 
1211 2 21.764300 23.039700 1.073230 
1614 1 17.201700 25.620700 3.965310 
1666 1 16.548600 19.977500 5.370780 
1871 2 16.862000 26.327300 4.201460 
1011 2 20.989300 19.545400 7.246280 
1821 1 17.849100 23.244700 13.072100 
1159 2 25.255300 14.398800 13.089100 
1555 2 13.590100 17.324300 10.124300 
835 2 26.098600 18.987400 9.708860 
1090 1 14.140000 24.847500 10.000400 
673 1 13.467300 25.292500 6.929620 
852 2 18.290600 16.731100 5.902170 
871 2 25.420300 14.962700 2.554620 
115 2 21.985100 14.996500 2.192180 
602 1 14.097000 13.710400 12.046800 
1249 1 20.066000 18.794800 0.948926 
628 2 25.633800 15.156900 8.032150 
412 2 17.195900 15.016900 3.123100 
1647 2 20.350100 21.889500 2.789440 
1964 2 18.731500 13.837700 11.323400 
1931 2 23.097000 25.307700 12.922700 
262 1 21.405100 23.293200 1.525520 
1723 2 17.184100 20.710300 6.775810 
1078 1 13.296600 14.033900 8.062600 
1589 1 22.876700 16.481800 4.340440 
203 2 19.435100 20.587600 10.023200 
213 1 22.744900 16.313200 2.067310 
706 1 14.954800 17.969300 11.156800 
1186 1 20.092700 15.462800 2.348560 
606 1 19.811500 15.896500 12.784000 
1961 1 20.270100 23.632400 0.200680 
300 2 20.113900 20.453200 3.827150 
3 2 16.038200 23.163300 6.241870 
325 1 16.396000 20.503600 9.581450 
1590 1 25.315800 13.915100 6.508150 
850 1 23.128600 24.516400 8.156740 
1335 2 13.884500 23.786900 2.414490 
782 1 15.602600 18.261300 3.600620 
316 2 24.862100 24.551300 10.770800 
579 2 20.746800 25.714000 4.035180 
683 2 18.457200 16.254100 3.469590 
67 2 19.309100 18.098700 12.669600 
713 1 25.314800 20.547100 3.992930 
173 1 24.902300 25.004900 9.252900 
1052 2 22.595200 24.705900 6.475220 
1532 2 24.999400 18.172400 7.140610 
1529 1 14.488900 25.103400 11.493300 
1454 1 17.980600 26.491100 1.793590 
157 1 16.222400 25.113500 1.369080 
884 2 24.659100 21.080400 -0.004261 
1753 1 19.593900 22.467200 2.323200 
273 1 25.448100 18.102800 1.600690 
147 2 25.377200 18.876500 2.866420 
1662 1 13.690000 23.112300 4.086650 
780 2 14.175700 24.980500 2.006730 
1024 2 24.208600 24.728800 9.963530 
91 2 24.591100 19.136800 2.635270 
844 2 22.718600 19.722600 0.238931 
1712 2 18.457400 20.514400 8.358710 
1546 1 17.230000 18.741500 2.248970 
1807 2 16.950900 13.412300 4.441190 
859 2 26.203700 24.977600 11.349800 
1869 1 25.875500 23.278200 5.991060 
86 1 18.726800 20.573700 10.378200 
1854 1 18.692200 22.979400 8.741700 
541 1 14.588700 14.419000 12.097500 
90 1 21.392200 18.463600 2.821990 
235 2 25.451000 17.272800 0.787598 
100 2 21.253100 25.679800 3.378800 
654 1 25.049200 20.751400 5.289800 
1126 1 14.253900 22.158200 11.995200 
1076 2 20.231700 14.473200 1.407910 
1966 1 19.015600 14.705600 12.617400 
1480 2 18.921500 19.349900 0.801899 
373 1 20.318300 17.049000 7.787930 
64 2 18.901800 26.223000 10.488100 
1107 2 14.521800 24.954800 7.899940 
1612 2 19.892400 22.279000 1.188970 
1680 2 15.835100 20.947300 10.134100 
403 2 19.293900 21.480000 11.578700 
1257 1 23.786700 19.368700 0.796870 
600 2 21.744400 20.054700 9.155240 
948 2 18.791000 23.912700 12.341900 
1923 2 18.260000 13.382500 8.673920 
692 2 18.306500 15.911800 9.221870 
1910 1 20.416600 23.937200 10.963700 
1697 1 26.274500 20.955900 10.831400 
662 1 17.780700 16.016300 11.163700 
267 2 26.288700 20.574500 9.801110 
828 2 14.486700 21.823600 1.768070 
1579 2 14.507000 13.890100 11.747400 
1493 1 13.775500 21.866400 2.134010 
1356 2 25.195700 16.504400 11.688000 
854 1 17.926900 24.929300 9.137270 
1914 1 24.683500 25.266000 2.206400 
394 1 25.294500 24.349100 2.062340 
1150 1 26.092800 18.706400 12.184800 
941 1 21.017400 16.371100 3.319340 
1641 1 18.950400 25.039600 10.993000 
101 1 22.924900 21.305300 3.108410 
812 2 22.210000 20.715300 2.770330 
894 1 17.195600 15.113900 3.040400 
625 1 20.036100 24.167900 7.245010 
1949 1 13.383600 20.595500 7.357000 
339 2 24.322200 24.384000 9.535740 
728 2 14.604000 22.941400 4.229550 
1277 1 14.791900 24.615000 8.068680 
1072 2 23.262400 22.569900 3.864910 
768 2 21.258900 17.312700 10.764800 
1136 2 18.123800 14.844600 9.310210 
1235 2 18.740100 23.153800 6.915520 
897 1 18.162300 21.042300 7.725430 
301 1 25.122400 22.266600 8.641170 
1670 1 13.676800 15.109000 5.284370 
1939 2 20.918500 26.249200 11.757200 
1284 2 16.324500 16.554300 1.126310 
1764 2 14.900700 20.056000 9.012000 
1799 2 25.546600 23.251000 5.279240 
1226 1 14.213900 24.397700 0.993631 
1977 1 25.018700 19.475800 6.882170 
474 1 15.151000 22.817100 2.829070 
1660 2 23.411700 17.302900 8.451960 
167 2 20.396100 15.611300 5.489030 
1823 2 16.177600 24.344000 12.439900 
733 1 17.139300 22.723800 6.837610 
426 1 13.368000 22.956100 7.403660 
152 2 26.196400 22.719500 9.562040 
1391 2 20.959700 18.516200 4.133370 
927 2 22.525400 22.222800 12.123100 
537 1 13.829700 16.646300 9.174620 
1580 2 16.424900 18.261700 11.961300 
759 2 16.400900 15.063300 3.393380 
1330 1 23.869200 21.188000 11.680300 
698 1 24.938300 17.397400 10.961000 
525 1 25.659300 13.757100 2.547110 
1161 1 22.298600 26.130200 3.169040 
969 1 19.167800 19.644000 9.878830 
947 2 26.282800 23.820000 0.444140 
716 2 25.768700 14.885300 3.352390 
338 1 22.431400 24.234800 12.254700 
689 1 13.437600 25.720300 3.400310 
1620 2 24.312000 23.257200 0.608108 
98 1 23.739200 16.197400 9.036350 
1792 2 14.016400 15.242500 4.076040 
874 1 25.806300 24.879700 11.808700 
1063 2 18.150300 23.091800 9.479120 
1685 1 18.083000 25.810600 6.106800 
1915 2 18.810300 15.355600 0.039943 
1901 1 20.793300 14.196300 12.914300 
455 2 23.531600 16.350500 9.117310 
62 1 22.840200 13.595000 3.269800 
1218 1 21.057500 18.147900 11.640300 
1451 2 21.554700 23.285800 5.656980 
1832 2 18.684800 22.803800 1.576730 
1973 1 14.828200 14.051400 1.936430 
108 2 14.699800 21.643100 9.457510 
580 2 16.535200 16.988900 11.399000 
1105 1 20.647600 18.715700 9.219500 
230 1 26.342900 16.593100 12.536100 
1446 1 19.244800 15.528100 5.799020 
10 1 20.837500 18.967700 6.213520 
518 1 24.875400 16.630100 6.354440 
1368 2 24.043000 23.047900 2.499250 
1637 1 21.865800 20.309200 8.708570 
1069 1 18.119300 16.264500 9.255500 
1582 1 16.483200 16.337700 9.315310 
352 2 20.565800 18.112200 6.429340 
503 2 17.938100 17.313400 1.039910 
653 1 17.372400 16.743800 -0.003193 
1085 1 22.543400 23.357000 3.643130 
1393 1 21.771600 14.172100 10.264100 
120 2 14.812400 17.889600 6.639540 
1498 1 23.036800 22.720200 6.095460 
1346 1 16.891800 18.459900 6.582770 
1625 1 25.673000 15.185200 2.598040 
321 1 16.258500 17.821300 12.431500 
1118 1 24.542500 26.088200 7.989570 
481 1 18.558700 22.176100 12.455100 
988 2 21.515700 14.126300 6.488350 
1333 1 23.123100 26.273900 12.486100 
1165 1 22.531500 16.239900 9.418960 
1354 1 15.015000 17.222200 5.799950 
1483 2 23.683000 20.638700 11.938100 
1273 1 13.718000 18.239800 3.151190 
1651 2 15.327400 25.789700 5.391940 
1004 2 16.151600 18.601700 0.955446 
216 2 17.349900 23.194300 9.334650 
1671 2 24.428100 21.484200 9.506360 
280 2 26.128000 13.549600 7.851400 
957 1 21.519800 24.984400 6.239330 
1242 1 21.596700 21.389000 1.314740 
1996 2 20.868100 15.882100 3.752930 
1285 1 25.142000 22.396100 0.583281 
774 1 20.625200 26.328200 3.884480 
449 1 25.491300 24.124800 10.686300 
727 2 14.859700 17.198400 7.498970 
218 1 13.880200 18.208400 8.522130 
598 1 18.104400 17.723300 5.578080 
610 1 20.916300 14.477300 4.286290 
183 2 25.188000 20.515200 9.738750 
1995 2 18.239100 14.049100 6.714680 
535 2 14.085300 22.085100 3.881040 
1366 1 19.110700 17.138900 3.892770 
781 1 18.089600 17.902800 2.601290 
1120 2 13.409500 23.445200 3.301010 
1800 2 25.452300 13.911800 3.004860 
1380 2 19.092000 26.172400 7.780730 
1549 1 24.615000 20.761800 1.844120 
1338 1 16.057400 14.155800 3.353120 
929 1 23.248600 21.895400 10.336000 
1809 1 13.278000 17.608900 0.599909 
31 2 17.838300 17.570800 10.610600 
1917 1 14.856900 17.374500 7.404230 
1776 2 13.975300 24.743500 8.306570 
402 1 18.916000 14.019200 8.230060 
237 1 17.114200 22.515900 1.236650 
1591 2 25.659000 19.828200 6.243940 
794 1 26.294600 19.783700 3.718900 
477 1 23.988300 22.090200 8.617920 
524 2 18.456800 23.445200 2.154000 
1719 2 13.878200 18.223300 7.534440 
1478 1 16.007600 24.903300 11.059000 
1220 2 22.713500 17.969100 1.393850 
1262 1 20.602900 14.006800 1.430950 
1243 2 20.483600 20.675700 0.062411 
379 2 25.182400 17.798900 12.867200 
566 1 22.039000 23.022800 0.231518 
1169 1 17.750800 22.159600 0.189285 
1565 1 20.406400 19.672600 12.670900 
1371 2 17.572700 25.133000 14.878600 
179 2 23.276300 20.784900 17.036800 
776 2 16.447200 20.273200 16.206000 
1993 1 14.161400 17.612500 16.755800 
1247 2 24.553000 17.955700 17.063300 
498 1 22.108000 16.563300 13.647400 
778 1 19.625300 21.476500 25.221800 
1281 1 15.620600 16.961100 17.187800 
523 2 16.113900 18.452600 24.139900 
993 1 14.739400 25.523500 25.733800 
979 2 26.222300 17.201500 15.602100 
160 2 25.581200 24.973600 20.103500 
1567 2 22.063600 13.300400 23.833800 
1227 2 21.118400 18.992500 19.258000 
502 1 19.897800 26.503700 25.700200 
427 2 19.386400 20.717400 21.651800 
986 1 20.464400 14.445200 18.198600 
189 1 14.966900 19.556000 19.540500 
210 1 14.423200 23.778600 24.419700 
1749 1 15.873500 16.140400 23.412500 
914 1 23.439500 19.596700 22.089400 
1840 2 19.545600 21.390400 16.471300 
1520 2 13.593400 17.673100 19.266900 
546 1 17.109900 18.490000 23.314400 
1178 1 20.061900 16.109600 25.639700 
106 1 17.572200 16.318900 17.289400 
517 1 15.070600 21.508400 22.231400 
1501 1 20.965900 18.188900 16.703800 
454 1 15.090100 25.930400 19.343200 
749 1 25.107400 21.750900 15.897600 
814 1 16.833700 16.692400 25.152600 
1805 1 23.266200 23.044900 15.007100 
767 2 19.341500 16.199600 18.590400 
158 1 20.383500 25.846700 18.514000 
841 1 21.064500 24.542000 21.467100 
1778 1 22.779700 21.012100 25.738600 
1932 2 20.406000 14.290600 25.507800 
1853 1 18.460000 23.089300 24.209600 
378 1 21.944100 22.048600 16.796900 
1534 1 16.767000 20.183100 19.515900 
1735 2 21.836300 23.588300 22.131100 
760 2 21.264600 14.295900 22.409700 
905 1 24.315700 16.916300 25.196600 
407 2 16.188000 16.524600 25.311200 
27 2 24.678000 25.120400 24.918100 
1511 2 20.387100 23.985900 15.340800 
367 2 13.957400 23.197500 23.183800 
1630 1 18.836900 25.430900 15.920500 
1812 2 15.910500 14.532300 18.302300 
1535 2 24.786500 23.438800 14.793200 
1436 2 20.131500 15.409500 18.686400 
387 2 26.203300 25.365300 16.592800 
12 2 20.765600 20.002600 17.839600 
766 1 16.791100 14.605900 18.067800 
337 1 18.948900 20.481600 22.312400 
345 1 26.077600 17.898600 25.889300 
344 2 17.156100 26.313800 20.641000 
1054 1 24.587100 24.614300 17.843600 
913 1 22.095000 13.748300 24.146200 
50 1 24.449800 22.873800 21.533100 
1144 2 15.499400 16.510900 22.639700 
1558 1 18.582800 13.538100 19.265000 
97 1 16.830000 17.928400 25.932800 
862 1 26.219300 19.264500 24.174500 
1049 1 17.357000 25.395700 13.806500 
1653 1 23.073100 13.639000 13.817500 
1793 1 14.081100 16.271600 16.838100 
1438 1 24.167500 26.144500 22.452600 
1156 2 16.429300 23.515900 14.197900 
739 2 13.449100 16.118600 18.693300 
1212 2 18.658700 23.160200 25.126600 
641 1 22.422600 24.116300 15.988400 
1053 1 19.809500 16.486700 15.302500 
735 2 26.143800 19.178000 22.788300 
1728 2 22.859400 20.491500 25.333500 
1357 1 22.037300 20.316500 17.026900 
1889 1 21.142800 17.381500 18.481700 
890 1 16.948400 21.167000 15.947900 
320 2 17.722800 23.564900 23.828900 
928 2 20.581500 23.928600 22.950300 
1911 2 17.599500 18.979900 15.523500 
1751 2 20.988900 20.063700 13.549400 
1295 2 20.008400 16.554300 24.886500 
1255 2 22.141400 23.018400 14.046600 
1744 2 20.874500 15.175800 18.163600 
1489 1 15.070900 25.061000 18.584900 
425 1 19.722500 23.358000 24.713300 
1176 2 17.420900 22.689700 16.460100 
221 1 13.424700 17.180100 19.975900 
274 1 18.888100 19.861800 15.519400 
395 2 20.719600 23.871000 26.104700 
265 1 25.784400 20.287500 16.045400 
1416 2 22.214600 16.740400 16.752300 
995 2 14.148900 16.675600 20.320500 
1087 2 20.203900 15.914800 16.087300 
633 1 17.940500 25.798000 19.987100 
1000 2 20.755500 23.010900 23.754200 
266 1 17.731500 13.543800 22.812000 
804 2 21.869600 25.597300 18.826200 
1893 1 20.853400 13.416000 25.140900 
1238 1 17.257500 13.687900 19.832600 
923 2 13.470300 14.344600 24.803100 
722 1 24.857700 15.757400 16.758300 
364 2 22.952500 17.204200 20.608100 
1 1 18.769000 17.721500 20.924400 
1081 1 25.128400 14.918800 26.540200 
1012 2 22.358700 26.418700 19.071600 
958 1 15.148900 25.883000 13.863600 
1694 1 15.189000 26.445600 21.421100 
961 1 16.677500 22.994800 18.133700 
1550 1 25.433300 15.849200 23.979200 
1698 1 25.952900 26.128300 24.731200 
487 2 19.948600 25.769000 17.860000 
1458 1 18.732000 18.411600 25.767000 
1624 2 24.944600 20.741400 14.340500 
1583 2 21.544500 13.620300 18.656700 
1015 2 20.349100 15.712200 19.583100 
616 2 23.675900 22.199100 21.055900 
1282 1 23.333000 15.287700 22.498400 
75 2 25.054400 20.428300 25.486000 
1722 1 14.621600 23.500200 15.444600 
1194 1 17.826800 14.291900 15.334500 
1465 1 21.529900 18.036200 21.788900 
1170 1 16.057100 17.719400 14.890200 
745 1 25.682000 23.032600 19.707200 
1084 2 18.835900 17.944200 15.167000 
1048 2 18.288500 22.841700 20.750100 
1646 1 18.487700 24.426200 22.052600 
88 2 19.710400 19.931200 21.287100 
644 2 24.067100 25.685000 15.851200 
251 2 17.038100 23.492000 25.607900 
642 1 15.289100 16.963000 22.031000 
1533 1 23.095000 18.927900 17.153200 
234 1 14.521500 19.914200 22.100600 
1828 2 21.165100 15.764500 22.275100 
594 1 23.878200 18.128200 17.729800 
651 2 24.905700 22.199100 21.649500 
700 2 15.172900 23.290900 23.288200 
558 1 19.861500 21.249700 17.432600 
20 2 13.444600 20.692600 20.359600 
674 1 17.276900 20.836100 21.970300 
1523 2 14.231100 19.630500 21.871400 
306 1 19.793900 22.381400 16.530900 
228 2 22.493400 23.656700 22.139000 
141 1 26.132400 23.111100 14.899300 
479 2 18.219600 16.418400 17.636700 
1515 2 15.692800 14.568500 15.835800 
1860 2 18.979100 21.998800 16.709900 
1311 2 18.806700 19.036800 20.758900 
695 2 16.535600 18.431600 23.183700 
109 1 19.605500 17.820900 13.339700 
1756 2 23.840200 22.788100 17.242400 
895 2 25.972100 23.249800 24.473800 
1073 1 18.200500 24.586100 17.923400 
1133 1 15.496300 21.188500 16.363900 
1536 2 19.600300 17.621100 13.479500 
1925 1 15.624000 15.363500 20.195400 
1037 1 13.943500 17.316400 24.930600 
1967 2 20.886500 20.195300 25.458600 
355 2 17.536100 23.639500 17.617000 
1198 1 21.685100 20.438600 14.518600 
242 1 14.481600 14.095600 18.992200 
1969 1 20.404500 17.232700 25.094500 
41 1 20.542000 19.530000 20.747700 
80 2 23.806600 17.556700 19.353100 
87 2 24.642000 16.125800 23.953100 
1863 2 23.351500 16.327500 20.742600 
376 2 17.686600 19.240800 14.681800 
1639 2 24.868400 23.919200 18.181900 
708 2 17.803300 14.217600 19.914200 
1347 2 15.260600 21.541900 20.924700 
1225 1 15.459300 19.331400 26.272800 
1180 2 15.623000 25.872800 18.619100 
1953 1 16.064600 18.979200 13.596500 
1713 1 24.301600 14.202700 18.421900 
432 2 22.803200 25.166100 14.305900 
1804 2 18.412100 26.223800 23.982700 
1994 1 22.492600 20.351400 23.080800 
418 1 24.241300 21.519700 19.103900 
329 1 15.017100 23.176400 22.438600 
1884 2 24.442600 23.494600 16.897500 
483 2 19.332800 25.519300 20.590100 
304 2 22.488400 20.628700 22.773200 
573 1 14.779400 21.941600 24.994600 
16 2 22.928600 21.138700 14.795600 
202 1 15.525700 22.530300 14.736600 
153 1 20.665000 15.966500 19.494600 
724 2 15.463000 17.298000 16.896000 
1158 1 23.805200 24.311700 13.712400 
792 2 14.654800 14.328000 20.552000 
1551 2 16.241000 22.326600 15.567900 
444 2 16.294100 18.366500 19.852200 
279 2 14.735400 24.903600 18.919500 
1298 1 24.652900 21.147600 23.502300 
1310 1 18.317900 16.798300 14.147500 
1174 1 19.031000 17.686200 16.665500 
1937 1 24.802000 23.582400 23.492000 
448 2 13.314700 16.211700 18.001200 
1029 1 23.527000 20.230500 14.412700 
982 1 21.828800 22.087100 13.612100 
1291 2 15.204400 21.615500 16.141700 
1802 1 22.674300 15.895500 20.578200 
14 1 25.756300 20.720800 25.393400 
1398 1 14.728200 17.070700 23.877900 
2000 2 19.855300 19.285800 25.659600 
1487 2 24.636300 21.468400 25.225700 
148 2 15.944900 17.799200 26.317000 
181 1 19.800000 22.009200 20.032800 
1522 1 15.647100 26.508000 17.447100 
463 2 16.489500 21.584500 20.439200 
1248 2 17.057500 16.228500 24.267500 
459 2 25.589000 21.787700 19.997900 
488 2 15.730000 20.211500 22.311200 
1990 1 18.842400 26.503200 23.672400 
1482 1 17.823200 22.421200 14.824400 
588 2 22.715200 15.510500 25.392200 
666 1 20.357300 13.754100 20.912400 
1392 2 17.510700 15.141600 14.369100 
193 1 23.502100 25.952700 16.595300 
1173 1 23.231100 24.145800 20.311900 
1167 2 13.435900 18.455800 14.711800 
1569 1 25.877800 17.647500 14.353700 
1852 2 22.241900 18.687400 17.681800 
1264 2 18.594400 25.761300 18.461300 
667 2 17.514900 25.915100 16.384300 
410 1 14.827300 16.925700 19.006100 
144 2 22.453700 23.283600 13.451200 
1058 1 16.039300 22.174600 20.640600 
790 1 15.298800 14.651900 14.576400 
1430 1 22.096000 19.937500 25.185200 
302 1 26.498000 22.537500 25.431400 
1819 2 26.141800 25.588600 13.907900 
744 2 25.370100 19.445800 13.723300 
156 2 14.766000 25.824300 13.519700 
1326 1 19.162100 24.948900 13.436300 
