id type x y z 
1241 1 5.863870 8.962340 6.571560 
684 2 8.633170 8.802920 3.800800 
989 1 0.289920 3.214450 11.221900 
742 1 4.683420 8.189050 0.231038 
165 1 1.640500 0.045276 8.320400 
649 1 9.349780 6.932520 1.292260 
1965 1 1.589120 1.686990 7.974170 
588 2 6.138110 1.378310 7.248140 
241 1 9.981540 0.290300 12.971100 
448 2 5.660260 7.940580 4.596700 
168 2 2.074710 0.850614 7.571390 
1284 2 7.629530 3.434230 9.436190 
835 2 13.079700 13.395700 9.904750 
420 2 11.455000 1.640430 3.385860 
182 1 5.382380 10.342700 2.940000 
922 1 10.468600 11.518300 10.623300 
599 2 11.551000 1.499520 3.575140 
856 2 2.610020 8.081720 8.132080 
166 1 1.197740 0.601712 6.544220 
1234 1 2.169140 9.313480 4.949720 
1058 1 0.371336 12.071100 -0.031022 
741 1 5.974040 8.902490 0.154521 
812 2 8.863350 8.263800 9.579930 
1453 1 1.070830 5.624350 4.281330 
254 1 5.694080 4.253060 4.539370 
1680 2 4.558530 2.588750 10.730100 
41 1 1.493990 11.554600 3.456540 
740 2 12.513700 10.146400 8.110070 
390 1 10.093800 0.263105 6.848200 
519 2 2.874770 11.573800 9.121420 
1 1 2.218800 1.517130 12.829600 
810 1 8.900240 8.445480 8.938290 
955 2 12.862100 3.926630 0.007319 
230 1 5.376410 11.607500 3.225420 
231 2 5.416600 10.653500 2.956720 
232 2 5.112250 11.030500 3.031660 
1459 2 2.134310 9.788890 5.301900 
738 1 12.923800 10.541900 7.536740 
1211 2 5.043950 3.223310 4.751930 
663 2 7.131100 5.351590 2.741670 
391 2 9.709340 0.422763 7.869850 
755 2 9.715880 3.408060 1.289200 
85 1 2.384020 8.776060 11.908100 
210 1 10.738100 0.878242 8.154190 
988 2 11.607800 10.583000 1.236020 
211 2 10.091100 0.361581 7.707050 
664 2 7.164550 5.338710 2.635110 
1725 1 6.482510 10.188600 11.198000 
1677 1 4.332920 3.246470 11.471100 
585 1 6.133360 0.687956 7.243660 
57 1 4.608390 2.555010 10.324800 
86 1 2.733820 9.420450 10.834700 
548 2 7.361710 12.680500 4.212250 
1727 2 6.545310 9.904270 10.748500 
1209 1 4.881990 2.886520 4.760930 
1819 2 0.108947 4.879760 10.052000 
343 2 8.445570 2.734580 5.326350 
834 1 13.161300 12.925700 9.756490 
642 1 2.896260 9.912150 1.821810 
1555 2 9.032340 9.717300 6.428820 
882 1 11.617800 13.289900 6.861680 
1858 1 12.053000 4.541260 8.224810 
216 2 3.784760 5.753740 2.124230 
681 1 9.471730 8.817540 3.575460 
600 2 11.647700 1.493100 3.418460 
854 1 2.302970 8.597720 7.660160 
488 2 8.325320 1.371890 11.282700 
545 1 7.657490 12.146900 3.956070 
861 1 7.603720 12.611300 8.146110 
916 2 7.711820 6.045130 6.864460 
743 2 5.173360 8.404930 0.182998 
1388 2 12.727600 9.928050 12.313600 
256 2 5.213200 6.602630 10.490900 
1325 1 9.035170 5.396800 11.605000 
924 2 9.625400 11.366500 10.596800 
547 2 7.609100 12.807500 4.173890 
295 2 3.482830 12.556100 12.656300 
446 1 4.926690 7.983260 4.262130 
1556 2 9.184360 9.850050 6.511220 
509 1 4.623070 0.092981 0.393645 
109 1 10.559000 3.302080 8.118360 
255 2 5.589060 6.494820 11.062500 
253 1 5.988180 6.839670 11.611300 
1264 2 1.719290 2.327240 3.421700 
323 2 7.706950 10.590700 0.551238 
914 1 6.953070 5.866500 7.020390 
486 1 8.074690 1.669060 11.724800 
1678 1 11.323900 3.801250 6.633430 
1208 2 12.698400 9.665180 12.605000 
921 1 8.942820 11.617800 10.661000 
915 2 7.596520 6.063640 6.640390 
853 1 2.102740 7.305800 8.657890 
591 2 3.869900 13.219100 0.730451 
643 2 2.685010 9.316140 1.675960 
995 2 13.455000 0.226388 10.736700 
1283 2 7.691810 3.587330 9.192340 
985 1 11.458600 11.070900 1.720910 
739 2 12.532100 10.164900 8.094400 
598 1 10.761900 1.024940 3.972520 
1553 1 8.852060 9.305450 6.213320 
855 2 2.615320 8.252320 8.147280 
1967 2 1.598340 0.593655 7.635990 
1262 1 1.654090 2.898980 3.586700 
1328 2 8.389110 5.554460 12.187300 
88 2 2.620960 9.194630 11.291000 
1160 2 0.279087 7.365220 1.898650 
954 1 12.082700 4.016450 0.236202 
1242 1 6.180480 9.154230 8.387700 
1609 1 0.559821 3.496170 0.658372 
321 1 8.074920 9.720620 0.976850 
1263 2 1.796480 2.248510 3.568830 
324 2 8.095170 10.286200 0.619057 
1249 1 11.584300 7.308280 10.212800 
60 2 11.460100 3.981120 7.567640 
862 1 6.840710 11.852600 7.656230 
341 1 8.135570 3.120960 5.123340 
59 2 11.385400 4.108460 7.860180 
652 2 9.860220 6.880370 0.888538 
693 1 10.557800 5.538200 3.739330 
913 1 8.114650 6.350430 6.692900 
2000 2 0.317034 5.027720 11.105900 
694 1 9.846980 5.424080 4.856680 
987 2 11.023500 10.360600 0.855525 
1403 2 3.800550 2.854630 1.287620 
418 1 11.415200 0.696448 2.639440 
544 2 11.671400 7.849850 5.506790 
1281 1 8.147670 3.695840 9.568540 
1206 1 12.332800 9.129880 13.033600 
1845 1 11.803900 7.652100 6.306850 
1834 1 3.677540 8.079310 8.492090 
1326 1 7.936390 5.578630 12.946400 
518 1 2.634590 12.024900 8.599840 
956 2 12.825600 4.089480 0.288514 
215 2 4.016510 5.773770 2.007680 
445 1 6.395120 7.714200 4.855300 
1223 2 4.414660 4.734530 8.181370 
682 1 8.080100 8.910980 4.008010 
809 1 8.891150 7.644630 10.255900 
1120 2 1.504270 0.778442 12.473900 
1066 1 10.493300 2.509560 12.042600 
1261 1 1.978180 1.697170 3.231620 
1554 1 9.299000 10.321600 6.622220 
213 1 4.172470 6.436990 2.064340 
644 2 2.736240 9.478070 1.867300 
1914 1 0.166066 13.146500 11.853300 
94 1 2.294380 10.307900 6.069660 
212 2 9.446940 0.468999 7.783110 
392 2 10.114100 0.079654 7.840670 
870 1 7.292180 2.395150 1.608780 
651 2 9.655990 6.788650 0.730850 
1118 1 1.252800 0.083132 12.357400 
1726 1 7.159260 9.440330 10.270500 
863 2 7.080200 12.256100 7.609080 
597 1 12.595900 1.527340 4.184660 
447 2 5.425860 8.016420 4.834680 
1243 2 5.794390 9.330330 7.631250 
1327 2 8.946340 5.526030 11.957200 
541 1 11.442000 8.262450 5.105590 
517 1 2.877920 10.977200 9.621110 
923 2 9.704610 11.863400 10.671400 
1282 1 6.895450 3.246720 9.329320 
1250 1 12.871800 7.196850 10.092000 
1222 1 4.169470 4.020590 8.392140 
1728 2 6.585200 10.104500 11.180800 
294 1 3.843350 12.323600 12.330100 
1251 2 12.192600 7.448850 10.322400 
641 1 2.366020 8.603740 1.578450 
1244 2 6.163500 8.950610 7.810540 
857 1 5.010260 6.247870 10.365400 
1212 2 5.166800 3.637100 4.790790 
901 1 11.403900 10.211500 4.613740 
986 1 10.983800 9.706210 0.542715 
872 2 6.952100 1.813070 1.963370 
903 2 11.908400 10.513400 3.991900 
871 2 7.070220 1.708880 2.197950 
419 2 11.122700 1.346580 3.137170 
487 2 8.257030 1.274930 10.830200 
586 1 5.963610 1.977350 6.852620 
590 1 3.828920 13.361800 1.524200 
87 2 2.695460 9.100320 11.233300 
1844 2 0.732754 12.552200 3.706400 
1456 2 1.470780 6.183510 4.795610 
994 1 13.191900 0.862546 11.398200 
1870 1 5.878010 3.762180 0.033358 
214 1 3.554750 5.042540 1.875390 
695 2 10.172400 5.382510 4.196650 
543 2 11.703400 7.924900 5.849310 
520 2 3.089560 11.719600 8.820620 
587 2 6.095280 1.541700 7.147160 
661 1 7.836040 5.272760 2.805110 
864 2 7.296050 12.359200 8.003480 
1859 2 11.383200 4.059080 7.664310 
1065 1 11.216900 3.151100 11.227600 
18 1 0.851724 4.251720 9.830670 
744 2 5.242730 8.378620 -0.067210 
753 1 9.579450 3.958660 1.356090 
1460 2 2.294800 9.846050 5.259250 
1068 2 10.940400 2.946360 11.487400 
1067 2 10.976700 2.636990 11.725600 
756 2 9.689180 3.510930 1.221720 
1157 1 0.658040 7.478570 2.046200 
1968 2 1.768380 0.595220 7.596330 
1119 2 1.909580 1.050590 12.266000 
429 1 1.300340 5.452210 10.942300 
43 2 0.667479 12.149000 3.293370 
1999 2 -0.035015 5.146380 10.766300 
485 1 8.364450 0.812234 10.573400 
592 2 3.694030 12.887400 0.882903 
1207 2 13.024900 9.871670 12.466200 
737 1 12.217600 9.782470 8.724870 
1958 1 8.801690 2.055930 5.571530 
417 1 11.412500 2.455530 3.181070 
683 2 8.671690 8.721040 3.881420 
662 1 6.444420 5.265870 2.467230 
754 1 9.766960 2.663850 1.186530 
811 2 8.955490 8.067910 9.757260 
1679 2 4.529820 2.681360 10.774300 
1121 1 8.039950 0.405459 3.636190 
1224 2 4.353960 4.520140 8.013190 
904 2 12.468200 10.594400 4.367600 
589 1 3.574310 12.800800 0.378052 
1221 1 4.627440 5.131410 7.637760 
696 2 10.303600 5.481460 4.206890 
167 2 1.682820 0.704691 7.590290 
1252 2 12.128700 7.223040 9.871850 
19 2 0.017951 4.637700 10.646300 
344 2 8.424030 2.634400 5.228820 
869 1 6.681140 1.499330 2.416890 
1454 1 2.037270 6.406780 5.159410 
199 2 -0.103558 5.202750 10.138100 
1455 2 1.541900 5.957900 4.536910 
902 1 12.848800 10.792800 4.062860 
44 2 0.511960 12.195700 3.470730 
650 1 10.212200 6.491500 0.121794 
197 1 9.094120 0.776023 7.866490 
1402 1 3.569870 2.609120 1.326660 
1205 1 12.470400 10.185300 11.929300 
296 2 3.478970 12.789300 12.733900 
1966 1 2.889380 0.562138 7.664750 
22 1 -0.007961 12.118800 3.190560 
718 1 13.377800 3.639310 12.395800 
996 2 13.138000 0.002319 10.648900 
1842 1 0.677983 12.989400 3.743480 
293 1 3.161330 13.131700 13.060600 
422 1 9.216190 9.030390 12.759600 
322 1 7.738620 10.945100 0.350450 
1693 1 5.969830 3.641130 13.431000 
399 2 5.986090 0.672915 13.969600 
147 2 6.531250 0.498730 23.150200 
225 1 12.795600 7.532380 23.974500 
1761 1 1.074600 9.400040 21.585400 
910 1 10.272000 6.393750 16.172300 
428 2 8.987940 2.826390 23.325800 
635 2 9.071970 3.147610 14.625600 
731 2 9.964130 11.722500 15.988300 
732 2 10.404900 11.543900 15.880900 
426 1 8.374770 3.271130 23.561800 
1513 1 4.921980 10.073200 14.551400 
1246 1 9.079540 0.280289 21.151200 
442 1 0.896984 10.214800 15.684300 
966 1 13.321100 0.394945 14.964400 
55 2 8.418030 1.362290 17.557900 
1871 2 6.555710 3.638230 26.121900 
1230 1 6.867090 9.887930 17.524800 
1477 1 3.070590 11.931400 20.509600 
1245 1 10.490400 0.199254 21.736200 
425 1 9.287480 2.331660 23.222400 
1044 2 4.013180 8.159350 20.956400 
1628 2 10.179100 12.655000 25.010000 
1014 1 11.805200 4.091730 23.057200 
449 1 1.551020 0.584321 20.361400 
969 1 3.037100 0.066312 17.546000 
411 2 6.484610 4.055030 21.814500 
1751 2 11.956600 2.774070 15.947000 
228 2 12.996200 7.716690 24.680100 
1174 1 4.521260 6.213700 25.100900 
1479 2 2.538820 11.955500 20.982600 
146 1 5.772710 0.470353 22.812600 
242 1 10.576900 0.381682 14.254200 
289 1 1.599470 4.683960 17.008300 
819 2 13.405500 2.423390 19.483000 
636 2 9.256810 3.472700 14.158000 
277 1 0.448387 8.421100 18.563100 
970 1 1.476120 0.461623 17.446000 
688 2 12.118000 8.531940 15.927100 
410 1 6.361590 4.811100 21.453100 
1821 1 0.815266 6.864870 25.311600 
1822 1 0.959071 8.466050 25.368000 
491 2 4.850460 3.003070 17.232000 
640 2 6.251010 7.255490 13.684000 
889 1 1.746040 7.260560 14.209700 
1102 1 10.273800 8.888740 24.627700 
1156 2 4.549910 6.384300 16.812600 
942 1 10.146500 6.321820 21.315600 
1173 1 4.005320 5.499320 24.036900 
1310 1 6.738710 5.208780 15.915400 
1911 2 5.077610 0.998293 20.194200 
1752 2 11.863300 2.867180 15.859800 
366 1 0.890804 2.413640 24.999600 
432 2 1.494140 5.174660 16.808500 
1607 2 3.666390 1.892470 23.500100 
874 1 5.621780 11.659900 20.027600 
730 1 10.747800 11.624200 15.363500 
511 2 4.874630 0.272025 26.182900 
1043 2 3.689510 8.263560 21.169100 
1810 1 1.958100 4.687950 20.373600 
421 1 8.095350 8.878780 13.775000 
1273 1 7.516880 6.633300 19.657400 
944 2 9.929270 6.807440 21.136300 
747 2 9.643200 3.351930 20.163000 
911 2 10.168100 6.350370 16.834700 
1478 1 2.179140 11.761900 21.442400 
1057 1 1.532940 11.383100 25.884600 
500 2 6.768250 12.262700 24.390200 
1372 2 9.683730 9.688900 18.878500 
424 2 8.836180 9.266250 13.346500 
1101 1 8.851250 8.956140 24.742000 
1470 1 1.874620 0.956796 21.685100 
315 2 10.611700 0.771913 25.070100 
1248 2 9.932460 0.544087 21.630200 
400 2 6.093950 0.481969 14.234000 
1286 1 9.148100 10.330200 22.154800 
1763 2 1.697760 0.674448 20.952400 
745 1 9.942970 3.174520 19.791100 
243 2 10.477300 0.222019 13.861400 
1371 2 9.691290 9.527810 18.634300 
1232 2 6.767840 9.426410 16.873600 
1136 2 12.878900 8.851730 20.553800 
1992 2 2.899350 4.402200 20.301800 
1841 1 0.096630 7.790780 23.896000 
1060 2 0.914393 11.876400 26.198600 
510 1 4.869080 0.589520 25.699100 
1274 1 6.391830 6.865420 19.055800 
431 2 1.176230 5.297860 16.642400 
687 2 11.867300 8.749310 15.820100 
427 2 8.916570 2.861250 23.414600 
638 1 6.227250 7.939490 13.579600 
279 2 1.309770 8.417900 18.392700 
1312 2 7.495490 5.204130 16.058200 
1853 1 7.280530 1.403720 17.290300 
1063 2 3.689070 10.566800 23.920700 
313 1 10.545400 1.168130 24.489500 
1153 1 3.717600 6.554030 16.480500 
1856 2 8.229720 1.516740 17.338300 
361 1 0.611122 2.810730 17.952200 
1287 2 9.065720 10.638000 21.873800 
444 2 0.633546 10.629000 14.718300 
875 2 5.796940 11.165100 20.521200 
531 2 2.415910 6.808060 14.109800 
943 2 9.864700 6.987630 21.114200 
1855 2 8.133130 1.573160 17.184400 
820 2 13.210500 2.699860 19.080400 
918 1 11.760300 6.425680 13.554400 
1104 2 9.744950 9.075960 24.461900 
219 2 6.248170 0.343634 14.107600 
492 2 4.700030 2.912600 17.003700 
1981 1 2.035110 7.987220 24.303800 
53 1 8.508140 2.501480 17.189200 
498 1 7.225470 11.835100 23.837800 
1237 1 12.577200 12.755500 20.479300 
1909 1 5.135840 0.585774 20.292000 
1062 1 3.977520 10.800400 23.714100 
1605 1 3.534110 1.417060 23.190600 
1134 1 13.013700 8.263150 20.508200 
941 1 9.675800 7.647010 21.017900 
489 1 4.652490 3.487020 17.363400 
1042 1 3.274740 8.353620 21.538600 
637 1 6.020490 6.819630 14.158500 
1293 1 13.018500 11.106300 23.986600 
423 2 8.804720 8.846100 13.192900 
1990 1 2.790550 3.049180 20.541900 
1824 2 1.216100 7.816150 24.942700 
1471 2 -0.019069 9.382980 21.267700 
1155 2 4.316680 6.173780 16.629800 
686 1 12.092400 7.925920 15.684300 
244 2 10.373100 0.281516 13.846400 
409 1 6.578920 3.385540 21.998100 
1797 1 3.267920 3.140040 14.372300 
1059 2 1.190290 11.703200 26.181700 
912 2 10.134600 6.035890 17.011300 
246 1 9.453010 5.870650 24.230500 
818 1 12.343100 2.197700 19.610800 
1480 2 2.646820 11.837700 20.793100 
639 2 6.262860 7.486200 13.827700 
248 2 9.568780 5.495740 24.502800 
56 2 8.381420 1.652630 17.272100 
1239 2 11.812100 11.981700 20.534200 
539 2 6.738470 9.000700 23.456900 
490 1 4.902470 2.428660 16.800300 
300 2 11.637500 13.119700 13.528000 
398 1 5.386910 1.364460 13.807100 
909 1 10.013800 5.992120 17.628600 
1240 2 11.917500 12.362300 20.653600 
858 1 4.330160 10.716200 13.609700 
920 2 11.053000 6.162510 13.591000 
1796 2 2.685740 3.138160 14.587700 
1869 1 6.821630 3.841800 25.744100 
1013 1 12.821000 3.160430 23.400200 
430 1 0.973236 5.608050 16.350900 
876 2 5.801460 11.097300 20.385800 
1695 2 5.617280 4.194470 13.497100 
499 2 6.724460 12.115400 24.349100 
1000 2 13.392200 2.663910 19.531200 
1016 2 12.482200 3.538550 23.341200 
1749 1 12.252900 3.316320 15.804500 
1854 1 8.649480 0.828580 16.862000 
1750 1 11.473700 2.308600 16.083900 
1238 1 11.333900 11.832700 20.639800 
971 2 2.330200 0.144138 17.415200 
1117 1 0.614777 6.641680 21.096100 
532 2 2.227520 6.756710 13.851300 
247 2 9.522430 5.294660 24.671600 
1064 2 3.589480 10.322800 23.820500 
1175 2 4.165120 5.764270 24.252600 
1247 2 9.816090 0.289327 21.393900 
1991 2 2.768510 4.164930 20.100900 
1823 2 0.762356 7.643150 24.823100 
1764 2 1.787960 0.746172 20.814800 
538 1 6.120320 8.745040 23.460800 
1793 1 2.144790 3.373470 15.175700 
1912 2 5.404580 1.161820 20.278400 
24 2 0.968049 7.920430 24.627400 
1061 1 3.484140 9.912660 24.173100 
278 1 1.785720 7.990040 18.131900 
873 1 6.007880 10.711100 20.822500 
1275 2 6.751870 6.755330 19.526800 
299 2 11.435400 12.945800 13.515800 
1627 2 10.221200 12.701500 24.873100 
1288 2 9.126260 11.019200 21.780000 
1809 1 3.324560 4.425570 19.253400 
537 1 7.372430 9.245660 23.366300 
860 2 4.652090 10.249400 14.167100 
1608 2 3.515180 1.726840 23.405800 
634 1 8.538990 3.325830 14.680300 
1369 1 9.464720 9.888630 19.106700 
746 1 9.299960 3.639920 21.079800 
831 2 2.964210 11.057300 17.480700 
1294 1 12.086000 10.920400 23.247900 
145 1 6.779330 0.795371 23.423800 
1812 2 3.333460 4.554300 20.409600 
280 2 1.240740 7.977490 18.410000 
1154 1 4.905940 5.903450 17.030100 
972 2 2.463010 0.259867 17.429400 
386 1 3.656520 5.042710 20.780300 
412 2 6.520900 4.037840 21.602300 
540 2 6.739760 9.072800 23.433800 
245 1 9.768210 4.852680 24.946900 
1311 2 7.268860 5.374890 16.136400 
512 2 4.422590 0.185623 26.624700 
1370 1 9.630000 9.079970 17.667700 
126 1 6.575000 12.496700 16.148300 
1285 1 9.368730 11.577100 21.543700 
1231 2 6.800730 9.902090 16.716100 
1309 1 8.050630 5.520270 16.299700 
1472 2 0.792004 9.414480 21.393700 
441 1 0.532186 10.581400 14.147100 
1176 2 4.196680 5.986400 24.496700 
218 1 7.000550 0.647329 14.463700 
1015 2 12.396400 3.835860 23.343200 
1229 1 6.635620 9.623690 16.219000 
748 2 9.685520 3.695080 20.531200 
1811 2 3.238670 4.243170 19.934600 
1626 1 9.721600 12.703100 25.394300 
298 1 12.373000 12.957700 13.329600 
1606 1 3.626580 2.488610 23.697500 
1041 1 4.321810 8.535230 20.736400 
859 2 4.657200 10.217300 14.335800 
829 1 2.908610 10.251000 17.903000 
729 1 9.793190 11.693700 16.295200 
314 1 10.858600 0.773041 25.809900 
220 2 6.181670 0.390407 13.928600 
529 1 2.820170 6.458960 13.589300 
1872 2 6.510660 3.774910 26.081900 
832 2 2.778260 10.925300 17.470700 
830 1 2.739690 11.710200 17.248700 
685 1 11.958700 9.210250 16.060200 
1276 2 6.886280 6.722230 19.349600 
917 1 10.475600 5.942890 13.315900 
497 1 6.421360 12.516800 24.594200 
1910 1 5.165910 2.155390 20.172800 
443 2 0.756338 10.289600 15.256800 
1103 2 9.488240 8.944650 24.614100 
919 2 11.645600 6.250100 13.381100 
633 1 9.754860 3.355750 14.224900 
54 1 8.772300 1.273690 18.316300 
23 2 1.162570 7.926970 24.789200 
1296 2 12.691900 11.054800 23.648900 
758 1 8.833640 13.407500 19.829900 
1795 2 2.602480 3.116590 14.836800 
937 1 12.979900 13.330000 25.576700 
1295 2 12.352900 10.973800 23.536700 
1625 1 10.567300 12.538400 24.305600 
333 1 0.572196 12.932400 22.901500 
316 2 10.820700 0.775063 25.375700 
1696 2 5.456100 4.341390 13.626100 
1135 2 12.694600 8.695570 20.664600 
1133 1 12.436600 9.559820 20.943000 
183 2 0.042267 2.606160 25.416100 
148 2 6.404070 0.717417 23.239200 
1074 1 0.256975 4.009640 25.316400 
227 2 13.153300 7.584950 24.390100 
1694 1 5.192830 4.758220 13.516300 
297 1 10.869100 13.070600 13.629700 
1374 1 11.483300 23.558700 10.041100 
549 1 6.402490 16.530800 10.411500 
1191 2 6.870230 16.462300 2.085530 
1927 2 2.068430 22.896000 0.865551 
1487 2 7.354920 21.997200 8.749690 
473 1 10.343800 18.428800 0.846513 
1303 2 1.082930 25.792100 0.964366 
877 1 6.042310 19.027900 5.227890 
1559 2 0.517851 19.281300 0.674793 
1178 1 9.561260 18.015900 4.581980 
206 1 1.659190 23.689400 12.739500 
1051 2 12.568200 17.911800 3.814040 
1956 2 5.214450 20.351000 1.700750 
1446 1 7.710430 14.313500 1.238390 
787 2 9.647310 21.304100 11.174600 
58 1 2.787540 20.888700 9.899320 
1951 2 3.528450 17.886400 12.068200 
789 1 9.766920 13.971200 2.994770 
1954 1 4.259490 19.766000 2.323880 
156 2 5.130180 20.153500 2.147790 
580 2 8.312480 20.262700 4.047310 
791 2 10.802700 14.303900 2.582940 
1096 2 8.990980 15.077400 9.139330 
522 1 5.260450 22.109300 5.739430 
389 1 9.520690 26.015800 8.278430 
104 2 3.705830 14.080900 5.252450 
1052 2 12.377600 17.882100 3.781320 
786 1 9.935000 20.703200 10.870700 
1595 2 2.041840 19.738600 6.208070 
1447 2 7.344250 13.897700 0.721621 
725 1 5.292150 13.536100 9.515860 
564 2 7.681470 17.953700 7.912250 
1952 2 3.370360 17.982200 11.730300 
523 2 5.628920 22.367700 5.498550 
1321 1 13.115600 21.175100 6.576370 
879 2 5.712840 18.340300 4.829330 
561 1 7.723980 17.542100 7.572250 
1427 2 6.571560 23.667700 1.762820 
1773 1 2.457890 22.355600 2.966750 
482 1 6.908010 15.849200 5.856900 
229 1 0.525728 23.946300 11.545800 
1095 2 9.052960 15.150500 9.244710 
1361 1 0.219585 16.149000 6.793210 
1928 2 2.023980 22.858100 0.764174 
112 2 9.306650 18.014700 12.000000 
822 1 12.944800 20.025600 10.762200 
1425 1 6.805220 24.364800 2.407550 
358 1 11.163400 23.015100 12.655200 
82 1 11.328200 22.901400 2.194700 
670 1 3.094580 16.162000 8.110210 
1817 1 6.162120 26.462400 13.040800 
880 2 6.079130 18.587200 4.873050 
5 1 4.186580 24.006500 11.161600 
1847 2 1.587230 15.191000 10.728900 
1192 2 7.058860 16.425800 2.242520 
1485 1 6.249120 21.546200 8.712030 
484 2 7.350660 15.525100 6.520330 
202 1 3.619600 24.924400 4.625640 
878 1 5.809290 18.025200 4.356760 
291 2 6.381600 20.105400 11.560000 
1170 1 8.129390 24.553300 10.266700 
1123 2 8.022720 26.170300 4.251460 
1049 1 12.843100 18.068500 3.228450 
1560 2 0.544957 18.987500 0.746429 
1881 1 10.124400 23.660300 1.644810 
1848 2 1.503940 15.206600 10.837700 
606 1 2.040950 15.040700 10.915900 
1882 1 9.683260 22.589900 3.100320 
1007 2 10.413900 19.967100 8.230230 
1302 1 1.243450 25.509100 1.263260 
110 1 8.779770 17.473500 11.675400 
1448 2 7.225720 13.725700 0.641179 
382 1 3.815100 25.134400 3.022880 
521 1 6.205440 22.887100 4.838800 
1901 1 4.537540 13.379100 5.553180 
563 2 7.707290 18.344800 8.111200 
481 1 7.614900 15.059800 6.714860 
342 1 0.429798 23.076600 8.307170 
1005 1 9.664620 19.931400 8.579510 
1903 2 4.096360 14.081400 5.371910 
201 1 4.430350 26.202500 4.256900 
8 2 4.627210 24.887700 10.698300 
17 1 6.787890 23.235300 1.529520 
185 1 3.956910 25.771700 10.793400 
153 1 5.172360 21.007300 2.687020 
208 2 1.178490 24.003900 11.941700 
1949 1 2.951790 17.648200 11.499700 
1486 1 7.621920 21.925300 9.014620 
1681 1 12.036400 15.212800 11.560700 
734 1 5.129390 19.267800 8.852460 
562 1 7.855310 18.617100 8.640870 
1683 2 12.564600 15.829600 11.826000 
1301 1 0.272179 26.227100 0.709286 
1998 1 9.615660 17.718100 1.628020 
272 2 2.237890 21.307400 10.075500 
1718 1 0.014935 18.250800 9.308930 
612 2 10.654700 14.464000 2.686300 
785 1 9.275110 21.942900 11.101900 
204 2 3.750320 25.558100 3.905880 
1179 2 9.777000 17.573600 5.197910 
550 1 6.179470 16.537700 11.928400 
1904 2 4.097760 14.073900 5.402360 
101 1 3.891450 14.525400 4.312180 
301 1 4.215400 17.224300 0.142591 
846 1 0.350540 13.612400 8.585680 
1094 1 9.678460 14.672300 9.323020 
1375 2 11.226400 23.610700 9.439170 
1652 2 2.782090 23.021400 7.485790 
733 1 4.469240 19.930200 7.909790 
1509 1 12.013500 17.181900 7.788410 
1552 2 6.714880 25.107300 7.504840 
188 2 4.737380 24.279600 10.763300 
383 2 3.644780 25.582200 3.763420 
1902 1 4.081180 14.771300 6.371440 
271 2 2.442180 21.209900 10.069800 
1006 1 11.158200 19.726200 8.227720 
483 2 7.045070 15.432400 6.302740 
258 1 0.404431 20.441200 12.528000 
1190 1 6.404820 16.006000 1.580660 
1512 2 11.809200 16.791800 7.724260 
867 2 9.281370 23.288500 6.087220 
369 1 2.323600 22.325700 7.116210 
270 1 7.101250 19.035700 11.672200 
973 1 13.505500 17.663400 1.295530 
1093 1 8.272930 15.367800 9.040660 
1124 2 7.750820 26.329900 4.206940 
1122 1 7.717500 26.081800 4.741550 
672 2 3.941690 16.220200 7.995880 
883 2 10.899500 13.591500 6.352140 
1488 2 6.948970 21.886200 8.759090 
868 2 9.171810 23.137000 6.151010 
721 1 2.293340 17.693700 3.380550 
158 1 4.775900 20.759300 0.957354 
1334 1 13.018600 25.000600 6.451870 
1189 1 7.274410 16.606500 2.748710 
1925 1 1.719860 22.074100 0.682029 
827 2 7.808610 14.180300 13.186200 
792 2 10.733400 14.234400 2.943290 
203 2 3.736370 25.705700 4.016710 
7 2 4.258660 24.440000 10.725600 
207 2 1.184110 23.550400 12.177300 
1050 1 11.977400 17.664300 4.331730 
1362 1 1.222560 17.005600 6.354340 
579 2 8.278500 20.469700 4.065630 
1883 2 10.661900 23.281300 2.779770 
1950 1 3.809920 18.405400 12.360800 
1193 1 0.689125 15.358000 0.529329 
865 1 8.987220 23.862100 5.755010 
269 1 1.849320 21.603600 10.273800 
735 2 4.810910 19.795600 8.484210 
578 1 8.033400 20.535700 4.695520 
290 1 6.279620 20.268900 11.517000 
577 1 8.514360 20.005500 3.665130 
84 2 10.687700 23.124600 2.478700 
790 1 10.822000 15.641100 2.360960 
722 1 3.360510 17.340300 4.314930 
1304 2 0.771435 25.916200 1.149800 
1774 1 1.944060 22.156700 4.245420 
1551 2 6.731510 25.320100 7.784810 
1336 2 13.328800 24.675100 5.626050 
1651 2 2.424220 23.143000 7.219100 
1846 1 0.724592 15.184400 10.621200 
1324 2 13.008600 21.371400 6.672480 
1776 2 1.944120 22.190100 3.719620 
788 2 9.745960 21.111200 11.001600 
1682 1 12.614500 16.337300 11.732400 
1955 2 4.815330 20.630300 2.034690 
1593 1 2.122250 19.220200 6.839030 
1510 1 11.241100 15.901700 7.743360 
1172 2 8.552090 24.567300 10.730100 
546 1 7.029430 13.384100 4.155200 
1445 1 7.112030 13.882600 0.035488 
736 2 4.872190 19.787100 8.346300 
304 2 3.835210 16.620100 0.072621 
1550 1 6.823610 24.899900 7.151070 
1363 2 0.705468 16.561900 6.660340 
1376 2 11.292600 23.530200 9.272740 
542 1 9.699400 18.530700 12.244900 
1953 1 5.987190 19.746000 1.887750 
259 2 0.749174 19.888700 12.086800 
1373 1 11.285100 23.444300 8.617590 
155 2 4.918310 19.947400 2.131970 
103 2 4.075780 13.933200 5.424380 
1196 2 0.223320 15.237000 0.842639 
1511 2 11.628100 16.677000 7.823150 
611 2 11.210200 14.232200 2.416590 
610 1 11.169300 13.898300 1.867590 
724 2 2.728920 17.196300 3.698550 
1364 2 0.745683 16.702200 6.549480 
381 1 2.598220 26.291900 3.424170 
1008 2 10.268200 19.787000 8.331900 
61 1 4.225310 24.367700 9.791410 
552 2 6.533530 16.656900 10.834100 
1169 1 8.722150 24.438400 11.343400 
1322 1 12.216500 21.912400 4.999820 
187 2 4.658070 24.777700 10.729900 
551 2 6.309840 16.775900 11.311300 
1884 2 10.534200 23.206800 2.546960 
669 1 4.286160 16.571900 8.322830 
83 2 10.485400 23.203600 2.303020 
1558 1 0.826255 18.751500 0.570965 
836 2 13.143800 13.499400 9.887270 
723 2 2.651960 17.541000 3.711440 
292 2 6.373600 19.733000 11.496000 
884 2 10.825500 13.473500 6.413820 
1649 1 2.869720 23.609400 7.469470 
727 2 5.653640 13.503600 10.001300 
476 2 9.606420 18.107500 1.269700 
1177 1 10.044900 17.603800 5.736910 
993 1 12.631200 25.896400 10.201500 
1171 2 8.493140 24.447300 10.960700 
728 2 5.771860 13.685600 10.281400 
1428 2 6.832510 23.857700 2.136000 
1594 1 1.744170 19.947300 5.372450 
866 1 9.414700 22.699000 6.559930 
384 2 3.665360 25.661300 3.773680 
1775 2 1.979520 22.176600 3.891870 
475 2 10.062000 17.930000 1.338670 
524 2 5.490930 22.586600 5.452830 
1549 1 6.778300 25.397500 8.302420 
1180 2 9.906450 18.108000 5.191890 
1596 2 2.071000 19.730100 6.096010 
1323 2 12.493400 21.511600 5.485730 
111 2 8.846260 18.189300 12.014300 
81 1 10.742300 23.987400 3.393900 
671 2 3.490340 16.158100 8.134450 
6 1 5.530740 24.687300 11.045800 
609 1 11.478600 13.931000 3.679270 
1557 1 0.099404 20.229500 0.522933 
1684 2 12.398300 15.692700 11.726300 
257 1 1.075370 19.504400 12.108900 
823 2 12.914300 19.708200 9.878300 
360 2 11.304800 23.832100 12.929300 
847 2 0.265231 13.809500 8.226440 
726 1 5.988630 13.627400 10.773100 
260 2 0.714341 19.938300 12.199400 
303 2 3.926970 16.483400 0.009082 
824 2 13.145500 19.696000 10.211700 
1770 1 12.822200 20.379400 2.141060 
121 1 2.910780 13.652400 5.596590 
1926 1 2.406620 23.417300 0.589591 
359 2 11.294900 23.757700 13.050500 
345 1 6.878910 22.843800 12.852200 
821 1 13.215800 19.544600 9.059540 
881 1 10.302100 13.743700 6.125800 
828 2 8.099590 14.102200 13.212200 
833 1 12.923600 14.245000 10.126900 
825 1 7.897710 14.739300 12.784500 
326 1 8.232990 21.364300 0.031511 
1877 1 12.894400 20.191600 13.312600 
1449 1 7.502410 25.071300 0.222986 
335 2 0.582099 13.476800 23.357500 
1451 2 8.299040 25.658900 26.198500 
149 1 1.683960 18.522300 20.130300 
1225 1 10.517100 15.708700 22.477600 
151 2 2.081050 18.159900 20.504100 
655 2 10.351600 23.681700 23.981200 
657 1 12.470000 26.268800 17.960500 
396 2 11.300100 20.503000 20.024000 
1140 2 3.847390 20.783100 13.519200 
336 2 0.282946 13.311200 23.331700 
961 1 11.592900 22.465400 17.717300 
1947 2 12.195600 17.246700 19.956400 
885 1 3.515180 14.082100 18.698100 
45 1 1.874160 14.332000 15.677600 
1085 1 9.898280 17.029400 14.204300 
604 2 5.507770 22.049000 23.909200 
573 1 6.608240 17.201400 16.979700 
625 1 2.615700 24.207500 24.252600 
1948 2 12.256400 17.182300 20.247700 
940 2 13.256800 13.941600 25.440000 
1971 2 2.068780 18.347900 16.073700 
1352 2 4.493760 15.347500 14.042300 
844 2 8.507590 21.723500 18.644900 
1667 2 2.308850 23.275300 17.999600 
658 1 11.711500 25.765300 17.106900 
769 1 2.993140 24.553000 13.985300 
1105 1 12.118700 21.366900 23.066900 
169 1 1.175310 18.743100 16.344100 
1946 1 11.660000 17.259600 20.479600 
576 2 6.763610 16.520300 16.992800 
1227 2 10.313400 14.728000 22.119000 
963 2 12.212700 22.344300 17.537000 
1945 1 12.852300 17.026700 19.720100 
504 2 8.378910 17.820300 20.071400 
945 1 10.208800 19.304200 16.332600 
760 2 7.970780 13.643200 20.136300 
659 2 12.147700 25.961000 17.467900 
516 2 0.283034 16.251800 13.871700 
771 2 3.316200 24.470800 14.350400 
1340 2 11.149600 24.386000 20.126600 
948 2 10.344000 19.211300 17.106700 
1338 1 11.080500 24.094000 20.491400 
1963 2 13.477500 25.880000 22.958800 
601 1 5.053260 22.925100 24.529200 
514 1 0.690299 15.520200 13.917600 
1089 1 8.287850 15.768500 24.293100 
574 1 7.074830 15.787100 17.024800 
1351 2 4.231830 15.268200 14.160200 
1668 2 2.324300 23.227900 18.296800 
346 1 6.551500 23.527600 13.970700 
887 2 4.155500 14.080800 18.648200 
1713 1 12.841200 19.802600 25.447400 
1964 2 13.290700 25.432200 22.740200 
1087 2 10.193400 16.714400 14.570600 
1219 2 10.303700 18.289700 22.709300 
334 1 0.425410 14.029900 23.634300 
602 1 5.327320 21.134600 23.885700 
137 1 3.895820 13.857900 23.071100 
1714 1 11.483600 19.968900 25.686400 
338 1 5.450080 18.946100 21.360300 
1337 1 11.758400 24.971200 19.710200 
127 2 6.612250 12.981700 16.363800 
80 2 12.372300 19.684100 14.208600 
162 1 13.173400 25.224900 22.182300 
1879 2 12.565700 19.860000 14.148300 
627 2 2.425950 24.724000 24.314900 
575 2 6.891800 16.481700 17.028000 
932 2 6.618150 19.558000 17.693200 
930 1 7.357310 19.482600 17.804000 
888 2 4.227870 14.255500 18.228100 
46 1 1.298410 13.271900 15.460800 
1646 1 2.128190 19.363600 24.412500 
1709 1 2.014410 22.357900 15.891000 
1349 1 3.960800 15.732800 14.803200 
712 2 4.901000 22.358900 16.347300 
339 2 5.467650 18.677400 22.157400 
1833 1 5.415070 24.824200 17.343100 
1710 1 0.692680 22.817400 15.417000 
77 1 12.660900 20.592000 14.961200 
603 2 6.042980 22.403000 23.626600 
1090 1 7.256570 16.097700 23.362000 
1088 2 10.017100 17.068100 14.786600 
1502 1 9.592580 14.897000 17.434200 
761 1 12.380800 23.302300 25.739100 
470 1 4.629670 24.147400 21.058300 
764 2 13.146300 23.297000 26.163200 
656 2 9.792310 23.904200 23.627400 
1666 1 1.681180 23.325600 17.909300 
138 1 4.102440 14.801700 21.543400 
1972 2 2.798210 18.534300 16.288800 
1969 1 2.163760 17.924100 14.913700 
770 1 3.978500 24.933800 14.587600 
1645 1 3.522030 18.874900 24.733900 
1937 1 3.883370 15.487900 23.107200 
841 1 8.333590 21.352300 17.712400 
501 1 8.904330 17.549100 19.754600 
502 1 8.116950 18.125600 20.619200 
503 2 8.601670 17.681700 20.101800 
195 2 -0.102254 21.830400 23.243100 
513 1 -0.100110 16.607500 13.588000 
843 2 8.357780 22.035500 18.765800 
1108 2 12.677600 21.699600 22.827300 
711 2 5.194200 22.265900 16.331700 
759 2 7.941120 13.406600 20.294200 
935 2 8.742250 20.729700 22.206200 
1339 2 11.414500 24.363000 20.059200 
16 2 0.109011 21.953000 22.548200 
772 2 3.559940 24.746300 14.185400 
198 1 7.196840 24.550000 20.248200 
281 1 0.561392 25.485800 15.256600 
560 2 10.216700 16.105200 25.653400 
1138 1 3.175880 20.849900 13.456400 
170 1 3.028380 18.118200 16.563300 
992 2 5.565310 25.290200 17.683700 
13 1 1.160680 21.178300 22.357600 
472 2 4.095270 24.468500 21.050500 
842 1 8.569440 22.200800 19.185000 
1715 2 12.185800 19.679200 25.549500 
654 1 10.620900 23.519000 23.882200 
557 1 11.332200 16.161100 25.609700 
782 1 6.453250 22.148100 24.365700 
1450 1 8.127340 26.233400 25.904100 
964 2 12.343900 22.415000 17.053000 
1939 2 4.705060 14.905700 22.506500 
1564 2 4.713350 17.486200 18.819000 
267 2 5.959640 18.208700 14.426300 
947 2 10.262000 19.133300 17.001000 
653 1 9.377750 24.427900 24.113700 
931 2 6.998080 19.541000 17.529900 
1350 1 4.582880 15.178200 13.695400 
1665 1 2.981230 23.624700 18.374500 
556 2 8.399030 20.911800 14.856300 
1452 2 7.986220 25.682800 26.274900 
1163 2 9.213740 24.435800 16.163200 
1503 2 9.950580 15.147800 17.828400 
90 1 7.346020 18.919700 25.986500 
395 2 11.241400 20.303000 20.089600 
78 1 11.378600 19.572100 13.841200 
469 1 3.292300 25.237200 21.203000 
1835 2 7.401390 24.188800 20.695300 
150 1 2.391880 17.710200 21.016500 
337 1 5.514130 18.262900 22.700700 
1995 2 0.376255 21.804400 22.210100 
558 1 10.017500 15.830600 25.366800 
553 1 7.474700 21.353300 14.833800 
1961 1 12.560600 25.877400 23.702600 
1164 2 9.114770 24.279100 16.174000 
1092 2 7.720830 15.830100 23.914200 
152 2 1.835030 18.280300 20.553200 
1836 2 7.235200 24.433800 20.463400 
340 2 5.570620 18.763700 22.308300 
92 2 7.459280 18.933700 24.917500 
1818 1 7.680290 23.750000 21.041300 
1091 2 7.861710 15.813300 24.043700 
626 1 2.205960 25.689400 24.496200 
1161 1 9.951660 23.677200 15.971400 
172 2 2.469600 18.727700 16.049900 
934 1 8.035060 20.724100 22.466500 
1501 1 10.433000 15.690800 18.243500 
1226 1 9.970850 14.589200 21.890500 
1716 2 12.208700 19.970000 25.551600 
1107 2 13.034400 21.692800 22.834200 
328 2 8.610080 21.666900 26.082500 
196 2 0.246239 21.398900 22.230100 
784 2 5.647480 22.695200 24.356000 
946 1 10.375900 18.920900 17.567500 
783 2 5.628510 22.334500 24.233700 
348 2 6.692370 23.025200 13.371500 
559 2 10.891800 16.162500 25.325300 
397 1 5.840480 26.367600 14.660800 
1504 2 9.887530 15.236800 17.716200 
128 2 6.877740 13.197600 16.219800 
393 1 10.873000 21.042400 19.938800 
1711 2 1.318540 22.508300 15.205800 
327 2 9.042560 21.572700 26.332800 
1970 1 2.837200 19.949000 16.329500 
236 2 4.446860 20.863700 20.137900 
962 1 12.876500 22.621500 17.013400 
990 1 6.075680 25.920300 18.185000 
193 1 1.283320 22.885300 23.460200 
464 2 1.439880 14.559600 19.558700 
1162 1 8.796510 24.721700 16.229100 
233 1 3.876400 20.841500 20.271500 
1040 2 13.115800 15.403200 14.991300 
555 2 8.205950 21.056400 14.782900 
781 1 5.765500 22.894400 23.105000 
1561 1 4.762930 17.192800 18.942200 
139 2 4.416300 14.954500 23.039500 
235 2 4.698290 21.048000 19.689700 
1647 2 2.935140 19.151100 24.494800 
1562 1 4.679300 18.562200 19.006800 
628 2 2.429500 25.018200 24.186700 
757 1 7.284970 13.608800 20.344500 
991 2 5.593040 25.433700 17.806500 
325 1 9.062530 21.701900 25.802200 
125 1 6.977240 13.798000 16.253800 
709 1 4.715220 22.212200 15.661900 
1563 2 4.698500 17.789100 18.951900 
171 2 2.280560 18.798600 16.374400 
89 1 7.486580 18.712800 24.669600 
234 1 4.879280 21.401100 19.733200 
933 1 9.290120 20.628600 22.079300 
47 2 1.730580 13.783300 15.520500 
471 2 4.138470 24.440900 21.197400 
1880 2 12.247800 19.743200 13.870500 
554 1 8.725800 20.731900 14.760900 
1996 2 -0.037031 21.707600 23.028100 
710 1 5.430190 22.549300 17.041400 
48 2 1.681370 13.993900 15.369600 
886 1 4.841590 14.531900 18.143400 
1648 2 2.936630 18.964900 24.455100 
1938 1 5.593640 14.859200 23.112000 
265 1 5.903960 17.519000 14.871000 
1228 2 10.271800 15.000000 22.231600 
660 2 12.165700 25.851100 17.555500 
1940 2 4.188340 14.990300 22.914300 
1397 1 10.061200 18.420300 22.866300 
929 1 6.134980 19.949400 17.348900 
462 1 1.096120 13.963200 19.636800 
394 1 11.560100 19.939800 20.072500 
140 2 4.555470 14.845400 22.599300 
936 2 8.592540 20.647700 22.468400 
266 1 6.465520 18.619400 14.511500 
91 2 7.303710 18.931000 25.367000 
268 2 6.147730 18.187200 14.692400 
1712 2 1.107250 22.754100 15.334400 
515 2 0.666375 15.936700 13.827900 
1106 1 13.321800 22.170500 22.570300 
79 2 12.351900 19.707600 13.991700 
1038 1 13.061600 15.331400 15.628900 
763 2 13.096700 23.525000 26.010000 
826 1 8.110290 13.617700 13.475400 
1086 1 10.114000 16.664900 15.387700 
1139 2 3.941690 20.949900 13.634200 
461 1 1.334750 15.282200 19.388700 
463 2 1.217240 14.642300 19.387000 
1341 1 13.071900 15.944200 23.754500 
1878 1 12.983100 18.948600 14.354800 
1790 1 0.150134 16.905300 24.174200 
357 1 11.630400 24.320700 13.214500 
302 1 3.461190 16.045800 26.317200 
1137 1 4.418030 20.833100 13.676700 
347 2 6.793310 23.373300 13.289500 
1588 2 22.193000 9.381800 7.411830 
977 1 14.884500 3.082020 8.624060 
1367 2 15.742100 2.487260 2.625030 
1915 2 25.857200 12.693700 11.276600 
209 1 23.047700 2.678540 11.400100 
1115 2 22.900700 11.269600 9.951470 
508 2 18.401300 2.435130 0.791425 
1024 2 21.606600 8.611050 0.982733 
1022 1 20.988000 8.317910 0.643901 
93 1 24.387300 12.504600 5.850120 
1643 2 24.258700 3.642490 3.099170 
749 1 16.958300 11.136700 5.944510 
1585 1 21.889900 9.790150 6.841890 
141 1 22.368100 1.020370 7.407030 
1767 2 14.701800 12.426400 2.607410 
1586 1 22.415100 9.079790 8.039770 
680 2 17.016300 5.513060 3.058780 
1852 2 24.824700 9.090180 0.548605 
1979 2 25.802300 9.756790 7.843300 
1415 2 14.850200 6.348330 8.901470 
42 1 18.647200 2.604720 5.468350 
176 2 19.792800 12.246700 7.066850 
1141 1 13.765000 4.800870 4.754910 
582 1 16.982400 11.501700 9.023450 
36 2 22.323900 8.257590 10.349300 
1843 2 18.127200 2.387830 5.260900 
1978 1 25.683300 8.816370 8.613250 
1673 1 19.488000 1.708960 8.695590 
1820 2 26.512500 4.795300 10.495800 
1744 2 25.366600 0.782846 3.604440 
900 2 15.404900 8.584530 6.016910 
1413 1 14.501000 6.112720 9.619860 
1358 1 18.607900 12.130000 12.955600 
1942 1 24.322500 1.005200 6.608710 
1414 1 15.132300 6.530660 8.431210 
317 1 17.551000 4.143260 9.975190 
793 1 18.886400 1.343350 11.331700 
32 2 23.419500 12.246100 1.803520 
979 2 15.335500 2.871570 8.869760 
1743 2 25.479100 0.991433 3.299810 
1220 2 22.105900 2.160920 10.811800 
1259 2 19.421300 9.961680 9.604140 
1943 2 23.207900 1.619510 6.899950 
506 1 18.213500 3.268060 0.615687 
1748 2 21.505200 10.892900 3.850390 
33 1 19.503400 5.576850 1.337750 
1520 2 21.967900 0.959507 2.794650 
897 1 15.673900 8.342750 6.345590 
1407 2 13.920900 7.736590 2.363070 
116 2 26.480500 12.689100 11.247200 
1457 1 19.742600 9.457890 9.098890 
29 1 23.550900 11.613400 1.268830 
477 1 25.146400 4.513220 5.443900 
28 2 18.861400 7.586280 6.039680 
1437 1 21.646300 2.111060 11.858600 
26 1 19.474500 8.132420 5.503090 
1144 2 13.722000 4.811960 4.093760 
273 1 17.302600 8.404500 11.257200 
1762 1 25.047800 9.420270 1.048530 
1768 2 14.480700 12.597900 2.839820 
1745 1 21.852400 11.341500 3.616780 
1676 2 18.940600 1.655800 8.779110 
1260 2 19.464000 9.989480 9.547530 
21 1 17.565000 2.490200 4.612790 
1426 1 21.529000 9.622680 12.993500 
616 2 17.910300 0.799222 12.229100 
174 1 19.707700 12.569800 6.998790 
530 1 25.269900 4.277660 10.065700 
1641 1 23.834700 3.774960 3.441430 
1891 2 14.645600 6.328190 11.905200 
1675 2 18.956300 1.737120 8.813980 
35 2 22.473000 7.761670 10.059900 
1030 1 22.923500 5.422440 7.828850 
144 2 22.985400 1.407460 6.641260 
816 2 13.554500 -0.178888 10.810600 
1385 1 23.340300 7.927690 3.940530 
1828 2 19.143500 7.478810 6.181870 
1458 1 26.740000 3.870230 6.303290 
451 2 24.546000 9.841880 4.226550 
1766 1 14.601000 13.325200 2.327210 
1029 1 23.665500 6.154720 6.762660 
402 1 15.664700 11.823400 8.101730 
677 1 16.533000 5.692340 3.556660 
796 2 18.072600 1.146970 11.876000 
507 2 18.429600 2.682190 0.964029 
1639 2 18.442000 9.046620 2.394740 
1158 1 26.090100 6.941380 1.891080 
63 2 22.787900 6.284500 0.145206 
1644 2 24.094900 3.768940 2.964800 
1700 2 20.550000 4.412180 8.337430 
1826 1 19.127500 7.746530 7.107340 
175 2 20.145300 12.059700 7.336740 
1850 1 24.976800 10.073100 3.569160 
605 1 22.658400 8.444310 10.693600 
320 2 17.940600 4.454150 10.458700 
1431 2 20.125700 6.172260 11.838100 
1851 2 24.850900 9.118830 1.000360 
1218 1 21.812900 1.985050 10.244700 
1864 2 18.049400 2.617590 5.161900 
679 2 16.797600 5.705510 3.275570 
980 2 15.091400 2.844240 9.364540 
1432 2 19.933200 6.588350 12.052600 
1430 1 19.887900 6.962650 12.274600 
154 1 20.259300 11.476100 7.649130 
1258 1 19.213800 10.359700 10.032900 
276 2 16.996900 8.910950 11.766900 
25 1 19.327600 6.647490 6.005560 
31 2 23.432300 12.253400 1.704970 
27 2 19.096200 7.607250 6.208340 
751 2 17.470200 11.371000 5.359270 
1466 1 14.413100 2.103640 6.365390 
1023 2 21.629600 8.647600 0.766648 
130 1 20.443100 13.015200 -0.064253 
1849 1 24.585800 8.519220 0.118346 
30 1 23.077600 12.557100 2.287800 
34 1 22.279800 7.575380 9.875150 
1587 2 21.997200 9.477510 7.179410 
678 1 17.521000 5.492290 2.722650 
1740 2 19.369800 6.067940 1.289740 
1742 1 25.354100 1.088080 2.849410 
1210 1 26.061700 6.172490 10.471700 
142 1 23.299000 2.344520 7.217790 
1468 2 14.393400 2.193510 5.674610 
1765 1 14.768800 12.110300 2.826840 
1739 2 19.395000 6.269770 1.512260 
1741 1 25.634100 0.733861 4.035770 
458 1 20.528200 5.120590 4.110170 
1637 1 18.852200 9.471980 2.450630 
647 2 14.040100 12.771000 6.077000 
1467 2 14.416300 2.166060 5.649430 
1399 2 22.107000 2.281490 11.117900 
1584 2 23.125200 7.209850 4.068710 
1758 1 22.892200 1.027410 3.103130 
1581 1 22.804500 6.570010 4.517330 
401 1 15.733600 11.861000 9.599190 
1737 1 19.363500 6.879570 1.459820 
2 1 14.352900 12.280300 6.308320 
1860 2 22.843800 6.228460 0.149171 
898 1 14.903200 8.830520 5.331730 
143 2 22.826900 1.467040 6.974810 
318 1 18.413100 4.680070 10.580300 
1917 1 25.258800 8.344020 11.880200 
1408 2 13.767700 7.580390 2.471600 
1721 1 17.878700 12.082400 2.134980 
1386 1 13.780000 9.593010 12.550200 
1674 1 18.029200 1.498600 8.844000 
1723 2 18.351200 12.201100 1.851620 
1114 1 22.829300 11.417000 10.687500 
1611 2 22.940800 5.746310 13.352700 
319 2 17.956200 4.465960 10.268600 
978 1 15.691600 2.940030 9.716130 
581 1 15.752900 10.071600 8.966270 
1890 1 14.385700 5.403380 12.525200 
1031 2 23.288700 5.701820 7.306740 
200 2 26.552800 4.977480 10.609200 
1416 2 15.042600 6.288280 8.980600 
705 1 14.856200 6.704900 11.914100 
96 2 23.922200 12.971600 6.043260 
715 2 14.846000 9.735200 0.432313 
849 1 16.059300 5.007280 6.355830 
403 2 15.781300 11.538100 8.691020 
583 2 16.073000 11.067400 8.879080 
1368 2 15.625300 2.242020 2.477950 
1697 1 20.065800 4.820280 8.112540 
584 2 15.884100 11.165100 8.908960 
1698 1 20.929400 3.908140 8.498850 
1746 1 20.665500 10.677700 4.215770 
1941 1 22.600000 1.537180 5.702900 
852 2 16.142400 4.793560 6.123740 
795 2 18.102800 0.755182 12.209200 
113 1 25.126400 13.037700 11.653900 
1977 1 25.790200 9.087760 6.729480 
1143 2 13.617100 5.042940 4.348420 
1021 1 21.950500 8.946780 1.202100 
1638 1 17.684300 8.518350 2.686340 
1640 2 18.168300 9.043630 2.376200 
1387 2 23.134000 7.191570 3.958140 
1366 1 15.788000 2.973310 2.739400 
114 1 26.625000 12.053100 10.634600 
459 2 20.525800 4.484510 4.058820 
275 2 17.216600 8.709750 11.785300 
1400 2 22.214800 2.400900 11.411900 
1519 2 21.700500 0.807214 3.329910 
505 1 18.683700 2.109940 1.037470 
1913 1 25.533400 11.587200 11.530800 
178 1 24.791600 10.482500 7.957580 
1360 2 18.391300 11.681100 12.606100 
750 1 17.630200 11.410500 4.790870 
851 2 16.353200 4.570370 6.214420 
1724 2 18.510600 12.077600 1.695450 
1825 1 17.825400 7.638790 6.340930 
1515 2 24.780800 8.974890 12.537600 
115 2 25.995500 12.224900 11.517100 
179 2 26.035900 9.851870 7.818780 
457 1 20.830300 3.804580 4.091300 
1747 2 21.341800 11.073900 3.844750 
1699 2 20.572500 4.605780 8.270940 
460 2 20.641900 4.462420 3.875940 
850 1 17.003800 3.842860 6.088910 
180 2 25.806300 9.662220 8.073230 
614 1 17.440600 0.244089 11.891500 
899 2 15.386700 8.681240 5.753020 
474 1 25.945600 4.759310 11.783000 
452 2 24.591800 9.650900 4.158590 
1989 1 23.470600 5.879640 12.978300 
615 2 17.878400 0.938348 12.261100 
237 1 17.797700 1.711310 12.528000 
404 2 16.209600 11.505000 8.828170 
1359 2 18.395200 11.835400 12.676700 
1980 2 25.737300 9.290490 7.705880 
752 2 17.368500 11.324100 5.241310 
1827 2 19.243200 7.293490 6.462730 
274 1 16.578900 8.911980 12.290200 
1514 1 24.472900 9.223280 12.738500 
1722 1 18.877000 12.015900 1.221760 
1357 1 17.842600 11.076600 12.433500 
1516 2 24.728600 8.741760 12.367000 
1032 2 23.491700 5.924250 7.352170 
708 2 25.922900 4.413460 5.830470 
1113 1 23.015500 11.255500 9.419260 
1116 2 22.936700 11.486500 10.076900 
1642 1 24.586600 3.535150 2.424360 
1365 1 15.486100 1.686240 1.793620 
707 2 26.331800 4.068410 5.988410 
1405 1 13.982200 6.972040 3.153800 
1944 2 23.203200 1.442900 6.285040 
450 1 24.413700 9.645620 4.804290 
1857 1 23.073000 6.854060 0.783768 
645 1 14.165200 10.228300 0.371816 
1518 1 21.331300 0.438517 3.053900 
95 2 23.847900 12.702200 5.883320 
1429 1 20.332600 5.946590 11.780300 
719 2 14.108000 3.293940 12.418900 
1959 2 13.542300 1.112870 0.568239 
1892 2 14.650600 6.173350 12.122300 
205 1 26.184200 5.777390 8.598960 
1916 2 26.131300 12.289400 11.360700 
1465 1 14.478500 2.335710 5.107320 
717 1 14.695400 3.009970 12.471200 
648 2 14.378600 12.636600 6.296090 
1406 1 14.161000 8.058360 1.844100 
716 2 15.055000 10.000400 0.133868 
814 1 13.930600 0.787363 9.734360 
1957 1 13.581600 1.209050 0.622134 
646 1 14.211300 13.342100 5.964510 
706 1 23.278400 13.479300 6.394930 
720 2 14.383600 3.074640 12.666300 
1142 1 13.531700 4.586440 3.447340 
20 2 26.339900 4.888240 10.428500 
953 1 13.458000 4.106790 0.073869 
815 2 13.632600 -0.139309 10.619800 
1159 2 26.624400 7.228470 1.866240 
479 2 20.970300 9.972590 13.200300 
1026 1 21.899000 2.851870 0.223255 
177 1 26.593500 9.992440 7.961860 
480 2 21.050600 9.846920 12.976600 
1073 1 16.713200 0.451512 0.291646 
1216 2 20.786100 4.196770 15.286900 
1838 1 16.773200 8.734990 22.022200 
567 2 22.406400 0.365282 22.349800 
1292 2 14.993400 5.649610 21.109000 
1618 1 22.720400 6.798710 23.320400 
38 1 15.387400 8.673390 22.839000 
186 1 24.661900 2.612670 24.930000 
102 1 19.615500 2.316570 19.614300 
1973 1 18.339000 8.378760 16.312300 
1475 2 17.189800 5.362250 13.959700 
73 1 25.652200 12.195600 19.796700 
1654 1 22.792400 9.273330 20.240900 
1166 1 24.716300 12.011800 24.786100 
252 2 24.964500 2.588660 20.814300 
1490 1 15.452700 2.398490 16.430000 
1897 1 19.979200 12.930100 21.587700 
330 1 22.701000 11.658000 15.810400 
1689 1 15.160400 12.572800 13.466200 
1738 1 25.611100 10.583800 24.203300 
838 1 15.068700 9.002640 15.580900 
217 1 13.847000 10.671700 18.163800 
1417 1 25.794100 3.005690 14.489500 
1291 2 15.152500 5.396550 21.397800 
1899 2 19.703800 12.404200 22.507800 
780 2 21.355800 0.529257 14.438100 
1257 1 18.939500 9.684500 19.259700 
329 1 23.890500 11.787700 14.862100 
1922 1 18.502800 3.840590 19.761500 
1533 1 18.644900 8.740480 25.982500 
1794 1 22.570500 8.688340 15.726900 
1975 2 18.455600 7.992340 16.132600 
713 1 15.428900 9.672320 26.546300 
1537 1 22.646700 0.541035 18.119200 
362 1 25.687500 2.492240 18.370900 
249 1 24.117500 2.472200 20.874100 
1777 1 22.766900 7.564540 16.162600 
1601 1 16.176300 4.652240 25.817600 
665 1 24.369100 8.427040 17.977500 
1874 1 26.409600 11.204600 18.742700 
1603 2 16.249700 5.474840 25.386500 
1418 1 24.647700 2.106310 13.508900 
1656 2 22.248000 9.896600 20.452400 
1213 1 21.676900 3.319060 15.500300 
1921 1 18.172200 1.925660 20.239500 
493 1 20.613800 5.496320 24.790700 
999 2 13.457900 2.400190 19.517100 
840 2 15.251100 8.133930 15.025500 
1075 2 16.326100 0.395257 26.119900 
1610 1 22.282700 5.914690 13.331900 
305 1 19.853000 7.344810 18.926000 
1027 2 21.552000 3.216300 26.008400 
565 1 21.742300 0.338619 22.516800 
1476 2 17.262000 5.220900 13.767800 
905 1 24.172200 4.215690 17.529000 
124 2 18.659200 2.587450 19.251600 
1898 1 19.436100 13.053900 23.261500 
1602 1 15.897000 5.785120 24.597000 
40 2 15.927000 9.219780 22.253100 
1983 2 26.257000 2.999690 25.823600 
332 2 23.538900 11.846900 15.183300 
690 1 18.541100 5.671090 21.847000 
465 1 25.491600 6.930790 14.377200 
1314 1 16.088900 8.880790 18.448800 
908 2 23.693000 4.241910 17.811300 
1780 2 22.599200 8.185160 15.943800 
1313 1 16.507200 7.643040 18.450300 
1534 1 18.507900 9.746510 25.030200 
1254 1 20.539800 8.286990 22.620000 
1217 1 24.205600 3.580260 14.449000 
1025 1 21.233100 3.477350 25.890400 
1491 2 15.793700 2.122020 16.245700 
39 2 16.161900 9.633820 22.583600 
466 1 25.931700 7.542330 15.666400 
1997 1 13.735500 11.701800 16.840100 
1235 2 18.575900 10.189800 19.234300 
1538 1 22.529400 2.016340 18.125200 
1149 1 14.254200 12.997900 22.939600 
117 1 20.765300 6.534760 20.040200 
1655 2 22.358700 9.999500 20.577000 
692 2 18.374500 5.374750 22.273100 
1076 2 16.206900 0.359647 26.334100 
1394 1 21.137100 4.906740 15.244100 
778 1 21.295200 0.757958 14.123500 
1474 1 17.359000 5.216040 14.367700 
837 1 15.449100 7.829020 14.867000 
119 2 20.235600 6.663620 19.168400 
1779 2 22.747500 8.043530 15.940400 
1018 1 16.974300 5.098740 16.919900 
1630 1 19.371600 2.110230 23.147700 
689 1 18.066900 4.802750 22.766100 
1233 1 18.333400 10.923100 18.929700 
817 1 13.635100 3.665000 19.392500 
1839 2 16.126000 9.267820 22.537800 
1802 1 25.954900 2.132770 26.492700 
1419 2 24.795900 2.740400 14.537900 
1873 1 24.860800 12.043600 17.630400 
1782 1 15.787800 6.454440 25.786700 
714 1 15.794500 0.191148 25.679500 
1395 2 20.505100 3.939920 15.749500 
1267 2 21.667000 3.746070 21.777500 
907 2 23.529100 4.526600 17.501100 
226 1 13.131700 7.698360 25.261600 
1604 2 16.258800 5.731140 26.016600 
891 2 26.079700 6.164700 20.802100 
1691 2 14.711200 13.040000 13.583000 
1255 2 19.800000 8.590640 22.108500 
1420 2 25.001600 2.708920 14.145100 
1439 2 16.249300 4.845990 17.249600 
666 1 24.420100 7.478120 19.217700 
118 1 19.970100 5.853050 18.757000 
1168 2 24.964100 10.779100 24.050900 
998 1 13.617600 1.976220 18.408000 
494 1 19.612800 6.382190 24.135800 
1799 2 23.715400 7.214430 23.260900 
1215 2 20.436400 3.876510 15.070400 
364 2 26.833100 2.716600 18.231000 
122 1 18.392500 2.489670 18.578700 
1396 2 20.684700 4.110930 15.432000 
1806 1 21.798500 9.931220 25.850900 
1256 2 19.721900 8.345530 22.315000 
1923 2 18.878000 2.603850 19.282100 
1297 1 21.539200 12.663600 19.696200 
1300 2 21.737200 13.230700 19.210900 
496 2 20.362400 5.759560 24.501800 
250 1 25.520100 2.818470 20.730800 
495 2 20.252700 6.003000 24.345400 
1070 1 23.754700 12.725200 22.790600 
1619 2 23.423300 7.493320 23.118200 
120 2 20.509700 6.764700 18.899100 
1315 2 16.336800 8.133680 18.441000 
1072 2 23.899900 12.825200 22.086700 
467 2 25.551200 7.292270 15.077300 
1617 1 23.698600 7.574860 22.327900 
1918 1 21.450400 6.803750 18.338200 
667 2 24.298300 7.929200 18.594800 
1214 1 19.876200 3.658990 14.422700 
839 2 15.319800 8.741810 15.201300 
1876 2 25.214000 11.681300 18.864400 
1657 1 13.976100 5.604070 15.425300 
1438 1 15.979000 4.494220 17.526700 
1393 1 20.195500 3.989640 16.207300 
906 1 22.943000 4.762500 17.622000 
1265 1 21.829800 4.315200 22.530500 
1268 2 21.797500 3.781500 21.526600 
1316 2 16.266000 8.466820 18.369000 
1185 1 16.517500 2.255020 23.500800 
1535 2 18.735100 9.271660 25.534000 
1279 2 16.583300 13.081100 19.844200 
967 2 13.502300 0.452066 14.789300 
813 1 13.909000 1.947630 19.973900 
1653 1 21.964600 10.246700 20.636500 
1837 1 15.771700 10.117900 21.712000 
1756 2 17.380300 11.313800 15.822800 
1100 2 16.734000 12.701600 25.724400 
1099 2 16.445300 12.844700 25.725900 
1188 2 16.293100 2.072960 22.574400 
1290 1 15.869200 5.977960 21.041200 
1976 2 18.469500 7.679310 15.753800 
363 2 26.481400 2.478000 18.091100 
468 2 25.741300 7.076530 15.390100 
1840 2 16.194700 9.024740 22.402800 
1803 2 26.404400 3.069660 25.628800 
1186 1 16.013000 1.788870 22.185800 
1278 1 17.104500 12.607800 19.687000 
239 2 13.776500 11.494100 17.472900 
968 2 13.626100 0.327847 14.589400 
1753 1 16.780100 11.173600 15.958700 
1539 2 22.644700 1.281950 18.291900 
3 2 25.844700 3.146600 25.351900 
698 1 20.560000 11.526700 17.029400 
1784 2 16.337700 5.381240 25.590300 
1924 2 18.488900 2.646140 19.714500 
1028 2 21.708400 3.350940 26.612000 
1599 2 24.683800 2.563520 14.318800 
1974 1 18.587900 7.166950 15.469400 
691 2 18.324600 5.096400 22.303400 
1781 1 17.105800 5.856360 26.286300 
161 1 13.796100 0.072409 22.869200 
1151 2 14.593200 12.861500 22.329000 
1540 2 22.676300 1.437190 18.218500 
1659 2 14.118600 5.155290 14.843800 
1920 2 20.434000 6.785330 19.125400 
1187 2 16.329000 1.969030 22.665000 
1236 2 18.788100 10.450700 19.021600 
1598 1 23.811200 7.888480 23.910200 
1620 2 23.801100 7.371050 23.584600 
892 2 26.466200 6.163490 21.120900 
697 1 20.311800 10.328400 16.872100 
75 2 25.491000 11.632600 19.159700 
1801 1 25.348200 3.759770 26.213400 
1600 2 25.062700 2.696340 14.572300 
1253 1 19.343500 8.754300 22.047700 
1071 2 23.729400 12.741600 22.425300 
1266 1 21.590200 3.462430 21.212400 
1629 1 19.465000 2.288130 24.589100 
76 2 25.867800 11.473100 19.041700 
1631 2 19.403700 2.162270 23.877500 
1632 2 19.439800 2.219020 23.715100 
251 2 24.861200 2.624600 20.844200 
1167 2 24.771400 10.804100 23.834800 
1798 1 24.605700 6.457780 23.674000 
1919 2 20.488200 6.462290 18.812200 
1783 2 16.287000 5.667680 26.035100 
240 2 13.863800 11.223600 17.320300 
100 2 19.570400 12.241100 22.126500 
74 1 24.300600 11.043600 19.250900 
1536 2 18.721000 9.002120 25.753100 
1440 2 16.707900 5.075410 17.408600 
1985 1 26.165000 2.951160 23.661500 
1660 2 14.214000 4.948750 15.151400 
331 2 23.659000 11.564200 15.326700 
1489 1 15.987000 1.533550 16.091800 
123 2 18.637200 2.669840 19.522400 
668 2 24.421100 7.867590 18.718700 
1069 1 24.080300 12.880600 21.716000 
98 1 18.691800 11.661200 21.911500 
699 2 20.461000 10.918000 16.757000 
37 1 16.681000 9.923820 23.398700 
97 1 20.339300 11.533500 22.383800 
1492 2 15.792200 1.901280 16.288400 
1754 1 18.082700 11.661700 15.911000 
1800 2 23.440300 6.992030 23.189400 
629 1 13.592500 6.652010 17.502100 
1755 2 17.222000 11.495400 16.046100 
1152 2 14.769000 12.945900 22.300400 
965 1 14.216400 0.738520 14.115400 
1473 1 17.264100 5.338130 13.124400 
181 1 21.675000 10.956900 24.713900 
184 2 26.369300 3.464290 25.534000 
99 2 19.733100 12.285300 21.979800 
1875 2 25.328600 11.473200 18.769200 
1165 1 24.277100 10.531800 23.743200 
890 1 25.842500 5.905910 20.818500 
1289 1 14.352800 5.078080 21.252200 
1097 1 15.959900 12.390600 25.382700 
1988 2 21.880200 10.774900 25.093300 
1280 2 16.650300 13.218400 19.602600 
700 2 20.575500 10.941300 16.701500 
1597 1 24.736100 2.242380 15.172100 
1807 2 21.807000 10.745600 25.343600 
478 1 20.297600 10.108100 13.130000 
1984 2 26.009200 2.954390 26.058000 
1469 1 26.533300 9.292000 20.982900 
1804 2 26.528300 3.272040 25.265600 
632 2 13.247100 6.309340 17.909900 
1900 2 19.496000 12.214700 22.509900 
568 2 22.651300 0.624873 22.830000 
1861 1 22.834300 5.719330 26.525700 
566 1 23.198700 0.423899 22.376000 
630 1 13.463000 5.971680 18.451800 
1612 2 22.750500 6.033000 13.050800 
1658 1 14.378600 4.509790 14.609400 
1034 1 19.055100 0.194399 22.795600 
1150 1 15.169000 12.583500 21.851200 
4 2 26.248000 3.033690 25.530900 
631 2 13.484600 6.182510 18.128000 
1098 1 16.953600 13.019700 26.017300 
1348 2 19.146700 13.747900 9.654280 
1621 1 23.426300 21.178500 8.505920 
1110 1 24.383900 18.207000 12.316100 
1392 2 18.067000 20.382300 12.775000 
1346 1 19.436900 13.947800 9.858170 
1542 1 23.118100 19.331600 2.863470 
1347 2 19.085600 13.408000 9.390540 
190 1 18.881900 18.142800 6.654010 
1573 1 21.072600 14.194700 11.650100 
952 2 14.117600 18.645200 6.029410 
570 1 17.128200 25.465300 7.860290 
1579 2 20.763600 17.540900 12.789600 
1523 2 17.001400 22.492300 1.687620 
1047 2 26.357300 18.620500 4.065440 
416 2 15.008000 23.104700 12.773700 
1109 1 25.133000 18.013000 11.207300 
1832 2 19.858500 21.580700 2.921850 
1888 2 24.710000 15.699800 4.092040 
704 2 23.611200 26.359300 0.288028 
377 1 25.053200 21.776800 5.521220 
1203 2 17.160000 22.438600 6.017030 
1720 2 26.267000 18.726200 9.031420 
1383 2 17.061500 22.497900 5.952860 
1147 2 24.151300 25.547100 13.072600 
1421 1 21.875700 23.377700 2.080670 
1496 2 16.322500 14.753600 11.126600 
1565 1 24.571800 17.937600 7.493920 
1576 2 21.355900 13.731700 11.929200 
1389 1 17.601400 20.494900 13.028500 
376 2 14.288600 23.090800 8.957760 
1887 2 24.680800 15.396900 4.072530 
975 2 13.662300 17.205200 0.895152 
1543 2 22.977200 19.743800 2.810230 
1707 2 16.631700 19.550900 0.255570 
1391 2 18.480900 20.472300 12.600700 
701 1 23.882900 25.956400 0.893133 
1495 2 16.330400 14.854000 11.209100 
1688 2 16.155500 25.752800 4.975260 
676 2 22.768500 15.530100 0.711263 
1701 1 18.374100 24.856300 10.222400 
191 2 19.648100 18.562400 6.276400 
1128 2 19.279100 25.872300 5.850950 
1111 2 24.809100 18.124600 11.840100 
774 1 22.494400 15.893700 7.445130 
1575 2 21.515300 13.975700 11.954100 
776 2 21.819600 15.526900 7.589420 
1570 1 24.819100 24.816300 4.774790 
1960 2 18.931900 25.392200 2.294450 
608 2 25.671500 25.978600 9.962590 
1320 2 18.724000 16.736300 9.710510 
613 1 18.696600 26.533600 13.046700 
1308 2 14.983500 15.939500 8.479170 
1046 1 26.323500 18.357300 4.614160 
1483 2 16.185900 19.317700 9.031440 
675 2 22.637400 15.551400 0.764731 
1318 1 18.687100 16.792900 8.897800 
1572 2 25.582500 24.689200 5.217040 
1305 1 14.496100 16.334100 8.487990 
525 1 16.374300 19.028100 4.679110 
1481 1 15.748900 19.986100 9.193590 
308 2 17.269800 15.235100 2.001850 
1760 2 21.913000 18.495500 9.888220 
1009 1 22.760500 22.714200 6.092670 
1010 1 21.375500 22.462300 5.477030 
1306 1 15.074100 15.181000 8.457120 
1521 1 16.194300 22.785700 2.183050 
1886 1 25.232300 15.653600 4.666800 
1546 1 20.286800 21.313900 9.313920 
1112 2 24.891900 18.025400 11.529300 
1569 1 26.048900 24.512600 5.488080 
1424 2 22.558100 23.896000 1.981200 
845 1 25.968100 13.703900 7.655850 
949 1 13.510400 18.647400 5.311280 
1126 1 18.570900 26.182400 5.658030 
773 1 21.318900 15.140800 7.734100 
1566 1 24.246400 17.606200 6.249380 
1444 2 14.840200 15.687400 4.933760 
1624 2 23.796600 21.084300 8.942000 
307 2 16.944000 15.264400 2.110640 
1494 1 16.286800 15.667100 10.632500 
1423 2 22.409600 23.484500 1.917800 
1146 1 23.859000 24.931600 12.249300 
1544 2 22.860900 19.667900 3.217310 
1441 1 15.018100 15.956300 4.267230 
371 2 26.563700 23.160500 8.796120 
1831 2 19.856400 21.341100 3.233870 
306 1 16.688100 15.030000 2.459260 
528 2 16.695700 18.588100 3.892500 
1736 2 25.413900 21.724200 2.580210 
1011 2 21.597600 22.507300 5.712090 
1443 2 14.771300 15.966800 4.772300 
1200 2 22.022200 24.958500 9.036900 
1020 2 22.059000 24.282000 9.294560 
596 2 15.364000 23.279400 13.206000 
1307 2 14.682200 15.799000 8.503240 
1382 1 16.929500 21.580800 6.721010 
1080 2 14.183500 23.763200 2.821190 
373 1 14.238100 22.573500 9.237280 
132 2 20.507300 13.522500 0.203385 
1829 1 19.454400 21.625400 3.214700 
1704 2 18.633100 24.345500 10.093400 
413 1 14.210200 24.606600 12.554900 
997 1 21.023300 24.645900 9.800500 
1493 1 16.148100 14.668200 11.585400 
367 2 20.196400 17.711400 2.816980 
1548 2 19.691200 21.362900 9.015810 
375 2 14.562700 23.219300 8.898430 
1830 1 20.582400 21.119000 2.874750 
1734 1 24.860400 21.467900 2.420120 
365 1 20.111000 18.183200 2.693080 
10 1 20.696700 18.164100 6.986090 
379 2 25.311700 21.411900 5.515700 
673 1 22.613400 14.731700 0.879862 
1567 2 24.410100 17.688400 6.822000 
622 1 20.956400 14.777400 4.062460 
1390 1 18.835200 20.454200 12.323000 
569 1 16.110300 25.947200 8.557470 
1574 1 21.644200 13.166300 12.689900 
189 1 20.386400 17.788600 5.427100 
572 2 16.701300 25.788500 8.331380 
976 2 13.622900 16.967300 0.714794 
1524 2 16.597700 22.463100 1.811120 
1931 2 24.584500 15.815100 9.731940 
1702 1 18.863800 23.639200 9.968450 
1517 1 17.476200 15.439300 1.406210 
1889 1 25.670700 25.958000 10.545300 
1932 2 24.172000 15.529000 9.794600 
1929 1 24.850100 16.083600 10.042600 
1127 2 19.000100 25.722600 5.727250 
1197 1 21.875100 23.951900 8.336970 
1729 1 21.274200 23.955800 12.091800 
221 1 25.159100 21.862200 12.900100 
1125 1 19.554200 25.490900 5.875070 
594 1 16.341600 23.580000 12.951100 
1001 1 16.406000 23.214700 6.305830 
1541 1 22.891500 20.374200 3.614620 
157 1 18.163300 24.651900 1.703540 
1194 1 25.802900 15.305000 1.222520 
9 1 20.001600 19.399500 6.159130 
950 1 14.373400 18.803700 6.488260 
1482 1 16.741400 18.996000 8.782830 
1148 2 23.956600 25.290200 12.430800 
12 2 19.938200 18.468500 6.483000 
173 1 22.408200 18.420100 10.208900 
11 2 20.086600 18.208900 6.468600 
1580 2 20.719100 17.256300 12.810600 
1442 1 14.826900 15.857000 5.654660 
1703 2 18.651400 24.083300 10.024100 
1769 1 14.384100 20.378200 1.865930 
1664 2 18.116400 15.135200 6.171030 
1017 1 22.904000 24.030800 9.549310 
1757 1 21.502700 18.573800 9.452510 
1545 1 18.938600 21.217400 8.859230 
224 2 24.548000 22.024800 12.442600 
621 1 22.116100 14.145900 4.392490 
1577 1 20.743400 17.864000 12.424900 
415 2 15.336000 23.063500 12.787200 
1204 2 17.104300 22.416200 6.320480 
1384 2 17.238700 22.584600 5.873970 
1547 2 19.717700 21.179200 9.247850 
607 2 25.540400 25.927500 10.132900 
624 2 21.446600 14.537100 4.049750 
1484 2 16.316400 19.744200 8.945850 
775 2 22.060600 15.214400 7.570090 
222 1 20.113600 17.013500 3.074670 
1319 2 18.601100 16.940200 9.805930 
378 1 25.984300 20.987500 6.030160 
1195 2 26.457700 15.370500 0.743505 
1198 1 22.150500 25.370400 8.857330 
1778 1 19.088600 25.507600 3.123270 
380 2 25.478200 21.195800 5.649310 
974 1 13.676100 16.659400 0.373912 
1717 1 26.044700 19.182900 8.805990 
1661 1 18.386000 14.642400 6.371720 
368 2 20.137500 17.546600 2.943380 
1623 2 23.687300 21.046000 8.963130 
1708 2 16.668700 19.695400 0.420516 
1687 2 16.167300 25.624600 5.022160 
1731 2 21.265800 23.809300 12.660400 
1012 2 22.181300 22.734200 5.586230 
951 2 14.017600 18.744000 6.220570 
1422 1 23.143300 23.853200 1.697270 
1078 1 14.700600 24.435700 3.367620 
1685 1 16.213600 25.208100 4.932100 
595 2 14.899400 23.576700 12.700700 
1885 1 24.343200 15.276400 3.690520 
1568 2 24.366800 17.718800 6.909870 
370 1 25.795300 22.869000 9.189170 
159 2 18.753100 25.401900 2.080180 
1759 2 21.993100 18.338900 9.733960 
1522 1 17.289600 22.312500 1.328930 
192 2 19.777300 18.504800 6.292320 
129 1 20.292400 14.396500 0.325072 
1199 2 22.191400 24.515500 9.032770 
1048 2 26.574700 18.771000 4.019520 
526 1 16.991800 18.291600 3.845030 
1571 2 25.365200 24.528100 5.066440 
1398 1 25.419900 25.916200 9.334980 
527 2 16.675500 18.789000 4.253630 
1662 1 17.522200 15.556400 5.542590 
223 2 24.320800 21.958800 12.273300 
1719 2 26.412700 18.522100 8.840290 
374 1 14.798200 23.399200 8.351840 
1686 1 15.745100 26.450400 5.133780 
571 2 16.633300 25.663500 8.250090 
1201 1 17.163600 22.165500 5.060570 
160 2 19.041000 25.412800 1.886720 
1381 1 18.080900 22.595100 6.058490 
1317 1 18.730600 16.804700 10.313500 
848 2 26.400700 13.642700 8.099350 
1733 1 26.320500 22.118800 2.747360 
1732 2 20.980100 23.917800 12.788200 
1079 2 14.178200 23.979300 3.142720 
1145 1 24.191600 26.194000 13.107800 
1622 1 24.265800 20.723100 9.498190 
1077 1 13.887800 23.376300 2.837650 
1930 1 23.803200 15.298000 9.480270 
1663 2 17.834600 15.196300 5.773940 
1019 2 22.068200 24.279700 9.091350 
238 1 19.516800 25.620600 1.518250 
1772 2 13.502900 20.360700 2.117350 
1462 1 16.564900 17.936700 13.127300 
1650 1 23.959000 22.085900 11.803400 
1735 2 25.680600 21.759200 2.349820 
1634 1 25.041500 22.849300 -0.062836 
1771 2 13.538900 20.445100 1.910530 
794 1 14.422700 25.926600 10.934300 
623 2 21.495700 14.391600 4.192020 
1705 1 16.260900 19.465300 0.854746 
372 2 26.256200 23.150900 8.677600 
414 1 15.067200 22.643500 12.253500 
1345 1 18.789700 13.137200 9.120490 
131 2 20.211800 13.938400 0.187648 
1335 2 13.172000 25.131100 5.972030 
1045 1 26.333600 18.978200 3.364690 
1333 1 13.666600 24.937800 5.260260 
703 2 23.640600 26.341400 0.544494 
1463 2 15.957800 17.341100 13.041600 
1785 1 20.178900 18.106800 -0.116689 
674 1 22.831200 16.120800 0.653457 
1378 1 19.108500 13.931100 17.609900 
387 2 13.549200 14.731200 18.605900 
1894 1 23.535200 24.624400 23.912700 
1813 1 26.155000 18.351900 18.784200 
1865 1 21.637700 21.675900 18.632500 
925 1 22.532000 20.974600 14.721900 
1132 2 25.268500 18.812200 14.806600 
1434 1 16.465000 14.077700 17.023400 
52 2 24.155400 14.823100 13.674600 
939 2 13.400600 13.886000 25.452700 
1331 2 19.227500 23.378800 15.629500 
1805 1 20.576400 23.389700 21.989400 
1130 1 25.731400 18.964600 14.472400 
62 1 23.890000 18.731100 21.885700 
64 2 23.958000 19.140700 21.418600 
1498 1 15.617900 26.311400 19.363200 
1332 2 19.302500 23.053700 15.569200 
1083 2 18.003800 22.722600 19.973700 
1380 2 18.723800 14.269300 17.530800 
1982 1 13.660400 15.209000 17.894000 
768 2 15.189900 16.751400 20.664600 
405 1 20.335200 24.856900 18.714500 
438 1 22.836000 16.213100 20.001100 
797 1 17.466900 21.292300 17.342400 
262 1 25.871900 15.368600 16.661900 
1033 1 19.031700 25.839200 21.346000 
928 2 21.865100 20.544700 14.485400 
1614 1 22.711100 23.960400 14.807700 
1461 1 15.394200 17.174500 13.295300 
1808 2 21.072700 23.299500 21.886000 
284 2 26.610700 25.697000 15.817100 
1895 2 23.440000 23.901800 23.950800 
1690 1 14.600800 13.637500 13.544700 
309 1 18.108800 14.674500 13.636000 
765 1 15.280200 17.115000 20.405800 
106 1 21.152400 16.594000 24.848500 
1671 2 14.879400 19.252200 23.477900 
1590 1 20.266100 23.084500 25.509700 
1528 2 19.051000 16.980900 20.176200 
311 2 18.585300 14.980200 14.180500 
1507 2 22.438600 16.885300 16.154900 
1056 2 14.093500 21.964300 19.615000 
68 2 21.262900 20.379400 18.580200 
808 2 24.545900 13.584100 25.582800 
1053 1 13.572800 22.008400 19.807600 
1863 2 24.025500 18.860600 21.427900 
440 2 22.281300 16.278900 19.226800 
958 1 15.064600 24.073800 16.915800 
1435 2 16.178300 14.663600 16.540500 
194 1 26.111900 20.204000 22.504800 
1184 2 17.092100 15.776400 24.365000 
133 1 24.518900 26.029700 19.158100 
1271 2 18.025900 20.211100 23.299000 
312 2 18.628800 14.860900 14.187500 
1907 2 21.568000 16.071100 23.485100 
800 2 16.408300 20.876200 16.586300 
894 1 24.896200 15.874200 20.530300 
354 1 26.036700 25.675300 23.430400 
1299 2 21.709700 13.105600 19.442000 
134 1 25.889400 24.892600 18.295900 
1436 2 15.935000 14.792500 16.640000 
1592 2 20.154700 21.961100 25.783300 
982 1 17.015100 23.618100 22.779700 
282 1 26.093200 26.057900 15.950400 
766 1 14.950500 16.014700 21.265400 
1377 1 18.459900 15.179800 17.585500 
1525 1 19.785100 17.339600 19.880500 
1936 2 24.854600 25.118500 18.966700 
1896 2 23.362400 23.869500 24.039600 
798 1 16.722200 20.236200 16.141600 
1433 1 15.738700 15.188300 16.122600 
1508 2 22.471800 17.297700 16.217200 
895 2 25.193700 15.376300 21.092200 
799 2 16.145200 20.874000 16.995500 
805 1 24.050900 13.621200 25.903600 
263 2 25.489100 15.026700 16.971700 
1269 1 17.453600 20.202500 22.371200 
1356 2 16.838200 19.359400 20.557900 
1613 1 23.463200 24.003700 16.013400 
1530 1 20.323800 20.315800 23.033000 
1272 2 18.006300 20.363000 23.317400 
436 2 17.417500 25.938800 16.013200 
1202 1 16.454000 16.435400 23.789700 
408 2 20.283800 25.428300 18.288000 
1036 2 19.088000 26.126600 22.136200 
1787 2 19.935500 18.010100 25.939100 
1003 2 17.260600 15.952100 24.284800 
536 2 25.136400 21.475900 17.487000 
439 2 22.420000 16.336200 19.704300 
1815 2 25.432300 17.900100 18.503700 
1353 1 16.295900 19.884600 20.578800 
1636 2 25.536600 23.097800 26.416100 
1410 1 20.606400 21.566800 25.148500 
1893 1 23.031200 23.317900 24.109800 
1616 2 22.871300 23.975400 15.574300 
1037 1 13.353400 15.759500 14.187900 
1342 1 13.514900 17.270700 23.336400 
437 1 22.017100 16.328800 18.988000 
1181 1 16.465900 15.099000 24.477700 
1183 2 16.912900 16.091100 24.082900 
66 1 20.984400 20.351600 17.440200 
1182 1 17.716300 16.035200 24.975800 
1962 1 13.924800 25.410900 23.444600 
1298 1 21.930400 13.864100 19.254600 
264 2 25.649700 14.977400 17.202600 
65 1 20.453200 20.123400 19.080800 
135 2 24.878800 24.864900 19.139400 
356 2 26.266300 26.001600 22.810100 
534 1 25.122200 21.804500 17.430400 
1412 2 20.131100 21.952300 25.698500 
69 1 18.388300 18.069400 16.128000 
351 2 20.262800 25.830700 25.389200 
285 1 22.994800 19.927600 24.398400 
70 1 19.769600 17.855200 16.024200 
1908 2 21.977400 16.340900 23.579100 
1633 1 25.743300 23.825100 26.145900 
1933 1 24.183000 24.015300 18.561500 
456 2 21.329200 14.512700 15.995200 
1330 1 18.935700 22.445500 15.727400 
617 1 15.470900 20.717700 17.153100 
1531 2 20.792000 19.803300 22.548100 
1527 2 19.098700 17.058100 19.952500 
107 2 21.654400 16.193200 23.505800 
349 1 20.549800 25.684400 25.558600 
1499 2 16.217600 26.229900 19.431000 
350 1 19.681000 25.997200 24.820100 
67 2 21.292400 20.585100 18.209000 
1582 1 13.274900 18.418300 17.203100 
960 2 14.488500 24.423600 16.346400 
1791 2 25.927300 16.766200 24.313000 
620 2 16.543400 20.630700 16.867200 
72 2 19.264800 17.938100 16.202900 
49 1 23.484500 14.856800 12.997000 
1788 2 19.676300 18.038600 25.972700 
1583 2 14.063800 18.177900 17.396900 
388 2 13.364600 14.782600 18.647100 
618 1 16.081600 21.588000 16.077700 
1786 1 19.404800 18.025700 25.443800 
1404 2 14.029700 17.983000 17.565900 
352 2 20.381500 25.717500 25.154900 
1578 1 20.732900 16.734800 13.438800 
434 1 17.668100 25.104100 16.200100 
1868 2 21.128800 20.477700 18.757800 
1591 2 20.596000 22.038000 25.786400 
767 2 15.079000 16.024500 21.074900 
1411 2 20.422300 22.203300 25.487600 
1529 1 21.048300 19.579900 22.375600 
1343 2 13.135900 16.738900 23.455100 
1866 1 22.339600 20.125000 18.331000 
50 1 24.284900 14.668100 14.144200 
1867 2 21.637200 20.915400 18.544000 
619 2 16.516900 21.219600 16.460000 
406 1 20.094200 25.840700 17.689200 
1792 2 26.044300 16.663400 24.377500 
15 2 26.625300 21.799300 22.673400 
927 2 21.924000 20.549700 14.583400 
926 1 21.230600 20.443900 14.362000 
1814 1 24.898300 17.651900 17.926100 
1615 2 23.147700 23.941000 15.748000 
1669 1 15.348900 19.045500 23.784700 
1497 1 16.956900 25.880800 19.667000 
288 2 23.163400 19.748200 25.397500 
896 2 25.059200 15.451100 20.948800 
1526 1 18.469800 16.727800 20.229100 
702 1 22.997900 26.604200 26.599300 
1035 2 18.804900 26.040700 21.935000 
593 1 14.653400 23.307600 13.738500 
779 2 21.535200 26.732400 14.784200 
1935 2 25.280500 24.950600 18.996600 
1987 2 21.187800 23.413900 21.718200 
1789 1 25.243400 16.504700 24.563100 
283 2 26.488200 25.670900 15.553200 
1816 2 25.558300 18.088500 18.403600 
435 2 17.667300 25.878800 16.094700 
1131 2 25.387000 18.726100 14.774800 
407 2 20.296900 25.311800 18.225900 
1706 1 17.120000 19.922800 26.394200 
1270 1 18.109400 20.285500 23.763300 
105 1 22.651600 16.112500 23.497000 
1862 1 24.233100 19.568700 21.135700 
1355 2 16.660100 19.428200 20.449200 
353 1 26.400700 26.203000 22.350400 
1500 2 16.144800 26.138800 19.469500 
1905 1 21.542100 17.118300 23.208600 
1670 1 14.341900 19.914300 23.141800 
804 2 16.707400 23.874300 23.942300 
957 1 14.154400 24.987200 16.127700 
959 2 14.699500 24.345500 16.638000 
533 1 25.443600 20.604600 17.995400 
1692 2 14.946900 13.230700 13.671900 
108 2 21.732100 16.196400 23.519000 
983 2 16.659000 23.240100 24.056000 
807 2 24.827900 13.372800 25.500400 
1506 1 21.968400 17.438400 16.094000 
14 1 25.610700 22.909300 22.855300 
803 2 16.868300 23.639000 24.084800 
1344 2 13.137100 16.258600 23.746700 
51 2 24.056200 14.838100 13.789000 
310 1 18.755200 15.192000 14.570100 
1004 2 16.986600 15.898500 23.971300 
261 1 25.520700 14.447400 17.687800 
163 2 13.455500 25.829600 23.380700 
454 1 21.766300 14.993200 16.350400 
1277 1 16.205000 13.696600 19.757700 
1129 1 25.048500 18.485900 15.228700 
535 2 25.382300 21.083400 17.729200 
1081 1 17.515600 23.347500 19.714500 
1532 2 20.843000 19.945500 22.760500 
1672 2 14.763600 19.083600 23.490300 
1986 1 21.702400 23.153500 21.561500 
1055 2 14.657200 22.411700 19.814300 
981 1 17.600400 23.809200 24.289800 
1002 1 17.764200 15.685100 23.237200 
938 1 13.532900 14.301700 25.351100 
1934 1 25.265400 24.706500 20.049500 
455 2 21.170800 14.515300 16.191600 
1354 1 17.237200 18.921200 20.315000 
287 2 23.215800 19.813500 25.520400 
777 1 21.566600 26.294100 15.052600 
136 2 24.842400 24.627500 19.230300 
1906 1 21.353600 15.272700 23.273800 
1054 1 15.002400 22.335100 19.647700 
71 2 19.219000 18.075000 16.139200 
1409 1 19.561500 21.767000 25.867900 
762 1 13.840600 23.540200 26.340200 
984 2 16.814200 23.606700 24.005200 
806 1 25.452700 13.698200 25.409800 
802 1 15.958900 24.077700 24.415700 
801 1 16.439900 22.450600 24.121100 
453 1 20.772100 14.297900 15.727900 
1505 1 23.180000 16.730200 16.169700 
893 1 25.504300 14.939400 21.374300 
1329 1 19.622400 23.641500 15.580200 
433 1 17.227400 26.343700 16.031100 
1082 1 18.487400 22.387000 20.491900 
286 1 23.526600 19.642100 25.926100 
1084 2 18.005100 22.760700 20.356000 
1401 1 14.466000 17.620300 17.524400 
1379 2 18.861100 14.596600 17.640200 
355 2 26.165600 25.892500 23.090200 
1730 1 20.707500 23.766700 13.352100 
385 1 13.287700 14.301800 19.058300 
164 2 13.652200 25.812800 23.011100 
1993 1 26.200300 21.647500 24.020700 
1039 2 13.302600 15.757400 15.127500 
1994 1 26.765900 22.539800 21.473100 
1464 2 16.268900 17.548200 13.216800 
1589 1 20.847600 21.699200 26.817200 
1635 2 25.514500 23.467900 26.110800 
