id type x y z 
93 1 6.629210 7.593950 2.197120 
1489 1 6.824120 10.761700 7.540240 
1156 2 11.684600 1.938800 4.213680 
741 1 7.037170 2.951630 4.514540 
463 2 6.541010 5.883670 1.138220 
310 1 11.252100 8.657520 7.943870 
16 2 3.658790 6.219550 5.188320 
917 1 12.523400 1.525270 3.000420 
615 2 8.729660 10.967200 8.573280 
232 2 6.227060 8.720550 11.195200 
813 1 6.785650 2.371810 13.049800 
1829 1 6.407320 3.608830 8.916360 
1774 1 8.557690 4.596170 5.026590 
83 2 0.867193 6.859640 5.650010 
461 1 3.706470 12.409600 9.398340 
1004 2 3.971260 10.014100 2.704770 
1393 1 4.556400 7.424300 1.758410 
1946 1 4.013750 8.663590 4.533030 
1401 1 11.923300 1.429000 10.829900 
1069 1 7.976130 7.192810 10.255500 
1987 2 5.369120 13.132800 10.368300 
394 1 0.803506 6.153760 12.415400 
1090 1 4.746020 4.147030 10.015400 
487 2 4.323340 12.920200 6.258410 
218 1 1.380530 11.595900 10.569500 
989 1 5.524590 6.749920 3.895820 
1152 2 9.283150 9.473430 10.968900 
297 1 3.985630 1.021910 4.739830 
335 2 0.018697 3.600400 2.151910 
1456 2 1.598500 0.565722 9.650770 
1591 2 12.479300 6.837650 6.507670 
1775 2 3.599910 10.774000 7.011860 
1323 2 8.120340 3.620090 3.148230 
1890 1 4.303200 5.415380 12.096400 
71 2 6.178060 8.864600 9.956710 
130 1 12.716500 11.205900 12.884400 
539 2 10.387800 9.983980 11.713400 
1020 2 0.982056 7.466020 5.809940 
1938 1 7.216060 9.588950 2.201140 
541 1 4.630580 3.274270 0.231726 
330 1 7.946620 7.649370 5.954300 
325 1 8.723540 1.046830 12.099700 
491 2 0.071899 3.997300 11.018200 
1575 2 10.412400 5.397290 11.174800 
1749 1 1.583440 9.802150 4.473860 
886 1 8.397870 12.408700 8.278400 
190 1 8.241570 8.338100 8.180960 
1270 1 11.386400 2.272190 8.217390 
1801 1 1.539110 -0.017919 6.450170 
1570 1 3.402580 4.422280 5.609050 
1215 2 13.236900 2.361850 12.595600 
1828 2 2.322820 6.270480 2.820750 
1336 2 2.451470 3.575400 11.195200 
1078 1 13.212900 0.208612 2.097490 
678 1 5.468300 6.891870 12.378300 
1196 2 1.645480 0.986917 1.328020 
1831 2 4.887350 3.931050 3.375510 
1018 1 10.317100 9.160640 1.945240 
906 1 10.003200 2.418450 1.143300 
1885 1 11.711700 8.102370 12.426300 
538 1 12.317900 6.997500 3.592440 
1722 1 4.849690 8.377210 12.231000 
136 2 7.910450 12.510700 8.206440 
79 2 0.757635 1.021260 6.919160 
1560 2 0.338681 11.597500 1.772380 
20 2 8.619200 0.961471 12.447500 
1766 1 1.824130 8.095070 6.259440 
1207 2 11.209900 6.058080 3.741470 
536 2 0.574420 5.144850 12.060000 
1901 1 0.181235 2.528710 10.534100 
95 2 12.597700 12.955700 8.866080 
797 1 6.963910 4.743950 7.314760 
1867 2 7.953410 1.670830 10.664900 
521 1 9.655770 7.807300 0.975514 
1553 1 7.115370 11.541700 2.795180 
1444 2 12.908400 8.665360 6.703380 
1936 2 7.189970 7.130920 5.655050 
895 2 5.357970 7.978270 12.682400 
183 2 6.881020 12.639400 5.601150 
370 1 0.067660 9.580160 4.024350 
1032 2 7.708000 10.261600 3.718510 
269 1 8.119210 2.086660 10.235400 
135 2 1.234370 7.879130 9.538440 
964 2 6.680670 12.560000 2.643540 
1581 1 5.997850 9.130620 10.800600 
1192 2 6.979720 9.124980 7.905330 
1928 2 1.124050 1.367510 13.255100 
1080 2 10.444700 1.245120 7.641740 
1963 2 10.646000 8.846590 7.937730 
1082 1 10.113100 12.251600 3.666550 
1990 1 9.030070 6.424180 3.114300 
296 2 10.314500 8.971650 2.595580 
196 2 11.170200 5.425370 10.162300 
1072 2 6.936560 8.411890 2.875570 
1337 1 1.414910 12.405000 1.251920 
1244 2 1.993750 9.534140 4.179910 
1033 1 3.495380 12.730700 5.920520 
266 1 1.854210 2.138780 1.315590 
517 1 5.079410 0.170755 10.168400 
117 1 3.791270 11.066300 6.330840 
1762 1 5.486480 9.726730 7.263880 
854 1 7.532890 9.728370 11.924800 
643 2 3.264350 1.999730 5.063660 
911 2 1.105600 10.054400 4.823190 
1340 2 8.818060 5.240780 3.721440 
222 1 7.533450 5.895370 13.201300 
1062 1 8.002660 4.398920 2.751920 
415 2 8.054210 0.232050 1.609520 
683 2 10.368600 8.558740 1.678460 
402 1 4.332230 3.313920 12.190800 
154 1 9.855800 12.028900 10.132400 
1761 1 10.044400 0.990837 7.521130 
389 1 5.615950 5.466830 1.726660 
852 2 10.260200 5.715190 7.255810 
1925 1 11.725800 0.017773 6.759620 
971 2 3.912640 12.119600 3.101830 
1590 1 1.535240 0.243588 2.422050 
1330 1 9.686520 6.078180 7.260560 
1996 2 6.011720 6.723850 12.807000 
1654 1 2.541630 3.874520 10.989200 
817 1 1.295230 9.692750 6.804460 
1402 1 4.835950 3.133620 5.253780 
1855 2 11.299300 3.112230 4.286630 
249 1 7.302140 10.580100 4.044350 
1045 1 0.607657 9.487940 1.094150 
680 2 5.397690 3.256670 4.827120 
910 1 4.419930 2.109460 8.291360 
170 1 1.951590 5.880480 8.313940 
373 1 4.661150 3.472210 3.110430 
1350 1 9.726620 2.039730 10.249700 
1055 2 8.222260 7.740830 5.600490 
1455 2 11.423000 1.922560 0.566292 
1267 2 4.198390 4.733800 10.791200 
1347 2 10.138500 0.936851 8.947460 
1595 2 2.286280 2.581590 0.750290 
1452 2 12.732600 10.873200 10.390300 
919 2 1.502620 3.487440 4.667820 
871 2 4.806910 6.872140 6.267570 
945 1 12.282100 1.046170 5.558270 
177 1 12.601500 4.033800 4.470350 
1073 1 0.229020 3.551190 2.118050 
1398 1 2.969410 2.835180 9.746730 
1488 2 1.151660 4.703120 8.477490 
1661 1 2.376710 7.849060 0.792894 
1658 1 0.015040 3.647010 8.064780 
502 1 3.043260 6.781430 4.623120 
78 1 6.238460 0.987722 4.538900 
740 2 9.883960 8.762180 7.870600 
92 2 4.740340 9.731470 6.329280 
68 2 10.148600 12.519200 3.412410 
1580 2 11.978900 8.064970 12.260200 
1251 2 5.072490 0.173723 11.851600 
175 2 5.625730 0.886996 2.811420 
91 2 6.599400 6.768240 8.962060 
1003 2 5.792390 -0.020908 5.892470 
60 2 10.169100 2.184580 0.965262 
1203 2 6.599110 10.539900 2.123900 
569 1 6.956300 6.842690 5.190110 
1953 1 6.011060 0.662846 1.794130 
392 2 4.957430 7.506600 1.615880 
694 1 10.685100 5.135810 7.701200 
1706 1 9.052710 11.061300 6.502550 
1732 2 9.718910 12.486900 10.826500 
733 1 3.007430 0.279748 11.931700 
1893 1 10.271700 5.348730 11.207900 
915 2 2.824490 6.546370 2.921230 
376 2 3.660660 3.373830 9.372370 
1477 1 0.701713 3.875070 4.844220 
1679 2 10.035700 5.868960 7.755760 
1777 1 6.029720 6.975100 9.225850 
1326 1 5.227220 10.474500 9.292660 
421 1 4.580730 10.814900 2.805560 
500 2 5.858200 13.218600 6.448960 
1105 1 5.782250 9.270540 3.030680 
1419 2 7.320790 4.533910 6.223390 
109 1 12.101700 4.901850 2.659080 
250 1 3.826110 12.453700 2.951430 
1709 1 9.847400 8.727930 8.622940 
449 1 10.208000 9.173160 6.945890 
807 2 12.975600 3.873000 9.503460 
1536 2 4.352440 11.036000 9.274480 
1431 2 5.421580 2.773370 8.194090 
637 1 8.203620 0.362197 1.632720 
1370 1 12.822200 8.704180 6.630240 
902 1 12.900400 11.727200 7.522040 
942 1 1.453450 8.189910 9.666160 
363 2 5.860380 2.715780 0.513611 
1464 2 2.220550 12.101600 10.977400 
1333 1 9.610270 10.188500 3.656960 
758 1 9.240090 5.077120 3.543690 
48 2 6.937000 2.744370 3.709190 
127 2 1.661030 10.186900 1.731940 
1423 2 5.568620 3.924100 8.915020 
1028 2 10.402500 1.983040 10.339600 
626 1 1.575290 0.933010 8.655670 
210 1 9.995590 8.753310 10.837400 
778 1 5.924730 12.831100 11.764300 
777 1 5.868170 13.158400 7.264210 
261 1 12.945000 11.267000 1.125890 
417 1 9.030940 1.667620 3.944860 
1239 2 9.572370 11.953600 2.266950 
1748 2 9.537310 9.736420 6.279700 
1112 2 1.983110 9.373810 7.173160 
41 1 2.153450 3.334320 4.354230 
185 1 5.812090 2.413600 1.567150 
1866 1 0.546417 1.810630 6.601940 
439 2 0.562046 3.960160 7.015080 
399 2 11.792500 11.131300 3.116310 
1744 2 4.324120 6.589190 12.405600 
1246 1 11.525300 12.193800 2.055160 
927 2 9.965870 5.345910 1.938150 
1857 1 11.971300 5.460330 9.734570 
1933 1 10.332000 10.715600 11.650600 
300 2 6.889590 0.817477 1.918360 
141 1 12.861200 6.583270 6.492630 
107 2 5.622250 9.334890 3.691710 
340 2 6.566000 6.931370 9.343360 
1882 1 7.449770 0.763456 10.054500 
1247 2 4.890300 9.601380 6.499670 
769 1 2.541580 5.900330 2.425160 
428 2 1.444500 3.748730 5.594150 
1454 1 4.695770 7.010160 7.222490 
752 2 13.029200 1.740950 9.093270 
1185 1 7.888770 1.622220 0.075778 
1539 2 7.478320 7.243360 2.502420 
70 1 0.589545 6.050600 5.384000 
1715 2 12.826400 2.893240 7.586150 
436 2 12.135300 10.579900 0.588829 
773 1 11.410500 2.304320 4.382870 
1354 1 0.553407 0.533244 7.125380 
1623 2 8.788960 0.981304 5.742590 
1496 2 1.852990 1.114740 4.462410 
1856 2 12.781000 4.971520 3.774320 
597 1 2.911640 10.493600 9.194450 
1204 2 7.473800 1.510150 10.176800 
1228 2 5.874290 5.182610 2.348510 
1320 2 7.419770 4.446130 7.079750 
139 2 9.729700 12.933400 9.819060 
587 2 12.352400 0.150700 6.313510 
473 1 0.096919 4.391270 10.597400 
1692 2 12.884500 11.412200 6.820700 
258 1 3.079950 2.649620 12.956100 
7 2 7.653560 5.636210 12.996400 
504 2 0.691151 0.948794 10.188200 
823 2 0.405107 11.773500 12.640600 
98 1 2.019390 5.672260 0.243014 
1721 1 12.233800 6.093320 0.536639 
634 1 13.167600 2.886280 7.552900 
1495 2 0.326286 8.073350 12.637600 
1429 1 13.147700 4.747620 10.774000 
262 1 8.131850 13.268400 2.276120 
1905 1 10.784800 13.105800 7.854420 
334 1 8.979430 12.911800 10.756200 
1103 2 4.076130 3.272880 12.626300 
133 1 2.301070 8.061510 13.119500 
645 1 2.530870 0.244400 0.081174 
186 1 3.728400 6.193470 15.982300 
1853 1 9.943050 5.201320 23.951100 
909 1 5.085850 11.845400 23.204600 
953 1 10.767400 8.966520 15.055900 
1277 1 6.871780 11.590900 17.237100 
693 1 6.693790 0.961789 18.209200 
1217 1 11.039400 9.799720 21.233300 
1700 2 0.728354 5.685080 20.769200 
887 2 8.997260 2.907880 15.982700 
635 2 9.736480 4.259310 20.932700 
1406 1 10.041900 1.638000 23.334900 
275 2 13.020000 3.732940 14.032800 
416 2 6.267690 10.822400 15.893300 
780 2 4.612680 9.860470 15.155200 
1973 1 4.275390 7.259060 26.155600 
1556 2 9.318960 11.344000 13.820600 
877 1 0.015407 5.425130 24.685500 
557 1 4.173940 8.652310 25.476000 
431 2 12.083500 11.659200 24.163500 
703 2 9.078160 6.993960 24.269500 
1832 2 0.334548 11.234700 18.051400 
1169 1 8.821000 11.229200 26.068400 
1876 2 9.243590 10.782700 21.324800 
1158 1 1.162120 0.083718 22.612400 
1064 2 2.139660 12.811100 15.356300 
896 2 9.200980 7.815060 14.961800 
1261 1 13.030100 6.020750 16.116800 
810 1 1.081840 6.405280 17.358600 
747 2 12.809800 10.137300 19.383500 
2 1 2.215520 11.297300 21.627200 
1384 2 6.289200 0.168304 14.891500 
923 2 4.949750 12.886100 22.795200 
1687 2 1.482860 0.671599 18.078600 
959 2 4.720490 12.012700 13.686700 
876 2 4.348690 8.423040 25.701300 
1433 1 1.421880 7.012640 14.854700 
926 1 6.162560 1.597940 22.633000 
870 1 4.377610 7.058710 23.477200 
1479 2 6.959020 8.335060 16.109800 
1227 2 10.212500 8.323100 18.108900 
668 2 0.706989 12.390300 13.889800 
928 2 6.007690 0.809919 22.339600 
1632 2 1.332740 2.087040 20.899500 
397 1 8.339640 3.237180 25.163800 
395 2 7.252250 12.160400 20.696700 
422 1 9.499220 4.054820 26.023700 
1324 2 5.176480 2.302190 18.361400 
577 1 2.271700 1.867970 23.767800 
525 1 2.823610 11.724600 15.126600 
257 1 0.595494 12.161900 16.122000 
709 1 3.423100 8.112490 18.114200 
43 2 1.629880 2.299300 21.316600 
528 2 3.663380 6.993460 19.845800 
1168 2 12.964600 4.575560 21.599600 
1443 2 7.464630 2.592110 20.568300 
1947 2 7.771940 6.823280 20.245200 
1056 2 7.266840 10.848600 17.530800 
101 1 13.303600 2.889200 18.636900 
1339 2 3.083030 2.127300 24.673600 
326 1 3.485860 11.549200 22.525500 
1289 1 12.711800 10.823100 22.374800 
50 1 9.274960 7.926920 13.373100 
1549 1 9.505940 12.253900 19.886400 
285 1 1.930270 3.247560 20.278700 
1986 1 2.813530 2.729920 25.762300 
1029 1 7.768110 1.981830 14.618600 
432 2 8.257680 8.588060 24.127000 
1184 2 6.464640 10.729000 20.367900 
966 1 8.462230 10.428000 20.665500 
1731 2 1.553280 0.433171 14.414600 
960 2 9.468760 -0.039536 23.194400 
879 2 2.777930 7.695920 18.633600 
1253 1 0.920840 2.280570 20.940500 
1597 1 1.306760 5.284770 15.484800 
1491 2 0.608135 5.416190 24.888700 
212 2 1.631230 8.902030 23.299400 
12 2 4.998930 12.072400 14.114700 
301 1 8.483430 3.591120 14.105900 
998 1 9.195100 0.339593 21.652200 
1794 1 8.138570 6.231890 20.510500 
1862 1 12.258400 5.723300 23.843200 
1900 2 1.426150 8.669450 17.391800 
1810 1 7.401560 11.836500 20.671100 
602 1 11.426000 2.303070 19.260700 
759 2 2.323210 10.948700 25.727300 
442 1 6.069840 6.145520 16.313000 
145 1 2.475520 11.986900 25.558500 
323 2 5.072470 7.011250 21.869900 
343 2 0.928617 5.967070 17.477300 
552 2 8.713010 3.632120 25.693500 
677 1 6.259720 11.324400 24.479000 
1367 2 11.559700 0.809359 17.653300 
724 2 12.438500 1.689450 23.689200 
1713 1 5.250560 0.961804 17.079500 
226 1 1.505970 4.950130 23.891000 
172 2 6.015180 8.255090 19.023400 
648 2 13.052200 6.015020 18.410200 
305 1 4.700550 12.489600 13.413100 
352 2 9.044060 2.578710 19.927700 
1792 2 0.148939 5.430020 25.998600 
152 2 3.365760 9.660880 16.038100 
516 2 3.276000 11.167700 20.413200 
1737 1 5.094890 8.575180 21.883900 
1864 2 12.181300 10.752000 18.629200 
1191 2 10.278300 9.898850 15.767000 
1884 2 7.873910 3.597630 23.321000 
1906 1 4.512000 11.994000 26.190400 
1935 2 7.077870 2.467330 13.929800 
474 1 6.825390 3.732370 17.178900 
1994 1 3.777490 10.112200 14.630000 
15 2 11.505600 6.479720 15.042200 
1952 2 12.584900 7.059230 24.618100 
3 2 5.282340 12.218400 26.070500 
567 2 3.226680 9.112590 14.825000 
359 2 8.883440 11.046700 25.276100 
9 1 5.357380 0.532083 14.039600 
812 2 12.986900 5.546250 15.838000 
351 2 12.709200 2.607300 19.217400 
1006 1 7.699820 8.137460 20.024100 
1310 1 5.915720 10.988500 15.076000 
1238 1 0.503270 8.394020 20.473300 
580 2 10.637600 2.600190 14.665900 
1442 1 10.453400 12.438300 21.510900 
623 2 8.345030 13.056400 18.714800 
129 1 0.671925 5.095790 20.363100 
1577 1 1.406190 0.722407 13.844600 
479 2 0.496595 9.074150 24.260100 
425 1 7.598410 4.934840 21.620500 
1472 2 1.383390 2.171010 23.850100 
1307 2 0.199331 9.050390 20.431500 
76 2 7.324020 2.235620 16.844200 
169 1 11.754400 6.188130 22.401500 
1653 1 5.804150 7.506460 14.024100 
1245 1 11.939400 7.551580 18.841400 
27 2 7.182760 0.201346 17.710000 
311 2 2.148780 11.785300 21.353600 
1850 1 12.834200 6.906990 23.213000 
1292 2 1.857080 0.471365 19.067200 
295 2 9.097650 3.592440 25.270800 
593 1 11.451600 3.076410 13.494000 
446 1 8.667080 11.284300 24.020700 
835 2 1.625260 11.916200 24.896500 
1772 2 4.346460 2.358190 26.014400 
1662 1 11.568400 3.889500 20.933600 
240 2 5.598660 3.995670 19.037300 
1939 2 5.102140 1.047530 16.292800 
1511 2 12.945100 4.710480 26.260700 
200 2 11.500800 2.333530 19.644500 
347 2 5.158660 4.701180 17.571300 
751 2 11.929000 7.955060 17.508200 
1189 1 7.518500 3.018970 23.471200 
819 2 3.401450 7.702020 23.030500 
1586 1 11.550600 0.454542 18.162000 
1099 2 2.721200 7.164470 26.432100 
1331 2 5.459080 8.434020 26.417900 
1551 2 12.706400 11.525100 25.894100 
406 1 5.288230 10.840800 20.267400 
1446 1 10.989800 0.250374 16.419900 
42 1 13.078900 3.660700 16.371800 
1060 2 5.596030 11.872000 25.775900 
39 2 3.494310 5.496780 26.472700 
368 2 4.712940 5.282180 24.532600 
1127 2 3.384070 6.169480 14.979800 
1465 1 9.699570 6.867630 15.919200 
1616 2 1.531070 5.699310 15.915100 
10 1 11.756800 11.603900 25.223400 
1881 1 7.586940 6.663300 24.791600 
1426 1 10.339300 12.438200 16.585300 
1976 2 5.112600 4.917950 16.221800 
1806 1 9.710080 7.640760 23.977600 
1374 1 6.041480 8.726530 17.687200 
1243 2 9.134280 7.665430 24.789900 
1782 1 4.290150 6.090420 21.240200 
720 2 2.330600 12.111300 25.858000 
1693 1 1.696920 13.269700 14.549400 
466 1 5.063980 4.510530 17.624100 
1181 1 7.117910 12.689300 14.389000 
1691 2 7.847150 9.520660 21.742500 
1764 2 9.171470 7.340440 14.345600 
1578 1 4.761100 0.918295 26.305400 
533 1 11.945200 4.154520 26.023000 
131 2 1.105360 12.316700 14.664200 
1392 2 4.717370 8.231750 22.048400 
1453 1 12.758500 11.528700 18.667000 
730 1 1.855310 9.159970 23.637500 
1334 1 3.186330 1.743820 21.208400 
1170 1 0.449850 13.210500 13.770500 
1950 1 9.720010 1.079550 15.148400 
122 1 4.339630 4.780150 24.777500 
1786 1 7.678080 7.644170 16.225100 
63 2 13.169800 3.654790 22.825200 
1883 2 6.404140 4.475660 16.867100 
1728 2 5.707900 0.551431 26.196200 
584 2 10.884400 4.937990 24.050200 
1094 1 6.189770 7.567370 19.173100 
1457 1 6.755500 8.059520 21.560000 
313 1 5.627450 4.117450 19.050600 
138 1 7.537460 9.582810 14.440100 
293 1 12.210200 9.390580 25.521800 
1035 2 5.843420 1.214310 23.503300 
753 1 0.137197 3.498320 19.316500 
1151 2 2.261100 9.366570 13.586600 
488 2 10.999100 12.798300 21.268900 
1118 1 1.605670 0.956891 18.161300 
1902 1 8.975230 2.212460 19.073300 
239 2 1.226500 8.580970 20.271100 
1788 2 11.745000 8.210970 21.087600 
1889 1 2.720790 7.471850 21.254900 
1178 1 11.606800 5.909030 14.982400 
180 2 1.260630 2.041490 16.566700 
672 2 11.535100 0.601299 17.461800 
881 1 12.397900 9.732490 18.926900 
134 1 9.264000 9.782570 16.642700 
173 1 12.446500 1.020510 19.609300 
850 1 3.981180 3.488650 21.600500 
153 1 1.800230 4.461690 17.235000 
1297 1 1.353820 2.241580 15.780500 
655 2 11.939200 5.796070 22.955500 
40 2 8.844560 6.515640 21.231000 
565 1 3.259370 11.384800 20.116700 
1778 1 8.391900 2.990740 20.578700 
82 1 4.759910 3.293940 13.884100 
1593 1 2.624440 3.437700 15.209100 
1079 2 1.083290 2.200170 15.744100 
379 2 7.545160 9.454890 13.961600 
1176 2 8.416490 13.002000 23.405200 
471 2 3.972090 3.464190 21.327200 
1874 1 11.674600 4.173030 17.648300 
1631 2 0.962792 5.170640 20.468200 
191 2 10.264700 12.816300 22.543600 
1278 1 0.195220 11.229700 18.863000 
1920 2 7.634860 5.960590 20.941900 
1564 2 3.335860 11.303700 22.962000 
824 2 10.747800 13.151000 15.650300 
946 1 1.797280 8.709510 17.575400 
1835 2 4.933400 10.997000 18.483200 
1414 1 7.474940 9.113190 25.096200 
1276 2 6.832640 7.163530 15.911200 
595 2 2.163810 3.379940 17.979000 
187 2 0.647083 4.732070 14.202400 
1311 2 3.249020 12.939000 20.579100 
903 2 9.054880 0.729078 23.222800 
546 1 0.318175 10.309400 21.008600 
1428 2 8.462890 3.718640 13.357900 
1750 1 9.288680 11.415500 14.303200 
150 1 4.224200 9.687670 17.106800 
1234 1 1.673260 10.898500 26.218200 
1620 2 2.178310 6.946530 26.347500 
1809 1 5.628820 8.689430 26.074400 
350 1 7.081580 0.078146 22.755700 
604 2 8.283200 11.447200 25.505000 
1213 1 11.717100 0.644855 25.918300 
1462 1 0.133186 1.779230 17.399900 
874 1 0.732115 9.759200 24.633800 
754 1 13.141600 10.029100 14.801600 
445 1 0.246429 9.689000 14.096300 
1545 1 0.090425 8.285850 16.723300 
1372 2 7.717630 0.054710 20.745900 
263 2 11.041900 13.116100 20.037100 
782 1 5.792830 12.057000 26.342700 
1241 1 0.801857 11.409700 13.727700 
44 2 2.572610 6.810990 13.461200 
1408 2 3.732940 3.028310 13.408100 
676 2 0.259101 16.961300 2.918430 
1922 1 12.112600 19.164500 5.951080 
598 1 9.803890 19.780600 8.384190 
204 2 1.600500 23.804200 6.995770 
1478 1 5.335830 19.444200 4.292170 
599 2 8.259680 20.768300 6.635490 
867 2 13.336900 23.630700 8.099230 
1666 1 2.528740 16.426400 7.596780 
609 1 8.008490 23.236300 11.210600 
930 1 12.318100 14.971800 1.147910 
1222 1 5.364270 19.163000 7.555290 
1141 1 0.652200 18.862600 9.089760 
338 1 5.801120 24.370800 7.690250 
1074 1 5.027090 20.611200 0.479976 
1754 1 0.262872 19.507300 3.461010 
34 1 5.775470 16.242600 5.501910 
171 2 7.247940 23.087100 5.687930 
1304 2 4.391910 26.339700 11.751400 
254 1 0.393364 21.334000 7.619730 
1833 1 6.426960 16.277600 10.840000 
74 1 6.605440 20.792600 9.314900 
433 1 0.374488 16.799200 4.198720 
1840 2 12.493600 26.073200 3.008380 
1116 2 9.071230 20.438900 0.902627 
1579 2 12.002400 16.835200 9.046270 
49 1 7.104560 14.423200 11.147900 
97 1 6.318200 21.569400 10.459900 
1998 1 3.034380 14.334500 8.242740 
1130 1 12.336600 23.356300 4.881370 
1460 2 8.371980 15.119300 1.036230 
822 1 3.924170 25.969400 3.228290 
1009 1 12.939800 23.133700 3.394420 
843 2 1.230440 17.881800 10.246900 
355 2 9.091690 14.381400 7.399320 
1389 1 4.668980 16.477700 3.762770 
1121 1 7.018070 19.534600 10.337200 
1266 1 3.795740 17.751700 6.104800 
1825 1 9.903810 15.595700 3.741030 
398 1 10.567400 13.674300 9.157230 
800 2 4.321120 26.308500 4.474440 
585 1 5.408680 13.532300 5.401800 
1111 2 7.601110 17.716800 1.233430 
1964 2 1.750820 13.949800 8.273050 
1355 2 0.114108 21.697900 8.351510 
1569 1 7.911820 18.338900 12.791000 
307 2 3.983730 18.606000 2.601600 
616 2 0.309844 14.121600 6.280930 
756 2 2.799220 13.993500 8.563580 
1083 2 1.962630 23.103500 11.084900 
1956 2 1.191260 26.565700 6.692630 
1739 2 10.640400 20.850800 3.701840 
1911 2 12.467200 21.211500 8.855010 
1190 1 8.648290 15.176600 5.675320 
929 1 0.813855 13.775500 10.734400 
1308 2 9.230670 25.361900 9.163560 
1852 2 0.190581 18.403100 8.903350 
1897 1 9.508020 19.266800 11.773300 
1983 2 9.988970 23.162200 0.807042 
339 2 11.690300 22.087400 13.124800 
333 1 4.861640 18.706200 2.086040 
892 2 8.940340 16.744400 12.506100 
1514 1 5.017470 21.189700 3.820670 
1655 2 3.190090 14.653900 12.700900 
429 1 0.119755 23.440000 3.977630 
1250 1 2.393060 24.283100 3.808450 
387 2 1.073740 20.405400 0.430791 
1027 2 9.666910 20.112700 8.155080 
1165 1 6.073530 17.990500 6.122980 
603 2 0.237174 19.326500 12.307400 
1412 2 11.127100 24.357900 7.862150 
1349 1 12.427500 26.235500 12.879900 
407 2 12.726300 14.447500 12.336400 
1978 1 6.826740 22.182800 6.368160 
184 2 1.549590 23.704900 3.694790 
1290 1 9.066870 21.610900 11.394100 
851 2 0.999645 24.858200 12.720600 
932 2 4.419980 23.773100 9.778990 
544 2 5.796910 18.763000 7.056840 
462 1 0.762592 18.533300 12.440600 
904 2 5.758470 17.595900 11.078400 
248 2 10.950600 13.401600 8.583450 
1820 2 10.828900 19.955500 11.424300 
1930 1 10.063200 23.202800 2.296750 
760 2 7.996640 20.412200 5.233010 
624 2 4.727080 24.497400 1.896090 
1913 1 11.872000 22.812900 5.943160 
826 1 4.384630 26.354200 12.180700 
776 2 0.426613 21.720900 0.419843 
1114 1 12.421300 16.972900 11.768200 
746 1 9.088600 25.395500 3.313580 
1516 2 6.619910 24.569600 7.735520 
1851 2 7.833080 17.041500 3.828440 
723 2 9.370820 25.057500 4.240930 
1598 1 7.737720 24.223300 4.694270 
124 2 3.697110 15.550200 9.961530 
550 1 13.098400 19.275000 4.139950 
1618 1 2.923880 18.090900 9.682190 
244 2 8.924990 23.868300 3.984810 
270 1 2.657130 24.539900 7.960850 
1229 1 11.441800 20.181700 12.121600 
943 2 2.250310 13.354400 9.357680 
897 1 10.234100 19.935600 1.699630 
644 2 4.287440 14.215800 13.111800 
991 2 12.446200 24.807900 8.947920 
801 1 4.294810 22.191200 7.324480 
391 2 6.907910 24.263000 8.673200 
691 2 6.096870 14.398800 8.857610 
448 2 11.645500 18.405400 1.896100 
1520 2 10.059200 14.996300 6.453340 
884 2 6.005720 16.582800 5.343180 
591 2 6.742900 19.729900 10.126000 
304 2 10.823500 23.424900 1.342800 
253 1 11.369200 23.955300 8.735620 
553 1 7.256600 18.636000 2.317900 
986 1 7.674830 20.174700 6.804130 
713 1 9.251440 16.268400 0.581725 
1566 1 2.244050 21.541000 4.826840 
1937 1 10.526600 16.166900 11.805300 
1024 2 3.337180 25.904600 12.923400 
268 2 2.940730 18.823400 2.665990 
84 2 7.362640 19.812200 8.648660 
503 2 0.423739 14.588100 0.658899 
832 2 1.226840 24.422300 2.865210 
979 2 7.199900 15.154800 10.988600 
1707 2 5.373820 23.011700 1.235110 
388 2 4.503130 17.551200 3.938390 
937 1 2.947990 23.529300 12.160400 
1708 2 10.182400 15.780400 4.192940 
1499 2 5.340700 19.126500 7.201510 
1360 2 1.187650 23.665300 6.365640 
791 2 2.697880 20.136200 10.588700 
1359 2 9.404300 22.030300 0.534530 
1459 2 4.193590 16.049200 12.792200 
1686 1 6.172490 15.014400 0.931127 
1108 2 6.421450 14.005400 9.764180 
1373 1 4.107840 25.490900 6.171510 
1971 2 1.242070 24.345700 6.904430 
509 1 2.087020 26.362400 4.244540 
306 1 5.337710 17.605900 12.757800 
590 1 3.971750 14.997700 10.408500 
827 2 12.784200 18.787600 5.591880 
32 2 4.128260 22.176900 7.892410 
1649 1 0.144394 19.356300 1.263280 
140 2 2.518650 17.897300 7.190380 
1407 2 12.169300 26.311800 3.054750 
492 2 1.115940 20.825000 12.996500 
1263 2 7.060340 23.755000 9.877820 
1396 2 8.947760 23.059100 10.568700 
1262 1 7.045980 20.357900 0.903362 
1916 2 2.589480 17.847200 10.266600 
679 2 3.110760 25.559800 4.946950 
1361 1 11.723000 20.102500 9.675470 
673 1 2.868590 20.431100 2.884260 
1092 2 9.667340 16.915700 9.194940 
640 2 7.171570 13.991900 12.738600 
1437 1 3.930210 22.590100 8.584700 
1742 1 4.120860 14.547700 0.243479 
1391 2 1.847640 20.423400 4.586630 
103 2 3.939690 14.427600 0.453262 
271 2 12.469600 14.831100 1.417730 
374 1 11.526400 21.128400 8.405340 
1497 1 6.554520 13.660500 9.017610 
941 1 11.140900 25.641000 3.444830 
238 1 7.083280 13.710500 4.008480 
1932 2 2.774510 23.462400 12.374200 
547 2 8.331050 22.586400 11.116800 
1870 1 10.094100 20.308100 4.908950 
872 2 0.527652 20.195400 11.691400 
1174 1 0.871257 23.389100 6.309390 
1119 2 2.523090 15.527000 9.095650 
996 2 12.557000 23.177600 4.698190 
1821 1 10.578200 22.915900 10.264500 
558 1 2.644770 20.236200 11.122500 
660 2 4.974220 21.359700 3.414980 
1665 1 2.084080 16.348900 1.723430 
1300 2 6.449050 21.682600 10.683300 
2000 2 11.422400 20.153600 8.795180 
1467 2 4.110890 25.835600 7.440590 
1685 1 10.223500 14.767900 5.642470 
857 1 0.394701 21.098500 0.641472 
719 2 4.781330 22.195900 8.496330 
1607 2 5.190370 20.792700 3.870760 
100 2 6.132050 13.689000 2.726230 
939 2 11.611800 25.175300 12.413200 
1070 1 9.583670 24.106500 8.175330 
1288 2 8.573360 26.443500 2.030670 
698 1 10.417600 18.314900 2.946750 
1284 2 6.490020 19.984000 1.243120 
30 1 11.463100 17.157500 1.881860 
882 1 6.017840 22.955500 4.898400 
891 2 2.537840 18.430200 7.062360 
294 1 12.919500 17.843000 5.072800 
1997 1 9.370330 24.130800 5.417990 
290 1 7.143410 19.257000 8.168360 
1839 2 4.415170 15.943800 6.000240 
697 1 5.052170 24.679200 10.695000 
73 1 3.540120 23.985500 1.096660 
534 1 6.290860 26.205200 5.783160 
1271 2 9.643880 17.122300 9.302820 
1633 1 12.768200 14.092400 12.785600 
1149 1 13.197000 24.003100 7.495960 
1676 2 11.407200 22.088200 9.898410 
1663 2 11.425800 17.243800 1.589190 
308 2 10.151500 19.951600 4.852720 
181 1 1.551580 14.022900 5.875580 
1711 2 11.676000 23.200700 5.506520 
1528 2 11.498700 25.850300 11.329300 
384 2 7.172430 26.338300 4.721630 
1351 2 4.306700 25.114300 1.811120 
1223 2 1.910330 17.225200 -0.174839 
1206 1 11.424300 16.897600 8.592070 
1636 2 8.239640 17.959400 1.762000 
66 1 6.205620 13.734500 10.388800 
1822 1 0.822718 24.846300 11.876600 
438 1 9.242860 26.050400 9.048540 
1430 1 12.126700 14.812200 4.249440 
1329 1 9.783850 24.376100 0.635728 
341 1 3.615590 18.695500 12.332200 
980 2 12.396400 25.995200 6.185970 
58 1 1.434890 17.487700 11.400200 
555 2 7.095270 14.680100 2.190850 
1422 1 6.502040 22.850900 1.468920 
486 1 6.334510 25.412900 12.797500 
1427 2 10.083200 19.886700 11.923000 
1813 1 2.463700 18.906500 8.077330 
566 1 11.216400 23.168200 0.453208 
785 1 8.041020 24.269800 8.191690 
1353 1 7.523630 17.058200 1.187510 
179 2 3.068840 14.840700 4.078180 
318 1 3.668020 14.667700 12.298500 
26 1 1.510930 23.282400 10.889100 
647 2 4.409860 25.704300 12.194000 
768 2 6.183370 22.145500 6.136650 
1830 1 2.517720 18.940300 4.837180 
1283 2 9.826370 15.167700 4.389730 
346 1 12.797800 25.828100 5.316720 
1209 1 9.126950 17.325200 9.211310 
674 1 3.341990 15.855400 9.410870 
1965 1 11.427800 25.790600 11.483200 
450 1 10.997500 21.643100 12.644600 
805 1 3.941990 16.800100 12.932100 
1091 2 11.200200 16.227700 12.996200 
1418 1 12.218000 23.542600 12.871800 
962 1 9.347940 14.932900 12.672600 
1016 2 11.713100 23.177100 12.999500 
1113 1 5.449220 25.000300 0.129669 
948 2 10.583500 15.959800 13.119300 
409 1 1.998610 16.354900 16.703100 
938 1 0.604727 25.764900 24.277600 
701 1 11.421800 14.559100 17.450700 
1613 1 8.940650 13.388400 22.562900 
1049 1 9.710570 25.999200 24.041000 
111 2 7.466390 22.200500 23.287800 
764 2 1.851740 21.704900 19.784700 
821 1 11.687800 14.972600 20.660000 
160 2 0.966916 21.324600 22.475700 
686 1 12.267400 20.927400 19.514600 
1871 2 2.441580 25.688700 26.381100 
771 2 1.552590 15.145000 19.820100 
1187 2 4.367350 14.736100 15.655200 
681 1 11.963100 16.213400 17.210800 
1503 2 10.632500 20.942900 21.017000 
1647 2 12.616200 22.071500 25.110000 
77 1 8.558790 23.941200 21.353800 
46 1 2.659350 20.288700 20.975400 
794 1 9.646820 23.294200 18.310800 
1727 2 4.168800 22.310000 17.595700 
1847 2 11.246500 21.403400 17.058500 
1752 2 0.327785 24.667700 13.679900 
1417 1 10.853600 20.618500 16.332300 
715 2 3.952360 19.941100 19.279500 
1109 1 11.168100 24.786100 20.052800 
578 1 2.936950 25.845000 18.068800 
1568 2 11.523800 15.706800 14.131800 
1751 2 8.631300 13.170300 13.281600 
792 2 10.600400 24.217900 16.910400 
799 2 12.615300 24.040600 19.366500 
281 1 7.310070 26.343000 16.535800 
1147 2 5.630350 16.128900 19.827200 
1236 2 2.833170 25.123700 18.267700 
483 2 8.310150 21.010900 14.508400 
750 1 4.593690 23.014000 20.885400 
630 1 7.175820 19.267600 24.267300 
1322 1 2.364640 15.606300 23.423600 
1988 2 3.903610 24.080100 21.461800 
69 1 3.542500 13.388500 16.769400 
508 2 2.035250 18.801800 16.629800 
1221 1 11.283300 16.383000 22.127100 
199 2 4.415320 25.135000 19.138600 
1877 1 2.591160 20.879700 19.173400 
1808 2 6.071440 19.338800 21.313700 
205 1 8.529620 21.262200 18.275400 
1673 1 10.233700 14.789900 19.887000 
1124 2 0.657099 22.794400 17.091600 
1550 1 4.309010 16.812000 25.989900 
456 2 12.921400 19.381800 14.705500 
1760 2 9.153760 22.367500 21.509400 
622 1 9.176580 18.561900 25.235400 
366 1 0.520925 20.813400 22.159400 
783 2 5.598030 25.514900 15.254600 
608 2 5.478870 21.106300 18.610500 
1576 2 7.410010 18.348200 20.083900 
217 1 12.956300 25.908700 22.367700 
1948 2 6.894440 15.160300 20.189800 
1546 1 0.567083 23.517300 16.734900 
625 1 8.205480 23.086300 18.925500 
1972 2 0.056730 17.720500 23.332800 
1719 2 4.280220 17.458300 25.753400 
1898 1 5.493450 16.901000 19.347300 
1903 2 4.598090 18.690800 13.728600 
649 1 7.612570 17.225200 20.612400 
6 1 2.725850 14.884600 20.050800 
1377 1 4.745090 25.296600 15.242000 
88 2 12.041000 14.722200 22.120300 
1286 1 1.664340 21.161700 26.586200 
162 1 3.357460 24.849700 14.163300 
356 2 3.677060 20.357700 20.574300 
1765 1 2.167830 17.411100 25.656700 
657 1 2.612130 21.595400 16.678000 
560 2 5.283200 18.528800 18.641200 
918 1 3.036880 15.556700 16.060300 
848 2 11.877400 23.497400 21.964400 
1043 2 2.493950 15.783600 17.157600 
1519 2 2.293570 23.405800 15.300800 
1046 1 9.923800 22.292300 21.099200 
85 1 4.824040 21.715000 16.563800 
1425 1 9.580880 19.082500 22.092500 
1608 2 2.049960 15.602300 19.653400 
511 2 8.249580 16.998100 14.112100 
1163 2 4.671430 18.607400 14.261500 
1424 2 3.208880 21.500700 17.485500 
639 2 12.578300 26.349500 22.795400 
589 1 12.466600 23.025700 24.579400 
963 2 11.244900 25.176900 24.826800 
1619 2 7.180960 19.178700 22.096700 
1161 1 1.313330 25.365300 17.391100 
182 1 3.838360 23.697900 16.920000 
1212 2 3.630050 13.254000 17.432800 
556 2 10.951000 16.010400 19.468900 
1180 2 4.680010 23.963400 16.137500 
974 1 6.383840 19.869300 19.036600 
1823 2 2.269850 18.103700 16.551900 
224 2 9.008800 18.753800 13.702900 
453 1 3.335900 25.421100 19.934600 
737 1 5.820820 19.356800 20.470700 
291 2 4.644580 15.765300 21.528000 
586 1 4.015690 18.864300 23.398800 
113 1 0.009127 17.253200 14.969500 
646 1 5.822260 16.958800 23.050300 
1031 2 9.302850 22.847200 18.997400 
1299 2 11.610400 18.963600 14.894400 
396 2 3.664480 15.305100 26.437100 
641 1 12.990700 24.153400 22.870900 
890 1 9.965110 25.487600 25.905900 
1891 2 12.623400 14.548800 17.978200 
233 1 4.181500 21.136400 24.719000 
636 2 12.407800 16.087100 25.056900 
1609 1 1.791670 22.217500 18.212900 
385 1 8.455510 22.905600 23.180700 
893 1 2.861790 23.794800 21.652000 
1522 1 4.304960 14.187000 14.327400 
19 2 5.930490 16.970300 23.620900 
1164 2 8.712240 13.239200 17.753000 
51 2 10.100200 16.756100 23.517300 
581 1 4.626480 20.415200 21.815300 
613 1 4.104960 18.564000 14.643700 
87 2 10.823900 23.262400 16.653100 
661 1 3.285190 25.111500 24.235300 
423 2 1.605720 21.211800 21.156300 
143 2 9.726710 22.850000 14.854700 
1845 1 9.429960 14.888900 24.545300 
1763 2 0.445205 25.279300 21.189700 
1490 1 11.494500 24.027400 22.177000 
1527 2 5.911830 21.647800 20.794700 
1941 1 10.624800 13.625900 14.520100 
289 1 13.051700 23.958900 19.488000 
1714 1 3.425840 19.161700 26.532200 
1992 2 1.321010 25.239700 22.821800 
1544 2 6.244040 16.967300 23.259600 
37 1 6.157460 21.528200 13.498300 
1910 1 11.166500 19.002900 15.059700 
1740 2 7.446240 22.700500 24.181100 
1044 2 12.857600 18.359100 18.714500 
349 1 6.574500 15.763300 23.710400 
885 1 11.332600 16.379700 14.297200 
699 2 8.134680 15.055600 24.803300 
299 2 12.537400 21.446900 25.057400 
1559 2 1.366130 20.789300 14.975000 
765 1 7.242990 19.142000 22.120800 
255 2 10.613400 16.660500 17.411900 
987 2 1.941040 16.254900 23.376900 
1677 1 4.832000 14.421200 16.246800 
174 1 3.409210 21.200400 13.443700 
61 1 7.646570 19.540200 19.639800 
1280 2 11.783500 14.789600 17.233600 
975 2 8.210020 25.561600 19.628700 
1918 1 4.526390 20.960100 18.570700 
1604 2 5.858410 17.603900 15.923700 
1554 1 1.054080 22.986000 26.177400 
1268 2 2.952750 16.509200 19.519900 
1473 1 5.053740 26.335700 24.374600 
650 1 11.719900 21.191100 25.224800 
1758 1 11.275300 17.141500 25.094700 
993 1 1.242300 24.762900 21.608200 
1542 1 0.256832 18.241000 21.824800 
1085 1 9.673670 16.698200 23.172500 
1530 1 5.594690 21.263100 20.291300 
988 2 2.895370 15.738500 16.280800 
1131 2 3.741680 20.806300 25.664400 
1065 1 9.467170 18.260500 16.661600 
563 2 1.558210 25.720500 23.247800 
1394 1 7.779310 23.112600 14.137500 
1312 2 4.656910 21.062000 14.157600 
8 2 7.546560 18.830200 24.696500 
662 1 8.291540 15.503000 22.577500 
956 2 8.730640 16.196300 22.774200 
132 2 12.989000 17.399200 21.956900 
1694 1 2.194700 18.434500 16.093000 
1145 1 12.361100 14.089300 16.132700 
213 1 11.063100 16.980000 18.716600 
1328 2 10.655400 18.274900 25.190500 
1385 1 13.253400 16.564300 23.945400 
607 2 9.337500 19.079400 21.416700 
880 2 9.565090 14.069400 26.533700 
1671 2 7.757980 15.492600 22.408000 
573 1 6.407280 15.004900 19.879500 
280 2 4.542420 22.406200 25.278400 
284 2 0.228517 14.589200 17.053300 
1781 1 10.936800 23.796000 17.265100 
537 1 6.480800 23.066400 23.058500 
1205 1 11.116100 14.068300 22.741500 
1552 2 10.690500 21.249300 16.981900 
35 2 8.859240 23.866600 22.182300 
1738 1 1.561930 15.273800 19.255600 
64 2 1.773120 22.109600 26.320800 
790 1 5.440430 17.491900 24.108700 
1984 2 9.787760 25.267900 25.969700 
1135 2 12.799000 20.436900 19.248200 
1240 2 11.818200 20.629200 19.353600 
1014 1 13.166200 18.027100 18.456100 
482 1 8.682530 19.795100 26.504300 
542 1 1.102960 15.514500 21.543500 
982 1 10.890000 21.610000 17.483000 
1784 2 2.432100 24.960300 25.802600 
621 1 12.816500 18.456500 14.915100 
1513 1 8.063090 21.593300 24.206400 
1842 1 3.946520 13.603400 18.499900 
427 2 13.106400 17.417100 18.509700 
1225 1 8.542310 13.412300 25.668200 
498 1 4.154780 15.407900 21.735800 
1592 2 9.916720 18.809900 16.879200 
540 2 8.712970 22.399000 18.643800 
410 1 11.221300 18.759100 25.904100 
1678 1 9.808040 15.976100 14.107300 
1759 2 6.117000 19.236500 19.384600 
1915 2 10.401000 18.627000 26.078400 
830 1 0.520276 25.564300 14.396500 
1827 2 5.350890 17.026200 17.429100 
863 2 7.585500 20.157800 26.125700 
1352 2 0.395221 24.867500 21.330400 
725 1 8.220310 20.449400 14.263000 
468 2 12.355000 24.390100 19.760300 
1441 1 7.918300 26.010200 19.867200 
273 1 13.040300 20.699900 24.093600 
1868 2 1.231750 19.002100 20.050400 
762 1 5.847870 18.096700 17.445300 
1627 2 6.683450 22.227900 14.133500 
670 1 5.221340 18.784700 18.218800 
1861 1 8.134720 13.227300 18.513900 
231 2 2.016790 24.468700 17.461100 
494 1 1.126410 18.855100 19.730800 
1790 1 4.682580 24.777500 22.837600 
157 1 2.658870 13.546800 26.330200 
1674 1 1.479000 18.131900 17.888800 
933 1 9.880160 22.956600 15.089100 
1084 2 6.861990 22.252700 14.066500 
1201 1 3.498930 18.342800 19.048200 
1410 1 1.558280 22.572500 14.654100 
763 2 0.374324 23.541600 25.588500 
1199 2 4.254210 23.562600 22.373700 
80 2 2.824680 19.304200 26.441800 
1509 1 3.743480 23.178000 25.761800 
147 2 4.195980 18.745600 22.991600 
689 1 11.192900 19.777600 18.533900 
188 2 11.618600 21.966100 24.999400 
279 2 8.797910 13.907500 15.093900 
1907 2 4.439360 25.521200 24.825800 
1848 2 4.445760 25.733900 25.205300 
1021 1 2.363720 25.181400 25.757500 
47 2 12.123300 13.614900 15.652400 
834 1 5.285420 19.638200 14.255700 
467 2 0.947150 21.674500 23.078000 
1134 1 13.052500 20.070600 13.777800 
276 2 3.105910 16.301400 23.516200 
413 1 0.790057 17.542100 23.345700 
1051 2 11.714100 24.566200 22.039100 
1629 1 7.193240 16.642400 14.167400 
1023 2 10.336400 13.642800 22.858700 
137 1 1.422320 22.005100 23.384000 
464 2 3.756430 18.647800 13.568800 
1162 1 0.270570 23.897800 13.583100 
1128 2 8.865770 25.942700 13.709800 
22 1 10.812100 24.400800 13.697800 
1081 1 23.241300 0.049744 1.372960 
1767 2 20.650300 6.586940 10.953300 
1645 1 21.540300 8.162860 5.630220 
1008 2 24.432000 8.917780 7.967300 
1338 1 14.743400 7.628660 12.803000 
839 2 18.540800 0.284508 12.602800 
1257 1 18.452800 7.559680 0.203541 
889 1 20.153500 3.905300 12.173800 
1720 2 15.951500 12.554400 12.707000 
158 1 17.079400 12.773500 3.420260 
667 2 19.792300 11.621600 1.053540 
1783 2 23.952100 5.555530 5.549450 
1142 1 20.649300 6.197130 4.731290 
840 2 14.727900 13.254700 2.644550 
1395 2 23.317400 6.735350 9.699500 
161 1 18.877800 1.636040 8.448300 
164 2 19.984000 0.904983 11.597700 
920 2 18.415600 9.336990 5.778250 
1817 1 23.623600 10.690600 9.987300 
969 1 16.189400 9.448770 9.904980 
908 2 24.668300 5.269220 4.036600 
490 1 20.402000 12.343700 10.450000 
1628 2 22.643800 1.506260 1.377840 
803 2 17.014400 6.692450 11.455100 
690 1 16.426200 10.213700 11.948900 
1968 2 17.257000 12.071100 7.925940 
302 1 18.677300 12.484000 4.131610 
1929 1 24.318000 5.812110 10.420700 
1450 1 21.492400 12.629200 1.143080 
13 1 24.167000 1.072260 8.497460 
997 1 13.569900 9.649260 4.171930 
489 1 18.175500 7.351270 11.915200 
1208 2 26.234000 9.543290 5.168770 
1747 2 22.815400 7.300080 2.787020 
571 2 14.195800 2.034140 0.072860 
610 1 14.091100 6.517880 9.772800 
1458 1 20.024100 1.612030 5.391190 
247 2 18.678500 3.935370 5.933830 
208 2 22.404000 7.474660 3.859370 
1543 2 14.270800 3.800420 5.592990 
1471 2 19.852200 8.279400 1.143410 
1734 1 13.659000 12.342100 9.663600 
1659 2 18.837700 13.289300 0.173022 
1644 2 18.020400 4.607720 11.273900 
1306 1 16.605800 0.448819 10.770800 
86 1 16.319700 5.634790 1.880890 
1540 2 25.161400 1.081130 5.387640 
1702 1 20.639500 6.823530 10.664000 
274 1 14.727700 0.131401 4.710930 
779 2 23.679300 2.005270 12.398500 
1383 2 20.998800 7.831710 6.292200 
1485 1 23.541600 12.752500 10.118300 
375 2 16.814300 3.286450 8.426320 
1167 2 24.776900 5.428960 11.683500 
282 1 19.435600 0.496437 2.941860 
734 1 24.701400 7.943990 7.893690 
1640 2 15.164000 3.342030 4.643720 
214 1 15.291900 8.292450 2.011220 
1746 1 15.308500 0.674139 11.106800 
1612 2 17.275100 2.940000 7.527210 
1193 1 25.860300 11.964700 7.755660 
1052 2 13.437000 1.646580 1.082870 
862 1 22.720000 5.859550 0.792634 
151 2 14.993900 6.953310 7.012300 
1657 1 14.383300 2.517930 4.837630 
159 2 25.391100 7.497690 2.253860 
1805 1 24.029800 1.256230 12.645200 
1480 2 21.276300 8.255970 12.274300 
1505 1 20.678600 2.807350 2.356510 
1296 2 23.271600 11.806400 10.252200 
1040 2 22.797400 7.768720 5.381060 
1717 1 23.440000 6.893960 7.950980 
1779 2 21.328100 3.630960 2.840560 
337 1 22.481800 7.217370 3.073240 
940 2 20.587600 7.085230 11.666700 
1381 1 23.365700 4.597990 9.184390 
243 2 13.796400 9.124400 7.708350 
1844 2 17.999100 4.087220 4.515600 
1969 1 17.009100 11.423500 8.760330 
380 2 15.074700 5.419190 10.374100 
220 2 25.890000 4.599060 2.369470 
1594 1 23.775400 2.680320 3.739070 
505 1 15.057500 5.472470 10.286100 
1802 1 23.210500 3.231650 10.622000 
283 2 17.077500 13.230200 11.170400 
728 2 18.386500 13.154000 4.970060 
1507 2 15.925000 12.439100 2.967980 
1249 1 14.232800 2.917220 0.758156 
1345 1 16.035600 3.743450 9.591960 
499 2 15.377000 8.546310 1.890630 
710 1 24.101300 11.225700 3.522360 
1836 2 20.723000 4.670430 11.756600 
562 1 24.802600 4.819300 5.225630 
1768 2 23.366300 5.093920 9.133920 
1723 2 19.792900 3.068300 12.156900 
1793 1 14.200600 2.311550 12.786700 
526 1 22.225500 9.058620 2.742950 
514 1 22.325200 2.937680 5.990720 
1139 2 13.908200 6.220190 10.419200 
638 1 24.419500 5.680540 12.728500 
1966 1 16.691400 10.284700 3.225220 
1434 1 26.262400 1.414680 1.622970 
319 2 22.607700 5.109250 8.625530 
1908 2 16.922300 1.812000 1.581530 
992 2 14.842800 0.231638 4.731890 
56 2 23.988100 3.616870 10.661700 
1175 2 22.543800 5.899070 0.025769 
403 2 13.992100 12.166800 4.559960 
404 2 22.250100 6.898840 0.329289 
1547 2 22.186500 3.622980 6.097860 
761 1 17.251600 0.629308 3.559760 
1940 2 19.293600 1.463770 8.931430 
1878 1 21.945600 1.785150 8.036820 
1826 1 17.700100 6.888130 4.961390 
1405 1 17.676900 5.558530 10.577800 
1945 1 21.408500 4.165940 3.234640 
1675 2 18.446700 9.865640 2.189240 
865 1 13.537600 0.389747 8.955470 
219 2 24.002000 4.732760 3.574430 
1927 2 25.546000 0.306295 1.141090 
726 1 20.876600 10.785700 4.640910 
1230 1 19.455900 5.050190 10.866600 
1683 2 26.553000 1.145910 10.418900 
1150 1 21.817200 6.814510 11.749100 
1200 2 18.876600 1.154100 6.011630 
781 1 18.909300 4.727620 3.454930 
860 2 13.499300 13.044300 11.842000 
1047 2 24.761400 2.053100 7.001100 
89 1 18.308900 9.722380 10.529600 
1626 1 26.170400 8.656710 11.306500 
419 2 14.582900 7.174720 12.633600 
1985 1 15.678600 7.721010 5.167390 
1274 1 15.942500 1.916830 3.035580 
1166 1 18.306400 9.376100 5.817960 
831 2 15.953600 11.455400 7.428930 
1818 1 18.924000 12.814000 6.384780 
510 1 19.353700 10.001700 1.443720 
497 1 24.955400 8.694900 3.584590 
470 1 13.270700 12.902500 4.799830 
315 2 18.823900 11.017700 7.074630 
1630 1 16.209500 10.974400 1.020410 
1733 1 14.412100 10.519500 10.852900 
454 1 25.980000 10.062400 5.447860 
1524 2 14.396200 7.568730 6.142780 
944 2 15.540100 0.409095 9.916040 
1567 2 22.703800 9.637060 2.227810 
1699 2 14.817100 10.398900 11.490600 
1101 1 19.050300 7.250190 8.454770 
53 1 22.518400 11.881100 6.206930 
947 2 24.769000 8.047180 7.530850 
1107 2 19.954600 1.374090 4.017590 
1256 2 18.382000 6.488610 6.254980 
361 1 18.137900 3.939720 5.567910 
1136 2 18.979800 5.460360 1.483950 
1154 1 15.046000 3.918780 5.568950 
1999 2 18.249700 8.463460 8.837810 
1382 1 22.991500 2.645520 12.807200 
458 1 14.942500 12.201000 2.995270 
478 1 25.659700 7.171530 2.925110 
1797 1 23.324600 7.000790 5.469500 
316 2 17.039500 1.927970 12.543500 
1316 2 23.382900 10.485200 2.437140 
1252 2 23.856600 3.128620 5.373730 
118 1 15.538000 6.841050 11.277200 
1934 1 17.219500 12.693100 10.497600 
112 2 26.356000 8.234050 10.273600 
1179 2 19.876900 10.991900 10.153800 
772 2 17.171100 9.524690 12.097400 
1500 2 16.169100 6.673660 3.644350 
381 1 24.516000 0.942590 5.714870 
1770 1 18.068100 1.044060 11.859200 
1843 2 21.724500 2.190200 9.908910 
292 2 16.233700 6.408070 0.474539 
828 2 16.851300 9.547580 11.027300 
1743 2 19.429700 5.808290 4.899130 
1814 1 15.953200 11.176400 6.430550 
1625 1 21.269100 9.970010 11.934200 
329 1 17.130900 4.632660 7.570190 
400 2 20.740900 4.277980 0.114484 
251 2 26.124100 10.584900 9.719210 
652 2 21.627500 2.434210 7.974110 
1138 1 14.831400 4.532920 4.648820 
1951 2 19.317100 1.132730 8.220510 
1557 1 15.784600 2.026790 0.167816 
847 2 13.786300 5.288910 2.543410 
712 2 24.231000 0.144430 7.828120 
216 2 16.005900 6.636580 8.255980 
1982 1 17.670000 2.788940 7.467390 
1086 1 16.132600 6.381980 7.281970 
663 2 19.701200 12.612300 4.392370 
961 1 15.644400 12.199400 13.071700 
1526 1 17.240300 7.234630 3.061910 
967 2 15.737500 0.630187 11.242900 
620 2 22.441000 6.214640 6.964650 
1302 1 21.677500 2.692490 9.606310 
796 2 22.167300 12.330500 6.439790 
1487 2 25.451400 9.993070 4.280160 
1451 2 16.819100 7.169090 4.372410 
1000 2 24.656000 8.943740 12.721100 
1415 2 17.274500 12.424400 10.517300 
912 2 20.345400 4.890980 3.733070 
1492 2 25.223800 7.835990 2.477730 
1404 2 13.753500 3.113720 12.528300 
808 2 20.389000 0.929570 3.273670 
228 2 15.338400 10.300700 3.105410 
1621 1 19.563700 8.891100 5.486320 
1904 2 19.077600 11.040300 0.381969 
617 1 26.230600 7.384300 10.497700 
605 1 25.634800 7.424310 1.040100 
303 2 24.735800 13.074500 6.955980 
1689 1 22.887700 9.164030 10.301400 
1318 1 22.830900 12.429600 12.589900 
574 1 25.187400 5.821890 0.662245 
163 2 22.578100 10.047100 10.989300 
437 1 14.515200 7.528570 6.983290 
524 2 19.775000 7.419810 8.923250 
700 2 24.536800 12.511200 12.939300 
1071 2 24.469300 2.373600 3.868580 
1961 1 19.700000 4.697460 7.256390 
1771 2 22.596400 11.895700 4.798790 
1664 2 14.156700 1.554910 5.623940 
841 1 19.783900 2.397790 12.763500 
1110 1 16.863400 2.966350 12.300300 
1660 2 17.036500 10.505200 2.756580 
1057 1 20.650100 7.831220 1.029180 
121 1 24.400900 5.674640 3.138010 
1799 2 14.550100 1.292140 5.256440 
1637 1 25.927300 8.113620 5.558640 
420 2 26.292300 11.095900 9.147190 
1122 1 23.142400 5.028560 5.129590 
1265 1 20.323700 0.668264 10.313700 
1214 1 21.756800 6.140360 8.270070 
665 1 21.529600 4.282620 1.613320 
1512 2 14.976100 6.072260 11.282200 
1942 1 23.409400 13.237300 7.031390 
1710 1 24.920100 2.469550 6.312380 
1254 1 14.969200 4.607140 13.145100 
793 1 13.825100 0.619466 5.861460 
358 1 23.224200 10.043500 1.744400 
1483 2 16.807000 3.981910 11.883200 
241 1 13.864500 1.571940 0.107135 
277 1 23.456200 12.570900 1.131320 
1039 2 16.584500 1.511930 0.986376 
1005 1 25.806100 11.824800 13.120900 
1736 2 15.314400 0.178619 13.171100 
1615 2 23.860700 6.702440 14.328700 
1066 1 22.975400 2.722330 21.734500 
1466 1 16.964100 10.669700 23.093700 
1053 1 19.005800 10.605100 17.333700 
804 2 19.515400 11.461200 21.366100 
1344 2 25.821700 12.731300 21.336800 
1602 1 20.000100 3.095930 24.646300 
714 1 23.735800 10.689900 15.714400 
148 2 17.954900 6.224250 14.599300 
126 1 13.758300 12.261200 15.779600 
816 2 13.986300 4.521940 26.346700 
633 1 23.772100 7.771140 13.548200 
5 1 15.095800 13.295900 25.184000 
1390 1 21.595500 6.238770 14.998000 
24 2 22.448300 5.737650 18.415500 
1411 2 17.373900 1.735740 16.879500 
1555 2 23.434600 3.980730 14.593200 
1582 1 23.724700 3.720570 15.283000 
1076 2 13.327300 3.363700 16.904700 
811 2 20.822200 0.273769 24.530400 
1301 1 19.829800 4.924390 24.722800 
102 1 24.068900 1.145640 23.384700 
1343 2 22.213800 10.311900 23.819700 
696 2 24.930800 2.056100 23.119900 
345 1 19.607600 10.844800 14.027500 
1879 2 17.249200 11.315500 14.038900 
618 1 17.260300 12.859800 20.003800 
1315 2 19.450300 9.367980 19.063100 
31 2 23.610900 7.574020 17.117200 
1089 1 24.595000 6.037320 23.082700 
1376 2 16.288100 2.962730 25.836500 
1525 1 25.378400 0.732087 17.416900 
1584 2 18.469800 7.654530 20.219800 
1400 2 19.033600 3.619770 13.995300 
1641 1 18.234000 5.784330 14.036500 
1589 1 18.790800 11.155900 26.582900 
958 1 18.766700 0.830623 20.286800 
1438 1 14.045000 10.174900 15.934200 
1611 2 18.269500 11.523900 22.228700 
518 1 14.425200 6.502140 25.566700 
1218 1 22.812500 0.563497 24.888200 
671 2 14.190500 11.307400 26.246500 
721 1 24.883400 9.326010 15.805700 
106 1 21.044800 9.911560 16.456200 
687 2 15.244000 11.064000 16.677100 
1959 2 18.927100 11.145500 19.530400 
1054 1 17.115100 7.964580 18.215800 
1563 2 20.128000 5.511430 14.998600 
1171 2 23.113400 5.335450 17.558900 
809 1 15.614900 7.523010 15.871500 
465 1 25.112700 11.789700 25.393400 
501 1 14.955500 12.962400 19.888500 
749 1 15.768500 11.855200 21.090300 
1718 1 20.803600 4.590120 13.971200 
1571 2 18.266700 2.739100 24.545800 
1688 2 13.298300 2.060290 18.797900 
561 1 17.599300 0.919202 24.056700 
1042 1 13.937500 4.379800 14.449200 
412 2 15.671500 8.294110 23.952500 
978 1 20.352200 12.306000 25.083500 
378 1 21.767300 9.807040 23.773100 
868 2 17.706500 0.989816 18.651500 
309 1 23.380800 5.643840 17.529800 
1182 1 16.901800 11.463000 15.998300 
65 1 23.926900 5.761800 19.531400 
272 2 14.373400 12.596900 16.052000 
866 1 23.040500 5.109530 22.941700 
1421 1 14.372300 5.892390 18.623000 
1888 2 21.874500 8.282220 19.930500 
1002 1 23.909900 5.606200 25.487300 
883 2 21.720600 10.509800 17.675700 
708 2 25.335100 2.778620 18.673000 
1538 1 16.082800 5.243840 19.005900 
692 2 16.209600 8.987290 18.156100 
166 1 23.944400 8.369840 21.361700 
28 2 17.633600 10.764600 18.929600 
1548 2 19.591400 3.087470 24.742700 
592 2 19.457900 12.410000 23.861000 
1724 2 25.770900 10.748900 25.800000 
90 1 16.370500 9.949670 14.781000 
1321 1 24.634400 2.864060 15.427000 
1886 1 18.490300 3.080340 14.496900 
767 2 25.040700 2.666650 19.202000 
1757 1 20.705900 11.902800 17.112600 
1943 2 17.963500 5.007410 18.430700 
194 1 18.628500 7.679590 17.758700 
788 2 23.006000 2.187270 13.416400 
596 2 23.003900 1.099740 19.871200 
327 2 14.546200 5.482380 18.266700 
377 1 24.215600 7.944720 18.879600 
845 1 19.435200 6.375720 16.030300 
606 1 15.073500 5.200220 21.869600 
1926 1 20.201800 3.395690 21.800000 
612 2 16.787700 3.268120 19.863200 
1859 2 26.186000 2.029300 23.274000 
543 2 25.223400 13.084000 21.032700 
955 2 16.856100 5.089180 23.951300 
669 1 26.168800 3.732900 23.648400 
1117 1 19.771400 0.762008 17.267000 
1075 2 17.268700 8.185410 17.617000 
973 1 18.938800 7.840500 24.026300 
165 1 17.724900 6.019630 19.856600 
288 2 15.267000 5.353460 20.561000 
1264 2 19.621500 4.068850 21.467600 
707 2 23.591200 2.321630 21.898500 
1463 2 21.306400 6.447680 22.761000 
1346 1 25.633400 9.122740 23.486100 
1409 1 25.264400 12.785600 16.490800 
1506 1 14.679800 8.008960 21.121100 
1369 1 15.412900 1.593580 20.824100 
894 1 21.877300 2.603160 18.591400 
332 2 25.672900 9.840190 16.027800 
1894 1 22.425000 8.933870 19.669200 
1892 2 16.945900 11.373500 16.567000 
435 2 20.421000 3.845790 17.417700 
1914 1 20.743700 12.812900 13.731100 
774 1 21.396500 0.725216 23.722400 
96 2 14.873000 0.522910 21.052100 
659 2 20.078800 4.480690 25.323900 
477 1 14.552400 3.955730 16.827600 
1484 2 19.401500 8.700350 25.363000 
1610 1 15.644700 8.255140 23.606000 
1819 2 14.555700 7.609210 20.940500 
727 2 19.642300 7.637970 15.821200 
1177 1 21.781400 12.715700 23.087900 
864 2 22.077100 5.896100 14.518800 
201 1 22.717400 0.652673 20.368300 
1816 2 21.276900 6.071160 23.317800 
1795 2 21.964900 12.742600 23.214700 
513 1 16.389200 5.628250 24.485200 
484 2 25.357100 0.499096 17.704200 
846 1 25.250600 3.018790 18.429500 
1804 2 21.362800 2.522840 18.331800 
1962 1 20.284200 1.387450 18.719700 
29 1 24.478200 5.958510 15.176000 
469 1 19.904700 3.102380 18.777700 
1873 1 23.662100 7.886660 16.738500 
1639 2 23.257600 9.602940 20.970600 
193 1 22.864500 6.955870 17.031500 
506 1 18.288300 4.338840 16.013800 
1599 2 23.607100 7.844160 19.039700 
1386 1 20.540100 8.822700 19.542000 
1358 1 21.597200 11.429600 18.487200 
444 2 19.963100 4.734370 17.082700 
1469 1 24.736400 12.159000 20.472800 
1656 2 23.988900 4.794120 21.943600 
1368 2 24.477300 12.795500 17.973100 
1291 2 15.973900 3.989650 19.701400 
731 2 14.718700 4.049020 17.292400 
125 1 19.294100 12.172800 21.513500 
535 2 19.072400 0.640969 22.041500 
745 1 23.719300 3.369170 19.816200 
1981 1 25.721900 1.727480 23.107300 
653 1 21.013000 4.202300 17.224200 
459 2 25.551300 7.322030 22.893800 
1313 1 17.921300 11.763400 24.159100 
1860 2 17.223600 9.894300 14.740700 
119 2 22.596900 0.607764 21.217900 
1967 2 23.582300 5.022020 22.630700 
1970 1 20.876000 5.049050 21.924300 
246 1 13.981300 9.045590 20.134400 
1327 2 24.636900 3.778790 19.111000 
705 1 17.597600 5.191040 23.929700 
1440 2 21.566100 12.467100 23.545600 
1917 1 13.247500 3.637770 22.398900 
849 1 20.504000 6.454260 18.105900 
364 2 24.428500 3.390850 15.313900 
1210 1 19.828600 12.716600 23.995400 
1233 1 17.356500 11.378300 14.180500 
844 2 22.584100 12.727600 15.237200 
1295 2 20.420300 1.459150 18.569300 
1517 1 17.365700 9.368280 21.711900 
858 1 16.488300 3.026930 19.468700 
1153 1 23.087800 11.559800 22.820300 
418 1 18.572300 10.597900 20.954200 
1643 2 20.827100 3.971440 21.211500 
23 2 20.796900 7.202110 18.989800 
1159 2 25.866500 12.859600 21.312700 
1701 1 19.738000 11.304400 23.118100 
452 2 17.113000 8.871660 21.376500 
1697 1 17.029000 3.830950 24.591400 
236 2 13.649600 9.806870 14.969400 
1624 2 20.502100 10.979300 16.817300 
256 2 15.551500 7.286770 15.287900 
195 2 14.976500 1.463250 21.200200 
1379 2 17.810700 6.382570 20.195600 
1087 2 17.903400 4.533900 13.688100 
1102 1 16.418200 1.363480 13.595200 
1093 1 22.649600 8.197350 23.350800 
115 2 14.256800 10.974900 14.723500 
1696 2 23.169300 7.904330 23.970700 
775 2 19.772000 11.937100 24.096700 
1648 2 24.789700 8.116140 19.883700 
1475 2 14.729200 12.756600 20.244700 
859 2 24.421500 9.716230 15.766000 
1573 1 15.695100 9.374020 23.270200 
1535 2 15.825000 1.637710 14.328700 
522 1 16.505800 10.268800 17.887300 
1741 1 13.895300 1.453810 17.482900 
229 1 17.855100 4.653860 18.376500 
259 2 25.446600 13.005800 16.904100 
716 2 16.825500 5.345990 17.438100 
1183 2 15.566600 7.455560 15.087600 
324 2 23.415900 7.922060 16.918600 
1432 2 16.690500 5.202700 24.065700 
970 1 15.998100 6.951210 14.800700 
833 1 15.828600 4.752590 20.033300 
1716 2 19.282200 -0.008302 14.351400 
1188 2 17.445100 10.554500 23.074300 
684 2 25.302000 9.595690 23.183800 
1399 2 15.628900 9.118260 23.841800 
1912 2 14.008700 10.981000 23.681900 
1811 2 14.731100 6.639110 25.395000 
1596 2 22.356300 0.550355 25.166800 
1468 2 19.991200 10.577900 13.954400 
861 1 21.391600 6.802800 23.586600 
1226 1 15.299700 8.909530 18.370300 
481 1 26.032400 7.310210 20.304300 
1448 2 15.867000 11.048900 21.478100 
1651 2 19.217100 7.880060 23.382900 
530 1 18.073700 7.843620 20.867100 
1305 1 20.970600 8.372920 22.192000 
1755 2 20.389500 0.661289 17.944800 
688 2 24.909300 6.784910 16.322100 
245 1 19.558900 8.259950 16.126200 
1088 2 14.410800 8.607730 20.412800 
914 1 22.426600 6.932410 19.136400 
360 2 22.197400 8.979390 23.371500 
1248 2 19.336500 7.463740 17.277600 
1058 1 17.368900 1.679490 17.145200 
873 1 14.148700 11.448900 24.692900 
1919 2 24.674100 5.751680 25.971600 
480 2 21.575400 0.554932 17.083500 
818 1 26.211400 13.115600 21.412400 
354 1 15.989600 0.333372 15.434400 
600 2 14.902700 5.256840 14.006700 
642 1 15.766600 13.109800 23.653600 
1096 2 24.697600 0.162623 14.229400 
629 1 24.665700 0.211256 14.329700 
1958 1 17.882200 0.045920 22.740800 
1773 1 22.540700 6.955930 26.462100 
702 1 15.723200 6.106830 13.530600 
949 1 13.762000 4.050920 26.277000 
1363 2 21.396300 12.037900 13.390300 
1921 1 17.845800 2.331180 26.437700 
1220 2 15.227300 24.218400 11.821000 
1235 2 16.849300 21.391900 0.642205 
1606 1 15.953900 15.914100 6.971750 
211 2 17.018400 15.746300 6.518420 
1565 1 16.446900 21.795600 6.950940 
1242 1 14.767000 15.306000 1.377090 
336 2 25.139800 13.340300 3.589820 
386 1 15.267500 25.140600 11.274100 
1356 2 16.504400 16.892800 12.716400 
551 2 18.907000 16.248900 2.281840 
729 1 23.075500 20.274200 4.862480 
110 1 15.321700 17.244000 2.219980 
1895 2 18.786100 21.201000 11.559800 
267 2 21.949000 14.736200 6.027630 
21 1 21.270800 19.958000 10.003900 
38 1 14.061000 24.466300 9.591010 
1294 1 25.714500 15.517500 11.946800 
1341 1 20.492400 14.845700 0.849418 
718 1 23.282300 20.134300 8.647680 
770 1 20.025400 26.494500 8.022230 
532 2 19.997900 19.723500 4.253170 
390 1 25.695700 19.205600 10.987500 
784 2 19.068000 20.148000 8.712430 
1364 2 16.289700 22.039900 6.496120 
1144 2 26.262200 14.882800 12.190800 
1126 1 24.851800 21.189800 9.587300 
25 1 19.190800 17.336300 9.109170 
1104 2 25.417400 16.754300 4.619230 
548 2 15.384100 19.085600 9.005010 
1523 2 15.515000 24.643700 12.452400 
264 2 22.236100 13.428400 2.588050 
1219 2 14.461300 21.298600 1.460000 
611 2 18.718800 21.411700 2.666170 
235 2 19.186000 25.411000 9.555460 
520 2 23.594700 13.398900 0.193021 
1682 1 21.007200 16.721100 4.854910 
1909 1 15.723400 25.873600 3.263260 
954 1 19.139200 22.642700 9.551090 
1314 1 20.813800 20.755700 3.596040 
1403 2 19.510500 16.121800 10.316100 
722 1 18.924500 22.542600 12.283600 
1378 1 19.250000 26.435800 5.429890 
1798 1 25.992600 24.038400 8.192720 
1309 1 15.244900 18.088800 6.427520 
739 2 15.308600 26.035000 3.662680 
198 1 21.915400 22.884700 6.767070 
922 1 25.128700 24.099100 9.269170 
795 2 23.937000 26.437500 8.413850 
430 1 26.051600 13.838400 1.905150 
383 2 15.121600 13.985700 2.045110 
837 1 19.037900 13.440200 0.621407 
1461 1 19.531700 19.806800 8.433080 
1730 1 24.645800 23.111300 6.499510 
529 1 23.886700 26.418100 10.959400 
1048 2 21.735700 23.924600 7.670130 
527 2 26.311200 18.465400 2.593520 
11 2 18.604200 18.633800 12.400400 
766 1 25.811900 26.302400 1.633570 
570 1 19.247600 17.434800 12.299300 
457 1 22.500000 13.902200 2.564550 
278 1 25.147400 21.692600 6.212110 
1532 2 16.671200 17.665600 6.626660 
260 2 13.125100 15.304000 5.634450 
1646 1 14.459100 18.967000 12.168700 
1050 1 25.205700 19.104100 5.377680 
579 2 22.883700 25.560000 3.496030 
441 1 22.035300 23.973600 2.041060 
1197 1 25.556400 15.593700 5.684730 
1357 1 18.880300 15.736600 10.347100 
1380 2 25.282000 24.394100 8.498070 
656 2 13.995100 21.134400 2.736220 
515 2 18.666600 17.735000 7.776940 
1194 1 15.562900 19.045700 0.590653 
149 1 24.268100 25.621600 3.782400 
206 1 17.681600 25.335500 9.645590 
815 2 20.201300 20.620200 8.436720 
820 2 21.717200 16.053000 4.868040 
614 1 17.600400 19.843800 8.037400 
1510 1 24.041100 23.236400 0.756474 
568 2 21.372000 15.321200 10.268100 
744 2 22.492200 18.450800 12.587800 
493 1 22.121000 14.984000 6.327030 
1348 2 21.203600 17.093800 2.025160 
207 2 24.654900 14.127100 11.553700 
1476 2 25.680800 16.970800 12.198900 
1123 2 14.836900 26.131800 3.492030 
322 1 16.820100 13.986800 12.780400 
757 1 13.585100 19.920800 1.393430 
1537 1 18.011900 24.722900 6.738640 
1800 2 24.491300 20.836500 13.098600 
1063 2 22.637100 17.576600 6.668370 
167 2 24.464500 13.983000 12.283100 
1365 1 13.536600 16.684400 11.817100 
951 2 22.297700 23.616800 12.271800 
899 2 26.479100 22.599600 3.748530 
742 1 15.242800 18.287900 8.507480 
748 2 21.962000 24.447700 11.536400 
1583 2 16.254600 16.331900 10.135900 
1681 1 25.400200 16.621900 9.438470 
393 1 16.557000 22.849000 5.952530 
836 2 13.755000 16.963300 11.775100 
1672 2 18.078000 22.485500 3.052590 
476 2 19.075000 16.441500 5.787780 
968 2 13.248800 19.504300 4.222740 
564 2 21.078400 20.718000 10.281500 
1863 2 18.384000 18.671600 1.733770 
666 1 20.893500 16.997700 3.039950 
1501 1 19.524600 14.202100 11.961200 
842 1 21.064200 22.095400 10.269300 
545 1 21.614500 17.427400 10.275500 
227 2 21.128900 23.591400 7.127340 
1038 1 18.191500 16.186800 2.455890 
855 2 14.912600 19.693100 11.795500 
33 1 17.152200 17.581500 6.161100 
829 1 22.405600 17.585300 12.533700 
1931 2 21.606800 17.670600 11.921100 
320 2 20.557200 24.495700 3.691190 
1387 2 17.533500 20.114600 8.647010 
990 1 14.448300 14.222100 9.653920 
717 1 18.448100 14.017500 9.133410 
36 2 16.607100 25.298500 2.369270 
1439 2 24.775200 20.008500 11.341900 
230 1 19.454600 23.363200 7.137250 
1445 1 25.026000 13.302100 12.995100 
353 1 16.174700 16.224200 12.394900 
17 1 17.938200 22.809300 2.960960 
825 1 18.787200 21.964400 6.790330 
401 1 22.595100 25.444300 7.095230 
1684 2 24.179200 23.705400 12.394300 
1482 1 14.864900 22.097600 0.750260 
935 2 21.402400 13.558600 10.668300 
286 1 18.979000 15.206800 5.854710 
1834 1 25.331500 17.106700 4.321800 
1172 2 15.845000 14.864500 5.937300 
1061 1 20.778300 14.211000 4.541830 
1303 2 25.934000 25.072700 9.047730 
475 2 22.327800 22.376800 9.286960 
1614 1 14.443300 19.690700 4.961120 
1224 2 22.116200 23.781400 5.290840 
67 2 26.392800 16.358700 11.816900 
1298 1 15.790200 20.118400 10.202800 
1282 1 17.022800 24.749800 1.209950 
1007 2 24.702700 22.938600 6.054190 
1572 2 23.554600 15.286000 11.358400 
342 1 17.918200 21.338700 0.163340 
365 1 14.719200 15.243000 3.362240 
312 2 26.179700 19.813600 4.194050 
1026 1 22.560700 17.334600 7.039590 
1756 2 13.303700 17.696400 5.121830 
814 1 25.303200 17.916200 8.220840 
1991 2 13.585000 16.829200 12.064900 
1281 1 15.956700 14.429400 5.917940 
1531 2 19.093400 22.076200 6.406190 
916 2 18.313300 25.085700 6.669340 
1494 1 24.510000 17.331600 7.517280 
1259 2 21.932400 20.028300 3.458140 
559 2 22.416400 24.435400 0.483747 
496 2 17.644100 21.286100 0.737331 
1652 2 15.628500 16.475900 2.406380 
1198 1 25.298100 16.616400 2.835740 
1562 1 14.207600 22.508600 7.167970 
1115 2 15.124400 21.861900 4.711110 
1037 1 19.383600 18.553400 4.989280 
443 2 25.625000 18.175100 8.707980 
1447 2 16.280800 22.591700 6.481600 
178 1 18.678700 17.780300 7.697480 
554 1 21.453200 18.594800 1.526650 
55 2 15.362200 17.458600 2.482580 
1137 1 16.188500 25.765200 8.367260 
1667 2 13.483500 15.669800 5.878030 
651 2 15.919600 25.517900 8.112060 
1622 1 25.612400 13.651200 5.312370 
972 2 23.752200 26.260600 11.218000 
344 2 18.832100 13.614300 4.123610 
1712 2 24.637100 22.837100 6.552390 
664 2 17.851800 25.372500 9.985080 
1605 1 15.595300 22.743300 11.432600 
1366 1 24.116100 21.193300 3.541320 
1255 2 22.666700 26.103100 11.101300 
1957 1 22.702600 18.373000 6.482390 
1420 2 14.440200 15.267100 9.962910 
704 2 14.040300 23.869000 7.733190 
905 1 13.327400 15.874700 6.044920 
531 2 21.671700 21.562400 1.173290 
176 2 15.016600 22.019600 9.551420 
1160 2 14.943800 18.302400 9.666460 
936 2 18.870100 22.064200 6.920210 
583 2 21.831700 16.861400 2.231140 
1849 1 15.647100 21.465300 4.959750 
1362 1 22.821500 22.803100 8.302870 
1837 1 19.493600 19.334500 12.010000 
576 2 24.165900 21.177000 9.159950 
1012 2 23.217900 18.592200 7.024200 
451 2 23.830300 20.267500 8.566310 
695 2 14.486100 20.696900 3.136840 
1013 1 16.605200 16.169600 9.879010 
357 1 22.164400 23.104100 11.956600 
1470 1 19.523700 25.369200 9.125400 
1157 1 25.450700 15.299000 10.160700 
460 2 24.865300 16.853200 7.014700 
1680 2 19.891700 17.648700 10.362500 
994 1 19.458200 23.847400 4.624080 
1025 1 15.549800 16.871600 5.089310 
72 2 23.447800 21.338900 0.558382 
1260 2 24.788100 25.075400 3.729890 
732 2 18.678800 16.573900 9.449640 
1725 1 17.118600 20.513100 1.315440 
1474 1 15.057100 22.274500 9.505880 
1397 1 22.546900 26.166800 13.386000 
1515 2 19.678100 17.883300 5.244600 
114 1 22.354900 23.943200 5.130540 
411 2 20.089200 25.055200 3.716770 
1695 2 25.286900 16.078600 8.243320 
120 2 25.532500 13.916400 6.639770 
1533 1 20.531800 25.435400 3.400720 
1704 2 18.257500 22.323300 10.928200 
1481 1 18.553200 20.751000 9.671360 
1585 1 17.476900 18.709400 12.711900 
1989 1 18.329800 21.620500 3.461740 
1095 2 22.099900 13.309600 0.967137 
1216 2 23.605200 20.742000 4.656010 
711 2 25.040700 19.507300 5.427720 
1924 2 18.180100 13.793500 10.382900 
675 2 18.851100 24.815900 6.341520 
1279 2 15.750800 17.914800 5.847270 
981 1 13.972500 21.414200 1.751930 
1017 1 24.532800 25.713800 8.220680 
965 1 21.742200 14.927100 11.239600 
81 1 24.421000 20.116800 12.087100 
1635 2 15.878500 23.146800 9.957840 
192 2 15.535100 19.393700 5.885010 
189 1 22.038500 26.265800 10.554300 
1010 1 25.545500 25.548200 3.836100 
1993 1 23.228500 14.607800 11.990500 
1272 2 19.609600 14.036800 0.540748 
735 2 25.820400 16.676500 4.384770 
1854 1 15.720700 25.270800 12.765500 
549 1 22.405500 21.437500 0.700154 
957 1 19.469200 17.636200 1.262320 
1202 1 26.245700 26.315500 9.671430 
1231 2 26.375400 25.595200 3.272840 
1698 1 13.733700 16.079800 9.749170 
1634 1 26.246100 13.933200 7.927370 
1869 1 26.013500 20.388700 12.698800 
221 1 24.793700 24.418300 13.014200 
1 1 19.231600 26.399000 13.149800 
1486 1 15.872200 23.604300 0.011307 
995 2 18.805100 23.110900 0.195123 
983 2 18.288300 23.349800 13.148800 
223 2 13.749400 16.734500 14.478500 
1416 2 23.888400 26.011500 22.125200 
99 2 18.043900 25.210800 16.050200 
977 1 24.447100 21.673100 19.162600 
123 2 24.405200 21.831400 25.256300 
898 1 19.629600 26.784000 25.437000 
1617 1 18.752800 23.971000 14.302600 
1036 2 15.653200 24.343600 22.616000 
888 2 20.585600 24.227400 21.494000 
59 2 16.159500 15.621900 19.456900 
1601 1 15.180200 25.385100 24.975400 
1502 1 21.594100 18.908600 21.575400 
1791 2 16.218400 23.858800 21.085000 
321 1 14.649900 22.351200 15.671300 
18 1 13.341900 16.745000 14.162800 
853 1 15.196400 25.584100 16.722300 
472 2 14.001600 20.197400 24.105300 
1726 1 17.265400 20.931500 20.285000 
1769 1 25.510300 19.264100 20.596900 
94 1 19.512500 15.575700 20.422300 
1195 2 23.964300 15.109400 22.245900 
1342 1 17.003400 17.193600 13.601100 
202 1 15.621700 19.189300 19.820000 
455 2 18.581200 14.937900 13.524000 
1449 1 24.379400 18.632600 15.810700 
495 2 22.209300 19.688700 22.154000 
1148 2 16.343900 20.587400 22.283400 
594 1 18.252100 23.227100 26.057600 
328 2 25.237800 25.792200 25.013600 
1120 2 15.667100 18.838300 19.915700 
142 1 14.031000 19.100700 17.919400 
317 1 25.558300 16.282700 13.277700 
1319 2 23.148300 22.148200 20.548800 
1041 1 21.320200 21.048800 20.685200 
215 2 25.865700 19.079700 20.117300 
869 1 16.455000 16.341800 17.356500 
901 1 17.519900 19.510700 24.009100 
1133 1 22.743400 21.981000 20.938800 
523 2 20.799300 19.621900 16.169900 
1949 1 20.619600 19.652800 19.001000 
856 2 15.243300 13.203800 24.310900 
405 1 19.937300 24.042600 26.500300 
1275 2 23.159500 26.493900 18.500000 
1787 2 16.517700 14.108400 21.677400 
1785 1 19.047400 21.912200 19.662500 
62 1 21.313000 20.125500 25.652600 
1670 1 23.084100 14.868800 23.573000 
1668 2 18.892400 16.981100 19.696300 
1642 1 18.582000 20.152400 24.200500 
572 2 14.840300 15.939300 15.751700 
507 2 25.293600 18.096300 16.054100 
802 1 17.561600 15.046800 15.093300 
252 2 24.574700 21.389200 18.404300 
168 2 21.845800 16.374200 22.212300 
1977 1 23.387500 14.189200 14.902800 
519 2 15.179800 23.917500 26.457100 
75 2 23.628100 15.082000 14.860500 
1753 1 15.616900 23.352900 21.695600 
738 1 16.517600 23.661300 14.142900 
900 2 18.401900 17.418400 17.050700 
1097 1 26.272500 13.402700 24.038800 
1332 2 21.607200 21.028200 14.724400 
1011 2 15.754100 22.857400 15.488800 
1521 1 16.410100 14.753300 22.087200 
1880 2 22.190500 24.115700 14.662400 
706 1 25.189700 23.993700 20.420300 
1143 2 26.029100 24.732000 16.343400 
1960 2 18.174500 23.961400 14.043800 
1504 2 21.403000 19.183800 21.900400 
1561 1 20.570300 23.390100 16.680900 
838 1 21.754500 20.497600 22.491300 
348 2 14.659800 25.628700 14.825400 
1173 1 21.504000 15.493300 13.437100 
999 2 20.083100 15.339200 18.365300 
1838 1 17.188500 20.638100 14.556400 
108 2 25.283400 15.206600 14.863900 
1669 1 25.634900 20.459700 16.774200 
875 2 24.556800 16.078000 25.198400 
1776 2 21.366400 13.739700 16.828700 
575 2 16.056000 20.753500 17.790100 
1098 1 22.410600 15.992400 26.196200 
1980 2 24.762400 16.510900 17.772500 
628 2 14.425500 24.235500 25.511800 
1574 1 22.916500 23.528000 14.181500 
1954 1 21.873000 17.598800 20.044200 
806 1 24.864000 21.619600 24.561500 
1558 1 19.944700 18.896000 15.834400 
1875 2 19.556800 15.002300 19.229800 
265 1 14.790100 16.011400 16.042500 
1273 1 21.501200 15.249400 22.591000 
1824 2 18.070600 20.564300 14.418800 
225 1 21.012300 18.741400 22.821600 
105 1 26.187300 23.978800 26.140200 
1865 1 25.203000 16.887900 16.900900 
1650 1 25.461800 15.103400 15.251000 
1287 2 13.615900 16.454700 24.817100 
1335 2 25.896900 23.280500 16.541900 
426 1 15.180100 22.698400 19.702000 
1237 1 25.940700 22.053400 17.507300 
1493 1 20.579800 15.086600 19.232100 
54 1 18.917600 17.232900 17.118400 
1541 1 14.204800 24.246800 26.353900 
371 2 14.276200 25.457100 16.215300 
878 1 21.177600 23.823400 21.308400 
440 2 15.259400 15.223700 20.925500 
1979 2 20.699600 13.826700 16.195900 
658 1 18.773800 24.495100 16.631200 
1846 1 20.737900 16.230800 16.833700 
1508 2 22.700300 24.286000 25.760700 
128 2 21.959700 17.440200 23.331800 
1600 2 17.955100 14.520500 14.288200 
1923 2 24.487500 25.426800 13.598100 
1258 1 17.658700 13.778800 23.933800 
1812 2 20.932300 20.902700 25.350200 
1269 1 25.520600 16.557900 25.278800 
1603 2 19.013700 18.710900 15.754000 
1587 2 15.713300 13.217600 24.495500 
1388 2 21.448200 22.477200 23.626200 
14 1 17.220100 18.902700 16.529300 
1796 2 25.396500 19.315000 16.903300 
1015 2 22.751300 16.424700 19.033000 
1375 2 15.785200 16.480100 17.146900 
57 1 18.066300 22.959200 21.422900 
1293 1 20.783000 21.336500 16.585400 
950 1 13.802600 25.983700 20.427000 
601 1 17.772600 22.805700 18.644500 
1059 2 25.888300 18.134500 22.801100 
1841 1 18.617200 14.533700 18.310000 
485 1 14.774900 21.652600 18.074300 
331 2 15.980700 16.169700 14.501000 
1887 2 20.336200 22.834800 16.834800 
934 1 24.043800 25.744400 22.717300 
1140 2 20.840000 22.507400 16.892300 
1001 1 24.745700 15.733600 25.989800 
1899 2 20.986000 26.170200 14.410400 
1129 1 21.659900 21.970100 23.955200 
1155 2 21.877100 21.728500 14.518000 
685 1 14.125500 14.055600 22.399000 
1211 2 13.697400 18.079300 21.487100 
1030 1 13.535700 18.447000 20.893600 
369 1 22.855700 24.956800 26.128700 
155 2 21.415200 15.374300 25.192500 
1518 1 15.949900 15.108400 19.623400 
1705 1 24.829600 15.668800 22.232300 
1100 2 18.830900 20.405700 24.425800 
367 2 21.855000 18.225000 25.766900 
434 1 20.832900 24.982800 19.254700 
1186 1 25.414700 14.125300 25.815300 
654 1 21.561800 15.752100 19.146600 
786 1 21.326200 21.166500 14.665900 
1019 2 25.598900 15.462500 15.073600 
237 1 22.635900 26.657000 18.359800 
1690 1 16.080300 20.440700 22.562100 
287 2 20.715700 19.424600 19.324200 
1106 1 13.836200 25.518100 15.747100 
1285 1 21.955300 13.816400 17.324800 
632 2 21.579800 16.729000 16.195900 
1317 1 16.137300 21.302400 23.855900 
1815 2 23.938500 19.524100 13.708800 
798 1 24.160600 23.735300 16.832400 
382 1 24.099000 16.888200 18.020100 
1944 2 19.516300 17.915100 13.968100 
1735 2 23.115600 23.580900 25.703500 
907 2 15.185600 21.312400 18.302500 
1789 1 15.550400 16.736400 24.030400 
1974 1 16.110700 25.933900 18.313700 
1529 1 20.154400 14.213700 15.479000 
743 2 21.351100 16.098500 22.677500 
976 2 26.322000 13.517300 24.857900 
1588 2 17.178700 23.906200 17.242400 
45 1 16.218100 22.962000 16.489800 
913 1 23.574400 24.414100 23.889400 
197 1 18.188700 17.434600 22.592200 
1534 1 22.317900 23.307000 25.149700 
582 1 14.357900 17.429700 25.543900 
203 2 21.326200 23.912200 18.540400 
1022 1 20.747900 22.528300 22.608300 
1872 2 18.816000 22.140800 20.494800 
924 2 18.384000 26.124700 23.584400 
1729 1 26.464400 25.573700 20.463300 
1703 2 25.621400 16.112900 17.898800 
1436 2 16.426200 13.989900 24.362400 
1132 2 21.674900 21.273800 20.865200 
787 2 23.443300 26.620800 23.656000 
985 1 18.828600 20.771800 18.376000 
372 2 16.079000 19.888800 16.934400 
1325 1 25.983100 15.086200 18.373300 
1435 2 18.133500 18.574200 21.731900 
952 2 13.713500 20.832500 13.632500 
116 2 20.665400 19.492700 18.291500 
1807 2 25.438500 21.923900 17.895000 
1125 1 22.161600 20.371300 15.361000 
104 2 20.193300 16.255100 25.372200 
408 2 18.322800 21.068200 19.974100 
789 1 24.857000 14.477900 17.849000 
314 1 20.723200 16.408700 24.417300 
1034 1 13.873900 23.277800 17.565000 
925 1 18.238400 26.084900 25.588300 
1146 1 16.525000 24.199200 20.734700 
1995 2 17.790000 18.937000 23.704500 
4 2 25.859300 21.291600 24.575400 
1780 2 18.020800 16.567800 23.846000 
1371 2 15.416000 25.340300 24.050000 
242 1 18.581100 14.532300 26.085400 
631 2 16.007700 25.829500 19.044300 
619 2 18.321200 25.864100 25.999800 
1896 2 14.612700 24.468800 25.757200 
931 2 24.066200 21.665000 14.755500 
209 1 21.962600 16.872900 22.920500 
1077 1 16.170400 14.317400 24.741600 
588 2 14.123000 22.863900 17.445500 
755 2 20.747800 22.611300 23.699600 
156 2 21.102000 15.493800 19.343200 
144 2 15.800500 22.780000 20.015000 
1858 1 21.538400 18.370100 13.977500 
52 2 19.151400 24.907300 25.604400 
447 2 24.933500 13.288700 25.345000 
1068 2 15.079100 26.530900 17.838100 
234 1 15.185100 16.063100 19.895000 
984 2 24.642200 15.933700 25.735000 
627 2 16.164400 21.612300 23.620900 
1803 2 15.827100 16.796700 23.807400 
424 2 24.206300 24.477800 16.555500 
1498 1 15.316700 16.760000 14.590900 
921 1 25.293600 26.020800 15.030400 
1232 2 16.605600 14.268900 20.015900 
1955 2 18.378300 21.785400 19.513900 
1413 1 20.636300 17.780400 25.690600 
298 1 19.859700 25.739800 15.321000 
1745 1 15.583400 24.849400 23.345100 
1067 2 17.837200 14.347500 24.335500 
682 1 23.943800 21.797100 14.983000 
146 1 22.839100 24.627200 15.103900 
414 1 23.885800 20.029100 13.697800 
1638 1 13.505200 19.342800 26.242400 
512 2 13.872400 19.336800 26.187500 
736 2 21.597300 14.715600 13.714300 
1975 2 14.076500 19.123700 26.436900 
362 1 21.808600 21.311100 13.556100 
