id type x y z 
313 1 8.300050 1.657120 3.764910 
221 1 1.413020 12.621400 6.401710 
323 2 11.475200 10.009700 3.629510 
1975 2 5.329200 3.459810 0.976180 
1459 2 2.307520 9.568780 6.744030 
1750 1 6.830580 7.322580 8.353350 
1560 2 11.628900 11.329100 4.203870 
1619 2 2.811560 3.869000 5.871210 
488 2 10.729400 0.019576 4.142830 
1806 1 11.334000 5.586990 4.434080 
551 2 13.008700 10.963300 9.693670 
1475 2 6.703820 8.356240 6.162680 
62 1 7.480850 4.648230 5.941930 
1802 1 13.110700 8.002650 11.432400 
1831 2 10.563100 2.922250 2.099270 
107 2 7.662700 8.507200 11.292100 
353 1 3.249440 4.835140 9.081660 
1466 1 2.970450 0.313585 9.792970 
792 2 5.215990 3.998310 4.318050 
1977 1 12.686300 7.861590 0.829203 
356 2 2.155870 0.222487 0.448470 
1853 1 4.382670 2.113860 12.313400 
1916 2 4.924900 11.195900 7.359930 
1327 2 4.170700 12.789800 2.605840 
1295 2 10.858300 2.081850 9.386980 
1146 1 3.686570 6.140930 6.504800 
1284 2 4.089640 5.939610 7.306250 
658 1 3.509390 10.506800 8.640480 
1043 2 12.828200 2.087630 6.558110 
1225 1 8.420500 12.050200 8.150710 
1468 2 3.819720 10.191600 2.299330 
396 2 2.524080 10.131600 5.332430 
419 2 5.174400 1.382700 2.460350 
1434 1 -0.011785 1.606870 6.406010 
1540 2 3.639950 7.451650 13.302000 
1695 2 3.632150 11.640500 9.057290 
96 2 11.309600 8.806410 1.697600 
523 2 1.038250 8.960390 4.972860 
1069 1 12.629700 3.481040 11.335300 
772 2 3.643560 4.232400 1.725400 
1749 1 11.693300 10.571200 4.886470 
615 2 12.103200 3.221950 3.878680 
168 2 4.545780 12.001600 11.372500 
637 1 5.553760 10.635500 12.744300 
528 2 7.591920 7.901270 11.610900 
188 2 9.094370 10.880400 12.871700 
712 2 6.576670 8.370530 1.545130 
1214 1 7.389000 11.677000 3.720290 
346 1 0.647233 13.183400 6.256070 
1683 2 5.931820 3.573680 4.828060 
1572 2 8.973570 6.118910 7.580640 
227 2 10.136200 0.270433 9.108450 
245 1 1.857720 10.625500 8.712640 
1871 2 1.280960 5.807230 2.514370 
1538 1 0.336086 5.618690 4.157650 
275 2 0.939856 12.704500 10.787800 
1516 2 7.692480 3.805980 10.353300 
404 2 7.343940 4.551290 5.901240 
1006 1 8.423270 10.074000 7.227740 
702 1 2.768300 11.116300 12.172100 
391 2 6.590330 11.638600 11.188200 
1752 2 6.935200 2.566210 8.446400 
1494 1 1.140910 7.271290 9.944620 
1151 2 0.451619 13.137000 6.025170 
29 1 5.884810 8.411160 2.315690 
509 1 8.857930 3.238480 5.273100 
467 2 3.150760 9.588090 9.390140 
1243 2 12.045500 3.506070 10.847400 
234 1 8.093240 0.889745 10.810700 
1345 1 8.700890 10.136500 13.255500 
1621 1 4.907730 3.448690 8.611760 
90 1 5.263310 11.348300 8.246370 
40 2 2.485490 6.898400 2.999360 
131 2 1.767770 2.328350 2.049810 
258 1 5.906460 4.493630 4.761870 
914 1 5.823970 0.477347 2.117160 
1590 1 3.792170 1.792200 4.589910 
1011 2 10.956100 7.852830 9.239930 
468 2 1.543080 3.429660 9.308930 
1953 1 12.492800 10.956700 0.330622 
1265 1 8.184230 4.120570 12.820200 
1402 1 1.836400 6.001000 12.249900 
850 1 4.948950 12.904700 13.028500 
1023 2 5.216630 3.310520 8.080840 
920 2 1.317270 6.979650 1.380670 
1426 1 1.415660 13.229900 7.533670 
1790 1 5.036130 12.574800 1.728240 
1240 2 3.696000 2.979590 12.676800 
1155 2 4.439340 6.595700 7.163970 
825 1 4.782580 3.589160 4.573110 
263 2 4.970120 10.673400 12.243700 
218 1 10.442500 7.258440 9.963810 
33 1 5.401030 3.807620 10.180800 
1829 1 10.163900 6.090390 12.226000 
1980 2 10.149300 11.549600 10.240900 
1170 1 12.733000 8.940150 4.518730 
1865 1 6.566340 9.494510 5.249800 
854 1 8.631670 8.006020 9.974190 
939 2 9.562030 5.382210 7.702820 
540 2 2.203840 12.685100 0.175008 
967 2 5.709000 11.574100 8.097790 
586 1 0.355885 9.716460 11.732500 
1654 1 9.792470 4.791140 12.551100 
779 2 8.574090 3.536590 12.875800 
293 1 11.056700 12.780000 6.100150 
747 2 4.555030 6.340030 2.718090 
5 1 1.448540 3.994280 7.040150 
497 1 0.907711 11.600900 8.555480 
1584 2 4.925340 4.635650 9.890180 
1272 2 5.523510 12.334600 1.573560 
930 1 1.589500 5.677820 10.785200 
482 1 13.117500 3.536080 0.815571 
627 2 9.121180 4.103490 6.029620 
826 1 11.781300 4.476070 3.008530 
793 1 10.843300 9.618300 1.947670 
1739 2 2.308360 7.705050 11.243300 
557 1 13.016200 2.554400 5.430960 
342 1 4.194210 7.849910 12.206700 
1498 1 0.139602 9.394810 6.784750 
1658 1 7.096430 3.166600 11.907900 
1439 2 11.448800 8.607970 12.207500 
1732 2 0.160733 5.122920 4.773220 
547 2 1.518520 9.816450 12.520300 
472 2 0.547734 11.140400 8.796320 
1430 1 11.039900 4.284880 7.440620 
1264 2 2.955620 9.929140 9.691660 
1820 2 6.340660 1.160330 1.163480 
635 2 6.371930 1.110990 7.367730 
1216 2 12.585500 8.323680 0.078195 
462 1 11.984300 1.204360 5.534460 
111 2 2.460960 0.183289 9.531750 
1576 2 10.950100 3.588930 0.921112 
314 1 4.221780 11.992500 9.313220 
256 2 8.194890 0.442937 11.113500 
1604 2 3.056710 7.272120 0.162809 
1685 1 6.792670 10.585500 8.852740 
1105 1 4.905950 4.193420 0.324131 
1524 2 4.584240 6.276840 5.604670 
1541 1 1.278760 4.024510 10.007900 
831 2 5.005860 1.937290 11.519100 
321 1 4.117480 1.599740 2.839500 
1854 1 4.454470 4.859310 7.140250 
531 2 1.054560 5.718160 11.770800 
1136 2 11.840600 2.285690 5.294790 
315 2 1.397130 0.791082 12.224600 
1320 2 2.084390 12.933600 8.545060 
755 2 2.701410 3.200220 13.304500 
1394 1 2.321180 9.183020 6.687890 
36 2 3.354180 3.612430 0.744333 
565 1 11.842700 3.700100 10.636000 
1053 1 5.806040 1.168460 6.927360 
1731 2 8.181920 2.051050 3.400930 
1406 1 4.558770 11.473100 0.332327 
726 1 10.975500 8.417410 1.290910 
1599 2 12.755400 6.408420 6.820910 
19 2 12.726600 10.783100 0.037357 
1844 2 2.765250 2.866290 6.140980 
328 2 0.361659 7.694930 9.875550 
491 2 11.288700 9.552700 5.634120 
82 1 1.595220 5.350400 1.963910 
1734 1 10.104300 13.111200 12.489900 
1442 1 12.479800 2.115890 10.474000 
880 2 2.112320 5.630590 10.891000 
700 2 9.074200 3.382560 2.630780 
994 1 6.433960 2.967640 4.381470 
100 2 7.867440 9.884280 8.326530 
1883 2 6.329140 4.843100 10.354500 
255 2 9.756030 9.997650 8.328680 
477 1 2.074200 2.479260 9.391270 
951 2 1.355060 2.687900 10.371600 
715 2 8.579340 3.020650 4.949880 
1098 1 1.203080 9.060520 5.267500 
1537 1 1.387410 8.849250 13.071800 
1760 2 2.908860 0.161723 9.289770 
146 1 2.732390 6.966620 3.046440 
784 2 10.123300 7.666460 10.136300 
329 1 8.944390 5.566550 7.569850 
339 2 8.992750 12.153400 1.822060 
1352 2 12.729100 5.688880 3.262590 
1469 1 7.113200 8.945680 11.402300 
138 1 3.921550 7.866000 5.439610 
673 1 9.380560 3.447100 2.842310 
176 2 12.339300 0.745051 11.232700 
1534 1 1.158110 7.005520 2.695300 
1874 1 9.271710 11.534200 12.831700 
677 1 7.282250 5.250870 9.795680 
88 2 2.121310 3.271600 12.877200 
1893 1 7.099440 2.342230 1.235740 
1860 2 12.156200 3.377480 7.829830 
997 1 11.688700 13.178500 1.713720 
113 1 0.817191 5.277770 7.792750 
566 1 9.291670 0.252112 12.526400 
1818 1 3.620640 4.121960 2.126970 
1307 2 2.529790 4.457810 8.676010 
1134 1 8.969700 2.665230 9.700930 
680 2 6.579890 7.974860 8.372370 
1458 1 8.951190 7.139950 5.813870 
1509 1 3.169110 2.763770 6.080690 
1985 1 4.457200 6.008150 2.293460 
243 2 3.478340 9.913330 4.154520 
1555 2 5.854820 6.152470 10.178000 
374 1 5.621310 6.409090 9.973360 
1438 1 13.090100 12.319000 9.624350 
1532 2 1.425960 12.799500 6.503820 
191 2 10.618900 9.214680 1.442780 
1144 2 9.729460 6.544440 3.397940 
590 1 7.690450 8.055330 4.768570 
200 2 9.808840 13.110500 0.859947 
274 1 7.288210 1.159080 7.114430 
1580 2 4.014930 1.459110 3.428950 
622 1 6.931350 9.040780 8.939250 
413 1 10.600500 0.266824 3.517700 
661 1 0.130688 8.554840 3.437100 
1876 2 0.492012 9.541140 5.752330 
83 2 3.206550 1.978460 3.546040 
179 2 8.328260 6.801380 5.070520 
655 2 6.447880 8.930200 1.991620 
950 1 2.740380 13.118300 8.388740 
378 1 11.518500 7.370790 7.725360 
1159 2 7.649070 11.144800 4.191200 
1994 1 3.241640 10.393600 3.023470 
958 1 1.861400 1.848400 2.728760 
1399 2 13.309000 1.957640 3.672760 
213 1 2.718850 2.745810 11.944800 
708 2 7.432830 12.986100 3.887630 
545 1 2.304650 10.337500 5.013000 
1045 1 11.140100 2.630610 2.682040 
1792 2 12.196600 3.640300 10.685800 
683 2 1.744130 12.760900 7.989780 
1197 1 1.202020 13.047200 11.202400 
1605 1 6.436360 1.263930 12.721100 
217 1 2.695150 8.748460 10.141700 
534 1 9.803720 10.711200 9.527580 
1988 2 9.784890 9.200400 5.280030 
1785 1 1.573780 5.669650 0.456187 
1257 1 2.948760 4.307420 5.877160 
1505 1 9.185750 6.898940 1.871760 
897 1 10.316400 0.448129 9.841370 
853 1 12.552300 2.768510 8.263180 
1770 1 9.890080 9.210010 4.490670 
1302 1 4.456970 4.162980 12.792700 
149 1 9.689830 11.995500 1.625320 
1981 1 0.808385 10.992900 1.429240 
676 2 9.093350 0.680104 10.370500 
1480 2 10.933800 7.776530 12.906200 
345 1 11.078600 7.599100 12.832800 
553 1 2.066980 1.133760 0.834028 
199 2 0.604626 5.037840 7.507700 
1613 1 12.815500 10.601500 10.615200 
1602 1 5.919860 12.557700 5.163160 
283 2 11.379200 -0.161715 0.031886 
1764 2 6.733250 3.949580 13.089000 
946 1 0.227178 4.842190 17.629600 
899 2 8.747590 0.994575 20.234700 
1614 1 11.274600 3.731030 23.703400 
1156 2 4.718640 1.410220 16.271600 
438 1 4.229310 4.785290 24.474700 
1839 2 0.330980 8.022100 18.706800 
320 2 4.384480 6.463380 17.127600 
1114 1 12.956600 1.050880 14.479300 
281 1 12.786300 8.160600 25.580100 
1250 1 9.383540 11.596900 20.034800 
1529 1 6.673290 4.023190 19.061000 
1052 2 7.259100 12.012900 22.616500 
983 2 0.309453 3.757530 20.795300 
194 1 4.192030 10.118400 20.939300 
1675 2 11.681300 12.797700 14.650300 
1446 1 12.993200 2.440170 16.290900 
1956 2 8.583450 0.870600 17.879100 
1387 2 4.767650 9.846390 25.273100 
13 1 4.430640 7.857820 14.422400 
768 2 0.413125 7.035610 18.927200 
606 1 10.328800 12.568300 24.481600 
1227 2 0.682104 2.723450 16.831700 
896 2 1.084370 1.645210 24.413500 
182 1 7.486830 7.278080 17.042400 
1712 2 3.519120 7.637700 19.520000 
1310 1 2.166560 11.222700 14.217500 
937 1 12.053900 10.487700 24.598200 
1678 1 11.762300 12.329000 17.112300 
1945 1 4.589980 1.402700 18.439200 
114 1 0.666892 5.816290 24.899100 
856 2 11.223800 8.679880 18.793000 
506 1 12.757200 11.237200 20.769100 
1927 2 3.378790 3.101050 20.296300 
305 1 8.027490 11.333600 22.430100 
1358 1 12.618400 12.298100 22.445200 
1347 2 6.448520 13.198200 14.483900 
1019 2 8.662440 9.850230 25.777100 
351 2 10.670600 8.384540 23.671200 
634 1 0.701509 12.618600 19.768200 
1623 2 0.275589 0.219725 21.440500 
186 1 2.579730 10.639600 19.049100 
1544 2 9.511600 12.252500 25.536800 
512 2 1.065750 2.804300 17.638000 
1298 1 9.509860 0.712391 15.218000 
128 2 8.597260 10.784500 20.074500 
502 1 12.672800 3.304120 17.426500 
1571 2 3.939100 1.266650 18.484500 
1003 2 5.012980 6.561470 21.494800 
1777 1 6.014590 1.895720 23.055100 
917 1 0.583320 0.770315 16.398100 
140 2 3.042320 12.148200 18.680100 
1303 2 7.109580 0.199199 16.945700 
1612 2 7.806690 6.046770 17.458400 
1380 2 1.464300 6.650750 25.729700 
818 1 12.384100 9.617020 18.657100 
888 2 4.274590 11.512200 16.620600 
1314 1 12.389900 6.560420 15.376300 
628 2 9.953350 3.948620 20.628200 
1292 2 5.379520 6.340030 21.894100 
1722 1 9.029060 4.430950 13.922300 
505 1 2.522050 9.893650 25.410300 
56 2 7.717090 8.935310 20.091600 
773 1 2.713190 7.130350 26.399800 
389 1 6.600940 8.496400 21.615000 
22 1 2.541810 5.920340 14.022200 
1922 1 10.736300 7.677480 15.961500 
1361 1 6.386050 4.308120 14.334800 
894 1 0.810194 2.873410 14.695400 
670 1 3.013800 8.515450 21.785700 
473 1 10.557800 6.441800 18.260300 
1062 1 6.087310 0.661135 19.632200 
240 2 7.737880 11.431800 16.757000 
1234 1 11.591300 2.095290 20.050100 
203 2 0.617248 8.084800 15.198100 
480 2 6.009030 3.196670 19.422800 
599 2 10.378800 3.006620 18.979400 
265 1 11.982200 9.488680 13.778500 
312 2 2.419470 11.204300 14.011100 
1065 1 5.978580 4.895310 17.127500 
99 2 8.248730 10.961200 15.035600 
251 2 8.991340 0.325485 25.077400 
1971 2 5.100570 0.936858 19.050600 
1627 2 2.421640 4.862970 15.012700 
383 2 7.960040 6.425060 16.217100 
722 1 6.082520 11.350700 24.052200 
1624 2 6.455640 9.992050 14.433100 
1684 2 10.808600 4.183590 24.589600 
1388 2 6.142020 1.271810 24.389600 
764 2 0.974097 3.568460 20.517000 
560 2 11.526200 0.571717 21.664000 
1308 2 7.356540 11.126000 25.201200 
410 1 11.936600 13.333300 20.125300 
1398 1 10.631800 9.005850 20.899400 
934 1 4.290740 4.079590 20.675400 
1025 1 7.675140 7.351740 26.425800 
1141 1 1.229720 2.423390 17.071200 
1407 2 8.155920 2.937260 18.011600 
481 1 11.741000 2.032750 25.519700 
1005 1 6.808230 4.655860 25.053300 
1567 2 0.237232 5.871590 24.966100 
1495 2 5.961980 5.431510 25.743200 
1938 1 1.671890 4.120790 17.291700 
663 2 6.167350 3.707800 18.979400 
1791 2 9.767850 8.104110 20.413200 
231 2 5.223480 9.043030 14.070200 
235 2 11.804800 1.460460 13.479600 
1869 1 4.339210 2.320900 23.511800 
492 2 5.859970 10.533300 19.453200 
816 2 9.329890 6.927640 25.883900 
1636 2 0.266200 4.270360 22.034400 
1330 1 7.175670 9.751730 19.091100 
561 1 1.335410 3.110770 21.090900 
1711 2 5.702280 9.801410 18.647000 
904 2 12.509400 2.048050 25.341000 
55 2 10.548700 9.403620 21.354900 
1338 1 7.547540 2.047050 23.628500 
1782 1 11.374300 0.198432 18.687800 
1074 1 9.484170 4.527020 22.492900 
812 2 12.659500 0.815463 15.110500 
154 1 0.441066 12.017700 24.962600 
1176 2 2.674030 10.909900 24.926200 
484 2 0.237098 3.666090 18.008300 
1575 2 13.075500 2.752220 16.470100 
92 2 8.228910 2.107450 15.693100 
1097 1 8.997500 3.555080 26.292400 
376 2 10.268100 5.183930 15.271700 
1082 1 2.185510 8.952960 17.310100 
714 1 8.586970 4.201920 24.099900 
247 2 3.735910 0.590601 15.920700 
1215 2 12.157300 13.211200 19.705700 
1117 1 3.821070 12.437500 17.827400 
1063 2 3.510090 4.084440 24.204800 
1173 1 1.486800 6.798030 15.584600 
554 1 2.691010 11.761700 22.974800 
1200 2 2.688260 0.583362 15.006400 
1899 2 3.597200 6.822940 13.437900 
1451 2 12.205300 7.144310 15.382100 
163 2 10.251500 6.907820 17.920800 
1643 2 10.685600 5.463300 25.791400 
1917 1 11.513300 0.736413 21.457400 
1594 1 1.332870 1.761990 24.311300 
1163 2 8.440510 3.973530 24.781500 
745 1 4.138010 11.499800 16.114400 
744 2 4.890750 10.139200 21.604700 
787 2 3.038530 5.676440 17.846000 
588 2 4.064780 5.212880 24.124700 
1268 2 3.511250 8.908790 23.768100 
3 2 2.642350 12.846200 23.820000 
1313 1 5.759360 10.903000 14.592700 
862 1 11.285300 3.689170 14.601300 
1517 1 1.870030 2.875550 22.826700 
1476 2 1.537790 7.534940 15.365300 
923 2 10.336900 12.142400 25.013000 
1991 2 7.005080 11.289200 24.832600 
1827 2 1.103180 1.596980 24.384100 
1351 2 4.425270 13.311700 18.807000 
1286 1 5.148320 7.339670 17.089800 
1372 2 11.753800 9.372400 18.965800 
1775 2 0.493444 0.799555 18.755300 
518 1 0.120569 8.541350 22.336800 
1611 2 10.567300 9.577620 15.496500 
1365 1 3.786950 2.774860 14.131100 
801 1 6.930250 8.015540 14.078600 
1103 2 11.926900 1.677270 21.136300 
641 1 3.474160 4.211110 15.055600 
902 1 12.722900 5.361450 18.821100 
1443 2 11.143100 4.446270 21.926100 
694 1 10.319400 10.480400 15.989400 
1125 1 9.519240 10.039600 24.361800 
1946 1 7.501830 0.510019 17.247800 
1453 1 1.068590 8.161530 19.964700 
304 2 7.679230 7.636840 25.366800 
646 1 7.597100 3.277410 15.315700 
250 1 9.683340 8.629510 17.399800 
1277 1 8.996020 8.584280 19.835200 
1848 2 2.361910 9.235270 17.771300 
63 2 3.285330 8.648670 21.219800 
382 1 10.909900 6.854160 20.391700 
21 1 8.289850 13.145800 16.117600 
1010 1 0.344001 7.198470 23.333400 
1213 1 5.157950 9.281320 18.431500 
10 1 5.296600 6.356210 20.647700 
533 1 3.321990 6.931890 17.631200 
1363 2 9.558790 10.119100 18.336500 
59 2 5.521300 2.301980 23.343400 
1022 1 10.103400 4.711400 25.412000 
470 1 4.722970 7.460150 22.028300 
617 1 10.215100 7.570780 24.153000 
1755 2 9.362890 5.274110 21.319500 
403 2 3.218770 10.996900 22.049900 
1282 1 2.478480 4.437030 24.717200 
136 2 11.721200 5.323240 24.191700 
1262 1 5.040760 2.282810 20.136700 
1142 1 10.213000 9.378410 15.176700 
1962 1 0.356791 2.780650 18.920700 
61 1 11.897000 5.342430 24.982800 
1325 1 10.111700 3.565490 19.872500 
697 1 5.896030 10.635300 19.925500 
135 2 12.535300 8.782000 18.420100 
864 2 11.959200 4.192220 14.114000 
388 2 6.922040 2.823600 22.631200 
1079 2 -0.063891 5.041440 17.459600 
1301 1 5.585050 5.592890 22.543300 
679 2 1.580640 9.279240 24.058100 
1915 2 3.984300 0.345079 23.944000 
1408 2 7.187640 4.076150 25.449900 
1359 2 3.922030 11.905200 15.778300 
1562 1 4.706820 9.898520 25.181600 
1846 1 3.198380 4.456690 18.527600 
901 1 8.244210 1.638630 16.227500 
1641 1 6.998190 3.294960 20.318300 
678 1 6.812650 9.304230 22.490200 
867 2 12.384900 11.899300 21.579800 
786 1 6.036990 2.139610 26.424900 
908 2 3.929270 7.179930 13.927000 
1472 2 3.012620 4.210040 15.570900 
1221 1 7.560770 10.481700 16.056500 
1002 1 -0.262630 11.139100 17.799400 
665 1 6.353460 8.787110 26.641800 
461 1 3.351060 9.575700 23.142900 
1788 2 6.256620 8.737440 22.098800 
1902 1 8.391020 8.679640 25.081700 
48 2 9.578500 9.697100 16.205200 
845 1 3.180520 13.144100 19.329500 
1910 1 8.544860 3.150880 17.924700 
119 2 5.715400 7.606560 17.447400 
1566 1 13.455300 3.455290 23.331800 
1111 2 6.641880 8.811880 21.691400 
260 2 11.286400 13.268800 22.292200 
1066 1 10.502300 9.058760 22.357600 
308 2 10.362700 9.454960 22.741300 
1411 2 7.783570 11.812000 22.319300 
405 1 9.548130 9.769830 18.544200 
1783 2 0.555949 11.667400 18.663200 
1135 2 12.921300 5.610830 18.881800 
548 2 12.740700 2.559220 17.577300 
379 2 5.460370 4.284650 14.476500 
1057 1 1.032620 10.013200 23.984800 
1283 2 7.125680 0.355419 22.348700 
944 2 12.742000 1.994850 23.313800 
1132 2 2.541580 2.465750 21.802200 
1648 2 0.301717 13.017800 16.870100 
169 1 1.374240 0.861130 25.332500 
125 1 1.005440 7.103690 17.984700 
1089 1 11.294900 0.731411 14.119200 
875 2 9.348970 3.877230 13.580100 
1447 2 0.591485 10.745000 26.428700 
1918 1 1.140700 1.191650 13.654400 
1381 1 2.300230 1.714000 19.948900 
1949 1 7.295420 12.083500 24.752000 
402 1 12.304500 8.270040 18.739300 
742 1 12.321800 6.141700 23.262800 
172 2 13.067000 8.951900 14.032900 
956 2 0.254149 13.012100 19.836200 
1545 1 3.741470 6.877430 13.809800 
1367 2 1.629940 6.305890 26.273000 
1881 1 7.693980 11.858800 26.135900 
651 2 6.064000 2.277540 13.715100 
1222 1 10.037900 11.836800 26.029800 
264 2 9.471100 4.685130 13.357500 
1126 1 7.797320 25.886100 3.140950 
993 1 4.209700 21.823700 4.977100 
1015 2 7.726550 17.429500 6.356980 
690 1 8.329060 18.809000 3.026310 
1379 2 6.046400 22.034900 10.748800 
427 2 2.620310 24.096300 0.788212 
1968 2 11.359800 17.458000 12.523300 
1423 2 9.164120 22.988700 11.743800 
58 1 3.861670 17.588300 1.693320 
254 1 0.914269 13.907200 13.051100 
1401 1 9.554100 20.148100 0.092286 
216 2 6.602270 16.482200 0.638825 
1941 1 9.815870 20.031000 1.662970 
65 1 9.631240 23.223500 11.999700 
1500 2 1.196340 17.695100 11.210200 
1970 1 12.333600 14.211100 4.108460 
803 2 8.019550 17.227400 7.004610 
380 2 10.492300 19.532400 0.490313 
84 2 3.411460 17.037700 2.352970 
510 1 6.178220 25.194000 11.209100 
813 1 0.864424 23.367900 1.806240 
619 2 1.233890 19.675900 6.812350 
1889 1 6.405180 22.334800 0.089670 
1672 2 6.817350 25.710200 4.070410 
1148 2 3.517240 19.784400 3.594490 
316 2 13.206400 17.525200 2.240610 
1210 1 0.500414 19.100900 11.406800 
297 1 3.840020 20.256200 7.053880 
1936 2 5.730710 20.361900 6.084700 
1055 2 3.876820 17.526600 3.898760 
1855 2 2.153840 24.146200 10.275200 
371 2 3.806930 22.172300 3.735820 
1832 2 3.045040 24.496100 5.856790 
886 1 10.110700 16.377000 0.509801 
1224 2 5.047090 25.959400 8.281760 
416 2 -0.104456 24.740700 10.704000 
607 2 8.656770 19.676800 3.946880 
1508 2 8.153630 14.268800 12.579800 
9 1 4.969080 23.948200 3.729460 
727 2 7.586740 20.332800 9.324160 
1246 1 0.459404 19.804600 8.527080 
1205 1 2.812830 19.046500 9.387270 
780 2 1.884760 22.008500 10.755200 
1518 1 6.009490 19.578000 5.791300 
984 2 12.984000 25.736100 7.048450 
960 2 0.935261 21.149700 2.050680 
1671 2 10.259800 26.081900 3.262080 
1464 2 12.882400 23.503100 5.055660 
290 1 11.842600 17.988600 12.238700 
1762 1 6.452760 16.558200 1.233290 
719 2 3.116310 16.393700 8.763630 
1549 1 10.637700 22.915300 5.205610 
782 1 10.731700 24.384300 2.081300 
1178 1 3.268360 14.867900 11.468600 
1368 2 12.778200 14.015300 8.899900 
357 1 5.025800 21.379100 10.629000 
1027 2 1.255700 26.269200 5.157900 
358 1 1.517460 25.258600 0.334346 
1948 2 5.752810 15.442500 10.006000 
1879 2 12.769300 19.894900 6.824990 
1021 1 5.091330 25.421100 8.311880 
1866 1 1.492270 24.455400 7.570810 
1206 1 12.009800 16.234100 12.471700 
525 1 4.458820 25.766800 12.007900 
1861 1 5.163600 15.211300 6.069920 
774 1 4.550600 17.637000 7.278270 
992 2 2.263900 14.134800 0.169503 
882 1 10.215000 26.283300 4.481340 
1078 1 12.894900 15.922900 1.250270 
393 1 4.526890 24.653100 1.867070 
145 1 3.777180 16.691600 4.183230 
778 1 9.675250 25.530100 6.551710 
890 1 12.623400 13.880300 5.770860 
309 1 6.656730 14.431600 1.609710 
1558 1 8.662640 21.263900 6.012720 
1997 1 8.577340 22.958800 3.487740 
1772 2 8.614400 25.461300 6.103630 
1773 1 0.858913 16.556800 3.723830 
1568 2 0.039829 15.380600 9.817260 
667 2 12.670500 16.479900 8.139570 
369 1 12.070500 19.837100 2.926530 
436 2 4.653070 25.291900 11.783500 
362 1 7.819550 22.402900 12.763000 
1121 1 1.974780 21.241000 10.673600 
1708 2 9.146200 14.819000 3.314900 
1694 1 3.443690 21.441700 2.699060 
734 1 3.106900 17.580300 0.469147 
1044 2 3.132860 16.810700 1.285580 
300 2 2.186150 17.829300 6.695470 
1026 1 10.297400 14.587800 4.690410 
1767 2 8.770650 23.164000 3.838460 
1297 1 1.944560 17.478600 6.334800 
1892 2 8.858490 21.163300 1.081480 
411 2 5.986170 25.197400 10.528800 
291 2 10.474200 20.675300 5.504730 
1087 2 6.307730 16.900600 0.848196 
1940 2 6.986060 22.398000 11.683400 
162 1 7.506500 13.320600 3.511910 
1207 2 6.380650 20.117900 5.367450 
184 2 12.192100 14.622900 2.898840 
1154 1 7.258290 22.470300 10.726500 
955 2 11.819400 22.468000 4.869070 
474 1 6.735900 23.763100 8.378540 
177 1 1.062240 21.339100 7.009840 
1670 1 8.433420 25.327800 12.304200 
945 1 1.378050 18.826100 6.782970 
424 2 6.865300 17.274100 6.942960 
1913 1 1.590870 13.769600 1.545390 
1064 2 3.894430 23.348700 9.564700 
883 2 11.324900 14.926600 3.023040 
507 2 10.042500 23.757000 1.165440 
1034 1 9.377540 19.399000 12.431200 
895 2 10.094500 15.219100 11.437200 
1809 1 8.884880 17.083100 7.363120 
1300 2 12.238500 20.648900 8.417040 
1698 1 2.121910 25.698200 12.104000 
1939 2 9.220460 17.097100 6.333040 
892 2 11.886300 17.477800 2.656130 
407 2 4.467470 15.173600 5.754730 
212 2 2.432330 25.290300 5.200240 
1503 2 5.640360 24.589300 6.060110 
1391 2 1.312550 17.756600 11.232700 
1569 1 7.635400 15.373200 4.477430 
858 1 6.397970 19.874400 10.415800 
1433 1 10.355200 23.135600 9.575540 
271 2 11.546800 20.957100 9.351010 
127 2 4.970950 17.943600 10.241200 
1267 2 7.242720 23.436600 8.570150 
1321 1 12.621800 20.226000 7.364610 
735 2 10.989600 24.109100 7.799730 
1533 1 3.262680 19.306700 3.837170 
1425 1 7.913680 25.696500 5.749530 
1364 2 8.062790 18.651000 11.855600 
1473 1 9.993300 15.042400 10.309400 
759 2 5.372280 18.859900 12.427100 
1774 1 1.909010 17.533300 4.065130 
1891 2 12.265000 13.799300 5.012160 
1354 1 9.086800 24.614200 0.765877 
485 1 9.704580 25.996200 2.343600 
425 1 2.139860 25.322800 6.345940 
1679 2 8.950350 18.287800 10.845900 
1110 1 12.849700 23.470900 5.323510 
1485 1 5.920800 22.127800 6.656730 
1746 1 3.989630 24.283000 6.003330 
834 1 3.218930 16.247000 8.757690 
1454 1 12.014700 21.932900 4.634830 
671 2 3.936830 24.017200 1.439160 
1279 2 11.358800 25.168400 11.361700 
1318 1 0.061547 24.417500 9.199580 
580 2 -0.112319 19.491400 9.151870 
741 1 7.443360 18.461900 7.248900 
1933 1 11.722000 20.153400 5.623740 
995 2 7.210800 24.343600 1.571660 
1644 2 7.304950 24.484600 1.685030 
132 2 3.838620 20.042600 7.283720 
1090 1 12.393800 16.113900 7.727030 
1479 2 12.158400 19.348900 0.302287 
828 2 9.659880 22.225200 12.737900 
595 2 0.711815 16.627700 5.811830 
1961 1 12.678600 17.096800 4.387630 
1796 2 5.506430 22.980400 6.227300 
16 2 2.884800 15.100400 11.433300 
1251 2 3.621380 24.701500 6.542450 
1814 1 11.557200 19.420800 0.009232 
175 2 1.320080 23.958400 7.396270 
1878 1 6.928180 17.388100 8.220440 
1912 2 11.345200 18.941600 5.831900 
1496 2 7.508550 19.544700 3.631530 
1189 1 0.580825 22.592500 12.598700 
204 2 10.868900 14.483200 9.756120 
544 2 3.836290 17.219400 8.797960 
1740 2 1.631100 16.928500 3.661070 
173 1 11.578200 24.249100 9.002730 
1523 2 12.368100 15.928300 2.037700 
654 1 12.040600 17.862600 8.685830 
1519 2 0.927287 21.004200 12.884900 
30 1 1.926820 15.359800 2.173730 
610 1 7.223520 19.240200 4.050890 
432 2 0.645127 20.172800 8.268280 
861 1 8.918730 20.835900 3.904020 
1721 1 3.414490 23.867000 1.713740 
1260 2 4.157920 19.678900 11.443600 
1530 1 9.849280 18.145600 5.109430 
1382 1 8.018450 19.207800 9.240170 
1104 2 8.188160 18.571900 8.547910 
428 2 10.217500 19.288600 3.776750 
1588 2 10.339400 24.533200 5.995700 
1051 2 5.372740 13.858000 12.092300 
431 2 8.537590 26.096700 5.822530 
695 2 7.406650 14.269100 1.881870 
1978 1 9.111350 13.732000 0.928221 
1925 1 2.098780 16.461700 11.075400 
91 2 11.667900 19.773000 12.438000 
202 1 13.122100 24.914700 4.576390 
1096 2 10.942600 13.593200 6.000350 
1047 2 8.983970 18.715200 2.169390 
1219 2 12.041200 16.588900 12.585900 
578 1 3.637160 22.721000 9.103200 
664 2 9.958800 22.124000 3.554850 
445 1 0.073691 23.103500 4.571100 
418 1 7.397050 14.794200 11.045300 
986 1 5.230350 15.233600 9.945680 
1422 1 3.700790 19.267200 12.438500 
1230 1 3.641390 17.587000 10.480600 
401 1 10.486100 15.799900 6.475000 
1177 1 7.834200 18.499100 11.982300 
273 1 12.001500 21.472300 2.393070 
112 2 8.155400 18.392200 12.469300 
626 1 10.861200 15.401200 2.773500 
943 2 5.111620 21.240400 0.411910 
1570 1 9.165620 13.801200 8.239040 
1181 1 11.536400 20.208700 8.715360 
1233 1 2.447770 15.072500 5.522950 
1187 2 9.065680 13.953200 8.035770 
1720 2 12.341400 20.761300 2.775480 
1531 2 6.533280 23.112800 12.350000 
688 2 4.440620 24.038500 1.339720 
642 1 5.525970 16.853600 8.983210 
1525 1 9.620580 22.478900 2.027400 
750 1 4.500300 23.770500 9.994470 
1691 2 8.376690 26.310100 12.528000 
1557 1 11.348800 22.597900 7.675070 
331 2 2.622470 17.556200 0.121329 
1815 2 3.910620 20.208700 9.037900 
1514 1 12.645100 22.340400 0.210482 
1452 2 3.821740 15.786500 6.157040 
1765 1 11.407600 25.697900 11.596000 
739 2 0.879932 22.921600 1.504380 
1460 2 7.367590 13.945200 4.320900 
1960 2 10.964300 23.170100 10.589600 
1332 2 8.240550 13.509000 7.830190 
397 1 9.369920 17.552500 11.355800 
294 1 5.977820 24.164800 6.287560 
873 1 10.262200 22.111000 11.305100 
1393 1 11.437500 14.708100 9.264560 
452 2 9.548330 26.025200 2.344640 
73 1 1.462620 25.519500 4.419380 
1887 2 9.675820 14.731400 7.049570 
1445 1 4.248900 21.665900 0.664528 
395 2 1.903520 14.232700 2.780830 
763 2 3.574040 15.052900 10.395900 
1291 2 0.834733 20.313400 0.033874 
44 2 10.635600 17.227600 7.823300 
1109 1 1.168810 20.047500 0.239627 
970 1 13.111500 25.777200 7.046570 
1428 2 12.618600 22.281000 0.309235 
1166 1 0.324269 16.086500 10.748400 
550 1 0.571593 21.310900 2.375530 
400 2 0.825808 13.562000 12.394500 
1492 2 1.032470 25.566000 0.221890 
444 2 9.435960 23.888700 0.202412 
1070 1 3.255050 14.112300 0.039110 
210 1 8.876260 14.675600 0.129232 
1638 1 3.451260 21.163600 13.250800 
150 1 5.824040 24.457700 12.835400 
326 1 -0.018235 18.995700 25.232900 
1343 2 11.348600 18.410800 21.505900 
385 1 2.924530 21.078500 18.899700 
1344 2 9.217500 15.167300 23.432400 
573 1 3.766230 23.732900 24.227300 
159 2 13.032700 17.467700 23.317500 
1266 1 7.625270 14.658900 20.870400 
567 2 9.219100 18.906600 18.642200 
889 1 6.823170 13.635800 13.711400 
788 2 1.162310 25.219200 21.369600 
192 2 6.370090 26.053200 14.220500 
1593 1 6.302540 26.411200 13.862300 
372 2 3.819280 23.925300 24.156500 
24 2 12.672700 21.210600 21.734400 
1493 1 2.530610 25.091800 16.082200 
1217 1 6.807260 19.735300 15.360700 
280 2 6.767930 22.591600 23.207300 
501 1 3.298160 13.698000 22.475900 
542 1 0.716349 14.627300 20.075600 
869 1 11.397400 19.817900 13.245500 
1149 1 10.026100 21.978300 14.396900 
310 1 9.324900 20.918300 24.738900 
921 1 0.491584 21.519200 22.396600 
228 2 7.537010 18.591300 25.897100 
1758 1 8.063930 13.952700 18.601400 
837 1 12.996300 13.838200 15.655900 
261 1 4.803740 25.829400 23.047100 
1510 1 0.705789 24.318800 14.013700 
1186 1 11.083700 23.574300 24.885000 
1797 1 12.370100 25.587300 22.102000 
1554 1 10.531900 16.284900 18.301300 
238 1 4.767600 16.387200 21.563100 
142 1 3.334000 22.753500 26.387900 
412 2 8.677290 18.582300 22.747300 
808 2 9.388440 21.358000 24.176600 
1208 2 6.413340 22.790900 26.512600 
919 2 11.921400 20.585700 19.795500 
1609 1 2.096530 15.882300 15.619300 
591 2 0.678113 23.546400 13.885700 
1113 1 3.561180 26.152700 24.191000 
1748 2 4.903010 20.118300 18.286700 
906 1 3.676200 16.230000 15.292800 
1054 1 7.286650 17.098000 26.544100 
456 2 3.851070 21.455800 26.400800 
614 1 12.887500 16.732100 17.099500 
134 1 3.661550 25.742500 26.573700 
775 2 5.612820 23.264200 21.551700 
108 2 5.156390 22.807600 13.560900 
268 2 5.283670 24.322000 16.323800 
1273 1 11.774200 26.201300 26.600200 
1507 2 7.661950 24.158000 17.301500 
1412 2 5.975360 14.976500 14.857300 
1340 2 9.950990 23.386700 15.364900 
1710 1 1.383470 18.977200 20.302900 
408 2 3.012130 19.210500 23.186100 
1456 2 0.220879 21.672400 22.112600 
1390 1 6.996250 19.630000 19.880400 
434 1 11.620500 17.658000 22.071600 
1470 1 12.893200 19.793500 16.684500 
1094 1 11.424900 26.166200 24.722800 
350 1 5.668290 21.262500 20.280200 
81 1 2.166530 18.489400 24.788100 
1821 1 5.778810 14.663500 13.289800 
1436 2 7.824370 16.101000 20.271400 
298 1 4.845080 22.232300 13.593700 
643 2 2.146930 19.907900 20.094600 
262 1 5.071230 13.937200 19.242900 
1199 2 10.407200 25.343100 17.667500 
1756 2 0.594209 20.337800 19.625900 
790 1 9.402670 18.812500 17.900800 
1690 1 9.351860 22.217800 19.518000 
564 2 5.076860 18.507300 14.293100 
66 1 4.357010 19.367100 20.800300 
915 2 12.491900 22.517400 25.082300 
829 1 5.119940 20.716900 18.278600 
39 2 1.691400 14.174200 15.231100 
1776 2 6.367860 21.645600 20.378900 
1280 2 4.568340 14.926400 19.545700 
833 1 10.750800 14.193800 15.283000 
1192 2 9.664730 26.580100 13.746500 
1342 1 5.270920 20.512200 25.206900 
725 1 12.928400 23.640500 15.585300 
1000 2 3.525100 16.631800 24.600000 
1296 2 12.012800 20.141100 13.767100 
639 2 7.796250 13.348500 17.620300 
925 1 10.098100 18.223600 19.838200 
706 1 3.640370 16.652700 19.938700 
317 1 6.354030 23.409700 24.671300 
1608 2 2.053210 21.419300 14.125700 
181 1 3.535460 19.627300 23.996900 
713 1 0.018708 14.518400 15.317100 
174 1 6.722320 18.508900 20.058700 
1128 2 10.151500 16.820900 25.406400 
387 2 10.811900 16.697000 18.741600 
1253 1 2.479000 14.257400 17.439900 
448 2 11.557400 15.281200 14.434800 
556 2 3.524490 25.813100 18.417000 
1926 1 5.078220 14.984200 23.694800 
1884 2 12.382400 22.438700 22.365800 
1585 1 0.304181 25.646100 16.771900 
1481 1 3.496700 18.280200 21.997300 
498 1 5.393350 14.308700 25.386600 
77 1 9.403590 15.989800 14.928700 
349 1 8.029560 25.831000 20.666300 
527 2 4.109290 18.493500 23.577600 
1992 2 12.412600 14.634900 24.524000 
1030 1 6.500350 18.261300 14.972600 
433 1 1.500560 17.788400 18.538200 
1093 1 5.593400 24.504700 19.312000 
1160 2 4.094870 14.485200 13.782000 
1653 1 2.330370 23.521400 25.798300 
953 1 4.137220 16.174500 25.053300 
857 1 4.872410 22.334100 21.927800 
820 2 8.105500 16.797200 17.502300 
563 2 4.878310 14.668700 24.597600 
1522 1 1.422620 26.140300 21.542000 
1231 2 5.661180 23.596900 16.611000 
521 1 8.967330 16.075700 20.606800 
1020 2 8.115570 14.164800 16.976700 
513 1 0.708655 16.212400 24.990200 
1984 2 5.487170 14.273800 25.427200 
348 2 1.305900 22.615200 25.070400 
1204 2 2.660850 24.925600 15.874800 
849 1 3.173420 21.581400 21.808400 
269 1 7.429060 23.885200 18.624700 
1305 1 8.798070 15.950200 24.711900 
1355 2 1.250150 24.231800 22.342400 
284 2 11.042400 13.442900 15.557600 
1736 2 2.490930 13.792700 17.612600 
1840 2 2.162410 13.580700 22.137900 
295 2 3.555930 25.078700 17.595100 
1836 2 12.486300 15.180800 19.835700 
530 1 10.638100 24.840700 17.814300 
7 2 8.416490 20.030600 14.426400 
1907 2 10.623900 14.481900 16.346900 
1963 2 12.896800 25.971600 23.659000 
1548 2 3.463490 18.898500 23.356100 
836 2 10.178100 19.037700 21.422800 
296 2 0.771822 17.650800 17.934300 
327 2 7.567000 14.756700 19.737600 
1982 1 4.752290 17.289800 23.954800 
810 1 10.078700 24.984100 15.355500 
1467 2 1.011560 19.712400 16.668700 
151 2 5.183120 20.434700 18.604900 
479 2 6.616180 18.243500 20.338700 
117 1 7.023490 13.350600 17.167400 
1061 1 7.847780 18.232800 23.039900 
430 1 6.712720 23.124000 21.642000 
1751 2 7.156280 14.360400 22.764200 
1092 2 7.562510 24.810500 19.736000 
659 2 0.325253 15.202500 19.965400 
1616 2 2.265310 16.317800 15.675300 
1130 1 8.143090 24.501800 22.471500 
959 2 3.968440 21.510900 21.728700 
1794 1 6.800130 17.579300 18.468000 
1046 1 9.629400 21.185900 23.334200 
373 1 0.288652 20.591800 14.643300 
935 2 4.640650 23.383100 24.855300 
1450 1 3.943890 25.970600 15.137900 
1270 1 6.950840 23.577900 16.657000 
1620 2 4.014570 25.364900 22.422500 
1928 2 11.283500 24.515000 19.464400 
1702 1 6.554720 13.921000 22.511200 
386 1 10.977000 23.969400 14.863300 
1129 1 11.070400 17.218200 24.911100 
603 2 6.921780 20.960300 19.219900 
1596 2 5.580540 22.002600 19.550000 
874 1 2.480060 23.014700 15.521500 
229 1 7.796390 16.879000 16.754700 
1527 2 4.257570 14.932600 20.579300 
1935 2 9.998240 19.354600 15.314700 
15 2 9.413370 20.638100 21.407700 
687 2 3.325520 19.158800 24.290400 
1950 1 1.405710 21.038400 19.666800 
1996 2 9.229910 25.241000 24.350500 
1528 2 1.456810 18.370300 25.451600 
1195 2 7.523370 24.346100 22.271400 
1744 2 9.760370 15.822800 20.358600 
691 2 2.180240 23.210600 20.139400 
278 1 4.189140 19.223300 17.463300 
1383 2 7.218760 16.292500 15.511400 
1697 1 5.072490 24.543100 16.809400 
815 2 6.750280 18.025600 23.529200 
170 1 0.031916 13.112700 17.685100 
1959 2 9.123270 16.900500 23.926400 
657 1 3.495470 13.560700 14.896100 
957 1 10.565400 23.942800 19.712000 
1536 2 1.727020 17.276000 19.994800 
1366 1 3.086800 23.972300 21.634000 
1457 1 4.223640 26.516900 18.335000 
733 1 10.160300 24.382300 23.522400 
1127 2 5.279610 25.507500 13.938400 
1248 2 12.483600 17.127100 19.306900 
447 2 6.392880 18.762200 15.094400 
198 1 4.071120 18.468100 14.427800 
781 1 13.202400 18.432300 19.919600 
552 2 6.922640 18.795600 19.727100 
589 1 6.796920 21.202400 17.712400 
118 1 7.839320 25.923900 23.159500 
1336 2 9.721940 20.508100 18.629900 
1075 2 9.976610 24.002700 14.473600 
1373 1 11.197200 16.945200 13.327800 
569 1 3.443990 24.682100 17.887500 
936 2 12.786300 22.378700 17.131800 
1281 1 7.848500 15.197800 18.813100 
1050 1 9.360140 13.295700 21.686600 
381 1 7.581740 22.684600 14.621200 
841 1 9.882060 19.391800 22.088900 
224 2 7.123740 18.645400 15.868600 
1256 2 2.389380 21.825300 18.929400 
705 1 11.416400 16.405700 19.225000 
1723 2 10.964900 26.403300 14.412700 
1220 2 6.801400 22.907200 16.913300 
884 2 8.810110 23.406900 13.993500 
1973 1 5.913070 15.477100 15.283700 
1102 1 1.835580 23.685100 21.397300 
514 1 12.622400 15.644500 20.255300 
1539 2 9.515440 14.493800 20.795100 
1202 1 6.896440 21.371900 19.538300 
1934 1 8.026780 24.008100 26.265000 
398 1 7.532380 18.618700 25.268700 
1834 1 9.421020 16.166000 23.014200 
51 2 2.970170 17.137200 20.991500 
1999 2 8.375380 14.770200 26.567900 
1798 1 10.554800 20.359000 21.275300 
926 1 6.601650 25.321700 15.391600 
982 1 11.177200 13.735800 22.567400 
443 2 9.756590 21.259300 24.180200 
1911 2 10.697500 24.442200 19.870700 
877 1 12.302700 20.299700 19.345500 
1415 2 3.345050 15.702600 15.865300 
1084 2 9.211970 25.081700 23.061200 
771 2 3.748480 21.041800 13.653000 
1245 1 6.329770 17.443200 13.419300 
1018 1 16.083800 11.658500 2.103740 
1705 1 25.765800 5.245440 7.958220 
130 1 21.778000 4.894700 5.070340 
364 2 24.435800 3.087810 12.969000 
800 2 17.219100 9.532720 12.394400 
1937 1 25.573100 1.054490 7.794270 
737 1 25.761400 11.474800 3.330160 
1591 2 25.946600 5.950730 3.286660 
1076 2 14.099000 3.838220 1.178850 
1872 2 16.816300 8.473300 7.867480 
144 2 23.222400 5.877280 1.892610 
972 2 21.191600 10.563000 11.267400 
201 1 19.430600 1.349170 11.769900 
1696 2 13.798600 6.769710 10.686900 
922 1 21.582100 0.292743 6.451650 
1196 2 20.575700 13.016800 9.937750 
1174 1 13.840900 11.373300 5.991740 
749 1 24.783700 4.340300 11.199600 
490 1 20.977000 12.051600 5.409520 
1088 2 14.049700 7.529580 4.939850 
723 2 15.012200 1.003130 10.955100 
598 1 16.068800 4.409250 10.622900 
1998 1 18.754900 10.725700 1.264240 
1386 1 24.282100 6.114640 5.434780 
2000 2 26.455100 4.881010 6.959620 
486 1 14.937800 10.553800 1.805890 
574 1 25.394600 10.068400 6.261390 
1180 2 25.883600 1.594190 3.123460 
1122 1 14.319600 12.335400 2.425350 
707 2 21.588800 3.064810 7.495880 
757 1 18.264700 13.238800 11.569300 
963 2 24.243100 10.594600 3.604720 
1435 2 19.840900 0.082739 10.520000 
1633 1 17.411500 12.048900 5.126120 
86 1 18.517100 4.736310 4.013300 
587 2 24.094100 3.303180 3.181000 
106 1 18.693800 2.537880 6.903910 
1290 1 16.683300 7.966750 8.954950 
1236 2 14.498100 5.936920 6.203780 
740 2 23.219400 13.219700 12.098800 
555 2 21.235400 6.757190 13.135300 
1491 2 19.247000 11.901400 2.752350 
511 2 16.199000 2.263250 8.404900 
1396 2 21.898800 11.265900 12.371000 
166 1 16.564800 9.654620 9.607100 
57 1 20.235900 10.533800 11.533200 
466 1 20.691900 6.793990 9.500370 
1068 2 13.375800 7.879410 8.487320 
1474 1 17.475500 0.750305 6.499380 
650 1 17.910100 11.428600 9.015790 
1689 1 16.209900 1.044120 8.202460 
1662 1 22.074300 6.154910 8.538170 
1716 2 17.525500 11.375900 3.194400 
1556 2 20.459300 0.332224 4.584760 
85 1 20.063600 2.638720 12.260900 
1437 1 25.290800 3.771910 3.865580 
1803 2 17.182800 8.421240 8.628410 
1036 2 22.422700 7.237630 7.519580 
197 1 20.132400 4.299030 7.937860 
1123 2 14.130300 -0.041004 8.316810 
129 1 14.100500 5.610190 6.309560 
26 1 16.305000 6.008710 3.000700 
1898 1 18.789600 8.951200 2.682620 
1709 1 22.464000 1.777620 11.328800 
1212 2 21.824600 5.216270 4.790830 
900 2 19.216300 5.522020 10.059400 
153 1 20.294900 1.543340 8.935960 
360 2 25.480600 2.067560 4.975790 
75 2 20.939700 4.424100 1.837610 
335 2 19.182200 7.881530 3.458480 
1319 2 19.852700 11.136000 2.658840 
1825 1 16.587000 1.989730 9.311460 
1625 1 20.831900 5.949270 5.123800 
879 2 25.387400 10.109600 7.343570 
4 2 17.899100 9.127370 4.781570 
137 1 15.186000 10.780800 10.030200 
843 2 15.486900 11.573800 3.011710 
979 2 15.572400 7.987560 8.717280 
1335 2 16.078900 4.272120 0.794371 
1789 1 25.511800 9.451090 10.801800 
164 2 15.815600 1.776430 4.995930 
776 2 16.246300 4.629350 10.684700 
1029 1 23.739800 7.342450 9.045070 
267 2 24.564600 6.827430 9.768460 
1179 2 17.468600 2.489690 1.724880 
98 1 22.931600 11.331200 4.131130 
253 1 16.594700 4.874840 5.865270 
279 2 16.068700 5.112230 6.025560 
1312 2 21.855800 11.014000 6.419720 
1194 1 15.565700 11.036200 12.130800 
1486 1 14.016600 12.028600 0.384490 
1668 2 19.672200 3.428860 1.293660 
1965 1 24.251200 9.163710 5.943090 
8 2 13.761900 10.690400 9.899330 
28 2 19.983800 10.124900 0.798005 
287 2 24.450500 4.011630 11.182100 
446 1 25.998300 10.511700 7.600110 
390 1 22.661200 11.474700 8.005080 
931 2 24.470000 2.474760 11.865700 
653 1 22.729400 9.389350 6.434610 
1587 2 22.222000 7.123610 3.148460 
471 2 21.551100 8.564110 6.556250 
1660 2 20.650700 8.764620 1.867660 
1681 1 16.988100 1.417110 3.258390 
1339 2 14.776500 11.887900 6.009930 
1719 2 20.868400 5.294500 5.072210 
1851 2 24.252300 4.874360 5.467360 
394 1 22.744900 3.894050 8.142680 
645 1 20.340700 8.743490 6.599560 
451 2 24.605800 4.326460 0.361779 
941 1 18.196100 1.796270 3.670140 
208 2 23.838400 10.743900 8.790050 
1692 2 21.302600 6.846930 10.811400 
807 2 23.575000 9.627380 9.230020 
823 2 21.394200 11.349300 5.025160 
1360 2 24.720700 4.037640 10.629400 
1261 1 26.470100 10.727000 11.339900 
605 1 25.243800 7.570760 10.475000 
1263 2 25.493300 1.950830 6.704260 
1686 1 16.220800 3.046610 8.754790 
577 1 13.337300 7.060530 3.758680 
165 1 14.927700 4.570090 0.555631 
1753 1 13.867000 6.376100 10.225800 
1462 1 23.968900 2.984680 10.326800 
1856 2 25.053400 7.680620 10.322300 
1901 1 23.493700 10.384700 2.119000 
1930 1 26.229200 0.135793 0.690849 
1807 2 19.077400 7.843140 12.680800 
817 1 18.171000 7.635180 4.038140 
1081 1 25.409700 4.143710 5.408160 
1951 2 16.756300 11.488700 1.201670 
1008 2 15.341900 3.228440 12.768800 
487 2 13.356900 4.056690 0.677915 
903 2 18.272200 11.157000 6.015020 
167 2 14.687500 8.418240 7.057240 
17 1 14.609600 2.910370 1.276770 
1947 2 19.732200 3.076030 10.443300 
662 1 15.062800 2.606300 4.170210 
765 1 26.258300 2.408950 10.252900 
568 2 17.785500 7.153550 0.773285 
1431 2 25.764800 7.893970 9.183560 
752 2 15.245600 0.113098 12.563900 
990 1 25.625500 5.569410 3.167390 
1362 1 17.370700 5.978450 8.547010 
1632 2 19.340700 3.000620 6.221140 
31 2 23.007000 1.681520 11.247900 
1237 1 15.300500 3.260610 12.304400 
1742 1 24.363300 5.386180 10.226700 
961 1 18.800800 2.020060 0.220079 
1229 1 16.306300 8.145550 3.331320 
1919 2 15.630500 3.768470 3.806100 
1868 2 22.000500 4.323270 7.785270 
1035 2 19.012900 -0.019805 6.252660 
1226 1 14.570200 6.925960 5.949760 
1564 2 16.321400 3.460820 0.215361 
156 2 18.954700 12.479200 6.503890 
1810 1 16.661500 4.279210 0.077006 
126 1 21.809600 11.846000 11.295000 
584 2 16.879700 6.772640 3.568640 
1287 2 14.313500 7.815940 0.650404 
1414 1 19.968100 7.091310 11.895700 
1333 1 17.872100 9.243020 12.056300 
1258 1 20.258600 11.317100 9.502760 
450 1 23.320700 0.686198 9.516550 
1573 1 21.577800 7.995260 4.678740 
1095 2 14.401900 7.486370 13.026000 
1416 2 25.727300 0.849447 8.016550 
60 2 23.433500 8.952450 5.641050 
1687 2 23.776600 9.504140 12.200500 
1622 1 21.193000 1.790160 3.260480 
1895 2 19.226700 10.081600 9.534700 
453 1 14.153200 5.553200 3.061520 
1864 2 16.564900 11.652200 8.986780 
493 1 15.106200 13.196000 6.161260 
738 1 20.054300 3.992300 1.006820 
1033 1 23.138000 5.524090 0.209769 
1634 1 22.389100 6.503790 11.979400 
1804 2 21.640200 8.727070 7.410250 
1688 2 14.470700 10.784900 7.097740 
133 1 22.286700 8.173860 7.577940 
1595 2 23.520500 0.932641 9.844010 
1586 1 21.336700 11.027900 2.405370 
685 1 18.537200 7.696320 2.565470 
1017 1 23.172400 1.325660 8.026770 
1674 1 25.376400 1.941510 3.112600 
1164 2 26.078800 9.894760 6.922810 
575 2 21.923200 11.938000 8.719280 
1693 1 18.959700 12.913800 6.552890 
543 2 16.931300 11.509400 10.104800 
14 1 21.151300 10.837900 3.883040 
1637 1 13.399900 13.241500 0.067643 
878 1 22.491000 7.144020 2.676780 
832 2 23.328100 8.502150 12.694400 
1875 2 13.618800 10.355600 12.359400 
1478 1 18.772500 9.711470 9.293880 
840 2 19.308600 0.817787 10.406000 
969 1 14.887000 8.532320 1.139300 
789 1 23.055000 7.672660 3.676650 
1924 2 13.206200 12.839500 0.269264 
1649 1 16.740900 8.400180 7.620820 
1424 2 16.921300 8.107420 10.261600 
520 2 26.129500 7.372940 3.947880 
1603 2 21.561900 0.551023 6.558050 
866 1 22.307200 8.690910 11.240900 
933 1 26.374400 5.002030 13.270000 
1778 1 17.355400 12.396200 0.697375 
1427 2 21.598700 11.011000 12.309900 
760 2 16.908400 1.053490 2.511480 
848 2 16.881500 4.285430 9.218040 
1738 1 20.251800 12.776700 10.675400 
731 2 21.659100 1.038830 3.545570 
1669 1 23.109400 11.248900 9.842850 
71 2 19.783500 6.266570 9.209750 
976 2 21.679100 5.720400 11.736400 
893 1 20.505200 3.160980 5.234210 
1645 1 17.048400 9.784270 4.854220 
709 1 23.542600 7.192440 12.614300 
806 1 19.356500 6.030080 9.460100 
244 2 25.954000 9.984340 11.504700 
1239 2 23.322800 8.315400 5.113940 
1647 2 17.239200 8.048390 3.074100 
1037 1 17.922800 6.465660 0.312762 
1651 2 17.931800 6.894470 -0.115254 
1432 2 14.403400 11.290100 1.800370 
190 1 21.162500 4.254810 3.002570 
631 2 18.797100 2.476580 6.194240 
748 2 18.585400 5.687060 4.611730 
1356 2 23.718200 4.704860 2.890990 
1700 2 26.284000 11.993000 2.777890 
1769 1 21.299200 0.353560 4.629400 
1040 2 23.468600 10.987100 2.174960 
1553 1 18.996000 12.057800 2.920090 
1600 2 15.050200 10.190400 1.931490 
52 2 23.275800 0.650578 9.486280 
429 1 19.990500 3.891930 10.804000 
43 2 13.751400 7.378620 3.060960 
541 1 14.686500 10.953800 7.984920 
1201 1 13.667800 1.656590 6.925580 
1247 2 22.727400 5.229620 9.682180 
1449 1 13.514100 8.747910 8.475140 
732 2 15.026300 12.675400 11.957400 
1306 1 22.720000 4.031970 2.122700 
907 2 26.194900 10.477800 11.522900 
998 1 25.075900 11.455900 11.577000 
306 1 14.569700 7.269940 7.930750 
1455 2 21.092500 8.388280 0.072193 
1484 2 19.063100 0.006925 6.134770 
1349 1 15.893100 1.101860 11.280500 
1735 2 18.434600 1.263530 2.702920 
980 2 16.232100 1.819060 8.698630 
12 2 20.657200 0.957656 11.145500 
770 1 17.100500 0.957853 0.574559 
1628 2 19.769200 12.911700 13.214900 
1826 1 13.535000 0.628568 3.392640 
421 1 16.722400 12.778600 9.265730 
219 2 20.397200 12.850500 10.893000 
1350 1 21.610400 10.994300 12.780800 
891 2 13.730900 12.769700 0.620117 
25 1 24.805200 1.966580 12.549300 
20 2 15.662400 6.121220 12.967600 
797 1 24.727200 4.153880 0.493150 
701 1 13.495800 0.545303 12.948700 
1673 1 18.544000 10.518300 13.074500 
1418 1 18.780900 0.414175 0.437876 
844 2 24.168700 11.664100 0.275470 
819 2 17.535900 0.810103 0.153254 
1592 2 19.538300 3.126750 12.850900 
1766 1 23.415400 9.422180 13.053200 
1041 1 15.134500 12.798800 23.205500 
1413 1 24.704200 9.138960 23.251000 
1780 2 18.881200 0.284337 19.821100 
1322 1 20.241100 10.087900 17.804600 
839 2 26.420600 8.991910 22.202200 
223 2 21.307700 7.352350 18.479800 
414 1 18.756200 7.401590 15.316200 
42 1 20.576200 3.468580 13.508300 
1849 1 22.333500 5.344570 24.595400 
1131 2 23.186700 5.846260 22.023200 
1058 1 14.663700 10.812700 17.243000 
1969 1 18.785000 4.284950 18.108900 
1150 1 19.535200 2.848740 22.947000 
1995 2 20.002000 10.819500 16.407000 
237 1 15.175700 3.049340 15.829200 
1404 2 14.050900 11.346900 24.619400 
1504 2 17.187400 12.739700 19.614500 
1757 1 17.474500 13.011800 19.729900 
640 2 13.453300 2.599810 14.252500 
724 2 18.899700 1.875070 24.977700 
666 1 24.564300 7.627120 25.991200 
67 2 15.474300 9.968630 15.124600 
97 1 14.186900 7.903460 16.388400 
1728 2 26.390200 8.122790 22.299700 
1707 2 18.443300 10.980000 13.534300 
999 2 25.348700 9.852960 15.281900 
120 2 13.677800 12.764600 21.434100 
500 2 24.819100 10.452300 18.872100 
1828 2 22.937100 0.776943 22.464500 
1964 2 14.400300 7.429380 21.375700 
799 2 18.564500 2.553510 19.914200 
746 1 20.205300 8.375090 18.392800 
1315 2 19.887900 1.042150 18.717800 
1904 2 18.470200 7.945810 14.885300 
1897 1 23.863700 1.318580 22.999200 
804 2 15.371600 10.549600 16.265900 
1285 1 18.820100 1.773140 23.740900 
517 1 16.992800 0.661711 14.041200 
1477 1 25.978300 7.049420 19.934400 
1618 1 15.402600 0.022489 17.790600 
160 2 25.496100 0.126553 20.128800 
570 1 15.716100 3.588800 22.920800 
1617 1 18.330800 -0.048911 15.792200 
1515 2 21.465700 10.523100 22.283500 
932 2 13.936200 7.611370 23.830500 
1139 2 19.160100 7.460060 15.943500 
529 1 15.960800 10.612000 16.503300 
978 1 17.903200 7.450430 22.218600 
299 2 24.106600 10.115500 24.055900 
938 1 23.736300 0.043987 13.521400 
948 2 22.406800 2.275700 23.855200 
1833 1 17.447800 11.983500 21.477900 
53 1 21.680700 0.205600 22.146600 
1348 2 15.944200 5.536700 14.852800 
464 2 18.513100 8.938960 20.582900 
365 1 25.853300 4.082020 23.124000 
440 2 20.581100 11.472000 16.017400 
1185 1 18.227700 8.773020 16.760700 
222 1 16.331300 0.943616 18.778400 
576 2 21.232500 11.419100 22.753000 
1488 2 18.540800 7.521340 15.492200 
69 1 19.906600 4.375030 20.297600 
1440 2 13.745300 7.724900 24.916500 
460 2 18.378600 11.581000 14.654300 
1071 2 20.738500 2.471150 21.812900 
1073 1 17.302600 8.200300 25.935600 
1182 1 21.843400 2.288650 15.041700 
1607 2 25.520000 1.517300 15.932500 
1779 2 14.287300 2.650080 23.559400 
406 1 23.157900 8.980760 15.673900 
1763 2 17.715100 10.045800 26.486600 
1137 1 13.671400 3.572710 14.170000 
898 1 16.633700 6.527900 13.331100 
783 2 26.216900 5.401980 13.748000 
855 2 21.618000 11.924700 26.204900 
1419 2 17.914900 9.839090 17.215500 
367 2 16.670600 6.164790 24.198900 
736 2 14.064800 0.796192 17.765400 
1288 2 18.113400 7.448570 22.968600 
104 2 24.051900 5.443750 22.693300 
171 2 25.288900 6.186340 19.981000 
1841 1 22.029800 11.771900 26.085300 
1421 1 22.921200 5.172000 17.019800 
1326 1 22.138600 3.519950 24.139400 
23 2 15.929700 5.568070 20.638100 
246 1 17.275200 2.310200 19.077900 
1124 2 17.469400 6.532670 18.529900 
648 2 16.836500 11.351700 22.990400 
962 1 15.028000 2.183870 13.621200 
1211 2 13.600800 2.514640 13.816800 
647 2 19.945400 3.944890 25.763400 
276 2 18.199700 1.030200 26.134400 
189 1 21.824800 12.107800 21.378000 
1056 2 20.452400 5.213670 25.122700 
352 2 22.242500 11.409700 20.536500 
1004 2 17.425900 2.363870 14.547600 
1169 1 25.946300 6.865480 25.500700 
465 1 15.280300 4.844740 14.762200 
611 2 24.013800 7.408020 14.098000 
1357 1 18.737100 11.538300 25.027500 
981 1 19.833200 6.463850 26.324500 
1024 2 26.441200 10.768500 21.194700 
1771 2 22.600500 0.228137 26.498200 
1119 2 16.695800 9.502410 20.475200 
1578 1 18.671500 2.921530 13.435200 
476 2 22.145000 6.664840 23.762700 
1655 2 25.484600 12.751400 13.894500 
1974 1 18.130200 12.815000 25.056900 
1957 1 22.920900 10.476200 20.496000 
1400 2 19.735900 6.798450 24.751500 
225 1 14.126200 8.320010 24.063500 
851 2 15.065500 4.217210 16.822700 
458 1 14.891200 4.919310 19.512900 
1888 2 20.958000 8.663200 18.407500 
571 2 23.006200 1.137300 20.570800 
344 2 23.344200 4.914340 18.281000 
115 2 16.199900 11.589700 21.000100 
1118 1 13.698200 1.431670 20.297200 
215 2 20.163200 10.923900 19.822500 
1979 2 18.512600 4.153310 18.307200 
1463 2 15.249600 11.612800 16.947300 
581 1 13.986000 11.685400 24.871600 
1100 2 21.800900 7.669750 14.346400 
767 2 22.157100 3.609540 24.747100 
1369 1 13.539400 0.398250 17.116200 
1642 1 17.671000 10.490900 22.574400 
141 1 25.977300 11.299300 22.016700 
242 1 14.229200 12.291700 13.567900 
494 1 23.723600 5.622710 22.819800 
669 1 22.255100 6.906170 23.943200 
1952 2 24.058800 2.880370 20.538600 
322 1 14.964800 7.020390 21.570600 
977 1 16.508300 10.822000 23.894200 
1299 2 17.653400 6.413560 21.915700 
751 2 13.979500 0.909181 19.014600 
1329 1 23.876300 6.150300 18.233200 
155 2 19.499500 0.192355 23.190900 
1817 1 13.688500 8.432380 13.683600 
94 1 22.916600 9.920810 15.995700 
1955 2 23.060400 9.585640 20.042800 
827 2 15.691400 12.371000 23.656600 
1012 2 19.183600 11.311700 21.904800 
798 1 16.381700 11.339700 19.922000 
116 2 13.515700 12.928600 15.381500 
1112 2 19.174000 12.569200 25.393000 
455 2 16.869000 1.010090 19.002000 
1395 2 14.403000 3.730370 23.360300 
74 1 21.463700 10.651800 22.646500 
1106 1 22.115900 1.375920 25.766200 
1850 1 19.467800 11.837100 15.465600 
1341 1 16.988800 6.022860 23.956300 
1759 2 25.672600 4.579770 23.472400 
1304 2 15.655300 3.284700 22.874000 
121 1 14.275900 2.699370 25.036200 
1639 2 20.723300 2.923110 15.522800 
638 1 14.182700 1.645640 22.242900 
1184 2 20.726900 2.341730 22.406500 
1120 2 21.543700 0.674197 19.396200 
124 2 24.483800 6.601140 15.266800 
1499 2 25.531700 11.919700 22.794800 
1526 1 18.514600 0.677205 19.346300 
18 1 20.897500 12.087500 23.709600 
1882 1 24.243100 0.545483 17.422800 
1931 2 18.868400 10.087900 23.569300 
439 2 21.737700 8.536050 15.643700 
594 1 25.434200 11.294700 19.127900 
629 1 26.100600 5.245160 20.414500 
1858 1 20.460400 9.461620 20.293900 
232 2 19.180500 3.604630 18.485500 
811 2 18.030200 1.915720 15.214800 
233 1 22.603000 13.172100 19.849200 
1429 1 26.312300 5.619150 14.919000 
1108 2 14.046100 6.844780 16.773400 
1661 1 16.231600 4.985540 17.379900 
1656 2 26.239000 10.894900 16.112000 
1014 1 18.387200 13.313300 14.192800 
1857 1 24.563400 4.838750 21.338500 
846 1 21.312000 10.224200 15.148400 
185 1 23.258900 1.286140 20.489700 
1085 1 21.558000 7.523730 14.664300 
1278 1 17.694400 6.579130 19.064400 
1238 1 26.511900 8.969580 15.015400 
1665 1 21.416800 8.760270 24.638700 
1465 1 24.513700 10.650400 23.923000 
910 1 21.028800 1.652600 20.582000 
522 1 13.642600 5.433340 16.834400 
1843 2 22.982100 0.571304 21.935900 
1547 2 24.565700 7.773670 26.078500 
952 2 25.789100 13.333800 14.269800 
526 1 19.763600 3.937640 25.121800 
1133 1 19.947700 10.572800 21.836900 
1374 1 26.560300 11.665100 16.427100 
1726 1 15.217000 7.262810 23.696000 
1993 1 16.113200 6.591050 19.078800 
1013 1 19.758500 7.271580 23.639900 
1730 1 25.756200 10.591900 14.924800 
384 2 16.165500 6.569490 19.671500 
449 1 21.512900 0.537811 19.632400 
909 1 22.412800 6.545340 22.272900 
1294 1 22.828300 4.405980 19.378000 
1209 1 20.903800 4.773500 15.874700 
1152 2 21.185300 5.482640 20.557900 
1606 1 17.679800 10.325100 14.516400 
940 2 24.449200 12.396300 22.007700 
830 1 22.729900 7.164440 13.919600 
730 1 24.028800 2.895480 19.043700 
1909 1 24.977800 6.979900 14.438300 
805 1 20.144800 1.342810 17.957500 
336 2 15.563300 0.200485 21.319500 
93 1 25.620300 0.136064 20.059200 
652 2 24.564100 9.671390 23.944600 
1244 2 26.132000 5.704620 14.021800 
1337 1 18.102900 2.227770 15.356200 
809 1 24.799400 12.302600 22.176800 
103 2 23.031900 3.779710 19.195900 
1800 2 21.531300 9.972570 24.552000 
1377 1 19.517800 13.017100 25.365900 
1577 1 25.243800 12.546900 14.181400 
139 2 24.199300 5.018270 17.397800 
1502 1 15.514600 10.031600 14.498900 
1559 2 16.210100 4.694610 14.847800 
1805 1 24.041800 3.122670 20.413100 
596 2 25.768100 3.676170 26.006700 
1228 2 14.947300 4.204940 17.961200 
762 1 20.376100 8.137760 15.380500 
699 2 23.022400 10.189400 15.711600 
1072 2 24.961400 7.795590 25.685400 
1724 2 21.434500 3.402800 16.579900 
1877 1 18.765500 9.126980 20.680100 
1703 2 26.179500 7.889870 22.890100 
1007 2 18.992600 12.665100 25.499900 
1906 1 23.003700 10.186500 23.769600 
682 1 25.169300 6.430540 16.827400 
1905 1 24.482000 9.635800 18.744400 
1663 2 18.171000 0.545012 25.499900 
1615 2 20.949000 5.255080 15.874100 
913 1 22.230700 1.694280 22.687700 
1923 2 22.830700 1.588170 15.577700 
1410 1 18.029000 5.395090 15.398800 
1487 2 25.975300 12.187600 17.329700 
1175 2 20.117000 12.999500 15.246800 
1289 1 15.750900 12.582600 15.826800 
1631 2 21.053000 7.387520 23.462600 
1158 1 20.662100 3.568500 16.502800 
1667 2 16.901200 0.599954 13.917500 
78 1 25.492500 2.952480 17.003300 
46 1 21.867600 12.141900 16.312800 
985 1 24.805700 8.015800 24.428500 
1699 2 13.732500 0.277445 18.130000 
363 2 14.243200 8.627660 24.112300 
549 1 17.627900 1.302650 25.377300 
516 2 22.877700 9.715790 15.965500 
417 1 20.095700 9.368450 26.617400 
157 1 14.227000 1.831630 17.945000 
686 1 18.571600 10.383700 17.631700 
1218 1 20.563600 0.917956 14.092900 
562 1 25.731600 3.083930 26.364300 
1812 2 17.318400 12.776000 25.827300 
1565 1 24.982300 8.945240 25.996400 
442 1 16.772400 10.980900 26.426200 
423 2 19.934000 2.912000 13.180000 
1392 2 15.262200 16.422200 8.333730 
949 1 20.550700 19.865900 6.840370 
1725 1 17.352300 15.854400 11.994400 
975 2 20.654400 15.857800 12.661400 
704 2 17.262000 16.061500 4.242460 
1966 1 22.917900 20.697200 11.395900 
1242 1 16.997500 14.842000 1.902110 
927 2 14.186100 25.999200 1.501260 
954 1 26.307400 17.002500 12.790600 
1929 1 25.218600 18.089700 9.526800 
180 2 24.095900 16.587800 4.409430 
777 1 19.145900 20.611200 11.316300 
503 2 24.640700 19.424800 9.753580 
881 1 20.293500 19.915300 10.069400 
1223 2 19.960000 21.415000 0.375828 
1259 2 14.606800 17.455800 1.744240 
868 2 20.700000 21.680000 6.554830 
161 1 17.802200 18.356400 5.039980 
1059 2 24.125600 16.935300 12.816700 
89 1 22.948900 24.576100 5.677460 
1551 2 16.558700 19.544900 6.139490 
1880 2 25.939400 13.792800 7.570610 
988 2 22.329100 15.646000 8.055990 
1983 2 14.472500 18.693400 3.931470 
1331 2 16.458800 18.439900 1.502040 
871 2 22.679700 21.166000 1.772320 
1677 1 13.604600 20.496200 11.019600 
101 1 13.929000 18.026600 5.986590 
409 1 15.087700 16.546100 7.815000 
340 2 24.924200 20.821800 0.580872 
333 1 18.733500 20.878100 5.533520 
187 2 13.748600 24.063700 10.612200 
337 1 17.515300 19.102800 7.067450 
885 1 16.313300 15.368300 11.153800 
1171 2 19.789300 20.772100 12.444300 
211 2 22.572000 24.714600 2.443900 
1793 1 14.598000 21.145200 2.665260 
1768 2 26.356600 17.737600 12.149800 
318 1 23.052700 19.165600 6.019360 
307 2 17.899900 23.266000 4.350050 
109 1 17.115100 21.956200 4.967690 
72 2 20.355500 18.094200 5.803540 
415 2 14.459500 20.758300 11.940500 
259 2 15.577600 26.279600 5.960890 
1161 1 16.931900 16.909100 4.763940 
519 2 26.196400 25.049500 12.614800 
814 1 22.170200 21.591600 2.792560 
38 1 20.681300 17.109700 10.500100 
1060 2 13.448100 26.172500 1.295610 
1666 1 19.683200 14.136300 12.815100 
1845 1 23.246900 19.356600 9.931430 
1140 2 21.458500 16.678000 10.578700 
1813 1 18.946500 14.509800 9.724350 
324 2 22.510500 14.446000 1.292550 
1852 2 17.488600 23.292800 5.453430 
1162 1 23.937800 14.121500 2.579410 
45 1 25.237900 17.841600 0.520916 
469 1 16.428600 18.648700 8.408400 
1032 2 15.974800 18.022300 11.432600 
302 1 21.581000 15.649400 5.640740 
1886 1 19.239300 25.298700 4.787420 
1389 1 23.179500 14.082800 4.807370 
537 1 20.423900 23.484500 8.413720 
887 2 24.340300 13.694200 11.375100 
721 1 20.604300 26.403800 10.851500 
1039 2 19.621900 24.169300 2.409310 
572 2 14.448800 21.492100 5.661600 
508 2 20.766000 21.542900 2.879040 
1444 2 24.388900 17.842600 9.961200 
183 2 24.690700 17.199900 10.061700 
1311 2 20.552900 22.605600 7.328030 
824 2 23.675500 20.434700 8.085850 
148 2 21.265500 13.644700 4.562380 
1987 2 17.451800 25.688300 9.528720 
343 2 25.735000 22.342100 4.613930 
47 2 23.631200 13.528500 1.657700 
729 1 15.319000 22.077100 8.682490 
1958 1 26.608700 18.467900 10.507100 
1546 1 21.643400 15.987900 7.526430 
1816 2 23.935500 24.616700 8.814120 
559 2 16.318200 19.126200 8.884410 
716 2 16.682900 19.103100 6.964730 
207 2 21.724500 23.109000 12.026900 
1727 2 14.878100 22.297900 9.722390 
1822 1 13.909600 18.114900 3.370830 
1038 1 23.641300 20.419300 8.207350 
236 2 17.204600 23.682300 0.339134 
620 2 18.706600 25.137000 12.405300 
515 2 24.246500 23.266100 9.186140 
1646 1 18.716000 24.921900 0.271034 
1784 2 14.406900 21.102500 1.021370 
538 1 25.284900 25.548000 9.610690 
1811 2 21.746200 15.857200 1.778870 
1334 1 16.114300 19.130600 6.146280 
483 2 15.640800 14.942200 3.626360 
459 2 20.810400 15.997700 6.255470 
1859 2 14.802600 17.242600 13.006400 
720 2 22.054300 20.689800 10.574800 
618 1 20.233300 23.752300 3.169750 
478 1 25.001800 21.773300 4.703960 
70 1 23.313000 24.774600 11.979400 
630 1 22.405500 17.293400 11.472800 
1896 2 17.322400 14.235500 10.339200 
1001 1 17.707700 15.281700 3.936440 
1328 2 19.553600 19.821800 11.037100 
87 2 15.735200 23.470600 6.010710 
532 2 16.415000 15.513200 12.624400 
558 1 20.847900 22.215900 12.379900 
288 2 14.394100 18.554000 5.303630 
1376 2 16.734800 23.982300 4.091920 
1737 1 24.185300 13.776700 11.753600 
693 1 24.585900 16.449200 2.036060 
1598 1 22.585800 13.414800 1.225400 
426 1 14.908000 17.732800 13.106200 
1801 1 25.405000 21.474900 7.346520 
1028 2 20.277700 19.924800 6.487630 
143 2 24.633000 25.194700 7.315270 
1747 2 18.326100 14.324700 13.241100 
110 1 18.463100 25.266100 12.642500 
1903 2 18.518300 18.417200 4.716460 
1489 1 18.870600 16.719700 0.525319 
1080 2 16.894700 15.149000 1.916230 
604 2 22.952000 22.495500 0.530769 
623 2 15.052900 16.136200 6.517720 
1521 1 25.739300 24.401900 5.448140 
916 2 22.183800 13.534600 3.811580 
971 2 24.986200 16.722200 2.312960 
924 2 26.403900 22.940000 3.449990 
1754 1 17.966600 23.745700 5.521440 
965 1 15.439200 25.717800 5.834100 
966 1 22.934200 24.793100 2.473210 
1255 2 17.995500 21.287200 10.704100 
80 2 14.337700 21.294800 10.328900 
377 1 15.722500 18.329100 11.339600 
1031 2 19.715600 15.506600 3.883490 
1049 1 20.928800 21.593400 7.069500 
27 2 17.113100 23.764500 0.685302 
1900 2 25.289500 17.424900 0.694728 
1799 2 23.380800 16.833100 5.372970 
872 2 13.588200 15.705100 5.670310 
600 2 26.071600 21.830600 6.158620 
1579 2 13.415100 13.463700 10.872400 
375 2 20.361100 20.769500 6.833210 
728 2 13.241200 23.298900 8.414850 
1091 2 24.228600 14.072100 4.566060 
968 2 17.419900 22.825100 11.491200 
852 2 21.377500 26.707100 5.062860 
1870 1 21.445300 23.490700 5.792670 
1574 1 16.793300 14.964900 13.015600 
1417 1 19.011300 15.676000 6.376990 
1183 2 23.256800 23.083100 6.262930 
1190 1 25.241300 14.047300 4.969930 
1099 2 13.523300 25.273800 4.522720 
585 1 23.357800 25.053000 7.763810 
1385 1 19.995000 23.773900 10.697500 
35 2 13.909000 21.720800 2.561420 
1729 1 21.492100 13.865400 9.348220 
929 1 19.087500 17.362900 9.172150 
277 1 20.687100 21.546800 3.861820 
1954 1 21.988900 18.867000 1.684510 
1842 1 13.291900 22.877900 8.774360 
769 1 16.950600 26.151900 4.177120 
918 1 15.519600 22.640900 12.684400 
475 2 24.677900 22.802300 5.181980 
1589 1 14.647600 16.139900 3.025300 
835 2 16.364900 22.487000 3.312790 
1403 2 20.215900 18.738200 9.771660 
1986 1 14.644900 22.388900 10.109500 
241 1 19.344300 25.888600 9.574700 
1943 2 16.989400 15.046500 8.015120 
692 2 17.600300 17.346100 9.409290 
1664 2 19.983300 24.504700 9.027640 
41 1 25.037300 13.588000 7.391940 
1441 1 23.683400 23.523100 9.161950 
1317 1 15.927200 15.143600 8.225420 
1138 1 19.600400 15.339100 3.595180 
463 2 16.836800 15.603000 11.713600 
1676 2 16.602000 14.416900 7.025160 
973 1 13.946200 15.965400 5.978670 
1838 1 13.748000 26.111000 1.644290 
1249 1 18.025700 23.763900 11.548300 
1461 1 23.682500 19.124700 2.854380 
761 1 24.905800 13.760700 0.251727 
252 2 22.476000 18.785000 2.104820 
1405 1 24.362600 20.501700 12.954600 
1145 1 16.942600 24.840200 9.159850 
942 1 22.264200 15.667800 1.970580 
1552 2 14.476400 22.249300 2.449750 
2 1 19.924800 17.563100 4.657610 
266 1 19.900300 20.041900 1.992360 
1235 2 24.059000 20.263600 12.901800 
644 2 13.692300 13.193700 5.574030 
1786 1 14.031400 25.949700 10.649900 
870 1 25.317300 14.781900 10.055300 
754 1 24.070500 16.943100 5.335360 
341 1 17.254500 22.955400 3.188410 
710 1 13.729700 24.691300 8.218270 
675 2 17.436600 14.552200 1.434420 
583 2 21.665700 19.284500 3.906180 
1083 2 22.619700 14.627100 8.989190 
1894 1 15.727400 20.447300 9.765920 
1371 2 16.164400 22.489200 12.338600 
536 2 22.822500 23.831600 5.529490 
1682 1 13.639900 20.091000 1.306000 
766 1 15.540400 23.399000 5.878630 
1761 1 16.777600 23.421400 0.450254 
1232 2 26.319100 15.387300 4.711350 
292 2 15.734400 24.531600 9.237520 
422 1 16.765300 18.605900 1.236280 
1921 1 13.807700 14.234600 11.671200 
1513 1 15.052400 23.309000 2.321200 
689 1 23.709200 16.361000 10.083600 
1942 1 19.717900 22.917600 2.066700 
795 2 19.653600 23.369700 10.564800 
1972 2 20.673700 22.678700 3.219070 
1835 2 18.290000 25.307400 12.695800 
441 1 15.105300 14.765700 3.462460 
1657 1 22.448800 21.044400 0.126576 
718 1 17.467200 22.380300 11.424700 
991 2 17.745000 14.478200 8.313600 
1885 1 14.384100 21.267000 5.482490 
209 1 25.978400 15.597500 4.901800 
612 2 18.672800 18.123600 0.392850 
311 2 18.876500 17.105200 0.205603 
1269 1 13.873000 20.799100 12.568500 
633 1 14.156400 17.868400 0.570166 
821 1 14.425800 18.400100 23.286900 
489 1 14.998500 19.691500 15.223400 
1324 2 14.518300 20.937500 13.275800 
1741 1 23.057800 25.596500 21.844200 
286 1 21.183500 13.983400 17.396500 
1563 2 22.274300 22.462300 20.026000 
1153 1 15.547200 15.143900 16.656900 
499 2 26.597700 26.400000 26.374700 
1353 1 13.301700 16.822500 23.328500 
285 1 13.926500 26.321000 26.447200 
794 1 17.312900 13.797100 17.803000 
1743 2 23.408200 23.802700 25.111800 
368 2 19.079300 18.218400 17.968400 
1077 1 19.983800 23.495200 24.618200 
226 1 15.039100 16.834700 14.773700 
668 2 24.550500 24.982000 15.295900 
1652 2 23.074200 15.704400 16.236700 
1203 2 14.600100 21.275300 25.348700 
785 1 25.483800 16.666100 16.509600 
822 1 19.868200 20.232600 25.446800 
876 2 14.041200 19.286300 17.297500 
289 1 18.951700 25.327300 14.484700 
95 2 18.698500 25.906100 15.339900 
1497 1 23.330900 14.644900 17.980400 
102 1 26.054500 17.271700 25.626500 
842 1 13.867200 19.069200 21.582400 
1471 2 19.868300 17.700000 15.622100 
214 1 23.553600 17.165400 21.636900 
1501 1 16.851900 18.717000 13.556300 
1271 2 23.060200 15.444700 21.724800 
435 2 22.724600 18.743100 19.573500 
361 1 23.146100 24.018200 19.759400 
338 1 21.810700 13.589500 25.531200 
1715 2 18.089000 20.314900 22.135700 
1944 2 18.444000 17.294700 23.052600 
1680 2 23.894900 19.011300 20.042000 
399 2 14.336500 18.453800 14.949300 
593 1 24.441200 14.572000 22.567400 
147 2 16.736100 22.110800 23.091600 
703 2 17.695600 25.996300 17.442900 
193 1 15.354200 23.651800 21.459500 
1397 1 13.836500 22.895700 26.466100 
758 1 24.047100 24.851600 15.262400 
592 2 17.931700 18.714300 13.394400 
1511 2 21.873400 23.918400 14.455400 
1482 1 23.156900 16.915300 16.388100 
684 2 22.552800 17.697000 25.594600 
1781 1 15.867400 15.290600 25.992000 
152 2 19.437300 19.792100 21.830000 
272 2 20.061900 19.757600 15.553100 
1535 2 24.848300 25.838700 19.472000 
1610 1 22.012400 15.408600 24.477900 
1824 2 22.983600 15.109700 17.000600 
1193 1 14.305800 23.218200 20.836600 
1016 2 17.336200 25.190700 15.478500 
1873 1 14.970500 18.474600 17.764400 
1375 2 20.846100 13.311800 23.075900 
582 1 25.500000 16.242500 23.421500 
1808 2 25.031800 23.432700 17.558500 
105 1 13.750300 23.955400 18.945000 
1316 2 18.388400 14.932700 16.240200 
597 1 21.150600 20.389500 20.782200 
334 1 25.218900 26.157300 23.927700 
1630 1 26.160900 16.514300 14.622200 
248 2 20.551900 25.789700 14.270900 
546 1 20.971100 21.947300 15.648800 
6 1 23.976700 21.797800 19.067500 
1143 2 22.171300 19.118400 14.597800 
1581 1 17.447200 21.420800 26.404900 
1990 1 17.300800 21.017300 22.799500 
1920 2 25.615500 18.348300 22.792200 
1483 2 21.903000 15.437800 25.363300 
457 1 15.649600 20.001300 24.736800 
1659 2 25.205400 18.819100 17.418300 
911 2 14.408800 14.875000 22.835000 
1745 1 23.452400 24.158700 25.503700 
64 2 23.591300 21.670700 23.908000 
947 2 24.612300 26.284400 23.991900 
420 2 20.679400 21.585800 19.593700 
928 2 16.000000 24.573700 16.298200 
239 2 14.302600 25.179000 14.451700 
230 1 18.501300 15.237400 24.671300 
504 2 18.566000 26.680800 23.363400 
791 2 26.325700 16.849900 13.901400 
1601 1 17.478800 17.440100 23.021100 
1165 1 15.935600 19.613500 20.044800 
1795 2 25.213100 23.315900 17.599100 
54 1 21.209400 22.431000 20.509900 
1323 2 16.203800 17.970700 14.798200 
964 2 22.861700 15.996100 22.812700 
753 1 19.886600 24.856800 19.228400 
601 1 19.613700 19.979400 14.911500 
359 2 21.150100 20.937800 16.318400 
1009 1 21.567600 21.954600 22.528400 
1830 1 20.508800 25.434100 14.820200 
1650 1 21.743400 19.853100 14.593100 
1837 1 25.497600 16.990100 19.078100 
756 2 21.185300 13.444900 19.293200 
1583 2 23.987100 24.203900 15.968100 
1706 1 20.103300 23.218700 17.765400 
37 1 24.566000 15.841100 19.260400 
366 1 22.572800 21.459600 18.494100 
1167 2 16.951100 24.116100 20.718200 
838 1 18.508400 26.208700 23.995300 
905 1 16.067400 15.993700 20.695400 
1867 2 17.232300 15.277200 14.831900 
1101 1 23.664400 19.774800 19.794900 
649 1 14.360700 14.275500 19.429200 
354 1 26.159300 21.966700 25.345800 
1597 1 18.403000 26.188200 21.162100 
1701 1 22.758000 15.617900 23.329600 
863 2 13.497600 18.549600 19.546200 
205 1 25.046800 20.618300 17.062400 
1409 1 19.535100 21.348600 13.579800 
220 2 22.286000 18.110100 13.851500 
1989 1 17.078600 20.473200 19.121400 
1914 1 23.600700 17.235400 18.050900 
1147 2 16.549600 13.365700 23.438200 
660 2 16.404000 20.198700 19.889200 
681 1 20.322900 19.388300 16.624300 
613 1 24.658200 24.059200 18.098800 
625 1 21.108400 15.324700 13.843200 
392 2 18.226600 23.794000 26.620300 
539 2 17.261800 13.479400 18.393700 
621 1 16.942600 25.409300 25.735700 
1932 2 26.080400 13.842700 24.966600 
987 2 17.822300 17.461900 21.960300 
1543 2 13.762200 23.659400 20.282900 
579 2 26.217200 16.804500 25.018800 
1378 1 19.933000 25.908800 23.131500 
1346 1 21.361500 18.349900 13.937100 
1863 2 19.014800 23.837000 14.550100 
1048 2 19.189800 22.873300 16.494900 
1506 1 15.252900 23.404800 16.519700 
859 2 17.370300 26.318000 20.944300 
802 1 14.614400 25.459300 14.672900 
1787 2 20.236900 24.226500 19.694100 
301 1 25.105200 21.585300 15.338100 
632 2 15.237900 23.401900 21.006400 
535 2 21.512200 18.538000 23.924600 
1890 1 14.921900 14.696600 24.890900 
325 1 24.045200 22.798500 22.380700 
1370 1 17.499400 16.583100 19.893800 
1490 1 22.919000 19.445500 14.041500 
178 1 18.628700 22.789900 16.744900 
1172 2 24.513700 25.674400 24.810300 
1512 2 18.507700 15.852400 25.443200 
1116 2 13.710800 25.609900 25.851000 
974 1 16.675100 26.431000 20.848500 
1448 2 21.459800 22.317000 24.055200 
1714 1 20.299700 18.007800 24.481800 
696 2 14.920000 15.858000 18.103900 
1819 2 13.322100 18.184100 16.914000 
1582 1 18.791300 24.003200 19.543500 
68 2 17.399700 22.948200 22.588800 
347 2 25.382800 15.559900 23.638100 
11 2 20.866400 15.543000 18.973400 
1115 2 23.431300 17.256600 17.627200 
495 2 25.497000 19.780300 15.908200 
1908 2 19.715300 24.636500 19.164800 
717 1 25.385400 21.362200 20.532800 
257 1 20.681500 24.143400 13.783200 
270 1 13.705600 21.115800 20.502300 
1420 2 18.853100 16.101300 15.433900 
1635 2 26.068300 16.358700 16.116700 
454 1 19.089800 14.268700 16.826000 
1629 1 16.895100 24.129200 20.794300 
1384 2 15.656200 24.398600 17.190000 
196 2 21.542300 14.769400 23.665000 
79 2 26.098100 21.462400 22.201400 
303 2 15.481000 20.647400 15.440400 
711 2 15.604400 24.015400 16.706200 
636 2 16.866300 15.657700 20.236900 
609 1 24.903200 14.464100 19.902100 
1640 2 14.837100 13.867700 17.783200 
1 1 16.617300 22.735300 23.229600 
330 1 14.004800 18.004800 13.362200 
616 2 21.471700 19.946600 24.453300 
34 1 17.966300 17.677900 25.965700 
1542 1 18.694500 15.369400 14.832600 
355 2 20.716500 26.466000 14.309100 
1713 1 19.414600 17.687800 15.887400 
847 2 25.848100 21.304200 23.230700 
282 1 23.044400 19.191600 15.290900 
1733 1 17.703300 23.186900 22.101700 
1520 2 25.037500 22.174800 14.884500 
1188 2 24.216300 19.748300 16.985200 
1309 1 19.654400 14.589800 19.320400 
865 1 18.100200 18.872600 21.108200 
319 2 15.224900 21.190500 20.860200 
1107 2 15.828500 19.539200 19.384300 
50 1 16.268700 24.946300 16.784600 
332 2 22.178400 19.987200 14.794000 
370 1 19.092700 20.733700 21.486100 
1241 1 21.923600 18.356300 17.572100 
1086 1 25.893300 19.049300 16.429900 
796 2 15.941800 19.777600 15.953700 
672 2 24.979900 15.730700 19.285700 
206 1 13.349600 20.953400 15.303500 
437 1 17.914100 19.338500 22.902800 
1717 1 24.338200 20.040000 24.531800 
158 1 13.549800 15.104300 23.610000 
1276 2 14.328300 17.877200 22.942400 
1067 2 21.515700 22.981300 21.955900 
1550 1 25.502100 18.869000 23.123400 
1967 2 20.394900 20.415400 20.851300 
1254 1 16.011500 20.345600 15.511000 
743 2 14.907900 18.529800 24.465100 
524 2 21.983800 22.171900 19.540500 
860 2 14.470700 14.689600 25.166600 
1823 2 24.207700 14.457300 19.592300 
698 1 20.552600 18.093000 18.973700 
76 2 17.065400 22.604500 14.045600 
1198 1 16.573800 18.034200 15.387500 
249 1 16.792500 23.466300 17.698300 
1191 2 25.397700 19.147600 23.966900 
989 1 14.148000 21.308300 25.703500 
674 1 17.206200 24.155600 15.128600 
496 2 16.161900 20.528500 23.663800 
123 2 17.495800 20.905000 26.113900 
608 2 21.595800 25.952900 25.964600 
624 2 22.262100 25.090700 21.751800 
1168 2 23.878200 13.419200 19.728100 
1293 1 21.432700 21.775600 24.691500 
1847 2 18.442200 22.994200 17.553600 
912 2 21.994300 18.224000 17.824700 
602 1 26.495600 25.912800 21.789700 
1862 1 22.524000 15.236100 15.860300 
1626 1 24.881600 24.615100 25.041800 
1157 1 24.224900 22.661500 14.784700 
1275 2 14.000200 15.757700 25.035800 
1718 1 21.767200 15.483000 21.996100 
1274 1 22.253200 17.864100 25.598700 
32 2 24.896100 16.120100 14.070800 
1252 2 24.374200 25.952900 15.403300 
195 2 20.462600 14.087900 17.890400 
656 2 16.385100 13.267200 15.263800 
1042 1 23.125400 25.676700 25.845600 
996 2 17.328300 18.536700 26.481100 
1976 2 20.156200 22.134700 13.536800 
122 1 24.522700 17.345700 13.460600 
1561 1 17.070000 23.040400 13.581300 
1704 2 14.341200 17.769000 13.402000 
49 1 24.083900 21.780300 26.345400 
