id type x y z 
1004 2 12.363400 0.779153 9.028210 
666 1 10.661100 9.185730 2.414330 
447 2 12.399600 7.753270 10.416500 
1470 1 -0.173675 8.475550 6.162200 
1895 2 6.638360 2.800010 11.124600 
1161 1 11.751000 1.311260 5.605150 
439 2 5.704930 3.322270 1.234580 
767 2 11.755400 2.499500 6.617190 
378 1 4.517810 1.152530 6.100560 
1363 2 4.288000 3.452450 6.964060 
210 1 10.843300 5.345300 7.452900 
888 2 8.269880 9.976840 12.756900 
136 2 5.587050 9.234470 8.468830 
326 1 5.338410 1.181650 3.781390 
1385 1 1.539010 7.543770 1.290780 
345 1 4.930240 3.683380 10.009700 
159 2 12.972300 9.681090 1.925660 
235 2 8.514950 9.707640 4.332560 
1046 1 10.798700 4.318970 10.277600 
1641 1 12.529200 9.295040 11.380400 
714 1 12.558700 -0.066865 6.201500 
1329 1 10.403000 0.523191 10.373200 
506 1 8.515650 12.169300 9.541510 
1659 2 3.136670 11.804900 4.795050 
409 1 11.182800 11.277300 4.757240 
1138 1 7.253700 2.399570 1.057140 
1734 1 9.052850 3.843680 2.059750 
1320 2 3.935420 4.670110 1.388380 
1532 2 0.820697 8.932410 12.026000 
1757 1 8.972760 6.028600 7.538490 
259 2 0.425133 8.938090 12.393600 
1862 1 8.325790 7.538620 2.505720 
36 2 3.551210 1.735000 11.708200 
896 2 1.314230 6.856360 8.003560 
1075 2 2.167960 9.668150 7.782300 
1905 1 10.053900 7.199400 3.074180 
1486 1 10.018000 4.428550 5.227950 
1701 1 11.585400 8.751480 10.217500 
1877 1 1.787500 9.152570 2.796380 
179 2 11.765000 9.802890 7.649890 
100 2 6.568350 3.033590 8.101520 
1044 2 0.193863 3.084000 9.635000 
1501 1 5.469870 13.121300 12.008000 
1826 1 12.889100 11.129100 6.483930 
878 1 6.125440 3.126180 13.075900 
365 1 2.720730 4.744000 5.772500 
1566 1 8.432600 13.079400 7.193330 
819 2 9.314900 3.307940 2.596870 
1632 2 3.913170 4.591560 5.328530 
205 1 8.592080 8.306160 10.117700 
960 2 6.196350 10.214500 4.402430 
1254 1 10.591800 4.358170 3.386620 
1257 1 1.421770 4.365740 0.785395 
386 1 9.494090 11.698900 0.180137 
647 2 11.356600 8.608070 12.777100 
1554 1 9.684440 11.025800 11.561900 
539 2 4.479980 4.968730 9.626720 
625 1 6.454890 -0.020802 8.199590 
1957 1 2.986130 5.433820 9.859960 
420 2 5.100570 13.140100 11.293800 
1361 1 11.532800 1.672810 10.777100 
710 1 4.690450 4.501680 12.370400 
703 2 10.645600 5.222180 10.328200 
661 1 1.089450 10.172700 1.702520 
1092 2 10.502000 10.391300 12.443900 
566 1 10.236000 10.416100 7.689720 
1578 1 3.831180 9.934070 0.627779 
1343 2 2.542250 0.787227 3.494240 
939 2 8.241150 4.298740 5.611300 
307 2 12.004500 -0.237477 5.858850 
1878 1 6.088310 2.014220 10.964300 
1434 1 2.633310 0.678307 12.210700 
1295 2 2.052730 3.680330 0.254179 
434 1 8.258890 6.775470 11.471600 
187 2 5.145440 8.370380 4.199510 
879 2 8.120670 10.512400 12.370500 
683 2 10.130900 6.318060 4.949880 
7 2 4.523930 4.281370 7.121170 
617 1 11.043700 10.820100 12.651600 
468 2 1.404390 9.971490 8.970140 
427 2 11.518500 1.203380 10.973400 
917 1 8.488950 8.708810 5.947360 
677 1 2.671380 3.094040 8.227870 
1094 1 0.103730 8.678830 12.142100 
974 1 10.473400 8.856860 7.003940 
1713 1 3.127370 4.836510 1.841040 
1768 2 3.022490 4.726590 9.501650 
753 1 7.002730 10.019100 7.281930 
1587 2 11.401400 9.744200 11.134900 
584 2 0.384846 4.313850 6.068270 
1850 1 1.651500 5.779610 13.026200 
1157 1 0.460534 6.599180 10.195100 
56 2 2.969080 12.640700 12.662100 
1861 1 12.975400 1.019860 2.404460 
626 1 4.230610 12.812800 4.536580 
1121 1 10.244300 6.191100 4.637240 
1187 2 1.701580 2.875000 12.418000 
659 2 9.505510 10.670000 5.287170 
853 1 11.320600 0.197475 2.740180 
593 1 0.908523 12.164700 11.131200 
1000 2 11.677300 0.616478 5.631240 
1448 2 12.415900 9.119350 11.669800 
1214 1 1.894470 0.966924 4.184030 
153 1 1.226660 7.208190 10.773500 
1493 1 1.270800 3.306920 4.700690 
993 1 10.298800 8.166720 11.720500 
634 1 2.064300 10.387200 7.065720 
496 2 13.067800 2.488960 8.023680 
1643 2 1.459110 0.314002 4.509370 
1788 2 2.019200 1.722170 3.491320 
1365 1 1.055280 7.421220 8.000090 
1079 2 5.837810 9.428590 6.081220 
958 1 12.273400 11.832400 2.167710 
748 2 8.890170 7.220470 10.146000 
961 1 6.906700 9.870090 12.749400 
794 1 -0.205611 0.379186 4.105300 
769 1 4.365210 12.024900 1.468300 
689 1 9.414800 2.185020 11.540900 
1874 1 5.015940 3.448610 6.767200 
1545 1 3.327630 3.162740 2.711840 
1823 2 10.613500 12.119100 -0.148012 
140 2 12.212100 7.900160 5.782890 
1668 2 6.523130 2.781240 11.815500 
1977 1 7.431820 4.783210 7.180350 
953 1 0.215234 9.896890 7.712390 
1478 1 1.951900 1.903800 5.958180 
721 1 6.769520 2.490240 7.839700 
1577 1 12.670900 1.018510 11.583100 
938 1 10.992100 2.842020 3.430810 
485 1 0.821744 3.691180 10.616500 
1423 2 12.776400 7.300840 3.642870 
1349 1 5.384820 0.682130 -0.031983 
1384 2 12.663700 6.370630 7.748090 
1703 2 7.183950 4.729460 7.179920 
861 1 6.504060 2.850040 4.572830 
727 2 3.947840 13.063600 11.464600 
735 2 0.377940 12.270300 6.805070 
761 1 7.892600 0.810339 4.711170 
301 1 1.516330 9.601310 12.367300 
680 2 4.274080 1.713380 7.190120 
1820 2 8.788460 4.372770 4.372870 
832 2 3.115890 11.476200 8.353780 
308 2 4.746120 8.754340 11.919100 
1629 1 10.144200 6.541830 9.259630 
865 1 5.238890 10.154200 5.698230 
1780 2 10.743400 1.591550 11.136000 
1052 2 7.777740 2.154230 7.846300 
1612 2 4.306690 4.024490 4.818510 
968 2 0.940390 9.589280 4.425560 
903 2 0.784950 3.158240 10.160600 
1144 2 12.859100 9.253870 8.244170 
694 1 7.981880 3.794200 9.582730 
1651 2 1.431000 12.345800 11.012200 
172 2 12.226000 11.302600 3.225740 
1205 1 5.164590 5.316480 8.928220 
1593 1 4.446630 10.788000 7.854770 
347 2 0.325436 2.288050 6.473390 
1700 2 9.930810 1.904850 2.084570 
314 1 5.948810 9.485200 4.090360 
1441 1 3.398720 7.678100 2.712670 
1082 1 11.430400 3.408120 6.768820 
305 1 0.866254 5.796680 3.586310 
1730 1 4.376300 0.823388 7.844310 
251 2 6.719270 6.010290 1.859860 
1762 1 13.003400 8.878550 8.390930 
275 2 6.469550 0.303104 7.152530 
108 2 12.678000 5.873250 12.288500 
190 1 8.194150 10.994100 4.699990 
840 2 10.679400 6.411000 8.217970 
203 2 1.093940 5.202540 3.273050 
730 1 11.909000 3.020870 0.138286 
323 2 7.174970 13.387400 10.187900 
50 1 11.532400 9.055090 4.866560 
905 1 0.906592 12.625500 6.961980 
165 1 12.480100 6.966360 7.661370 
479 2 5.595820 9.033240 8.987660 
67 2 9.665580 4.414880 11.861200 
1240 2 6.822130 8.757800 2.006950 
1904 2 9.807300 3.887990 10.198900 
1571 2 9.862950 11.763000 11.271400 
504 2 7.746650 5.097530 6.764250 
1636 2 2.295740 10.416200 4.994270 
990 1 0.443683 10.455900 4.469650 
239 2 6.557120 1.885750 4.114840 
1776 2 4.493990 11.843500 2.554450 
1323 2 0.476456 3.590260 0.112926 
484 2 1.357660 0.318493 6.620930 
1188 2 5.663830 6.478300 12.194900 
1855 2 12.805100 2.082410 2.688330 
1156 2 9.423950 9.852050 6.595170 
943 2 12.780300 1.204350 3.019550 
971 2 4.542710 6.019610 2.026610 
461 1 7.902110 4.771060 5.312040 
1649 1 3.031790 9.940830 5.061150 
1150 1 5.745380 9.684340 1.626500 
820 2 4.224000 7.814000 2.755160 
1552 2 10.397000 9.836750 4.800060 
1047 2 8.972840 6.300930 8.625670 
1867 2 9.106670 7.683020 2.442140 
664 2 10.717500 3.952340 3.242200 
437 1 7.617420 4.585760 1.660200 
1135 2 7.622330 7.133980 11.180700 
1603 2 4.684930 9.727050 12.409400 
889 1 6.152040 5.833410 6.184880 
1409 1 4.442500 6.788870 5.663920 
1155 2 5.754940 10.426000 0.842994 
96 2 9.253950 5.474530 5.254060 
1549 1 4.544970 10.062100 11.731400 
1570 1 5.828650 8.654530 9.013350 
1376 2 9.900340 7.122270 2.498240 
1914 1 2.993160 8.554430 12.366300 
444 2 0.942968 6.617260 10.869800 
1466 1 3.238090 12.063800 11.873300 
1926 1 12.934300 7.768900 5.749940 
430 1 1.684270 1.725330 10.962800 
1909 1 5.434220 4.692720 1.536960 
1807 2 1.234120 6.696550 10.714900 
1607 2 13.274800 1.227380 9.314630 
973 1 7.144900 0.849413 2.750310 
1680 2 7.082610 1.542810 2.386030 
952 2 1.627400 7.496920 1.549870 
1503 2 3.145160 12.864100 8.438170 
280 2 2.788320 3.366600 12.983300 
1390 1 12.323800 8.460220 1.268470 
885 1 13.293900 5.404450 1.573920 
1519 2 1.531770 5.088910 13.299400 
459 2 1.187700 9.920980 2.415260 
615 2 13.216300 5.110340 8.870750 
1070 1 2.855390 12.247800 5.358580 
52 2 9.971560 11.661100 8.424310 
493 1 10.721800 12.320800 9.269720 
956 2 9.985780 1.229890 6.649680 
1074 1 9.107820 3.962290 11.945500 
1391 2 3.086240 8.622250 12.779600 
1010 1 2.405090 11.072200 9.249650 
1994 1 12.329600 8.802010 13.393700 
607 2 5.644710 13.170200 2.436670 
1116 2 12.751500 0.527356 0.158017 
1660 2 3.535510 10.295400 0.620579 
525 1 7.552430 -0.034611 1.565640 
826 1 11.093900 12.588900 0.386722 
924 2 7.374410 3.920770 0.866059 
23 2 11.739500 10.776500 5.580980 
1463 2 0.619420 2.922800 9.654880 
1126 1 12.938000 12.178200 4.814900 
1558 1 2.745750 3.060900 12.163100 
1972 2 11.062900 12.871100 0.699628 
555 2 1.405530 8.912020 1.518680 
206 1 0.529252 3.637340 3.487020 
582 1 12.593700 3.560840 3.824670 
196 2 3.339190 12.714200 4.845590 
1567 2 10.282900 13.207100 8.318880 
705 1 6.741080 7.108450 0.349136 
1706 1 8.059470 9.150020 0.268910 
851 2 1.784650 11.825400 13.088300 
252 2 12.803700 6.651660 16.229200 
1280 2 5.229180 3.633730 22.265100 
1263 2 11.986800 9.493290 24.139700 
217 1 4.018070 12.198200 17.928900 
1035 2 4.544990 6.984280 25.093800 
1517 1 10.430700 3.474950 16.260700 
1250 1 9.590160 7.220080 20.319000 
1907 2 6.035740 7.835390 22.095700 
1664 2 0.606515 6.775030 15.927600 
1693 1 12.245000 9.651170 18.420300 
1062 1 7.042030 12.145100 24.545400 
129 1 2.501660 6.223990 23.119500 
214 1 10.151900 0.503144 21.115900 
1553 1 0.007640 6.020320 23.213100 
1431 2 12.246700 0.499138 17.648400 
398 1 12.505300 6.455200 15.967300 
766 1 7.402580 10.952100 20.612700 
1753 1 10.875400 7.301640 18.128400 
602 1 4.498590 1.810930 25.137000 
1396 2 4.379190 3.011760 18.037200 
91 2 9.387440 0.587016 14.938600 
1382 1 12.758700 1.690570 24.723000 
1458 1 7.043010 4.450870 23.142400 
1528 2 0.997932 1.601830 13.828700 
547 2 3.960910 10.884700 17.523400 
544 2 1.513690 10.530900 13.721700 
854 1 1.460270 3.069690 17.438100 
1825 1 4.543840 2.641700 18.358800 
1207 2 8.973480 5.106150 22.160200 
1779 2 8.281270 8.513090 24.300100 
472 2 9.333360 6.248990 13.701500 
1410 1 3.022380 0.653328 24.829000 
45 1 5.059530 6.754640 22.024200 
712 2 3.996610 5.894420 14.812100 
448 2 10.280000 9.503660 23.282600 
428 2 3.439380 1.215030 16.182600 
1963 2 11.232800 9.486600 14.873900 
1771 2 11.073000 3.461280 20.163600 
83 2 7.827890 8.942620 15.968400 
1241 1 6.802840 12.318500 17.572100 
1105 1 5.917760 2.360430 22.084500 
1445 1 2.260790 12.259800 20.486600 
1944 2 6.369340 0.684979 17.134900 
1433 1 11.378000 10.412600 20.517700 
1830 1 9.723360 1.019640 24.013600 
1831 2 0.378716 10.091400 15.450500 
1959 2 12.776600 8.589920 23.964900 
1705 1 4.162550 6.656430 17.510600 
561 1 8.956730 8.449720 13.977800 
498 1 7.829880 11.999200 14.538200 
611 2 6.922910 12.519900 14.136900 
1272 2 2.654830 11.023400 20.021000 
254 1 0.443481 8.873520 22.008300 
899 2 3.984210 11.784200 23.248200 
37 1 1.517240 12.529300 17.277700 
1394 1 12.048100 4.100300 21.256600 
1146 1 9.873190 5.964040 23.439500 
1824 2 3.682910 6.232220 18.290500 
70 1 2.433150 8.365700 22.825500 
48 2 11.664900 9.652990 20.094300 
1211 2 11.748100 4.431150 24.327800 
1709 1 6.575310 4.089230 19.113400 
1785 1 5.241790 3.761340 23.738600 
1729 1 0.847076 9.339870 25.985500 
473 1 1.461790 0.849615 21.642400 
1560 2 5.279470 11.075300 15.658900 
1152 2 7.879320 8.695490 25.897100 
1028 2 12.285600 11.080000 12.882100 
759 2 2.434530 3.893190 17.381700 
592 2 11.842800 0.587893 17.746200 
722 1 10.020000 2.961780 21.226900 
512 2 3.212840 0.872345 25.542500 
741 1 4.041440 1.601330 15.880900 
321 1 6.620860 7.439940 16.997200 
18 1 12.580300 9.872680 15.283500 
641 1 0.910853 1.399820 14.258800 
1015 2 4.214990 4.378520 16.605100 
1482 1 2.994360 5.629530 15.546300 
460 2 5.478060 6.668390 25.565200 
450 1 6.484940 8.688700 20.925800 
782 1 1.684540 4.195730 13.564700 
715 2 4.955880 4.439650 21.150200 
236 2 3.441760 7.898600 24.486900 
285 1 4.142580 4.291150 25.297300 
1690 1 12.149200 3.560690 15.953500 
740 2 7.575770 12.796900 13.758700 
1976 2 8.603760 4.958450 16.175300 
51 2 11.016600 1.376540 25.086400 
867 2 12.586600 -0.022299 19.212600 
79 2 6.579910 8.403270 15.732100 
1857 1 12.829400 0.984723 16.992200 
1933 1 7.814760 1.538690 13.676600 
868 2 0.114492 12.442000 20.465400 
1981 1 3.656470 1.110230 14.816300 
1050 1 5.913410 0.379503 23.066900 
893 1 8.405360 5.924990 21.731400 
404 2 12.374300 2.965560 24.337200 
1159 2 11.424200 9.944980 20.945000 
1906 1 4.059070 4.390020 16.389600 
1669 1 13.359300 2.311800 20.722500 
1393 1 12.791600 13.246300 21.301400 
685 1 1.795260 4.107600 16.478500 
164 2 6.488130 8.009350 21.265200 
1524 2 4.717900 4.156350 21.269700 
927 2 5.790220 3.518690 24.266300 
1676 2 1.181780 8.292110 26.039400 
928 2 6.764250 7.794340 17.071600 
1153 1 2.207650 7.023630 18.400100 
1494 1 2.719390 1.158420 17.113900 
65 1 3.761360 12.894200 14.157700 
1685 1 2.283930 10.956100 26.546900 
1454 1 9.139140 5.354570 14.227000 
1071 2 3.855050 12.439400 20.269800 
1319 2 3.639130 11.744800 18.583600 
978 1 6.011960 12.445300 22.765900 
849 1 4.801730 3.570440 21.891100 
1982 1 4.308510 10.763900 16.940900 
117 1 2.590920 8.908410 13.867700 
442 1 11.956200 9.666480 25.356800 
1894 1 9.286940 4.590720 25.544100 
1388 2 10.284100 7.266690 19.927000 
1928 2 5.536290 0.369035 14.216400 
1983 2 7.997490 2.201510 25.236500 
1946 1 2.422950 4.349040 21.600600 
900 2 9.938810 1.806060 21.050500 
1613 1 6.306510 6.792770 13.312600 
1 1 12.863600 1.961830 22.406900 
1266 1 1.085010 11.325900 19.075000 
1475 2 2.183720 8.178690 22.480400 
1802 1 5.173920 8.638390 22.052600 
1310 1 3.858190 10.091400 20.655500 
550 1 7.034340 9.118340 19.537600 
863 2 3.161600 9.910370 24.697600 
1965 1 5.311570 11.049600 23.546100 
1330 1 9.861560 10.708000 16.413100 
1091 2 12.472100 3.864550 15.760700 
1436 2 11.236100 6.614100 24.778400 
1114 1 2.812480 12.855500 25.265000 
438 1 0.343417 5.656370 25.145400 
1165 1 -0.082294 2.616050 25.982300 
1128 2 1.222460 4.439890 16.018200 
1744 2 9.671750 3.409380 18.133200 
1697 1 12.413900 8.010810 22.848200 
1337 1 8.320420 8.275730 24.798700 
1204 2 12.630700 10.618000 15.697600 
1844 2 5.204930 2.129020 25.106600 
112 2 2.767900 11.535600 16.527400 
28 2 3.775690 10.619400 19.238900 
955 2 2.079000 0.022886 22.173100 
1450 1 10.587400 11.658200 22.948400 
167 2 5.764790 6.884270 17.491100 
1718 1 11.481200 6.618140 24.416500 
343 2 -0.086016 11.129900 18.850000 
278 1 11.420000 3.329380 24.247500 
627 2 4.510360 1.541820 15.822000 
94 1 7.159080 7.578330 22.844800 
132 2 2.434540 3.542130 26.177900 
1443 2 8.568880 0.700855 19.880700 
63 2 9.831280 11.316100 23.597600 
16 2 11.167700 3.379550 16.234600 
1842 1 5.423080 6.436710 16.995900 
616 2 2.153180 8.210130 22.185800 
1005 1 8.065330 3.806320 14.979800 
1801 1 5.658340 8.002680 15.356600 
515 2 0.877151 12.482300 17.228700 
589 1 11.516700 0.403198 18.908500 
1093 1 12.347800 9.663030 23.092700 
1984 2 4.611060 11.925200 22.770800 
139 2 3.611970 4.508100 22.087400 
1201 1 5.857390 0.204544 14.038400 
231 2 8.898120 1.997140 21.869700 
1986 1 3.997380 5.503070 20.309200 
1287 2 0.126942 7.696110 19.111200 
1678 1 7.501910 6.377980 20.594100 
738 1 9.535000 11.068700 25.546400 
1792 2 9.292920 11.686200 16.668100 
583 2 8.604830 6.458380 20.467700 
55 2 2.813380 1.669190 24.555800 
1375 2 5.823950 1.168800 22.381300 
1110 1 11.103300 8.223570 19.203200 
777 1 9.396630 0.367968 15.142100 
1605 1 2.454340 1.539540 22.841200 
360 2 6.635340 3.149580 13.618100 
324 2 9.225110 5.167530 23.628800 
1056 2 13.108600 9.592630 23.598500 
1652 2 5.923110 11.108900 22.732600 
681 1 7.198790 1.335760 25.031300 
92 2 1.904350 1.479300 22.058500 
711 2 6.413060 8.568120 20.291200 
1614 1 4.701510 5.200660 14.713400 
599 2 7.247760 7.427720 15.284500 
435 2 8.556970 3.181660 15.335800 
1059 2 5.775550 11.302400 23.209700 
1252 2 8.077850 0.613043 25.045600 
1617 1 8.978950 10.712900 19.266600 
1100 2 9.347330 11.299900 26.094100 
1089 1 9.576850 10.157300 23.008200 
890 1 12.717700 4.213000 17.528300 
1246 1 7.997930 1.049570 16.765000 
299 2 6.408660 0.713996 13.797900 
1183 2 8.435250 8.714900 25.201700 
1625 1 4.081970 3.086180 14.775700 
1304 2 7.791900 6.341930 20.853100 
950 1 4.756790 6.877580 25.715500 
1724 2 7.115940 9.955270 19.924000 
1338 1 8.465810 1.319360 20.144000 
1958 1 10.843400 7.032080 13.707000 
1770 1 0.011739 2.436870 21.936600 
1206 1 4.637300 12.390100 24.794500 
1601 1 8.661710 8.135180 17.581400 
1775 2 -0.339592 4.783010 22.951900 
1174 1 1.345240 11.896900 13.330500 
248 2 11.721500 4.230670 20.938700 
141 1 3.025950 11.014000 18.611300 
261 1 0.175251 9.252090 18.157700 
731 2 12.928500 6.305210 20.359800 
1522 1 10.773400 12.771000 16.998800 
455 2 11.324400 8.574140 19.317100 
1954 1 5.663360 9.917450 15.622900 
540 2 10.100500 2.370330 14.443000 
1186 1 12.521100 6.688250 20.607200 
1919 2 5.020070 3.708010 13.682800 
1027 2 3.237870 6.307540 15.575700 
513 1 3.987720 12.015200 21.991700 
1449 1 3.590540 -0.066950 19.595500 
543 2 0.378838 2.787690 18.500800 
1491 2 6.919550 4.705360 18.404200 
1739 2 7.859830 10.821200 20.660500 
89 1 1.783820 10.693400 15.017700 
151 2 0.254453 0.921589 13.752200 
1884 2 0.578085 5.154890 22.101400 
78 1 5.202430 8.688650 24.400800 
1898 1 9.862070 2.996320 18.304500 
1688 2 6.070860 1.167160 21.900200 
1255 2 9.129350 5.338270 26.256400 
352 2 9.199920 13.216200 21.651300 
1900 2 13.526100 1.905990 22.583600 
281 1 8.305450 2.443240 25.257500 
1064 2 1.594050 4.996590 21.934600 
1034 1 0.847765 6.925590 25.729500 
633 1 11.011900 9.671730 14.698200 
1208 2 9.720830 9.765770 17.399200 
486 1 0.950076 6.109540 15.590700 
1806 1 3.057640 8.063250 25.649400 
975 2 9.978880 12.309500 17.167700 
824 2 0.621640 9.626200 18.821300 
1411 2 12.462900 6.734600 16.220100 
477 1 10.035000 2.052190 14.516800 
351 2 0.482261 6.478480 25.216000 
1465 1 12.447500 7.015670 25.922200 
1661 1 2.530770 0.852388 26.228100 
630 1 13.143000 4.794130 13.503800 
502 1 7.594030 12.959000 13.664600 
1822 1 6.301470 15.696200 9.505930 
1589 1 6.884790 18.042800 12.693900 
929 1 10.553400 23.870800 9.423880 
1457 1 2.201500 25.585600 6.843930 
456 2 11.775200 23.139500 0.362434 
646 1 9.829780 25.641300 11.679500 
779 2 7.889660 15.417900 6.065310 
95 2 9.173530 22.087500 12.036200 
1459 2 11.392100 24.867900 2.542540 
1582 1 8.260660 18.625900 2.482130 
1752 2 9.015330 21.558700 7.216010 
898 1 10.908800 24.189200 2.280790 
524 2 11.200400 17.078600 8.582470 
671 2 12.519900 20.706500 3.533770 
682 1 4.566030 25.732100 4.898820 
1793 1 1.033640 17.790200 8.237460 
1999 2 1.883680 13.361500 0.098161 
429 1 7.542700 25.170500 6.731520 
1535 2 8.871620 16.909100 10.188300 
1988 2 4.992730 25.340700 0.508773 
1438 1 1.067920 18.380700 2.316870 
257 1 0.794697 16.629900 1.797730 
1227 2 4.524210 20.930900 13.276400 
948 2 12.484100 18.684300 5.984470 
1521 1 3.868010 22.241400 10.394000 
1301 1 10.115200 16.152000 12.349200 
897 1 1.117900 22.354400 4.141630 
1533 1 7.826940 16.543700 5.256950 
180 2 3.459980 20.517300 6.976950 
270 1 13.032100 25.379800 4.317560 
652 2 1.279300 26.371200 9.549660 
579 2 8.552710 26.028200 12.443800 
1487 2 1.920360 24.963400 0.947928 
292 2 0.045845 20.707800 8.128360 
1378 1 2.740650 14.451600 8.619330 
249 1 5.214520 16.135600 12.053900 
918 1 2.370400 22.045600 9.352510 
996 2 2.759440 22.151700 11.130000 
191 2 4.050450 22.503700 10.586400 
372 2 6.012900 15.554500 4.101790 
1964 2 11.868200 16.943300 2.898270 
482 1 5.786860 20.327000 9.440880 
822 1 8.431800 21.110700 2.275920 
1798 1 10.528000 14.560200 3.947550 
1543 2 1.427220 21.383000 11.809100 
168 2 9.099050 17.164500 4.419320 
364 2 7.729160 20.667000 1.592810 
146 1 7.181570 23.910400 10.552300 
1049 1 0.311145 19.167000 10.703800 
1424 2 0.089009 21.179300 11.114700 
1495 2 5.040900 18.311800 0.846347 
338 1 7.094390 22.745900 5.732520 
660 2 11.304100 21.766900 10.051400 
330 1 10.923700 18.561300 5.744940 
341 1 11.904600 21.127900 3.483740 
926 1 4.101630 23.218100 -0.062912 
773 1 10.403500 15.240800 10.640800 
1794 1 5.090250 21.385100 7.206370 
1278 1 0.706948 20.879500 11.103300 
1586 1 4.370970 22.303200 2.376730 
650 1 9.850280 24.831200 5.014240 
1598 1 4.964800 25.951600 10.728500 
1911 2 8.376170 16.661900 1.977820 
295 2 4.803790 17.150200 4.251670 
749 1 4.209990 14.215500 9.206050 
892 2 5.419420 15.489700 11.968300 
674 1 2.145390 22.512600 7.369370 
1899 2 1.782930 19.586500 0.489816 
1269 1 3.384000 13.644000 10.734600 
58 1 7.530760 18.886000 10.471300 
1468 2 8.614860 23.632900 8.208780 
226 1 8.053830 13.413600 2.051770 
999 2 8.804030 13.743900 2.808150 
1975 2 12.650300 18.098000 1.954280 
1721 1 1.045680 22.058200 11.606400 
43 2 5.514120 13.655800 6.102820 
38 1 7.048220 16.030600 2.301230 
763 2 11.033100 19.264400 0.016481 
1442 1 9.619010 19.462900 12.471400 
1455 2 5.147630 15.937300 12.087400 
1556 2 12.182900 13.404100 5.129240 
733 1 12.201600 25.535900 8.550760 
1258 1 7.600590 22.723000 1.652430 
1078 1 4.200130 14.254600 1.000250 
1585 1 6.870930 14.425700 9.373900 
1592 2 9.257450 25.652400 11.156800 
1847 2 0.876576 22.261700 2.568640 
1440 2 12.588200 26.163700 3.450340 
1646 1 2.744390 23.836400 12.248200 
1732 2 8.118020 24.429400 5.559940 
1635 2 0.365087 16.361800 1.540380 
887 2 0.113414 13.466300 4.021990 
1695 2 10.745400 24.209800 8.939720 
61 1 0.112442 24.856500 11.735300 
244 2 11.209700 20.431200 11.615600 
1380 2 8.803730 21.823700 0.952548 
787 2 1.444410 23.190500 7.110030 
1232 2 12.460600 20.778200 3.008790 
1054 1 4.942680 15.094500 12.015100 
1039 2 4.613560 22.364600 1.748110 
594 1 12.235300 23.934900 0.233658 
501 1 6.554380 18.456600 0.173060 
528 2 10.668600 15.554900 12.692100 
184 2 8.694480 25.852900 0.917110 
1795 2 11.040400 20.927600 8.286480 
490 1 3.400190 18.465000 10.240100 
1243 2 1.968430 25.540900 8.128410 
1234 1 11.619600 14.255700 1.665910 
697 1 8.443150 20.914200 3.922560 
1723 2 11.663600 19.832400 10.959600 
1767 2 8.161880 21.423800 7.233870 
1274 1 1.440730 26.019600 8.961630 
105 1 3.813870 22.627900 5.097800 
679 2 13.285100 25.831400 0.501349 
580 2 3.166980 23.025300 0.405632 
1956 2 0.845962 18.569900 3.320800 
620 2 1.168590 13.857300 10.397300 
1101 1 8.247350 21.634100 7.922870 
931 2 8.535370 24.694300 7.068410 
1692 2 7.529590 18.211500 11.234900 
638 1 12.279300 14.113400 4.970540 
1573 1 12.117200 16.789400 2.264810 
1181 1 5.057010 18.016400 5.596180 
349 1 5.443270 19.322800 2.389090 
1284 2 2.469270 16.155100 8.609870 
962 1 4.306810 19.619600 1.218180 
1596 2 0.875281 15.584700 5.788010 
1758 1 3.209200 15.160300 3.139150 
514 1 4.010800 21.241900 3.160430 
1817 1 4.401260 13.919300 4.760120 
979 2 4.541560 21.415000 7.415420 
1325 1 0.486870 21.031800 8.552040 
17 1 9.425310 21.341600 6.178280 
230 1 5.358440 15.447000 5.841220 
1948 2 13.023000 22.735400 6.850280 
397 1 8.470490 17.142900 9.518770 
396 2 6.399770 18.216600 -0.040767 
846 1 6.710190 21.370200 12.219400 
942 1 7.990490 15.954100 7.922830 
1143 2 3.455520 22.363300 3.943900 
1868 2 12.774500 14.289200 2.657410 
1970 1 0.007157 20.907700 0.244510 
1546 1 1.875270 14.496100 6.851600 
742 1 2.286120 15.999900 13.207600 
799 2 1.963990 23.216600 9.877200 
1747 2 13.083700 20.021500 5.342960 
618 1 9.945860 17.943000 7.679520 
1324 2 10.411900 23.079100 3.572390 
1331 2 10.038300 13.328700 8.807290 
1921 1 3.961470 20.040900 5.391650 
1213 1 0.621377 19.306400 5.596300 
81 1 10.083600 22.211600 12.223300 
796 2 6.995600 21.250800 4.568290 
1858 1 1.379560 23.555900 9.545520 
1068 2 2.124920 16.246300 13.010300 
678 1 6.568630 15.940000 11.340600 
1403 2 7.166110 23.493800 3.569820 
243 2 7.106310 26.388700 2.118630 
1281 1 9.893990 20.772700 8.955490 
1665 1 4.755230 15.844000 7.403920 
535 2 7.669600 24.929400 3.297350 
672 2 1.961120 24.395500 2.825880 
1210 1 11.625600 26.333000 0.609469 
991 2 1.219030 18.222600 7.957360 
1809 1 6.812880 21.106400 3.407250 
1597 1 12.600300 25.764700 11.685400 
148 2 7.208230 21.837000 12.674400 
967 2 8.070230 20.642700 10.161900 
1041 1 0.310554 16.478900 6.071690 
93 1 7.317870 17.528300 3.888970 
1750 1 4.912110 17.105700 3.818420 
32 2 6.547610 15.636500 9.910250 
71 2 3.988240 17.121300 8.599780 
1175 2 0.395803 21.096700 9.340130 
410 1 12.163600 23.285000 6.155760 
1045 1 6.794910 19.249900 5.563000 
464 2 4.799900 25.898900 9.973100 
1416 2 3.230020 15.414800 3.028910 
1267 2 3.730250 17.494500 0.217634 
827 2 12.372800 25.790500 11.829900 
1190 1 1.676020 23.222000 5.753580 
1483 2 4.226560 19.821500 5.110530 
1996 2 5.254880 21.084900 5.688140 
665 1 9.474410 25.985900 8.408110 
1231 2 5.358210 26.361900 9.486760 
1202 1 3.988180 24.512300 11.145200 
101 1 11.926300 19.224200 7.832930 
204 2 8.642460 15.004900 7.946030 
1622 1 4.229310 21.114900 12.495500 
271 2 9.460000 15.060000 11.263100 
1741 1 3.864570 24.180000 1.628050 
1340 2 0.871616 24.610000 12.327200 
655 2 3.783260 25.665100 11.722600 
47 2 10.771400 17.214500 7.163860 
1136 2 5.781130 17.854000 4.663660 
258 1 10.458700 13.191300 7.721210 
1435 2 1.415660 21.032900 5.696730 
227 2 11.645000 15.564100 1.186410 
1369 1 1.600660 25.403000 1.897380 
152 2 5.097830 15.441400 6.952460 
912 2 8.455690 20.477900 4.362270 
1714 1 10.429100 23.103800 7.497650 
296 2 10.050100 17.511900 7.487490 
1334 1 4.811580 13.211400 2.980150 
1398 1 12.580000 19.073500 4.924080 
97 1 8.925970 24.970700 7.028830 
1915 2 2.195610 14.792700 7.068490 
1890 1 9.968180 16.802800 6.487490 
377 1 12.645300 20.055000 2.695160 
241 1 1.537250 20.581300 0.847489 
1737 1 11.957900 16.746400 0.071425 
1978 1 8.979640 19.484300 3.875500 
1381 1 10.096900 13.925600 8.970980 
919 2 11.685600 14.128500 5.092750 
361 1 11.942800 17.154800 10.359500 
803 2 3.347420 13.827300 3.824890 
778 1 2.254840 23.816800 0.891111 
1932 2 1.190940 18.416700 11.111200 
1835 2 6.545420 15.285800 9.007370 
785 1 2.211150 16.558600 7.757280 
1547 2 8.308530 17.387000 3.890670 
856 2 4.774620 20.106100 9.122400 
1008 2 7.436430 16.494200 2.025800 
133 1 11.986200 22.128700 0.404455 
983 2 11.148600 25.362200 6.674060 
1120 2 2.021940 23.636200 6.439970 
161 1 11.916700 16.221700 8.384490 
1640 2 4.946660 25.584200 4.380620 
1796 2 5.031840 19.733100 1.721420 
649 1 7.793430 24.839900 3.169480 
303 2 7.830510 21.014700 2.478560 
1247 2 8.708940 20.201300 4.208110 
989 1 12.707200 22.007100 7.789680 
758 1 8.749560 16.225500 2.531920 
1203 2 6.213650 19.248900 10.307300 
640 2 5.158660 25.231200 9.893320 
1055 2 11.200400 21.989400 6.534840 
1527 2 5.563710 15.904100 12.369200 
1892 2 5.941980 13.967800 2.295130 
770 1 10.160000 19.680900 0.386067 
1414 1 6.760220 24.885400 0.360061 
1590 1 2.109080 18.952200 12.476100 
376 2 1.556560 18.963700 0.676368 
25 1 5.612460 25.372500 17.245700 
1262 1 8.904720 21.559500 25.389500 
1584 2 10.878000 18.770600 26.189600 
1166 1 8.670800 24.017000 23.405200 
559 2 0.591976 16.994400 19.450500 
1927 2 6.667740 25.664800 20.477900 
726 1 3.836880 20.232300 20.754300 
104 2 7.933320 15.812700 20.927300 
560 2 8.075140 18.411000 17.739200 
1962 1 11.850700 14.724700 14.500900 
169 1 7.484830 17.997200 18.524300 
1931 2 2.860970 26.149000 19.171800 
228 2 6.449070 14.279600 25.208100 
1033 1 0.658736 22.059900 22.974900 
10 1 8.741390 25.169000 26.098900 
494 1 2.048850 18.238100 26.619200 
368 2 12.872600 14.490900 22.004300 
1619 2 6.455470 23.292400 22.061100 
1471 2 0.075325 25.596700 23.993200 
1073 1 9.549010 17.525100 23.482800 
1955 2 7.075200 14.836100 17.353200 
1834 1 12.205500 23.476300 22.742600 
492 2 3.012350 15.668700 16.891800 
523 2 7.805090 19.713200 25.587900 
573 1 7.807500 25.147300 20.205900 
1647 2 0.097090 19.251500 23.837400 
1009 1 0.682084 18.641900 23.795000 
1007 2 11.648400 16.888000 21.723300 
551 2 2.694230 20.563600 20.855300 
568 2 5.060000 14.290100 15.036500 
120 2 6.812300 25.282400 19.845000 
754 1 1.396190 16.786000 18.952000 
320 2 0.758377 17.895800 24.281900 
1145 1 10.455700 19.443200 17.198900 
134 1 0.724754 19.355100 18.649700 
558 1 0.904148 22.611400 16.290100 
1364 2 2.008710 12.978100 25.690100 
1350 1 3.672370 14.293900 16.158900 
1112 2 0.485063 17.058300 15.995800 
1555 2 9.238790 23.991300 26.086800 
391 2 8.662200 16.279100 19.719000 
1328 2 6.211200 13.791300 24.827800 
1386 1 7.179740 14.791400 16.748300 
11 2 5.886280 16.359600 15.376200 
1917 1 3.532260 22.727200 16.723800 
624 2 1.327910 23.283200 21.929800 
1076 2 10.462200 14.345400 18.610500 
745 1 11.678500 19.103900 26.069100 
284 2 12.130900 25.472400 23.860600 
1467 2 9.449570 13.475800 19.615500 
426 1 5.710640 18.697100 23.145000 
1238 1 9.664900 14.139700 18.761700 
1656 2 1.882510 25.072900 25.557200 
193 1 2.096430 17.315800 21.311400 
121 1 8.996640 15.771000 20.484300 
805 1 12.345800 15.215700 23.715000 
1291 2 3.121570 24.473300 24.608800 
586 1 2.978760 14.394100 21.569300 
1194 1 9.649640 15.165900 16.439500 
102 1 5.288210 23.195500 25.834900 
781 1 5.458230 18.592000 14.797700 
1283 2 3.829760 15.803700 21.994100 
1480 2 1.210910 14.670500 21.807100 
202 1 9.606620 12.778500 19.856100 
1289 1 9.902110 20.613200 15.058200 
1031 2 12.961800 14.419200 14.819300 
393 1 2.638060 23.581100 15.140700 
1987 2 8.590520 17.699300 15.116900 
911 2 3.763190 15.152200 17.493500 
1229 1 12.603400 19.605300 19.549100 
171 2 9.783490 15.439700 16.683600 
569 1 3.943490 22.200400 14.487600 
240 2 2.385780 20.380600 20.538400 
1102 1 0.061167 24.239900 25.624900 
1985 1 7.492520 22.848300 17.627900 
834 1 2.247370 25.022800 25.689900 
1149 1 9.356920 24.384800 17.171800 
772 2 9.046980 22.226300 17.361400 
1542 1 2.491510 18.863200 20.029700 
695 2 8.574050 14.016700 24.062900 
756 2 5.066530 20.015800 13.683100 
1879 2 4.083210 20.196200 17.906000 
1001 1 -0.023304 17.750200 16.131700 
1099 2 9.821520 20.649600 19.901200 
272 2 10.438000 14.613500 15.239900 
137 1 12.359400 16.790200 17.687500 
570 1 6.444790 16.574200 14.248500 
1998 1 6.396110 14.943400 25.118600 
844 2 11.954300 21.224600 20.593800 
1417 1 10.631200 22.519900 15.879900 
166 1 2.361070 18.146600 17.160000 
1066 1 5.936690 24.085800 20.008200 
1173 1 8.589990 19.076800 15.219600 
732 2 7.589180 24.565300 14.863800 
1765 1 7.416480 24.299600 14.923000 
1171 2 5.521560 24.734200 16.041200 
223 2 10.006900 19.301000 23.040600 
250 1 5.406810 15.353300 15.287700 
906 1 0.902782 14.544600 16.226400 
1176 2 9.769890 19.676800 15.259000 
75 2 2.294210 18.280100 17.503400 
997 1 12.455300 20.054800 13.484500 
1372 2 2.554990 21.904800 24.652000 
1067 2 2.551370 22.687000 14.860400 
1484 2 9.592240 23.930400 25.309700 
80 2 8.869970 20.762800 20.288100 
585 1 9.085800 13.907700 13.883100 
1761 1 11.644700 16.307300 22.243100 
64 2 8.305830 24.079800 23.165100 
367 2 10.070900 23.299300 26.658200 
1509 1 3.976560 24.269000 19.146300 
15 2 1.640920 22.776700 21.335200 
1506 1 12.944700 18.455100 16.442800 
66 1 6.585560 25.431800 20.401800 
238 1 11.506600 25.145000 20.135500 
436 2 5.822280 23.854700 25.855700 
374 1 3.317810 17.579100 24.116900 
1452 2 4.662620 13.932300 20.046900 
816 2 -0.109806 25.583700 19.515400 
576 2 9.990260 16.145400 23.056000 
636 2 5.493720 15.994500 18.741300 
355 2 3.112670 25.517700 15.824500 
817 1 7.591170 19.973900 25.186900 
1030 1 5.300260 15.116700 18.366700 
233 1 2.073890 15.154400 26.108100 
1389 1 3.256930 15.612900 17.363500 
1271 2 1.763550 14.376800 15.221900 
1740 2 7.438880 22.940800 18.187200 
957 1 1.908560 13.510300 23.272600 
1615 2 4.722580 22.731400 26.108300 
945 1 8.120640 19.814900 20.211500 
830 1 4.895380 15.253600 25.343900 
286 1 9.630100 21.106600 20.455800 
1359 2 11.939900 19.967900 19.177700 
1249 1 2.056180 25.253200 13.603800 
964 2 0.268664 25.235900 15.307600 
354 1 7.178330 14.669700 22.094700 
874 1 3.629470 20.404300 17.811000 
872 2 3.641520 25.940300 19.786200 
3 2 3.107490 15.573800 19.873800 
1960 2 2.634320 24.729700 15.093800 
1881 1 1.952740 20.469800 19.662900 
247 2 10.870100 18.493300 17.526400 
1268 2 7.318120 19.817000 24.552600 
1421 1 9.726720 23.597400 26.598400 
1124 2 4.752380 17.371100 25.474000 
1107 2 5.778360 21.029700 14.962600 
1953 1 5.470590 18.264000 20.363100 
309 1 9.188740 14.689500 23.522100 
860 2 4.127520 17.039400 22.131600 
1209 1 4.530390 16.921000 22.002800 
530 1 8.451200 16.613500 19.636500 
1591 2 12.903300 21.262000 23.317600 
300 2 1.645910 15.737800 26.478500 
1104 2 11.940200 21.103900 23.103000 
88 2 12.313900 24.703200 22.281800 
847 2 9.255570 16.079200 24.131600 
1020 2 9.499190 25.399900 19.701500 
1077 1 12.096300 14.228000 22.466500 
578 1 7.451510 22.953800 22.228900 
1745 1 12.976300 14.454700 19.123600 
72 2 4.487320 23.623600 18.886200 
1860 2 6.785890 18.080600 13.266500 
833 1 11.807400 25.383600 23.599400 
823 2 2.148450 21.997100 24.141300 
1751 2 5.081290 23.028400 19.214000 
1707 2 9.498680 23.052000 22.843600 
209 1 5.454180 20.857900 18.258700 
1621 1 3.690200 25.621600 20.829800 
553 1 0.504560 21.776100 14.161300 
670 1 4.370700 17.907500 17.256800 
385 1 1.263820 24.539700 18.773300 
1966 1 10.615900 19.844100 19.483000 
1048 2 4.122360 25.229000 22.299100 
1920 2 9.830150 24.637300 16.832900 
532 2 0.587429 24.904900 22.757600 
182 1 5.302960 21.099300 14.410500 
1097 1 1.294680 23.577000 22.223500 
1265 1 3.275230 14.389900 19.698900 
1510 1 8.417510 18.544400 17.445700 
1583 2 0.308195 24.465400 17.842500 
1746 1 8.295430 22.667300 13.706100 
529 1 0.408538 23.179400 19.354500 
319 2 5.730870 25.653300 17.203100 
1397 1 4.720250 25.197600 16.058800 
1117 1 7.247050 21.777300 16.871900 
577 1 10.463900 23.236500 23.296700 
1300 2 10.842600 23.434100 13.739100 
1119 2 12.175000 23.072600 14.820500 
1017 1 8.105430 16.592500 25.653300 
1339 2 6.884630 14.615700 25.034100 
318 1 9.602950 16.473600 15.771600 
1611 2 6.537790 18.443400 19.549600 
783 2 5.884430 26.141700 25.377700 
358 1 9.328740 23.559900 20.772100 
1456 2 4.308150 20.594900 17.491400 
750 1 8.717190 19.898700 23.972600 
1667 2 12.830200 13.754300 21.057800 
1016 2 4.565170 19.345500 17.847100 
147 2 2.534850 17.974800 13.384700 
1719 2 7.754910 22.099500 16.664600 
1006 1 3.247070 23.797900 24.664800 
1244 2 6.203050 16.266000 14.884400 
1038 1 5.543120 24.615700 21.910900 
451 2 5.828710 18.350800 23.075300 
495 2 6.217960 19.579600 19.791000 
1696 2 3.569980 23.264800 14.373600 
859 2 11.295000 24.428600 20.475300 
86 1 3.929660 24.771500 23.854000 
433 1 2.438890 22.398800 20.496000 
992 2 4.818160 21.031300 22.289100 
1490 1 10.318900 20.760500 21.703300 
142 1 2.249770 21.610000 24.706100 
218 1 4.227980 17.407900 25.156400 
736 2 12.590300 21.996500 18.387500 
1930 1 2.644000 15.213400 15.362600 
446 1 0.791633 26.093900 19.242900 
1474 1 5.274470 19.612800 25.387900 
356 2 10.602900 18.732500 25.190300 
1773 1 0.896483 25.433600 22.754200 
947 2 2.409920 15.039800 15.582600 
1420 2 1.851960 18.632600 19.930000 
757 1 3.108750 20.798200 23.331900 
1248 2 12.624800 18.234400 17.713000 
1113 1 12.742400 20.678300 21.521700 
1838 1 1.282200 14.123300 14.216000 
841 1 4.609580 15.679300 20.117500 
1531 2 0.931861 13.773100 23.881100 
755 2 11.849700 25.186600 22.789900 
1663 2 9.666500 20.718200 14.830200 
263 2 3.911960 17.609600 24.621100 
294 1 1.094560 17.620600 24.620100 
1217 1 11.237700 25.932500 16.793300 
1109 1 13.032100 22.878900 19.752300 
684 2 0.320186 23.438100 18.798300 
424 2 12.877200 18.120200 16.467600 
276 2 0.360485 21.569500 16.653400 
390 1 7.099830 25.549400 13.566800 
359 2 17.037500 2.797700 2.882080 
24 2 25.261800 2.940780 6.713220 
815 2 23.380500 2.664620 6.451660 
700 2 21.928200 2.277790 8.933020 
1321 1 19.075100 3.298260 2.019150 
1837 1 15.732600 11.931400 11.687800 
1233 1 18.114600 6.201680 4.297630 
1856 2 26.154100 4.061930 3.726680 
208 2 22.694500 5.845980 1.449090 
1408 2 17.378000 7.085630 12.921100 
1351 2 23.214000 6.525580 10.447500 
1742 1 22.571500 4.568450 10.086500 
1316 2 21.557900 11.783100 8.425970 
1215 2 25.321100 11.551200 0.847995 
419 2 26.566400 5.770900 6.754530 
1604 2 16.512700 10.072100 6.555110 
1525 1 24.247200 7.235730 5.492920 
1025 1 16.518200 0.312179 5.547250 
306 1 13.541900 4.996280 8.986000 
1805 1 22.962500 13.474600 3.802060 
1992 2 23.425900 4.050980 9.257460 
1961 1 19.093600 12.579100 1.514330 
229 1 16.515900 9.849620 5.373490 
1947 2 24.052000 2.483360 3.383480 
115 2 13.580600 10.895400 2.066700 
379 2 17.029600 1.739150 12.359400 
1197 1 20.869900 10.584000 3.145500 
1326 1 24.502600 13.407000 4.395920 
1575 2 22.860100 12.008100 8.219530 
1412 2 19.723800 8.201210 -0.264647 
1923 2 17.455400 8.252630 7.495700 
369 1 13.885200 3.968450 4.935100 
1720 2 24.217300 13.201400 6.372050 
984 2 13.373100 9.506050 3.122790 
1419 2 21.852600 4.697980 3.497170 
1610 1 20.571000 1.017790 9.344080 
30 1 16.928900 4.155180 7.620480 
1277 1 21.383100 13.030100 0.149920 
1496 2 19.423800 6.374360 8.592930 
656 2 15.583500 5.327360 5.714630 
383 2 19.104700 4.112670 6.234430 
173 1 14.427300 0.992828 10.198600 
837 1 19.141600 10.179700 5.216890 
234 1 21.501100 8.577260 8.698750 
1839 2 17.516000 4.179930 10.794500 
813 1 14.763700 12.449200 4.642350 
1315 2 26.537500 9.811680 6.773340 
414 1 25.330200 12.772500 10.634100 
1392 2 21.048900 8.328140 12.966600 
297 1 19.517200 11.777400 5.920240 
1845 1 16.710000 4.410610 9.602180 
1540 2 18.869100 9.428230 11.408800 
1481 1 25.957800 12.683200 3.899660 
12 2 21.460300 -0.073614 12.585000 
537 1 17.285400 12.056900 2.113080 
920 2 15.882600 11.632500 7.539670 
862 1 17.769000 10.171600 7.957670 
986 1 20.436600 3.858530 13.114100 
808 2 22.436400 6.820420 8.539550 
1061 1 23.644600 5.646310 12.082900 
1810 1 13.349900 1.775150 8.162580 
327 2 24.892300 6.145550 9.073230 
1572 2 26.018800 10.529200 6.754740 
1492 2 19.110500 3.037000 2.021880 
185 1 15.942100 11.849200 3.234370 
1886 1 22.287100 9.303480 2.523940 
122 1 24.690600 6.003140 3.935170 
842 1 23.180000 10.792200 11.264300 
282 1 18.884700 7.037490 3.392590 
1237 1 19.410300 9.912780 0.492935 
1563 2 21.013600 6.354720 6.317540 
329 1 21.070400 5.912210 6.541380 
1781 1 26.325200 0.371037 8.634730 
181 1 17.309900 7.700290 2.065540 
1687 2 20.669000 8.434180 12.251000 
545 1 26.082600 4.160350 12.321700 
59 2 21.977700 9.481090 3.690600 
552 2 25.765300 10.468500 2.552170 
1969 1 23.199800 7.191050 8.075070 
399 2 16.130800 7.542990 3.937270 
1833 1 19.550100 6.492710 11.604700 
27 2 25.536800 7.183740 3.579100 
1352 2 23.293700 12.788600 0.556211 
1259 2 23.561000 7.361300 5.143090 
548 2 21.494300 12.327300 0.838286 
1940 2 17.860200 11.538400 9.907450 
1883 2 14.143800 11.898100 8.491530 
658 1 22.235800 1.533000 10.546300 
1702 1 20.547800 9.292200 7.924320 
1147 2 21.442300 8.511970 8.628740 
1512 2 19.912500 5.328350 4.654790 
701 1 23.827900 11.832400 1.000500 
1759 2 25.053500 5.573930 4.395680 
554 1 26.477500 0.418216 0.827998 
1505 1 26.168100 3.983980 8.478580 
1756 2 13.580200 11.182400 8.639530 
421 1 15.068600 6.598920 6.628260 
717 1 24.099400 5.263270 8.372440 
1404 2 20.826200 1.276520 7.652030 
1371 2 24.997000 10.799600 11.941300 
729 1 17.906100 11.683800 8.686940 
969 1 18.991200 13.085600 10.380700 
192 2 15.389500 4.288450 10.240900 
988 2 21.487300 11.919600 4.437920 
1199 2 14.178100 4.134390 5.046060 
1811 2 16.903100 7.656260 13.239500 
804 2 15.592800 7.957950 11.839800 
1402 1 19.615200 0.318893 11.104200 
150 1 21.327500 5.364150 2.403140 
1829 1 21.929000 2.353500 2.746370 
1511 2 22.201600 8.645810 2.663710 
131 2 22.098700 2.003020 1.689260 
260 2 15.020000 12.539700 6.165290 
747 2 17.980200 4.641180 10.319900 
1345 1 24.864900 3.433170 3.885320 
1297 1 20.900800 10.746400 11.511900 
922 1 22.289700 11.055700 1.975580 
1551 2 19.368000 12.958700 10.763200 
1309 1 20.812800 7.044000 3.961800 
686 1 17.955800 0.991855 1.331410 
457 1 24.002800 2.932900 6.682980 
458 1 23.210800 3.050840 4.716360 
1712 2 20.791100 3.430420 13.114400 
465 1 17.131900 1.994320 11.011400 
145 1 22.288400 0.141418 13.100700 
157 1 15.986700 5.474700 1.589530 
886 1 13.221500 4.758250 10.280800 
1037 1 15.632800 7.652320 12.574900 
1317 1 20.407700 5.589110 9.637000 
336 2 26.386100 4.675590 12.251800 
546 1 23.367100 5.898120 1.099560 
1513 1 14.944700 3.827740 2.013190 
21 1 22.325900 0.709576 5.566410 
1427 2 18.811400 5.931570 4.071820 
1536 2 18.211300 6.982840 3.081940 
909 1 17.322100 11.416200 10.522700 
1065 1 22.451000 6.965260 11.749400 
480 2 22.075500 0.607608 3.457180 
1599 2 16.386000 8.340420 1.652970 
1235 2 17.132700 0.595771 6.156820 
42 1 25.573200 7.105710 3.223310 
425 1 14.879500 10.257500 7.610120 
1943 2 21.023800 1.993320 9.814270 
312 2 13.724800 8.335320 0.009220 
1851 2 23.652300 2.813840 10.051000 
466 1 22.800600 7.028080 10.100500 
831 2 19.657400 10.291100 7.356100 
1968 2 22.607800 12.689100 3.339790 
1239 2 22.301600 3.685880 13.372500 
1342 1 15.919900 10.211800 10.741300 
1875 2 15.465500 5.033840 2.373210 
199 2 19.275100 0.699946 3.963830 
481 1 26.264600 5.178030 6.961180 
1479 2 17.517900 11.858200 2.861300 
1993 1 26.312700 12.632800 6.857400 
1938 1 14.214300 6.757480 3.673570 
966 1 15.184300 12.940100 7.127600 
1344 2 20.130200 9.239060 7.114710 
1162 1 24.691300 12.693500 6.505560 
1261 1 22.830300 1.668280 7.662090 
216 2 24.062300 9.824800 3.469470 
800 2 17.320000 12.306600 1.842040 
806 1 17.874200 7.234670 12.612200 
725 1 18.235000 0.286265 6.281850 
1477 1 17.868600 3.666820 10.567600 
505 1 24.276800 2.883830 9.635710 
68 2 19.455900 13.074800 1.878110 
1672 2 23.781600 12.671900 10.271000 
1989 1 19.894700 12.533600 12.476500 
1637 1 18.181700 2.706360 7.013000 
1832 2 24.590200 7.930150 5.894630 
1395 2 17.110000 10.505200 10.844000 
1544 2 22.608900 6.348270 12.491000 
1032 2 24.007000 9.741260 9.874120 
488 2 22.269200 3.918240 5.612670 
476 2 13.470600 4.201140 10.530100 
764 2 17.059100 3.482180 7.791770 
1236 2 15.167200 10.733000 11.982400 
1489 1 21.103700 11.769500 4.220340 
1534 1 22.572000 9.152110 4.365180 
1447 2 22.464500 10.601600 1.860530 
362 1 25.071600 11.771300 8.516950 
237 1 22.113100 4.607260 5.418440 
1141 1 15.895800 8.787310 1.258570 
1164 2 19.966200 13.467900 6.867860 
4 2 14.082000 4.712610 3.531100 
200 2 25.448200 2.307370 3.482830 
198 1 25.594500 9.688090 11.284700 
895 2 20.107700 6.144040 10.949600 
1081 1 18.566800 9.654730 11.727700 
1485 1 17.808900 6.814860 7.919800 
608 2 15.770300 6.354890 9.065450 
648 2 16.484100 2.220160 10.987200 
541 1 22.300400 7.596170 2.711200 
1212 2 20.718200 8.110860 2.619400 
290 1 17.544300 1.718380 3.165230 
22 1 18.706700 4.853320 6.677680 
222 1 14.130200 2.252650 4.689480 
1163 2 13.490100 3.820830 11.811700 
1132 2 17.090200 2.905300 6.773430 
170 1 14.161800 10.766100 9.220390 
1335 2 14.671000 12.509400 7.483810 
207 2 21.042300 11.298400 11.292900 
743 2 19.879000 11.025700 3.742840 
268 2 20.662900 13.016300 12.368700 
601 1 19.522200 8.170850 0.309324 
1322 1 22.309600 2.863380 10.784200 
1708 2 21.422300 6.375230 5.042110 
880 2 15.629400 10.959700 3.110360 
224 2 25.050100 0.967542 11.036400 
937 1 21.060900 8.104950 5.412480 
1642 1 19.809800 8.542200 10.547900 
1182 1 20.649000 1.999780 7.068500 
1950 1 25.370100 9.684860 5.896310 
1537 1 25.343600 1.020020 11.489100 
982 1 22.209500 12.226000 7.412020 
1218 1 14.291500 10.243600 2.343660 
1529 1 17.098200 7.492260 13.299000 
5 1 21.688100 11.624500 8.702460 
574 1 25.262300 1.983590 6.858440 
1735 2 14.272300 10.283300 9.462840 
1133 1 13.918900 7.859290 9.514640 
698 1 24.244800 9.942700 3.476140 
332 2 12.930200 2.816120 4.027990 
1460 2 15.874700 1.348980 2.725790 
1778 1 14.805500 3.870730 11.524300 
1520 2 13.584100 5.695020 1.493630 
1336 2 18.752000 4.479260 10.810900 
1290 1 25.096000 12.230200 1.559300 
1787 2 24.686500 8.860210 7.558160 
1286 1 13.330700 2.979270 10.378400 
1763 2 23.513900 12.485800 11.828000 
1399 2 14.472500 8.033390 7.836810 
77 1 16.502400 5.645850 12.245100 
1362 1 16.104000 4.800670 3.943370 
175 2 18.567700 12.458800 7.541740 
1108 2 26.213800 0.057661 0.307824 
1298 1 16.652100 0.614344 7.419880 
1808 2 25.108000 12.954700 4.110320 
1312 2 16.109100 2.962230 0.097453 
1819 2 13.252000 6.177410 0.236378 
857 1 14.507400 7.284820 0.098229 
910 1 15.070900 12.970200 0.838075 
719 2 20.145600 3.240170 0.049749 
642 1 24.125300 2.364150 0.134326 
267 2 14.097800 10.066100 12.470200 
883 2 15.230400 4.743550 22.740700 
288 2 17.007700 5.577070 21.962800 
596 2 17.685900 1.886690 19.664300 
597 1 20.694300 0.146877 14.106300 
1245 1 20.226200 6.091410 20.811400 
387 2 21.925900 3.292050 23.255900 
1873 1 26.550600 7.406260 19.776200 
1523 2 20.588700 6.015370 22.933100 
1461 1 20.125700 10.793100 18.186200 
1432 2 15.420900 4.978180 23.790600 
1224 2 17.974500 5.129510 15.795300 
1657 1 17.034900 1.773140 17.524600 
1516 2 19.732500 1.118460 14.998500 
675 2 18.000300 9.742970 21.372500 
923 2 23.911600 7.001250 21.078000 
1036 2 14.689500 5.807440 19.498800 
852 2 23.710600 12.353900 21.602200 
1088 2 14.353000 9.966940 17.259300 
713 1 21.989100 0.974948 25.926700 
1836 2 15.637000 10.126700 24.208600 
1180 2 24.083200 8.068420 15.986500 
41 1 26.403400 10.682000 16.336700 
125 1 24.138100 4.003630 20.913900 
1473 1 13.667900 8.672700 24.229200 
1562 1 25.340000 3.853700 20.129200 
87 2 20.900900 6.314400 13.251800 
1137 1 17.554900 1.266260 20.158000 
1160 2 22.435700 5.529190 21.319900 
1738 1 17.970600 3.565610 20.902600 
1222 1 21.413200 2.727070 23.975000 
907 2 24.573500 7.990130 15.959200 
894 1 21.996000 4.311200 24.537700 
274 1 15.290200 6.441890 25.257400 
1848 2 18.521700 12.783700 13.795400 
373 1 17.773800 11.684500 15.706400 
563 2 25.865200 5.648210 17.638400 
1367 2 17.935300 3.785480 24.340900 
1504 2 23.940200 0.297170 24.406900 
1561 1 19.639000 11.753800 23.108400 
718 1 19.779300 6.390820 16.150500 
1130 1 21.480500 6.734060 21.736600 
814 1 21.678400 9.296630 22.058700 
963 2 19.214600 9.479110 17.099200 
1670 1 26.438000 12.618000 17.988800 
590 1 21.328700 4.782360 19.565000 
432 2 14.523500 3.750350 14.818500 
1139 2 17.238100 12.427000 19.214700 
1997 1 14.906600 5.353850 22.790100 
454 1 17.077900 10.386900 20.178900 
1256 2 17.163600 0.716849 22.932400 
780 2 13.778700 2.068600 20.317600 
1374 1 17.902000 10.604200 24.773500 
1029 1 21.111600 0.121515 20.421100 
875 2 21.048600 8.517660 19.030700 
62 1 18.650600 4.535150 24.600900 
317 1 18.117100 13.071100 17.412800 
470 1 18.892200 10.015500 16.998400 
949 1 19.414900 0.873482 14.657100 
1727 2 20.013200 4.848450 21.793000 
1476 2 13.460100 12.030400 20.910200 
1803 2 15.634600 11.763500 24.546600 
220 2 17.285000 1.618250 14.454400 
1446 1 22.788100 11.872600 14.223600 
1191 2 14.102300 2.024040 21.342100 
407 2 16.895400 4.631120 13.951200 
786 1 13.674000 12.536900 14.584800 
1813 1 17.442700 5.549880 15.702800 
264 2 22.822000 4.577190 23.356600 
1184 2 17.499000 7.108360 24.216400 
1346 1 16.456300 0.979918 14.156500 
936 2 25.011400 1.777680 14.732100 
1618 1 23.269900 1.155120 16.148100 
69 1 21.374700 2.864080 26.369900 
762 1 14.352100 6.594090 17.033700 
877 1 25.115000 2.732820 15.534100 
337 1 19.839800 8.699200 25.264200 
784 2 22.228800 7.972840 18.300600 
1910 1 15.466900 3.196360 16.978900 
401 1 24.874700 0.968779 22.927200 
411 2 21.474300 4.914330 18.922500 
1299 2 20.873800 4.096770 16.344700 
124 2 19.497400 11.117600 19.761100 
1864 2 23.826500 11.579900 26.451500 
775 2 24.085200 3.655540 20.441500 
571 2 22.176800 6.426210 16.799900 
1360 2 14.130200 1.435600 14.030400 
1666 1 21.870500 2.937780 21.662100 
53 1 18.017900 6.348260 22.054600 
521 1 21.453200 6.322570 24.133800 
637 1 26.140000 3.779490 22.607100 
869 1 23.846600 11.923000 26.351500 
623 2 25.531200 3.526560 16.367800 
1429 1 20.454900 8.146390 14.058400 
575 2 19.129700 13.031500 26.687500 
1650 1 16.300200 10.705800 15.033400 
1444 2 22.900800 5.384160 17.763400 
1979 2 15.181800 10.591000 16.929300 
1939 2 23.485400 5.591900 25.809800 
1681 1 23.719200 10.769500 24.819100 
491 2 25.851400 5.314890 14.372600 
985 1 23.910900 10.529300 20.706300 
1715 2 14.725800 11.096100 21.867000 
1853 1 20.983000 4.450630 17.601000 
1347 2 19.567500 8.032180 26.064100 
1704 2 21.531700 8.595890 22.803800 
353 1 14.476400 2.556860 14.584100 
1658 1 25.409300 5.200370 17.608500 
1311 2 16.013400 6.025770 20.325900 
350 1 17.930400 5.012960 17.715700 
621 1 25.724700 5.207470 14.555200 
1024 2 25.419700 2.544770 17.995000 
1662 1 15.630100 11.659700 25.194100 
1991 2 16.403400 0.764669 17.708500 
1891 2 19.781400 12.686900 16.859300 
186 1 20.188900 1.847030 16.063000 
1626 1 15.974100 3.883260 22.868200 
1579 2 14.863700 4.184560 17.611700 
2000 2 17.345900 11.495900 25.927000 
1800 2 22.044600 2.949450 16.197500 
825 1 17.127800 3.521440 13.194400 
870 1 18.877200 7.006730 24.582900 
1885 1 15.107000 12.230100 22.212200 
346 1 26.141200 2.622880 18.262600 
298 1 25.584900 12.866300 22.113300 
1276 2 23.615000 0.441144 15.252200 
987 2 15.385200 5.383260 14.103300 
1307 2 20.587400 13.129900 20.286500 
1541 1 18.637900 8.902610 18.596100 
901 1 22.408700 3.953200 13.543200 
534 1 22.526700 2.798170 18.729600 
873 1 25.751000 8.018150 24.982000 
90 1 20.215700 11.514400 25.385900 
789 1 17.966900 12.711500 14.431300 
1368 2 21.237800 3.564360 25.381200 
1111 2 18.410600 10.334700 14.482600 
517 1 15.486800 5.468110 21.010900 
1648 2 21.455300 0.588649 18.414300 
797 1 21.372700 3.218420 15.906800 
1576 2 14.549200 7.993430 19.589300 
328 2 18.476200 12.413400 15.830000 
1387 2 24.152300 6.315950 22.387200 
1694 1 15.881500 2.700830 26.069400 
790 1 22.930200 0.438728 23.708600 
315 2 22.464700 0.308674 16.174700 
1060 2 22.270800 10.975900 18.882700 
976 2 21.277600 5.978330 23.832000 
793 1 16.557000 9.920600 18.365800 
1827 2 17.710200 4.935940 17.395900 
119 2 17.913900 -0.049543 22.798100 
1221 1 17.626700 0.098920 22.278600 
533 1 21.931200 10.243900 13.799800 
591 2 25.708700 9.176800 22.771800 
394 1 20.636100 7.718610 18.109700 
1305 1 15.430700 10.223800 23.689200 
1098 1 24.392200 5.673840 19.095800 
653 1 22.322500 5.845280 20.763400 
536 2 24.523600 2.462570 26.716800 
1684 2 21.616000 0.470563 20.940200 
839 2 23.031700 10.271000 17.886800 
1698 1 15.655000 4.792250 14.347700 
277 1 25.558100 0.692400 13.744600 
914 1 13.978300 10.232400 12.689500 
1588 2 24.358400 3.976120 20.679200 
245 1 25.112900 8.110940 16.048600 
619 2 22.411600 1.246770 19.398400 
1019 2 20.263000 0.574204 13.903800 
965 1 22.142100 5.701060 17.852400 
109 1 19.398500 5.600210 14.397800 
1812 2 17.509300 7.362980 18.223800 
606 1 19.309700 2.822100 17.494900 
1880 2 16.968900 10.421500 19.916000 
449 1 15.503700 5.620500 18.401200 
603 2 17.650800 12.404600 15.246500 
98 1 25.153400 7.712810 22.240100 
76 2 26.266900 3.713790 23.861300 
1580 2 17.865100 4.179720 25.765600 
1358 1 20.351100 12.085600 20.464800 
2 1 23.609900 6.023250 21.869200 
970 1 14.827900 1.521780 15.929600 
1624 2 15.746400 3.345010 17.824000 
1085 1 25.330700 0.634683 17.225100 
925 1 21.911300 10.527000 16.010100 
380 2 18.636600 3.326270 22.471100 
156 2 18.656400 12.333300 16.858300 
103 2 16.527200 2.808860 20.312100 
669 1 13.721000 0.886814 19.549500 
325 1 16.011500 7.878280 20.541200 
1406 1 16.930000 12.780800 19.355300 
316 2 20.033000 6.175110 20.520500 
1821 1 20.282700 13.039800 18.360800 
1354 1 23.712100 10.529800 14.410400 
158 1 20.056500 9.189480 22.258400 
1084 2 19.233300 9.712620 21.983700 
31 2 20.666600 11.054400 25.501300 
1728 2 25.534700 10.950100 15.182800 
497 1 24.728800 5.600350 23.254300 
1273 1 15.138200 12.848200 16.840400 
1127 2 19.520700 4.418670 21.245900 
1296 2 21.771800 1.062680 21.664000 
644 2 22.229200 11.075000 14.768300 
111 2 19.374600 6.698770 16.209400 
932 2 25.324800 7.841630 23.866600 
1189 1 15.737500 2.489830 20.540100 
1200 2 21.581700 5.085700 18.558000 
1689 1 22.045000 6.737880 16.413400 
1929 1 23.905200 5.118260 25.598900 
612 2 19.013400 2.306490 17.207600 
654 1 25.332400 10.346300 22.969200 
1086 1 22.457100 12.783900 22.850800 
113 1 18.630800 6.544300 16.569700 
1439 2 14.605900 1.933640 15.992400 
954 1 26.265800 13.261800 23.903300 
1327 2 14.774000 10.689300 18.424400 
737 1 20.260000 4.298730 22.397700 
821 1 17.593700 2.537680 18.919600 
154 1 14.058600 10.462200 17.615100 
522 1 22.532300 0.970799 20.592600 
395 2 15.183700 6.828600 25.502600 
322 1 13.080200 10.406000 20.861600 
1264 2 19.562000 6.490020 16.720500 
1828 2 25.141100 8.790640 24.911100 
1677 1 17.228100 4.319610 25.243100 
639 2 26.044700 11.285000 25.151300 
195 2 23.679100 10.848200 22.932000 
951 2 26.912500 1.488280 19.431400 
716 2 21.532100 0.509829 25.177100 
1893 1 17.704000 0.925179 23.585000 
1815 2 25.470800 7.769920 26.477500 
467 2 21.267200 9.096200 22.132400 
723 2 22.137200 11.039300 14.022000 
613 1 26.704100 12.770600 20.408900 
1040 2 26.351100 8.402410 19.393200 
1357 1 20.593800 6.918740 25.183400 
126 1 24.116500 6.746000 16.728900 
858 1 26.038500 9.966610 14.415200 
1170 1 23.123700 9.061530 19.556200 
35 2 18.349600 11.964400 23.507700 
588 2 26.344300 12.218600 17.870400 
1843 2 25.413400 12.323600 19.975000 
622 1 22.541000 0.639716 19.134900 
138 1 26.032400 11.504100 26.290700 
1941 1 14.077800 5.370250 19.589300 
1270 1 24.749800 12.446300 19.086500 
709 1 14.921200 -0.058504 24.218500 
74 1 20.413700 0.635721 22.588000 
1437 1 17.457400 3.993390 26.729800 
1683 2 25.215900 2.140900 22.962700 
811 2 19.064200 9.097710 26.198100 
9 1 20.966000 11.612900 13.894200 
902 1 21.406500 14.103200 9.052450 
423 2 25.968300 25.985900 0.377931 
334 1 17.730900 19.810300 11.437400 
462 1 23.880500 18.388100 0.941912 
1922 1 20.724900 20.342500 9.106390 
246 1 15.298500 15.692400 1.005270 
1568 2 17.241800 21.729500 12.764300 
1313 1 19.071500 17.944400 10.794800 
1654 1 14.440400 20.431100 5.518620 
1131 2 17.622300 25.132200 9.536750 
1333 1 15.226400 25.888400 8.067670 
116 2 16.391400 26.442800 8.146550 
1500 2 21.998400 16.942200 11.920200 
1464 2 22.811800 21.067400 9.337760 
144 2 14.322900 20.632500 4.937530 
1945 1 17.117100 23.723900 3.782240 
1302 1 20.928400 23.138800 5.127720 
1353 1 24.712500 20.360100 7.724470 
1198 1 22.549700 24.794700 10.644900 
1974 1 25.057500 15.072600 8.657740 
406 1 25.052200 23.820200 6.442310 
1142 1 24.691200 20.137100 12.207400 
891 2 17.435200 26.615500 1.064810 
1882 1 22.308900 24.732100 5.796190 
1341 1 24.749200 17.082300 6.060990 
412 2 14.815800 17.984500 13.149700 
440 2 18.321000 26.073300 6.349500 
1425 1 19.434500 13.412900 7.353180 
1488 2 19.632400 26.275300 6.106880 
1515 2 16.520100 20.073400 2.868780 
1602 1 26.222800 16.675300 11.580100 
829 1 15.172600 21.565200 1.547440 
1600 2 25.023100 14.720300 1.169300 
189 1 15.382800 19.540700 7.443910 
342 1 16.622100 17.169600 1.897950 
128 2 14.341600 25.208100 11.088100 
1169 1 20.042700 16.680600 8.432200 
1791 2 16.934700 18.331900 6.488920 
1172 2 25.896000 21.272000 1.779550 
291 2 23.202200 20.103400 1.842780 
1755 2 17.757100 19.446600 12.940000 
20 2 22.397800 23.203300 2.136670 
744 2 23.752700 26.011900 6.446050 
1193 1 13.242100 22.185300 2.991630 
1595 2 18.643800 18.384000 0.843878 
1606 1 13.127600 18.478800 3.354320 
389 1 18.983900 23.329700 3.453320 
1841 1 25.648800 18.118300 8.638180 
1314 1 20.713700 25.742500 11.655200 
1134 1 23.338500 13.553300 6.145780 
1294 1 19.134700 23.998200 9.172060 
1789 1 16.893100 18.127200 8.696430 
1754 1 20.914400 15.395600 6.962140 
663 2 19.575600 24.091400 4.536660 
1644 2 25.676800 15.752500 11.354700 
1863 2 24.545800 23.744600 4.254140 
339 2 17.897400 18.565900 9.670240 
262 1 19.681100 26.262300 7.724600 
1167 2 21.448100 21.682100 12.503200 
802 1 25.983600 14.917200 12.432900 
1548 2 13.473100 16.534700 9.683000 
1090 1 24.208000 23.103800 8.971380 
662 1 15.444900 14.735400 5.714920 
408 2 19.286400 21.857500 1.085440 
445 1 26.842800 14.212800 4.750620 
564 2 16.566300 22.810100 3.772080 
1225 1 23.374500 20.572100 2.584750 
1226 1 22.692900 19.379800 12.733900 
1616 2 18.517300 14.985100 3.066260 
114 1 25.857900 16.385300 1.866400 
946 1 13.647300 18.599800 10.856300 
565 1 25.511100 22.507400 1.783930 
1499 2 14.260600 21.974600 9.384450 
1428 2 14.783100 18.929200 9.985920 
1769 1 19.214300 17.590600 12.470900 
702 1 14.285600 21.766600 12.369800 
1462 1 15.916200 17.500300 6.028660 
1196 2 24.159200 22.902500 12.013900 
1154 1 23.106500 15.566100 13.310700 
422 1 17.575600 24.282000 9.749040 
1288 2 25.497400 22.613600 5.630420 
500 2 18.229600 26.068500 1.649500 
828 2 25.113900 25.533600 3.799530 
959 2 22.690600 19.076700 12.717700 
279 2 14.274300 13.498600 0.684707 
1011 2 22.323200 14.002300 5.986900 
176 2 21.420600 16.723800 0.754946 
1854 1 14.317400 24.670800 7.925450 
1279 2 13.074900 16.523000 9.599910 
810 1 19.131400 20.957400 12.280000 
1675 2 14.513900 21.377100 12.784100 
197 1 14.762500 24.412900 2.405170 
363 2 17.256700 16.266100 11.945000 
1949 1 24.855900 25.471800 4.412260 
610 1 23.461300 22.291100 8.995750 
1177 1 14.817500 18.157300 13.375700 
14 1 19.399200 22.992600 0.750167 
518 1 20.047300 14.757800 5.598510 
667 2 25.626800 26.303000 12.334500 
881 1 15.940000 16.208600 11.003200 
160 2 21.752500 17.737700 3.613900 
1355 2 25.617600 19.330400 2.744380 
1042 1 20.587600 18.745400 0.735859 
1916 2 23.609100 20.299500 6.368100 
302 1 22.688600 13.498000 10.781700 
1887 2 17.670100 22.624300 12.799200 
1995 2 14.802100 13.371800 12.120300 
1373 1 24.595600 25.420000 1.451580 
1908 2 19.454500 23.145900 6.124500 
415 2 19.250400 21.597800 8.380630 
531 2 14.143600 23.153000 3.287950 
1671 2 24.446600 20.914000 5.422280 
1526 1 25.798500 18.827300 3.337990 
201 1 18.513200 14.437500 11.656300 
1638 1 20.165900 26.170800 4.925910 
232 2 21.463100 23.005500 5.669100 
1634 1 18.093600 16.450500 9.666930 
313 1 13.203900 14.391600 2.718790 
418 1 22.018200 17.049100 2.841880 
392 2 21.790100 22.517100 3.143290 
1219 2 23.601900 19.450400 10.651500 
527 2 20.191500 15.428200 6.892880 
1178 1 18.584500 21.406600 2.478660 
478 1 23.499000 21.646500 9.812810 
265 1 23.179000 19.319000 3.970270 
739 2 21.767500 18.691800 3.897680 
795 2 20.547300 13.125000 5.086110 
357 1 14.768600 23.376200 8.886860 
60 2 24.874700 17.115500 7.360110 
194 1 22.259100 15.767900 8.546230 
812 2 25.635800 21.472300 1.330600 
668 2 15.065400 25.204500 8.250640 
696 2 21.257700 14.603900 8.782110 
1538 1 14.874000 24.515700 12.862900 
304 2 24.284200 20.867500 -0.227324 
688 2 20.863900 21.009000 11.863200 
1348 2 25.614400 16.571100 1.881610 
487 2 19.486500 23.935700 3.149470 
219 2 18.233700 25.738700 11.042800 
977 1 17.216700 24.157600 5.986780 
1158 1 19.107600 16.044200 7.307790 
1080 2 14.938100 22.395300 9.878410 
1913 1 22.495100 25.060500 0.068555 
1063 2 21.725600 19.187000 8.063900 
871 2 24.892600 14.552000 10.224300 
751 2 25.214800 18.617600 9.121790 
916 2 26.261800 16.830500 6.875080 
1012 2 22.658300 17.487400 8.552830 
499 2 18.052000 13.769600 11.214500 
818 1 22.495000 18.590300 7.325610 
452 2 18.139100 18.689100 8.928910 
1716 2 19.182700 20.258500 6.851360 
643 2 21.227200 18.531700 1.278650 
287 2 19.662700 21.330000 8.494950 
567 2 26.340900 16.551600 11.599900 
1852 2 19.607700 20.157800 10.609400 
848 2 17.756000 16.139900 10.287000 
510 1 24.317100 14.798100 2.157370 
1731 2 22.944400 25.109700 6.427520 
266 1 23.379000 19.142500 10.478000 
213 1 13.129100 13.831200 8.948120 
724 2 17.215700 23.471900 2.586740 
1129 1 22.623000 17.147000 11.348700 
556 2 20.264000 16.267200 6.826970 
864 2 19.878200 19.911300 1.858210 
1797 1 19.754300 25.549100 0.893915 
39 2 25.186500 24.543800 9.626280 
402 1 19.412200 21.940400 9.576780 
1967 2 16.194000 16.617500 1.152320 
1507 2 19.299400 13.413400 1.796250 
400 2 14.235600 24.464400 1.429860 
1559 2 24.629500 21.903400 12.412400 
49 1 19.081000 19.003400 7.612390 
1192 2 19.601900 22.415200 8.803260 
183 2 22.109600 15.468800 8.805210 
34 1 22.794400 19.715800 6.434140 
699 2 21.387400 22.083700 5.977850 
876 2 17.100300 17.336900 1.191190 
225 1 16.562800 19.411900 0.327317 
1565 1 21.493600 22.589300 11.538800 
1087 2 19.765100 22.051300 2.644290 
1430 1 15.867600 24.672400 4.990630 
1366 1 19.352300 21.892000 7.608110 
215 2 17.438600 15.769900 9.447460 
1816 2 24.381800 23.254100 8.980580 
609 1 22.760200 22.346500 5.418500 
1865 1 21.500100 13.235900 3.168700 
1569 1 20.655800 20.351800 2.189590 
1497 1 13.906400 21.717700 9.645140 
1736 2 16.028200 15.785000 2.800360 
1971 2 24.444400 17.701600 7.622860 
1043 2 22.494500 25.089700 9.884940 
676 2 17.510100 24.730700 10.076800 
1725 1 17.394500 26.353000 11.187600 
1426 1 15.083600 18.286900 9.362680 
54 1 17.472700 14.702400 1.723230 
1717 1 19.832700 20.280400 6.192620 
836 2 15.243600 24.805100 5.155150 
1849 1 17.165900 15.095100 10.016000 
1530 1 24.812800 23.154900 3.395620 
690 1 21.478400 18.179800 12.582000 
1766 1 21.390700 19.181300 4.530720 
1699 2 16.068300 18.372100 7.554180 
57 1 20.296400 13.771800 1.410520 
1743 2 16.197900 15.916500 5.521490 
1148 2 23.031100 25.114600 0.941128 
1937 1 17.559800 13.689600 7.101380 
221 1 16.187100 16.848800 4.545500 
40 2 22.808700 25.403900 11.957900 
1260 2 16.269800 16.439800 6.393010 
1912 2 18.191900 26.488400 11.907700 
632 2 16.178900 13.379200 11.677800 
771 2 21.572300 15.802600 1.819960 
1318 1 17.310500 17.452400 0.336503 
1896 2 24.692700 14.432200 9.528240 
1859 2 19.650000 18.713400 11.612500 
333 1 18.001500 19.657200 8.806910 
1179 2 23.828700 22.899400 9.284280 
384 2 22.539000 18.189900 3.914280 
174 1 15.035500 13.526900 11.730900 
940 2 17.672200 16.189600 13.298100 
1574 1 16.959000 22.487400 12.482900 
598 1 17.406500 16.300500 12.424500 
507 2 20.636600 26.440200 11.420800 
178 1 21.061200 15.971500 0.855360 
311 2 19.917200 16.705700 8.501930 
1627 2 25.864300 16.981100 6.004800 
1645 1 20.417700 16.999000 7.293950 
1223 2 24.513500 14.806200 2.186970 
562 1 19.042200 14.943000 3.253850 
33 1 15.973000 25.156600 3.638460 
242 1 23.838600 17.604600 8.524610 
1870 1 16.789800 20.373700 4.365470 
293 1 14.119100 24.265300 1.276600 
85 1 25.034900 22.403200 12.115000 
760 2 16.544600 18.596700 4.000900 
687 2 14.760600 25.163400 7.892500 
1275 2 15.556300 25.219900 3.834070 
1711 2 16.832100 23.333500 5.435380 
310 1 20.218200 19.127500 2.095650 
1022 1 24.337500 24.372000 11.026200 
855 2 15.893500 15.263300 4.634080 
1866 1 21.204800 22.516600 6.770620 
1413 1 19.821700 24.423200 3.091340 
1377 1 25.761600 22.420000 5.673930 
1818 1 17.328000 25.834900 0.734880 
6 1 21.935800 22.031200 1.364820 
130 1 21.864100 23.540600 3.394670 
1418 1 24.847800 25.143300 13.210600 
443 2 13.932300 17.095500 11.009200 
1106 1 26.496500 14.827300 10.409900 
474 1 18.692300 24.914000 11.829300 
734 1 24.805700 14.085500 10.478400 
651 2 21.458900 22.434000 1.465640 
1451 2 24.431900 13.484300 5.727700 
1123 2 21.041200 26.308700 6.303420 
1115 2 20.064000 25.983800 0.071985 
538 1 22.747800 21.963300 12.414800 
798 1 13.283600 26.026800 0.334798 
1379 2 13.220200 21.053900 0.161737 
1952 2 24.651400 19.729700 12.817300 
255 2 23.473900 14.496600 13.312700 
1581 1 22.582600 14.657800 0.136109 
162 1 20.495000 20.347100 0.156651 
1871 2 25.824800 22.818200 0.299352 
628 2 22.574200 13.862100 12.850400 
1003 2 22.105000 14.172000 0.137758 
1784 2 25.685100 13.925600 13.393500 
253 1 23.241500 13.993300 12.634300 
850 1 26.142500 22.101600 20.791400 
1293 1 19.391600 20.018200 18.115000 
1623 2 17.915900 17.910500 24.195100 
1242 1 17.344400 13.891200 21.806400 
99 2 20.967200 15.606400 22.943300 
453 1 24.320400 14.083300 25.788400 
645 1 15.769900 24.625500 14.232400 
1653 1 21.804200 20.953500 14.263800 
972 2 14.252100 15.261100 25.698300 
1609 1 16.860700 25.117100 16.078600 
572 2 18.996700 23.245000 15.725100 
463 2 20.729600 19.706200 24.368200 
469 1 17.480700 13.101900 26.305100 
1936 2 18.051000 21.426000 22.679400 
605 1 19.024900 25.361500 21.545900 
1748 2 20.927000 15.045000 16.661500 
707 2 17.655500 23.084800 21.786900 
1889 1 17.016700 20.234500 18.760400 
1370 1 24.008500 18.536600 20.932800 
1901 1 23.328600 25.767900 21.654600 
1292 2 24.519100 15.130300 15.019600 
1557 1 14.465500 25.715500 22.994700 
110 1 24.329000 16.396700 15.178900 
1655 2 25.996900 23.772000 19.960300 
483 2 17.223300 21.124000 24.796600 
994 1 25.570300 14.788600 19.872700 
1980 2 21.657200 19.891900 24.842600 
1772 2 22.148700 21.158300 17.665500 
526 1 25.179100 24.470400 18.933600 
1786 1 18.290400 25.839000 16.033800 
1383 2 25.083000 23.384100 22.099500 
13 1 19.385900 18.126800 19.748700 
1472 2 17.685400 25.738400 19.813200 
1942 1 14.084700 23.573800 18.071400 
629 1 16.473200 25.322500 25.801000 
508 2 13.592700 20.137900 25.554000 
1550 1 22.953600 18.710400 19.405500 
1018 1 15.390400 22.063900 19.531400 
1051 2 25.730200 24.664300 14.723100 
1401 1 18.069300 23.351700 21.144400 
728 2 19.199800 21.056700 16.897300 
441 1 14.162300 16.407000 22.318300 
1095 2 19.987200 18.581400 19.668800 
1308 2 24.748700 19.200900 21.012200 
807 2 14.432500 18.207800 14.197300 
348 2 14.574500 14.848000 14.760500 
915 2 24.086400 21.275700 23.149200 
1630 1 24.211100 17.548700 26.296500 
344 2 20.654300 15.372200 19.484600 
1539 2 22.419000 26.303300 20.082600 
1502 1 22.209400 22.230300 18.363300 
768 2 15.251500 25.985800 18.585100 
1053 1 17.479400 21.068000 25.225300 
371 2 14.141800 15.382500 18.154400 
1140 2 20.391600 16.187600 15.348600 
542 1 18.574900 22.901300 15.225200 
417 1 21.114400 15.553100 24.841500 
1230 1 23.665300 14.664600 15.071500 
256 2 15.630500 22.816500 18.616500 
370 1 18.949900 21.663400 16.050700 
431 2 25.910300 13.815600 20.633500 
1023 2 15.749000 20.399300 20.162600 
944 2 26.361800 19.869700 18.376000 
765 1 18.703900 19.537400 15.724500 
1777 1 15.165000 25.397900 23.984100 
933 1 15.098200 20.876300 21.673500 
752 2 23.518800 23.006300 24.685700 
791 2 14.546600 19.708000 15.374600 
1990 1 14.907900 13.756900 24.974700 
1498 1 25.963100 20.432000 18.483700 
934 1 20.210000 16.324600 14.695000 
706 1 20.373300 21.040500 20.347700 
746 1 25.207200 19.262400 26.110200 
631 2 14.379100 22.717200 18.067900 
1518 1 26.084100 21.541200 14.640600 
1103 2 23.055000 26.479600 23.424600 
8 2 25.978300 22.911800 19.335100 
127 2 22.704200 18.621500 18.655700 
416 2 18.209000 18.068500 24.121700 
1118 1 17.558400 21.922400 21.772300 
1973 1 25.433600 16.965800 23.854700 
143 2 20.645400 24.034200 21.434000 
581 1 14.123800 25.986300 18.027400 
1925 1 24.548900 26.152800 25.673000 
720 2 15.869500 13.681900 25.977900 
509 1 14.051400 21.260300 24.647800 
381 1 18.970500 15.246600 21.483000 
930 1 14.153100 17.503700 25.676700 
1726 1 21.806300 25.583500 25.682200 
1639 2 16.946000 14.318200 26.058100 
1764 2 17.052100 13.945000 21.437700 
981 1 24.952300 19.786300 22.782800 
149 1 17.250500 20.127900 23.403100 
177 1 19.975200 13.040100 16.309800 
1415 2 19.019100 15.353200 14.483100 
1935 2 24.425800 17.834000 25.768700 
405 1 24.935900 23.056500 19.583100 
1303 2 14.797400 14.851500 24.663700 
708 2 14.037700 15.599900 18.927100 
1185 1 18.017200 18.961800 25.410400 
84 2 15.032200 25.559700 23.858400 
26 1 22.050400 19.967600 24.865000 
1628 2 18.802900 18.490200 21.574100 
1125 1 21.685100 15.588600 15.344000 
549 1 17.287600 15.480400 20.177400 
704 2 21.659800 22.032700 13.850600 
1356 2 26.297200 22.379500 14.040500 
403 2 25.581200 17.009500 22.455200 
1285 1 25.574800 15.368400 18.347000 
1722 1 18.106800 15.642900 18.485900 
1282 1 16.162900 22.935800 23.638800 
614 1 18.409000 14.803600 14.498300 
516 2 15.111100 23.707100 13.955500 
1608 2 15.351200 18.127300 21.778100 
331 2 20.449400 24.950800 24.504700 
289 1 25.868800 23.683700 14.907300 
657 1 15.451100 15.825800 19.220800 
843 2 22.947000 17.275800 15.342100 
776 2 17.118900 25.502100 15.431800 
1918 1 23.000300 17.688200 13.745200 
1013 1 14.009900 18.543700 14.745700 
1216 2 14.559900 24.277300 14.702600 
73 1 25.239000 20.367500 20.358800 
692 2 21.174100 24.655700 22.247500 
1072 2 17.537900 20.063100 14.846300 
904 2 23.217900 23.729200 22.975100 
1633 1 14.352200 20.843300 17.586800 
1057 1 21.948800 19.033000 22.887100 
913 1 17.815800 25.503600 18.922400 
29 1 15.110800 19.346800 20.645200 
835 2 21.735200 22.102000 19.773900 
884 2 17.894500 18.475500 26.246100 
801 1 13.688900 19.788100 23.990700 
1691 2 22.698000 20.005800 15.999400 
106 1 14.502100 15.977600 17.776700 
269 1 20.053900 15.947200 17.767300 
340 2 24.385400 13.866100 24.724400 
998 1 20.833900 16.243900 20.262600 
1888 2 20.474900 13.383200 23.904600 
1872 2 22.830300 16.846900 22.741100 
489 1 17.523000 20.471200 13.527500 
1405 1 19.376100 18.451400 23.627200 
1876 2 17.130000 15.525400 18.863400 
1749 1 26.302200 26.021900 15.370400 
1934 1 22.644300 23.444400 22.867100 
1002 1 15.746200 20.375200 15.086900 
1897 1 18.015600 16.578600 21.014400 
1220 2 15.605100 13.236500 17.179800 
921 1 20.266600 15.930200 16.390700 
693 1 25.652400 26.287600 24.468300 
211 2 14.364200 24.918700 13.816800 
1014 1 16.816000 18.656500 20.194200 
604 2 22.335000 25.374200 16.316200 
471 2 16.593600 24.158300 25.637700 
283 2 17.850300 25.841600 19.409200 
557 1 23.659300 16.141300 20.530800 
1682 1 20.566500 25.293900 17.259400 
1804 2 19.556300 14.983400 24.635200 
691 2 15.156500 15.315500 17.147500 
1469 1 24.849600 20.422900 24.921100 
941 1 13.921000 24.862700 14.161400 
1673 1 22.087600 22.361200 24.982300 
1422 1 14.846800 15.212500 23.343600 
1168 2 20.643300 16.779400 19.276800 
1951 2 20.866400 24.840700 17.797600 
135 2 18.979700 22.383000 16.341900 
503 2 20.480700 22.388600 25.483900 
82 1 15.742700 17.312500 22.366700 
511 2 25.568100 19.887400 24.768100 
1122 1 20.414200 14.724900 23.099800 
587 2 26.174400 20.104000 17.697400 
1058 1 16.382900 18.832800 17.089100 
1679 2 14.734900 15.180800 22.039200 
123 2 23.520000 15.345700 16.989600 
995 2 19.852400 16.775600 17.653200 
155 2 17.908300 19.887100 17.075300 
188 2 25.536600 14.883200 18.023800 
1782 1 19.760300 25.395800 25.533200 
1332 2 23.392500 14.963300 17.362000 
809 1 17.337200 17.354000 14.614400 
1195 2 14.615800 17.656000 25.114800 
882 1 17.702300 22.810300 18.797700 
1069 1 25.243000 14.347600 14.247500 
520 2 20.056800 14.869000 23.975800 
388 2 19.462100 24.281100 25.253000 
1253 1 21.192300 17.438600 19.182100 
375 2 26.042400 15.033200 18.598700 
635 2 17.126900 14.695500 17.695300 
44 2 18.835100 15.479900 21.559000 
1631 2 14.530800 19.476500 21.940200 
935 2 16.986300 24.850300 17.220300 
1508 2 26.396800 18.202000 16.794300 
1453 1 24.559300 23.279800 22.002100 
1514 1 20.781800 23.465900 21.350100 
1760 2 20.851600 20.212200 18.904700 
845 1 22.007800 26.297700 15.833700 
980 2 13.781100 14.233900 23.742700 
1903 2 15.157800 19.556600 17.276700 
1774 1 15.833900 23.516400 16.360600 
1096 2 15.395600 21.624300 22.749900 
1251 2 23.691600 14.675900 23.884500 
475 2 17.551900 25.301100 15.079700 
1840 2 24.335100 16.999900 20.564800 
1869 1 19.844200 23.194700 15.949200 
413 1 22.187800 20.237500 15.906000 
788 2 16.259700 18.755100 15.581800 
595 2 15.043400 25.473600 23.064600 
1846 1 25.621600 20.095300 16.474100 
1799 2 22.305000 17.847100 21.264300 
1790 1 19.283600 16.817500 26.407100 
366 1 25.487200 17.118600 21.335700 
1686 1 22.202400 16.737100 22.378800 
1564 2 16.787400 20.341600 25.385800 
1083 2 22.320700 25.265400 26.540000 
1306 1 23.706100 22.108700 23.397500 
1407 2 18.600200 18.242700 20.983000 
118 1 16.383000 14.401100 16.862400 
1674 1 19.294300 23.105400 24.665200 
1814 1 22.531100 15.233900 17.303600 
866 1 24.665700 15.418900 17.124900 
908 2 17.816500 19.105600 18.695600 
273 1 14.160600 14.920400 20.735000 
1021 1 23.253900 16.441400 17.650300 
1783 2 25.929800 20.276100 19.338200 
673 1 20.719400 24.972700 19.671500 
1902 1 19.431100 16.185600 23.176500 
212 2 15.960000 21.783300 19.367500 
1228 2 19.327400 23.486800 20.617200 
774 1 17.596200 17.805200 24.085800 
163 2 25.581100 14.623600 14.302200 
519 2 26.119500 21.562400 14.229400 
838 1 13.359500 20.342200 26.049900 
792 2 22.435500 18.116100 14.734200 
1620 2 24.769000 21.888000 22.289200 
107 2 14.917300 21.898000 20.776500 
1710 1 23.531600 19.388400 16.751000 
1594 1 16.408400 14.065200 25.593000 
1733 1 14.036100 22.591600 13.952200 
46 1 23.159500 15.274600 23.568200 
335 2 17.541000 15.891200 21.245500 
19 2 21.439900 15.788500 24.375900 
1400 2 21.533000 17.868700 16.846700 
1151 2 20.803700 16.403600 13.354400 
600 2 15.885800 25.797300 26.175400 
1924 2 24.903100 18.069400 25.726900 
382 1 15.014500 14.835400 14.010900 
1026 1 25.076000 23.064700 26.194300 
