id type x y z 
1801 1 6.804340 9.300760 9.892950 
666 1 7.769910 1.200300 6.363910 
108 2 12.428700 2.352570 10.643700 
1393 1 8.760450 11.493200 0.745088 
1484 2 7.073050 1.100090 2.266330 
1027 2 7.440830 4.011970 11.838400 
1243 2 4.941580 0.627975 12.220300 
1387 2 3.566530 10.066200 1.843900 
378 1 5.123240 4.242030 2.158470 
1493 1 4.199650 6.644070 8.557030 
210 1 11.411200 7.465580 7.601000 
303 2 8.717230 3.102120 0.695479 
136 2 3.434960 12.098900 3.328070 
326 1 3.795110 3.029840 1.549250 
1385 1 1.098480 4.761930 2.617290 
599 2 6.858740 7.941860 13.325700 
568 2 4.569450 11.021800 10.128800 
1060 2 7.275990 9.352140 12.015800 
1241 1 4.845280 9.029830 12.534700 
78 1 5.986150 10.253800 1.645240 
562 1 8.803850 4.291930 3.659080 
243 2 4.956150 4.897310 2.480270 
438 1 4.262630 0.382655 3.254160 
1659 2 0.358218 9.865900 6.890990 
1646 1 0.203589 12.606100 12.266300 
1817 1 1.685720 11.472800 5.022670 
148 2 12.495400 1.510430 6.918510 
420 2 5.349150 12.503600 6.566480 
1183 2 5.218670 9.400770 5.603840 
1081 1 11.495500 12.996300 13.396500 
259 2 2.621080 3.601530 6.349870 
1862 1 11.155700 7.529730 2.960800 
597 1 10.445400 1.875820 10.216900 
324 2 10.787600 6.734110 1.961180 
1075 2 7.282010 1.839250 4.679510 
1093 1 12.515200 10.293700 3.619310 
1988 2 2.087840 0.637417 1.841060 
661 1 3.268140 8.148200 3.320210 
442 1 8.638890 6.307270 5.508190 
179 2 9.310380 12.556600 6.339840 
292 2 -0.100184 12.287900 11.137100 
525 1 10.217400 3.333060 11.172100 
1501 1 7.938410 9.539270 11.915900 
1781 1 2.633060 3.419660 4.310080 
953 1 3.228670 7.087310 11.252700 
365 1 6.134610 3.133040 8.457720 
481 1 0.852437 6.897670 7.255490 
490 1 6.542910 11.658500 8.465990 
1632 2 9.426500 4.830020 2.924980 
205 1 9.677230 12.321300 6.324080 
1515 2 11.425000 1.196160 12.780500 
1133 1 11.360100 6.880020 9.269700 
1896 2 11.046300 11.150300 8.507470 
1613 1 9.546280 8.993570 12.779400 
647 2 7.468500 7.664160 9.282870 
359 2 9.259470 9.269560 7.757880 
539 2 9.220980 5.024580 3.361490 
1198 1 0.680230 6.709790 12.633300 
455 2 2.941590 7.386970 11.408400 
645 1 9.153970 4.906510 9.534630 
1937 1 8.245350 13.572400 11.253600 
1224 2 10.744200 8.498560 8.271160 
1201 1 1.410370 1.830930 9.323270 
1906 1 8.092280 9.940600 7.085810 
710 1 1.591860 8.489380 12.758900 
1212 2 2.878470 4.388860 8.132980 
878 1 1.236570 3.109880 12.399100 
1698 1 12.560900 4.119620 10.786600 
50 1 12.496700 0.291225 2.255560 
759 2 3.023320 9.624020 9.311110 
1299 2 11.073000 4.068560 12.846200 
1411 2 3.788710 11.140400 12.183400 
436 2 4.208110 0.718326 6.612770 
434 1 10.312100 9.957840 4.824060 
187 2 4.065480 8.281900 3.806250 
782 1 1.307280 7.389030 10.683200 
683 2 11.819200 0.993923 5.137340 
280 2 13.017600 11.508000 12.473400 
369 1 10.986700 4.405690 12.605900 
1252 2 12.103100 0.161734 2.257810 
1743 2 12.252900 11.848600 0.968141 
917 1 5.395240 6.976640 3.923030 
983 2 10.715900 0.222109 8.863810 
251 2 1.957420 12.052200 5.552230 
974 1 4.507170 3.165200 8.597780 
1177 1 7.626280 8.598070 8.602070 
1768 2 13.135700 7.452710 11.052800 
753 1 4.272440 7.754820 7.382640 
1587 2 7.040080 9.900820 11.472800 
1154 1 0.351404 12.425700 7.804750 
747 2 10.568300 3.045840 8.708760 
1157 1 0.741751 5.756880 9.240340 
1108 2 6.927340 2.300240 5.013750 
1694 1 13.025400 11.375900 5.846010 
1146 1 6.985410 5.440540 1.684420 
1246 1 12.527300 2.181860 11.928400 
213 1 11.833300 12.044600 10.118400 
659 2 9.874050 9.857090 4.462550 
1489 1 0.046518 6.894670 0.951436 
180 2 3.915140 0.972391 10.095900 
885 1 10.571100 12.782100 4.085320 
1344 2 4.411750 9.270910 12.728300 
1063 2 2.092810 2.082830 6.465590 
1483 2 5.172840 1.917650 1.871010 
1152 2 6.553850 6.903910 0.986463 
993 1 7.566170 3.398050 4.822700 
634 1 4.294370 9.411340 3.383950 
678 1 2.635370 12.405200 11.217400 
472 2 9.259730 6.271730 13.447500 
1788 2 12.203200 2.142120 6.741170 
1255 2 10.684400 7.457890 3.000120 
1079 2 3.382500 12.447100 7.154120 
1457 1 2.081360 2.562340 6.359350 
748 2 5.658970 5.649280 4.132990 
32 2 7.367160 12.775500 6.084070 
730 1 11.087300 7.991550 0.593883 
769 1 7.210550 7.761610 0.798080 
1312 2 10.417700 8.328690 1.687940 
1874 1 5.259640 8.162240 5.004130 
627 2 3.381310 3.612980 10.519400 
1570 1 0.560841 9.703080 9.546330 
1470 1 4.581530 5.830250 6.075350 
1668 2 8.470630 3.578890 11.226400 
1977 1 5.914970 6.235490 0.939424 
1919 2 11.846700 4.107180 4.392270 
1339 2 12.076400 11.088400 7.925060 
721 1 4.453580 1.889760 5.653770 
253 1 0.854274 9.015100 7.283400 
938 1 6.322150 0.780002 4.763530 
828 2 6.205350 4.347740 7.719040 
1958 1 12.933300 10.450800 11.912400 
546 1 8.027660 10.919900 2.644510 
863 2 5.250160 8.928890 9.886190 
279 2 10.697500 9.659640 10.825400 
861 1 10.435700 3.444200 2.540930 
1826 1 5.255230 5.121740 4.615160 
504 2 12.417300 0.143655 2.965560 
761 1 7.832240 4.822040 8.808930 
1614 1 13.394300 5.308640 11.720900 
203 2 6.206820 1.012750 6.915450 
1337 1 10.473900 10.723100 1.482790 
832 2 7.168290 10.084300 8.546360 
1166 1 8.902530 3.692080 1.140320 
1528 2 0.296281 7.292970 12.653100 
865 1 9.692600 8.139470 3.690470 
1842 1 7.483860 1.568850 10.869800 
1052 2 4.357330 3.870200 11.559800 
1612 2 3.029490 6.098070 3.316290 
1894 1 12.948800 6.727610 5.721170 
1204 2 9.711680 9.292300 11.312400 
652 2 1.752600 3.426980 12.528400 
308 2 4.260680 7.795080 8.703860 
132 2 2.985500 2.129640 4.417250 
566 1 10.686200 9.172730 11.137200 
1205 1 8.490630 7.365500 8.395920 
1593 1 3.864090 11.217900 12.525000 
1480 2 0.062398 9.748330 0.919985 
1380 2 6.489120 2.907900 2.505730 
314 1 11.186000 0.458814 0.122565 
1745 1 6.008960 3.070740 12.193100 
1082 1 4.258160 1.819410 10.605300 
315 2 3.108560 0.525153 10.981200 
1511 2 3.889870 6.803170 9.276910 
115 2 7.790480 10.942100 2.749620 
1762 1 9.961620 6.514360 12.887600 
1235 2 10.915100 6.267500 6.720540 
361 1 5.659450 12.345800 10.423300 
1034 1 2.081680 4.548460 7.944740 
840 2 7.720520 6.345830 6.931110 
544 2 2.562070 13.036400 12.926300 
1856 2 3.216060 3.212610 2.863080 
931 2 1.825410 3.865600 3.693590 
1399 2 11.922900 7.070360 9.719910 
1202 1 3.391000 0.521467 11.909900 
1676 2 0.285384 7.015650 7.159600 
479 2 5.456070 5.618720 6.400530 
67 2 8.513130 5.346900 9.015430 
547 2 5.662330 12.024900 11.349000 
1904 2 11.811200 5.406260 7.330350 
372 2 8.180030 8.258070 6.227790 
889 1 3.208930 3.753400 0.281082 
1280 2 3.796680 5.255440 1.753750 
990 1 3.426850 12.609700 7.580000 
1687 2 12.600100 10.813800 11.744500 
904 2 0.352806 3.922400 2.163270 
625 1 6.121800 4.129000 6.874790 
950 1 2.529900 7.083410 0.444571 
749 1 5.331840 7.741550 10.023000 
582 1 12.306800 2.791710 8.073530 
1156 2 7.880330 7.971630 9.143820 
1231 2 7.435250 3.923090 5.996480 
971 2 0.100488 5.059630 0.881799 
110 1 5.471680 10.694100 11.063800 
1463 2 0.778687 2.023460 9.537180 
1150 1 7.850780 7.902580 6.273270 
820 2 0.113318 4.724330 2.002070 
1552 2 5.572510 8.250320 5.499960 
1047 2 7.078130 7.810050 0.648093 
1753 1 7.312180 5.541640 13.219900 
664 2 9.619040 1.263420 3.417940 
275 2 8.547100 2.968870 10.222200 
1135 2 0.823503 5.717680 8.669550 
1603 2 7.458300 6.586840 5.846930 
681 1 11.256800 0.811522 6.974410 
1409 1 4.326250 0.383917 8.063880 
1468 2 10.439300 1.716590 10.646300 
96 2 2.770000 12.433600 6.843690 
1549 1 3.829280 11.366400 7.007650 
1571 2 13.420000 7.414200 12.776700 
1376 2 12.488200 10.511200 4.622150 
229 1 12.537700 4.815830 4.390500 
444 2 0.817047 2.671400 9.310650 
1513 1 9.796660 1.308540 3.439260 
1258 1 8.996040 2.190030 0.296101 
1537 1 2.309650 4.160960 11.016000 
1909 1 3.981770 5.085640 2.695910 
1807 2 5.498840 3.253510 8.346920 
705 1 3.768780 11.808900 2.678120 
1566 1 11.608400 13.226100 6.503780 
849 1 7.802070 4.890380 10.869900 
1644 2 7.779820 12.234900 11.044900 
198 1 0.487323 7.646880 3.721950 
459 2 11.124100 11.422300 3.030430 
1410 1 8.502750 0.670221 1.857630 
1542 1 1.345840 13.164000 0.578405 
1933 1 10.308400 2.945650 5.842580 
506 1 8.035360 7.482870 10.039000 
712 2 6.454480 6.719530 12.265200 
1070 1 4.466320 7.921590 1.389150 
1503 2 9.614550 10.327000 1.125970 
617 1 12.667200 10.888800 7.477360 
956 2 8.418530 1.099680 6.636390 
1074 1 3.317380 12.853600 4.043390 
762 1 12.081800 5.249470 7.203090 
1010 1 7.551970 5.400930 7.200740 
852 2 3.886110 8.781670 3.453960 
1039 2 12.431000 0.811675 3.045710 
192 2 8.668960 4.916560 8.962780 
1660 2 7.116820 11.073600 1.080750 
1361 1 9.192200 1.497070 9.746120 
1520 2 10.958200 11.999800 3.326290 
1966 1 7.391040 11.804600 11.198400 
602 1 1.771490 0.001860 2.260650 
1061 1 -0.028805 12.310600 10.687200 
293 1 12.175000 1.471090 4.451310 
1957 1 2.820250 -0.103656 10.025800 
1752 2 7.027720 1.918380 9.400490 
826 1 6.258470 10.964300 4.528210 
1155 2 11.535900 7.257390 0.113195 
1495 2 5.482960 12.371800 8.340010 
468 2 0.605380 9.634920 8.995540 
448 2 11.586200 11.339400 2.763930 
686 1 9.533370 5.680180 2.840980 
202 1 12.128900 6.860810 0.773539 
425 1 10.444000 10.666200 9.553760 
1091 2 12.266800 4.142710 10.887100 
717 1 4.045250 8.051550 9.830930 
1240 2 5.498540 12.867600 1.079960 
460 2 3.957010 7.902810 0.942790 
952 2 0.497250 8.121760 3.846060 
927 2 4.548720 9.583840 1.574360 
21 1 2.402330 5.614610 4.304780 
802 1 3.700280 9.740660 9.862600 
1404 2 1.402220 6.382890 10.627600 
1194 1 11.227200 11.228800 3.084610 
655 2 5.965040 1.990570 13.030000 
430 1 4.918460 1.308030 13.201800 
328 2 11.973800 12.085100 0.583724 
252 2 7.894790 2.981990 17.798500 
577 1 7.184840 0.550917 23.982300 
1391 2 3.005820 4.911120 14.503100 
809 1 9.527670 11.058500 13.920800 
1855 2 11.175000 1.489360 26.233100 
92 2 3.631900 2.695060 20.960100 
940 2 0.568186 0.865109 14.970100 
1907 2 3.951990 11.773600 26.504900 
657 1 12.914700 5.345250 25.278900 
320 2 2.335960 0.467394 21.590600 
1062 1 9.989390 8.386030 18.815300 
1417 1 9.134480 0.886194 14.045600 
214 1 7.861550 6.362960 25.292800 
722 1 10.777900 6.242150 24.341600 
1040 2 4.106120 3.975940 19.731800 
360 2 9.127800 0.100556 16.676400 
1703 2 8.959210 9.174730 23.298600 
726 1 10.402100 0.818142 19.269300 
755 2 3.691240 -0.028466 16.330400 
1064 2 0.198772 3.538980 24.994600 
446 1 3.817030 2.736540 24.921500 
412 2 10.231600 10.542200 14.822000 
1700 2 11.028800 2.101880 25.752800 
1283 2 5.676500 11.282200 19.081500 
906 1 1.429950 12.824100 15.890200 
1647 2 3.594420 13.051000 22.455300 
526 1 2.450390 1.977030 21.209200 
1785 1 12.135000 2.741600 26.061500 
1706 1 8.732290 10.511700 25.891400 
961 1 9.329580 12.905200 13.819600 
319 2 8.728730 3.850470 15.009000 
25 1 5.324060 0.924629 25.008600 
45 1 7.969860 6.817800 18.494300 
461 1 11.605300 5.919720 22.043900 
1461 1 2.841460 10.718900 21.500900 
1030 1 5.957690 11.320300 20.107300 
1780 2 5.511930 1.577530 20.228500 
498 1 8.602120 8.645470 16.923900 
83 2 10.511500 7.277350 16.611200 
1973 1 5.854820 11.949000 18.528000 
654 1 2.336710 0.804215 25.518400 
1445 1 6.000600 11.198600 17.291300 
1962 1 9.694540 6.305600 14.515800 
1433 1 7.694130 12.384200 22.318000 
1830 1 9.524820 0.668581 22.421200 
1121 1 11.598200 0.149971 22.362200 
1693 1 12.259900 11.451200 26.513400 
571 2 0.169958 5.502520 13.492400 
877 1 0.652205 4.247400 14.019400 
1715 2 11.131300 12.092900 24.889800 
858 1 5.523210 11.843600 13.568700 
1272 2 5.854320 7.167330 18.390000 
254 1 4.062330 11.770600 25.980900 
899 2 9.047570 12.221900 22.344500 
1999 2 1.011890 6.241620 20.372300 
1394 1 11.107400 2.139860 16.319800 
231 2 7.383800 4.530270 19.215800 
1824 2 4.174020 12.426700 22.507900 
70 1 4.527640 6.266530 23.236700 
48 2 11.796900 6.681650 22.178900 
1211 2 10.525900 0.319332 20.680200 
1709 1 5.459250 6.710530 13.991000 
1044 2 6.056520 1.639230 14.122800 
792 2 2.171790 10.876900 21.295600 
473 1 2.741250 3.155700 18.371900 
1560 2 9.764310 8.998200 19.167500 
1303 2 6.166760 10.396900 25.877300 
1452 2 12.173900 12.347300 17.140500 
10 1 9.414280 4.115350 22.441900 
553 1 7.073590 3.894470 18.046000 
675 2 12.539100 11.142700 18.191700 
867 2 12.195800 0.212457 16.111500 
1713 1 3.908720 3.305240 23.304200 
563 2 0.278553 2.302480 18.828900 
689 1 9.392580 2.309630 13.679000 
641 1 2.975170 4.710790 14.020500 
1015 2 12.930500 8.262500 15.491700 
868 2 4.395100 7.936040 22.649000 
1188 2 6.328640 11.295300 13.735800 
450 1 8.575220 2.508210 17.261700 
354 1 6.378710 7.043300 21.877300 
715 2 6.939990 1.597410 15.371600 
236 2 6.189560 6.994640 21.509200 
285 1 2.084270 5.246010 24.698600 
348 2 7.189950 12.013800 17.088200 
1667 2 11.682300 13.017600 21.505600 
1976 2 9.446690 3.114470 14.306300 
1553 1 8.599250 5.734840 24.205200 
613 1 1.940840 11.302600 24.413300 
1350 1 2.826850 11.647900 20.501500 
1981 1 6.882120 2.692560 15.060500 
281 1 13.049000 7.531550 20.696800 
911 2 4.142440 12.684000 16.423500 
1291 2 4.695650 1.818380 21.111100 
943 2 12.223900 5.883680 24.297800 
1705 1 7.159640 8.378100 13.866300 
404 2 9.431080 11.607300 23.496900 
1895 2 11.438900 0.446953 25.814000 
393 1 5.005420 0.991373 20.159000 
1696 2 7.545440 2.520410 21.304800 
1578 1 4.496020 9.620960 15.468500 
685 1 3.292330 6.743300 15.538100 
1323 2 2.763980 9.773340 21.339300 
1524 2 7.357380 9.555630 20.442000 
322 1 6.452880 9.770550 24.798000 
336 2 2.376250 5.401850 14.183900 
928 2 7.337880 9.765020 16.312900 
1153 1 3.900160 4.329660 19.056100 
497 1 2.469250 9.507740 20.974400 
1815 2 2.240720 11.185400 25.076100 
648 2 12.726100 5.768200 19.141200 
1005 1 1.672910 0.149522 17.681000 
1071 2 7.261680 10.649500 15.501500 
1319 2 8.597460 7.569810 18.385000 
1853 1 10.985800 4.160330 14.357900 
1360 2 10.230700 3.114260 14.592000 
1605 1 0.835754 1.716040 22.047900 
1423 2 11.229600 3.844470 15.122600 
1208 2 12.154300 7.699860 14.346100 
1532 2 2.551840 7.601080 16.522800 
513 1 3.535860 12.594800 22.127500 
228 2 6.326050 11.592600 22.930300 
1983 2 7.893670 6.966110 20.689700 
754 1 5.671500 2.388810 19.601800 
1837 1 7.831150 13.101400 14.364600 
1931 2 2.003060 8.338430 19.206000 
264 2 2.727250 1.474830 24.955500 
1927 2 5.550520 0.927334 23.682800 
1130 1 1.948590 4.980200 20.518700 
821 1 13.231900 2.603020 19.340300 
1310 1 0.912120 9.392400 15.685000 
550 1 2.201450 8.034420 16.735700 
872 2 3.973070 3.177990 16.590100 
1995 2 7.186760 9.225420 17.020600 
1375 2 4.010360 3.679000 23.260500 
814 1 5.757500 10.033000 22.827300 
1436 2 7.924010 6.225630 24.200500 
1320 2 5.202310 9.358270 24.965200 
777 1 6.831790 1.185750 15.018400 
66 1 4.206370 8.221110 21.628500 
426 1 3.780900 1.078600 15.982300 
1744 2 4.353630 2.087200 24.615300 
1036 2 13.276200 8.002950 20.952500 
245 1 3.209500 9.563380 17.843000 
783 2 7.927380 1.994720 24.269000 
1271 2 2.273480 8.939030 16.315600 
65 1 4.161010 12.830100 17.024200 
1450 1 9.863450 11.981200 22.793000 
955 2 7.032130 2.817980 20.940700 
171 2 10.785700 9.420840 18.519200 
167 2 1.847880 1.786270 17.397600 
999 2 5.443740 7.108260 22.144200 
611 2 9.130950 12.567500 13.949300 
278 1 6.718190 1.500940 22.500500 
586 1 2.430160 10.444800 26.511000 
94 1 11.689800 4.563630 20.727400 
1901 1 0.633691 2.385650 18.065700 
1443 2 3.604280 5.503370 19.211300 
69 1 1.821530 3.651640 26.084400 
16 2 9.106470 6.135980 17.845900 
7 2 8.153070 5.339220 25.713200 
616 2 3.698230 6.421150 24.159100 
557 1 2.131770 10.724200 19.099500 
102 1 7.522220 3.810090 24.961300 
1358 1 7.996140 2.202900 20.155200 
793 1 11.837600 12.302400 20.813800 
1739 2 11.991800 5.166760 18.030200 
1984 2 3.819260 9.497650 17.839700 
139 2 5.293030 11.440400 23.281200 
1096 2 0.754508 10.352400 19.603900 
1873 1 8.209960 3.804240 15.201600 
1454 1 11.303100 5.005060 16.490700 
515 2 -0.233324 11.714100 23.296700 
1678 1 8.087440 4.680430 23.621300 
1884 2 0.887686 5.542210 17.875200 
1792 2 8.812910 13.048800 14.068100 
1997 1 11.614600 0.403790 24.627700 
1770 1 3.377580 3.163020 15.134600 
1562 1 3.610030 7.968650 17.127700 
1110 1 13.028600 6.354470 19.052800 
1076 2 4.407480 12.159400 16.988400 
603 2 12.387300 12.146100 16.364900 
1823 2 7.123280 10.050400 20.473100 
1174 1 2.875690 7.091130 19.505800 
1905 1 9.601570 9.530510 22.548800 
1652 2 8.155170 9.915400 25.802200 
1960 2 11.246000 1.892840 17.969600 
1382 1 11.185900 6.033010 18.952300 
711 2 12.581600 6.608670 20.911900 
1265 1 5.216160 12.988200 22.885400 
1750 1 11.396400 12.758200 24.017200 
1092 2 7.154320 4.330170 15.242900 
18 1 12.285400 11.160300 18.815900 
486 1 7.279560 9.351930 16.094700 
1617 1 11.899100 8.396590 22.856000 
3 2 3.007880 11.531500 20.533900 
117 1 -0.017402 10.268000 12.975700 
129 1 4.785670 10.105900 26.041700 
1685 1 2.138940 7.780010 23.927300 
1554 1 8.520110 9.875920 19.864000 
1985 1 4.941970 5.684430 21.352500 
630 1 12.339100 8.106330 14.322400 
1304 2 9.644700 4.772300 22.052300 
879 2 9.444560 6.625900 13.236900 
1724 2 8.689660 12.919400 21.124400 
1338 1 5.212200 8.787430 25.166400 
106 1 12.438400 9.511470 17.982500 
1465 1 7.280130 8.954700 21.333700 
1085 1 4.833610 1.986030 21.628500 
1601 1 7.378320 7.932640 19.246600 
924 2 7.134000 4.722210 25.111800 
851 2 4.729770 7.668040 15.855100 
1963 2 12.712500 7.946520 21.460700 
89 1 10.640500 10.462700 15.322500 
1939 2 1.707330 4.287840 24.885600 
731 2 8.528380 4.742960 23.550500 
1522 1 9.296330 11.950800 16.690100 
1098 1 7.522210 10.799900 16.390400 
1031 2 9.019720 9.582280 13.912700 
1458 1 9.765550 9.332600 24.441000 
1254 1 8.074880 5.103210 21.269200 
492 2 0.766518 10.064600 14.112000 
1444 2 2.716250 11.101700 24.583800 
591 2 2.307160 5.202350 21.171800 
1485 1 12.154400 13.009600 17.363600 
543 2 1.495120 1.389690 22.426500 
1491 2 11.806300 4.368080 20.719200 
939 2 3.495470 3.907500 26.488300 
677 1 9.270860 4.485380 13.435900 
1475 2 2.133300 8.880090 13.511400 
555 2 0.167214 8.067810 26.121000 
1822 1 4.164630 13.821200 13.118800 
1589 1 4.515730 20.782800 9.923670 
929 1 8.804020 20.431500 11.779100 
1883 2 10.888800 14.311100 11.397500 
1434 1 7.167250 20.622800 9.483180 
646 1 8.811350 21.243600 8.818450 
204 2 10.926100 13.515400 5.874780 
881 1 11.584400 17.537200 10.511500 
1428 2 11.658300 16.794700 11.353800 
976 2 1.569140 15.308700 2.378280 
1759 2 2.150270 24.133600 4.977920 
218 1 1.524700 14.954000 1.329060 
1298 1 10.597200 25.722000 10.458500 
738 1 6.627700 14.248700 2.339610 
687 2 6.467560 21.440000 7.343420 
1343 2 9.103290 26.676500 2.324570 
1575 2 1.652420 15.983600 3.952980 
429 1 7.383720 17.397600 7.169160 
1268 2 7.561160 25.910000 1.375240 
1867 2 8.394500 15.373000 0.523786 
1438 1 2.654260 14.141200 8.185480 
257 1 3.585170 19.214700 4.995500 
1942 1 10.876100 24.663800 12.191700 
948 2 5.380080 21.635600 7.008300 
313 1 9.960290 14.802400 3.564630 
299 2 7.425760 25.751600 10.503000 
897 1 0.866784 23.547600 11.596800 
916 2 2.786440 13.783100 8.804740 
410 1 12.592200 22.011400 9.030620 
93 1 10.814600 14.181400 5.958300 
1746 1 3.712290 21.829300 11.807200 
579 2 10.586800 17.435800 10.716800 
1730 1 4.865250 20.239100 7.392480 
1533 1 4.728650 17.296100 0.941870 
364 2 3.387730 20.336300 1.299250 
249 1 4.008380 16.405000 9.645590 
918 1 6.490570 21.501300 6.661890 
694 1 4.124290 25.455500 8.090920 
437 1 11.056900 20.830700 0.067519 
898 1 11.301500 26.352900 3.396650 
746 1 0.314144 25.296100 0.515406 
482 1 0.339600 18.105700 8.671000 
822 1 12.002000 23.287200 3.716770 
1798 1 10.149400 15.343900 1.261430 
1543 2 0.570640 18.734700 9.045270 
1721 1 6.795200 20.029000 12.141100 
947 2 11.799700 18.385100 13.418800 
146 1 10.498100 22.155900 8.622400 
1899 2 3.898150 18.207700 4.898130 
1349 1 2.933660 23.187100 2.137330 
1790 1 12.756800 17.237900 0.680947 
1487 2 4.792500 23.696600 5.366550 
660 2 7.571580 21.991000 8.559170 
330 1 10.939900 16.986400 7.806690 
341 1 6.558410 22.991500 5.062070 
270 1 10.296900 21.148600 7.111370 
1766 1 12.933000 20.836400 4.321730 
1868 2 11.458200 16.856700 6.123800 
453 1 1.293280 16.026200 2.790820 
1324 2 10.292300 24.509400 4.069600 
1073 1 4.969770 22.672800 3.796520 
1286 1 10.913500 23.252200 11.202300 
258 1 4.697690 18.035400 6.124650 
295 2 3.175070 17.764000 7.851690 
650 1 10.682800 22.255000 1.982190 
892 2 6.606690 16.012900 7.263940 
674 1 0.868251 24.336100 7.587720 
182 1 6.905000 24.696400 10.381400 
640 2 7.770380 22.885700 4.283160 
58 1 10.968500 19.725700 7.876310 
608 2 12.757900 24.893500 9.247430 
1106 1 4.213030 16.616100 11.409300 
1203 2 12.771100 19.017100 9.272290 
1975 2 10.795700 13.797800 4.040860 
1207 2 6.089840 13.671700 2.041360 
1396 2 1.043040 24.149100 12.373500 
1100 2 9.369110 14.792200 2.517500 
1242 1 12.825300 15.707900 1.012670 
1341 1 6.451120 14.898200 4.315010 
428 2 1.591250 25.800800 11.437200 
958 1 12.549300 18.756500 2.244720 
1359 2 10.962400 20.634500 12.207700 
239 2 4.117010 25.958600 8.206810 
528 2 8.437150 20.436100 11.737600 
1585 1 2.763620 18.249300 7.779560 
357 1 13.057000 18.297400 6.510960 
1928 2 7.073100 25.418500 12.822300 
1193 1 10.088300 23.673800 1.907190 
1220 2 10.088100 13.654700 11.176300 
1732 2 9.400710 18.891100 10.572500 
1635 2 4.096070 17.193900 0.771977 
300 2 1.304830 19.622800 0.806612 
1695 2 5.727820 24.850000 10.464000 
1421 1 4.874460 15.885200 5.309950 
1860 2 4.781960 18.197500 12.444300 
422 1 12.844100 25.195800 5.423990 
836 2 10.827700 21.928500 8.333910 
1924 2 0.853128 17.281600 4.511320 
984 2 12.797700 15.679500 0.617098 
1723 2 13.160000 22.693500 7.696260 
1784 2 3.801830 15.585500 10.388100 
1004 2 11.044600 24.042000 11.614800 
1333 1 12.837700 23.045100 7.178200 
184 2 5.726870 23.319700 3.320770 
1795 2 11.601500 22.388700 1.530030 
593 1 6.732720 15.954300 5.900960 
695 2 12.725100 16.742400 0.553850 
1164 2 9.983590 19.359300 7.720310 
697 1 11.538500 18.052500 2.433080 
529 1 0.898654 25.757800 13.130600 
1767 2 7.447970 21.012100 3.364380 
1274 1 0.433653 21.424900 11.220800 
105 1 9.564030 21.061600 3.382930 
1403 2 1.169340 25.623300 1.120320 
580 2 4.132600 21.512700 11.356300 
1956 2 1.155440 18.252800 10.003900 
620 2 0.685519 21.218000 10.743900 
1101 1 8.904740 17.871200 3.072050 
734 1 1.170950 16.852900 10.448400 
1692 2 3.920200 17.489000 5.479440 
638 1 13.121500 19.629800 10.089600 
1067 2 7.957320 23.214700 12.811200 
1181 1 2.229610 14.767300 11.411000 
1648 2 3.925200 23.110600 1.964650 
665 1 12.101100 23.990700 9.049170 
962 1 7.593810 20.713800 3.075010 
853 1 7.721240 25.412100 6.900050 
1758 1 5.213240 17.767300 9.318090 
1663 2 8.816100 21.889300 8.772890 
323 2 7.103970 19.853900 11.271700 
979 2 4.593700 21.084900 10.126600 
233 1 0.731098 18.963300 0.780452 
1048 2 3.015620 25.440400 4.076010 
230 1 5.090680 18.173900 3.789390 
1948 2 9.167420 20.284600 6.223920 
803 2 9.049090 15.242700 2.679670 
1279 2 7.235820 16.669600 5.493540 
846 1 10.321500 16.077200 5.243010 
942 1 10.116800 18.665500 10.101300 
1143 2 1.237180 20.208500 7.768040 
1313 1 2.495510 23.245600 9.295680 
594 1 9.362110 24.234800 4.475220 
14 1 10.534700 17.660600 0.341727 
386 1 4.105020 19.301400 1.761820 
744 2 2.466250 22.871000 8.736210 
856 2 12.234900 25.957000 12.494000 
618 1 9.178590 26.053800 6.874550 
1878 1 7.030490 26.018500 11.081700 
1630 1 4.983710 22.871200 1.998030 
247 2 4.801560 22.995100 2.183510 
1656 2 1.442570 21.393900 3.960280 
1556 2 6.115690 16.049100 4.089480 
796 2 1.865470 20.050700 8.078760 
1654 1 9.157020 19.986100 5.510690 
714 1 8.592350 23.621100 9.300220 
560 2 6.965290 25.877300 10.075300 
1602 1 0.314690 17.295300 3.733800 
1892 2 6.669980 20.126800 3.573520 
1363 2 8.820770 25.510100 6.967750 
1665 1 2.265430 20.509600 5.505850 
535 2 5.347460 22.948900 6.590230 
1838 1 2.549890 20.620000 11.051200 
1987 2 11.857800 14.472000 9.894360 
1699 2 10.707800 17.425100 0.039583 
1809 1 4.114480 24.815000 4.865000 
345 1 1.496300 25.370000 5.706820 
1573 1 12.191800 14.422500 9.647420 
817 1 6.307870 23.699700 2.320450 
1430 1 10.714400 26.188600 8.775970 
1267 2 4.399010 18.883300 4.864980 
1249 1 5.165390 22.741600 10.837900 
1863 2 0.992443 24.316600 7.680920 
71 2 1.565880 14.506400 10.241000 
427 2 11.671700 23.486400 9.401060 
850 1 1.402210 22.428000 0.175037 
1045 1 1.593670 20.529100 7.983800 
464 2 4.892800 24.557100 7.172820 
1416 2 3.863920 17.777800 1.724920 
827 2 12.140900 19.576200 1.960730 
494 1 7.497350 18.459700 2.292710 
936 2 1.715720 24.718100 6.128030 
1597 1 10.759900 20.940800 13.114900 
294 1 8.515830 17.562800 4.652250 
626 1 7.059690 15.226100 9.081840 
1950 1 1.952000 15.092600 5.097000 
385 1 0.132161 18.687100 9.895840 
152 2 5.437690 14.990200 12.920900 
1213 1 2.832170 19.619100 2.401530 
735 2 6.073860 14.165100 4.766360 
887 2 3.410740 13.439800 3.347990 
785 1 11.960800 16.274200 11.836800 
1340 2 5.555520 17.935500 8.170210 
834 1 1.674280 21.653100 3.838520 
47 2 7.761350 17.970000 2.239420 
1136 2 3.158540 20.625900 5.774570 
447 2 12.359400 24.768100 4.729360 
970 1 12.732700 23.167400 10.383700 
511 2 9.981930 20.232200 3.104490 
1911 2 6.643810 24.107000 2.469170 
960 2 0.571446 15.082400 5.352890 
1441 1 4.937940 13.493300 0.861716 
1714 1 6.046890 25.784100 10.330900 
296 2 7.460800 15.105800 13.502400 
1119 2 11.543200 24.068200 11.569000 
61 1 1.926060 26.288600 11.260700 
97 1 2.861890 21.416100 7.334690 
1915 2 6.632950 14.671500 8.578810 
874 1 8.224310 17.555500 11.044700 
80 2 9.609600 16.810700 1.106260 
1334 1 3.245120 17.234700 0.836893 
847 2 10.220400 20.307600 7.935860 
1545 1 2.392240 23.704700 5.030690 
1326 1 5.428570 13.778800 6.548560 
38 1 8.079380 22.797100 3.858110 
509 1 12.815100 15.115800 3.487960 
1223 2 3.078200 19.855300 1.793860 
1736 2 8.842390 24.730100 7.697850 
1171 2 3.960750 22.747900 10.936900 
1835 2 4.778600 20.147300 9.200920 
338 1 4.899350 24.968900 6.691040 
1547 2 10.109100 16.078700 6.083040 
743 2 1.445370 13.505900 0.622552 
1008 2 8.913090 17.930300 4.256050 
144 2 11.536600 21.765000 2.404160 
813 1 10.934600 14.257500 11.538600 
368 2 11.455200 18.136400 2.446700 
698 1 3.678300 14.147000 3.005950 
1178 1 7.981600 14.737100 1.661870 
1467 2 4.594140 16.570100 10.581400 
649 1 0.174323 19.210700 6.627120 
1214 1 0.339877 23.528500 9.742210 
1247 2 9.973940 22.920200 3.489850 
1161 1 5.306340 23.773600 7.347880 
1978 1 7.160830 25.931900 3.453260 
1898 1 3.741870 25.123100 0.091546 
951 2 0.411999 23.591000 10.301900 
246 1 9.537650 16.722900 1.008130 
1238 1 3.878260 22.417500 0.470886 
397 1 11.055500 18.033000 12.819100 
502 1 6.638360 15.369800 12.918900 
344 2 1.126760 14.171400 0.434935 
1858 1 3.663810 24.552500 22.477600 
1262 1 8.018150 22.348100 23.332900 
166 1 5.588890 18.779500 15.184000 
388 2 1.388600 20.986400 21.243300 
559 2 5.463650 17.768800 13.145200 
770 1 5.957310 17.314800 22.457300 
1251 2 0.342229 13.917100 26.300500 
1808 2 2.591260 18.481000 17.978700 
309 1 12.028400 15.611800 26.085700 
375 2 5.866150 18.007800 23.296200 
8 2 0.568565 20.817300 18.157400 
1970 1 -0.314337 22.242000 24.838000 
1196 2 3.547720 18.704900 16.450400 
1407 2 4.131550 24.053400 22.135400 
1938 1 12.852000 24.931000 26.256900 
273 1 10.584700 24.791800 26.322300 
73 1 3.777050 15.494500 18.981400 
1619 2 7.344080 23.872700 19.743700 
396 2 6.033080 22.444000 21.302600 
9 1 1.800860 16.787700 17.639400 
1955 2 2.937650 18.034600 24.520800 
153 1 9.075660 16.456800 15.324400 
1364 2 2.986140 17.279000 26.284400 
512 2 7.779690 25.038600 17.114800 
1024 2 10.185800 24.139300 20.818800 
1508 2 0.002898 14.254700 15.594200 
476 2 6.179030 23.369900 13.510900 
1751 2 5.563880 25.502700 22.488100 
551 2 -0.129929 23.644500 16.896800 
113 1 12.570300 26.034000 17.985200 
188 2 1.026400 13.913400 16.957100 
317 1 10.634700 14.338200 17.862600 
1527 2 2.378840 18.965000 17.053600 
1145 1 13.023700 16.550500 22.182500 
351 2 4.606570 15.632000 23.095400 
558 1 4.879500 22.912300 14.605600 
671 2 5.360730 21.399900 26.072000 
890 1 7.848780 24.391400 19.540600 
1112 2 2.881230 22.453700 15.666500 
1234 1 8.716640 19.144100 19.013200 
391 2 3.865040 16.364500 18.429500 
1661 1 1.970920 24.441100 25.828400 
1386 1 12.889300 17.127900 18.379800 
11 2 2.285730 13.436600 13.274500 
1917 1 4.676140 13.482100 15.480000 
624 2 0.377836 24.226700 19.973100 
789 1 12.606500 13.150800 16.055700 
235 2 2.723130 17.423200 19.127700 
284 2 9.016460 18.229300 19.125300 
340 2 7.772240 15.194400 19.292900 
255 2 0.262838 14.361600 16.645500 
1023 2 8.438670 26.380500 13.600500 
516 2 12.399200 14.312100 18.905300 
1747 2 11.169800 16.689600 20.689900 
1555 2 7.306720 16.525600 19.616600 
376 2 4.157730 15.612200 24.679600 
1777 1 8.752150 21.553300 23.698200 
1531 2 1.381270 19.137500 19.891500 
554 1 3.203010 26.409600 23.672200 
866 1 2.608110 21.165800 26.538700 
781 1 10.307500 18.827800 17.641300 
788 2 12.528700 19.182900 14.024400 
532 2 4.703350 19.626100 23.255700 
1982 1 6.374320 14.137400 15.261200 
1965 1 12.094500 14.064600 21.948000 
371 2 9.365400 17.751600 19.423300 
63 2 10.907400 15.804100 23.248300 
1625 1 0.446331 24.766300 18.148200 
223 2 10.293600 19.683700 16.275700 
1229 1 11.384600 17.661700 16.485000 
538 1 1.296770 19.636800 17.123000 
569 1 9.823060 20.851300 18.109300 
240 2 5.197180 20.192500 19.114900 
763 2 2.346500 25.437400 18.501200 
107 2 11.979500 20.919400 23.836700 
1095 2 11.584500 16.598800 17.097100 
1149 1 7.422560 22.489100 13.276600 
772 2 12.701500 26.528000 15.716700 
1328 2 12.225300 15.367800 21.856000 
1526 1 -0.106440 18.483600 25.702000 
756 2 1.318100 16.506700 14.791300 
1879 2 2.744470 19.129400 25.071600 
757 1 5.728720 23.678100 24.818800 
1099 2 3.664450 16.779300 15.816900 
272 2 8.564940 24.372900 14.890100 
137 1 8.887600 14.018700 15.237400 
570 1 8.412620 21.395100 21.471400 
164 2 2.131340 13.956200 23.732700 
844 2 11.724300 26.804300 23.723400 
727 2 7.228380 14.291300 17.862700 
392 2 8.427280 22.127300 23.529900 
91 2 12.558900 22.083200 16.945600 
1460 2 11.553300 24.183500 25.894300 
86 1 2.541840 13.911700 25.456700 
1765 1 0.235703 21.025500 18.188800 
1217 1 12.354600 22.822400 24.179200 
1598 1 3.485230 26.277600 15.977600 
250 1 9.001230 20.521200 16.672400 
1582 1 2.346290 17.583500 23.997600 
1176 2 10.675500 21.115400 14.538400 
1128 2 2.832760 24.822500 25.570400 
1195 2 11.443900 14.018500 19.033500 
967 2 6.207180 22.811900 16.525600 
673 1 2.724010 22.914000 20.827500 
1142 1 2.597780 14.971900 17.301900 
169 1 7.633330 14.314200 18.149200 
585 1 7.109560 17.949100 15.543500 
1761 1 4.045670 13.394300 23.318700 
64 2 9.172700 18.691500 17.735500 
1284 2 6.342030 18.772500 14.714500 
1509 1 8.343340 22.217800 19.492400 
1737 1 3.120670 16.391300 25.737600 
390 1 2.839710 24.974500 15.201900 
1285 1 3.752500 16.070800 16.891400 
1378 1 1.363850 17.689100 14.624300 
217 1 6.779120 16.574500 21.106900 
374 1 2.623120 22.021100 18.134400 
1009 1 1.580250 13.927100 22.934900 
82 1 6.105930 25.358700 22.314100 
451 2 4.343120 22.922400 14.680700 
636 2 10.436400 20.390400 21.796200 
1793 1 5.334850 22.014900 16.647400 
55 2 2.952940 25.277300 25.852600 
1998 1 7.057300 15.885400 17.523300 
1453 1 1.170950 24.990800 20.494500 
1049 1 3.766050 19.063900 17.466600 
691 2 8.023090 15.072600 14.138100 
1740 2 4.467170 24.589200 21.003400 
46 1 0.457423 19.154800 23.894300 
1615 2 5.478730 23.821400 25.232300 
945 1 5.199920 24.744100 21.041100 
830 1 7.320200 14.811400 19.864700 
901 1 12.723700 26.277600 15.443700 
975 2 12.648000 13.574200 15.781400 
812 2 1.669520 22.977900 25.185700 
276 2 3.882760 16.536900 20.433200 
377 1 6.501620 20.013400 24.157000 
350 1 10.699800 24.079200 20.447700 
1608 2 9.369920 20.993700 18.049900 
1518 1 3.529010 20.491200 15.525000 
1187 2 2.945150 24.621900 14.525800 
1881 1 0.171495 23.562100 15.897800 
477 1 8.198570 26.019900 16.297400 
81 1 12.850200 20.592500 16.523200 
1109 1 4.087510 16.975600 15.541500 
318 1 7.730920 25.944400 13.638800 
1107 2 11.085600 26.160700 20.688700 
1953 1 4.566640 23.435600 20.155300 
57 1 11.365900 19.283300 23.915300 
860 2 5.995010 20.071400 24.192300 
1209 1 4.122950 15.202900 21.975000 
530 1 10.439900 15.769500 20.365000 
325 1 11.648000 15.949200 22.246400 
321 1 3.396410 19.778600 25.364400 
1104 2 7.910270 24.466400 23.556400 
1776 2 6.601690 17.090500 26.626100 
573 1 11.074000 25.055500 24.142200 
1020 2 6.005140 25.373000 17.547300 
1077 1 9.871410 17.647200 20.307800 
578 1 12.460900 21.607800 14.329000 
95 2 8.033830 25.183800 24.167000 
72 2 3.204990 22.236100 18.790800 
1301 1 4.634410 17.628000 13.459600 
833 1 8.554140 24.837600 23.323100 
823 2 5.115940 20.499600 22.476000 
978 1 5.558770 15.325200 24.315400 
1690 1 6.078610 26.108100 17.423200 
209 1 11.620900 16.038300 15.976600 
1621 1 5.529190 20.825400 18.680700 
271 2 8.769110 15.865400 13.915200 
670 1 8.922840 17.667000 18.944000 
1631 2 7.486560 21.652100 22.467200 
1059 2 7.891540 15.826500 25.292200 
1257 1 6.196420 18.066200 23.661500 
120 2 12.397600 23.160400 24.181800 
1558 1 3.063170 23.337400 13.434600 
366 1 1.926990 20.000300 19.696700 
1097 1 4.498220 19.734300 19.172900 
1282 1 9.298550 25.174800 20.954100 
1779 2 11.648700 26.261100 21.099500 
758 1 9.446640 21.439100 25.976300 
1657 1 8.013220 24.007100 14.788000 
1857 1 11.259900 25.803500 16.547600 
256 2 10.574800 18.406200 16.369000 
1397 1 12.301100 21.912900 17.183000 
1117 1 7.751470 22.197500 16.970700 
403 2 1.291540 22.006400 14.064300 
1300 2 3.358830 26.179200 16.131200 
142 1 2.408350 16.811800 21.776100 
1017 1 4.521910 19.638400 22.276300 
1521 1 6.426330 24.023500 16.784400 
740 2 11.257600 16.886100 14.582500 
1796 2 4.310020 23.279300 22.046900 
1591 2 12.828800 23.923300 23.638300 
358 1 12.872900 21.635700 21.523400 
1456 2 3.734740 13.758200 16.317000 
304 2 6.208420 13.352700 18.592700 
1068 2 9.329580 15.687100 16.040700 
1016 2 6.965860 17.478400 22.896000 
1210 1 12.879300 22.332700 25.509500 
1719 2 9.522880 21.613500 18.416000 
1006 1 5.098190 20.135800 24.249300 
1244 2 7.102360 17.473100 16.173600 
367 2 8.762290 21.154900 25.232500 
915 2 -0.102362 18.606700 25.897900 
495 2 4.541870 20.755700 18.683400 
807 2 11.488300 20.742500 14.493300 
581 1 12.713100 19.066200 14.883500 
1105 1 4.895410 22.425300 22.144100 
745 1 7.854840 15.612300 26.042800 
20 2 0.396616 18.052300 23.779200 
1215 2 2.491510 22.651500 26.078800 
1802 1 9.096060 13.499800 20.995400 
1056 2 5.407600 15.004200 23.302000 
1763 2 5.415680 13.881700 14.968700 
1930 1 1.441730 17.441800 19.560500 
1356 2 2.428970 15.471500 19.439500 
1474 1 2.350360 25.842200 18.278900 
471 2 11.749800 17.062300 24.082900 
1773 1 2.590660 22.984600 25.766900 
1506 1 10.823600 19.714500 16.710000 
1420 2 3.407700 16.875900 15.840200 
524 2 11.980700 13.397300 13.713700 
1248 2 10.556600 15.419900 19.471000 
1113 1 9.815330 16.495200 23.772200 
1871 2 2.139130 21.819700 26.479300 
841 1 1.997760 21.836000 23.715700 
1466 1 0.885891 22.065500 15.313700 
996 2 5.721290 21.916100 16.045400 
941 1 11.866600 19.118600 13.710700 
540 2 11.194000 22.080500 17.073500 
29 1 3.280780 17.023000 20.404400 
1227 2 7.983610 20.749900 16.615200 
1055 2 10.075900 23.709100 13.500000 
773 1 10.169700 21.438300 15.189400 
1841 1 0.737042 14.607600 17.192000 
155 2 7.917220 25.955100 16.433700 
1389 1 1.534510 14.035700 13.653800 
531 2 10.196900 24.319200 25.817600 
1414 1 7.276210 24.606500 25.321500 
463 2 0.396250 15.812400 18.400200 
1232 2 11.806800 17.043000 23.975600 
352 2 13.140900 17.534200 20.659800 
1688 2 7.126720 26.392600 23.514900 
741 1 11.762200 26.138700 13.055200 
400 2 9.739670 21.649100 26.253000 
1490 1 5.860990 21.917200 26.495100 
912 2 4.824240 21.643000 25.794600 
1381 1 8.361210 16.242100 13.690500 
1854 1 9.009610 23.739300 13.369600 
815 2 13.730700 0.114089 7.003890 
682 1 24.454700 2.550020 6.720300 
1567 2 14.431300 9.794320 10.803200 
496 2 16.633100 0.278185 5.521780 
1321 1 22.038800 6.356870 7.006980 
606 1 16.437600 6.559270 11.896600 
201 1 16.827400 11.804800 11.381200 
1437 1 24.300300 6.833890 9.543700 
1481 1 25.154500 5.750370 0.995734 
395 2 14.860800 9.888110 3.622470 
713 1 16.901000 1.892480 5.727800 
1742 1 26.009000 2.459300 9.802370 
1316 2 20.555300 7.377140 9.498050 
965 1 21.384200 4.035440 11.573900 
1275 2 19.840600 1.638580 2.842480 
1604 2 17.993500 10.237600 12.107100 
1525 1 18.238900 7.501090 9.260910 
52 2 13.619000 12.713800 10.093700 
718 1 19.035700 2.783770 10.240800 
1816 2 14.642100 10.810100 7.716500 
667 2 25.536100 7.336190 8.802620 
327 2 24.124600 0.177843 9.590460 
1294 1 22.840000 2.740730 2.488390 
1947 2 24.808500 5.580200 4.412070 
54 1 16.530800 2.276140 2.099060 
909 1 13.809500 11.875000 12.972900 
1197 1 21.013500 7.156910 0.980702 
1607 2 15.525900 4.481280 10.215600 
1342 1 15.736700 9.197250 7.898260 
991 2 26.121200 12.728200 8.841810 
1923 2 20.529100 1.821090 7.885990 
331 2 17.682700 4.684460 2.623390 
1218 1 13.150300 9.145140 5.814040 
914 1 18.757100 3.779280 7.617470 
206 1 24.448500 6.063830 4.880470 
1610 1 20.217500 2.035780 9.331740 
30 1 17.801700 6.154630 7.591450 
1318 1 13.383900 11.367900 1.356520 
1496 2 21.097600 5.656390 8.734210 
1392 2 20.810400 9.425410 12.915000 
383 2 19.414800 7.243020 7.574190 
729 1 18.246900 11.990700 10.028000 
837 1 21.809700 8.217010 9.030800 
157 1 18.802600 0.249078 7.476080 
1839 2 16.810900 2.757840 5.645270 
1126 1 13.908600 10.140800 10.514300 
1089 1 16.832800 5.357170 1.805740 
1844 2 17.294200 8.205720 3.204450 
1111 2 23.049000 4.152940 12.034800 
536 2 23.157500 1.043830 6.528150 
1435 2 25.846900 1.431990 0.982225 
1551 2 18.737400 10.891300 7.453490 
1354 1 21.884300 10.476800 7.384270 
1141 1 16.861600 10.481700 4.112540 
537 1 19.487000 9.242650 11.703600 
1618 1 20.321900 2.589360 12.785200 
862 1 23.549500 10.747400 11.589300 
222 1 16.970100 0.245777 1.768100 
808 2 24.246700 2.942800 9.443840 
1972 2 14.251400 11.207000 5.486880 
183 2 21.223300 12.958200 8.870630 
676 2 15.637300 1.327940 9.333160 
1586 1 13.537900 3.706520 7.109630 
1492 2 19.930400 2.934880 5.753450 
1144 2 16.977100 4.067780 6.843460 
1812 2 14.748900 12.993400 1.037900 
1116 2 17.419800 9.821440 0.197309 
842 1 23.394700 8.416390 3.295880 
1677 1 21.167800 12.311600 3.873420 
1729 1 26.029600 2.912920 0.090158 
1563 2 21.709500 7.527400 8.982700 
329 1 16.783700 3.795120 6.399660 
1629 1 15.037600 8.587540 5.983760 
1134 1 20.606100 8.787270 1.239010 
584 2 24.570500 5.574900 0.212459 
1347 2 20.686500 9.597470 0.286881 
59 2 15.730600 5.760410 3.163610 
905 1 25.452300 7.627930 3.932690 
1969 1 14.320500 9.017860 2.894600 
968 2 23.655100 3.733330 12.561500 
1833 1 22.741500 3.220290 12.764500 
1245 1 26.411400 12.101700 3.994820 
1315 2 18.470800 12.398100 10.077900 
1259 2 25.520100 2.722790 6.110160 
1649 1 25.176200 10.997400 5.970990 
1940 2 24.181900 7.051410 8.964040 
1550 1 23.070700 7.110480 11.366700 
658 1 20.524100 2.331660 7.467500 
1702 1 15.467100 2.657530 4.226340 
1147 2 24.485300 10.025600 11.337400 
211 2 16.914600 2.829410 10.834500 
527 2 17.143600 12.474400 3.247510 
1799 2 26.198100 8.707340 2.222090 
480 2 25.150400 3.787660 6.069140 
1505 1 18.580900 2.546530 5.444860 
1756 2 19.312100 11.962100 9.098670 
421 1 24.847800 12.840100 12.021300 
301 1 25.936500 3.438550 6.737820 
56 2 22.552600 10.922800 10.587500 
185 1 14.080800 12.607400 5.320900 
977 1 19.360500 0.906542 0.554427 
1626 1 13.827200 7.402260 3.780270 
1650 1 17.047800 9.770180 12.665500 
988 2 16.243400 5.071930 6.941530 
1046 1 24.358700 1.645590 8.695070 
134 1 14.224100 2.028420 12.559200 
491 2 25.114500 3.650580 10.687500 
401 1 18.870400 1.757300 2.426780 
855 2 24.751900 12.908200 5.255770 
1829 1 22.213200 4.204700 0.699771 
949 1 25.359100 0.032035 9.211010 
1594 1 14.001600 10.779900 5.501010 
1365 1 21.860700 6.224700 1.918740 
1848 2 16.380000 4.000840 11.241600 
208 2 23.202100 7.997180 2.387560 
1797 1 19.774000 3.679640 3.571340 
725 1 20.129900 4.223210 10.699400 
1263 2 18.431100 13.452700 5.063300 
1309 1 16.129600 9.127760 3.491100 
1069 1 21.184900 12.293700 12.634100 
457 1 24.380200 -0.297356 6.671080 
419 2 25.042800 2.557240 6.446220 
778 1 21.946200 1.704390 0.603968 
932 2 20.085000 4.737860 2.782420 
175 2 18.497200 6.357130 9.799140 
1616 2 17.714200 13.188000 4.092520 
642 1 23.671800 7.817190 7.055410 
109 1 20.966400 6.909970 11.612000 
1317 1 16.812500 7.864540 8.262930 
305 1 22.187700 0.067147 10.555300 
1820 2 25.542800 10.994900 5.716750 
610 1 21.106900 1.139900 8.833530 
1540 2 15.493600 5.045390 11.249100 
662 1 14.739200 12.510600 2.047900 
1536 2 14.473100 8.253930 3.264230 
389 1 24.753000 4.025320 11.704200 
1720 2 25.157400 8.452170 4.247760 
1362 1 15.218400 4.160970 10.131500 
1599 2 22.135600 10.576900 5.654340 
1357 1 22.872800 12.119600 1.983080 
575 2 24.635000 10.569700 0.143823 
343 2 23.537400 9.666510 4.781490 
1943 2 20.063200 1.576410 9.126330 
1787 2 26.226400 9.003060 8.994380 
379 2 13.487800 1.255200 10.173600 
1512 2 15.929100 8.450180 8.751950 
719 2 20.863600 5.603240 5.144940 
720 2 13.296800 7.117840 5.948540 
795 2 20.942100 11.487600 11.416700 
1239 2 23.179000 0.222389 12.757100 
1875 2 16.006600 6.649890 7.205520 
199 2 14.706400 2.817610 4.492550 
277 1 25.321600 9.291010 10.352200 
1479 2 16.980800 7.234740 12.693800 
1711 2 22.585300 1.370350 12.574300 
1408 2 25.498300 12.352200 10.195300 
500 2 21.585800 10.798900 4.573820 
1266 1 24.970500 10.286900 3.054100 
1825 1 23.387800 1.334130 11.092900 
1261 1 23.550100 3.287940 1.677570 
36 2 22.903600 3.079190 1.554040 
800 2 15.861500 11.387300 7.725870 
1007 2 13.678500 8.565230 2.387250 
1425 1 23.316100 12.430100 7.537580 
1477 1 14.704000 1.572030 10.518800 
1653 1 18.454800 0.501156 10.349700 
1295 2 20.318800 6.508170 1.839830 
1636 2 25.315600 2.685120 6.699450 
1959 2 13.381200 11.382000 5.919140 
819 2 14.456400 5.151870 2.141270 
35 2 17.243100 0.260837 1.742050 
1974 1 21.846300 11.624800 10.128200 
1544 2 21.003600 4.621330 11.798600 
1019 2 15.887500 4.059400 10.949500 
1390 1 17.815200 5.082460 3.163440 
1961 1 16.345800 12.278300 5.680300 
764 2 18.552500 7.971810 13.451700 
1805 1 20.255400 12.591800 10.430200 
122 1 25.103800 7.712680 8.672300 
1534 1 19.304400 7.428590 7.430080 
612 2 18.003400 3.630490 11.184100 
465 1 16.481800 6.392220 4.056060 
237 1 14.463900 7.552880 1.808660 
140 2 19.181100 10.208600 7.640830 
1712 2 20.556900 1.584700 9.357360 
101 1 14.040600 12.684700 9.075390 
200 2 23.362000 11.009300 1.472990 
1811 2 19.964100 4.124080 10.684900 
801 1 19.106500 12.038300 4.337050 
307 2 18.817500 0.218173 6.578330 
1331 2 16.088900 10.396600 6.898880 
1296 2 20.532600 1.586940 12.839400 
1422 1 17.229600 8.912390 2.402430 
541 1 21.538600 10.129300 4.651530 
398 1 16.540400 3.034730 11.681000 
290 1 20.641300 5.293120 5.564070 
1902 1 19.275700 9.741690 8.336880 
176 2 26.288100 12.056600 8.847650 
411 2 20.153700 6.533740 12.276900 
1132 2 13.379800 4.109540 12.371700 
493 1 16.969300 3.847050 9.784840 
1335 2 18.476400 9.662880 11.550700 
342 1 17.152900 8.062770 11.197200 
794 1 25.914600 1.961940 2.287960 
332 2 19.291600 0.655658 4.123150 
116 2 22.959800 6.668950 6.337860 
1322 1 20.843100 6.011760 9.033570 
1708 2 17.703300 3.516130 2.259710 
880 2 16.220500 9.722070 4.018070 
1065 1 20.652500 10.460600 11.438000 
79 2 26.243800 11.911700 11.834700 
663 2 22.294800 4.400080 1.177570 
1182 1 24.981300 8.382810 1.407270 
1486 1 15.448400 6.483860 6.612200 
1041 1 24.711400 10.827000 -0.198791 
982 1 23.835800 13.199000 3.179500 
31 2 16.443100 9.261720 3.283690 
224 2 25.291600 0.231858 9.158690 
5 1 17.478400 11.369100 7.444500 
574 1 26.140200 2.659480 5.448280 
1327 2 16.916500 8.010280 8.902990 
1032 2 22.687300 10.849700 7.575960 
478 1 22.633600 1.804430 4.914500 
786 1 14.630200 8.896500 11.687900 
1669 1 13.804700 4.595460 2.105060 
1517 1 16.362500 5.011930 13.093700 
1384 2 14.890600 9.204080 12.590000 
1861 1 13.343100 2.340870 4.757760 
193 1 25.491100 12.164100 9.269190 
181 1 19.452800 12.140000 8.337780 
1993 1 24.498300 13.251500 5.064430 
1395 2 15.902700 12.033000 13.074500 
1926 1 13.364700 7.330210 10.601100 
1971 2 20.389600 12.048800 2.994090 
1900 2 16.610400 2.219710 0.894099 
487 2 22.074500 1.543540 0.640123 
1094 1 24.073000 6.289240 12.982100 
882 1 16.827800 0.998645 12.786700 
1757 1 25.677400 10.680200 6.929080 
1448 2 13.989700 3.879650 4.025710 
1302 1 20.057400 0.433311 3.690510 
1432 2 21.919000 7.199690 0.191174 
824 2 15.041900 9.344370 13.121800 
839 2 21.840600 9.260910 13.276300 
409 1 13.825300 8.079630 13.102500 
248 2 13.652900 7.590250 0.365762 
1725 1 13.426800 0.995077 9.881850 
23 2 13.482300 7.394860 5.688030 
1664 2 23.939500 5.984410 12.617400 
234 1 21.363100 9.246750 12.632400 
873 1 16.981100 1.756600 0.204153 
733 1 19.942100 5.786720 12.720900 
1914 1 23.280500 10.416100 13.078900 
268 2 16.290100 12.677200 12.748800 
776 2 20.191700 6.094170 14.153000 
288 2 17.282000 9.409790 22.265500 
596 2 21.155700 4.741360 18.044100 
1814 1 20.058700 8.650070 17.503400 
197 1 15.323300 0.456765 25.442700 
1371 2 24.772500 5.245800 16.262200 
1951 2 21.011300 4.359050 23.434600 
1523 2 22.060700 10.694000 22.410200 
1021 1 20.221000 11.214800 17.720200 
520 2 18.115200 11.994400 21.242100 
845 1 16.512000 2.731380 17.839800 
1819 2 13.621200 4.978640 26.170600 
1256 2 20.836900 3.360870 20.323600 
191 2 25.447500 0.011945 16.646800 
1529 1 18.391900 12.312800 21.020900 
633 1 21.764900 10.265600 21.705700 
1577 1 17.031500 0.525515 14.677100 
595 2 18.075100 2.140460 23.874500 
998 1 25.930800 10.870300 16.652200 
1701 1 16.071100 11.202000 17.870600 
1180 2 19.543300 13.010400 13.986400 
601 1 17.499600 1.930390 19.685200 
125 1 21.394700 6.012100 15.518700 
1473 1 18.861900 4.512450 19.503000 
1221 1 17.305200 1.134130 17.679900 
1925 1 21.044200 3.564130 23.859900 
1137 1 22.751700 5.337270 18.243200 
1368 2 21.802800 -0.030985 20.924600 
1199 2 14.366400 2.583240 25.617200 
1222 1 21.775200 1.605490 25.697500 
907 2 25.106100 7.876310 21.065300 
346 1 22.354700 3.832580 16.108700 
274 1 17.557000 6.302950 22.757800 
923 2 25.257500 6.938160 15.399400 
373 1 19.660700 2.123250 14.797000 
798 1 16.545200 3.063350 22.659000 
1367 2 19.883900 9.871420 24.210300 
1778 1 19.596300 6.950520 18.052200 
456 2 18.596100 3.459250 23.828900 
752 2 16.345700 0.986006 25.633300 
1138 1 20.807500 4.389680 20.466400 
172 2 24.480500 10.642300 21.996500 
963 2 20.330100 12.680000 15.448800 
1791 2 14.980900 9.936420 24.886700 
590 1 24.469100 3.318840 18.707100 
1886 1 15.750500 6.999160 25.702400 
1102 1 22.992200 0.725380 22.743000 
1600 2 21.398200 13.033000 25.015900 
1273 1 13.347400 8.039920 16.762100 
1682 1 23.100200 0.983837 17.624100 
1718 1 14.417000 1.525330 21.798800 
1374 1 21.067500 5.023180 17.896300 
1330 1 13.732500 10.459600 23.702300 
875 2 19.761300 3.821500 17.214700 
62 1 20.778700 1.191520 19.214300 
987 2 17.769800 6.567580 15.475400 
470 1 19.297300 9.347730 19.558900 
87 2 15.892300 12.021200 17.819200 
1806 1 23.678600 0.863227 23.731800 
1352 2 19.844600 10.592500 19.293900 
684 2 20.898800 2.829670 14.159800 
220 2 16.988100 5.877110 19.797000 
1446 1 24.611500 7.661400 21.834400 
1191 2 16.023900 7.023220 23.059200 
407 2 22.211500 5.363890 18.648500 
355 2 26.156900 2.007300 13.192600 
1813 1 18.929700 8.159630 16.078600 
1186 1 14.273700 7.835070 15.498500 
621 1 26.643400 6.261700 17.949600 
1346 1 18.966000 8.311960 21.486700 
588 2 23.302800 11.209900 17.435300 
1270 1 25.395900 10.931600 14.925900 
896 2 25.737700 3.777220 13.165100 
267 2 16.670000 5.370640 20.258000 
891 2 13.633000 2.062920 22.325700 
337 1 21.982400 9.164400 26.306300 
784 2 23.466600 5.579120 23.493400 
1910 1 15.643600 4.765350 21.009900 
869 1 21.549600 11.906800 19.930500 
382 1 16.318000 13.083600 13.582200 
417 1 23.501700 12.941400 22.507000 
1727 2 21.264100 7.272860 21.486300 
886 1 17.683300 3.934380 14.078300 
1160 2 24.646500 8.249340 15.940000 
806 1 21.898100 13.033200 16.938300 
895 2 17.543300 10.902100 26.050300 
1666 1 22.710200 4.944130 22.871100 
435 2 16.627200 1.524750 23.395800 
521 1 24.843500 8.260500 25.403800 
637 1 24.504200 5.672640 18.069900 
1821 1 17.458200 6.974610 15.791700 
623 2 22.704300 1.054060 17.101100 
1038 1 15.049600 1.393100 18.451100 
177 1 22.871800 9.173210 14.066900 
423 2 22.152900 3.306140 18.953800 
1728 2 22.484500 9.096340 14.191500 
1840 2 25.424200 13.035000 22.075700 
1734 1 17.931200 2.347750 23.927300 
607 2 23.037100 9.930850 15.881800 
2000 2 16.071500 7.380830 23.308300 
973 1 25.577000 4.759630 19.452900 
1388 2 17.533400 6.544590 15.280700 
100 2 16.420800 2.711320 17.624200 
1946 1 26.501900 3.325660 23.931700 
353 1 17.324800 5.598970 15.575900 
1990 1 15.078900 8.329030 26.007000 
1658 1 21.356800 2.587010 14.671900 
1311 2 19.655700 9.305310 19.955300 
1037 1 15.078900 9.409600 20.203400 
1850 1 25.315800 7.898760 20.873200 
1843 2 17.771800 7.411000 21.303200 
1662 1 20.487500 12.715500 22.068800 
1991 2 17.795100 2.192760 14.739500 
1749 1 26.011800 1.832470 13.547100 
28 2 21.463800 13.338000 16.653100 
380 2 13.355600 3.612960 23.980800 
154 1 15.535800 10.871000 23.683500 
1307 2 21.074600 12.422600 18.858900 
1800 2 18.944400 3.789640 15.997100 
696 2 25.581400 13.070800 14.816500 
870 1 24.110000 4.186930 24.294500 
394 1 25.823200 4.932800 22.055900 
1429 1 14.053000 5.100890 18.583200 
440 2 20.731500 1.315580 26.254300 
1276 2 26.093800 6.877000 15.722900 
893 1 13.770100 3.414480 22.243900 
1920 2 16.933100 0.475138 13.464800 
1771 2 14.998200 4.102180 18.323200 
857 1 20.688200 11.304600 26.110600 
534 1 26.103900 9.239770 21.834500 
149 1 13.922700 0.070884 24.038500 
90 1 19.879100 11.912900 24.176300 
1642 1 22.106800 6.601840 14.613100 
994 1 15.232200 11.685100 20.517800 
1412 2 25.969600 7.879160 25.002300 
888 2 14.216800 10.499500 24.139300 
104 2 13.491700 8.157900 18.025600 
797 1 20.510600 6.329800 14.595100 
1576 2 15.268900 10.584400 20.010100 
1775 2 26.409400 6.522220 23.688500 
469 1 17.662500 9.643240 26.867700 
708 2 20.321500 10.747200 23.264200 
790 1 23.503400 8.902530 16.944500 
1580 2 14.756100 5.412110 25.573800 
41 1 22.851400 6.665510 17.562600 
766 1 17.352200 8.077060 17.651200 
282 1 16.570300 7.430530 23.931900 
1827 2 20.483000 6.899220 18.057700 
505 1 26.380600 0.876500 15.856900 
74 1 21.169700 0.103711 22.035100 
145 1 21.955700 2.212710 19.631500 
1308 2 24.171100 12.724400 21.697500 
42 1 21.583000 9.690810 24.656200 
1305 1 17.263600 6.924990 20.823100 
467 2 15.081200 10.607600 20.447600 
653 1 26.177500 7.324120 15.935800 
88 2 21.968300 6.291740 22.554000 
1451 2 25.576100 10.811800 16.395500 
1051 2 23.111600 0.831476 23.716900 
1494 1 24.977000 1.022540 16.706400 
1876 2 19.703200 8.217920 16.824200 
53 1 14.556900 6.830830 22.951600 
1588 2 22.601300 3.999000 16.286700 
1372 2 17.665600 11.431600 26.338500 
619 2 20.171000 1.033940 20.710100 
561 1 23.068200 13.104000 20.125500 
1889 1 15.076500 12.109800 16.779400 
1992 2 22.898700 1.026630 17.894200 
135 2 21.178800 2.907660 14.618800 
1170 1 14.820100 4.161350 18.078100 
1880 2 15.076400 7.575430 25.424400 
1845 1 15.815800 5.503420 19.461600 
934 1 22.536100 10.919100 16.403700 
98 1 24.655800 11.767300 20.603600 
76 2 24.597100 5.057580 18.980600 
431 2 21.287700 6.184370 14.860100 
433 1 21.848000 0.188963 16.280200 
2 1 19.269200 3.701450 16.323800 
1033 1 26.076500 2.284950 19.656000 
1624 2 25.344800 8.085640 20.706400 
439 2 15.719100 8.740030 17.904300 
925 1 26.488800 5.729310 14.255900 
1818 1 14.762700 2.996010 26.537600 
156 2 19.535000 8.263500 17.774000 
316 2 26.375300 3.499230 21.810200 
1237 1 21.537500 8.102260 21.239700 
44 2 15.111500 4.996640 15.540100 
736 2 14.919300 3.391960 21.872200 
1539 2 17.194800 1.597120 18.458800 
545 1 23.760600 2.974410 13.678300 
432 2 14.938900 0.035348 18.010100 
158 1 16.677200 8.956760 22.195100 
77 1 14.580800 5.146120 14.609900 
1697 1 20.972400 3.339770 17.769400 
99 2 14.355700 8.122010 25.574400 
75 2 24.669300 12.663400 21.011700 
466 1 24.843500 6.932010 14.980500 
1127 2 18.282900 13.272000 22.172000 
957 1 26.398800 11.592000 23.341000 
644 2 23.349100 7.840580 19.084400 
583 2 19.033900 9.571120 15.992900 
737 1 13.134400 2.596760 23.345200 
1189 1 19.593200 5.646600 24.714000 
1200 2 17.494600 2.275400 19.281300 
1689 1 26.231300 10.375500 19.820600 
1929 1 19.783800 9.878400 23.708600 
112 2 24.721900 10.341600 13.596600 
1764 2 18.332200 7.547750 20.842400 
1941 1 14.000100 7.446650 26.147700 
302 1 19.594500 12.518700 14.630200 
1297 1 19.253400 10.585600 13.708100 
548 2 21.850800 11.176100 20.611500 
964 2 20.170600 1.271800 19.045300 
780 2 14.718300 4.390240 18.719800 
1114 1 23.056300 10.421600 17.779300 
693 1 26.150900 8.201590 25.106200 
1504 2 26.818700 2.098500 18.773500 
399 2 22.331300 13.160400 23.396800 
533 1 17.677500 6.981290 13.559500 
1264 2 22.388200 6.598670 15.193400 
1828 2 21.938400 9.522280 25.346500 
147 2 20.561600 12.136900 15.510000 
1103 2 23.922400 5.092120 22.879800 
195 2 25.875600 12.469700 17.896000 
1583 2 24.982500 4.699080 18.889100 
804 2 16.365700 11.988100 17.186600 
126 1 22.604100 11.069800 21.249700 
1383 2 24.941700 8.349070 24.782200 
1472 2 23.269000 2.236380 24.939900 
1831 2 22.967600 10.632200 20.994400 
1185 1 17.713200 12.049100 22.125300 
347 2 20.226200 1.003900 25.476100 
1579 2 15.374200 5.011410 14.474500 
1159 2 16.238200 1.754950 13.306100 
138 1 21.884400 12.178100 23.474000 
1979 2 13.725000 10.834400 22.731100 
1609 1 16.073400 2.215800 14.205800 
900 2 14.130800 2.291410 21.332600 
27 2 25.648400 2.924550 23.747200 
894 1 25.516100 5.844450 24.829400 
128 2 14.925500 2.468700 13.706500 
1419 2 18.883800 5.092380 25.536700 
312 2 19.334200 11.155400 24.988500 
1641 1 14.967000 9.666260 13.821600 
1250 1 13.800100 9.484090 22.387800 
150 1 22.073600 7.090230 26.568900 
930 1 17.180000 11.167100 26.091600 
1148 2 20.771300 4.968030 26.148800 
986 1 20.800100 0.429207 13.379400 
1741 1 19.211500 4.718450 26.427100 
163 2 24.378300 10.351800 13.616800 
1190 1 22.518600 25.564700 4.234900 
85 1 19.534500 24.438400 12.602900 
1000 2 13.607900 24.873100 4.765110 
462 1 18.701100 17.249500 9.304660 
1922 1 22.827300 23.739200 5.869360 
1794 1 26.148200 26.316500 5.966930 
1568 2 21.055800 20.433100 5.229990 
552 2 24.734400 17.778800 1.254120 
1216 2 13.261400 20.776900 9.491600 
1131 2 14.013900 22.110700 3.924310 
1726 1 25.140900 25.941600 11.454600 
1228 2 18.866200 26.767000 3.849620 
4 2 16.155200 23.607200 1.630100 
1464 2 25.892000 22.240800 7.472280 
883 2 16.355200 23.590200 1.520980 
1945 1 17.201200 17.728700 1.562450 
1912 2 20.692300 24.923000 6.973910 
1353 1 22.433800 19.028600 3.624510 
622 1 21.270500 19.716300 13.475400 
1398 1 13.750800 22.272200 5.265020 
1596 2 25.810500 13.119600 0.201382 
937 1 26.074200 13.868900 10.376400 
227 2 17.469700 16.005900 3.245080 
1882 1 20.831400 23.316800 8.627680 
1849 1 18.652200 19.689600 12.405500 
151 2 25.166400 21.598000 10.541000 
600 2 13.827500 19.174100 2.369220 
989 1 17.174000 19.537600 6.863680 
1488 2 19.228400 22.702000 4.118470 
517 1 21.146300 14.839100 2.336670 
297 1 15.666300 14.471600 4.923140 
688 2 16.051000 20.362500 10.783100 
1913 1 24.568400 25.511700 1.515770 
189 1 23.422900 22.669500 3.871080 
133 1 15.171400 18.737800 0.357803 
787 2 19.169500 19.432300 4.679490 
1377 1 24.421400 21.004800 4.273540 
1774 1 16.699500 25.047900 11.378500 
1336 2 23.345700 23.479000 5.805210 
291 2 26.499600 19.256100 4.814210 
902 1 22.782800 14.754400 5.973830 
1710 1 26.284500 21.117900 8.620020 
838 1 18.821600 23.763400 4.049940 
161 1 20.311100 21.061200 2.840130 
1903 2 16.057100 16.793400 11.532700 
779 2 14.046900 14.575400 3.709350 
452 2 19.494000 15.904000 13.215100 
406 1 22.186900 25.868000 1.115320 
572 2 18.264800 26.355300 10.272800 
1918 1 17.740900 18.958100 11.615500 
1167 2 20.396600 25.616100 8.007520 
1789 1 16.777800 21.535200 10.337400 
1754 1 26.677200 16.464100 7.716720 
1447 2 20.884100 18.077100 7.561030 
1893 1 15.604800 21.343100 1.065840 
1288 2 24.640100 20.900100 10.804700 
339 2 16.116400 21.349900 4.053440 
262 1 14.558400 21.722300 2.492580 
1866 1 24.389100 23.243900 3.318150 
703 2 17.059600 25.533600 11.282000 
1548 2 16.881700 17.395900 9.509050 
1090 1 19.911100 22.588400 3.485280 
632 2 14.071400 15.319300 8.976960 
445 1 25.397000 15.098100 4.953110 
1832 2 26.329300 25.426000 2.076250 
1233 1 17.375900 25.356200 3.593980 
1890 1 13.360700 17.132300 4.791470 
1226 1 23.293300 23.272400 9.565430 
131 2 22.294300 23.346800 9.220620 
51 2 13.809400 25.022700 0.893052 
43 2 24.471200 14.369800 5.001530 
565 1 20.837100 18.423800 7.761320 
1499 2 18.233200 17.673000 7.189210 
629 1 14.049900 19.559500 2.111770 
489 1 24.785200 17.681600 8.883010 
1786 1 16.097300 24.022100 8.072650 
1459 2 13.691600 21.317600 6.664170 
1865 1 18.096600 14.447700 6.802200 
1025 1 13.483900 26.135200 3.587560 
919 2 16.153900 14.515900 9.592080 
1846 1 24.664900 23.967700 5.488510 
1325 1 22.517000 25.909200 5.622360 
799 2 23.450300 21.325600 4.193840 
488 2 23.344300 25.387200 0.896060 
22 1 15.764900 23.817100 2.848920 
1011 2 21.132000 14.770800 10.891000 
1278 1 26.309600 22.071200 6.840680 
1516 2 21.616600 22.929800 13.508500 
628 2 17.643700 20.024900 8.473790 
1559 2 21.090900 21.947900 12.814200 
485 1 24.832100 14.722700 4.081060 
1640 2 24.677900 22.759900 3.401930 
1651 2 26.396600 16.658200 10.682500 
1949 1 23.213400 17.273900 7.264070 
1439 2 17.634600 19.215500 7.397080 
165 1 16.623700 14.518800 11.035700 
760 2 20.721800 14.000100 4.851580 
518 1 22.474200 17.635500 8.932480 
173 1 18.170000 22.935300 7.920890 
508 2 17.438000 17.949400 1.184960 
160 2 20.250200 19.728800 4.140550 
1803 2 18.478900 16.103100 1.196390 
1606 1 15.033400 16.832700 1.673700 
1916 2 24.128200 17.636600 8.836590 
1115 2 22.135700 25.191800 4.379010 
1572 2 23.198400 13.910400 7.086940 
1482 1 20.663100 24.914700 10.441500 
1704 2 24.984900 13.628800 3.772590 
1908 2 18.919300 17.935100 6.902410 
415 2 19.985400 25.917200 12.737200 
1546 1 23.003100 20.694100 5.167510 
1996 2 24.755100 18.494200 4.978690 
1345 1 23.478900 22.519800 13.125600 
1086 1 26.500500 14.069600 2.699970 
1230 1 26.308300 15.457400 11.680700 
232 2 22.547800 25.367100 3.611940 
1139 2 21.206300 13.712000 1.086620 
716 2 20.166200 20.587200 1.447810 
418 1 21.394000 17.058000 5.367720 
226 1 14.067900 14.051700 3.476360 
414 1 21.955400 14.154300 11.389000 
1675 2 15.121500 17.628400 4.512360 
17 1 18.435700 15.520800 11.232500 
656 2 16.714300 25.375500 2.719790 
265 1 17.579700 15.858500 3.165280 
739 2 21.925100 19.519700 3.144840 
1735 2 13.859600 13.440000 6.112820 
910 1 13.682300 13.732300 6.729770 
1072 2 18.020500 23.944700 11.596900 
194 1 16.080200 18.161400 6.765100 
484 2 25.639900 25.863700 5.692120 
668 2 15.065300 23.972300 7.635330 
60 2 18.474600 16.219800 9.077810 
356 2 15.651100 21.253700 0.963233 
1627 2 25.159600 17.978200 1.136870 
884 2 14.900500 16.662800 2.667540 
68 2 21.359800 14.353100 2.961220 
1671 2 24.240900 26.524100 5.094340 
219 2 21.654200 20.970700 6.124510 
1219 2 23.378300 22.537200 12.624000 
1158 1 21.716500 17.394000 3.746380 
1080 2 14.520700 21.345800 4.726430 
1637 1 14.522400 24.714800 0.809835 
1964 2 17.554300 13.159900 3.523750 
871 2 24.419000 23.853600 4.110020 
39 2 25.235500 14.178000 13.087800 
1804 2 17.808100 19.411000 12.096100 
1012 2 19.341200 13.381300 10.148000 
216 2 22.212500 17.625400 4.393180 
818 1 21.174400 21.585300 5.123850 
1478 1 23.040600 19.552300 7.293600 
1716 2 16.901200 22.199300 6.369230 
1175 2 25.936100 22.158000 6.493280 
287 2 21.684400 12.961600 8.374410 
1670 1 19.230900 15.588900 13.014200 
1852 2 24.775000 17.268300 7.830340 
959 2 19.052400 21.231400 11.833400 
510 1 25.229600 17.823100 5.143410 
1731 2 24.635500 22.366000 7.233540 
1329 1 19.851600 25.504800 6.614670 
1440 2 19.252600 25.468200 0.107380 
1989 1 22.443400 19.621400 11.675400 
1870 1 19.205000 19.865300 0.334413 
1810 1 13.702600 26.404500 6.911610 
997 1 14.309900 20.798400 9.001220 
1634 1 13.570100 15.297900 8.104810 
514 1 25.940400 26.114300 4.188740 
402 1 15.199800 25.553700 7.202800 
1967 2 13.934500 20.952000 0.073190 
1507 2 25.599800 13.444200 2.734340 
1442 1 17.446400 17.607600 4.210610 
1638 1 18.340900 24.386000 1.390210 
49 1 24.761500 18.524400 12.344400 
1192 2 21.585200 21.501900 9.481730 
1281 1 19.220700 19.955200 4.688470 
829 1 13.995000 16.466500 2.985720 
699 2 24.002200 17.613700 9.771420 
474 1 19.169100 19.675000 8.873830 
1054 1 24.502800 16.029700 10.261300 
556 2 15.146800 21.770800 13.020700 
207 2 18.744400 16.538000 11.256200 
954 1 23.665600 18.862500 1.966110 
1366 1 16.633100 22.591500 6.808810 
215 2 15.171700 16.168100 9.600310 
791 2 20.031000 18.813600 9.593700 
609 1 24.589100 17.458800 1.474470 
1952 2 19.953400 22.034600 7.799520 
1003 2 21.408500 17.125300 4.528740 
1497 1 17.460300 13.588100 3.023590 
1290 1 21.715700 18.247100 0.310180 
1538 1 20.172800 25.525000 9.055310 
1859 2 23.914300 17.477700 8.674620 
1120 2 23.775800 18.720600 13.344300 
196 2 24.278900 14.338900 3.861260 
1426 1 21.283800 14.595600 8.147940 
1083 2 16.685900 21.951300 0.562550 
1717 1 16.144100 21.934900 4.634650 
1535 2 13.604400 17.763900 4.799270 
1968 2 26.065700 16.117800 11.620300 
831 2 19.911600 17.094900 13.292100 
614 1 16.407800 15.984800 7.953660 
926 1 25.104400 22.529800 0.667965 
168 2 17.783700 18.723500 4.467680 
1683 2 17.212000 24.841800 2.955310 
1087 2 16.116500 17.731300 1.058720 
1872 2 24.049600 20.689700 4.385500 
523 2 25.037900 22.428300 0.621808 
221 1 15.149800 16.566800 5.652030 
40 2 13.471500 22.188900 6.228740 
1260 2 21.736000 17.388500 7.325710 
742 1 20.485700 19.679100 6.516370 
362 1 18.725000 17.319400 6.589930 
1050 1 26.135700 22.160600 3.247180 
1888 2 18.827400 15.249400 0.112917 
966 1 16.486000 16.733500 10.377200 
767 2 16.339100 24.160400 8.268090 
333 1 22.438700 15.964500 10.868200 
1179 2 17.400800 16.481600 6.965640 
859 2 14.791000 20.306700 10.417400 
174 1 15.958600 20.009600 10.262000 
1581 1 19.480600 19.074400 2.863910 
1574 1 17.778200 24.216600 13.439800 
266 1 25.698300 21.544700 12.479000 
507 2 18.758000 22.405900 8.213080 
178 1 21.709600 22.742200 0.518688 
311 2 19.754800 22.668800 3.436260 
190 1 16.169200 19.667900 5.041690 
1645 1 20.153000 13.800500 5.020100 
1643 2 22.847800 26.180200 1.777850 
1402 1 19.556200 21.860800 10.370500 
310 1 16.705200 22.765400 1.597650 
242 1 18.193800 18.145300 7.574040 
704 2 20.606500 20.437800 9.733080 
405 1 23.755700 22.025500 11.241400 
260 2 13.737000 13.883200 7.255760 
765 1 20.465400 20.641800 9.346840 
1680 2 20.696500 25.529800 10.473400 
170 1 14.410300 14.739400 9.973670 
1510 1 14.873300 21.887300 12.981100 
1595 2 21.225100 18.441300 0.943554 
1042 1 17.937100 13.962200 0.823458 
969 1 23.380500 13.929100 13.165800 
972 2 13.736400 17.472200 5.805790 
306 1 21.111400 22.571200 13.155700 
1169 1 18.109800 17.322300 11.093300 
1018 1 15.708400 20.391500 11.117400 
1569 1 20.908900 19.894500 4.783940 
1772 2 23.999300 25.787300 11.137400 
920 2 16.167600 15.592200 5.734930 
349 1 23.868300 23.022500 8.196780 
1847 2 25.497700 23.879400 1.921170 
1415 2 16.316400 21.655700 9.626660 
1088 2 21.279900 13.212200 10.254800 
1462 1 20.313000 16.920800 12.603100 
13 1 19.265200 15.035600 0.686245 
1277 1 13.753200 13.848400 0.645782 
1287 2 21.866600 14.916600 12.648300 
680 2 25.343700 21.574900 12.875000 
1639 2 14.008000 13.823700 1.010420 
1584 2 13.772600 14.667700 4.176010 
567 2 26.426300 17.281800 6.280160 
33 1 14.167200 20.913800 0.383070 
241 1 26.171700 13.442500 0.289953 
408 2 14.489600 18.641200 0.477548 
114 1 22.190400 22.328000 25.495900 
1293 1 16.943300 16.059000 18.577200 
1129 1 20.550300 17.788600 20.472400 
384 2 18.532500 20.641000 24.645300 
1851 2 26.362900 18.175800 13.233700 
244 2 14.798200 23.842400 15.153300 
1834 1 16.925200 20.881300 20.992300 
1431 2 16.275000 20.181700 17.646800 
1565 1 15.335400 19.147000 21.038400 
103 2 21.075300 23.374500 20.874400 
944 2 26.304500 15.910700 22.184300 
441 1 15.428600 16.647500 23.642600 
1684 2 25.223300 25.335600 26.285800 
1936 2 18.864200 16.510900 20.379100 
605 1 18.550500 20.229700 24.607000 
1748 2 20.444300 21.702900 21.823200 
707 2 22.676800 21.311700 22.896700 
1944 2 13.955500 24.495700 18.904000 
1370 1 18.724900 19.325200 22.251400 
1028 2 22.538700 13.658500 13.384900 
111 2 16.705100 24.516300 15.532700 
723 2 20.248900 18.209300 19.573200 
1 1 15.575100 25.299300 21.194200 
1655 2 24.197100 18.591200 20.691000 
483 2 20.044900 19.267700 25.789800 
1877 1 23.252900 13.477200 26.040500 
1980 2 20.177800 23.934800 18.396000 
1043 2 23.494100 24.121600 15.522200 
449 1 19.438900 26.484600 20.547100 
1124 2 13.658500 22.015800 20.527400 
263 2 26.682200 21.352700 23.462400 
1891 2 18.546400 14.612000 18.324000 
34 1 24.310000 19.686800 14.400100 
1078 1 26.207300 15.772500 22.447600 
1986 1 21.501100 16.575200 19.026800 
119 2 17.964600 18.392400 20.106300 
1622 1 21.195900 20.790600 17.229200 
159 2 19.076400 14.866300 26.403800 
443 2 15.534900 21.213600 24.608100 
1401 1 15.921000 23.809000 17.637000 
728 2 23.628800 17.246200 21.783900 
1681 1 20.332700 14.783000 22.843400 
1633 1 15.064700 14.833700 14.556900 
238 1 14.636300 22.499600 20.660900 
118 1 15.177200 13.531300 20.813900 
1292 2 26.104400 20.411300 15.539100 
1672 2 22.490700 18.217500 17.331800 
124 2 15.394700 20.106600 23.236800 
1623 2 13.236200 18.804700 19.545200 
1001 1 22.924000 16.576300 19.006200 
1502 1 26.273000 18.241400 14.975200 
750 1 21.827700 19.516700 25.545900 
1053 1 20.269000 21.190900 21.697100 
1373 1 18.935200 22.450200 24.415200 
1140 2 19.647800 22.637300 21.548200 
542 1 14.376100 23.937600 16.120600 
1769 1 18.031300 25.222600 16.304500 
1066 1 23.745800 22.083600 16.551100 
576 2 16.843900 15.287400 26.028400 
370 1 20.866700 16.199200 17.642600 
1455 2 26.519900 18.460700 15.365600 
130 1 14.967600 22.642200 22.965600 
261 1 24.340900 16.968700 21.554600 
1165 1 22.659300 24.343600 23.551800 
825 1 23.272000 24.647200 16.117900 
933 1 16.783900 19.815000 22.090900 
922 1 22.222900 16.754600 21.906200 
1236 2 21.558600 16.473200 18.540600 
672 2 24.469700 22.411600 26.001900 
37 1 26.633000 15.713100 18.271500 
564 2 21.619000 17.780500 25.657200 
706 1 20.799100 25.508400 25.493600 
162 1 22.121200 14.253600 24.056300 
15 2 18.698600 25.247700 17.256100 
1519 2 23.503100 24.973900 20.868200 
286 1 18.975300 23.581500 18.038300 
643 2 19.014200 19.149300 22.937200 
127 2 20.617700 15.904700 18.515600 
416 2 16.621000 16.773100 23.020300 
1118 1 16.766700 16.479700 17.307500 
1151 2 16.453500 15.951100 15.057400 
143 2 16.321000 23.963800 17.449800 
1590 1 24.423100 25.836300 14.580200 
1184 2 24.452700 26.280600 23.675800 
805 1 18.034100 15.907700 26.218600 
598 1 16.190300 17.639400 13.847100 
381 1 16.916800 18.698900 24.903600 
335 2 15.719100 13.887600 21.474500 
592 2 16.776100 22.437300 19.247100 
6 1 16.512800 21.786900 24.903500 
186 1 22.786100 26.022700 19.217600 
981 1 26.276400 14.276400 24.928300 
1954 1 13.627000 13.942300 13.801900 
1348 2 20.127700 21.768500 24.897400 
615 2 14.992100 21.316900 13.125000 
1935 2 21.252600 19.287400 21.949300 
1163 2 14.644600 22.429200 14.005100 
1449 1 23.835800 21.085800 21.895200 
692 2 22.176700 22.074600 18.404000 
732 2 24.799400 25.821600 16.463300 
84 2 13.863300 22.177300 17.476200 
26 1 22.977000 15.947600 14.600800 
1628 2 19.900300 19.691500 19.346800 
1206 1 22.976000 19.444000 21.291500 
549 1 13.103000 20.031200 20.164300 
768 2 19.193100 26.269200 24.184700 
24 2 22.927900 24.732300 15.720900 
771 2 23.566500 15.036200 24.849000 
811 2 25.187300 17.397100 23.129000 
1722 1 18.341900 13.448600 18.882400 
1514 1 16.905100 25.298300 18.107300 
1022 1 25.184400 23.971100 13.941400 
1427 2 21.203700 13.544400 23.621600 
1561 1 19.442000 13.666000 26.196600 
1500 2 15.483700 20.792200 16.314800 
289 1 22.273200 21.323100 23.075600 
454 1 15.377200 15.605200 18.672000 
843 2 23.737400 16.529900 19.215500 
1406 1 16.998200 16.674900 22.655000 
1738 1 22.142200 25.281400 21.560800 
1013 1 22.448800 24.016800 19.312900 
141 1 22.888000 18.787500 14.078700 
903 2 22.478400 19.602200 17.881600 
1122 1 15.705100 14.227900 24.331800 
1123 2 16.162400 23.116700 21.234300 
499 2 18.055400 18.880100 17.001700 
631 2 14.661900 26.729900 25.419700 
1057 1 19.567500 18.476500 23.646300 
913 1 15.494000 22.585900 13.821900 
1836 2 18.116100 13.604500 18.463500 
835 2 23.268000 23.558800 22.760400 
854 1 25.796500 25.797600 19.578300 
775 2 22.479800 23.135800 18.324900 
1691 2 20.758500 20.672200 18.774400 
1885 1 16.862800 14.306500 20.410100 
269 1 21.711500 18.711300 22.232900 
1029 1 17.779400 23.869100 22.105600 
501 1 25.877900 19.193400 20.308200 
701 1 25.583600 20.295200 22.422300 
363 2 13.528300 15.402100 14.156600 
1400 2 19.742400 18.772200 23.183900 
1405 1 20.891600 23.268400 20.885100 
1611 2 25.266000 18.589400 23.001300 
864 2 15.213100 15.702000 13.758700 
1172 2 22.879700 23.514700 22.598800 
1002 1 15.030900 21.340100 17.035700 
1897 1 20.116200 20.030800 19.418000 
1026 1 23.924000 23.506800 23.000700 
921 1 20.458300 19.989600 17.941600 
816 2 26.196300 24.473700 18.426200 
1035 2 26.488100 23.951000 20.044000 
1014 1 25.354100 18.093400 24.381500 
604 2 24.434800 21.012400 23.050900 
709 1 17.989700 25.722200 24.503100 
283 2 20.811100 20.886000 14.953800 
1314 1 25.747700 20.098100 15.988700 
19 2 21.629200 16.318800 22.233700 
1269 1 25.909500 14.543500 14.182900 
1707 2 13.549500 23.249700 20.234900 
1469 1 23.496600 20.063700 18.263700 
589 1 13.619000 23.967900 20.717100 
1673 1 22.121100 18.616400 17.705700 
225 1 22.639700 15.574400 23.068500 
1168 2 22.542600 26.351600 17.346700 
702 1 14.062800 18.279300 14.172100 
992 2 24.790400 20.216500 19.630600 
503 2 16.661400 20.462000 24.196100 
751 2 23.104200 18.731600 13.660300 
1733 1 13.727300 18.068900 20.706800 
810 1 18.632000 21.140100 14.611800 
690 1 26.366500 14.376100 16.431500 
1058 1 20.000200 15.575300 19.550500 
1679 2 16.299300 17.131700 23.867200 
123 2 22.473600 16.314700 15.411700 
995 2 22.082800 14.610300 18.730900 
700 2 18.016200 25.645500 17.566600 
519 2 24.259600 20.768000 14.336400 
1782 1 17.241100 17.439400 19.697000 
1332 2 15.762100 17.172200 14.000200 
1162 1 23.730200 15.985000 25.159300 
651 2 21.366300 23.610100 25.671500 
424 2 14.736400 19.037000 20.482100 
1225 1 22.848700 22.984100 22.928700 
669 1 13.655600 21.911900 17.828400 
1530 1 19.986600 21.199200 24.103500 
1253 1 22.378600 22.277100 18.426000 
1084 2 15.596500 23.696300 22.459700 
635 2 15.944700 13.955500 24.109800 
639 2 22.459400 20.143600 26.550500 
876 2 20.618500 14.327100 22.158700 
935 2 19.943900 22.687800 14.957600 
1418 1 21.186100 21.465400 14.894200 
1125 1 20.874900 14.042700 13.928500 
1413 1 19.514500 25.443400 23.128500 
1760 2 24.471800 26.667600 20.035700 
946 1 18.805300 19.066100 17.335600 
980 2 25.844000 17.727000 17.886900 
1674 1 25.488100 20.640600 14.020400 
1476 2 15.481000 13.617200 20.490600 
1369 1 24.207800 24.552100 20.563300 
848 2 17.439000 20.218100 21.066900 
475 2 17.676900 25.682900 20.408200 
298 1 25.451700 14.121100 21.959000 
1869 1 26.117400 23.432300 20.394300 
413 1 18.208900 24.961400 14.575200 
1173 1 15.418700 20.169400 14.178300 
985 1 25.723800 13.408300 17.721600 
1620 2 22.529300 15.160600 23.687800 
679 2 19.370700 24.469600 22.930300 
908 2 16.276000 16.386700 18.826800 
1379 2 13.472600 20.167800 19.341400 
1686 1 18.006000 17.301900 23.967400 
1564 2 17.653500 18.439000 25.029300 
1289 1 18.003400 14.858400 14.883600 
1306 1 18.727400 25.086700 25.605700 
1864 2 25.302200 19.421100 24.777700 
334 1 16.921300 19.819300 17.243900 
724 2 19.873000 23.601100 24.537800 
1755 2 16.245100 16.085900 18.276100 
1541 1 24.155300 13.263700 14.620100 
387 2 24.558900 22.820300 18.754700 
1351 2 23.432100 13.792100 14.383200 
1498 1 25.945000 22.643200 18.001700 
1471 2 25.725200 25.961100 24.961700 
1887 2 15.168700 18.340700 13.607700 
1592 2 16.549700 18.989500 17.310200 
212 2 18.877900 25.021100 14.316000 
12 2 26.623800 21.548300 15.711700 
774 1 20.188400 19.073200 25.749800 
587 2 26.150800 25.298300 14.077500 
522 1 24.317300 25.487200 16.825400 
1424 2 19.089600 21.435300 14.850000 
1355 2 19.022100 24.565600 23.773300 
1783 2 26.493300 20.638900 17.699800 
1557 1 16.553800 22.672700 19.710100 
1934 1 19.800300 25.013500 18.058400 
121 1 15.530200 17.236700 25.834100 
1994 1 18.640200 13.644000 17.708100 
1932 2 21.398800 19.116300 13.872200 
1921 1 24.636200 25.582500 25.616900 
458 1 25.365200 18.476600 26.327400 
