id type x y z 
1778 1 6.670170 5.874090 6.170550 
1298 1 5.735210 4.572810 11.669000 
205 1 1.549800 8.042270 2.247680 
471 2 6.709680 9.211140 3.758350 
1152 2 12.668100 10.989000 11.753100 
1349 1 10.380800 13.182900 7.019550 
1582 1 3.670140 4.841430 4.263360 
696 2 9.925380 12.367800 6.391470 
325 1 9.154230 11.657800 1.118980 
682 1 2.471420 2.785660 5.425730 
1810 1 1.510370 5.655860 13.124100 
276 2 0.549476 7.698480 3.992180 
637 1 8.270320 2.122750 4.170820 
204 2 6.652840 12.460900 3.064240 
244 2 1.804380 1.541120 13.071800 
195 2 2.722920 5.659920 9.302840 
1516 2 12.405700 0.562429 4.812180 
1172 2 10.735200 2.806940 8.059600 
1389 1 5.375900 13.066500 7.470180 
1178 1 10.583600 4.413780 8.040580 
514 1 7.223880 10.698400 5.100750 
281 1 7.327050 6.260350 12.191600 
1664 2 -0.139934 -0.153196 4.063550 
1560 2 11.284000 5.147860 9.080420 
967 2 9.781690 0.555842 1.184840 
632 2 11.039400 10.659200 1.639060 
153 1 8.293950 6.094350 10.083900 
834 1 3.297090 8.232130 9.208190 
3 2 1.831290 1.939820 9.085120 
1107 2 10.190000 7.241110 6.898980 
164 2 5.613860 2.782010 10.303200 
1916 2 0.149423 0.914034 0.359952 
879 2 6.053370 8.166800 9.421740 
1342 1 9.854280 4.929680 2.400470 
489 1 11.104800 13.047200 2.387660 
1224 2 12.593600 8.617130 7.974790 
231 2 10.931000 10.476400 12.402400 
1119 2 11.956900 2.015390 4.698750 
1958 1 7.099660 0.241511 12.427400 
1663 2 11.606500 3.481540 2.601090 
844 2 4.655290 6.063440 3.300070 
324 2 6.405810 9.661060 4.213350 
1147 2 12.667700 2.772290 10.135500 
1386 1 10.111300 4.727290 12.249000 
1098 1 2.325090 6.105690 3.259000 
742 1 8.488290 5.866360 13.478300 
729 1 11.063000 8.527760 6.141820 
252 2 1.877700 1.147870 0.720543 
602 1 6.011740 9.913150 5.339630 
1841 1 11.512300 9.652090 2.410730 
645 1 10.227600 6.536640 6.377330 
754 1 1.197080 8.330470 0.189353 
441 1 10.540700 3.088220 4.436400 
11 2 9.689890 4.943790 11.949900 
887 2 2.445440 3.811710 4.866550 
1820 2 8.998630 7.700870 8.243110 
1742 1 5.795310 12.333600 10.545300 
217 1 8.221860 8.064140 5.900840 
385 1 9.699100 2.903550 9.975090 
863 2 4.517820 10.533100 12.341300 
431 2 13.047900 11.106900 11.628800 
1697 1 10.029200 6.928240 3.485980 
250 1 5.563270 4.318350 8.056690 
312 2 3.084620 3.117480 1.212190 
1321 1 11.370700 11.412100 1.178660 
364 2 2.654500 11.448900 6.737290 
811 2 9.426060 7.712230 2.865620 
1417 1 10.971400 12.485600 5.931450 
1503 2 0.603483 6.734720 0.395799 
787 2 12.845800 9.929700 4.126710 
519 2 10.563700 3.101330 9.246380 
1874 1 2.705350 10.769400 7.991340 
245 1 13.283400 6.722790 5.149520 
1990 1 8.688920 2.459080 2.407600 
1601 1 1.501730 6.562400 0.226545 
1456 2 6.312720 6.977210 7.580180 
1399 2 2.101220 11.344800 7.414830 
1097 1 1.515420 3.623330 7.208860 
1159 2 6.730260 6.704290 12.489800 
823 2 11.354200 9.845490 2.201060 
651 2 11.205800 6.061050 10.852200 
1966 1 0.382310 10.947500 8.164700 
1259 2 7.361860 11.267900 4.618200 
1299 2 5.214020 12.688100 5.930730 
1622 1 7.035360 12.814200 3.419280 
1971 2 0.207960 8.025210 10.244600 
892 2 5.796430 7.572990 9.756130 
960 2 8.976450 8.636150 5.998850 
1956 2 2.645950 9.715750 11.571600 
1049 1 12.407200 7.889320 0.627362 
1261 1 4.946880 2.965650 3.152770 
1033 1 5.489610 1.058900 11.220500 
445 1 2.000930 1.849600 2.439440 
537 1 4.121970 4.539910 2.597540 
1016 2 6.236240 7.444450 1.297410 
1784 2 1.746480 12.842000 9.611500 
725 1 2.589990 1.893740 10.228400 
1223 2 3.359440 0.993661 5.599390 
1922 1 11.247000 7.828020 13.014700 
703 2 8.634150 2.748190 4.279050 
1272 2 11.457900 1.222570 12.141800 
1535 2 3.617660 1.142680 2.240350 
709 1 0.099307 10.561700 5.853920 
457 1 11.449500 6.631940 9.899660 
800 2 7.414790 13.321900 9.755660 
611 2 3.204220 7.570740 6.738590 
856 2 7.638150 12.588000 12.289300 
332 2 11.208200 3.202980 3.408200 
365 1 9.753340 9.864620 9.492040 
1073 1 6.262830 7.405880 0.840585 
1613 1 7.579220 8.273780 7.568150 
456 2 10.378000 6.167140 2.416610 
1936 2 3.473140 3.420290 8.125350 
861 1 1.568790 0.876883 12.802500 
1424 2 6.367900 0.788298 5.064320 
531 2 0.768684 0.733212 3.233100 
848 2 6.631580 0.403722 9.656930 
1953 1 7.518500 5.027220 2.949920 
79 2 8.635040 0.528183 6.297910 
1385 1 9.256130 3.169430 7.550880 
265 1 3.925450 8.904580 2.363460 
1429 1 4.288620 2.764860 10.125900 
155 2 6.596810 4.864580 5.318220 
1026 1 9.242380 10.690700 11.507600 
1353 1 2.942200 12.724100 13.196200 
1243 2 11.205100 1.354240 7.035310 
936 2 5.662040 3.462400 7.540520 
871 2 5.023950 7.339430 5.633730 
1153 1 10.337300 11.415600 12.429900 
866 1 3.358620 8.016090 4.737590 
1222 1 3.634510 4.637940 7.313350 
1017 1 12.537200 5.696560 0.031321 
1018 1 2.701320 8.185360 12.566200 
858 1 6.645860 7.639230 12.194800 
246 1 9.217180 4.555940 5.888090 
135 2 9.039510 11.138700 8.190020 
285 1 5.003460 7.686060 5.475800 
977 1 12.382500 10.262800 4.244360 
470 1 8.145180 6.870830 8.160550 
1631 2 6.389670 5.644190 1.580760 
387 2 1.213510 2.531490 10.112000 
757 1 1.512460 8.148840 8.029770 
1904 2 3.565090 9.262230 2.918020 
1899 2 7.361640 7.902170 7.329100 
909 1 11.397800 6.009790 11.629200 
1245 1 11.649500 1.772640 4.372220 
1617 1 5.347320 7.859930 8.837180 
422 1 10.602600 0.543694 2.512430 
747 2 4.595340 2.058300 11.355400 
1301 1 4.946830 2.711830 6.648520 
789 1 6.715230 9.579710 3.114710 
1677 1 6.705320 7.852740 3.160920 
995 2 5.069110 5.722080 0.415108 
1955 2 9.215280 8.629250 10.182200 
1917 1 12.829600 4.740380 11.996500 
1242 1 0.984907 0.020867 4.318600 
426 1 10.646700 7.575470 7.727680 
1979 2 6.237480 1.238890 10.144300 
86 1 8.536340 8.672070 4.219560 
1835 2 9.848020 4.254400 5.928390 
1448 2 9.384240 2.920040 8.547020 
1344 2 5.128190 3.461090 3.589900 
1512 2 2.436190 3.526930 5.824020 
1594 1 11.458700 2.907500 12.796500 
500 2 9.471600 4.164370 0.543712 
1102 1 7.006640 1.925680 9.998110 
987 2 10.892000 13.232300 5.925710 
1050 1 6.300760 3.500800 1.273360 
1675 2 7.317640 8.034570 0.839895 
1715 2 11.262100 6.377910 1.666340 
432 2 1.310180 9.875280 3.066290 
1513 1 9.799960 11.693600 7.060990 
81 1 2.278620 12.163200 6.291490 
1468 2 9.914790 10.918500 11.428600 
186 1 3.584380 12.448800 4.271610 
794 1 9.402140 7.385560 1.280640 
390 1 12.428200 8.633860 10.352200 
145 1 4.802200 13.223400 2.664570 
864 2 11.887500 8.537990 5.789840 
379 2 8.188790 5.934410 9.840990 
1485 1 2.340710 5.831470 9.278170 
1650 1 12.514500 1.795310 9.730040 
160 2 7.150780 1.923170 12.434500 
215 2 0.347406 11.007500 4.472840 
1706 1 2.166280 9.183410 3.847190 
1363 2 3.387110 9.899280 10.418800 
1266 1 12.196500 0.767374 6.859740 
1394 1 4.646510 12.305800 8.454080 
1643 2 0.049315 9.049360 1.721280 
1847 2 5.621470 11.890100 8.466890 
1314 1 4.850270 2.686230 11.934200 
1559 2 8.761490 5.953190 3.350320 
63 2 1.032340 11.389000 8.740280 
1804 2 4.540180 12.843500 4.198790 
1586 1 5.131130 8.866420 10.515700 
1800 2 11.773000 10.968400 8.621010 
992 2 1.593460 7.789680 8.487080 
131 2 1.114750 3.854170 1.426670 
516 2 10.622200 5.257210 11.968700 
968 2 7.876640 2.012490 1.944210 
1281 1 2.558050 13.348600 2.436440 
376 2 4.813210 9.029950 6.250910 
218 1 -0.054117 0.715588 2.160740 
1678 1 10.682500 1.975290 6.533870 
1520 2 7.839950 7.974130 2.996770 
1380 2 3.229510 5.814470 2.987400 
782 1 6.120050 4.780470 5.160080 
64 2 5.126620 8.710550 10.600000 
1625 1 11.161100 0.677769 8.816150 
769 1 12.273700 8.778980 7.622310 
1275 2 10.799500 7.313520 9.468950 
657 1 3.910110 10.092500 10.938100 
1455 2 -0.082130 8.550320 4.846270 
77 1 2.236880 6.223560 11.199500 
397 1 6.311690 8.186220 9.045960 
1693 1 8.666930 8.251360 10.067800 
1306 1 7.192490 2.230300 8.328910 
877 1 4.671120 5.182540 10.276600 
859 2 10.262200 12.940300 2.473940 
1764 2 10.802000 3.070880 4.909720 
1129 1 0.454424 4.329070 1.988000 
1709 1 7.443870 1.377890 2.160950 
1791 2 4.252570 3.025090 7.502090 
42 1 1.593610 10.318300 2.914360 
1531 2 3.302150 5.269510 3.503220 
868 2 10.306700 0.578002 2.518170 
384 2 5.845880 12.485200 9.870310 
1540 2 8.656120 6.314550 7.252680 
163 2 9.973640 1.050090 9.328210 
484 2 1.044730 4.736190 9.953490 
727 2 2.352310 9.109330 3.431640 
1366 1 7.036680 12.811400 8.630470 
1425 1 0.333096 11.355900 9.895040 
328 2 2.311530 6.191830 11.779900 
354 1 12.827700 2.640670 11.049300 
685 1 0.897167 4.527200 10.437200 
1067 2 6.086160 1.240040 2.336560 
292 2 11.398600 9.557210 1.931170 
48 2 7.338990 4.556080 2.334700 
124 2 13.409400 8.576240 5.246530 
1855 2 1.436960 1.304440 12.830200 
941 1 13.367400 3.927330 9.302950 
1144 2 5.493080 5.482950 10.690600 
821 1 5.791420 11.793000 2.076670 
1547 2 1.797700 5.834490 12.255700 
1745 1 12.768200 2.494220 0.790429 
872 2 2.062510 13.114700 2.427030 
1410 1 1.202810 1.288380 9.254600 
1705 1 13.181800 1.421150 5.760480 
1729 1 7.604640 2.761870 5.494660 
717 1 10.879300 12.371100 9.194490 
553 1 8.770480 11.756800 8.839460 
953 1 10.949500 0.800235 11.378600 
957 1 6.909370 5.799780 0.614502 
1903 2 0.514967 9.604490 12.603000 
708 2 0.984173 -0.420167 8.002840 
1830 1 1.330050 3.481220 1.325760 
1494 1 9.737930 12.402900 3.194730 
1612 2 1.730910 7.599550 0.418675 
71 2 5.387020 12.682500 2.593110 
1096 2 6.067360 10.059100 1.117190 
1845 1 7.146290 8.868880 1.977150 
1124 2 6.267720 8.094390 12.708300 
1682 1 12.766200 12.910300 2.644020 
140 2 10.802100 13.083400 6.208340 
374 1 1.810900 12.912000 8.653810 
29 1 4.189610 0.523168 1.751410 
1970 1 0.914773 11.695600 0.679768 
1059 2 5.505860 10.632200 0.310863 
1596 2 11.327500 7.680530 13.023200 
1048 2 8.053400 5.538850 12.572800 
1350 1 11.384000 0.564723 18.296600 
150 1 12.043400 1.330580 21.649200 
681 1 7.010470 7.270510 15.984400 
1408 2 4.396970 10.394100 14.551400 
895 2 7.627310 8.839630 14.591600 
1696 2 4.786750 2.322610 20.907200 
1359 2 2.858130 4.802800 22.488700 
714 1 0.322907 4.330720 25.027200 
565 1 12.079600 2.979580 18.123200 
504 2 2.153630 8.220660 21.604300 
867 2 11.737900 9.784120 16.336700 
1699 2 1.290430 3.298430 17.771300 
1405 1 1.439700 0.663401 20.617300 
54 1 4.519080 11.590400 22.690000 
1882 1 10.470800 3.155470 16.552200 
762 1 12.388800 7.152130 15.521500 
1205 1 5.268590 10.701500 15.668900 
706 1 7.679950 0.758875 17.376800 
451 2 5.358760 5.099340 19.245300 
1595 2 6.946530 10.749500 14.658100 
302 1 9.268650 5.423530 16.381500 
1775 2 11.150800 8.280850 13.321000 
522 1 10.212300 1.943950 24.930900 
206 1 12.571400 6.305770 24.416800 
1807 2 9.449800 12.720000 13.374500 
1880 2 7.018150 5.137600 20.372600 
1310 1 5.681870 7.023450 23.855400 
1162 1 12.557400 10.046700 23.417300 
1926 1 7.231800 10.760900 16.853000 
870 1 2.895510 4.204350 24.777300 
1145 1 8.821070 7.299150 23.687900 
1466 1 11.102000 13.179100 24.909000 
1409 1 8.919780 12.437400 15.779600 
1024 2 0.928023 7.445250 16.362800 
173 1 1.471820 12.009100 21.617300 
115 2 6.607110 3.407970 13.445900 
424 2 13.101100 6.898870 25.679800 
971 2 10.969600 2.548590 16.539800 
819 2 11.338000 5.199800 24.083000 
356 2 10.975700 10.953600 22.703400 
838 1 0.711958 10.138100 22.852100 
1893 1 1.245550 10.461100 24.874400 
740 2 0.380797 10.461000 17.760500 
1181 1 10.107100 10.301800 21.467000 
1649 1 4.907680 9.549490 18.552000 
860 2 9.177030 5.627250 16.039900 
290 1 2.824850 0.265890 16.945700 
525 1 6.399930 3.658120 23.982200 
812 2 1.271980 10.712500 22.167400 
1789 1 4.738020 5.299420 17.546000 
576 2 8.210230 7.316700 25.618600 
828 2 10.880600 7.847970 21.421600 
1338 1 7.351660 6.251750 21.457900 
338 1 6.234710 6.563930 15.167600 
803 2 7.697160 4.184710 21.104800 
339 2 5.095800 11.490000 19.705000 
1827 2 4.527810 7.980360 17.657300 
1524 2 9.726320 8.775320 22.962100 
1077 1 7.912150 2.654100 21.595000 
1681 1 5.924050 7.471910 22.659900 
1421 1 10.282500 8.717650 16.635100 
1687 2 1.844740 13.420200 18.154300 
1977 1 4.263890 6.059030 20.232000 
1327 2 11.530500 5.827340 21.848200 
1736 2 0.879572 10.857500 26.267900 
817 1 11.734700 6.626840 14.290700 
721 1 4.569980 12.653200 19.418300 
680 2 10.767900 0.211163 18.084200 
540 2 1.802190 10.320000 25.225700 
1130 1 11.896100 12.665500 13.719400 
1070 1 2.866200 1.741990 26.462900 
663 2 3.471700 4.911590 21.620100 
1111 2 1.374510 11.548500 15.107500 
566 1 1.947350 2.095230 13.218400 
402 1 1.899560 6.225120 22.075500 
1504 2 8.722980 9.333850 18.072900 
271 2 4.332950 5.716890 19.908600 
196 2 0.593415 3.832760 14.833500 
1317 1 6.209310 9.019370 23.084600 
835 2 6.417060 11.743600 16.773200 
748 2 12.769600 10.399700 19.023400 
80 2 11.069400 9.409420 17.631000 
107 2 2.085530 10.482100 18.907900 
905 1 10.439100 11.389100 24.537800 
1773 1 6.730670 5.280480 19.255500 
296 2 10.642000 0.973501 22.348400 
822 1 11.956800 10.808000 18.283600 
1718 1 12.365200 4.322550 15.801000 
1397 1 1.647230 8.596010 21.684700 
201 1 -0.065361 6.528450 15.180300 
427 2 9.002160 6.339520 16.883900 
1220 2 12.754700 11.230100 24.669900 
1561 1 8.817310 3.182600 26.252400 
251 2 12.423500 6.729680 14.740900 
66 1 10.577600 9.513960 19.547800 
1126 1 7.065120 11.753100 19.255100 
875 2 5.743060 8.233400 23.867900 
930 1 0.156066 8.125070 15.812300 
1019 2 3.102130 5.556840 16.160100 
1566 1 11.716800 3.287720 14.617000 
1134 1 11.249400 5.338030 23.600300 
770 1 5.840840 11.169300 20.644200 
1829 1 2.369240 10.952400 22.462100 
103 2 0.230149 8.389360 14.518700 
488 2 1.166270 7.200670 21.271500 
1645 1 0.171232 12.031600 18.761600 
43 2 12.742000 13.371400 14.111600 
97 1 6.379010 2.549960 13.622400 
932 2 0.827742 1.484520 15.726700 
361 1 10.612600 3.416050 24.147200 
1000 2 6.449520 6.978010 15.505900 
1115 2 1.075080 0.257788 15.953700 
1069 1 7.828440 8.560040 18.832000 
931 2 6.378900 3.478580 23.946900 
984 2 11.659800 3.773060 14.591000 
435 2 13.305800 10.340800 21.453800 
701 1 2.189140 2.710850 15.504700 
970 1 5.689490 3.965620 19.555600 
901 1 2.660930 7.235190 26.132700 
1782 1 1.749010 11.184000 18.040600 
1108 2 1.643230 3.229890 19.236000 
857 1 4.373480 5.929110 14.463000 
1031 2 0.496009 6.082670 18.487800 
62 1 3.472970 8.373310 19.345700 
1872 2 4.239580 12.970800 13.508200 
726 1 3.771940 4.779560 22.878400 
1226 1 10.094700 7.747360 22.341800 
624 2 6.607580 5.638120 18.871500 
212 2 8.803250 10.914200 24.411700 
784 2 5.299070 11.670300 22.808600 
1249 1 10.892400 12.852000 16.786600 
1870 1 2.668950 5.215690 16.158400 
1398 1 6.989410 4.256840 21.020900 
12 2 3.187250 4.048740 24.191100 
1726 1 8.905420 10.781000 18.039400 
820 2 8.912350 2.985020 14.438400 
833 1 7.621830 6.927830 26.282800 
1798 1 11.425700 4.242680 20.944900 
1284 2 4.539170 12.005000 22.078400 
1935 2 0.902600 12.362400 24.334800 
506 1 6.361650 12.509000 23.096300 
638 1 6.967400 -0.011772 21.289700 
1892 2 5.970670 11.601000 16.871000 
1938 1 9.793330 11.829800 21.152000 
1113 1 10.820500 4.852060 14.387700 
1387 2 10.486600 10.031000 19.248800 
1781 1 2.857040 2.557040 21.495100 
291 2 11.590800 9.351310 19.499100 
491 2 8.077540 7.496470 20.149500 
1044 2 7.077270 11.695100 20.696400 
1182 1 10.641200 3.016650 20.429700 
1211 2 8.224640 10.545700 24.657800 
1881 1 11.780700 9.179590 14.932200 
1529 1 0.851285 8.584600 19.188600 
415 2 3.590190 5.600050 13.843400 
1772 2 6.909350 0.254271 21.382800 
1632 2 8.013280 2.200090 17.542100 
1088 2 2.309860 10.903100 15.487000 
974 1 12.243300 9.038160 19.205100 
633 1 11.772800 0.375790 14.953600 
1186 1 10.658400 4.661140 17.580800 
627 2 9.802250 8.645650 23.434500 
776 2 7.289190 1.586620 18.467100 
1470 1 4.180010 9.357380 21.534300 
1352 2 5.132060 7.994140 22.409600 
1432 2 8.115880 3.105680 21.911600 
1573 1 8.659040 3.445550 15.223600 
921 1 0.277067 2.105990 23.543800 
1659 2 10.998000 0.488341 18.721600 
1316 2 10.090600 9.784500 13.697500 
1001 1 0.832538 6.452530 18.240900 
578 1 9.539410 0.529003 21.372200 
1530 1 6.198920 7.901810 17.761400 
256 2 3.000250 0.502612 16.305900 
1080 2 9.390860 3.615710 24.303800 
247 2 3.946610 1.121600 15.169300 
1858 1 1.568880 3.445680 18.368200 
1701 1 5.323320 10.881400 26.150400 
413 1 3.807500 10.685500 25.242300 
1519 2 11.797600 10.810200 23.603200 
359 2 2.288710 7.559190 22.337800 
132 2 1.684800 1.379080 22.164400 
165 1 8.826210 2.423840 22.997000 
37 1 2.945830 4.871290 21.207700 
893 1 7.749920 10.763400 24.743800 
1959 2 2.181980 1.880870 21.822600 
947 2 8.023230 0.751739 15.500400 
130 1 10.230100 9.274200 13.478100 
1684 2 2.734420 9.106520 18.650200 
1329 1 4.465510 10.590300 14.059700 
583 2 8.014250 11.342200 24.901600 
1247 2 11.025000 3.062140 20.079000 
1074 1 7.587450 4.453330 17.585900 
1332 2 9.952420 8.330900 21.528200 
388 2 12.076100 4.458620 17.258000 
465 1 6.038940 8.380110 13.910300 
1840 2 7.061430 7.915840 14.584400 
929 1 13.073600 11.114400 23.895600 
243 2 10.231100 1.815030 23.555800 
951 2 9.877340 11.821900 21.060100 
1078 1 2.280950 12.106800 19.799800 
188 2 4.258890 4.759620 13.753200 
567 2 5.922790 8.402280 22.510500 
1420 2 12.181300 4.005420 21.648500 
1447 2 11.641000 3.377960 12.824900 
1248 2 7.301140 8.883490 19.327800 
521 1 4.675080 0.998690 15.028600 
1270 1 1.490410 0.240102 22.870200 
1937 1 6.728580 12.017600 21.356400 
452 2 4.622190 5.584600 17.722700 
1004 2 12.273800 9.814970 15.499200 
955 2 3.012780 2.312720 25.348000 
1951 2 9.219580 10.679500 17.101000 
1568 2 10.382500 4.399420 19.111400 
198 1 2.984100 1.152630 15.421100 
810 1 8.102790 9.881340 23.169900 
1007 2 8.026810 6.648950 24.175700 
783 2 1.998280 10.896800 22.573100 
1231 2 6.670110 11.694400 19.731900 
171 2 1.312580 11.063200 21.430100 
1730 1 2.444680 9.892360 16.842100 
1621 1 10.937600 5.749550 25.697600 
562 1 3.888120 8.071050 17.026700 
1157 1 10.278100 0.443246 18.883200 
233 1 2.161510 11.312300 15.539900 
225 1 12.481000 11.879000 25.717500 
382 1 9.762570 9.338370 24.059300 
876 2 4.518550 7.123720 25.272700 
436 2 4.901390 8.937950 17.665100 
963 2 2.785990 5.352370 25.498700 
1378 1 12.124700 10.665600 21.571200 
1203 2 5.099620 11.453100 23.594200 
1176 2 11.791000 4.680430 24.861900 
713 1 2.748460 7.452710 23.754200 
1233 1 8.087350 9.615280 14.426300 
1651 2 9.556870 1.930170 24.399400 
529 1 8.077210 2.076810 18.433900 
1974 1 4.483540 5.850060 25.546700 
197 1 11.448800 7.820680 20.838400 
1592 2 11.273500 5.922380 14.740400 
1508 2 2.377540 7.097500 24.266100 
1428 2 12.600100 2.114140 25.365500 
854 1 10.240200 11.281200 14.862900 
1660 2 0.213622 7.559130 15.675400 
1065 1 6.160010 12.247000 17.109700 
1443 2 10.599800 12.567200 16.311000 
1721 1 0.928649 12.286300 24.456900 
818 1 9.099950 0.227019 24.216800 
1154 1 13.136400 10.998000 13.599100 
1236 2 6.306880 2.384090 13.657700 
730 1 6.549790 8.391900 25.333700 
1993 1 0.554351 9.789400 13.589900 
453 1 6.863620 12.628700 13.829100 
937 1 4.073790 19.675200 -0.089586 
182 1 12.925600 25.242500 1.208680 
728 2 12.279600 16.619600 7.150410 
1952 2 12.514600 19.899300 3.759110 
804 2 9.552870 26.674400 8.968200 
563 2 1.816540 16.595300 7.420820 
912 2 9.277170 20.312200 2.852790 
1173 1 3.863880 25.971600 4.731910 
1521 1 11.142400 24.575800 12.792400 
1234 1 8.786960 19.984700 9.118220 
192 2 4.302370 25.042700 5.011480 
561 1 5.581660 24.595200 1.952700 
58 1 3.829870 18.110200 7.526580 
185 1 5.437510 19.082000 11.715900 
147 2 3.413400 19.575000 9.067260 
572 2 3.093970 19.031000 0.376730 
511 2 5.155990 13.970900 13.569400 
1739 2 10.181500 24.417200 7.746780 
1581 1 11.187800 17.397200 8.543240 
1985 1 7.555330 15.785000 11.545400 
1578 1 4.940480 13.604900 4.977870 
518 1 5.290090 18.924800 5.824350 
601 1 12.185300 16.135500 3.075450 
869 1 8.086120 24.884700 13.116600 
410 1 3.824680 20.874700 4.809390 
1079 2 7.275760 16.716100 0.987857 
1227 2 3.053280 21.485700 10.970500 
23 2 9.619540 24.233400 12.222000 
20 2 6.700440 23.758600 9.769700 
886 1 5.678450 14.703600 13.167200 
1950 1 1.882130 19.028200 1.436410 
617 1 11.350300 17.593300 4.005670 
907 2 12.695200 17.609700 0.329850 
1860 2 0.944292 21.941300 12.870700 
1799 2 4.314390 19.293000 12.057500 
675 2 1.988490 25.387700 4.549790 
697 1 2.071850 17.512600 10.019300 
1362 1 0.721139 17.563100 12.272400 
741 1 5.214480 23.291100 10.587800 
1809 1 0.396296 23.266400 1.904630 
1761 1 9.104720 25.063900 4.340030 
1285 1 5.691960 26.131500 4.019900 
91 2 6.202940 24.679300 2.234880 
1641 1 9.118590 21.536600 3.704210 
1523 2 11.726700 14.016200 0.452819 
1055 2 3.300240 25.739000 12.524000 
1244 2 1.981810 22.744200 2.655410 
400 2 3.670300 16.590300 4.383870 
94 1 4.314440 16.095800 4.076120 
446 1 7.685150 25.082800 3.170300 
780 2 2.400280 16.738200 8.640450 
843 2 11.674600 16.622200 9.801750 
499 2 12.381500 23.501600 4.502390 
1148 2 4.542360 22.326700 7.457500 
16 2 4.954660 21.010300 4.710290 
771 2 13.134800 22.337200 12.021600 
1396 2 13.058400 19.362900 10.536500 
667 2 10.712500 25.535400 11.327700 
738 1 7.871680 19.431100 12.314500 
1610 1 12.762700 16.471400 7.251750 
176 2 12.169900 16.315100 10.091300 
1642 1 2.692280 25.226900 8.712240 
1484 2 7.873950 19.667000 0.490491 
774 1 3.061990 13.727100 8.701520 
1319 2 1.021590 14.194800 1.740400 
1980 2 3.156460 20.236900 1.653630 
1961 1 11.324300 22.186700 0.611055 
591 2 7.987050 26.438000 12.932000 
693 1 0.455863 16.620500 6.182100 
662 1 10.273000 14.168800 9.784570 
1404 2 4.521320 18.047600 6.611290 
1850 1 9.077180 26.141800 9.665830 
464 2 4.891590 21.649500 12.644700 
1940 2 1.606580 20.200000 9.468400 
1365 1 3.291100 22.600100 2.882750 
8 2 5.483380 14.650300 5.694440 
952 2 7.492710 21.355900 11.520600 
1442 1 12.215200 23.618600 4.944770 
851 2 2.405950 24.361700 10.397300 
1328 2 4.646470 13.365600 7.726950 
1375 2 4.054110 15.214300 1.211330 
1258 1 9.415530 24.033300 11.734200 
1295 2 3.673110 22.381900 2.327270 
134 1 1.554490 26.104900 1.325470 
120 2 1.155610 18.195800 5.749700 
22 1 5.130320 19.509700 9.079340 
1662 1 2.491580 21.632000 11.176900 
546 1 9.750840 14.911400 11.804000 
649 1 0.554263 20.302600 7.688690 
1361 1 12.827900 22.735600 8.068050 
136 2 12.915500 24.811100 0.485376 
659 2 12.654600 25.593800 0.879761 
1267 2 1.539640 17.133000 4.878380 
1355 2 5.887010 21.201900 5.072080 
1821 1 5.845850 19.300600 10.243400 
437 1 6.954570 15.611600 4.518780 
377 1 1.051820 24.830800 2.889040 
393 1 4.801470 15.948500 8.175710 
884 2 11.951500 24.305000 0.240703 
751 2 10.282500 20.734000 5.096950 
266 1 6.536160 26.337800 9.702810 
404 2 7.881170 22.193600 5.721330 
493 1 6.591770 16.291600 6.625860 
969 1 10.067500 18.987400 4.115540 
1511 2 4.385760 26.027800 7.501070 
1064 2 7.860320 15.092700 11.155600 
979 2 0.209936 20.605700 3.981260 
1083 2 7.952920 16.738100 8.952000 
1717 1 8.972930 17.023500 9.337090 
1214 1 11.942600 19.912100 0.364565 
634 1 2.001770 19.357600 5.016700 
183 2 5.598010 19.425100 9.989530 
1414 1 13.218600 23.834900 2.737040 
121 1 13.073100 16.584500 0.065781 
1930 1 7.408390 18.031600 3.974690 
841 1 3.752890 25.595900 6.972240 
127 2 10.120600 16.159400 3.411650 
7 2 13.362800 24.065600 7.077860 
414 1 9.270270 18.873400 7.087650 
874 1 9.550300 19.882900 1.966210 
1843 2 8.988170 14.484000 7.921260 
847 2 6.495540 14.958900 4.316210 
978 1 11.880400 19.284000 9.610760 
56 2 13.115100 25.664300 11.343100 
1897 1 11.273100 25.696600 3.562910 
406 1 9.524880 16.697100 5.163290 
554 1 3.796160 15.571100 0.703929 
1136 2 8.615280 13.663200 1.256000 
695 2 10.337800 26.020700 4.142940 
1918 1 12.413000 24.399600 6.973430 
1551 2 5.070050 15.989900 6.919080 
1856 2 10.662100 14.035400 2.712520 
631 2 2.463840 13.055600 2.361390 
993 1 10.031100 21.623600 5.720250 
1758 1 6.737050 23.718300 6.134400 
1290 1 4.554290 25.944300 7.818780 
1166 1 12.375400 17.527100 6.428470 
736 2 4.230990 25.759400 7.400610 
878 1 2.672200 25.585800 4.009710 
229 1 13.037200 13.691400 6.289220 
1887 2 7.501520 20.290800 3.228060 
1828 2 10.485000 14.151600 9.644210 
928 2 6.431370 16.813100 0.883642 
763 2 0.435016 17.798500 10.949400 
1565 1 9.014980 22.938500 5.333940 
1283 2 12.240600 17.121100 5.661390 
1545 1 0.955755 14.335900 2.774090 
407 2 12.886000 22.596300 9.262360 
479 2 8.593540 18.676000 10.591700 
599 2 10.437100 20.023300 7.476210 
199 2 9.310910 22.573200 4.606320 
1812 2 0.873571 25.114600 9.794080 
605 1 9.663730 25.419800 7.160730 
604 2 7.136730 18.584600 4.497690 
403 2 2.609390 21.385100 5.053740 
669 1 8.011020 15.564300 9.020360 
14 1 2.198580 21.747900 8.297960 
490 1 0.673712 17.814200 5.029810 
1657 1 5.525860 22.009100 5.103070 
1501 1 8.211120 13.589500 12.327800 
1163 2 7.718100 16.051000 11.961000 
481 1 0.915712 25.376200 7.619730 
883 2 8.077750 15.198800 5.351380 
1989 1 2.267330 23.513400 9.622140 
272 2 10.408100 23.188300 5.166530 
1320 2 7.611890 19.807300 9.510510 
26 1 8.703440 13.763400 1.176060 
772 2 0.397539 17.740000 11.202300 
845 1 3.647250 21.600900 0.941446 
1169 1 6.745500 18.625300 1.215620 
746 1 5.904100 24.129200 10.010600 
1431 2 7.408570 24.455400 6.129310 
1875 2 4.797450 15.679800 9.440830 
253 1 6.875380 26.032700 5.875730 
1741 1 2.996440 15.606400 3.007440 
1354 1 2.035540 17.395500 6.195360 
792 2 6.133320 16.504900 11.961200 
1954 1 7.890790 21.019300 10.440100 
1118 1 1.703190 22.553900 4.075520 
1035 2 5.430260 24.019100 10.511000 
219 2 4.937880 26.121500 4.739520 
159 2 1.916530 23.747600 8.764010 
1924 2 4.565310 18.317500 2.140870 
801 1 4.516630 21.175300 7.315770 
210 1 3.112500 14.725100 4.734570 
1286 1 12.809000 25.599800 11.621500 
1161 1 11.161600 14.674700 5.598910 
1395 2 4.734850 18.442200 2.670170 
1964 2 4.161960 23.626400 1.815640 
944 2 1.677260 19.785900 3.984620 
1370 1 5.021360 16.903700 2.301530 
664 2 11.426200 23.620100 11.332900 
337 1 7.791900 20.035400 3.438150 
409 1 9.004070 15.549000 2.655940 
502 1 8.880980 22.847700 13.101300 
635 2 6.024840 22.040000 8.495580 
1783 2 11.375300 20.705900 0.953609 
1888 2 6.881750 19.057300 7.506930 
419 2 1.049890 23.916900 1.429820 
1383 2 1.129590 19.117800 7.717830 
653 1 6.886440 17.202200 8.947750 
824 2 9.502560 17.721500 5.425610 
1011 2 13.024500 15.927900 7.161850 
785 1 2.158180 24.938800 10.731200 
1216 2 11.923600 16.982700 2.520470 
568 2 2.234720 26.357500 4.728070 
940 2 5.079800 19.151200 10.442800 
30 1 8.843960 14.848400 7.567020 
655 2 3.818600 15.250700 4.108930 
862 1 5.013600 13.296700 -0.184136 
888 2 8.042140 25.190000 3.590450 
839 2 9.165880 14.197800 10.514300 
1202 1 3.606020 18.068700 1.533180 
357 1 5.693490 20.042700 3.974070 
532 2 8.834780 16.270300 7.809030 
517 1 1.325930 19.956200 4.026630 
846 1 8.548900 19.225300 5.678010 
1392 2 2.186190 25.585800 10.452600 
1436 2 5.179020 25.180500 1.211440 
1149 1 1.506040 17.243900 7.723000 
53 1 10.980300 18.754400 -0.016811 
666 1 4.625740 23.388000 1.340060 
370 1 2.692340 22.053000 13.093500 
1735 2 10.084300 18.170300 4.333390 
1732 2 0.588005 21.191100 8.368580 
1293 1 5.443820 21.247300 12.431200 
1165 1 11.429500 23.557000 9.986260 
1221 1 5.307930 14.084700 11.325400 
1759 2 2.602220 13.762500 9.317900 
181 1 11.918100 16.588300 10.114800 
1082 1 6.008420 22.091700 9.545890 
1292 2 13.214500 24.402900 3.020410 
1464 2 4.441640 15.156400 1.311690 
1884 2 12.404100 23.766800 7.260290 
157 1 4.091020 19.413800 11.850500 
1239 2 12.759400 13.938700 1.086920 
650 1 1.584110 19.827600 10.063200 
240 2 9.933980 18.376000 9.364120 
925 1 11.037900 20.046000 12.596600 
1542 1 2.889610 26.865400 5.996760 
773 1 6.676350 15.623000 0.050813 
1360 2 3.269150 20.965000 12.784300 
1556 2 11.361200 20.361600 12.398200 
264 2 9.565460 23.795500 12.362700 
1315 2 2.173210 22.867900 16.689900 
1373 1 2.346170 24.099500 24.431400 
538 1 8.523540 19.629200 16.950000 
95 2 3.843030 25.167200 26.024600 
1023 2 7.567270 23.389400 26.026600 
438 1 3.496200 18.670000 20.249600 
1056 2 2.902210 16.297500 24.048200 
923 2 10.952400 24.207000 25.894500 
743 2 5.810760 15.390300 25.201900 
174 1 10.276600 20.978800 25.084100 
830 1 6.803880 16.818200 18.045700 
545 1 8.291900 23.683000 16.373100 
47 2 4.511880 14.675800 23.148900 
482 1 11.889200 26.014900 13.846000 
170 1 8.073430 15.207700 14.840600 
1184 2 8.226600 21.593600 14.937500 
1963 2 12.093200 19.613800 17.829200 
560 2 7.865690 25.531200 18.631600 
1104 2 7.397270 22.968900 15.821600 
813 1 4.675680 21.561700 19.381100 
548 2 8.492940 13.528100 20.127800 
300 2 1.362210 17.626600 26.537500 
87 2 7.235250 15.124100 23.130900 
1638 1 4.024020 16.036600 15.009900 
288 2 9.994250 24.360900 23.210700 
19 2 12.087700 20.399200 15.292100 
1302 1 7.099810 23.086900 26.971700 
588 2 1.524360 18.042900 20.732400 
1633 1 6.427850 19.017600 19.527100 
597 1 13.043000 18.038300 23.925000 
1303 2 4.424820 22.662400 14.120300 
119 2 2.813100 19.176900 26.461500 
1910 1 7.236350 20.970700 13.516700 
440 2 12.212400 14.071800 15.052900 
1861 1 10.025000 25.693400 24.503500 
1765 1 4.570540 19.290400 13.972500 
443 2 7.944860 23.813000 20.012200 
235 2 10.359500 23.660100 16.107600 
849 1 2.472610 16.313200 14.479700 
536 2 9.823780 19.019700 26.037400 
1117 1 8.483220 16.833700 25.144800 
59 2 12.741600 25.233600 19.692600 
317 1 8.560410 23.413000 21.740900 
1271 2 6.047700 22.351600 22.436100 
1125 1 3.001910 14.947600 20.565700 
1908 2 7.106230 15.565300 21.818800 
1987 2 12.608800 18.643500 21.655800 
1457 1 12.798800 20.556900 22.475900 
350 1 3.025810 24.304100 26.259000 
555 2 1.779380 14.261400 21.052500 
587 2 6.556300 19.293700 25.482100 
1132 2 1.453910 14.049500 24.287700 
1331 2 1.866680 16.191800 18.038800 
1615 2 3.230880 22.307800 19.456200 
1851 2 8.223150 17.979300 23.758900 
1627 2 4.205400 26.242400 20.498000 
526 1 7.407340 22.835400 24.348400 
1160 2 0.286621 13.580000 17.512000 
1043 2 9.269320 16.859200 18.697300 
1863 2 1.305150 25.429100 25.299900 
699 2 6.272980 17.322800 21.354300 
1914 1 7.352210 25.425800 24.717400 
1898 1 6.726670 17.309900 21.659400 
1557 1 4.366930 19.989400 18.204100 
468 2 8.695110 18.243100 14.067800 
722 1 10.759500 22.901900 15.908700 
1483 2 9.065100 26.196100 20.089500 
25 1 8.532950 15.970200 22.527500 
1381 1 0.411226 20.204400 17.175500 
180 2 0.323803 16.275700 16.638500 
613 1 5.755240 24.058600 14.428600 
241 1 5.084440 22.831700 13.021800 
1862 1 5.105020 15.439200 22.578700 
677 1 1.771650 16.267400 22.118500 
1123 2 2.763360 24.694700 23.500200 
1995 2 0.166465 23.700300 21.407100 
341 1 6.624470 17.434800 16.106900 
428 2 4.922640 14.702600 22.791000 
460 2 5.929610 24.939100 15.107800 
973 1 6.575310 21.142500 20.128900 
89 1 1.828660 15.609300 17.956100 
238 1 2.688660 19.763800 23.479900 
1885 1 11.864700 23.438100 26.387600 
1788 2 3.766980 16.068700 16.173000 
1757 1 12.608800 22.878500 19.987800 
1672 2 6.431280 19.335800 19.995100 
459 2 10.414700 19.833700 20.994900 
1889 1 12.146800 18.117400 22.117500 
1312 2 4.096490 20.367500 22.611600 
444 2 11.883600 15.571800 24.105000 
1811 2 1.160620 22.192200 25.185100 
1579 2 7.907170 21.869100 13.219100 
1583 2 5.308590 24.591000 17.248400 
1928 2 8.568270 26.027500 24.818200 
1193 1 10.176400 23.022900 21.116800 
1991 2 13.459800 18.935700 24.344500 
1257 1 7.183750 23.886200 18.466000 
799 2 6.206900 25.530800 22.684800 
1656 2 12.929200 20.282900 22.387300 
539 2 10.798300 25.991400 14.156400 
791 2 2.193060 24.986100 18.887500 
1499 2 2.161460 15.943900 14.200200 
544 2 3.715270 20.947400 25.800600 
750 1 4.490090 16.209400 17.189900 
399 2 7.089340 23.599700 13.573400 
149 1 10.039200 26.097100 13.936900 
466 1 7.039280 26.535900 25.902100 
1834 1 0.896971 17.250500 26.010500 
1250 1 12.308700 16.180700 16.360900 
1213 1 13.306900 24.820700 21.959100 
1859 2 8.746380 16.098500 14.786900 
1042 1 0.437782 20.046100 13.943200 
1973 1 7.150830 15.762000 23.365200 
1265 1 1.639830 18.884100 21.919600 
268 2 3.353020 25.191400 21.946100 
408 2 1.712230 24.826000 24.262900 
1252 2 3.721940 13.435100 17.410700 
476 2 1.025020 18.862500 22.923000 
530 1 9.823140 19.032800 17.317200 
303 2 12.258700 16.505600 23.518300 
949 1 7.015060 21.742800 16.026700 
287 2 10.691700 22.989400 21.257400 
948 2 2.069920 19.105100 16.902700 
689 1 8.021320 25.883000 19.593000 
297 1 3.807800 20.914500 25.211200 
1760 2 7.732570 14.647200 14.727100 
1599 2 11.075000 25.869300 23.295000 
1052 2 12.971400 26.383900 24.849800 
362 1 11.573500 24.458400 21.238100 
882 1 10.728200 20.162500 16.773800 
733 1 0.318517 24.794800 25.949900 
1158 1 7.076410 19.719500 25.740200 
1838 1 8.623910 19.404400 25.698400 
1194 1 4.554480 18.200800 17.169300 
1367 2 9.965090 16.102100 17.518900 
1391 2 9.013420 15.616600 22.707100 
1014 1 1.832270 25.711000 25.097300 
1273 1 5.832070 15.108200 24.389700 
280 2 6.735130 16.085600 25.096400 
1047 2 5.881720 17.715300 15.698400 
1419 2 10.703800 15.233500 25.013700 
606 1 2.870900 24.066000 17.587400 
1103 2 10.358700 19.895800 16.841700 
1763 2 0.149248 20.085700 17.753900 
1720 2 6.921400 22.184000 20.457000 
433 1 4.099870 25.117400 22.949100 
1180 2 9.995230 21.773300 21.739800 
458 1 5.710260 22.444700 22.930400 
983 2 3.187710 13.214200 20.041000 
897 1 5.485760 19.766700 22.338400 
619 2 5.936410 21.946300 25.513500 
1505 1 3.190420 14.028200 23.438200 
1997 1 7.573480 20.762500 22.481400 
1710 1 12.027000 13.705800 21.992800 
865 1 1.102340 23.824500 23.119900 
1844 2 6.593020 16.646500 17.412400 
369 1 11.684800 14.164600 14.707400 
1896 2 8.240970 20.144500 22.598400 
712 2 12.116800 19.302500 18.568700 
236 2 11.908500 18.404000 17.316100 
986 1 1.227420 16.633200 17.484400 
1637 1 9.067320 17.167000 17.774400 
1864 2 3.014020 24.569200 18.775700 
278 1 6.498080 18.870200 20.998500 
1852 2 12.467400 15.979000 20.985500 
1142 1 5.318260 16.736900 26.308600 
109 1 10.024300 19.152300 22.799400 
1719 2 10.929000 14.405200 20.909600 
1498 1 12.812500 25.160000 18.368000 
890 1 9.895620 14.338600 20.872600 
556 2 2.861800 15.818000 20.806200 
1766 1 7.589480 17.957000 13.433100 
142 1 5.630200 24.145700 21.577900 
1558 1 1.654460 22.894400 16.116400 
765 1 8.442180 26.479200 13.947800 
1575 2 9.385120 19.022800 14.400300 
1412 2 12.067500 23.914400 21.106600 
1555 2 2.540430 18.851500 22.155300 
760 2 9.280510 18.437700 16.875800 
1960 2 10.420200 13.182500 25.475300 
1849 1 3.071770 13.646100 17.780500 
950 1 11.500600 17.873000 14.795200 
177 1 10.884000 21.295700 13.372300 
670 1 4.942360 25.565000 16.560200 
38 1 2.395520 18.586300 25.573500 
1141 1 12.145400 20.067400 18.091400 
1238 1 12.261300 23.849600 15.649100 
234 1 12.534400 19.963300 15.807000 
622 1 -0.236631 15.756100 16.900900 
1790 1 5.793720 26.705100 25.039600 
1210 1 6.893620 22.881300 20.459300 
1857 1 1.524220 24.854300 18.613200 
1801 1 11.351400 19.452000 20.568800 
161 1 9.143230 17.392000 16.025500 
934 1 11.336000 15.645800 25.414100 
756 2 3.029530 14.483900 13.423000 
1109 1 4.842700 23.350800 15.373500 
541 1 11.534700 18.066900 17.595700 
83 2 1.750650 16.702900 13.824900 
1053 1 3.684360 24.088700 19.874800 
704 2 3.404720 20.248600 18.155600 
1756 2 11.027800 23.967300 15.892300 
112 2 3.651550 24.876300 17.987000 
796 2 3.226690 18.842100 20.138000 
523 2 6.561850 17.218700 16.916100 
900 2 6.341970 16.510600 17.647300 
943 2 -0.069667 20.140300 13.940100 
366 1 5.592210 19.951000 25.103200 
1525 1 7.239400 14.948000 22.392600 
395 2 8.970310 25.082300 24.690600 
781 1 4.077450 25.942200 20.213400 
1288 2 5.471460 23.821900 14.340500 
1619 2 3.128730 18.675400 17.094600 
1027 2 6.622060 20.782100 17.652900 
1606 1 12.760000 26.434700 25.353300 
116 2 11.030100 16.566400 16.157200 
27 2 5.779850 19.899000 26.046800 
1752 2 6.318710 22.507300 24.214300 
1537 1 11.879900 15.286800 18.851100 
1212 2 5.415790 22.896000 20.062400 
1304 2 5.782670 26.344700 25.246100 
1200 2 5.083740 18.867700 13.799300 
1894 1 0.168309 14.229100 17.172000 
922 1 4.572340 13.512700 13.906100 
1393 1 6.703740 14.644100 16.105500 
242 1 10.967300 16.216800 22.997600 
1032 2 11.519600 18.089500 13.616300 
1999 2 10.323400 20.266200 24.848000 
976 2 9.975540 20.842600 16.416800 
1131 2 11.206900 16.783600 15.294000 
326 1 2.190080 20.573300 17.193700 
1219 2 5.437010 19.564300 21.584700 
257 1 9.684490 21.206000 22.184100 
629 1 2.798580 25.343300 13.778000 
1170 1 11.693500 25.449500 23.978000 
1670 1 9.934090 21.794600 15.853300 
209 1 2.743810 17.167400 19.453200 
1533 1 0.476629 21.672600 12.837300 
208 2 8.776460 26.061300 14.243700 
21 1 13.040500 14.136700 16.023900 
1307 2 6.523710 26.454700 25.482800 
584 2 12.591900 17.307500 25.678200 
1777 1 10.481900 24.569300 25.527300 
1433 1 9.517780 17.294000 13.726800 
1191 2 0.664811 22.335300 13.378200 
515 2 12.749900 18.876900 13.521100 
1276 2 11.728000 21.365900 26.211600 
1138 1 16.863200 6.273600 12.099400 
946 1 19.083900 3.659140 10.222600 
223 2 19.495500 7.030550 9.364290 
961 1 20.977100 12.935100 4.204610 
1197 1 19.796500 2.625270 1.407680 
1704 2 13.678400 1.933110 11.481900 
1030 1 26.128500 1.542510 11.373200 
1998 1 24.736700 4.626100 4.446590 
1183 2 20.430600 3.106000 1.830500 
1947 2 19.739200 9.869890 8.855060 
1478 1 16.641000 8.505930 3.603520 
213 1 18.645100 7.270690 11.241300 
492 2 17.588200 12.661800 10.441800 
1472 2 23.935300 8.469550 1.876480 
652 2 15.134000 13.128000 6.571540 
1905 1 14.450900 0.692084 7.501830 
1376 2 14.440500 1.598020 2.425620 
549 1 22.246500 11.745500 2.182660 
301 1 17.838500 0.529430 1.645510 
1280 2 17.595600 5.760260 11.966800 
1459 2 13.633400 0.772582 3.060650 
786 1 22.222100 12.173200 4.755220 
749 1 18.673000 1.122210 7.417800 
1588 2 15.652900 12.683000 4.879050 
1422 1 19.930100 2.391540 8.515490 
423 2 19.606300 6.316370 12.219900 
997 1 24.463200 0.453983 9.491730 
574 1 20.460500 7.371970 9.523870 
1022 1 24.316300 0.589517 12.731500 
1780 2 19.655900 9.865340 7.624660 
1330 1 13.866400 5.251860 6.725350 
1407 2 21.350700 6.263260 7.161800 
1452 2 25.571700 1.663460 11.118400 
927 2 18.536500 2.088340 5.174400 
1685 1 21.481700 11.775000 8.390330 
1635 2 23.229200 2.595470 7.417830 
873 1 14.980800 1.052990 12.008500 
1597 1 17.629200 3.593630 12.130800 
1038 1 14.779700 10.492200 6.093720 
1008 2 25.041100 2.445960 1.203360 
707 2 25.710400 0.752135 6.041960 
674 1 14.122900 2.140430 3.968970 
1731 2 13.577200 8.144970 5.906850 
211 2 17.714800 3.951730 6.650700 
1168 2 20.634800 13.396000 7.408160 
146 1 21.194800 12.543100 10.259700 
647 2 24.032700 7.652200 11.228900 
371 2 24.852400 0.574773 12.093500 
852 2 17.596200 5.107850 4.768530 
1081 1 16.876300 0.705140 11.408200 
1871 2 18.952700 3.104760 12.606500 
1996 2 25.105800 3.467750 8.212320 
1207 2 25.020300 11.795400 11.295400 
501 1 13.882800 7.598360 4.228440 
353 1 14.055200 11.926700 4.132010 
1676 2 16.307900 10.597900 7.269600 
189 1 14.958300 12.149600 2.380810 
580 2 14.922800 4.196530 9.426370 
1340 2 21.566500 4.340600 0.973701 
1846 1 24.843200 7.357180 7.486010 
1318 1 20.147000 7.991820 3.957570 
642 1 22.396600 8.749350 9.315580 
2 1 26.150900 10.068200 0.827469 
329 1 25.305600 13.410200 12.681400 
1230 1 18.362700 12.759000 11.918000 
1646 1 24.470400 7.219920 2.309120 
1029 1 16.959500 10.576400 6.202410 
105 1 17.783200 5.055720 11.255300 
1553 1 19.989300 2.987460 3.150070 
1842 1 20.281600 0.937533 11.793800 
1308 2 25.024800 0.515757 8.185800 
1458 1 17.817200 12.097600 0.604557 
1277 1 25.025200 7.857720 0.211654 
939 2 17.485700 10.940100 4.497780 
1737 1 23.866900 7.210490 10.451700 
498 1 19.185600 10.386700 7.495760 
1347 2 25.242600 7.522250 8.241590 
1879 2 20.706800 3.362570 2.350130 
577 1 24.390700 12.874800 1.273420 
137 1 25.308400 3.669700 8.641230 
1177 1 18.452200 6.655710 7.677560 
758 1 18.082200 9.935050 2.124620 
28 2 13.317400 11.241900 3.691870 
1255 2 20.064100 11.531000 7.186820 
586 1 20.308800 0.655439 7.719520 
1423 2 14.157900 1.097650 10.481300 
880 2 15.396400 10.008300 10.339300 
1640 2 14.243900 2.732450 4.144210 
1668 2 22.532600 2.906700 5.056790 
5 1 15.826800 10.461000 12.895500 
74 1 26.456000 7.887030 10.218400 
732 2 25.251700 4.310230 4.589620 
616 2 22.672600 7.547900 8.319400 
1164 2 26.139800 7.231220 6.341660 
850 1 24.028000 4.634410 9.550190 
1100 2 23.369500 8.225490 11.609300 
1580 2 14.329500 5.592050 6.865970 
1201 1 16.974700 1.363880 9.407670 
1901 1 24.259800 2.820380 10.298600 
1495 2 16.440200 6.065080 8.517040 
386 1 15.155300 5.017160 7.556390 
429 1 15.499500 8.563770 2.917410 
626 1 26.318700 10.812500 3.637470 
1336 2 16.368200 5.384230 3.230030 
308 2 21.913500 5.978150 6.195130 
342 1 18.173800 4.999610 5.999840 
1740 2 17.762500 9.022240 9.957020 
1263 2 18.236700 1.609700 2.057480 
705 1 22.777600 3.504040 6.950600 
1225 1 17.519700 11.044800 3.025630 
1493 1 19.396100 9.007650 8.672330 
1217 1 16.447700 9.844860 11.069300 
1962 1 18.451200 2.119890 1.608640 
1005 1 16.189600 12.817900 9.420490 
45 1 25.006200 10.757600 11.483400 
938 1 17.488900 12.528900 4.357510 
1751 2 16.622600 4.405460 0.993547 
425 1 13.709000 10.950700 9.205660 
1025 1 24.851800 8.266740 8.945980 
1010 1 18.433600 9.341060 13.067700 
917 1 24.559900 1.011130 5.961590 
316 2 13.993800 4.635430 12.823100 
158 1 16.090800 7.867670 9.337590 
1920 2 25.822100 10.729800 7.846990 
55 2 21.336300 13.101100 4.036740 
1526 1 23.961700 9.245140 1.533570 
450 1 23.836800 2.325640 8.038750 
1886 1 22.455900 7.064160 0.654515 
1156 2 21.923800 11.769100 4.810810 
101 1 23.159700 8.605320 5.235910 
1988 2 16.979900 0.150039 11.527800 
1287 2 17.693200 3.638090 10.420700 
355 2 14.403500 5.651630 4.013910 
495 2 24.850800 3.987390 10.258600 
1439 2 24.865200 7.506960 8.010650 
344 2 15.206100 12.654900 2.325360 
1703 2 16.305600 1.483490 11.932300 
673 1 14.970400 7.729180 7.564460 
110 1 22.231200 5.390980 2.414480 
718 1 24.906400 12.997500 6.543690 
248 2 18.008500 11.537600 1.513620 
630 1 14.303000 10.506100 4.280220 
40 2 22.464600 6.377270 1.880890 
416 2 22.031300 11.829900 9.446810 
1188 2 24.530500 5.905310 10.206200 
1333 1 16.605500 3.128080 6.114530 
802 1 18.011000 4.076020 2.023010 
282 1 22.273800 2.159130 3.809880 
1771 2 22.261800 5.602510 1.343640 
1309 1 20.805900 6.111070 6.334730 
1711 2 16.155900 2.042180 5.081920 
1084 2 25.034700 7.676830 9.248010 
1510 1 18.428600 7.077630 -0.495535 
1461 1 13.320800 1.055810 3.070490 
1762 1 14.902300 1.328850 1.869140 
51 2 14.099300 12.415900 6.926060 
191 2 14.475900 4.260270 12.291800 
1949 1 24.449600 11.544700 2.934680 
4 2 16.067500 8.310690 3.400640 
333 1 20.875800 9.684520 11.798600 
535 2 23.399200 11.020500 5.585560 
421 1 24.369900 6.533580 13.225800 
1502 1 22.378900 0.862259 0.841208 
505 1 24.394300 3.954630 12.013500 
322 1 16.307600 5.591390 1.998220 
994 1 22.283400 5.994230 5.528610 
1824 2 24.380400 -0.056328 6.554940 
920 2 23.479100 8.091180 5.890320 
745 1 23.599400 10.334800 6.140120 
1489 1 16.927900 2.618100 3.683890 
723 2 24.720500 0.580137 9.198850 
1237 1 19.261300 12.285300 6.706380 
911 2 15.741300 10.160300 1.997570 
273 1 21.958900 2.934980 1.661290 
959 2 14.204400 4.603270 8.068530 
1518 1 25.231300 6.486330 9.877640 
1 1 21.946100 1.376280 5.698930 
1449 1 18.336800 12.126400 9.827530 
380 2 19.780500 3.209660 1.294370 
827 2 21.480500 5.196650 4.590140 
1482 1 14.509900 3.611320 1.734270 
1228 2 19.241300 7.275170 3.390950 
68 2 24.677700 12.232000 3.176100 
982 1 26.330100 7.931370 4.623800 
1674 1 23.971500 7.951960 12.440100 
1919 2 22.879400 12.149000 1.367500 
100 2 15.750900 8.229620 8.377380 
1602 1 19.624800 1.921750 5.633130 
381 1 22.310400 5.444930 -0.052972 
311 2 20.500400 4.494010 9.614600 
455 2 21.381900 0.996584 5.046410 
1106 1 16.824700 6.600130 8.211310 
1544 2 17.973400 3.363920 2.403530 
942 1 16.087800 2.163880 5.026360 
269 1 15.100000 5.828340 11.694200 
1509 1 20.596400 4.373550 0.381769 
600 2 23.587400 3.827570 8.636130 
305 1 15.257800 9.957900 10.957300 
935 2 21.883100 8.562210 4.680800 
226 1 18.286800 3.806650 7.923570 
1695 2 15.299900 11.393500 4.996510 
60 2 21.106000 5.742830 12.382200 
1567 2 17.465300 6.787010 3.238420 
842 1 20.778600 6.326850 12.456600 
1692 2 18.194700 10.035600 1.731890 
1092 2 21.285100 8.918600 12.085700 
1034 1 17.014400 9.477410 9.194570 
486 1 26.283500 0.191718 8.184180 
44 2 19.625900 1.070230 7.232690 
1585 1 24.572000 3.604910 7.117610 
1655 2 22.700700 0.428213 1.177610 
396 2 24.268100 11.103600 12.821400 
552 2 17.198200 1.688670 8.551320 
178 1 22.556300 6.363640 7.647940 
1785 1 14.623200 3.134500 12.737900 
1534 1 22.935600 6.716290 3.274550 
294 1 25.302100 5.519050 6.505620 
1515 2 24.813300 2.273370 1.877040 
1620 2 24.166200 2.933880 12.322700 
687 2 17.638100 8.564620 5.964150 
358 1 15.846400 12.915300 7.384790 
1427 2 20.549400 2.090070 9.918110 
463 2 16.437200 12.958000 8.415600 
260 2 18.699800 13.004300 11.578900 
1571 2 16.019000 4.144960 0.274890 
1384 2 18.272700 6.594050 6.600560 
1085 1 18.916800 6.441850 3.903760 
1868 2 13.293000 0.953560 6.791950 
1406 1 15.902200 5.792880 3.712380 
1957 1 21.047100 5.323070 12.188000 
232 2 16.043900 2.083680 5.543740 
1264 2 21.083600 2.394710 2.204380 
623 2 25.073400 6.354870 4.110220 
1122 1 14.807000 4.482310 9.495960 
1364 2 26.080300 9.207290 0.628622 
711 2 17.670700 9.379290 11.484300 
612 2 17.935600 5.235710 8.946600 
1087 2 16.520300 6.194010 11.952800 
1527 2 20.101800 1.768810 7.449260 
49 1 15.671800 0.386770 5.307060 
32 2 15.572200 8.288230 12.752300 
1915 2 15.572700 0.562687 0.577097 
964 2 21.505000 2.787540 12.850300 
1232 2 15.695700 4.095620 0.168013 
1848 2 18.042700 6.954460 25.622300 
143 2 13.561300 4.645310 17.672900 
1462 1 20.055300 12.386700 15.914000 
477 1 20.803900 8.907730 24.827700 
52 2 21.355000 8.215400 20.442100 
1435 2 26.071600 1.718850 25.119900 
383 2 25.114400 8.930570 19.901700 
1012 2 18.434900 4.079100 21.871300 
1480 2 22.559000 5.723680 16.402500 
715 2 24.127900 6.349090 13.803400 
497 1 21.974300 11.720300 15.839400 
1300 2 16.014000 8.134400 18.923100 
190 1 22.655600 4.317380 15.075300 
434 1 26.412100 1.580930 26.648000 
1246 1 20.542200 0.934440 24.010700 
17 1 15.117200 5.604680 17.470600 
168 2 24.718300 8.844260 14.598300 
972 2 19.834100 11.421300 20.172500 
1607 2 15.053000 11.263600 14.104500 
1411 2 24.391100 10.235100 13.846300 
154 1 24.552700 6.256820 15.121700 
1430 1 16.444900 10.664400 20.609200 
1802 1 21.403200 6.234680 15.646500 
1497 1 20.001100 11.421700 13.660900 
1341 1 13.208400 8.550260 17.741200 
35 2 15.017700 0.346070 17.041800 
1251 2 24.125700 3.053510 19.180000 
598 1 23.847900 10.709200 21.743000 
1688 2 23.224400 4.157280 24.817600 
1241 1 16.795100 11.115400 18.382400 
1713 1 18.379900 4.121110 21.323800 
1895 2 22.662600 2.460860 21.873100 
1770 1 21.880600 4.203480 14.539800 
289 1 22.537400 -0.078712 18.002200 
793 1 21.453300 6.913760 24.871500 
1460 2 15.646400 6.965150 14.764200 
739 2 15.086700 4.642740 21.331300 
148 2 22.886500 0.289653 14.732900 
1689 1 24.026800 3.396280 25.057400 
75 2 15.095100 1.387600 23.883900 
1066 1 15.942500 5.313440 25.547700 
1305 1 14.496800 3.207540 23.443400 
806 1 24.531100 3.814080 20.515500 
855 2 19.353700 11.516000 13.746400 
1133 1 18.559500 0.757386 16.526900 
36 2 14.728100 10.395200 13.969300 
1939 2 14.349200 8.006110 17.452600 
767 2 17.583400 8.669160 15.711700 
1037 1 25.171700 1.271990 19.929000 
508 2 17.373600 3.170710 22.504700 
1796 2 23.017000 12.243900 21.624800 
334 1 21.201400 9.680830 19.542200 
777 1 18.794600 7.642090 20.409700 
363 2 22.020200 11.127900 18.412900 
224 2 13.418400 10.247700 21.679300 
1358 1 14.089600 11.104800 17.573100 
1680 2 18.046500 1.845020 16.591200 
829 1 21.705300 11.821400 19.412900 
1981 1 22.800700 11.065900 25.564300 
1135 2 17.473700 13.461800 23.182900 
1618 1 18.198000 11.086600 15.842800 
975 2 19.855300 4.768280 19.036400 
15 2 13.600600 13.366700 17.030800 
73 1 21.871700 3.157860 24.030400 
1339 2 17.071700 11.888300 16.505300 
1753 1 20.024500 11.678200 24.941200 
93 1 22.982000 8.029980 14.014300 
1278 1 14.965500 -0.054891 16.318800 
249 1 17.619800 12.395900 20.421200 
113 1 20.241900 8.731130 18.825000 
1279 2 23.094000 7.196840 24.305500 
391 2 23.052700 11.469100 18.085400 
126 1 18.041600 9.024920 15.832600 
417 1 16.058100 3.484840 15.919900 
686 1 25.215500 4.376620 18.626000 
138 1 22.583900 12.251200 21.948100 
1965 1 14.981200 11.949000 24.718500 
1698 1 23.014500 0.451996 21.208300 
1786 1 22.230500 3.365370 21.987400 
958 1 21.935400 1.940480 15.873900 
1944 2 21.617200 1.396300 17.221400 
1351 2 26.167100 10.775400 25.715200 
1552 2 20.554100 1.392200 24.308700 
1379 2 23.548700 3.473030 25.231800 
1028 2 18.526300 10.620000 24.943300 
636 2 24.992900 7.839250 19.263000 
1218 1 17.674700 2.858790 19.690300 
607 2 17.466600 7.429050 26.119700 
230 1 25.838500 1.943700 16.059100 
1415 2 14.351000 7.825370 25.464900 
237 1 24.362500 7.402240 19.841200 
1948 2 23.778200 10.370500 23.152700 
454 1 25.628600 11.044800 14.258200 
579 2 21.070400 5.819950 23.860300 
1075 2 15.792700 5.576070 15.976900 
1348 2 25.086700 11.822100 16.125400 
1869 1 18.205500 0.292385 13.437200 
965 1 25.480300 9.971230 20.830200 
753 1 16.890900 6.425990 17.562800 
1891 2 18.307900 1.491930 20.003700 
1574 1 22.808900 8.955640 21.005000 
1598 1 15.786500 9.329060 22.594600 
1426 1 23.302700 10.005100 23.726400 
593 1 23.696700 2.427660 16.315600 
1837 1 19.229200 10.571900 20.568700 
1093 1 21.032200 13.018300 16.781200 
985 1 22.363400 7.275340 19.646000 
1440 2 25.573100 12.535700 20.455200 
658 1 13.972500 10.074900 21.857200 
1496 2 24.806400 3.705620 17.981300 
779 2 21.535200 2.701320 15.361500 
933 1 22.925300 3.858790 18.295400 
590 1 26.227900 7.648050 22.357200 
527 2 18.541000 4.868900 22.566200 
398 1 20.672700 13.269600 13.234800 
603 2 17.693900 7.333190 22.954800 
1444 2 16.215800 6.255540 18.213500 
1725 1 16.751200 7.344670 14.645400 
752 2 20.437100 12.960600 13.530100 
575 2 13.086300 5.590050 25.830400 
1564 2 14.707400 6.028320 21.794900 
702 1 18.938200 7.764650 22.989500 
277 1 20.205500 3.352570 13.232100 
111 2 15.671300 10.245700 21.878600 
1994 1 18.978100 3.771270 15.130300 
716 2 22.101900 3.495850 22.115800 
10 1 16.630200 2.624440 21.914200 
375 2 15.501700 6.349860 19.374200 
679 2 20.202900 11.642500 24.672000 
1652 2 21.592800 10.261200 24.527800 
1418 1 23.675300 5.125860 24.689500 
646 1 13.880700 1.399590 17.614300 
734 1 18.999100 4.651350 19.819200 
172 2 20.913500 5.203980 23.674700 
1878 1 26.291000 11.952700 16.735500 
1345 1 24.604900 11.743600 15.451000 
309 1 16.032000 1.589940 14.567400 
462 1 26.414900 2.163060 18.605200 
1110 1 19.336100 1.811860 20.016400 
442 1 15.043300 8.366810 20.462400 
254 1 25.388800 12.549700 21.397800 
340 2 17.864600 6.202470 16.142700 
345 1 25.392200 1.623330 13.752900 
1923 2 20.715100 6.396490 15.928700 
179 2 19.269200 0.908998 24.314000 
1797 1 23.067800 5.804060 16.440200 
1549 1 22.651300 11.050400 17.959800 
761 1 19.919000 3.134600 17.086900 
139 2 20.781000 12.415400 21.428600 
18 1 25.125300 0.880198 23.915100 
533 1 25.540000 9.425330 16.179200 
1590 1 14.091500 0.530105 20.079300 
474 1 21.415500 10.474500 23.942800 
831 2 22.971300 10.467700 24.381500 
1867 2 23.048100 8.506590 14.732100 
988 2 23.764500 12.520100 25.118600 
898 1 17.807500 10.569600 22.714700 
1714 1 17.704800 0.603774 21.272700 
472 2 20.531400 8.749720 14.802700 
980 2 22.468100 10.599000 17.246700 
1274 1 16.332900 4.633640 20.775100 
1945 1 15.194800 13.259200 17.578000 
1972 2 16.288500 12.731400 22.384800 
692 2 15.403200 8.954750 25.866600 
503 2 25.756700 1.030550 19.814400 
790 1 22.624900 8.985700 14.689500 
1683 2 20.992500 4.807610 14.805300 
1322 1 16.301400 6.300590 19.531700 
24 2 23.526200 0.170963 21.590000 
1058 1 20.996500 1.792750 18.764900 
200 2 24.119700 6.324590 23.488700 
1240 2 18.494100 7.420470 22.721900 
222 1 13.548400 4.746690 20.308100 
1416 2 14.411800 2.893170 20.755600 
1823 2 26.215400 11.299300 17.267700 
1673 1 24.799700 9.492720 14.334600 
1539 2 16.169800 9.717070 24.111400 
96 2 15.494100 3.816840 16.687800 
123 2 14.406100 2.527670 14.812600 
221 1 14.483800 10.299800 15.093900 
903 2 23.224300 9.327580 26.741500 
1911 2 24.577500 10.398200 21.336000 
1779 2 19.897700 10.472900 14.498900 
1825 1 15.367100 4.416500 25.136200 
1623 2 25.603000 5.506540 24.807300 
836 2 14.125300 2.053540 16.915500 
114 1 20.181700 8.533240 14.406400 
430 1 13.259000 4.826360 22.942600 
1368 2 18.188000 0.309679 13.352000 
690 1 20.482000 1.577280 15.273200 
1039 2 17.881300 7.755350 20.238100 
378 1 15.596800 0.734447 26.393100 
795 2 20.151000 8.069380 24.623500 
1634 1 18.243200 6.249750 15.893200 
805 1 15.224500 11.569300 20.205500 
621 1 14.811800 2.625930 14.689200 
614 1 23.476600 6.681710 23.581300 
808 2 21.458900 7.580500 24.517900 
1291 2 15.743800 2.249990 21.764400 
41 1 14.099400 7.805930 25.576300 
1400 2 16.327500 11.939300 19.415200 
926 1 19.331900 4.576390 17.557400 
1658 1 17.198400 6.945450 22.709100 
1644 2 20.075200 8.058460 18.466000 
263 2 23.398300 4.085600 19.098300 
1112 2 22.400400 4.434760 14.981100 
1746 1 19.087300 0.296665 24.871300 
1128 2 26.236300 4.673000 25.217300 
258 1 24.961200 0.805872 21.910900 
1708 2 24.663700 3.114140 21.899600 
39 2 13.389400 10.839200 24.328600 
954 1 15.517600 8.226330 25.793400 
914 1 15.910900 9.974370 25.008900 
1492 2 14.868500 12.828100 15.752400 
1831 2 22.991600 1.148230 21.863000 
1907 2 15.901700 11.689700 19.702400 
1463 2 17.714000 4.940550 16.746100 
389 1 13.986100 1.058200 25.731100 
1934 1 19.244900 4.929820 22.096400 
665 1 24.212500 10.735300 13.250500 
1208 2 14.603500 8.222420 21.396900 
1630 1 18.078400 7.674430 25.200400 
1254 1 26.581500 4.715240 17.431100 
610 1 13.309000 2.404700 21.302600 
981 1 23.440500 2.423510 26.358000 
807 2 18.200000 4.042990 21.113000 
660 2 21.388100 1.881960 17.304300 
1311 2 18.894000 10.518200 20.059300 
1900 2 14.977900 1.765460 14.658000 
1942 1 15.083900 8.033140 16.940600 
1603 2 16.535300 4.008840 25.663000 
996 2 17.336800 11.486700 16.674900 
1768 2 19.790300 11.960800 15.949300 
1469 1 24.959300 12.604600 19.252300 
547 2 25.752600 6.306010 15.539100 
1151 2 18.031200 3.032770 18.822500 
1471 2 23.117900 7.502130 18.795500 
1854 1 18.330100 1.214310 24.029700 
480 2 18.508200 9.457760 13.130600 
1143 2 13.214900 1.949760 20.991700 
596 2 19.206100 3.835240 15.297700 
122 1 20.907200 5.593940 22.719800 
1816 2 17.719700 2.121450 19.614900 
1121 1 13.196500 2.370190 25.925000 
1091 2 25.408300 2.148350 15.728100 
919 2 13.235200 1.735010 26.483500 
1369 1 14.613400 5.856500 21.682300 
1434 1 25.536600 6.333100 24.527200 
346 1 13.498100 5.612450 14.568500 
129 1 23.233600 0.681550 15.058500 
1600 2 20.526200 12.884800 16.515400 
1608 2 24.107200 5.822220 13.964200 
262 1 16.762600 4.452920 26.510800 
84 2 13.518300 13.141000 26.433600 
1654 1 13.217300 15.350800 12.466900 
668 2 20.941500 17.079100 7.481850 
1174 1 24.161600 25.866300 1.085780 
724 2 14.411400 23.528300 3.401310 
1982 1 18.234200 23.028200 11.107900 
913 1 20.484900 20.816400 11.743500 
672 2 25.422600 13.732400 6.617810 
1402 1 26.385000 18.261000 11.070100 
1792 2 23.660600 14.652800 3.198380 
1609 1 15.993900 23.122400 10.744200 
998 1 15.247400 18.588100 0.421291 
1723 2 18.125600 17.918400 12.517100 
543 2 24.118500 19.004300 11.208400 
1506 1 17.076500 22.661000 1.666330 
261 1 17.670900 25.488400 12.357600 
194 1 15.438800 25.653000 7.080690 
76 2 21.440000 26.109000 7.907400 
1040 2 25.993400 20.772700 5.356690 
918 1 21.835200 15.204200 10.446100 
509 1 23.304700 19.404400 6.177870 
478 1 13.087300 25.590300 3.981280 
298 1 15.511600 23.992400 2.732030 
1865 1 26.395500 23.590700 8.004940 
534 1 17.834500 24.803500 1.158240 
184 2 24.923700 25.055000 11.820700 
569 1 19.456100 23.259900 7.797480 
814 1 22.710900 19.225000 9.793810 
1491 2 23.824000 16.488400 1.990250 
1334 1 14.743200 22.556000 8.291910 
1179 2 14.572400 23.343000 4.845040 
307 2 21.037000 19.857300 0.381106 
815 2 17.250000 14.032000 0.493820 
1060 2 18.219100 23.937800 7.248350 
1591 2 18.872100 13.518600 1.751240 
881 1 19.064100 13.857700 10.473500 
1475 2 23.040500 12.756500 8.697780 
108 2 13.281500 23.009600 8.415120 
698 1 14.641400 15.742900 6.487200 
394 1 20.834800 21.663600 7.707850 
372 2 21.356500 16.640900 3.907770 
293 1 14.789500 21.713200 2.701690 
6 1 22.215500 21.693300 10.697100 
99 2 25.242700 23.579600 8.515930 
1554 1 16.923700 19.900500 3.021480 
207 2 17.480000 26.455700 8.928780 
320 2 17.278900 22.558200 12.648200 
1095 2 24.222400 18.703800 5.529000 
1474 1 22.985400 16.910000 1.895800 
1716 2 20.175100 21.989100 7.472280 
487 2 15.480000 14.831300 12.174200 
1976 2 13.887700 25.200900 12.960600 
151 2 14.607700 25.781100 5.951060 
654 1 19.770300 14.565800 12.110000 
720 2 22.009000 19.397900 9.853880 
1437 1 14.715400 21.935500 13.029100 
853 1 25.408500 15.703100 11.914100 
1282 1 24.356200 18.769800 10.640800 
352 2 19.672800 19.774700 10.781700 
412 2 14.405400 17.591800 6.367170 
1817 1 22.860300 25.898700 8.314580 
1517 1 15.354200 14.803700 8.880750 
1691 2 19.133500 23.040900 6.233910 
1541 1 15.708300 25.533800 10.319400 
1543 2 15.832600 25.374900 7.148390 
1009 1 24.634600 22.493500 10.349400 
1538 1 17.799300 15.961700 9.493290 
1774 1 22.590100 15.282600 4.005410 
837 1 14.922300 13.526100 2.494070 
1946 1 21.283600 20.125600 8.963330 
1323 2 20.393500 25.162300 10.866700 
1707 2 23.705400 22.718400 4.346770 
1665 1 15.096600 14.844700 4.867830 
1002 1 25.906600 14.264900 6.442160 
255 2 18.181300 13.377700 10.429700 
1836 2 19.045200 22.896800 4.776280 
439 2 18.020200 25.581100 0.786912 
1206 1 25.200100 19.417600 12.137100 
1822 1 13.798900 23.970700 7.403620 
1724 2 21.638500 25.010300 10.824800 
1101 1 22.404500 17.164800 3.276270 
1815 2 26.540500 15.061200 7.389800 
1343 2 15.501300 17.984900 12.313300 
106 1 20.329200 18.454600 1.633200 
90 1 20.142300 13.585600 2.527050 
1451 2 20.412200 13.692700 11.299200 
1814 1 18.194300 14.391700 0.750389 
1931 2 18.539000 17.873500 1.166620 
1909 1 14.056800 20.420300 4.318230 
496 2 14.284200 17.500400 0.065425 
1294 1 15.576800 22.504000 11.489900 
304 2 22.149400 21.065500 10.506700 
1473 1 16.363500 20.943500 7.592210 
401 1 18.469600 17.502300 12.953100 
1260 2 15.589500 22.056000 9.544800 
1105 1 18.920100 16.153900 4.583120 
896 2 14.475400 20.544200 4.087480 
461 1 24.685000 13.502700 10.228500 
694 1 18.555200 17.101800 11.263400 
72 2 15.770800 19.869300 10.608000 
1744 2 20.768200 14.037600 1.021620 
1063 2 23.014200 23.033300 3.916230 
513 1 19.243500 25.242300 2.643870 
1648 2 19.746900 23.988100 11.237900 
788 2 26.469400 16.415500 8.277280 
1268 2 16.636800 21.372100 5.944320 
1262 1 23.001500 17.571200 7.424980 
1890 1 16.868300 21.308100 5.634390 
1906 1 13.471200 16.191400 10.531000 
330 1 23.582100 23.347900 7.323640 
528 2 21.766800 20.320800 3.715360 
133 1 19.174600 23.452700 4.642250 
1114 1 22.866600 13.830200 3.039110 
524 2 21.121700 13.400900 4.416090 
1636 2 16.306900 22.225500 2.021360 
318 1 21.123700 16.426600 4.831270 
797 1 14.145500 23.413300 4.962930 
367 2 13.207200 13.618500 3.038170 
1967 2 17.681700 15.883800 9.185810 
1401 1 25.208900 26.330100 11.723200 
1413 1 16.933900 24.711900 5.365650 
104 2 18.173700 18.653200 5.496080 
314 1 17.107800 17.545000 11.062800 
267 2 21.872300 21.761700 8.349350 
1661 1 20.651300 22.540300 0.727637 
678 1 15.602000 17.953700 3.766480 
1140 2 21.584300 16.225700 10.767600 
98 1 18.370200 24.875600 10.475800 
744 2 22.370000 21.862000 1.241880 
1767 2 26.482900 22.382300 6.384680 
1983 2 20.347000 20.193300 2.871930 
759 2 13.632500 15.606000 9.604040 
169 1 17.147500 18.468800 7.886290 
82 1 23.093800 23.588500 3.918590 
542 1 21.094700 20.986300 3.771660 
1795 2 20.660200 25.023600 2.558800 
1787 2 16.501800 18.725000 2.946410 
840 2 18.251300 25.462300 2.513160 
1876 2 15.296100 26.610500 0.598265 
700 2 14.565300 14.432600 13.188900 
639 2 19.799300 20.880000 6.823150 
1372 2 22.638800 24.641200 2.747110 
1570 1 21.314500 17.464000 8.075380 
1335 2 25.161000 20.857000 0.163041 
798 1 16.079900 19.850000 6.367380 
1198 1 20.524800 13.947600 7.580890 
1467 2 18.391800 20.803800 12.714200 
1253 1 26.170500 16.135000 7.435800 
1532 2 15.769000 25.782300 8.985440 
1546 1 16.156300 25.733800 8.596370 
315 2 16.293200 19.508900 6.292890 
279 2 22.046100 21.809300 11.301300 
1722 1 21.689500 26.184600 2.851660 
832 2 25.064700 22.060400 10.423400 
1749 1 15.560600 19.709600 10.349000 
766 1 19.152500 14.944400 6.402080 
1356 2 18.005000 24.011200 10.700100 
1446 1 25.903100 21.973900 6.942750 
360 2 23.031800 14.318200 9.025090 
1616 2 23.645700 23.600400 7.654310 
1813 1 24.335500 21.701300 5.330780 
1614 1 24.900400 18.750200 5.009100 
1569 1 17.260200 18.357600 2.557230 
962 1 19.420900 25.080900 10.936200 
1190 1 25.009400 16.680100 1.361370 
512 2 23.148000 19.244600 6.026830 
418 1 18.362700 23.220000 0.396145 
467 2 19.773600 13.891900 7.638920 
1146 1 22.745600 14.024100 8.253770 
1819 2 17.280900 21.098000 13.607500 
581 1 25.638900 17.579100 8.688850 
1185 1 16.528300 15.241300 5.462370 
1441 1 19.311700 21.113300 6.104280 
259 2 17.760900 17.173300 5.426340 
1514 1 26.363200 23.404700 11.791200 
826 1 24.542200 21.789000 1.074900 
270 1 20.776600 23.165000 10.356800 
1199 2 15.405400 20.201500 9.733480 
551 2 17.505600 24.848100 11.272900 
891 2 24.280000 15.635600 12.223700 
118 1 19.135200 18.504700 6.965620 
1195 2 23.546300 19.527400 8.654290 
31 2 17.382100 24.933800 2.463290 
1013 1 18.801800 16.601000 1.543520 
1702 1 24.858300 20.414500 8.587350 
411 2 19.383600 23.165100 -0.166710 
1192 2 24.079600 17.545100 1.530090 
1175 2 22.061400 16.423500 3.917070 
620 2 23.309700 25.065200 1.899880 
1189 1 24.393100 23.549600 5.291530 
1912 2 17.908600 16.899800 10.580100 
335 2 19.269900 14.856900 13.162700 
449 1 15.403000 16.457400 11.168600 
102 1 21.845700 26.292800 12.185900 
1204 2 15.455300 16.752200 11.990800 
1068 2 24.190400 23.406900 5.194440 
691 2 19.645100 16.456300 4.303860 
313 1 23.986400 24.218800 2.782280 
1755 2 21.065900 19.000200 10.886600 
65 1 20.885400 19.683600 11.254300 
1679 2 17.971500 14.543600 0.886919 
50 1 19.122100 23.558300 6.830780 
656 2 23.966800 17.241900 7.306840 
1388 2 15.448700 18.924700 0.478404 
1832 2 21.767700 26.719700 11.994300 
319 2 20.941500 17.406500 7.667160 
1006 1 17.598200 15.750400 0.894198 
368 2 18.196900 17.424300 2.684520 
609 1 17.615300 25.477500 2.598900 
628 2 15.007800 14.976500 9.372240 
570 1 15.366400 20.542500 11.507900 
175 2 22.667200 15.070400 9.813290 
1794 1 15.695400 20.904900 1.119040 
13 1 18.426000 19.968900 11.744700 
915 2 26.069200 16.343500 5.629300 
448 2 16.154400 25.586800 5.047150 
640 2 19.670400 24.153400 0.485717 
1445 1 18.005800 18.624000 5.112060 
1382 1 22.719000 21.139200 2.803930 
1450 1 21.134200 18.565600 5.005590 
1793 1 21.988600 24.649700 12.712300 
295 2 17.458100 18.195400 8.549970 
902 1 22.898500 14.366900 11.945300 
239 2 24.851400 25.954700 1.539690 
1256 2 25.824800 24.173500 3.217080 
117 1 14.586100 13.866800 12.955900 
618 1 24.668600 25.824300 2.345140 
67 2 15.537000 23.065600 10.563400 
347 2 16.857100 22.947900 0.808453 
885 1 14.990000 18.354600 11.955500 
1563 2 15.304700 20.949900 3.225030 
343 2 16.135300 14.769800 5.668930 
510 1 25.693100 14.930400 1.313550 
1550 1 13.496100 21.807200 10.459900 
392 2 25.523700 19.143300 11.612700 
1978 1 16.698700 23.137400 0.026602 
156 2 17.093000 23.118000 0.338730 
1488 2 25.525400 15.377600 1.535160 
1046 1 26.023900 26.330000 5.073340 
1611 2 16.057100 15.746700 13.070400 
1476 2 18.978200 20.773900 0.252470 
485 1 23.749100 21.074400 12.804600 
323 2 24.321100 13.633200 12.743000 
162 1 20.365200 22.789300 24.383900 
1072 2 19.562300 15.935700 18.795200 
214 1 15.233500 23.443300 18.170900 
1229 1 26.361400 22.114200 26.626800 
69 1 13.816200 23.143800 18.549500 
889 1 22.516000 24.841300 18.131600 
1572 2 16.546000 24.320700 21.791300 
1371 2 22.850300 16.618800 20.854400 
1577 1 17.945300 15.414500 22.860600 
710 1 13.934900 17.545800 18.493700 
1071 2 25.611000 14.550400 20.682100 
608 2 14.033700 17.598400 13.541500 
1624 2 19.323900 17.661600 24.736900 
1826 1 20.976300 21.264900 18.864000 
1653 1 19.074000 16.047300 20.230100 
306 1 15.524200 23.525100 22.740000 
1733 1 18.905600 20.774100 20.210100 
1927 2 17.390400 20.489400 15.916600 
1167 2 23.749200 16.574600 18.270300 
1337 1 25.145000 18.139700 22.130400 
945 1 22.906200 25.073500 16.743300 
1921 1 25.889300 14.571900 19.065700 
1187 2 15.764600 19.118600 25.153400 
1120 2 15.932900 17.905400 16.166900 
1712 2 15.024900 16.174100 17.056100 
1747 2 25.377400 19.367000 21.764200 
1346 1 21.276100 18.322700 23.902100 
166 1 17.549800 13.300500 16.589100 
684 2 25.431800 18.000800 14.809700 
1486 1 22.723200 18.810100 20.657300 
1805 1 14.669700 19.539000 20.223500 
1803 2 13.752800 22.579900 19.886400 
349 1 22.936900 16.292500 17.855100 
643 2 21.300600 20.703200 15.952200 
1666 1 18.893500 14.272900 24.634500 
775 2 22.320500 21.877100 23.430700 
1507 2 24.005900 14.258400 22.962600 
469 1 15.305600 16.153100 16.899600 
1647 2 19.179700 16.964800 15.371300 
956 2 18.886400 24.035800 15.304100 
683 2 19.445900 20.807500 19.309100 
550 1 21.566600 20.560100 26.203800 
809 1 25.482600 21.363600 14.078800 
1902 1 26.357000 19.984600 22.473300 
275 2 26.038100 17.325700 24.786400 
906 1 19.466300 24.106100 17.002000 
564 2 17.768000 17.130700 21.421900 
483 2 22.101900 23.026000 17.336800 
966 1 20.094500 16.772200 23.921300 
1969 1 18.334500 16.492300 18.224800 
1481 1 16.330000 20.867600 17.335500 
1020 2 26.261600 20.603100 15.622200 
1477 1 25.156800 20.969700 23.002200 
1297 1 22.694200 18.157200 18.128400 
57 1 15.809400 18.925700 15.321400 
1390 1 18.816400 17.593200 25.179900 
1628 2 16.951200 21.389100 17.394800 
557 1 21.889300 22.293200 15.904400 
274 1 20.947000 16.747000 25.612100 
9 1 24.627200 22.730100 15.819900 
46 1 24.966400 18.446900 16.319100 
1690 1 25.408000 17.981900 14.067800 
1051 2 20.770600 25.149300 24.379600 
1769 1 15.156600 26.118600 13.820600 
34 1 14.854200 18.044900 13.840300 
1593 1 23.876300 17.620600 19.050600 
615 2 26.249100 17.895400 18.519200 
1465 1 17.475200 13.394200 23.062200 
227 2 13.377300 16.241000 18.338500 
910 1 20.489800 15.118700 23.705700 
816 2 18.630700 20.505500 22.208600 
989 1 26.426100 21.781600 17.985100 
220 2 25.264400 15.584100 21.484900 
558 1 16.195300 25.853500 22.189200 
1548 2 22.092000 19.856300 23.895500 
351 2 15.529000 18.127700 16.809900 
520 2 25.377800 24.035300 25.873800 
592 2 23.056500 25.549300 18.068500 
1127 2 15.543700 19.743300 21.044200 
1669 1 14.340600 16.874400 25.879000 
141 1 18.027400 19.622900 17.178100 
731 2 23.341800 23.489200 26.638600 
1853 1 14.851500 13.613400 14.916700 
1839 2 24.899600 14.632900 19.361000 
85 1 23.277700 14.156500 22.487500 
1139 2 26.192100 14.584800 16.623700 
1933 1 13.671700 15.643800 21.656900 
1057 1 26.054500 14.071500 21.058700 
924 2 21.066000 15.106900 23.593200 
1806 1 24.033500 24.654800 21.124700 
737 1 20.370900 22.307100 14.271200 
625 1 22.879500 20.443000 24.429200 
688 2 20.190100 25.391700 25.028500 
671 2 14.679600 13.973300 21.788500 
61 1 18.185500 21.469300 15.438800 
284 2 21.554400 21.832700 25.426100 
778 1 24.721700 17.127300 24.330700 
1041 1 21.300100 20.571700 23.320800 
286 1 15.944600 25.487700 26.662700 
92 2 18.610500 16.621400 18.279300 
1155 2 18.165000 21.780300 23.365800 
299 2 21.912600 24.651100 17.971200 
1453 1 22.136300 15.047800 16.123500 
473 1 26.480600 18.180600 19.204700 
1089 1 16.672300 16.058600 24.768400 
1403 2 16.857600 23.219000 14.100500 
1171 2 18.340700 25.139500 18.479400 
1873 1 20.884400 20.042300 15.518700 
447 2 23.031300 20.862900 22.353800 
1377 1 15.176000 14.422800 21.347900 
1738 1 16.131600 17.581100 16.627500 
904 2 20.767600 18.294500 13.655300 
1487 2 14.133100 22.899700 17.977000 
494 1 17.483000 24.881700 18.675600 
1818 1 17.174400 18.959300 26.114200 
1324 2 19.713900 14.255300 22.330200 
125 1 25.278300 24.888700 15.657800 
1209 1 18.416600 16.917500 15.564700 
990 1 17.749600 20.851300 24.041800 
1576 2 14.609800 25.219200 18.068600 
336 2 15.250800 23.019200 18.297600 
1776 2 16.596100 13.925000 23.274600 
1728 2 21.751000 23.699300 23.538800 
2000 2 16.860400 18.402300 24.239400 
1748 2 20.089900 24.387400 16.298600 
1215 2 14.771200 22.659100 23.284400 
644 2 24.389800 20.587500 26.260700 
1094 1 16.743300 21.230200 21.811500 
1269 1 15.622600 13.474900 20.038000 
1808 2 21.821000 16.184500 16.348300 
899 2 17.108800 16.538300 19.434700 
1975 2 15.769200 14.560200 17.384900 
1743 2 14.539000 14.073900 24.410800 
1700 2 25.378500 26.837900 18.025700 
1528 2 24.476600 26.452000 21.862700 
755 2 20.840800 23.028000 13.725800 
1734 1 24.539400 20.087500 21.686000 
1296 2 23.841700 22.384800 14.456100 
719 2 17.710700 26.025300 14.805800 
1536 2 23.605000 17.687800 20.341400 
1045 1 24.082100 14.885700 14.121200 
283 2 14.740000 25.869500 13.482100 
559 2 24.697200 13.401500 25.999100 
1941 1 20.828500 24.581400 23.451600 
1374 1 17.195700 18.250700 20.963200 
1325 1 16.605600 20.727800 13.141000 
1626 1 20.974200 16.807000 13.336300 
571 2 20.188600 19.968600 18.733800 
1500 2 25.682600 17.931400 18.332000 
1925 1 15.880400 18.686700 23.494300 
1686 1 16.744300 22.776700 21.805800 
1694 1 18.657900 18.061800 20.944400 
1833 1 16.892800 17.534900 24.561400 
202 1 20.920500 16.845400 17.885400 
573 1 14.668200 21.734900 20.625800 
589 1 17.157500 22.266200 17.217200 
1289 1 25.564600 26.029800 18.620600 
825 1 14.651500 16.537600 19.122400 
735 2 19.851000 17.302000 24.473700 
331 2 22.881300 18.659500 24.702400 
768 2 16.174800 20.779400 13.631100 
894 1 21.431100 15.814900 19.726700 
1490 1 20.185200 20.173800 18.875900 
1968 2 16.283800 21.579800 20.501900 
594 1 23.520000 18.915300 16.790600 
1054 1 14.167900 14.052000 23.572500 
1604 2 25.903300 23.974300 18.996500 
1003 2 21.302900 13.232400 16.237600 
1913 1 20.089500 13.944300 19.623700 
1090 1 16.569000 21.052900 19.344900 
1587 2 17.987200 16.386500 19.901700 
1036 2 18.428800 20.897500 16.409900 
1116 2 15.562500 20.093600 24.007800 
33 1 24.849400 24.214500 24.137700 
1932 2 23.415000 14.514800 16.809000 
1671 2 24.618600 24.418300 14.225000 
475 2 20.489200 14.948500 19.690800 
1584 2 15.521100 25.925200 20.398100 
1589 1 22.041200 14.936600 25.355800 
1667 2 14.528800 22.886900 26.231500 
1061 1 17.949500 23.623800 23.801100 
373 1 22.795300 22.337300 26.857200 
1639 2 17.058400 22.466700 20.709200 
1866 1 23.415200 23.924800 26.378900 
991 2 15.837200 17.645400 25.301200 
348 2 13.471100 22.255500 20.237300 
152 2 15.803100 25.774300 24.135200 
661 1 14.930400 25.059100 24.625600 
1438 1 24.624900 19.665200 25.802800 
1754 1 13.586400 19.230500 24.739400 
1015 2 16.518000 25.287000 23.275300 
405 1 23.363900 18.075400 25.260500 
641 1 20.469100 13.265100 22.782100 
1883 2 25.320400 20.547000 21.613500 
999 2 21.425200 14.648800 25.546500 
764 2 20.675900 22.165100 20.228400 
144 2 24.777700 16.761800 25.056500 
216 2 23.518000 20.431600 15.596900 
1313 1 26.614100 19.899100 16.315000 
420 2 25.779400 24.020100 15.517900 
1076 2 14.073600 25.840200 14.412200 
1137 1 25.735200 17.730900 17.910400 
1099 2 21.502300 15.027200 19.036800 
193 1 17.598400 23.049800 18.751800 
327 2 24.283600 24.636800 20.580700 
1943 2 21.804700 26.122400 14.072900 
70 1 21.494900 21.281600 21.627800 
1150 1 19.588000 15.508100 21.800700 
187 2 16.752200 19.686800 21.351600 
203 2 22.702000 18.270300 18.582300 
78 1 14.507400 14.222800 25.265600 
1062 1 23.066700 26.843700 23.170200 
1357 1 25.288700 16.100600 20.981800 
88 2 22.586100 18.877800 17.568000 
908 2 22.116700 17.699100 21.043200 
676 2 21.380500 14.559300 24.737200 
507 2 17.005900 22.915400 18.275500 
1992 2 14.851500 14.294000 20.109700 
228 2 19.126200 20.199200 19.193000 
1605 1 25.007800 20.852100 19.394500 
1522 1 14.189600 22.478000 24.791900 
1196 2 25.030300 20.764900 22.200500 
1750 1 23.304300 17.172700 21.016600 
1235 2 24.529700 26.389100 24.010200 
1562 1 15.536100 20.861800 22.884100 
1086 1 17.798400 24.055400 14.583000 
1629 1 19.410100 25.126800 15.035000 
582 1 24.068400 24.287400 13.889200 
1984 2 22.997200 26.009400 15.064800 
167 2 24.037100 20.801600 13.079400 
321 1 26.469000 24.064300 21.497900 
1929 1 25.734000 14.579300 24.794700 
1021 1 22.241900 13.519300 18.301900 
595 2 18.285600 15.872000 22.684800 
585 1 18.949000 25.726900 18.818500 
1727 2 24.952500 19.170200 16.017400 
310 1 23.007900 13.466700 25.173900 
1479 2 18.877400 26.458800 14.399600 
1326 1 16.256400 14.598100 13.629400 
1454 1 13.254000 19.269200 13.653000 
128 2 17.246500 16.105700 26.035800 
1986 1 20.116600 24.953700 26.324400 
648 2 24.285000 14.277600 13.427500 
916 2 21.552400 17.124400 26.067100 
1877 1 17.242100 22.526100 13.978100 
