id type x y z 
895 2 3.856730 5.788090 11.926000 
893 1 8.981050 9.095920 13.020000 
98 1 11.767200 2.232900 4.439570 
1100 2 2.169250 6.313950 12.675700 
1977 1 5.271100 6.516650 2.376800 
1743 2 12.250300 11.759500 3.122020 
1214 1 0.583965 11.585300 1.097920 
1654 1 1.385310 1.107350 4.660860 
795 2 7.459870 12.798800 5.494590 
1633 1 4.258780 12.862100 4.658410 
1030 1 4.491870 12.116800 10.752700 
1308 2 7.680310 5.742540 5.379680 
959 2 5.233610 1.230200 6.858920 
14 1 0.252196 5.565490 1.202270 
462 1 3.725500 0.210918 10.622500 
1917 1 5.874620 1.081950 9.424450 
1679 2 4.095200 7.816900 10.249900 
784 2 2.337020 2.185950 9.304670 
1307 2 8.812750 9.133100 2.074020 
1780 2 7.367370 11.945600 6.305400 
1481 1 9.154850 12.882200 5.387630 
1467 2 9.531270 7.338060 6.483850 
1154 1 5.054530 12.843600 3.335160 
1449 1 0.828924 8.339930 9.601140 
1349 1 9.244480 10.300600 2.693080 
1974 1 7.784480 6.373760 1.902710 
1340 2 3.568680 2.504190 2.241900 
145 1 2.327090 5.706820 9.221490 
751 2 12.613000 0.616227 4.066410 
866 1 7.658730 6.084980 8.420270 
1684 2 3.680100 10.808700 5.285870 
880 2 9.553420 0.990426 10.630100 
975 2 5.005440 12.746900 4.058390 
1748 2 6.153870 3.779110 11.443400 
399 2 12.436700 7.075650 7.528370 
640 2 9.949030 3.367850 11.845000 
1831 2 0.980188 4.012170 12.200500 
1188 2 9.526340 6.392580 9.691530 
1280 2 7.036840 4.545470 2.124410 
923 2 2.966830 1.783020 9.947330 
356 2 13.311000 4.986250 11.448700 
1991 2 11.426800 2.258380 7.337910 
790 1 2.589660 5.443420 1.022740 
655 2 1.665270 5.194110 0.801457 
732 2 0.358546 5.856560 13.129200 
942 1 8.891120 0.666654 5.892660 
1242 1 5.176120 10.769600 10.622700 
1937 1 6.576940 3.254640 6.744220 
1864 2 1.717920 8.908170 0.935829 
499 2 0.459384 5.456700 7.937260 
1216 2 0.459146 12.448400 9.416500 
451 2 8.148530 10.428700 10.057400 
1036 2 0.291775 7.426640 5.341900 
1501 1 10.832100 9.300460 3.378960 
187 2 6.791250 3.634850 12.668200 
1834 1 2.809710 6.880050 11.804800 
1389 1 4.058390 3.665270 3.061340 
1676 2 4.618610 0.606470 8.940960 
1815 2 7.616680 11.151300 2.763990 
1628 2 10.177500 0.951165 1.043570 
1867 2 6.708510 9.991600 7.898770 
1969 1 9.944480 10.408700 8.632700 
576 2 10.856500 9.130900 8.404080 
1651 2 3.094940 4.475870 8.190670 
587 2 5.245050 5.155700 7.031360 
1837 1 2.550980 3.032200 1.998610 
302 1 7.774540 13.068500 7.243940 
1227 2 8.994320 2.630290 6.337150 
1138 1 8.521770 6.573350 6.313800 
672 2 6.645430 8.920750 8.754830 
1720 2 2.044180 5.859680 1.938420 
4 2 5.155830 11.454200 11.136800 
1232 2 11.063800 6.047040 5.009310 
981 1 7.148610 4.331590 8.692140 
298 1 6.454100 4.725810 2.966130 
1558 1 4.155410 6.257590 3.307510 
223 2 0.578230 8.556080 9.760710 
215 2 2.103960 0.720298 2.100130 
688 2 0.400491 8.033550 9.881580 
1270 1 11.563700 2.380520 8.652340 
1155 2 12.061800 0.690955 5.361290 
121 1 9.285860 13.398700 3.307020 
1590 1 10.181300 6.447840 3.484270 
513 1 1.136940 1.063930 1.259840 
727 2 9.638800 6.214950 3.359860 
508 2 9.598890 8.880010 2.006940 
1191 2 3.594540 9.916000 5.299460 
1162 1 13.017200 7.909990 2.327520 
1202 1 0.759415 4.276700 8.458310 
706 1 3.686600 9.820510 4.820960 
1274 1 9.933020 4.870570 11.605500 
69 1 12.281100 10.468500 2.654680 
1440 2 2.240950 1.296680 7.902330 
391 2 12.486000 4.493600 3.657510 
159 2 6.219560 8.122920 5.764070 
193 1 12.567700 4.914620 12.700100 
760 2 11.669300 2.840210 1.854930 
1454 1 9.089480 8.787820 2.617670 
827 2 9.630170 4.980310 11.910500 
245 1 4.206290 8.446790 7.763780 
1050 1 11.932800 3.219020 1.653060 
1336 2 9.178830 11.773600 0.353061 
1361 1 7.239260 10.792400 9.789220 
60 2 2.366320 8.021880 5.645750 
704 2 3.384330 3.892870 5.515600 
1321 1 10.867400 7.461210 8.666610 
1704 2 7.807400 9.850530 12.500600 
1576 2 3.958470 7.591120 12.268800 
1701 1 11.470500 13.385600 4.229020 
1300 2 10.184500 9.336620 12.151700 
1735 2 10.098600 2.167680 2.093890 
1922 1 6.790070 3.136140 0.544002 
182 1 2.756840 11.209600 3.387560 
935 2 3.544020 6.395450 11.317500 
1058 1 1.627190 8.778780 2.973600 
749 1 6.081190 9.825410 8.076390 
437 1 2.793310 12.145400 13.278400 
680 2 5.272480 8.128670 5.439930 
1448 2 5.766930 2.367010 5.548490 
564 2 12.810200 7.717580 2.607490 
5 1 1.488050 6.200200 2.574850 
1533 1 8.938960 10.762300 0.626080 
1247 2 8.163190 4.721330 8.460840 
1791 2 9.651060 0.282028 13.102800 
626 1 1.896490 11.266900 8.564520 
87 2 10.671600 9.913290 1.249000 
423 2 8.304710 2.024330 3.644350 
1812 2 8.586600 5.915840 12.518400 
696 2 12.151300 1.630310 7.213940 
1723 2 2.720040 11.150600 12.160200 
1407 2 6.646230 4.543770 9.004480 
1139 2 11.792500 11.050500 10.487600 
407 2 5.987160 12.945500 9.262560 
535 2 5.376310 4.530320 2.563690 
91 2 1.591850 4.391970 5.231350 
1845 1 1.552220 8.858340 0.482775 
1868 2 3.914960 8.891910 8.145920 
776 2 7.308720 5.337080 6.807820 
48 2 5.720420 7.964590 2.041730 
661 1 5.721850 4.303430 10.758500 
846 1 7.676660 9.880150 11.581000 
308 2 11.480800 10.868200 2.815990 
1256 2 1.422570 5.480280 7.890730 
1882 1 12.252500 10.434400 7.454970 
1548 2 4.464770 12.276500 0.956670 
740 2 9.513740 13.056100 4.103180 
1844 2 12.372800 5.553640 9.235720 
774 1 6.446370 9.787120 2.674580 
1215 2 8.048750 5.837050 1.179990 
593 1 9.215310 2.837040 1.596030 
105 1 12.368700 9.905730 9.909200 
371 2 2.383310 8.542470 1.920440 
461 1 1.620530 4.024910 12.283900 
1508 2 6.220490 9.661240 2.581870 
299 2 5.238960 8.696080 0.873274 
405 1 0.475139 10.423100 2.622910 
1973 1 0.010056 5.786180 2.733470 
1579 2 5.879730 6.865750 3.142750 
1561 1 8.929150 4.578420 4.213750 
1363 2 4.174030 12.129800 5.874050 
1710 1 10.529400 9.855320 0.936664 
746 1 1.762560 2.470910 9.708510 
1986 1 4.524220 4.076780 8.015850 
567 2 10.332300 9.891900 8.029890 
1040 2 4.393710 6.118070 2.901430 
1490 1 11.978300 7.817440 6.033630 
1839 2 0.398820 8.213290 5.045960 
861 1 9.001680 5.144880 0.654265 
520 2 12.452000 0.538305 10.337400 
608 2 3.972600 6.201650 10.680600 
495 2 10.521800 9.873970 11.633200 
1623 2 2.402620 0.040000 0.863697 
108 2 0.363915 2.649180 11.100700 
289 1 2.146670 3.719890 6.412950 
907 2 4.963150 11.012200 10.332200 
817 1 8.171270 1.758670 8.009180 
146 1 4.137240 5.380710 12.416500 
11 2 6.520280 1.457960 9.475460 
250 1 8.464720 3.593240 10.892000 
1205 1 2.032090 0.131177 8.424130 
1485 1 2.146210 11.216300 11.081500 
1994 1 11.714500 7.215590 11.348800 
922 1 4.406670 6.490890 10.725100 
1394 1 1.100580 3.809790 4.437960 
150 1 4.708870 8.215170 5.236390 
1520 2 0.607208 10.324600 2.571400 
241 1 11.207800 1.608610 6.564970 
886 1 3.436400 0.400817 13.299100 
1865 1 2.360120 5.942370 7.306950 
1643 2 3.749070 0.310299 4.408050 
418 1 10.244700 8.769960 10.765100 
1127 2 7.764950 12.878700 0.083407 
25 1 5.447530 7.791310 11.344700 
1230 1 3.614730 10.553400 6.360800 
638 1 12.288900 3.101490 11.538600 
151 2 2.769420 11.395000 3.436870 
572 2 11.778800 1.786800 3.767950 
517 1 0.088622 6.572840 5.987510 
621 1 5.882920 7.164910 4.431860 
1613 1 5.139100 6.802190 13.272100 
1675 2 10.054400 9.264670 4.400300 
1333 1 10.419400 10.308700 12.575100 
90 1 7.434480 9.979560 7.486100 
615 2 3.543760 3.487940 2.152970 
463 2 -0.001360 5.059450 9.127400 
694 1 8.273500 8.737500 9.143310 
1674 1 1.447090 1.680410 12.703800 
1588 2 5.731700 8.230950 12.645600 
960 2 0.993364 12.322200 7.768250 
1800 2 11.067800 12.991700 10.426900 
433 1 0.409696 8.195180 5.397030 
682 1 3.903380 8.671500 1.689690 
113 1 0.363948 10.347800 10.613600 
936 2 8.545920 0.332051 7.457520 
1169 1 11.558100 11.041200 10.749200 
598 1 9.868360 9.152810 5.285820 
1306 1 12.383800 4.320600 4.993160 
432 2 1.082150 10.044200 10.325000 
530 1 9.146700 8.230750 0.925151 
144 2 9.899340 5.095570 0.270930 
1746 1 3.205770 4.588870 5.254710 
201 1 3.411720 9.285640 9.248480 
229 1 5.177730 10.040500 0.723401 
617 1 8.380450 5.689240 12.027000 
930 1 12.248000 5.332370 7.486860 
1245 1 5.555830 1.650680 7.124010 
1846 1 3.473900 1.777760 3.427530 
178 1 11.255700 0.443898 2.382780 
1859 2 12.784400 4.732980 9.895810 
833 1 6.741190 2.429930 5.184000 
950 1 3.401810 2.088470 8.816930 
1696 2 9.793280 10.409000 7.449160 
1885 1 12.156500 12.283300 3.298480 
253 1 6.381100 9.662330 5.585630 
1883 2 13.163100 9.494970 2.049660 
316 2 3.221980 12.957100 12.405400 
1585 1 3.073380 1.932020 0.386878 
1528 2 1.221830 1.101370 4.827570 
1686 1 7.545640 13.077400 1.458450 
67 2 6.731500 7.959420 11.241800 
381 1 5.440540 12.685100 9.210980 
294 1 0.646115 12.754900 6.127950 
1499 2 2.189710 8.234200 0.326258 
822 1 6.488640 8.113750 13.066300 
899 2 0.123323 12.319700 8.801890 
1067 2 0.098440 10.979500 0.571522 
1090 1 12.304500 13.126400 11.848800 
1007 2 10.083900 13.002500 4.966970 
127 2 6.890910 12.213600 13.024100 
945 1 5.809430 11.449900 13.111900 
30 1 6.058600 7.066860 0.388130 
1921 1 12.338900 5.249170 22.442800 
1084 2 1.777500 7.894170 21.696200 
924 2 8.100330 4.803180 17.518800 
974 1 9.505740 2.295120 15.799500 
252 2 0.757054 6.859500 23.492700 
537 1 6.873800 7.562650 23.399700 
51 2 8.650360 9.113100 25.558600 
894 1 5.587770 2.346740 22.475600 
441 1 7.962070 12.487200 20.747600 
360 2 10.253400 5.382420 20.262900 
1462 1 8.981830 0.182317 15.433700 
723 2 4.728640 7.150500 14.275400 
488 2 11.283300 5.323580 16.060600 
980 2 0.015319 10.785800 13.579400 
1860 2 11.619700 1.418360 16.416400 
494 1 1.418290 1.405110 18.245200 
290 1 1.288820 0.623222 24.632400 
1244 2 8.535640 6.712940 20.488900 
362 1 12.644500 11.273300 16.791300 
1689 1 13.057500 2.043380 14.935000 
338 1 6.132940 3.397260 16.168300 
779 2 7.764210 1.581610 18.251100 
1836 2 5.389240 10.266300 26.139000 
345 1 2.306950 4.795960 25.642500 
1593 1 9.175580 12.222200 26.512500 
117 1 9.721270 11.112100 15.656700 
1391 2 2.513080 11.158300 17.664000 
1219 2 9.967730 12.417000 15.339300 
1681 1 11.610900 7.983240 16.401800 
450 1 5.932770 1.204600 23.463200 
1298 1 1.574870 4.825510 20.314700 
1415 2 9.500030 8.914420 17.870900 
996 2 12.087500 0.761272 23.045400 
1207 2 4.404530 11.676700 25.645500 
1220 2 3.200600 1.852910 24.262800 
284 2 1.795680 4.255360 25.047000 
984 2 1.128470 0.315678 15.391500 
1884 2 11.503700 3.909970 23.737500 
600 2 12.921700 10.748800 16.609800 
1855 2 6.862030 10.066300 20.244300 
68 2 10.503600 6.923890 18.050600 
828 2 10.001000 9.517000 20.939800 
138 1 7.012310 13.057800 24.028600 
323 2 0.389708 11.027700 14.734500 
577 1 9.405400 8.851550 25.573800 
1890 1 5.295330 8.844510 14.446500 
1522 1 8.842370 12.832400 23.664000 
917 1 11.173500 4.402280 24.830800 
646 1 12.086600 11.487600 20.807500 
197 1 0.244031 8.601050 21.085600 
449 1 7.961560 8.318330 20.176000 
965 1 10.475700 6.240880 20.692700 
1851 2 5.123840 1.386070 22.942400 
1400 2 0.036889 11.210200 16.094400 
23 2 6.388060 4.815960 20.850600 
1027 2 11.874400 3.790880 17.568900 
490 1 7.449480 0.848912 18.001700 
1000 2 2.491760 13.282900 15.662300 
856 2 8.356750 2.848790 25.595100 
1556 2 5.231380 9.734140 20.728000 
1782 1 10.336400 7.077320 14.268800 
610 1 2.539270 12.482800 25.569500 
1210 1 11.253800 8.846870 25.067900 
826 1 10.262500 10.207900 21.218800 
454 1 1.871470 3.806410 24.325400 
278 1 4.323200 3.407100 25.015000 
1104 2 3.195930 4.516840 16.047200 
668 2 13.080200 5.100910 21.200000 
1941 1 0.090886 1.026420 22.213900 
1677 1 0.901650 0.537658 15.851500 
327 2 4.752280 5.458680 21.192700 
519 2 2.005270 2.076890 18.783600 
1149 1 7.800320 4.582660 24.092700 
170 1 9.938780 8.418130 18.259500 
1039 2 2.877960 8.363800 15.391100 
1944 2 4.548240 3.425840 24.194100 
211 2 3.796080 11.928600 15.487600 
1634 1 7.963120 2.537740 14.412700 
1130 1 1.693900 9.880240 20.706400 
662 1 4.440250 8.086160 20.295600 
675 2 5.368760 6.981030 17.670700 
198 1 0.406075 8.960080 13.799100 
619 2 12.651000 3.442770 19.742300 
431 2 10.062400 10.897000 21.478900 
1744 2 11.801700 8.438050 23.788700 
1201 1 5.514020 0.516530 21.691100 
748 2 6.624460 0.574588 22.864700 
595 2 0.548235 8.678790 20.539600 
1584 2 3.963770 3.183670 16.834800 
627 2 12.117000 7.010010 22.203100 
858 1 5.710240 9.757110 20.945300 
1680 2 2.638210 8.109410 18.450900 
703 2 5.061540 3.151480 16.292600 
1731 2 4.632570 2.649400 19.288700 
12 2 2.331510 10.756000 21.290300 
1049 1 12.735000 8.139940 20.168900 
934 1 7.139550 4.372560 19.051400 
491 2 6.521670 12.809800 19.659900 
618 1 4.911590 0.638863 14.963100 
112 2 0.469233 1.467670 25.525300 
1806 1 3.335110 10.436500 21.937900 
847 2 11.822000 3.222410 22.691000 
1231 2 10.927800 6.152270 14.776000 
269 1 6.286750 3.527600 21.713600 
1046 1 2.113960 3.071140 20.619100 
947 2 11.275100 7.972160 19.106600 
1764 2 5.706160 9.381750 18.065800 
539 2 0.239783 0.234181 17.530200 
1048 2 3.088900 11.716000 25.021100 
979 2 2.456570 12.671200 14.128500 
1945 1 12.289700 3.020150 19.200600 
1861 1 0.223013 0.379845 17.519300 
1874 1 10.327800 11.350900 21.997100 
582 1 0.364735 10.682500 14.131300 
1545 1 3.963880 8.051630 15.321300 
1503 2 9.055940 4.863330 17.457700 
1736 2 1.296040 12.961700 19.022900 
343 2 11.789300 2.717520 24.654400 
1412 2 1.125590 11.435100 23.365400 
1747 2 9.355330 2.312990 24.880800 
389 1 11.976100 0.379416 22.573700 
1615 2 12.982300 3.808980 14.133800 
75 2 6.546070 0.529045 22.589800 
1738 1 12.833200 7.548530 14.763900 
1129 1 6.944740 11.422100 25.964200 
1737 1 1.188610 7.583640 22.699900 
568 2 7.593560 11.503200 25.703800 
529 1 4.786740 7.281430 23.743500 
1070 1 4.380600 11.769900 25.243400 
1938 1 7.304670 9.611420 16.534800 
733 1 8.636830 4.925700 17.881300 
1506 1 9.052970 1.160750 24.450200 
1832 2 8.079990 4.653090 23.486700 
574 1 2.994630 12.462300 17.039500 
592 2 8.947080 2.489960 14.930100 
1614 1 0.141174 7.065850 23.336200 
1411 2 9.091450 13.247100 17.228300 
1041 1 11.479900 9.234830 19.387300 
1515 2 8.581410 5.937440 22.935200 
1446 1 3.102530 1.475710 25.091800 
1022 1 9.156850 5.782760 16.098200 
1578 1 11.281700 3.348570 17.188200 
1772 2 2.847810 4.488760 18.966200 
295 2 8.850460 0.249653 20.456500 
1387 2 12.660000 8.980170 18.032200 
430 1 6.330290 3.638180 13.078300 
79 2 1.548230 7.068290 18.419600 
622 1 1.768800 12.569900 18.999600 
1988 2 4.634980 0.635455 14.507600 
1277 1 6.465820 6.697180 16.685700 
918 1 0.941976 3.512800 18.625500 
1869 1 3.630300 7.612010 18.137900 
501 1 1.737770 6.427200 18.303700 
983 2 10.211900 11.339600 14.943700 
995 2 4.183390 11.393400 22.247800 
70 1 1.118120 12.525500 13.655800 
1841 1 10.937500 1.738450 18.034400 
937 1 2.491880 5.207650 16.316900 
1108 2 9.708740 11.573600 14.738800 
1718 1 11.557600 4.798910 14.474500 
205 1 3.883170 3.572050 16.888600 
64 2 9.653330 2.873670 20.220900 
1393 1 8.883130 12.961400 13.982900 
350 1 10.900700 7.457600 18.275500 
1020 2 7.129230 13.124700 22.143100 
1354 1 3.012900 2.952050 19.357100 
498 1 5.212200 4.653570 23.798000 
1258 1 5.006550 3.058800 18.122800 
978 1 6.233180 5.270100 15.882500 
1934 1 12.059300 5.055130 16.627500 
1398 1 9.555320 4.745400 19.946400 
291 2 1.229570 4.051760 17.382500 
125 1 0.151596 6.229430 20.439500 
1530 1 10.248500 11.587400 15.133200 
773 1 6.150010 8.739880 19.212600 
1948 2 6.771610 4.956600 19.601800 
1848 2 0.055795 5.332320 20.363600 
579 2 10.930500 1.387230 17.705800 
219 2 11.962000 5.939470 14.864200 
1799 2 12.360800 0.210791 14.572800 
92 2 7.868170 10.344200 16.914400 
1784 2 4.914830 7.516230 16.105600 
604 2 7.493570 7.630340 23.720200 
1213 1 7.319480 5.724730 20.215100 
466 1 2.875670 4.299320 22.135800 
1365 1 0.154689 6.246100 17.118200 
422 1 12.654200 3.591220 25.109700 
415 2 6.308930 10.676200 16.649200 
1015 2 5.931440 12.889900 22.808000 
1765 1 10.904500 2.390400 21.646600 
244 2 5.932020 4.724140 15.644600 
62 1 8.295060 0.561311 21.321700 
331 2 10.590900 8.617100 25.753200 
1193 1 8.848230 9.978290 17.233800 
1116 2 1.670780 3.635680 21.887900 
1798 1 4.393780 12.373300 15.085500 
1364 2 4.907490 12.914000 15.133200 
1796 2 6.489690 7.450020 26.046400 
263 2 7.733120 6.619560 15.112200 
1325 1 5.962550 4.580570 20.594400 
743 2 4.157470 6.119420 25.994900 
472 2 4.593460 8.766470 22.938900 
623 2 5.311440 3.125650 22.840400 
1263 2 2.132250 7.665190 21.937100 
364 2 11.169100 12.581800 19.708500 
1465 1 4.216600 13.220500 21.873700 
460 2 9.719810 0.807014 19.808100 
1879 2 7.732960 7.696980 19.064700 
413 1 12.593000 6.917030 23.166900 
887 2 3.886080 0.757591 13.890200 
1439 2 9.312720 7.829100 15.135900 
1192 2 12.928600 3.347950 19.321500 
1248 2 12.059300 9.295780 20.393800 
666 1 7.597740 1.738840 25.772500 
458 1 6.372520 12.708600 20.973900 
818 1 9.064560 7.985520 21.649800 
1518 1 1.781600 8.701380 18.214000 
919 2 6.205030 7.229040 24.286000 
174 1 1.894080 2.166210 22.745200 
1516 2 0.256198 6.741190 17.066500 
213 1 1.581300 6.364110 13.891900 
1702 1 3.130020 10.297100 16.638200 
836 2 5.536010 3.196480 21.707900 
1875 2 1.608920 12.044200 22.683600 
1229 1 8.106500 12.953700 18.868600 
268 2 11.417600 8.332400 15.282200 
1074 1 7.979730 1.531260 19.783600 
1553 1 12.198300 3.834160 20.440500 
583 2 1.149150 1.734180 22.835000 
39 2 9.222060 2.003910 15.018400 
1950 1 8.548290 2.687080 25.099500 
1551 2 1.472800 3.800830 20.500200 
71 2 7.962200 2.942570 25.953000 
1535 2 1.569720 4.152170 24.258200 
1345 1 5.442300 11.135700 17.874800 
1222 1 9.753080 2.100580 13.928900 
1923 2 12.560600 11.564200 21.215900 
1970 1 2.161880 11.708700 22.765200 
754 1 4.890700 7.306470 16.262200 
989 1 4.106090 8.997920 24.541800 
1037 1 7.776600 5.908400 23.239100 
355 2 0.647154 5.905400 14.303400 
297 1 12.286200 1.752860 23.113300 
938 1 -0.195571 12.213800 19.958500 
1805 1 3.333860 7.246480 26.067700 
1418 1 11.768300 1.295960 25.659200 
132 2 3.366350 1.687490 25.896900 
1268 2 0.851871 0.862945 13.582000 
865 1 0.416303 3.874880 13.517300 
1987 2 0.420833 21.320600 1.050650 
1019 2 7.625960 16.840000 6.531390 
1575 2 6.557970 25.967400 12.056200 
650 1 0.592410 18.351000 12.598200 
1581 1 5.950210 24.656900 9.775130 
709 1 9.302410 26.152300 0.323258 
798 1 5.815840 26.047000 1.218430 
1729 1 7.523750 22.854700 4.621330 
782 1 7.173660 13.468200 9.918900 
28 2 7.923460 15.203700 0.300621 
1795 2 1.492160 13.280300 6.393240 
101 1 8.320490 16.724700 7.490840 
1225 1 11.544400 24.316600 5.213550 
1783 2 12.071400 13.752100 8.253500 
1908 2 11.389000 16.793800 12.764000 
369 1 3.034610 14.319800 8.339380 
670 1 11.168200 23.424700 8.788700 
1483 2 6.602980 25.820000 1.851440 
692 2 5.779560 14.150800 1.255280 
809 1 12.194700 19.009400 0.342833 
1626 1 5.195250 22.777000 6.855080 
59 2 8.072960 25.570100 6.663380 
324 2 5.724580 23.994600 12.427600 
1172 2 5.571270 19.410800 8.525030 
1715 2 9.730920 20.721000 6.915490 
1464 2 5.669750 14.277300 7.971290 
1234 1 2.031250 17.299900 2.765580 
1808 2 3.121320 19.489700 10.251900 
1035 2 6.210600 17.458500 9.167440 
282 1 5.822550 16.996700 4.280260 
374 1 7.133750 25.094900 2.065440 
1825 1 9.452660 16.673300 3.728620 
325 1 8.683180 15.915600 3.267910 
366 1 8.797180 20.337000 8.053270 
271 2 2.897560 22.278900 4.786430 
1294 1 10.996300 24.794500 2.352950 
426 1 3.856360 19.300700 7.506650 
1166 1 3.150910 22.365100 4.996390 
136 2 2.209630 20.309900 8.556850 
963 2 3.476310 23.784300 12.678300 
1390 1 1.978530 24.770100 2.022190 
554 1 1.007000 22.049800 1.312070 
931 2 3.740120 19.634100 10.153000 
1540 2 12.772100 13.483800 1.044070 
467 2 0.137913 17.315800 13.160900 
93 1 12.685200 24.121800 10.265900 
1377 1 4.687040 26.359200 11.353500 
1989 1 9.313940 19.212900 5.253190 
1328 2 0.057227 14.121000 5.549040 
1777 1 1.287510 24.912700 4.730340 
857 1 6.292270 17.477600 9.342110 
99 2 12.410000 21.188800 2.807600 
218 1 5.878500 26.131900 3.476750 
614 1 11.827700 15.648800 4.282600 
852 2 10.102500 14.634700 12.309100 
1273 1 9.949280 22.706600 11.476900 
1755 2 9.303910 19.697300 10.153100 
1295 2 4.753750 20.643100 3.602590 
710 1 4.540310 14.940400 12.330600 
1433 1 0.610817 25.248300 11.929400 
158 1 0.259707 17.382000 0.636548 
951 2 9.138640 17.692500 0.897306 
1427 2 2.561860 20.913300 8.210840 
1458 1 9.826370 24.645500 10.479300 
1303 2 10.615100 24.120900 11.114100 
730 1 6.667540 23.953000 3.283160 
644 2 10.188700 23.838200 3.614300 
932 2 9.405130 19.446500 9.479010 
1568 2 6.497750 26.208400 3.649640 
115 2 8.259500 16.183900 3.638880 
1174 1 3.280810 14.889800 2.701360 
42 1 1.483440 13.814700 6.266000 
1692 2 3.862710 16.476500 5.206330 
123 2 1.970750 24.266900 2.869860 
246 1 8.463500 26.407500 2.231460 
1742 1 4.235320 19.468300 9.837000 
410 1 0.034404 16.948400 3.424850 
525 1 9.317960 17.610100 12.060400 
900 2 1.211830 21.827900 4.667150 
867 2 7.334880 24.289700 4.217170 
903 2 0.521442 26.491700 5.344390 
506 1 5.009720 13.868400 0.740815 
1767 2 10.273500 16.747300 9.379710 
850 1 8.846810 26.244200 7.836130 
1601 1 9.730180 26.298700 13.102900 
1716 2 8.158670 17.978500 5.472830 
1521 1 1.694930 20.664700 2.691840 
1401 1 0.989441 14.759100 8.263200 
877 1 13.002800 16.770200 7.975160 
1443 2 9.732070 13.782800 8.073420 
1064 2 7.163530 14.299100 10.319000 
860 2 10.392800 16.196500 10.341000 
871 2 11.215100 23.860500 8.639170 
660 2 6.357230 24.472000 8.257780 
339 2 5.225010 15.662100 5.246170 
1143 2 3.066670 14.886300 1.236290 
16 2 3.624620 26.579200 11.554500 
469 1 6.544000 21.174400 5.326760 
1929 1 6.610010 21.046700 12.162200 
1705 1 0.766816 18.737000 9.258810 
1452 2 1.802730 17.754400 2.058480 
1529 1 2.569670 20.921500 8.322910 
1565 1 5.214540 25.422000 7.628140 
97 1 3.668410 26.545300 5.156590 
1913 1 6.618410 19.613600 10.417400 
1469 1 12.734900 14.779800 2.188610 
1420 2 9.330960 26.028800 6.989580 
1549 1 4.509180 22.355800 11.601700 
36 2 2.274220 16.108500 12.983900 
1356 2 11.150300 21.270200 1.815910 
815 2 11.416900 19.824700 10.927700 
928 2 9.096480 21.021900 6.451300 
1063 2 11.967800 15.189700 2.309150 
1608 2 5.101380 22.612500 9.420900 
134 1 5.741990 14.921700 7.602970 
1053 1 11.969300 16.322600 11.354400 
236 2 12.687900 22.420100 7.832800 
1487 2 2.895960 16.491900 8.116230 
1408 2 6.608940 25.819100 1.095520 
31 2 10.770300 18.339700 3.506430 
1640 2 12.884200 19.786300 4.636760 
328 2 1.279370 25.296200 8.584590 
1554 1 10.818500 21.474000 2.038580 
1317 1 4.898630 16.873200 0.654115 
1810 1 9.523010 18.423200 9.255220 
1395 2 6.655870 24.180900 9.685560 
153 1 11.623100 19.881800 3.103360 
994 1 10.661300 18.777600 0.037036 
1476 2 3.564730 24.799600 2.787340 
1790 1 4.427090 24.177900 3.393500 
1453 1 4.097880 19.533400 2.534170 
1275 2 6.012430 20.017500 5.479800 
1466 1 5.791230 22.414100 2.798310 
1112 2 3.586110 24.643900 10.050200 
333 1 0.871857 21.861800 9.067220 
1984 2 5.430020 15.770600 7.121610 
1838 1 8.354200 15.696200 10.677300 
1348 2 10.815100 16.437000 4.269000 
1079 2 1.633090 25.061200 8.803560 
161 1 10.270900 18.716700 10.800300 
1105 1 7.214710 14.443700 12.447700 
217 1 1.133080 16.925700 7.812610 
1792 2 7.716070 19.007300 10.838000 
1827 2 1.782670 18.903600 2.111650 
1650 1 7.370700 23.075000 12.222900 
1657 1 7.649090 25.872800 10.913800 
547 2 8.373310 21.081900 11.524800 
130 1 12.355100 26.410000 4.450320 
1126 1 10.442500 24.904600 7.432120 
1228 2 7.909320 14.353000 4.385880 
839 2 4.579670 24.013400 12.172500 
286 1 13.046400 20.254200 5.138140 
81 1 6.395400 24.876100 12.816400 
309 1 11.120400 17.878900 3.766980 
652 2 3.342660 14.583500 9.466760 
542 1 13.296300 15.663500 10.643800 
502 1 8.738440 18.078200 1.425770 
1047 2 3.713420 24.691100 7.724950 
976 2 5.872680 21.197800 11.348000 
1909 1 8.460970 14.815300 5.078770 
649 1 3.498660 24.421900 7.466200 
840 2 9.734590 21.994600 11.437200 
606 1 2.577460 19.630100 10.014300 
516 2 6.144520 24.315100 3.338260 
1370 1 1.958270 24.839500 8.714110 
665 1 5.970000 23.662600 9.166440 
921 1 3.192330 24.188900 9.667940 
107 2 8.049570 20.768200 2.141000 
404 2 5.483180 19.816500 5.470020 
1254 1 12.710700 16.262600 12.695100 
448 2 0.918982 20.708200 2.224060 
940 2 11.719800 26.121000 2.264480 
1901 1 2.884660 26.468700 2.457310 
1826 1 9.198350 15.539500 9.008010 
1734 1 9.406710 23.474700 1.615110 
1159 2 2.700270 19.118100 12.021100 
1251 2 9.556320 14.721400 11.562000 
1916 2 9.937980 23.046500 10.304000 
944 2 7.068750 21.299200 2.093070 
332 2 5.861560 22.052800 6.553530 
1631 2 9.056630 21.309000 2.829830 
1281 1 11.006900 13.260600 5.900050 
722 1 9.648460 20.412400 10.313600 
1653 1 0.468256 20.762800 1.033010 
227 2 7.730390 15.037200 11.013500 
624 2 9.500260 16.253700 8.599800 
1833 1 5.074200 16.042700 10.143400 
926 1 5.912860 19.339000 5.515950 
74 1 6.394510 16.726300 12.609100 
1386 1 0.416779 22.365200 5.502910 
1309 1 0.541587 24.461200 7.959120 
1493 1 8.060430 25.364100 4.697480 
1621 1 5.946200 16.092700 5.944900 
1942 1 5.930290 21.788700 9.040940 
1691 2 6.294410 22.229600 8.010370 
1903 2 6.397960 24.141300 2.757450 
1002 1 2.484010 15.056100 12.222000 
1612 2 7.441760 17.169300 12.013300 
664 2 5.587310 17.122400 3.478700 
1009 1 3.395380 16.853100 5.056960 
287 2 2.648230 16.883100 4.928400 
878 1 12.374800 19.929900 7.996450 
38 1 8.911800 19.486300 3.081250 
1642 1 13.134000 23.327700 3.753850 
1060 2 0.354091 25.137600 4.355390 
1212 2 3.101430 17.266900 2.909240 
1114 1 6.563810 13.557300 4.972040 
1375 2 11.744200 15.887300 4.988970 
1211 2 12.138700 17.562100 12.167600 
769 1 12.607200 14.858800 6.226910 
1811 2 13.188000 14.377800 0.510084 
47 2 8.963460 24.086600 3.775500 
787 2 0.747617 23.470500 0.808858 
632 2 1.033700 23.630000 7.178600 
1338 1 10.092600 13.789100 12.066300 
82 1 10.847000 14.598500 8.499910 
1330 1 2.765230 15.311100 10.041200 
738 1 9.141530 14.877600 11.372400 
801 1 12.604400 20.756100 2.050420 
1352 2 12.133200 13.843200 5.694750 
1388 2 10.090000 18.346100 2.978620 
315 2 9.373360 25.310100 1.541010 
1366 1 13.191700 21.856000 6.335630 
1109 1 7.535280 23.348900 7.102260 
409 1 1.869140 16.142900 4.282290 
1206 1 8.330900 21.517200 2.351890 
1385 1 9.620110 21.123000 6.537800 
1655 2 4.677220 14.656600 12.266700 
306 1 13.247700 25.294300 7.298720 
1399 2 12.405000 24.124700 4.345960 
275 2 1.951210 15.292000 10.762400 
1312 2 5.160250 18.358000 13.342000 
202 1 2.392170 17.360300 12.568200 
1080 2 6.903120 25.345700 12.753800 
955 2 10.438400 22.806700 12.872200 
952 2 10.631100 22.355300 0.148813 
851 2 0.917064 24.485400 13.214600 
1722 1 4.862150 22.717800 0.235284 
55 2 4.920840 22.802400 0.276126 
1992 2 7.417730 18.733400 16.533600 
545 1 0.935196 14.699400 15.188400 
973 1 7.010680 21.230200 25.443100 
1727 2 1.306600 15.557200 23.530900 
699 2 11.518000 15.337500 13.672800 
883 2 2.213190 24.821100 25.892900 
953 1 1.810020 25.724000 18.064900 
330 1 10.141500 19.302700 17.291000 
1010 1 8.267930 19.767600 20.161500 
1928 2 4.878990 17.634200 23.455100 
1171 2 2.823150 20.009300 23.728100 
1134 1 3.105960 23.752100 22.394500 
1659 2 13.332600 24.322100 15.323700 
1605 1 4.403750 21.333900 19.697900 
1145 1 12.143100 18.052600 25.454500 
1856 2 4.573450 23.360600 24.272000 
1392 2 3.365530 21.033700 18.972600 
1638 1 4.477460 17.311200 17.528600 
1964 2 10.879500 19.404200 23.252000 
1265 1 2.079750 13.907500 24.093000 
9 1 12.964600 14.691400 18.164200 
1914 1 2.588870 20.277800 14.981600 
1983 2 3.520390 19.739000 22.889200 
96 2 11.630500 20.778600 17.893900 
1598 1 10.430500 19.555100 14.601200 
1889 1 1.390440 23.153400 23.405000 
1056 2 1.495450 24.594000 16.433700 
1507 2 6.088830 23.114400 21.208100 
1380 2 9.581680 14.683800 14.859500 
1873 1 7.061160 18.656600 15.260600 
1978 1 4.411110 20.171000 14.092600 
1927 2 11.609300 14.713800 20.979000 
1546 1 4.034570 25.686100 26.587700 
656 2 10.865100 20.445400 14.857500 
729 1 1.178650 14.223600 20.570300 
496 2 1.496570 20.022400 23.942600 
1925 1 4.851220 17.796100 13.836000 
1302 1 11.280900 24.194700 18.603400 
1559 2 10.736100 21.137100 16.833900 
1164 2 12.127200 18.098200 26.291200 
1061 1 9.623910 21.810800 21.227400 
642 1 9.721330 15.542800 16.423500 
208 2 1.057240 20.130100 17.239200 
678 1 6.838430 18.276100 20.258700 
1695 2 9.889470 21.617200 18.582000 
181 1 8.004040 24.614600 17.529600 
555 2 4.520620 13.848900 18.188200 
862 1 5.103210 20.433000 17.290300 
1290 1 11.657500 13.621600 16.135300 
588 2 4.976750 15.211900 18.870800 
1261 1 10.683900 15.358700 18.534800 
1787 2 11.294400 19.190200 25.479400 
853 1 12.915100 25.334200 14.523500 
777 1 2.211820 13.638800 15.280100 
700 2 5.716550 20.990600 26.334800 
1693 1 9.881430 21.188000 17.998700 
562 1 2.419420 15.800900 17.985700 
256 2 2.035330 25.057300 19.198300 
532 2 3.423330 14.372500 24.364200 
1324 2 6.912430 25.739200 22.985800 
1259 2 0.854537 18.261900 19.147800 
566 1 4.438910 14.842000 25.554100 
468 2 11.915100 15.498800 19.923000 
1963 2 7.559220 22.212300 14.786600 
1477 1 7.548910 18.436200 17.020800 
830 1 4.651540 14.913700 13.633600 
1102 1 9.656590 23.784700 22.986200 
1141 1 12.884200 18.105900 16.740900 
772 2 0.918988 23.966500 16.640400 
673 1 6.748270 23.294900 14.469100 
628 2 10.173500 25.725700 14.928600 
879 2 6.603570 25.251800 17.975300 
489 1 4.405490 22.453900 23.748100 
249 1 4.576450 25.296900 20.076600 
1320 2 6.345110 13.799000 19.369700 
1315 2 3.332150 23.881500 22.487400 
164 2 1.436040 20.540300 14.794900 
1233 1 7.134270 19.535500 26.148200 
584 2 7.691960 21.788900 14.183000 
1728 2 12.163000 25.094500 13.707600 
259 2 10.799700 25.137900 22.516700 
841 1 12.872800 22.659300 18.682900 
1353 1 1.219730 20.839700 20.249800 
443 2 3.491360 21.621100 17.929900 
1286 1 5.272970 23.564700 15.781100 
2000 2 10.101200 16.049900 26.474000 
594 1 11.312100 26.545700 15.436300 
416 2 6.672800 13.831800 20.474000 
312 2 2.719860 17.504600 16.121800 
169 1 2.028440 21.408600 17.878200 
1103 2 6.914880 18.597100 26.058700 
901 1 4.121030 17.881400 25.003300 
110 1 11.431900 18.678600 20.403400 
137 1 9.456940 26.079200 19.807600 
8 2 9.332520 22.479400 16.589200 
1957 1 0.097725 15.201100 20.036600 
780 2 7.068140 17.688700 20.416600 
1057 1 8.568570 21.865900 14.392300 
1754 1 12.649100 22.876300 13.387700 
870 1 10.455600 23.851800 20.765300 
76 2 10.628900 17.094800 23.470600 
288 2 6.457780 21.195700 18.825700 
829 1 12.329900 17.875500 18.203400 
442 1 4.973550 17.828400 23.405400 
184 2 11.762600 24.614900 18.129100 
1498 1 8.853950 20.744000 15.693900 
969 1 4.217240 25.089300 22.654200 
957 1 11.504900 23.532500 24.909800 
671 2 6.588220 22.310200 16.659500 
1006 1 6.421120 21.339300 21.173600 
571 2 0.939232 14.415700 15.437700 
301 1 2.206210 18.994100 17.847000 
927 2 1.017020 14.049000 20.433500 
889 1 0.414507 18.760500 14.301900 
1818 1 0.276136 25.222300 20.101700 
167 2 6.553740 21.037800 21.548200 
1919 2 9.023620 13.308600 23.703800 
1359 2 3.692700 25.296300 17.620300 
807 2 10.903300 18.620800 17.514000 
1589 1 10.592800 21.836800 16.657100 
1915 2 0.087175 23.216800 16.325800 
869 1 4.899600 14.757800 19.181200 
1760 2 7.779780 18.206900 22.833600 
657 1 7.512990 14.972200 14.927600 
1595 2 4.817830 20.737100 15.193500 
419 2 3.233420 18.314800 16.793400 
427 2 7.204560 19.308600 17.659800 
435 2 10.754200 14.994100 18.412800 
1468 2 2.133170 25.912400 19.331000 
19 2 9.567180 26.429200 26.071600 
1296 2 3.693520 20.656500 16.755100 
859 2 7.738830 13.575600 25.782100 
752 2 2.881970 16.073300 26.249200 
1719 2 1.975710 15.130600 17.370800 
1045 1 1.718660 19.497500 16.176400 
1118 1 1.201900 22.461600 14.194600 
1239 2 -0.042679 19.755500 20.570000 
1406 1 10.755900 14.837100 26.141200 
363 2 8.746930 17.629300 19.882200 
63 2 3.071130 25.603200 20.534000 
1500 2 1.536220 24.174500 23.069400 
1447 2 6.573190 26.211200 26.341000 
1488 2 9.387970 20.595200 20.570600 
725 1 5.117830 25.956600 13.841800 
791 2 11.338400 13.415200 25.340300 
1217 1 11.013200 14.423200 13.864900 
133 1 1.525220 18.132800 23.371200 
1788 2 12.674200 14.835000 17.645600 
1694 1 12.784600 20.189700 25.090400 
1958 1 3.080120 16.758700 23.723900 
1979 2 9.442930 16.765900 23.699600 
708 2 6.028880 15.095500 13.981200 
526 1 2.488990 16.886900 15.656900 
705 1 4.411310 26.180200 17.379600 
487 2 7.938470 15.620700 14.999900 
1301 1 8.525960 23.215900 25.394800 
1043 2 5.254430 15.745400 22.548400 
1249 1 4.090270 17.202700 21.628300 
209 1 11.256500 16.539700 13.512700 
891 2 11.809100 20.627100 23.559300 
1891 2 9.536590 15.705000 15.279100 
538 1 8.110740 17.284800 13.364200 
603 2 8.229380 23.110000 25.655100 
94 1 9.350000 16.735900 26.298600 
1381 1 9.548790 25.065000 15.121600 
1697 1 8.146210 25.180300 23.693100 
1144 2 9.478690 24.598200 21.268400 
687 2 11.484500 18.662700 20.124500 
1089 1 0.754494 19.355700 21.507200 
375 2 3.990700 17.739100 17.621700 
199 2 4.420460 15.250600 25.552800 
191 2 11.122700 21.888700 21.372100 
544 2 13.222500 22.604200 16.370400 
210 1 10.513100 22.564100 13.352900 
1532 2 11.313300 18.450600 19.407300 
1816 2 8.004940 16.100300 21.307600 
228 2 4.972480 25.711900 22.176700 
233 1 6.385540 24.480300 18.614000 
1943 2 4.756940 15.580500 13.766000 
1282 1 9.357460 14.122500 15.757300 
1857 1 8.589780 13.693100 25.581300 
761 1 7.680580 17.685900 25.268800 
225 1 7.095550 22.425100 21.081000 
142 1 8.263460 16.325200 21.996200 
1209 1 9.668750 13.529900 16.976900 
1146 1 11.886000 13.213800 20.662700 
1414 1 3.589530 20.819300 22.001400 
986 1 1.831430 14.668300 17.473600 
1431 2 9.460040 25.671600 15.285300 
805 1 9.984870 19.764100 24.256100 
1091 2 5.818070 17.818900 13.856900 
956 2 9.764720 13.993300 17.290300 
1052 2 5.019510 23.432000 21.103700 
1975 2 3.307190 21.486200 21.368900 
1299 2 8.468930 19.513400 14.315400 
528 2 11.049200 22.542300 21.203400 
2 1 8.592340 16.541700 19.431000 
85 1 3.255610 26.157600 20.420200 
276 2 5.792390 22.562200 16.527500 
52 2 12.312500 14.012800 14.506200 
1373 1 10.366400 16.318500 22.778800 
1471 2 4.984450 18.119200 20.334500 
658 1 1.968100 19.774300 24.529500 
882 1 5.444200 21.618100 15.873700 
1962 1 11.822400 21.686700 18.210700 
1509 1 4.304470 19.911300 23.388400 
1842 1 0.034787 17.666800 19.097500 
1993 1 1.797160 24.037100 20.807600 
1285 1 6.510820 21.673700 17.756500 
1235 2 12.673200 25.553000 18.583800 
1436 2 2.274380 17.718900 23.333700 
481 1 6.156760 25.946100 23.458700 
18 1 11.874800 19.887700 23.154600 
741 1 1.541760 24.644000 15.796800 
173 1 2.724120 19.662600 25.810000 
1926 1 7.196460 16.414400 23.484200 
265 1 9.140450 18.416900 22.247900 
376 2 3.670010 25.364300 25.991100 
509 1 7.431210 14.776400 25.891300 
1625 1 11.188100 22.368600 21.912100 
1759 2 9.393440 23.799600 23.264000 
1072 2 4.435890 20.296500 22.734500 
897 1 2.250050 24.116600 17.048400 
1976 2 0.766938 15.142800 16.907500 
109 1 1.288560 25.733000 13.318200 
1574 1 5.890660 15.862400 20.415400 
1115 2 12.306400 23.037100 18.814600 
1750 1 11.802900 15.136400 20.382600 
1332 2 6.473280 25.580000 18.458100 
737 1 3.133490 25.463200 25.258100 
485 1 12.721200 25.811300 19.016500 
786 1 4.313700 13.487100 23.727700 
77 1 9.932080 15.495200 13.443000 
1600 2 9.326730 18.083500 26.204000 
1267 2 0.340082 16.580700 26.541600 
1241 1 5.417140 13.751400 18.592500 
1709 1 1.333870 23.631200 26.124700 
838 1 12.472100 13.737300 26.459100 
1931 2 12.332100 18.901800 26.186600 
1185 1 18.115100 8.047390 8.008830 
1038 1 15.077800 8.727710 3.915130 
214 1 16.767200 8.995760 12.399100 
1319 2 17.140400 9.063780 7.354590 
396 2 25.837400 12.917600 2.795800 
1 1 17.954900 6.714750 8.931090 
824 2 13.908500 9.614730 12.643200 
1025 1 17.211300 6.853070 10.462500 
1661 1 16.136300 0.467116 5.677590 
1537 1 17.686500 3.600300 8.180630 
868 2 15.925800 11.921800 3.742410 
384 2 15.053900 12.360500 0.289053 
1899 2 17.588500 13.115300 4.725090 
1853 1 14.913200 10.712700 8.637900 
1017 1 15.544100 3.813690 5.372920 
854 1 13.679400 11.973000 12.336500 
766 1 13.585700 5.308230 3.363480 
1186 1 23.177100 10.288500 3.362000 
1087 2 15.739600 12.569100 5.834580 
1572 2 19.877900 -0.000007 12.829500 
920 2 26.272200 1.212620 2.622290 
388 2 17.061600 0.784645 3.452610 
1745 1 18.877100 1.198850 8.883580 
1852 2 14.842500 8.577410 4.992300 
1494 1 22.597700 9.628680 13.168700 
1538 1 18.778800 0.633581 11.341300 
1455 2 19.689100 4.116540 2.294200 
1329 1 14.870200 10.594600 3.611870 
503 2 17.227300 12.792500 11.716300 
1237 1 22.726800 12.443000 2.587160 
1936 2 25.239300 7.718800 3.219630 
558 1 18.485100 3.570440 3.730230 
474 1 16.819200 11.021700 11.879400 
1711 2 25.027000 3.271660 3.037980 
541 1 22.466300 11.766400 3.554460 
1033 1 18.949500 0.417442 0.835906 
1470 1 15.182800 2.955220 13.019600 
1823 2 23.630100 11.559900 4.874640 
913 1 14.311300 2.848700 7.365450 
390 1 24.486100 3.103570 6.431750 
49 1 23.900100 3.946310 5.232380 
1291 2 22.924500 6.692800 1.974480 
1660 2 15.271300 8.514690 8.028550 
1616 2 22.073800 4.499590 7.820120 
982 1 20.209400 11.058700 5.289660 
1645 1 20.380400 3.666680 1.628390 
863 2 16.663800 4.147360 1.129120 
1260 2 24.463100 9.638210 7.325630 
793 1 26.009900 2.279240 3.413720 
1606 1 18.847800 11.755900 3.806410 
1180 2 15.632500 11.226000 7.962380 
470 1 16.166100 5.416000 0.932379 
1732 2 20.080600 8.646740 5.358050 
57 1 15.655300 5.048600 13.130900 
1368 2 20.856800 1.856180 6.859450 
1603 2 19.355100 9.918750 0.908735 
1699 2 18.556500 1.385500 12.615800 
365 1 23.656500 6.945440 0.778836 
119 2 23.976000 12.589700 12.253300 
1255 2 15.019800 12.565200 2.802700 
35 2 16.140800 12.384500 11.730000 
243 2 14.333200 5.317520 1.420350 
1664 2 25.244900 10.064300 5.094670 
683 2 24.068100 11.010000 6.108830 
1360 2 13.290300 9.940080 7.257440 
1437 1 18.076900 5.289950 13.145400 
1081 1 20.501000 3.094640 12.987000 
1016 2 19.480300 11.680500 9.319170 
1013 1 17.384400 12.967600 11.757500 
1221 1 24.259800 7.587890 7.143140 
569 1 21.115200 12.702600 12.753700 
1014 1 16.501000 12.017900 8.391970 
1687 2 13.907600 9.837260 5.325350 
758 1 18.680600 4.472180 12.045300 
941 1 23.993500 11.202900 6.409450 
1703 2 20.461600 11.476200 7.606290 
453 1 20.545300 6.115360 2.429200 
556 2 17.598200 6.273290 10.157700 
334 1 19.451600 10.043400 0.655165 
347 2 24.934800 0.593166 3.510630 
1511 2 17.792400 6.713060 5.691610 
596 2 22.674400 2.790770 1.507160 
1189 1 22.274800 12.550600 5.162540 
1980 2 17.732500 5.192120 3.394600 
898 1 20.739200 10.687700 12.913100 
131 2 17.824000 6.921740 10.084700 
392 2 18.073000 9.911060 10.899300 
216 2 18.303300 12.441100 0.879267 
414 1 14.110300 5.217490 1.097670 
1419 2 23.290200 12.484800 0.151091 
1372 2 21.385300 6.945520 10.060500 
1044 2 22.855000 0.469223 1.181880 
884 2 22.181500 9.973910 11.826000 
518 1 24.730100 7.701540 3.015870 
1990 1 19.644200 9.639840 5.088160 
1183 2 14.774200 6.565490 9.149710 
685 1 23.528400 6.810360 8.906310 
505 1 26.208200 0.812973 2.817810 
237 1 23.905200 7.204240 4.779400 
78 1 20.916900 8.943450 9.371820 
188 2 22.541200 6.704070 0.435099 
1331 2 22.088600 1.893460 12.517800 
1793 1 15.728200 7.225920 3.131200 
261 1 13.935100 10.004300 6.939880 
515 2 18.777500 4.916090 12.178800 
141 1 15.479000 12.314800 10.615800 
1011 2 15.602700 7.762880 3.242710 
1939 2 21.698300 9.137950 6.643520 
412 2 20.588300 12.007500 7.135920 
190 1 24.061000 9.150840 11.558300 
848 2 16.415400 5.003100 6.384020 
825 1 22.893600 2.613650 0.547511 
1496 2 18.619700 7.904010 11.777700 
1690 1 26.061200 11.194100 8.100440 
154 1 14.194200 2.941340 2.918050 
693 1 19.852100 5.191060 4.198110 
1177 1 24.939200 9.585690 5.859550 
1639 2 23.814000 1.838770 8.404160 
1156 2 19.290600 8.194550 5.217610 
1123 2 20.283900 3.631400 13.054600 
634 1 26.345100 5.985970 8.498310 
478 1 21.292000 6.947930 11.035100 
999 2 26.205100 7.083180 3.037660 
1966 1 14.054000 7.834190 10.196000 
1627 2 25.823500 0.513046 12.570500 
1877 1 24.160800 12.419500 2.860840 
958 1 22.076800 3.180390 10.354500 
1463 2 22.517100 5.685910 10.547700 
484 2 26.194400 5.005260 1.255320 
361 1 16.391300 1.455510 8.788240 
651 2 24.333600 3.994720 6.514100 
473 1 24.004100 13.053500 11.477300 
1946 1 18.719100 10.818500 10.631000 
756 2 14.708000 1.160330 5.556970 
609 1 22.336700 11.068400 9.761940 
1456 2 21.448700 4.057910 12.389900 
336 2 21.019400 9.389200 12.178800 
997 1 14.175100 12.898600 1.456760 
1769 1 16.251600 10.174500 9.163410 
147 2 16.032000 2.223810 3.455650 
266 1 24.665300 11.873400 4.719590 
1708 2 18.848600 11.510300 3.957850 
1098 1 14.457200 7.050630 8.266130 
86 1 16.159400 1.455980 0.175263 
811 2 13.976300 1.917870 2.484630 
1698 1 25.645900 0.972770 7.883530 
285 1 23.386500 2.496110 3.112720 
1725 1 18.283600 8.485140 5.007280 
1955 2 16.411600 1.553620 10.247500 
492 2 18.088800 8.270490 8.087780 
257 1 19.282000 8.027870 11.414000 
971 2 18.204100 9.545570 10.787800 
534 1 19.034700 9.479400 8.845170 
1497 1 18.659300 12.855400 1.601620 
1416 2 26.048800 10.919400 0.466917 
207 2 21.206200 10.187000 10.242800 
1932 2 14.356600 2.798290 10.256900 
872 2 13.256600 12.928400 12.182000 
420 2 24.161300 12.714100 2.203610 
759 2 17.963400 8.593070 4.825810 
726 1 17.122200 9.564110 2.789040 
1029 1 20.004600 13.151200 9.225770 
242 1 17.115400 7.464730 4.143030 
1269 1 15.961600 1.068430 3.260540 
1523 2 25.540500 5.100630 4.112800 
230 1 24.055800 4.757490 0.108283 
264 2 18.362700 1.845560 9.388580 
676 2 24.153600 9.496760 9.261350 
1910 1 22.546000 0.210522 8.789230 
1318 1 21.959900 9.283150 5.866580 
1122 1 22.691400 6.190230 5.701460 
1762 1 22.874400 -0.077062 12.744800 
1460 2 22.963800 7.065460 5.408870 
3 2 25.630800 1.071790 9.307490 
1384 2 17.061200 12.636900 12.628200 
270 1 21.661600 5.153350 12.346700 
1635 2 20.644300 2.539420 5.245950 
1148 2 17.624200 9.015130 2.613340 
1042 1 15.664200 12.203400 12.076500 
1161 1 25.955600 6.620580 4.072800 
1582 1 26.502900 5.212690 10.166100 
1421 1 18.138200 9.371550 11.023200 
166 1 17.983600 5.145180 1.629930 
1854 1 22.169200 2.078210 12.259100 
13 1 20.092000 6.994370 4.424280 
1564 2 22.662500 11.327000 3.680380 
912 2 22.283800 3.009250 9.422080 
775 2 23.969600 7.198950 9.734710 
1505 1 22.523900 4.239290 6.625710 
591 2 14.779500 3.594820 6.484900 
1667 2 13.341500 8.560620 9.829530 
800 2 16.443500 12.698300 11.770000 
1594 1 16.730300 3.432060 10.510000 
1617 1 20.649400 0.714216 2.767070 
1195 2 21.479800 4.658930 7.261440 
1334 1 20.381100 1.714530 5.770860 
1026 1 25.675600 11.127200 0.968358 
168 2 13.780700 5.258150 3.514010 
1758 1 21.838700 6.072920 9.469260 
1073 1 15.497400 8.251710 7.622290 
631 2 23.011400 13.117200 9.139230 
1179 2 17.792200 3.516790 8.304210 
507 2 15.600600 10.696600 9.201540 
1951 2 20.422500 11.237900 3.941930 
387 2 13.330100 12.293600 12.282900 
1599 2 22.926700 0.121650 0.431880 
239 2 19.909900 8.210360 9.071470 
1972 2 25.367300 4.951280 9.663840 
1083 2 20.950800 7.565970 3.968280 
1132 2 21.779300 9.242790 2.829770 
171 2 22.252000 12.092300 3.687870 
1768 2 24.828500 4.055210 5.577290 
157 1 25.153400 6.633450 12.651100 
1054 1 21.342900 9.297610 11.769600 
346 1 25.167000 0.669975 9.600120 
1337 1 24.411500 10.046400 8.010710 
1142 1 18.530900 2.609510 11.885400 
1335 2 20.826500 1.474330 8.658360 
1620 2 17.452200 5.303180 2.509720 
1662 1 16.481500 8.581670 5.965680 
691 2 21.397500 0.387015 3.568780 
1008 2 21.310800 12.660000 5.053370 
1749 1 20.820300 11.510300 7.513500 
580 2 22.576800 3.061120 1.135700 
273 1 16.745000 5.120230 3.858530 
1771 2 25.279500 7.436200 7.228250 
1778 1 21.616200 8.924580 3.025900 
1906 1 13.484900 1.341440 5.331540 
543 2 25.848500 8.220620 13.220400 
314 1 18.758200 9.842150 3.102920 
232 2 18.450700 3.902040 12.011500 
1397 1 24.024200 3.899290 9.522640 
486 1 21.754900 3.581100 7.468960 
648 2 20.304500 4.553640 3.644160 
527 2 25.319300 5.066580 0.389178 
1730 1 22.609100 5.941900 2.058060 
1843 2 24.963600 2.022030 0.268775 
1425 1 14.386500 4.397640 9.447450 
1573 1 13.619500 0.784899 9.117740 
645 1 26.520500 12.652500 8.513050 
1346 1 26.136800 2.457450 11.254700 
258 1 24.932600 2.218160 0.878142 
1961 1 21.302100 0.257594 9.804600 
629 1 15.974100 13.157300 5.777030 
881 1 24.873400 12.880300 12.895000 
1121 1 18.665000 12.774600 7.280220 
1120 2 16.564900 8.206140 12.998300 
1444 2 23.579200 10.412000 0.251937 
1434 1 16.402200 7.470520 13.032600 
1724 2 15.385300 3.020410 13.099200 
1541 1 14.801300 0.358846 19.422900 
1474 1 21.433300 2.668620 22.483900 
29 1 16.264800 8.499380 24.177800 
477 1 18.764900 2.900280 19.956200 
403 2 24.880600 5.598870 23.060100 
1870 1 23.944200 10.875800 26.503000 
224 2 22.992200 5.321990 14.014100 
1012 2 24.043900 7.773280 19.632100 
220 2 21.045900 10.599300 20.687000 
834 1 26.560100 10.302100 25.967300 
1562 1 16.553000 8.251250 18.285400 
1935 2 13.560000 10.904800 26.237600 
254 1 18.134100 0.675915 25.232800 
1423 2 20.008200 9.208380 23.646200 
647 2 21.064900 9.666840 23.211600 
641 1 18.946800 10.229300 23.780500 
480 2 23.126100 1.912010 18.384400 
1592 2 25.421700 0.210402 22.956400 
1774 1 20.214600 2.876810 25.074400 
814 1 25.640800 2.832260 16.218900 
573 1 19.281500 4.132850 25.019500 
1858 1 24.970900 6.398180 20.900400 
1323 2 25.914800 9.372560 17.161900 
1893 1 24.163700 0.345373 13.843500 
1136 2 17.285200 12.277900 14.477500 
939 2 16.822300 2.230350 20.541100 
1985 1 17.152700 6.871350 20.117800 
1484 2 26.008900 1.912780 19.565800 
439 2 15.178400 10.758000 19.814900 
342 1 20.347900 0.291282 15.690300 
320 2 13.823500 2.173300 14.097600 
397 1 23.481600 12.804200 26.504600 
1457 1 25.932600 10.659400 20.954500 
1430 1 17.726400 5.748610 22.143300 
843 2 22.837700 4.012600 25.934300 
1028 2 22.283700 4.502000 20.385200 
1968 2 14.715700 12.386600 21.103700 
61 1 13.764200 10.975400 24.432100 
1085 1 25.105500 8.467770 19.805000 
1878 1 21.738700 6.545550 16.650600 
1428 2 19.546400 3.278570 24.685200 
1756 2 14.167400 6.288420 26.589200 
1111 2 16.345900 4.539220 23.195700 
1005 1 17.566400 13.078500 20.376900 
684 2 23.419600 11.664100 13.452500 
734 1 18.006300 5.133220 23.979800 
896 2 22.671900 10.263800 23.935700 
1362 1 23.555600 1.550790 14.181700 
875 2 25.111400 12.183400 19.553200 
72 2 15.051900 6.071030 14.801500 
1525 1 13.449400 7.327530 16.550300 
54 1 19.474900 4.608480 20.306100 
152 2 21.090000 1.645490 17.730700 
321 1 24.685300 9.422460 24.933900 
988 2 20.955000 1.847030 22.234300 
781 1 17.703600 0.348949 22.106800 
753 1 21.604500 5.098200 14.845600 
34 1 15.455900 12.586300 20.901900 
1117 1 19.673100 7.612820 14.557500 
1271 2 13.574900 3.300330 24.305900 
1369 1 14.038800 5.662680 20.988700 
1959 2 19.277500 1.078230 25.074500 
1663 2 24.700100 6.779030 15.336400 
962 1 17.451500 11.887400 23.982300 
1278 1 15.983500 9.502450 14.183400 
476 2 25.014900 3.425030 15.764100 
44 2 24.379700 6.009710 15.835300 
578 1 15.769600 5.342850 14.973400 
1069 1 13.917200 6.423030 18.414000 
1536 2 16.696200 2.130200 17.014400 
234 1 25.262800 2.638700 20.775300 
620 2 21.116500 8.124000 23.091300 
1544 2 22.959600 0.096653 25.232500 
1956 2 18.804200 7.218720 25.858300 
1526 1 18.626900 3.048100 22.636500 
1829 1 14.579900 3.235670 25.092100 
1489 1 18.671000 7.134430 26.111800 
611 2 22.748100 1.192870 23.505200 
1770 1 22.446300 9.366500 17.529800 
1344 2 16.083400 7.939890 18.644300 
1292 2 23.996100 9.443450 22.391500 
1199 2 19.642300 3.855920 24.066500 
849 1 20.139400 7.607080 23.603000 
1475 2 21.144200 9.460840 14.247300 
1208 2 14.659400 3.396900 25.714900 
10 1 18.161000 9.146150 19.789500 
438 1 25.182200 0.913576 18.588200 
663 2 16.366600 4.906570 13.787900 
293 1 21.474500 6.435150 18.801100 
1656 2 18.839500 12.882900 19.759200 
1580 2 23.607300 0.914443 13.443900 
1685 1 23.955800 7.689200 25.213200 
1379 2 15.144200 6.113850 14.864400 
1918 1 18.658000 1.352690 20.741900 
1182 1 25.192300 8.163910 15.087500 
1147 2 23.362000 8.988690 13.952100 
1647 2 25.243800 10.453100 22.457600 
1350 1 16.175600 9.969330 25.361700 
954 1 22.636800 12.407600 21.801700 
1322 1 17.788100 7.469000 24.717700 
605 1 17.060700 5.663010 25.697200 
1371 2 16.289400 8.416550 21.737700 
180 2 17.079300 5.464730 26.154500 
20 2 14.534400 9.954050 26.130200 
354 1 24.528300 11.096100 14.443700 
739 2 21.721900 3.318330 16.291500 
985 1 23.418400 7.434790 20.704200 
226 1 16.127500 4.123030 23.364000 
1410 1 22.026800 11.390600 24.031700 
231 2 17.770900 6.735740 17.669400 
1847 2 22.161000 7.616950 17.009100 
1153 1 17.335300 10.578100 16.694200 
1224 2 19.746600 8.561090 20.282800 
561 1 24.979000 6.301510 15.075400 
633 1 23.030000 10.051300 23.510800 
1413 1 17.108500 4.677830 18.890000 
262 1 21.975400 9.106380 15.141300 
163 2 14.567900 7.308900 25.818700 
83 2 16.028400 0.624499 25.934000 
45 1 19.558300 12.303900 20.816600 
1898 1 16.512600 12.721100 15.240000 
690 1 15.975400 3.437880 18.362200 
540 2 22.458400 4.553660 24.216500 
267 2 23.924600 9.562220 25.388500 
1223 2 19.578500 0.271079 22.854000 
1803 2 23.997200 4.537640 17.582600 
1347 2 16.317000 6.435910 20.219300 
1355 2 16.410300 12.746000 21.867600 
1828 2 18.237300 7.007300 15.108700 
179 2 26.127600 2.960250 14.946800 
1567 2 13.610600 6.538410 21.526000 
844 2 25.610700 10.178100 21.358200 
1095 2 16.307400 10.394500 16.823300 
1240 2 20.146600 9.399560 26.313800 
1850 1 17.349700 11.226100 25.969000 
120 2 24.611700 12.098700 17.631600 
398 1 18.318900 0.450291 16.283400 
1669 1 18.834500 6.548110 17.968300 
1641 1 23.212400 7.407060 17.941200 
1351 2 17.788100 8.729150 24.464900 
1610 1 23.388000 3.371240 16.355000 
1971 2 22.371000 10.732200 17.600100 
65 1 18.383300 8.275260 22.502500 
1721 1 26.248600 13.050000 23.912300 
340 2 17.402100 2.242760 21.854200 
1200 2 26.155100 7.951270 15.064800 
149 1 21.660500 12.941600 19.109300 
1160 2 18.985100 5.777760 17.921500 
1648 2 15.673000 0.848947 15.827800 
1478 1 21.874400 5.695000 21.507800 
778 1 13.651400 3.704010 22.138700 
1797 1 22.946900 9.424380 25.774300 
1786 1 20.099300 11.140900 19.532900 
1031 2 20.283500 0.686475 16.301200 
352 2 18.348900 4.857020 20.422100 
80 2 18.864500 1.496520 14.089900 
902 1 19.268200 3.078320 16.335700 
1804 2 24.578100 5.576060 23.000500 
1591 2 17.248200 12.383500 24.850300 
799 2 21.126500 11.399600 19.719400 
1895 2 17.973700 6.898260 26.469400 
906 1 15.699800 11.464000 24.289500 
386 1 25.276900 10.713400 17.676200 
1583 2 18.342900 5.841120 14.370900 
1314 1 25.624400 11.023900 22.660500 
557 1 22.677500 10.747700 17.979800 
1376 2 25.386500 3.884480 24.420600 
186 1 14.367500 10.764100 20.256400 
1018 1 16.050200 3.165110 20.605300 
1250 1 21.265800 3.216320 19.227000 
1678 1 13.766900 6.477150 26.009300 
1396 2 19.771700 8.780490 16.447100 
1763 2 22.938400 4.778260 13.657100 
1524 2 15.039600 10.413900 21.849900 
140 2 22.897600 10.228900 16.930300 
946 1 14.907200 6.769330 14.584400 
1577 1 20.454500 12.847200 14.924800 
1896 2 21.925300 6.695110 16.748600 
1905 1 24.609900 2.058480 22.583700 
570 1 23.583200 5.479190 23.781800 
104 2 18.056200 11.208100 23.404300 
731 2 18.612800 3.648960 17.319900 
1086 1 15.217000 0.859241 14.152100 
1297 1 16.086700 11.059400 19.680200 
1163 2 25.810200 12.246800 23.184500 
307 2 17.924300 12.107100 15.690900 
32 2 17.664400 7.852860 23.585900 
428 2 23.375700 6.185930 14.483800 
95 2 17.905200 9.202260 14.429800 
1519 2 16.446100 0.047347 17.047800 
1071 2 19.514600 2.857910 24.717200 
277 1 14.631400 9.931490 13.224500 
1075 2 21.234800 5.758910 19.771900 
1178 1 25.145200 3.320360 25.328800 
459 2 18.559800 10.359400 17.904700 
1196 2 17.561800 5.225840 23.421400 
475 2 18.987800 6.181290 20.838600 
175 2 16.501100 3.337350 18.833000 
1187 2 23.916700 8.000480 20.543400 
1341 1 16.644000 10.570600 21.697300 
1658 1 16.660000 2.410400 17.100800 
1451 2 24.794100 5.963570 19.840700 
783 2 15.140100 9.705940 13.222100 
1644 2 17.430600 0.735482 21.376900 
636 2 20.108400 12.191100 13.849800 
1383 2 16.211000 10.690600 24.896300 
1552 2 13.998900 6.732790 17.749000 
1287 2 26.244000 12.206600 19.080200 
1624 2 17.274200 7.882510 19.648300 
1527 2 18.484900 2.551280 19.845700 
635 2 22.463600 12.730600 13.853600 
1880 2 15.704200 3.712200 20.117700 
972 2 14.903600 9.770740 14.821900 
1766 1 19.630700 9.020300 17.365900 
1327 2 14.840100 0.859588 19.726500 
1305 1 20.985500 1.581700 16.687700 
1673 1 14.981600 10.127700 21.804200 
735 2 22.134600 6.350020 23.504800 
1226 1 14.536800 10.847100 16.317100 
378 1 21.113500 9.022560 23.455500 
1003 2 18.454700 9.243230 19.958600 
1094 1 17.612500 0.011529 14.641600 
764 2 19.171100 10.850100 19.316800 
206 1 22.839600 2.379560 18.540500 
1902 1 19.770200 8.435860 19.683900 
1820 2 25.934100 8.192230 24.844700 
1897 1 25.203400 12.720800 17.135700 
914 1 25.426900 5.413470 24.163400 
102 1 24.402800 9.593260 21.676200 
905 1 23.826200 6.909020 16.119700 
337 1 22.941500 12.297000 13.775600 
1279 2 25.248000 0.014728 21.141900 
1152 2 16.412600 12.063700 19.561100 
1819 2 22.468000 13.067300 21.436100 
1482 1 18.534300 6.234580 15.796500 
559 2 17.615600 13.400600 21.299900 
1560 2 16.615200 9.085940 25.288100 
1801 1 18.247600 11.813700 17.574700 
977 1 19.599800 9.243250 20.677600 
421 1 24.303800 5.674130 17.616300 
821 1 14.793900 8.351250 19.816400 
698 1 17.307100 2.023210 18.512900 
1442 1 15.717500 0.766061 16.412100 
1872 2 26.095600 10.489900 20.323200 
1218 1 20.017200 8.967630 26.573800 
1761 1 14.509100 8.816740 26.536300 
1514 1 16.366400 3.478170 14.643400 
50 1 20.783600 1.032380 26.198300 
701 1 21.921800 1.210900 23.214100 
1602 1 21.817000 3.659140 25.442000 
1502 1 19.435400 12.526400 14.033000 
1078 1 17.195600 12.800500 14.055600 
1789 1 23.768700 4.786200 13.940500 
1262 1 26.456700 13.037300 15.541300 
1131 2 13.706600 12.165700 16.545200 
37 1 26.565400 10.160300 16.447000 
565 1 26.492800 5.867330 14.683500 
370 1 24.633000 13.028500 20.548900 
1862 1 22.740300 15.646400 4.741340 
744 2 25.035600 26.054700 11.088400 
1367 2 24.411400 18.293000 9.381100 
855 2 26.253200 19.905600 5.462250 
194 1 21.865700 23.578400 10.981500 
551 2 22.636800 20.060500 0.042853 
653 1 25.239000 13.564500 2.658480 
1781 1 17.504000 18.474600 10.569000 
1382 1 25.927600 19.456500 2.703290 
1775 2 14.260800 16.839300 8.380070 
1802 1 21.363000 19.673000 6.173330 
1636 2 23.124000 23.008600 4.763550 
713 1 22.261500 21.417300 12.835300 
1082 1 25.807000 22.614900 11.094400 
1068 2 26.198000 17.475400 0.106982 
322 1 16.302600 13.487000 3.048650 
674 1 15.399900 22.152200 0.558265 
1311 2 24.711900 14.998000 9.902990 
319 2 22.889400 22.442200 11.838000 
712 2 23.084800 23.875800 8.029840 
1924 2 19.225600 15.126800 5.981470 
436 2 14.872800 13.392600 8.993670 
1753 1 20.311100 20.204000 9.479410 
1034 1 21.467900 14.524000 9.139570 
1065 1 20.084800 15.386600 2.327180 
349 1 23.883300 17.881300 1.647740 
6 1 20.403400 24.876200 7.092280 
1996 2 16.368400 15.953400 8.947010 
1293 1 16.513300 17.088400 4.329920 
303 2 21.924400 16.937900 11.452400 
162 1 18.823800 23.470700 5.280020 
235 2 17.856900 21.582600 6.370340 
351 2 26.077300 15.484900 6.814590 
1900 2 15.664600 16.093900 4.797400 
677 1 23.745400 23.589100 4.013180 
1911 2 16.429200 26.206900 5.468280 
961 1 22.402000 25.354000 -0.078137 
1817 1 18.679000 21.459300 9.647390 
326 1 17.836000 19.510000 12.870000 
372 2 22.773400 15.174300 6.938290 
156 2 20.097700 14.272700 11.389400 
1113 1 22.220100 20.294500 7.732300 
444 2 13.935300 15.482900 3.154900 
126 1 15.625400 18.132000 6.693380 
118 1 17.861700 16.697500 10.198100 
1894 1 18.659300 14.316700 11.503700 
1688 2 26.188900 17.721100 8.507240 
524 2 20.871100 26.490200 0.982617 
155 2 22.979700 25.090300 7.475400 
1422 1 22.889400 24.181000 7.339330 
904 2 22.084900 25.753600 10.309500 
637 1 14.832000 24.954500 6.640190 
964 2 15.273600 21.494300 12.747800 
185 1 20.716700 23.643400 12.319800 
114 1 24.396500 15.874200 3.422720 
1609 1 13.326100 21.210200 11.493600 
581 1 25.342300 19.708700 7.864700 
395 2 24.009200 19.869000 2.416200 
139 2 17.101700 18.365600 11.984000 
1597 1 14.107800 23.326300 5.438730 
762 1 20.760800 21.797000 0.384881 
702 1 24.361900 24.399800 1.593500 
195 2 24.310000 23.901900 2.145450 
602 1 23.249000 24.884600 11.136800 
359 2 14.870900 22.432800 7.035940 
380 2 18.034200 21.014000 2.429350 
1982 1 25.505300 16.374500 7.752480 
915 2 15.637100 15.524900 8.008060 
874 1 26.508100 25.114100 3.229070 
812 2 18.145400 17.188300 11.077900 
238 1 24.559100 14.654000 8.687280 
1947 2 18.069900 17.494100 10.438800 
695 2 26.118800 21.833800 6.934930 
1611 2 16.611100 22.837000 11.909500 
1712 2 22.979200 18.213600 7.390510 
998 1 17.798100 17.571800 5.811560 
341 1 22.687500 15.126400 7.328340 
129 1 16.022500 24.860700 10.464200 
160 2 25.210000 16.544100 4.487520 
669 1 16.653400 15.769200 8.444540 
1619 2 20.960100 16.134200 3.908210 
445 1 24.883900 24.299800 6.431130 
707 2 19.604300 20.691100 9.665520 
1773 1 21.473800 19.285800 3.447990 
667 2 18.796900 23.897700 8.732600 
533 1 16.928500 21.764300 2.233950 
686 1 19.931200 16.824000 0.031770 
643 2 22.362900 26.056100 12.738600 
1106 1 16.635500 25.642200 7.898780 
810 1 18.600600 25.505700 5.234880 
716 2 16.945000 18.525100 9.950740 
1534 1 22.400000 22.875000 8.884370 
1403 2 20.264200 18.961000 5.470860 
1461 1 18.226700 21.070400 2.066790 
1953 1 14.974000 19.090400 2.004870 
1326 1 20.274300 21.524200 8.180540 
1920 2 16.697400 20.664400 2.219300 
1849 1 24.030100 18.314500 10.094500 
1093 1 19.227900 20.648600 3.634480 
599 2 15.833800 19.766500 0.778960 
292 2 13.635500 16.534300 8.493400 
607 2 14.131900 26.232200 9.880290 
100 2 21.109800 19.778400 5.297730 
344 2 18.939000 21.111700 12.639500 
681 1 19.126800 18.526900 2.000870 
1175 2 18.373300 25.872800 2.627580 
255 2 26.121500 26.121300 11.872600 
987 2 20.749100 22.765100 6.144450 
1569 1 22.992900 14.720800 9.823170 
1570 1 24.355800 18.906900 5.173350 
536 2 18.757800 22.245900 4.706330 
742 1 16.467000 20.370500 1.217740 
89 1 21.603500 18.369500 12.360300 
804 2 13.670500 16.349400 12.013300 
1101 1 20.515400 25.046100 1.843810 
1194 1 15.210200 24.853400 3.661250 
788 2 24.550500 24.237100 1.531570 
124 2 25.840900 15.568000 2.087210 
1741 1 17.407900 18.450600 7.107610 
22 1 25.317800 20.562500 11.753900 
991 2 20.661200 17.609000 7.321020 
1472 2 14.340700 15.655700 12.550600 
1960 2 22.464500 15.446700 9.887340 
260 2 13.508400 17.985000 0.818077 
724 2 20.100300 25.424200 2.997110 
1402 1 24.631300 20.805900 10.257400 
122 1 19.193400 23.272600 9.288200 
455 2 14.867000 22.976600 10.709700 
802 1 16.501200 22.363900 10.307700 
792 2 22.607200 18.082700 11.449600 
819 2 16.461400 22.660400 3.720940 
500 2 26.344000 15.142800 7.544600 
393 1 22.178200 17.076400 10.136300 
1165 1 13.563300 13.267200 6.507010 
736 2 18.550500 25.373400 5.044990 
552 2 21.038800 16.660600 1.960520 
1739 2 17.978700 18.710400 4.270850 
1652 2 21.794200 17.505800 11.558000 
1794 1 13.866000 26.214600 2.247380 
755 2 17.303500 14.459300 8.360420 
522 1 19.958300 20.306600 13.285400 
1504 2 25.929800 15.239100 11.039000 
990 1 19.838400 16.159000 6.368120 
1077 1 23.726800 20.235600 2.662110 
471 2 19.165600 16.566500 1.270760 
654 1 14.862400 22.994900 10.363400 
66 1 14.229000 20.695800 2.850530 
15 2 16.827400 25.955800 8.860880 
719 2 23.993500 21.675400 9.621600 
1863 2 23.144400 19.229800 3.947630 
1190 1 16.608400 21.907500 4.099410 
1706 1 26.043100 21.101500 6.410790 
1288 2 25.222500 19.572300 5.547140 
1866 1 25.524500 17.999500 12.621800 
1204 2 13.616500 22.942400 4.442750 
1450 1 18.049400 23.368100 12.604600 
892 2 17.486600 16.031100 2.227320 
585 1 25.202600 24.300400 12.109600 
1492 2 21.211900 23.304500 11.497400 
1646 1 26.187300 14.667500 11.129400 
1557 1 16.386500 15.333300 0.439745 
1513 1 17.611800 14.604400 5.264850 
1409 1 20.543700 25.831600 12.751000 
510 1 20.936600 22.572900 6.485590 
148 2 22.415500 22.297500 9.108200 
26 1 23.324300 22.155600 4.244610 
1170 1 23.960400 25.164000 3.752120 
575 2 13.919300 19.335800 2.536630 
842 1 16.049000 23.592700 2.188690 
837 1 15.112200 14.615200 3.068400 
1809 1 19.823800 17.220200 11.494000 
27 2 20.652500 25.011600 9.860410 
514 1 15.124400 22.672500 12.527200 
189 1 23.298500 22.808200 11.498100 
1726 1 19.551400 19.637100 5.843030 
1904 2 24.781000 20.948600 1.032470 
251 2 25.462400 20.490800 6.748470 
203 2 22.099400 15.718300 7.205660 
1813 1 15.723100 21.881900 6.570500 
876 2 16.530100 25.545200 7.559130 
916 2 20.365600 20.449700 2.861760 
1140 2 26.541000 20.847400 10.550900 
639 2 17.428200 17.532300 7.431580 
1965 1 21.599500 25.939500 5.427210 
310 1 24.729100 22.863500 2.304920 
717 1 18.119600 21.650800 5.503240 
925 1 22.075200 23.761800 3.655180 
1272 2 16.986000 21.482700 6.610470 
1479 2 17.165000 20.675100 10.002800 
1632 2 16.073800 21.645600 5.112320 
1995 2 14.205900 20.904900 4.984100 
483 2 22.378800 23.781200 12.050800 
728 2 13.342500 25.033700 6.985860 
909 1 18.884700 17.718200 9.674780 
1997 1 14.091600 26.345900 11.715100 
394 1 20.785200 21.926200 11.212600 
272 2 25.105200 20.119700 11.112900 
176 2 18.423000 18.463900 4.720680 
586 1 18.005700 16.021400 2.473200 
1125 1 13.682600 16.814100 2.269060 
1001 1 26.279400 15.223000 6.255470 
546 1 17.429600 24.956900 3.275630 
888 2 14.782400 24.991800 3.811550 
1243 2 23.278600 16.139100 3.275010 
200 2 19.841500 21.247300 9.019250 
1203 2 21.108600 14.846900 9.377520 
280 2 20.076100 24.359800 0.666585 
511 2 26.032300 14.354100 3.234800 
521 1 17.502100 16.378400 12.951800 
1967 2 16.058800 14.775600 3.604640 
103 2 16.154400 16.819900 4.444390 
1566 1 25.848000 19.971900 4.345980 
192 2 25.164600 23.736200 11.418000 
281 1 18.334700 18.079600 4.128290 
1940 2 23.810800 21.737500 11.506800 
1310 1 22.519800 26.512900 1.710780 
1184 2 23.143400 23.327700 4.377000 
222 1 13.681100 19.368500 12.968000 
1099 2 18.873300 24.009900 4.373150 
970 1 15.162200 19.152900 9.879700 
553 1 14.935000 16.308400 0.279017 
714 1 15.711000 20.718800 9.835170 
1752 2 18.999600 24.262200 9.292640 
1952 2 14.773800 23.824500 10.028800 
84 2 14.881800 18.737700 5.003710 
1432 2 14.267300 19.678400 10.648500 
440 2 14.277100 22.302100 0.513794 
1930 1 13.490000 22.807200 7.200290 
1119 2 13.487700 23.646400 5.055080 
1062 1 18.711300 24.709600 8.614050 
1197 1 21.832900 15.856900 6.346270 
601 1 19.696700 24.204600 0.874781 
1876 2 21.733200 15.727700 2.653650 
1596 2 21.104000 24.893900 6.934160 
612 2 16.058000 24.461600 12.902600 
1023 2 22.810700 23.687700 3.721770 
300 2 15.952800 23.574300 1.653050 
763 2 16.929900 21.933200 1.856310 
1618 1 19.570000 24.358000 3.512000 
318 1 23.649700 24.232300 9.187920 
1128 2 14.050100 19.893200 8.912560 
1253 1 16.440500 18.220700 11.870500 
368 2 25.151300 26.345100 7.432320 
464 2 23.445700 26.433400 3.784640 
1429 1 14.574000 14.367700 8.829110 
1714 1 13.600200 18.822900 4.351320 
1999 2 20.865400 23.917500 1.244500 
1670 1 22.909000 20.279000 0.745944 
106 1 13.939800 13.449600 12.853200 
659 2 25.559000 21.978900 12.979900 
689 1 24.510200 26.445500 0.630525 
1543 2 24.692600 18.414600 0.043831 
1571 2 23.283600 23.928200 0.428269 
1257 1 19.543500 19.709800 21.972500 
1757 1 21.616500 22.245700 16.293600 
1405 1 21.883900 15.471300 20.679600 
1059 2 13.939500 16.822800 17.074100 
1550 1 17.005000 13.287800 17.371600 
128 2 18.572500 18.902000 15.938600 
933 1 15.789600 19.137600 23.423700 
116 2 25.637800 18.097700 17.231400 
757 1 20.471900 26.504500 22.013800 
424 2 13.536000 20.684100 23.165600 
1445 1 15.140600 16.943300 22.627600 
1607 2 19.738400 17.194700 18.121200 
248 2 15.569000 20.467700 18.505600 
765 1 13.693200 25.008400 18.760600 
143 2 18.644400 15.305200 25.778400 
597 1 22.225000 21.330100 22.466900 
1542 1 19.392700 14.625500 18.639900 
720 2 18.539900 22.502400 19.455700 
33 1 25.958500 16.111300 22.081600 
373 1 13.821600 25.629700 24.105400 
465 1 19.330200 13.901400 15.621500 
992 2 14.070600 14.759100 19.338900 
358 1 20.581900 16.866400 15.701300 
111 2 19.486200 26.041600 19.466200 
1740 2 18.802400 21.811200 23.453300 
1339 2 16.322500 16.575200 15.592900 
1055 2 14.089600 15.930300 22.576800 
1886 1 17.756000 20.846700 24.808800 
279 2 24.520200 23.071800 19.398600 
908 2 16.037800 16.899400 21.030000 
531 2 20.253400 18.894100 24.671000 
1666 1 25.719300 18.584400 16.686600 
864 2 18.417400 18.370100 25.925900 
313 1 23.726100 15.534000 13.859600 
968 2 21.451400 15.530900 14.785900 
949 1 16.061000 16.089200 20.448300 
1110 1 24.984800 22.089600 13.637700 
1555 2 18.400800 24.049500 13.520300 
1491 2 22.011800 19.682400 16.371300 
379 2 23.347300 20.313600 21.890100 
274 1 26.211700 14.281500 26.621500 
835 2 13.908200 24.296200 25.956000 
910 1 17.728900 16.929200 22.452300 
1700 2 22.766500 17.529000 24.868800 
750 1 19.598600 20.768300 15.703200 
304 2 23.514300 24.948900 14.871000 
1814 1 13.402000 20.745700 23.508900 
1021 1 16.203700 25.452600 16.698500 
452 2 20.781400 18.388200 24.358300 
549 1 24.230000 26.554600 24.629700 
482 1 25.557200 18.225600 25.898400 
479 2 13.782300 22.898400 25.603400 
1168 2 21.267000 17.623900 19.540700 
797 1 15.648300 18.409900 24.642900 
911 2 24.285200 16.013300 20.412500 
1438 1 25.206100 23.799100 19.506300 
1374 1 23.469200 19.488000 21.329200 
1871 2 18.045100 21.609900 18.481900 
434 1 18.808300 14.651200 20.715900 
1517 1 16.743700 21.935100 16.693600 
377 1 23.765500 18.820300 25.588000 
172 2 15.409400 18.030700 22.215700 
1135 2 20.239700 13.414300 14.411700 
1151 2 13.837600 13.457600 13.804600 
1586 1 17.416400 18.035200 26.635700 
1032 2 17.732900 26.533200 25.846100 
1097 1 24.578900 13.823600 25.939300 
1459 2 18.397800 19.264400 18.645600 
1531 2 13.573400 24.059300 25.016600 
497 1 18.472700 19.861000 17.169500 
831 2 15.488700 18.846000 24.403600 
41 1 13.428200 23.619100 24.028100 
456 2 20.321700 25.971500 19.640200 
1167 2 25.528400 17.201000 22.115500 
311 2 21.564000 23.675200 14.806100 
943 2 22.199600 25.212400 21.551100 
1672 2 25.879300 14.441000 24.335300 
560 2 16.410400 23.902100 16.296400 
1424 2 18.941800 19.524400 16.807600 
1807 2 14.348700 24.443100 23.156100 
1313 1 21.280300 15.848300 14.494600 
1539 2 14.264500 16.728600 13.803000 
1717 1 15.918900 13.931200 26.117000 
1133 1 22.749300 26.150800 18.095900 
1840 2 17.480300 23.023300 16.232300 
1998 1 17.954800 18.738300 19.923000 
929 1 14.502300 13.438000 16.449200 
823 2 18.831800 22.506700 23.405200 
1835 2 20.444000 14.663500 26.047700 
808 2 19.590800 19.252600 21.634100 
1707 2 20.383300 20.301400 22.532000 
625 1 16.781700 16.291000 16.519900 
73 1 19.477600 25.245200 20.376800 
770 1 15.215100 20.847000 17.363500 
1733 1 22.634500 20.872900 19.394800 
718 1 21.997800 15.648600 23.532000 
1283 2 15.206700 20.603300 17.069400 
177 1 16.241300 20.266900 25.177200 
221 1 15.613700 22.706000 21.860000 
58 1 18.730200 24.629100 24.692800 
1665 1 25.862300 25.553300 25.082300 
1622 1 23.326100 15.371800 25.503500 
1284 2 23.552300 25.314200 18.169300 
1512 2 23.586200 23.814300 22.298600 
832 2 13.731300 18.567200 16.726600 
771 2 20.110000 21.963100 26.561400 
966 1 15.675400 18.263500 21.671500 
283 2 22.001400 20.502100 26.018500 
447 2 22.813100 15.587700 14.868500 
1881 1 19.559800 15.938700 18.325200 
212 2 26.005500 15.243100 20.686100 
417 1 17.088000 23.073300 24.252700 
1713 1 14.647400 25.087300 19.813300 
1547 2 23.803800 17.409600 25.449700 
1276 2 15.483500 15.842800 26.333000 
1630 1 22.374400 14.438100 21.606500 
401 1 14.951800 17.495100 14.371600 
357 1 14.636200 15.561700 18.440000 
1779 2 26.602500 24.033400 22.322200 
1236 2 25.440100 16.810900 23.252900 
563 2 25.845200 20.028000 13.880500 
1441 1 20.609100 18.852200 19.516100 
406 1 26.292200 21.280000 24.511000 
1404 2 15.756700 20.431600 24.372000 
1158 1 17.651800 23.465800 20.454500 
296 2 14.808700 24.959000 19.724800 
335 2 17.219800 26.198300 14.776600 
785 1 25.111700 25.281500 21.568500 
493 1 14.323600 24.350200 13.272700 
46 1 21.307400 13.612500 24.893900 
383 2 16.589600 21.155300 23.854600 
1629 1 18.154500 14.893800 22.560900 
1637 1 18.725300 23.617700 19.077000 
317 1 17.365200 17.245100 19.511200 
590 1 20.812900 14.290300 22.794900 
1480 2 21.594200 13.788100 24.807400 
1252 2 24.197500 20.136200 15.637800 
1198 1 19.481900 18.549100 24.501500 
1683 2 14.999400 18.218900 21.365900 
1785 1 18.788000 24.330200 14.608800 
1343 2 21.029000 16.077500 18.944100 
40 2 21.610100 19.939700 26.236800 
1435 2 23.344700 21.735300 17.757900 
1892 2 19.468100 14.743000 26.141500 
1051 2 17.267700 13.848900 18.053900 
1981 1 22.159100 16.786200 18.609400 
21 1 17.465200 16.516300 25.052900 
523 2 19.875200 25.598400 16.262000 
382 1 13.837200 22.651300 26.112200 
1266 1 20.046300 14.760600 26.021500 
697 1 19.805700 18.711200 16.598800 
400 2 19.253400 15.193100 17.883400 
616 2 23.053400 20.433700 22.468800 
1751 2 18.054600 23.378900 20.556000 
794 1 19.137400 15.137100 13.977100 
1246 1 20.948200 19.118700 24.160600 
789 1 13.495200 15.918500 21.428100 
679 2 18.747600 19.760700 19.150600 
806 1 22.830600 17.812200 23.810600 
1933 1 17.674000 16.566200 15.011800 
408 2 13.990700 15.730500 23.192500 
402 1 24.671800 15.880600 20.142100 
589 1 21.778200 18.694500 15.406500 
1181 1 15.829500 16.562500 15.902500 
1176 2 19.589800 26.377500 16.512000 
845 1 14.550700 19.229600 17.047500 
1649 1 14.345700 19.958700 20.122100 
196 2 25.063900 13.236100 26.024600 
885 1 15.471500 19.108200 14.972500 
1316 2 15.220100 18.404400 14.482000 
1426 1 22.672500 22.871400 19.444300 
721 1 18.748900 25.892000 13.249600 
1587 2 25.744300 25.416000 19.991400 
1357 1 24.645700 20.396100 22.239300 
367 2 21.533100 15.980200 22.154900 
504 2 21.898600 22.202700 16.748100 
1682 1 24.056700 23.688800 22.104200 
305 1 18.714000 20.732600 18.650100 
17 1 13.766900 15.650900 13.982300 
240 2 19.113000 15.592400 13.761600 
550 1 15.885200 24.139900 21.303700 
816 2 18.908500 22.118400 20.136100 
1092 2 21.582200 14.754400 21.804600 
1949 1 25.683400 16.266900 24.312600 
1907 2 14.813200 24.295300 13.496200 
429 1 24.049700 24.365000 15.649600 
948 2 17.919400 18.203600 19.662400 
1289 1 26.116400 23.456000 16.318200 
1238 1 19.186200 24.434100 16.758300 
1004 2 17.338000 17.695700 26.319300 
204 2 14.682900 22.231800 20.964000 
715 2 15.113500 24.214100 20.185000 
820 2 25.989800 21.437500 25.003300 
1888 2 18.437800 22.770100 23.330000 
425 1 13.691400 21.543400 20.590000 
1563 2 19.190000 18.616600 15.953400 
1824 2 22.699600 26.214100 22.949100 
1124 2 16.204600 16.748000 15.581900 
768 2 23.471000 22.239700 19.409600 
385 1 24.373700 18.598000 14.033900 
411 2 17.181100 24.817400 24.796100 
1137 1 22.627600 21.275700 17.712700 
1024 2 24.486800 13.498900 15.140100 
1378 1 15.696700 25.879800 23.311900 
1668 2 15.894200 24.501100 23.635300 
745 1 20.186000 16.886300 20.460900 
446 1 26.410200 16.667900 16.702700 
1473 1 23.866300 20.295100 15.912700 
1358 1 17.875400 21.223400 21.448700 
1096 2 16.031100 13.651200 16.218600 
43 2 17.326900 17.022300 23.983200 
1822 1 17.208900 18.998700 16.491100 
1495 2 25.759000 26.417000 24.753300 
767 2 19.614100 14.092300 22.670600 
1417 1 22.583700 25.525200 22.427300 
1604 2 26.155500 19.651900 21.386800 
135 2 24.811000 14.963700 23.887600 
993 1 23.252700 16.778500 17.157600 
813 1 19.586100 22.370900 23.035500 
803 2 20.959600 23.646500 19.717100 
967 2 18.392500 23.435100 16.759800 
747 2 25.628500 15.838700 16.360900 
711 2 14.926400 20.585600 20.492100 
88 2 23.459600 16.464400 17.661000 
1821 1 19.734700 26.574400 18.420000 
1264 2 25.978600 14.573200 14.597500 
1150 1 22.679000 13.918700 16.861500 
56 2 16.563500 15.916400 16.252900 
1342 1 15.703700 21.359500 20.331000 
1912 2 20.562100 14.083000 22.304600 
1076 2 22.154500 19.883600 14.371600 
548 2 26.068100 18.947100 13.787600 
348 2 14.153400 26.326600 25.572400 
1107 2 14.289100 19.283500 15.099000 
183 2 24.940500 20.117800 16.637900 
512 2 23.685700 14.394500 19.375100 
165 1 16.042200 26.282900 25.385400 
1088 2 21.757100 14.258400 17.065800 
53 1 18.932800 22.864100 16.894300 
873 1 23.927900 18.338500 18.466200 
1954 1 23.744900 14.978300 19.594800 
353 1 19.624900 23.016500 20.482500 
1066 1 13.569700 15.984500 23.381400 
457 1 25.736500 14.815300 15.137600 
796 2 18.412500 15.359300 20.544500 
1304 2 21.139100 17.612000 15.721400 
1830 1 21.697800 19.373900 26.028300 
890 1 13.983300 23.078300 15.779300 
630 1 26.481200 20.185800 20.667900 
1776 2 25.005500 17.217500 19.869800 
1157 1 13.829500 14.275900 25.836700 
7 2 13.600400 21.034200 13.790700 
1173 1 15.214600 24.606200 25.796300 
1486 1 13.563000 21.028100 15.047700 
613 1 24.732300 20.870100 26.335500 
1887 2 18.318800 14.576800 13.515100 
1510 1 21.257500 22.907900 26.395700 
329 1 16.691800 23.671600 26.202600 
24 2 13.381000 23.665500 13.412300 
247 2 19.596100 20.394000 13.744200 
1671 2 15.444000 14.740100 26.342400 
