id type x y z 
658 1 1.010570 8.690440 4.493400 
605 1 11.104400 4.608330 5.536990 
521 1 1.358200 12.716400 1.667710 
806 1 10.243800 4.986520 12.223300 
730 1 5.353250 7.418740 3.261750 
257 1 9.162510 8.766630 0.619693 
782 1 4.308070 3.748670 9.069580 
682 1 5.536160 4.988170 5.827840 
216 2 12.086400 3.461320 10.422600 
1446 1 8.520740 6.134160 12.815900 
1216 2 2.125130 5.273400 7.769880 
1217 1 5.145310 8.077690 11.430500 
695 2 7.829240 11.092700 2.133690 
829 1 8.254470 0.179843 8.016940 
451 2 4.697170 9.877180 1.116480 
868 2 3.870080 9.658850 11.538100 
884 2 10.367300 13.242700 12.978200 
568 2 2.203470 1.334680 6.286810 
1101 1 5.578920 0.432506 9.243630 
1983 2 4.231830 4.912760 5.819090 
1869 1 8.528420 4.342270 11.826600 
28 2 2.292010 6.239870 3.088060 
777 1 6.665240 10.968200 10.375500 
1827 2 2.735720 4.089540 8.598920 
813 1 2.938450 4.840390 9.243180 
1618 1 4.810240 7.748220 5.318470 
132 2 9.583570 4.531400 7.441210 
1669 1 12.096800 6.328070 7.626310 
1200 2 10.356000 5.012600 2.435890 
1532 2 5.979920 2.273460 10.273900 
453 1 4.018170 1.986680 10.958200 
1517 1 3.374590 7.594810 3.136250 
1846 1 12.073200 4.289020 8.094650 
1508 2 4.110650 13.098200 3.139420 
208 2 2.507280 6.373340 6.103120 
620 2 6.063830 3.491550 5.948940 
1738 1 10.161400 10.629600 6.867410 
1914 1 6.219480 12.524400 6.058910 
854 1 3.368450 3.673280 6.204740 
1867 2 12.639600 4.450260 9.153150 
1109 1 2.616040 3.368400 9.224450 
1883 2 6.799150 11.719200 5.607500 
1363 2 5.871030 7.532440 5.931970 
1112 2 2.571020 10.495900 1.917910 
1753 1 1.420860 7.717760 9.800290 
598 1 10.349300 11.084100 3.057770 
831 2 13.286800 1.368850 4.759240 
1620 2 5.711630 5.931120 6.633870 
83 2 2.970530 6.619630 2.602560 
1672 2 8.043790 0.647844 1.173850 
1554 1 12.440800 10.064900 5.723840 
1489 1 0.130481 11.035600 6.255370 
609 1 7.935480 1.609110 9.542640 
1716 2 4.495050 2.763070 1.311320 
1519 2 8.124910 6.219540 8.686840 
1694 1 12.271400 0.412564 3.847280 
1757 1 8.383640 8.992800 12.224900 
413 1 1.289100 6.740220 1.902730 
1482 1 4.396870 11.819800 6.832210 
1319 2 6.615400 8.385820 2.017660 
444 2 7.663670 13.100100 5.271070 
1653 1 2.432500 11.168200 2.410090 
924 2 1.166300 7.461070 10.068600 
1015 2 8.059650 9.625730 4.441800 
445 1 6.382280 7.139300 0.126904 
1263 2 2.055470 0.750122 9.166900 
630 1 10.564700 8.085050 4.402570 
1663 2 0.148491 0.271347 2.095730 
1407 2 8.694260 7.531730 1.171610 
1962 1 8.492960 2.692320 0.664823 
97 1 11.911900 7.382110 9.526780 
1419 2 7.180710 8.292620 12.388300 
504 2 11.217900 10.444000 8.257740 
1608 2 6.970820 3.222120 12.864500 
1416 2 8.320900 10.642600 10.282900 
1873 1 2.030120 4.221580 0.464209 
978 1 11.607500 7.598010 7.001880 
522 1 2.224480 9.701350 6.606690 
166 1 10.048200 1.347820 4.051420 
56 2 5.110800 5.389950 1.279470 
559 2 6.179670 4.725850 6.231040 
762 1 12.443300 13.034600 11.866100 
775 2 11.434900 4.694180 12.734800 
1784 2 10.758600 10.633700 4.502270 
1142 1 5.404060 3.504760 10.766200 
306 1 12.210700 7.889290 12.399500 
128 2 2.121950 9.030810 6.566400 
1548 2 13.041600 10.897000 8.515600 
807 2 1.590120 8.231840 4.675000 
1840 2 0.227975 -0.395647 2.066610 
774 1 -0.240527 6.468530 5.490330 
1787 2 5.184600 8.929770 11.343400 
217 1 9.866680 12.941100 12.421900 
395 2 7.372670 0.414047 10.930500 
1157 1 12.098500 1.701160 12.609300 
182 1 3.739910 0.967449 8.185600 
478 1 7.781700 12.668500 8.303150 
484 2 8.416930 3.321360 3.342180 
422 1 2.972450 5.400820 6.818310 
652 2 4.084220 4.803870 12.500300 
51 2 11.109600 0.244579 10.687400 
972 2 6.379760 7.294530 7.804600 
1434 1 12.203000 11.118400 8.937670 
1814 1 11.972200 4.449330 11.789900 
582 1 10.613500 5.602390 3.217750 
311 2 8.702230 1.999620 4.712230 
460 2 10.422400 8.666770 8.688400 
977 1 11.045800 9.050220 10.702100 
489 1 3.337940 5.640290 2.247310 
679 2 3.979820 3.801330 6.390730 
101 1 5.325050 11.458600 12.857700 
1104 2 10.904800 7.204380 11.051900 
906 1 2.663090 10.692600 8.552810 
575 2 6.005090 6.621710 2.085410 
1521 1 9.743190 3.296250 7.368410 
415 2 4.553400 10.032200 6.847390 
1863 2 3.519940 0.850518 1.161800 
23 2 1.497330 2.619770 11.506900 
1551 2 4.925940 2.006660 0.765820 
1759 2 4.127660 2.396530 10.741000 
12 2 12.670000 12.888900 5.333310 
1029 1 3.375620 11.181400 11.955100 
462 1 9.889640 8.951380 8.070640 
1868 2 2.564270 3.727950 9.966870 
1779 2 2.313210 10.521900 8.063670 
1520 2 11.347300 5.761110 7.231290 
826 1 13.091500 10.755300 7.153300 
396 2 5.163260 12.557700 11.177900 
1875 2 1.747160 5.237930 3.249490 
1347 2 1.964770 9.918790 5.826750 
1058 1 2.806110 1.608640 1.148160 
115 2 3.669990 5.506280 9.509170 
1742 1 5.708450 7.212420 7.528470 
1798 1 4.750010 11.472100 2.456640 
485 1 9.783500 0.690572 12.326000 
1755 2 10.187200 13.162300 12.368700 
721 1 11.906700 10.705000 11.120600 
1990 1 7.187140 12.009700 0.306023 
1971 2 10.661100 9.349500 10.676000 
1556 2 0.789969 5.418990 0.894028 
907 2 10.890600 11.034700 8.925100 
1230 1 4.584490 5.929250 1.207590 
1715 2 10.023300 9.398790 5.986580 
691 2 8.247310 3.774630 1.968160 
1590 1 10.497100 6.865290 8.261840 
1731 2 1.348500 9.459310 13.258100 
608 2 13.043600 6.494300 2.029370 
162 1 2.069790 3.788460 3.538040 
197 1 2.230480 0.280579 7.748550 
1838 1 4.427900 9.830320 8.697110 
1313 1 6.434560 2.297070 3.223950 
1345 1 9.553750 10.841700 10.342300 
1505 1 7.522760 10.242100 5.677540 
1170 1 2.765360 8.863140 3.933460 
1709 1 9.467810 10.303300 8.895040 
1051 2 12.741300 8.516920 3.739050 
819 2 2.635730 6.952580 11.463400 
751 2 7.890950 12.435700 4.363190 
163 2 10.693800 5.859370 7.271450 
840 2 10.412700 8.386320 2.518930 
1674 1 7.187970 6.344910 1.404410 
591 2 9.191580 5.615700 4.571040 
985 1 4.464630 2.957330 7.798130 
1633 1 6.465730 0.798251 5.670370 
310 1 0.536860 0.523604 5.744080 
1922 1 9.737680 10.461300 4.945810 
380 2 13.193500 10.697700 10.014800 
733 1 7.385270 5.697820 4.286740 
1917 1 2.181270 2.324040 8.437200 
377 1 1.639820 8.174850 0.246612 
814 1 0.274975 5.296080 3.180400 
1276 2 0.426127 11.081700 9.042900 
869 1 8.659500 8.701080 3.900360 
946 1 2.369950 5.597900 12.090100 
1460 2 9.379390 0.426246 8.994870 
1835 2 3.092060 12.824100 8.924050 
297 1 3.760720 3.654750 12.604600 
192 2 2.613980 13.221300 7.754440 
1388 2 12.702400 1.027480 9.250510 
1097 1 3.443980 4.935930 10.161800 
776 2 4.866610 1.188190 7.702970 
1258 1 7.655720 11.677100 3.806060 
236 2 6.879710 4.499850 11.350000 
421 1 12.490400 4.125150 10.050600 
1333 1 9.656430 5.037150 6.343580 
292 2 8.837270 1.685060 5.494250 
1041 1 1.311660 3.128110 10.673300 
1659 2 4.285040 9.372210 1.062310 
350 1 5.169390 12.157900 4.628630 
1992 2 11.915400 8.090170 5.012620 
1935 2 11.755700 7.643750 7.375890 
1295 2 10.910900 3.953200 7.198110 
1837 1 2.511050 10.385000 -0.039605 
73 1 0.098830 7.654610 10.892400 
238 1 3.648980 12.891200 9.542100 
982 1 1.631560 8.923250 12.895900 
209 1 5.676240 4.072870 7.473700 
1950 1 11.329800 13.044900 4.624310 
1479 2 5.853870 8.194920 10.918500 
759 2 6.136980 7.829570 10.355300 
998 1 7.091510 6.559640 11.597000 
1289 1 10.178400 6.667400 1.919500 
1722 1 8.892460 3.768950 4.747230 
1020 2 3.494530 4.671510 9.610650 
1764 2 5.453420 4.032930 4.745950 
1271 2 4.816610 11.977900 -0.004058 
33 1 7.809530 9.028270 1.920860 
1818 1 4.535730 3.953360 4.737500 
967 2 10.717800 0.025405 5.039160 
756 2 0.862110 11.357900 8.032470 
1813 1 7.732400 1.583280 5.028720 
551 2 0.615237 1.189770 6.104470 
13 1 6.723900 10.347500 3.093880 
1346 1 5.197540 10.590200 5.112820 
1443 2 5.521270 0.381484 7.209730 
625 1 6.086380 13.053300 7.981760 
554 1 8.929870 5.783580 9.234790 
604 2 5.157780 11.234900 4.432790 
1569 1 9.507890 3.891720 3.126330 
861 1 6.590320 1.669840 12.199300 
1424 2 7.776600 8.863900 5.526600 
781 1 1.600090 13.034200 8.619630 
997 1 7.221820 4.215390 6.613430 
939 2 12.255800 2.808170 5.078090 
1467 2 6.728330 12.627800 7.685610 
35 2 1.862900 11.052500 4.249410 
694 1 1.540690 5.327380 8.372560 
941 1 5.784260 1.193080 1.274720 
1943 2 4.043460 3.470660 3.932140 
1375 2 9.795350 13.429800 0.690550 
1103 2 6.640670 4.509770 8.420160 
1038 1 6.296630 7.052030 8.935030 
1048 2 7.686500 8.916130 3.149140 
58 1 10.752900 1.300210 7.783840 
1564 2 9.601720 10.512200 7.576340 
928 2 1.802320 0.371416 8.951360 
1028 2 12.632500 12.863600 11.831700 
1211 2 0.694933 8.362110 10.866600 
1621 1 5.345630 13.131400 11.792600 
204 2 5.452030 8.505310 1.043200 
184 2 12.908600 4.056470 10.664100 
1923 2 12.440100 11.426500 10.227700 
1062 1 11.020400 1.640310 1.111050 
1447 2 2.315560 9.956470 0.897646 
48 2 12.618100 10.125900 3.207450 
916 2 1.063720 10.404200 2.382100 
379 2 10.694200 1.697110 12.264700 
1874 1 6.293940 8.811810 13.128600 
1693 1 11.794300 5.115470 0.251743 
466 1 11.990500 2.973770 13.103300 
1730 1 2.548320 5.293090 25.145400 
1515 2 10.106200 8.761280 17.091100 
539 2 8.486030 4.808240 22.688200 
637 1 2.376720 10.467100 18.599400 
116 2 12.781800 11.363400 25.658500 
1729 1 11.858000 10.305000 18.896000 
1516 2 3.208240 1.318730 17.696900 
1801 1 8.151900 8.667460 22.207400 
1371 2 1.939620 4.929890 14.299300 
1772 2 12.720600 4.806430 17.980800 
1498 1 10.662100 4.986740 15.931800 
1294 1 0.084296 0.839765 23.967300 
1865 1 10.275400 8.604500 17.917300 
1734 1 8.918600 7.977070 21.085800 
237 1 3.078410 12.413100 24.462000 
1494 1 4.806070 5.475040 14.797500 
1361 1 10.544300 13.126200 15.984800 
172 2 1.044800 8.292990 25.786300 
272 2 5.230960 10.182300 22.863700 
955 2 9.824510 8.261100 14.871000 
1450 1 10.303300 8.779650 15.855200 
88 2 3.964820 5.548520 14.673700 
104 2 8.684270 10.556200 22.144600 
1848 2 2.351400 12.133100 23.223600 
881 1 6.316650 5.466870 16.889200 
286 1 5.807550 3.341430 17.856400 
1699 2 5.472610 2.641150 24.431600 
1213 1 13.325800 1.126690 17.754500 
569 1 7.538120 -0.021154 25.176900 
1643 2 6.436710 5.068010 13.735700 
1974 1 11.529100 0.358677 22.448700 
573 1 7.781100 2.498940 14.704200 
57 1 0.207571 1.335590 22.317100 
676 2 9.826970 8.437840 22.439900 
508 2 -0.017469 3.550300 23.092300 
1589 1 -0.060919 0.999440 18.042600 
1193 1 3.066570 2.990250 25.528900 
1392 2 11.862700 2.909030 14.641200 
1691 2 10.882500 0.676892 25.406200 
233 1 5.326450 13.009200 20.229200 
243 2 3.706930 7.790880 22.613300 
362 1 3.473280 11.640300 14.961100 
1063 2 4.455310 9.667270 20.112000 
958 1 0.346814 2.810260 17.534800 
449 1 10.830000 6.118130 20.429100 
62 1 9.656170 10.225800 20.089100 
961 1 9.030860 0.806692 17.086100 
1440 2 0.469426 11.182500 16.682900 
614 1 4.843320 5.645400 13.579800 
1309 1 5.946840 3.185460 21.679100 
1420 2 5.088000 12.591500 24.871300 
69 1 5.292240 10.688000 25.611700 
71 2 4.398420 11.617200 22.738900 
423 2 11.981100 12.250300 21.583300 
357 1 2.829740 5.954400 13.999400 
696 2 5.589880 0.706041 19.366900 
532 2 1.902370 9.751540 19.193000 
720 2 12.854100 11.211500 19.694900 
223 2 4.845550 12.987100 17.364900 
1154 1 3.812220 1.408040 22.951400 
1491 2 11.964400 0.065726 24.447600 
1178 1 4.105050 6.602840 16.897900 
1000 2 5.326000 13.354600 13.836000 
1369 1 7.584850 0.210250 22.268700 
1802 1 4.426030 13.116500 13.378500 
919 2 11.203900 12.290300 16.228200 
1523 2 3.789810 6.652650 20.578900 
1773 1 12.860700 6.513350 20.405700 
167 2 8.583240 2.611990 14.790000 
1707 2 9.870750 3.179940 17.807900 
137 1 11.369300 4.223820 25.262000 
96 2 12.044500 6.408580 25.983300 
1433 1 1.840750 2.266140 22.233400 
1044 2 8.059400 1.608090 18.332500 
1756 2 5.569550 13.154900 19.587100 
1836 2 1.525350 5.274420 25.351600 
663 2 6.177250 7.763520 24.382900 
245 1 4.767370 2.329940 15.286400 
1725 1 1.938480 7.726960 14.232900 
300 2 12.648000 3.550160 17.497000 
372 2 7.360110 5.203660 17.205700 
743 2 4.636730 5.141200 16.430600 
1284 2 5.656450 0.463718 24.443500 
1592 2 0.368298 4.499780 14.736100 
1831 2 1.545530 10.959400 24.569500 
1708 2 2.771900 10.697200 19.223500 
250 1 9.452100 0.916589 23.091800 
435 2 3.887610 1.487630 24.609300 
513 1 12.817200 8.957830 25.554100 
1025 1 8.954630 6.398610 17.682000 
1173 1 10.459600 0.756232 24.726400 
1775 2 0.597535 5.918240 19.257700 
915 2 4.673570 11.552500 13.405900 
538 1 12.487200 5.408390 17.212900 
289 1 4.024580 10.349900 21.435000 
633 1 1.935150 9.653700 25.171900 
230 1 3.694840 10.340200 16.116300 
441 1 4.329720 12.552200 18.175300 
1356 2 1.780440 8.731810 14.115700 
523 2 4.907820 4.569780 25.604000 
333 1 0.891685 10.644600 16.710000 
940 2 3.227300 11.032600 15.813100 
1238 1 5.660290 4.735120 22.933500 
317 1 9.568080 8.786960 18.803100 
1458 1 4.055590 7.076540 21.238000 
290 1 0.287269 6.775530 17.993600 
570 1 4.096560 3.360220 14.309700 
845 1 5.984820 4.280450 24.646200 
1536 2 11.307600 6.773740 19.690500 
1199 2 1.743490 3.807030 24.620800 
994 1 1.129210 12.927900 17.721800 
316 2 13.256700 3.198540 20.654600 
18 1 10.631300 13.151600 19.463700 
1322 1 13.135700 2.801860 22.197000 
414 1 9.193410 11.245200 24.571200 
288 2 8.517700 3.953220 19.122000 
1995 2 8.723930 7.367990 18.617500 
874 1 2.683460 12.781100 22.730200 
1712 2 1.078140 4.900890 17.505600 
1373 1 2.438790 6.450880 16.160800 
965 1 10.979300 3.913630 13.629800 
616 2 10.063600 10.482200 14.843100 
929 1 12.116300 6.551540 25.940900 
715 2 11.714800 12.331200 25.248100 
221 1 2.784160 9.778850 20.682800 
1116 2 2.092900 2.300330 21.760700 
1673 1 6.288430 1.445550 19.597600 
1768 2 1.397370 1.313370 16.214900 
1638 1 8.028210 4.822400 22.049100 
1265 1 4.822850 4.597200 18.758100 
581 1 9.159260 8.083680 24.591900 
161 1 8.946640 2.765080 25.868200 
287 2 10.506400 8.862390 25.541500 
320 2 7.207530 0.023049 25.954900 
1648 2 5.236130 7.214020 22.920600 
1476 2 8.615210 0.292481 23.104100 
1783 2 13.216900 2.249660 13.797200 
1185 1 2.125210 7.316420 19.537700 
716 2 2.159740 6.544340 16.201600 
1138 1 7.836940 8.672300 16.517900 
369 1 12.073300 8.530370 23.075500 
1234 1 5.141180 1.572980 26.383000 
711 2 11.512800 6.884670 21.795000 
1585 1 7.229550 0.289986 15.963000 
789 1 2.003770 4.355920 20.742800 
1799 2 4.598340 2.027910 18.720400 
665 1 12.939400 9.799690 21.226800 
198 1 12.169600 7.884340 16.031800 
309 1 7.700630 1.731760 18.139400 
1631 2 9.652860 12.921700 19.347600 
1705 1 0.923311 9.017390 21.926200 
1723 2 5.708100 1.076090 18.394500 
1096 2 7.683020 4.351240 21.728000 
67 2 11.690800 4.983320 19.089500 
225 1 7.307590 4.588740 26.639000 
363 2 6.134650 12.375700 16.295000 
1937 1 1.461430 5.507980 15.186200 
1650 1 12.968100 11.129000 19.803900 
201 1 9.107200 2.370580 14.708200 
1240 2 10.842400 4.171980 25.959400 
1471 2 8.777200 0.916949 22.644700 
1472 2 13.321600 10.228400 13.675600 
188 2 5.729260 8.190360 19.635200 
1634 1 1.008090 3.522510 21.685600 
1559 2 12.140700 -0.057191 16.595200 
133 1 0.246115 5.064950 25.612600 
1640 2 3.978830 3.907220 20.251700 
1334 1 12.146900 4.314120 18.505500 
611 2 9.605030 9.349740 20.220500 
1766 1 5.238290 8.098520 15.867600 
627 2 8.963820 11.034000 14.567000 
601 1 8.198020 7.314530 20.360400 
1086 1 4.591210 1.020330 14.794400 
41 1 9.747500 7.779060 13.275700 
1132 2 5.175440 2.120520 15.529400 
235 2 2.857110 7.300630 16.398200 
1078 1 3.072870 2.187200 16.240300 
260 2 9.282770 6.617370 16.876400 
334 1 11.468600 11.434200 16.240600 
587 2 1.682310 6.297780 25.518800 
1851 2 0.586221 0.693667 18.568800 
1312 2 7.159440 12.622300 21.037700 
785 1 4.394010 2.399310 19.471800 
1046 1 13.050600 3.699100 17.186900 
1205 1 4.880780 8.293500 20.013200 
3 2 -0.204652 3.918050 15.716800 
810 1 0.636711 6.301700 21.837400 
1297 1 4.976660 0.477736 18.226600 
259 2 5.178060 0.207049 14.355000 
1477 1 13.282200 11.702900 25.515500 
644 2 8.178830 0.691918 16.420100 
1677 1 2.695270 1.894420 14.722400 
574 1 4.217900 10.252200 22.832400 
1165 1 6.372750 8.414030 19.609600 
975 2 8.438900 0.254674 15.946000 
1286 1 10.978500 4.150190 23.148200 
517 1 6.050660 7.969420 23.638600 
927 2 2.293730 9.915230 21.545500 
1143 2 4.550720 5.011740 21.164900 
1123 2 6.994080 3.079200 18.424300 
948 2 10.921500 1.928880 25.100400 
615 2 10.329600 5.126160 14.203400 
1290 1 3.927170 7.433780 24.183500 
1432 2 1.894710 7.443060 13.654800 
263 2 1.081590 2.351970 22.438100 
971 2 7.965970 7.869680 21.413800 
93 1 6.322150 9.963100 19.491200 
475 2 10.357400 0.787532 18.371400 
514 1 10.335100 0.656501 18.971700 
498 1 5.683320 10.542300 23.482000 
713 1 8.069800 4.906700 21.051400 
1700 2 2.983940 7.180800 20.824200 
99 2 10.039500 7.335570 14.404400 
1877 1 7.503970 12.698100 16.086900 
1652 2 6.757750 5.080710 24.745600 
15 2 8.497200 8.552340 22.915900 
228 2 9.899250 8.974120 18.364800 
299 2 12.482100 9.597520 20.994400 
1275 2 5.316860 5.120220 21.639400 
1844 2 7.259740 9.241280 25.558300 
548 2 6.837330 10.249500 15.139800 
1976 2 5.932040 8.220270 14.215800 
1455 2 3.888250 2.674560 14.714900 
1162 1 11.899200 0.021970 15.902400 
440 2 10.734400 12.149800 22.579700 
736 2 10.666200 4.905510 21.783800 
1490 1 10.036100 3.735050 18.583900 
1366 1 9.102500 10.045900 14.920600 
1310 1 10.812500 7.617730 22.560800 
1421 1 2.789260 4.841350 23.564900 
1379 2 0.850543 3.531710 20.451500 
1522 1 3.908860 5.370990 21.319800 
1718 1 1.112970 3.545600 14.903300 
1332 2 3.046220 2.023450 15.046400 
1959 2 12.171200 3.868030 25.397900 
164 2 11.017800 4.387640 13.620000 
571 2 12.409100 0.803697 13.506200 
951 2 4.460700 5.315010 13.709400 
800 2 10.863400 8.216020 13.415500 
1781 1 0.395011 24.083800 10.130300 
474 1 0.821904 19.879700 1.075790 
1942 1 9.652150 24.081100 4.415300 
986 1 8.596360 19.571700 4.669870 
708 2 13.233800 24.603700 6.886160 
461 1 8.609980 24.405900 5.852710 
113 1 6.914970 21.959500 6.387630 
957 1 10.677600 15.622300 1.551490 
675 2 3.010160 24.867900 11.709200 
285 1 3.955780 16.541300 4.988840 
111 2 2.842770 23.561500 3.500110 
964 2 6.163590 15.456800 7.291630 
180 2 5.253530 19.943200 3.155170 
1958 1 10.052300 14.609300 6.205230 
1151 2 5.098440 17.606000 10.633700 
533 1 12.366400 14.862100 8.442610 
1999 2 9.883550 18.905600 9.236100 
1169 1 9.639180 16.830400 10.625600 
1968 2 9.251400 21.206800 2.826790 
1721 1 5.084260 15.774200 6.429260 
1823 2 6.170130 24.393600 4.862670 
1797 1 9.556870 15.801700 3.290770 
1253 1 5.234070 20.604600 2.406710 
1349 1 12.000400 20.877300 10.877800 
411 2 5.206500 18.550300 1.828660 
375 2 6.738380 20.394600 8.068570 
1907 2 1.610020 16.768400 1.330970 
792 2 2.120340 16.291100 8.615650 
795 2 11.155800 13.362200 1.761900 
152 2 3.059360 13.087300 2.215830 
1189 1 2.203830 16.948800 8.328240 
1861 1 0.310187 17.114600 5.816300 
1921 1 9.030760 19.023400 10.770500 
1245 1 9.622520 20.984900 3.488270 
1856 2 12.585700 17.332000 11.555600 
1887 2 2.030370 16.129300 11.155900 
1131 2 1.032920 22.132600 7.868950 
1842 1 8.304790 25.326900 4.055900 
680 2 12.325400 26.615600 1.563740 
914 1 2.362250 17.006200 10.430800 
1495 2 5.036120 22.072800 12.906600 
155 2 2.722690 17.324900 6.967630 
830 1 0.771063 16.274800 7.393810 
936 2 6.544380 26.282400 12.787000 
1036 2 7.066010 24.537900 3.709780 
1218 1 9.506090 23.452800 13.283200 
1372 2 7.426310 23.057400 6.950390 
670 1 3.140340 20.772700 5.576790 
210 1 0.523721 22.502300 12.936900 
1604 2 4.128110 16.818000 3.999320 
634 1 5.791820 23.446800 2.769460 
1065 1 11.574900 21.932500 9.731290 
1136 2 1.599390 19.848500 3.492160 
1703 2 9.705960 15.802900 4.754510 
307 2 1.602500 13.570400 0.163892 
1306 1 3.807470 25.474800 1.131300 
1483 2 12.796400 21.100500 1.450340 
1645 1 11.446300 18.739600 1.763680 
1296 2 2.883500 24.048000 8.127570 
938 1 5.690360 19.437900 8.847260 
1945 1 3.262050 25.593300 6.809690 
17 1 12.741000 18.520900 8.691260 
1960 2 1.606000 18.085800 6.974280 
900 2 1.155570 25.170000 12.013200 
1207 2 7.602020 20.560300 12.043600 
555 2 11.707200 21.725800 11.010200 
398 1 1.027360 23.292000 4.813250 
1486 1 5.906570 14.432700 4.953340 
1186 1 5.360710 17.955700 11.262300 
863 2 9.319050 20.393400 10.489400 
878 1 7.158910 20.792500 9.943440 
355 2 0.225790 14.992300 8.085840 
586 1 2.492270 23.977500 7.872790 
335 2 6.217570 18.755400 7.072290 
448 2 5.522750 13.912700 5.658300 
787 2 5.701530 13.443900 9.851820 
934 1 7.387810 25.123500 1.936180 
1497 1 9.907500 26.090000 3.599850 
1288 2 12.498800 19.286400 2.558740 
305 1 1.070690 19.211800 4.492130 
645 1 4.386810 24.890100 6.034090 
1364 2 10.679800 21.491400 11.798200 
1353 1 11.370100 16.654200 5.653480 
463 2 3.334960 24.093500 1.044660 
438 1 4.057300 13.855700 2.285810 
1531 2 7.313840 17.864800 2.543670 
491 2 6.423200 22.592200 8.883560 
890 1 7.489260 22.406200 11.585500 
518 1 6.708800 16.066500 4.784680 
511 2 8.450940 25.272400 3.826210 
744 2 1.010730 22.044100 11.341200 
332 2 8.519530 16.989900 7.134850 
4 2 9.855860 18.375700 11.732400 
383 2 4.276560 14.531400 6.134720 
1934 1 3.104300 20.531800 7.878100 
1187 2 13.027000 17.124300 7.583230 
1391 2 7.126350 24.215800 1.792650 
500 2 12.141400 18.727600 5.762800 
227 2 9.169130 24.578200 9.992150 
92 2 9.493010 17.418900 10.222800 
1449 1 8.057440 19.164200 7.833810 
1119 2 4.771600 16.650600 4.720600 
717 1 0.727500 20.839100 3.873370 
98 1 11.252400 13.707600 1.145140 
119 2 3.560660 25.090200 6.948060 
1761 1 9.765090 24.790200 0.818890 
1018 1 7.658590 16.456600 10.196000 
1367 2 2.882570 20.243700 9.190240 
1692 2 3.682610 22.763400 8.711130 
1039 2 13.449400 23.033600 6.586210 
1623 2 0.199322 15.219600 7.442990 
1789 1 5.063100 25.243100 9.746660 
968 2 9.403620 23.182600 3.574080 
1542 1 12.246600 18.623400 6.070810 
921 1 0.291867 15.267100 8.714160 
737 1 9.009840 18.721200 12.495300 
803 2 8.085220 13.560800 12.059100 
1139 2 13.211700 21.641300 12.133100 
72 2 4.627920 26.016900 5.057160 
932 2 5.933430 25.159900 4.647820 
1550 1 5.433210 22.038300 1.863080 
1279 2 11.658300 19.723700 7.475380 
1711 2 10.040800 23.749800 7.705020 
1336 2 9.196080 25.749700 12.570600 
1037 1 1.258530 14.981500 1.297490 
60 2 0.721834 14.251100 9.809500 
439 2 9.311170 20.694100 4.212430 
904 2 11.728700 14.795800 1.831290 
1880 2 1.894970 21.432500 4.902620 
636 2 4.049510 19.649200 9.373020 
738 1 8.123790 21.394900 1.112530 
308 2 4.066780 22.334300 12.712600 
1947 2 9.645770 13.589100 6.641870 
171 2 10.760300 24.697900 0.650826 
185 1 8.526260 24.725100 9.283420 
1307 2 8.865690 21.579600 4.964680 
271 2 9.863400 17.025100 5.486050 
46 1 10.867100 15.399700 9.791450 
258 1 12.572100 18.168000 11.509000 
1237 1 5.389970 26.440100 12.490700 
1541 1 12.816900 15.495400 4.073890 
214 1 9.934870 15.689700 12.234600 
76 2 11.491800 16.000500 4.708310 
1578 1 2.994750 22.686900 2.508250 
1806 1 0.186631 26.379800 9.770170 
190 1 3.899760 14.661400 9.912170 
1586 1 1.341300 25.782100 1.617850 
382 1 7.072640 15.745300 12.121500 
279 2 2.774380 19.627800 10.528700 
606 1 2.393780 13.455500 3.766670 
349 1 7.174180 14.129500 1.745790 
1493 1 9.072350 20.906200 9.846140 
168 2 0.975415 15.566900 4.297820 
1249 1 -0.285167 21.949500 1.991830 
851 2 -0.084684 22.022400 2.494950 
469 1 9.348420 21.646000 4.567110 
283 2 5.018140 19.376900 0.713356 
953 1 1.355820 25.593000 12.304100 
1794 1 2.009160 24.008600 10.186800 
1793 1 5.749480 17.939200 0.383641 
7 2 5.634730 26.307600 7.127830 
898 1 4.398990 22.294900 9.438850 
1740 2 13.596800 21.681200 8.486800 
1661 1 4.294870 14.550300 7.569050 
786 1 6.577600 23.084100 8.824610 
304 2 1.374500 26.221000 11.640200 
1354 1 6.429250 25.355300 5.618090 
1763 2 1.252720 18.451400 3.233540 
926 1 13.149300 23.741600 3.439780 
181 1 12.915800 21.014700 2.623700 
1728 2 5.226090 16.833400 3.663840 
760 2 9.015900 26.547800 6.337000 
226 1 10.056200 22.101200 2.791100 
1588 2 8.285810 16.087900 11.780800 
1526 1 8.910020 16.422800 5.676400 
94 1 10.530200 23.755600 10.247600 
1500 2 7.718850 20.838300 9.633830 
1981 1 10.780200 25.535900 11.096900 
1510 1 10.013800 21.081800 7.682420 
578 1 4.547730 19.339200 3.001480 
1124 2 9.491230 25.787500 8.329750 
753 1 12.429800 22.496200 7.080740 
356 2 5.615160 22.559900 0.922129 
44 2 6.190830 19.142500 7.130560 
416 2 1.874200 18.098800 11.914200 
371 2 1.566200 22.902700 8.952220 
1535 2 6.324220 20.699200 12.905700 
1066 1 4.840780 18.211600 7.435530 
757 1 11.513400 20.069600 4.641470 
1501 1 1.723950 16.356000 13.244200 
853 1 3.264150 14.393200 5.566740 
52 2 7.617180 24.540500 12.373700 
1012 2 12.436700 17.154200 7.071840 
437 1 11.778000 17.391700 12.054600 
512 2 11.492800 13.611700 5.481790 
1864 2 4.304830 14.722800 8.117900 
1879 2 0.493577 15.692600 8.299770 
678 1 13.247800 13.659600 5.333720 
108 2 6.545340 23.433400 9.326250 
600 2 2.508440 14.355800 12.586000 
1456 2 12.124100 22.344800 3.499980 
1626 1 0.930955 14.105400 10.587200 
1150 1 1.513580 17.413500 2.750650 
1368 2 10.093600 23.549700 9.792550 
1566 1 7.130040 24.590400 11.448700 
1444 2 8.557980 24.822300 0.369058 
425 1 3.824810 15.354200 1.231730 
758 1 5.300060 21.181500 12.127000 
107 2 8.552810 17.144300 9.501060 
1642 1 10.441000 18.334700 6.267490 
917 1 9.158720 13.981100 0.167106 
472 2 7.347510 17.935600 3.071950 
1538 1 3.422440 18.597700 0.752757 
1209 1 9.428240 16.376400 8.191460 
1377 1 4.853480 17.703300 3.514600 
1719 2 0.222071 13.194500 12.419000 
553 1 12.152600 26.811900 6.833510 
1654 1 10.253900 18.491100 9.549280 
690 1 12.967500 22.354200 12.808100 
1920 2 12.141500 20.777600 10.851600 
1402 1 11.413700 13.514900 5.830670 
893 1 6.852470 24.661600 3.886110 
1081 1 6.136620 17.892100 5.771550 
594 1 2.607050 23.865900 12.161100 
1047 2 5.231510 21.700900 2.653950 
1507 2 6.824920 22.121400 0.514392 
1075 2 -0.096873 25.941300 7.746060 
1148 2 7.761570 14.447200 1.908250 
1804 2 10.233700 19.554700 5.992510 
799 2 10.984200 22.878300 5.097100 
1949 1 2.036850 13.987500 12.524400 
1912 2 9.691720 24.661200 3.999270 
1989 1 11.274900 25.248000 1.627770 
244 2 3.740760 26.332700 12.253400 
950 1 1.336620 22.946900 8.817040 
1807 2 0.190671 24.948200 10.810900 
248 2 11.974200 14.982300 9.033170 
20 2 4.401600 20.598900 3.224880 
877 1 11.003800 26.218400 8.609760 
590 1 7.125030 17.249200 2.708870 
1991 2 10.766900 24.667600 2.989480 
1594 1 3.004780 22.140400 11.662100 
129 1 0.869509 18.327400 12.254800 
1427 2 11.734600 17.277800 11.554900 
1355 2 12.378400 13.473000 6.095350 
1666 1 0.188112 23.757500 6.914840 
1688 2 2.443940 24.276600 1.979630 
77 1 11.771100 23.613100 5.286650 
891 2 3.709990 13.642900 4.383720 
1122 1 3.481240 25.578400 4.751470 
911 2 8.170020 23.982000 13.096800 
74 1 2.014240 24.416900 19.256200 
1168 2 9.013370 14.990600 26.147800 
328 2 13.024800 23.851600 21.532300 
1767 2 1.978140 24.822900 19.804900 
465 1 11.881400 16.715500 18.527400 
213 1 10.833600 17.630900 15.604100 
296 2 2.919680 24.866000 17.524100 
1929 1 12.706700 18.909500 15.545600 
1159 2 0.806633 13.319800 14.363700 
1930 1 10.680000 17.002000 21.298000 
374 1 12.011500 21.015000 15.897800 
404 2 3.056910 17.386900 21.317000 
1485 1 8.166880 24.827700 26.202200 
1736 2 7.711210 16.531100 15.257000 
1281 1 11.668100 22.959300 24.637000 
1511 2 1.774170 24.133800 20.043700 
1188 2 1.798330 16.521600 24.643500 
1774 1 5.157120 17.738900 22.031400 
1811 2 8.182000 17.236500 13.804900 
1743 2 12.846800 19.705200 14.427100 
430 1 6.628580 15.775400 19.777700 
486 1 7.730010 14.215500 23.279600 
1156 2 9.086020 16.509300 22.481400 
648 2 8.103600 19.251000 17.988900 
1778 1 10.264000 22.611400 20.915700 
1602 1 3.733810 23.953800 21.219500 
526 1 8.116950 23.410700 24.878300 
120 2 1.287100 24.099000 19.399300 
1632 2 9.795300 21.490800 17.641200 
144 2 0.630496 13.557500 21.252400 
406 1 5.762910 19.328400 23.573000 
481 1 11.282600 16.319700 23.378400 
1726 1 3.145750 23.051900 24.601000 
1805 1 12.026500 26.727000 21.321500 
471 2 6.818280 21.668500 22.914700 
118 1 5.466820 14.004700 17.847800 
1610 1 6.906190 18.326800 18.751400 
1795 2 0.478980 26.356800 24.488400 
1704 2 11.802000 23.295700 15.037300 
506 1 0.686089 13.415300 25.472500 
295 2 0.541592 22.158300 26.522400 
943 2 6.684310 15.361800 22.646400 
82 1 1.035440 15.314900 19.233500 
635 2 8.270790 21.678400 15.968700 
632 2 10.302100 22.750400 18.647700 
1901 1 4.848070 23.461700 19.303000 
654 1 8.771380 16.876700 14.724500 
1881 1 7.995320 21.084800 14.058800 
1405 1 2.298460 16.711500 24.213800 
1792 2 8.580090 15.183600 25.765000 
796 2 3.171960 14.094400 19.515900 
631 2 5.246380 15.727300 18.480300 
1832 2 7.376870 23.321200 16.308800 
1484 2 11.958400 23.363900 23.438400 
141 1 1.772960 17.499500 21.701900 
714 1 8.866540 24.447300 17.257800 
850 1 9.251040 15.455000 15.557900 
1884 2 4.009740 15.087600 18.217600 
483 2 7.494680 25.327400 21.582800 
1040 2 8.043590 20.942500 22.195200 
139 2 4.874520 21.865100 22.720000 
39 2 10.078100 15.390100 22.427900 
1399 2 11.062700 17.027800 24.906400 
1351 2 6.041600 22.101700 19.588200 
359 2 6.590430 14.025800 25.434900 
843 2 11.244900 15.035100 16.339900 
746 1 0.947886 20.185900 20.043800 
1891 2 7.572730 18.386800 13.742800 
1453 1 3.646310 26.023000 19.517800 
613 1 6.023260 23.337300 16.518000 
1408 2 1.716080 14.292600 25.737600 
1202 1 7.788520 13.868700 20.930800 
502 1 2.648940 23.022000 15.049700 
29 1 8.043560 26.629400 20.760600 
1480 2 4.631620 13.368100 17.343400 
1996 2 10.128700 19.013600 25.418500 
340 2 1.642960 16.825100 22.236400 
468 2 3.389040 24.588300 25.242900 
812 2 1.698870 17.151700 17.694700 
110 1 4.033600 22.232400 15.503300 
1478 1 5.403970 20.460400 14.615800 
1374 1 12.789000 17.469400 19.752900 
910 1 1.709660 14.212500 17.245200 
847 2 10.755700 22.358500 22.766400 
1335 2 9.903370 17.178200 16.426400 
954 1 -0.148776 13.544000 13.340200 
1997 1 10.563300 20.803100 19.804100 
499 2 3.670380 21.080400 25.660700 
1252 2 7.519180 15.434800 20.308800 
1540 2 12.115700 16.516900 18.957600 
816 2 4.908310 24.433300 23.906400 
1412 2 1.127940 18.385400 14.271100 
811 2 2.449160 24.245700 25.847300 
525 1 7.423000 24.795200 25.166000 
1452 2 0.794973 14.346700 17.699300 
1027 2 8.726320 20.064400 26.609400 
1352 2 7.355860 15.976700 20.351300 
772 2 0.482709 19.560200 21.212900 
402 1 4.433920 18.240700 23.862400 
1530 1 9.677390 19.474500 21.303800 
595 2 7.748590 19.272300 15.684600 
1744 2 0.172883 20.171900 18.257500 
126 1 11.350200 21.605300 24.427900 
282 1 5.238100 14.735000 25.030800 
1232 2 12.411600 15.950900 25.637100 
1033 1 1.874680 20.783200 18.036000 
1163 2 6.760870 26.682600 24.632500 
931 2 1.567730 14.929300 19.939900 
992 2 11.979900 22.237700 18.257600 
1208 2 1.318840 21.321500 14.315500 
1702 1 11.537300 21.924900 17.701600 
825 1 4.977470 21.337500 22.531500 
412 2 8.817820 26.375200 21.275000 
393 1 7.363680 18.704100 13.760900 
249 1 5.012580 22.424300 24.649400 
1381 1 4.485440 25.700600 16.274300 
1503 2 4.749610 18.643700 20.325500 
1628 2 10.849600 22.101700 21.976400 
1596 2 4.431010 21.081300 25.277000 
1100 2 11.671800 15.897000 15.944900 
1646 1 9.420030 20.699200 22.298000 
1466 1 0.832135 18.862500 15.486900 
791 2 7.336760 13.801400 20.481400 
358 1 1.967920 15.363500 25.681300 
623 2 4.774380 14.907800 14.706500 
1133 1 6.534060 20.147500 25.801200 
189 1 6.199680 22.056300 19.883500 
252 2 9.077140 22.744200 25.389700 
313 1 8.010640 20.555100 17.681400 
918 1 12.048900 25.049500 26.500300 
1695 2 2.388090 20.307900 18.212400 
925 1 10.644100 16.267800 17.239600 
1141 1 5.614460 15.401300 21.822700 
1878 1 0.095170 15.476800 21.741700 
947 2 12.797500 21.327800 15.229800 
1529 1 2.534850 26.089100 14.595600 
194 1 8.310970 23.604800 19.777900 
1331 2 0.796801 25.776800 16.021100 
640 2 6.488500 22.972200 19.313700 
429 1 4.100070 14.163100 18.765100 
338 1 2.903390 15.448900 17.265700 
1987 2 10.904800 23.766700 14.464500 
1780 2 9.730260 19.709500 21.535500 
873 1 2.018400 18.109500 14.120100 
1365 1 12.926700 24.902600 18.395200 
1555 2 3.437120 25.644600 23.242000 
866 1 8.123610 21.968800 25.945600 
165 1 2.954010 19.770200 24.258800 
949 1 3.669150 16.915100 18.405400 
63 2 1.555200 17.210500 14.816000 
1904 2 4.944320 14.631200 22.238600 
1681 1 7.609530 17.083700 20.711500 
1752 2 9.796210 13.927600 25.398300 
1760 2 4.312700 19.634400 19.931300 
27 2 3.607380 13.962400 17.472700 
837 1 11.664400 13.516000 23.328100 
1619 2 7.878060 17.626300 23.170600 
1750 1 1.406720 20.146500 22.327000 
1769 1 3.056040 16.299000 20.531500 
420 2 8.446680 22.002500 24.549100 
1534 1 11.866700 15.144700 16.231000 
1824 2 4.195470 22.328800 15.435300 
970 1 7.841250 18.816000 24.443100 
457 1 10.704800 20.085400 15.110600 
656 2 2.856930 14.773000 16.498400 
428 2 0.368812 18.456800 24.281100 
1243 2 4.539140 22.766600 19.757700 
329 1 10.880500 25.758700 23.767900 
1817 1 7.201750 21.991100 22.130200 
1158 1 8.217770 21.359500 21.198400 
1272 2 9.338030 20.761300 16.685400 
1525 1 8.278090 22.959600 15.087500 
1607 2 1.760830 20.165800 22.545600 
431 2 2.067690 21.459300 13.880600 
1098 1 2.079410 24.049100 16.694300 
1067 2 12.054000 18.595700 17.775600 
1323 2 5.286090 18.161500 24.595400 
852 2 10.348900 17.881100 22.175900 
1826 1 3.386700 17.920000 16.337500 
888 2 11.380800 15.367000 16.723800 
1404 2 4.937310 24.121000 19.524200 
1866 1 11.538800 23.813000 22.662000 
969 1 9.346880 16.195900 24.769400 
773 1 0.917976 17.061100 24.562000 
1527 2 12.409500 26.312900 21.923200 
1613 1 11.177800 24.567300 14.916200 
405 1 3.013060 21.314800 24.498900 
1888 2 0.824091 24.774600 22.045200 
1565 1 1.356000 16.659700 17.696700 
1980 2 6.154170 19.011600 23.788800 
546 1 6.543330 23.825800 23.500200 
1860 2 3.206660 23.500000 25.568300 
1727 2 1.188870 16.897800 23.919700 
747 2 2.813580 24.587500 15.228700 
1201 1 7.371270 14.967900 26.409500 
1360 2 10.902600 23.822500 25.352300 
674 1 3.274160 13.998000 21.025800 
1897 1 4.964500 14.129700 14.420000 
1464 2 5.045010 18.300200 19.922200 
211 2 9.203990 24.615100 19.605700 
672 2 11.451000 19.493400 15.121100 
706 1 2.145570 25.964000 24.885500 
1617 1 9.423760 22.606400 17.904300 
1087 2 0.084202 19.965500 20.560900 
1184 2 7.074370 20.895300 14.501000 
494 1 11.117300 13.257000 25.926500 
1946 1 10.513900 22.581000 18.402000 
157 1 1.741210 22.583700 26.652300 
1021 1 3.733350 19.118500 20.191700 
1788 2 2.588650 24.624900 25.402100 
779 2 7.487010 24.383800 25.671200 
1115 2 8.739980 21.778700 17.844100 
1146 1 4.256990 25.605500 24.418400 
1782 1 3.737250 20.706700 20.928400 
1261 1 4.153950 15.529800 14.325700 
482 1 8.127990 17.227800 23.438800 
516 2 3.681160 17.544000 15.973900 
742 1 1.470140 20.877100 14.379100 
1014 1 3.632990 21.398900 18.550300 
817 1 12.196100 20.146300 22.666100 
1683 2 3.794340 15.013800 26.058200 
963 2 11.728200 19.335200 23.143300 
684 2 1.928180 24.759500 15.637100 
1431 2 1.775870 16.088600 20.802500 
1746 1 4.962520 21.116900 26.453500 
1533 1 8.200520 14.198800 15.887600 
433 1 4.733410 23.154800 13.994600 
1524 2 13.106100 19.186500 21.285300 
86 1 10.631000 14.363700 24.444600 
1776 2 8.894050 15.677300 16.044800 
493 1 0.378086 18.196100 17.301500 
1110 1 0.939006 14.134300 15.854700 
49 1 10.550400 19.170000 25.348400 
1649 1 6.815180 20.057800 16.517600 
1176 2 3.581070 17.933600 26.444600 
824 2 12.914100 24.927100 17.959200 
1105 1 2.541280 23.981600 26.438300 
1587 2 4.435130 18.466800 23.760000 
741 1 11.358600 16.089500 25.759500 
34 1 7.757410 24.863700 13.526700 
1422 1 13.035800 24.684800 20.546100 
1913 1 1.003200 24.305400 20.334100 
1609 1 2.463910 25.618000 17.047300 
291 2 11.943100 14.347300 18.009500 
589 1 11.064500 13.754900 14.299000 
1890 1 6.428390 13.726800 20.873200 
1344 2 12.072300 26.054900 21.980200 
1273 1 5.577980 26.253100 23.786000 
1022 1 12.560600 26.170100 14.487100 
788 2 13.263200 21.680100 25.887400 
1574 1 3.144820 13.510400 26.030700 
1161 1 24.435300 4.570370 8.860020 
1171 2 25.836400 4.185420 8.963350 
1961 1 18.371400 11.035400 3.703370 
251 2 26.559500 5.125700 7.926310 
1198 1 16.832800 0.810984 1.080110 
519 2 22.759800 3.981760 5.797150 
45 1 21.266100 0.609202 5.858410 
1301 1 14.098300 10.661800 9.400720 
1751 2 25.239200 0.865034 8.527150 
342 1 15.401000 4.172760 10.360400 
1084 2 24.984100 0.387190 10.615500 
30 1 25.316000 0.381657 -0.272596 
1457 1 13.045100 0.261554 8.008550 
1733 1 18.147700 5.300760 5.016360 
1918 1 20.501900 8.334590 10.998000 
1558 1 18.461200 10.962000 12.057200 
763 2 23.375900 0.989890 12.335200 
979 2 21.380900 7.057860 4.144250 
256 2 19.282800 4.733730 1.291610 
1845 1 13.415500 2.824440 9.278600 
1362 1 13.742400 5.604830 -0.043416 
1135 2 13.526100 10.855400 7.299470 
1819 2 20.195300 10.015100 12.479600 
1016 2 19.353400 1.564870 7.142870 
952 2 22.534500 0.267732 8.617450 
1341 1 20.131700 3.280760 8.890700 
389 1 14.939700 4.014810 7.074990 
427 2 14.802900 6.357320 6.961770 
1223 2 15.561200 0.431952 7.717910 
1635 2 25.269600 10.335900 5.746210 
117 1 23.654000 6.642990 9.089660 
766 1 25.999900 2.465220 4.082200 
1435 2 14.130300 0.381208 1.343150 
1581 1 23.242200 11.079900 10.756400 
160 2 19.971600 6.565820 6.202690 
1389 1 14.971000 1.814240 3.190990 
399 2 17.604800 10.123700 1.874920 
1896 2 18.218100 8.038590 7.371370 
10 1 14.396600 2.821130 5.454350 
1019 2 19.966300 5.860740 8.841800 
750 1 19.091300 9.389590 8.399660 
130 1 17.357800 5.825150 9.633890 
1266 1 22.874100 1.696270 6.387490 
1 1 17.963700 10.892000 2.287930 
1502 1 22.941500 0.460922 2.907400 
579 2 17.335600 4.364510 11.086700 
655 2 21.217800 0.432877 4.839210 
1024 2 21.748300 9.725480 8.027010 
1318 1 22.515400 4.813700 2.274230 
1737 1 24.915000 8.678150 7.035830 
1889 1 25.580800 10.535300 0.098886 
1393 1 22.457200 4.195260 6.426200 
1518 1 22.100000 1.254470 10.039300 
1749 1 25.315700 5.406270 10.545300 
889 1 13.458800 1.042690 4.811500 
36 2 13.610600 1.513880 5.269780 
80 2 17.628700 5.730180 9.238560 
1563 2 24.050900 6.378150 7.884350 
1915 2 15.370200 8.389970 7.873040 
50 1 13.235600 9.504810 7.144010 
1348 2 24.128900 6.312160 9.118760 
669 1 14.609800 2.230080 7.752400 
367 2 24.018300 2.433940 9.210980 
1747 2 25.561200 2.203690 1.928460 
1077 1 26.679400 4.561720 9.264350 
1582 1 22.363500 3.676240 13.282800 
327 2 21.615600 7.695240 6.669460 
1876 2 25.431200 4.982860 5.704260 
1061 1 23.050300 7.732620 5.928840 
1668 2 24.606300 7.496590 5.633220 
778 1 22.205200 5.354430 3.623090 
1611 2 15.506500 2.252590 3.297510 
370 1 18.866700 11.738500 6.578890 
273 1 21.084600 13.283500 8.655470 
983 2 23.276900 11.353300 1.876910 
1616 2 21.201100 12.657600 2.829340 
149 1 25.234900 7.946020 5.158180 
1397 1 20.584300 12.815000 2.511200 
187 2 16.021600 9.267010 8.885050 
835 2 20.029700 5.271290 1.168900 
176 2 20.109600 2.721310 6.168140 
1625 1 25.391900 12.342200 10.573600 
145 1 23.259400 13.121800 7.513770 
755 2 16.623100 9.195110 2.038430 
1595 2 14.036600 2.472530 9.472150 
1340 2 14.934400 1.623370 0.211202 
1013 1 20.123900 9.890250 6.380180 
828 2 21.177300 10.029600 4.668230 
1612 2 24.917400 13.432300 4.614650 
1641 1 19.333300 3.949600 3.112150 
140 2 22.847900 7.064300 2.384330 
1859 2 19.427700 2.590590 8.724280 
1473 1 16.264600 3.131810 11.156800 
1906 1 16.757700 7.568430 6.799020 
639 2 25.212200 5.604050 2.933800 
1251 2 20.776900 2.001240 7.075010 
1598 1 25.507500 10.686200 8.583480 
268 2 19.138800 1.915450 3.778590 
326 1 23.571700 5.386830 12.209500 
339 2 17.156500 2.721430 6.133900 
1194 1 24.890000 1.432020 4.728310 
1978 1 19.635200 6.395100 1.780630 
1853 1 20.577400 9.504650 4.879170 
1292 2 24.263700 4.534520 2.100960 
1413 1 20.354900 5.135250 5.990420 
1549 1 16.954300 5.288770 12.782600 
1941 1 25.444400 12.113900 13.171700 
846 1 16.551100 9.367280 3.397460 
1339 2 20.172900 13.082800 3.531820 
1153 1 26.149400 1.630270 7.628460 
55 2 14.144700 7.007250 12.391800 
993 1 17.126900 1.427580 6.336400 
1964 2 23.141000 7.846650 10.586800 
1442 1 14.160400 9.563960 0.091664 
1270 1 26.073500 10.551300 2.399320 
1665 1 19.627700 1.261330 11.835000 
1386 1 15.067100 3.807600 3.201730 
1664 2 26.144800 10.228000 1.224510 
524 2 22.595600 2.002540 5.525930 
527 2 22.236400 4.696890 2.096430 
718 1 17.659500 8.115590 12.864400 
1248 2 16.041200 8.278270 10.080200 
419 2 26.513900 13.101800 1.632600 
1977 1 24.064800 3.101760 7.793560 
887 2 14.416600 5.497840 2.302500 
1803 2 17.820600 5.971470 4.586640 
1685 1 18.203100 8.641640 5.693550 
1852 2 14.577700 4.583150 8.847570 
59 2 19.969700 8.678920 8.282500 
114 1 19.126600 12.627000 3.184530 
793 1 13.021600 12.009700 2.330110 
536 2 17.000300 1.172210 5.944700 
1568 2 25.493900 5.744130 2.837970 
653 1 22.610500 6.942950 7.989530 
530 1 19.687700 7.045300 9.786880 
1847 2 19.698900 3.865340 2.370590 
1717 1 21.998200 11.308800 5.035110 
859 2 22.141600 1.328950 9.646270 
1953 1 17.778900 7.942610 1.560500 
1233 1 19.637200 10.330600 1.844820 
121 1 21.723700 5.582820 9.788900 
920 2 24.656600 0.809311 6.974630 
804 2 15.360100 8.574740 12.440600 
1090 1 19.872200 1.751290 6.531450 
1180 2 19.996000 3.355970 3.986220 
956 2 19.736900 8.299550 12.105300 
1423 2 24.624900 10.866300 8.391570 
1003 2 16.695100 1.446910 12.566100 
1706 1 13.799200 11.968000 12.741600 
790 1 25.799300 12.406100 1.208870 
1858 1 15.007600 10.608400 7.255280 
1125 1 25.756000 5.510390 2.087120 
154 1 23.859300 3.281740 2.682810 
1956 2 23.599900 11.223500 10.986500 
1748 2 19.967400 7.569220 11.117100 
572 2 18.415400 11.685100 3.744620 
390 1 20.999500 0.869096 2.662390 
1800 2 15.739400 2.644480 12.175800 
9 1 24.595400 12.333000 5.233980 
1606 1 18.835800 0.632644 8.962400 
1145 1 13.305200 7.108230 2.619510 
24 2 24.648500 12.486900 10.934700 
1264 2 18.595500 8.561810 6.237910 
802 1 16.906800 1.471800 5.315340 
1071 2 22.596800 5.255420 10.536000 
1057 1 16.219600 6.493170 3.802310 
844 2 14.480000 9.794090 6.274800 
801 1 26.252700 1.062450 3.463770 
1496 2 23.906800 5.755750 11.015800 
959 2 21.172100 10.328200 1.426460 
677 1 21.152500 6.466470 4.730970 
593 1 24.967400 1.127550 9.560050 
459 2 18.525000 0.470834 11.587400 
1304 2 19.002200 12.591800 6.473470 
1350 1 24.119600 7.533250 10.085200 
199 2 25.430700 2.993800 4.672640 
509 1 25.107200 12.405900 7.202450 
1225 1 14.076500 9.138230 3.512880 
394 1 21.614100 10.455600 1.746250 
1324 2 17.417600 0.595692 1.072190 
1121 1 23.786000 9.655400 2.698130 
220 2 17.574400 11.726600 4.005410 
1662 1 18.869700 8.573360 9.942060 
1315 2 24.266000 5.560970 12.025600 
1268 2 15.416200 2.381550 3.410600 
1042 1 15.971600 5.966980 9.116110 
432 2 19.930700 9.591830 2.073730 
1785 1 22.034900 9.178160 9.541670 
839 2 17.092200 11.329200 3.392290 
159 2 25.020100 8.970430 2.187290 
79 2 23.038700 5.221860 5.437480 
368 2 20.978000 12.595100 12.158700 
673 1 25.170300 7.605950 6.304950 
585 1 13.472800 6.034570 11.689700 
1008 2 15.670300 1.211110 7.975850 
1045 1 16.601500 11.421500 3.121510 
1303 2 13.343300 8.916180 1.802770 
827 2 21.108500 8.322990 10.339900 
1451 2 24.483200 7.777340 5.790180 
1190 1 15.480000 0.462591 7.020950 
1655 2 25.484400 12.854300 12.285300 
1395 2 17.347300 8.036800 13.332600 
1144 2 26.101200 4.866320 9.851400 
562 1 25.162400 5.083700 4.033710 
1246 1 17.423400 0.895212 3.496360 
1430 1 18.657400 1.817490 12.431000 
1862 1 18.715200 4.177070 9.050640 
1905 1 22.893600 11.796300 2.147660 
1285 1 14.976600 7.682100 6.803880 
135 2 19.735300 11.560900 6.819500 
754 1 21.381600 6.970740 3.072060 
558 1 13.528100 0.558716 11.686100 
1069 1 16.233800 9.255570 12.045300 
808 2 25.903600 2.509810 3.473430 
1068 2 15.640400 4.827450 2.926330 
142 1 18.070600 3.107910 6.305470 
1931 2 22.587300 9.894730 4.186160 
740 2 16.977200 7.842220 5.626700 
274 1 22.774300 10.981400 13.432500 
1993 1 14.486700 1.714910 0.032277 
1593 1 24.393300 6.139590 3.170650 
1113 1 15.094200 5.342050 1.708080 
1994 1 21.938300 11.972300 12.159800 
1287 2 24.193500 12.756900 7.091380 
1107 2 16.854300 4.574110 11.860100 
1762 1 20.380300 7.132960 12.143100 
1108 2 18.945800 4.018010 10.957800 
452 2 16.123900 12.711900 8.994500 
857 1 13.885500 0.640724 1.403900 
1573 1 23.772400 9.474320 0.779757 
1938 1 17.092700 10.728500 -0.033915 
646 1 15.948300 7.506820 1.086370 
849 1 26.103400 13.255800 8.349800 
330 1 25.402400 4.510100 5.926930 
1690 1 17.495100 13.029000 0.156522 
1770 1 18.940000 5.750300 12.788900 
1499 2 19.781500 13.097600 12.154600 
996 2 15.769300 9.479370 25.717500 
1986 1 19.605200 10.353000 24.235300 
1944 2 16.009000 6.283880 13.581600 
709 1 15.532700 8.046370 13.459000 
547 2 18.252200 9.124260 16.906600 
1696 2 22.007900 2.622780 25.234300 
1415 2 23.489700 8.171140 24.884000 
1885 1 19.680900 1.310700 25.701000 
1546 1 15.766900 8.298310 18.600500 
458 1 20.692900 3.903280 19.103300 
1474 1 25.480300 2.640120 26.308500 
544 2 25.084200 3.291660 25.865800 
564 2 23.434300 10.291900 15.996200 
347 2 16.700200 12.621700 20.710100 
1320 2 25.566900 9.339810 20.592900 
1256 2 18.388500 10.178200 22.527400 
1955 2 22.473100 12.530900 18.970100 
239 2 14.356000 4.963460 19.628100 
1552 2 22.321200 3.973500 13.121300 
1262 1 19.033800 13.106300 13.818800 
178 1 14.599500 11.871100 24.565100 
1250 1 23.342200 4.645600 22.511000 
1933 1 23.998000 0.483645 22.587500 
1002 1 24.222000 8.955700 20.969900 
989 1 26.374700 5.433740 23.642400 
1908 2 24.989700 1.026550 13.866200 
261 1 25.213600 10.006500 16.792700 
705 1 14.485200 4.955420 20.752700 
662 1 22.492100 2.266120 21.952300 
683 2 18.528000 13.032400 15.022500 
1454 1 23.553300 7.427140 18.160800 
1951 2 17.992900 10.998100 18.229200 
127 2 25.026400 1.067930 23.518300 
85 1 23.444300 7.375760 26.117500 
1998 1 25.643500 3.498570 20.888500 
477 1 17.237900 2.058960 14.844200 
1203 2 14.117700 11.911900 14.916900 
65 1 14.667500 10.313600 16.293800 
540 2 20.603400 10.736700 16.087000 
1629 1 17.722800 9.233060 23.559100 
1745 1 18.203000 8.118330 21.659400 
1050 1 25.061500 2.866890 17.268100 
1682 1 25.158900 7.039850 21.214400 
403 2 20.219600 10.800500 16.602200 
400 2 15.640100 13.267400 18.630800 
902 1 23.625700 12.809100 24.338100 
1839 2 24.133500 11.014600 21.879500 
16 2 18.210200 7.871210 21.691100 
456 2 20.043900 6.869280 19.351500 
565 1 23.751900 12.997400 21.317100 
1871 2 14.202100 11.170800 18.735700 
266 1 16.457300 4.179990 23.546400 
771 2 20.485600 1.102970 15.087000 
1073 1 18.828800 7.070340 19.315200 
1735 2 19.224400 8.109630 19.867000 
1468 2 18.283500 2.942190 18.136000 
549 1 22.051300 10.269400 18.536200 
1671 2 20.755900 6.772810 25.407500 
91 2 19.312600 6.461290 24.256400 
42 1 24.589700 9.208330 24.699800 
912 2 24.110000 4.114960 21.994500 
1686 1 18.606000 10.370700 16.681600 
1932 2 23.520500 3.422030 17.899800 
345 1 21.705600 9.569510 12.776900 
242 1 20.375100 8.275500 22.637100 
1236 2 23.410700 7.339420 13.419900 
1088 2 16.501700 1.625660 19.293600 
647 2 21.011500 3.026970 13.468200 
510 1 19.518800 4.003350 15.866400 
1001 1 24.429800 11.114800 18.603100 
293 1 24.193200 3.796130 23.652200 
1660 2 20.676800 12.860200 24.854200 
783 2 21.340400 13.257900 19.138900 
1378 1 17.833200 1.875130 25.475600 
1414 1 22.943500 8.967970 23.713200 
376 2 23.024700 1.055650 23.718400 
897 1 17.004100 5.205470 15.333500 
664 2 14.117200 12.300900 17.772000 
488 2 13.963000 9.259170 17.359600 
346 1 17.147300 13.231000 23.738700 
31 2 14.423600 6.764370 18.570300 
264 2 21.266200 4.817620 22.104600 
862 1 26.311700 8.579450 20.378700 
1916 2 19.318500 10.739800 22.511000 
1970 1 25.914700 7.780560 14.624200 
1147 2 17.209800 0.197962 15.107300 
1197 1 14.703100 1.772190 24.881300 
821 1 23.953700 1.145000 15.370300 
1567 2 15.336100 2.531560 17.848000 
1094 1 22.614400 2.385350 19.275300 
1054 1 20.213300 6.148270 24.549400 
832 2 13.339100 2.354540 25.164400 
1676 2 25.546900 6.979490 19.248600 
53 1 17.908200 7.277380 25.186700 
833 1 22.786800 3.926550 17.249300 
1417 1 18.352500 10.184500 18.342400 
229 1 24.170400 4.495780 14.921400 
247 2 18.165900 2.745170 19.690900 
1242 1 21.416300 5.582360 21.587800 
764 2 26.269100 5.337640 23.641900 
556 2 18.741700 12.190100 21.179200 
1160 2 19.625700 2.158670 16.728400 
1438 1 22.811900 9.575010 16.182400 
945 1 14.617300 3.089850 23.530300 
275 2 13.786700 12.427800 25.276400 
26 1 15.114900 4.919560 18.292900 
1059 2 24.997200 9.534400 16.420800 
876 2 24.930000 9.436150 24.088200 
203 2 26.401800 8.573470 19.007800 
314 1 19.553900 8.159620 26.665000 
1849 1 16.761800 5.565170 21.943900 
976 2 23.427600 -0.118034 20.241200 
1973 1 25.648100 9.002560 17.497600 
170 1 19.668200 8.789110 20.744700 
1260 2 24.595800 10.482000 17.874100 
1175 2 17.247100 3.161880 17.972200 
179 2 15.488800 7.824300 24.356400 
1410 1 17.080500 7.086880 22.820200 
397 1 17.123000 5.758230 20.385800 
1409 1 20.856900 12.657900 20.232700 
1462 1 18.704700 2.482360 17.086800 
1091 2 22.970100 6.939090 17.808000 
1615 2 20.885900 8.571460 17.889400 
1903 2 22.508200 2.071630 21.185900 
1771 2 15.397700 3.866020 23.211800 
1963 2 18.011000 12.778300 24.161300 
418 1 25.614600 3.174640 13.288000 
6 1 20.637300 12.970200 22.016800 
1278 1 16.855900 12.808900 18.233400 
112 2 21.180700 10.279100 16.154400 
1106 1 20.065700 5.470160 21.679300 
387 2 19.631600 6.227540 20.723200 
1017 1 25.752200 10.054000 18.993700 
1675 2 16.667000 4.564260 15.527900 
1689 1 20.791200 12.956100 25.134900 
1975 2 19.844800 3.662500 15.323400 
147 2 20.850200 5.776690 14.299200 
1206 1 14.716400 9.527170 22.664600 
745 1 20.558300 11.955200 23.537500 
809 1 14.912800 1.042130 15.384300 
848 2 23.100700 11.003400 19.774100 
1192 2 18.701700 1.494260 24.014000 
805 1 14.263300 6.302060 19.347300 
1212 2 26.673400 6.613780 21.861300 
1948 2 25.673700 4.752010 14.065100 
1513 1 15.303400 3.509100 18.444600 
1195 2 15.460900 7.571680 24.055900 
1898 1 22.652800 0.539885 19.100400 
1382 1 17.799500 11.762000 19.870200 
1428 2 18.670100 0.316949 25.891300 
626 1 20.885400 8.491390 16.155700 
1481 1 23.155500 11.968400 16.698300 
200 2 22.971800 10.547000 22.094600 
1007 2 16.880600 11.060600 23.250600 
1343 2 23.412700 5.582290 16.737800 
1765 1 15.110000 12.920200 13.999900 
1357 1 21.846900 10.383100 19.989400 
232 2 21.865800 7.568520 22.558000 
1816 2 19.699300 1.630800 20.682700 
183 2 16.691400 10.967600 17.801700 
1118 1 14.041200 8.541980 18.522800 
643 2 24.498500 12.162200 24.280700 
557 1 24.850400 1.443850 13.410000 
267 2 14.944100 6.830180 18.132900 
1925 1 19.403500 2.395450 19.133300 
875 2 17.778700 4.973390 24.914400 
124 2 16.008600 2.097770 24.111200 
563 2 16.383800 9.753980 22.804700 
1651 2 14.809500 6.017060 13.501600 
1400 2 16.120400 5.963750 23.855900 
855 2 25.886100 7.575220 22.452600 
323 2 25.492400 11.384300 18.696000 
592 2 16.588300 6.317410 26.227600 
1172 2 25.421100 7.346430 18.209700 
1701 1 22.017900 2.841100 24.960400 
596 2 19.711500 2.452730 23.426800 
580 2 20.259500 9.929150 24.270400 
534 1 15.199300 6.466330 24.702400 
1732 2 13.133600 8.565580 24.366000 
2000 2 17.164600 5.734440 15.642600 
1425 1 25.619900 3.724100 15.862300 
1401 1 18.984600 11.729000 15.169300 
739 2 25.073700 3.410190 16.286300 
1179 2 22.450700 11.818700 15.867500 
780 2 17.355500 0.445329 21.140700 
752 2 13.831100 4.247610 22.614300 
1034 1 23.907800 2.888560 26.190300 
195 2 23.690600 2.016540 18.592400 
301 1 26.352800 2.835430 24.242800 
1390 1 14.677200 7.518980 21.964800 
1384 2 20.072600 8.286190 25.780600 
352 2 15.022200 12.963500 14.878300 
1325 1 23.161500 11.624500 22.660600 
1030 1 19.104100 0.260745 22.003500 
784 2 26.281200 3.584810 19.372600 
1855 2 14.761300 7.284680 15.092500 
1872 2 17.452500 9.073060 26.735400 
933 1 14.675000 12.653700 16.765800 
1636 2 14.395700 8.423680 22.081300 
710 1 18.659900 1.003820 23.318700 
988 2 17.866400 9.802750 18.970600 
913 1 26.357100 4.743740 18.959500 
153 1 20.616500 7.239920 19.126100 
1072 2 24.900600 11.920600 24.714300 
1562 1 24.624900 10.347900 13.423300 
1911 2 18.662300 1.904220 23.253400 
1603 2 16.865800 11.288400 26.145200 
841 1 24.036600 1.383230 18.757700 
1465 1 22.790300 6.452730 16.768400 
641 1 22.661900 6.925270 13.325900 
447 2 13.432900 3.376680 17.875900 
143 2 15.468300 12.813300 16.685600 
1894 1 22.055300 7.991160 25.424700 
1053 1 19.508600 12.460100 25.728600 
158 1 20.015800 10.803300 15.757000 
265 1 25.025900 6.181200 26.044000 
1469 1 20.610100 1.323260 23.882400 
14 1 25.386600 11.158200 22.901400 
794 1 13.008600 8.846700 14.347000 
1902 1 19.986000 9.163440 25.493600 
75 2 24.967300 1.666680 16.164200 
19 2 20.302200 10.252600 24.428300 
1394 1 19.053000 10.780000 21.942500 
280 2 16.672600 4.343600 21.152000 
980 2 15.742900 6.751750 18.315000 
1656 2 15.061200 5.058830 18.437900 
1850 1 16.272700 5.563500 16.857100 
905 1 24.192500 4.487600 20.389200 
366 1 26.141900 11.907800 24.588100 
1639 2 19.605000 9.623880 21.506400 
767 2 18.571800 1.347020 26.095500 
1183 2 14.031500 1.941180 22.478300 
1239 2 17.078000 7.175330 22.526100 
254 1 17.917100 2.429710 22.031500 
1828 2 21.443600 7.071240 16.971600 
903 2 20.773500 13.082000 25.724300 
798 1 24.579900 8.782140 23.377600 
628 2 21.235700 2.699000 20.058300 
1886 1 15.617300 4.167280 13.662600 
1577 1 17.591700 3.511150 18.935800 
702 1 16.697400 4.862530 25.683900 
987 2 21.067800 1.424680 18.851900 
122 1 19.596000 7.986150 16.105000 
1658 1 16.112800 3.374680 21.980100 
1277 1 20.733800 1.411680 19.443900 
1426 1 22.137700 2.205880 15.334400 
1892 2 23.890800 7.211010 26.037200 
1940 2 16.875700 11.687400 16.204800 
1543 2 23.335700 4.051400 24.922200 
818 1 15.093600 7.045630 15.447500 
880 2 16.201100 0.673794 14.919000 
1899 2 25.356700 3.997970 14.284700 
1166 1 16.885000 1.594950 20.371600 
765 1 19.257900 1.779820 15.466700 
325 1 13.451600 4.191610 15.281800 
364 2 13.441500 2.781230 15.702000 
1174 1 18.073700 9.219020 14.883300 
276 2 19.773400 6.939580 15.578200 
865 1 13.718800 0.358587 19.103600 
1299 2 17.375600 1.547900 20.518500 
1316 2 23.126700 5.667200 24.772500 
351 2 25.227900 9.015150 24.908400 
687 2 15.244700 10.540400 13.783900 
621 1 20.688000 6.044940 14.711800 
1126 1 14.210800 11.499600 18.802700 
2 1 24.294000 11.290400 21.206100 
1670 1 15.426900 0.637528 20.606900 
479 2 26.033200 2.353400 25.779200 
698 1 16.823300 12.152300 22.195000 
1698 1 21.723600 13.115700 18.167500 
392 2 24.894800 1.578770 16.860300 
246 1 16.318200 1.050740 18.427100 
1089 1 21.307300 11.304000 16.769900 
473 1 21.780400 -0.123827 16.569500 
1244 2 22.729500 11.955400 22.760000 
1342 1 26.054900 0.144529 14.268100 
1790 1 24.316700 12.597400 25.668300 
1822 1 25.558600 4.027930 13.919700 
1219 2 23.100100 9.335240 13.567800 
1637 1 20.243000 4.327230 13.735300 
401 1 21.325200 14.320500 10.255300 
797 1 18.030300 13.329200 6.516910 
381 1 21.186900 17.383200 9.730930 
1570 1 14.487100 24.217500 9.457470 
11 2 16.422300 16.910900 3.124270 
1222 1 19.104600 25.745000 5.306000 
207 2 18.870800 19.495800 8.399730 
619 2 18.772200 23.752500 1.651320 
467 2 25.603000 13.429500 0.623801 
169 1 19.425400 13.820100 3.572410 
1338 1 22.431100 22.756000 10.080500 
1155 2 15.600100 19.992000 4.909520 
864 2 17.923500 21.588500 8.836560 
344 2 24.805100 17.846300 1.394110 
95 2 13.422800 25.950300 7.875000 
1957 1 15.745300 20.438200 7.233410 
1445 1 19.032600 23.330700 8.002590 
388 2 15.130000 23.999800 9.895810 
81 1 13.210800 17.610200 7.681780 
1448 2 24.327900 20.959200 1.329290 
689 1 24.434500 14.517000 5.191070 
724 2 25.987400 24.634400 3.057690 
820 2 22.834300 18.349900 10.421700 
1283 2 24.912300 15.253700 0.466814 
219 2 17.589600 16.073700 5.669480 
1622 1 14.443600 14.370300 0.728891 
241 1 20.393800 21.182600 8.484370 
70 1 20.018500 20.015100 1.403040 
909 1 19.877900 21.037000 10.240300 
872 2 22.008200 19.360500 12.348300 
487 2 24.545100 15.418000 5.278730 
699 2 24.240600 18.740900 3.969420 
1667 2 15.129000 16.594400 11.405800 
719 2 25.745100 21.625500 2.711440 
54 1 19.814900 24.846900 12.439400 
657 1 21.587300 17.730600 1.399150 
894 1 22.493500 14.719400 4.532710 
974 1 15.625300 21.935100 12.277300 
175 2 17.676800 26.247300 7.592940 
1644 2 20.656200 13.781900 8.625600 
1599 2 16.682300 18.928600 11.394200 
651 2 25.446900 18.750700 11.742200 
231 2 19.040300 20.711700 11.389200 
1936 2 21.561100 14.366900 0.324319 
922 1 14.822200 22.459600 4.004810 
136 2 19.565600 17.054900 1.861450 
151 2 17.397900 14.779200 8.454230 
47 2 24.431900 13.266900 13.430100 
871 2 20.076700 20.773300 8.206720 
1009 1 14.125500 13.752700 10.119600 
1181 1 20.615700 23.594200 6.630490 
984 2 15.819800 18.581500 10.474000 
1580 2 26.093200 16.870600 1.795680 
1023 2 25.787900 21.821000 6.745440 
336 2 14.861900 14.055000 10.106400 
319 2 16.415500 23.300500 7.456510 
1129 1 15.944900 13.652900 9.812060 
1537 1 20.919400 25.796800 4.697300 
1571 2 14.674900 24.334300 4.271190 
331 2 17.696800 19.064400 4.127840 
1257 1 14.481100 22.143300 10.555200 
725 1 23.562100 17.902000 11.052700 
1210 1 19.581400 20.329700 4.065620 
1043 2 15.449400 14.228900 10.358700 
1300 2 20.545400 23.393600 6.374550 
1403 2 20.745700 24.921800 9.983610 
1857 1 21.283400 18.963300 7.766120 
735 2 21.605100 18.035600 9.864110 
32 2 13.727700 23.359200 0.786019 
1259 2 19.839300 15.608600 12.957200 
701 1 25.008100 25.361500 2.253930 
1302 1 14.906600 15.719900 11.226000 
885 1 22.219500 20.596800 11.544700 
156 2 18.012400 19.922000 5.370590 
660 2 13.938200 17.212700 1.641600 
1074 1 20.030200 16.620800 5.400670 
1255 2 13.203900 15.377500 3.191670 
1167 2 16.607800 23.791800 11.995600 
378 1 14.974100 18.782200 10.408000 
68 2 18.479500 18.841500 11.339200 
1114 1 21.513500 25.200600 7.470180 
501 1 24.623200 22.983000 8.040880 
1969 1 25.075100 21.209400 0.734331 
84 2 20.452300 16.615700 4.743950 
688 2 18.700900 15.815500 9.013630 
597 1 25.489000 17.588100 7.848820 
186 1 13.578100 22.335700 1.406610 
89 1 20.069400 23.196900 1.178010 
642 1 20.550900 18.241800 11.441300 
1082 1 24.997700 25.047000 11.490400 
64 2 26.237100 21.549300 0.373293 
1111 2 21.001200 18.658400 7.521010 
728 2 20.138700 21.923300 11.416200 
1786 1 21.486200 23.724000 9.011860 
749 1 17.858100 14.257900 9.307660 
1137 1 23.208200 17.928600 6.200450 
930 1 17.724500 23.083500 9.955380 
131 2 25.140900 24.279600 0.881783 
842 1 25.259200 17.713200 1.107280 
1317 1 16.924200 21.476900 3.269510 
768 2 21.552600 23.948600 7.906100 
1614 1 16.185200 17.736400 0.804683 
125 1 22.730600 21.453200 4.566070 
1056 2 15.622400 23.122300 11.665500 
1140 2 25.763300 24.170800 7.381980 
206 1 23.185800 23.040700 3.000720 
1488 2 20.357000 24.024000 1.220320 
1754 1 18.602500 14.058300 1.543180 
1982 1 23.463100 20.282700 7.780400 
1102 1 16.825700 13.828300 3.061470 
1092 2 14.449800 15.692400 4.680990 
1049 1 21.814200 18.168400 2.489920 
1026 1 18.511200 15.239300 7.995070 
661 1 24.795500 15.672000 6.351050 
856 2 17.816100 13.091500 -0.003015 
1005 1 18.165800 18.630400 11.314000 
341 1 16.398900 17.941500 2.438720 
1939 2 22.206500 17.652800 2.336680 
1910 1 25.237000 25.580900 10.863600 
685 1 15.792400 17.514400 9.523260 
1032 2 15.575700 22.580200 10.831900 
1298 1 15.915900 15.887800 5.160990 
1601 1 17.521500 16.657400 1.980010 
446 1 21.785300 16.251700 2.586300 
391 2 21.080600 22.745600 8.372150 
337 1 24.845500 18.846400 5.774380 
734 1 23.403100 22.201100 12.232900 
838 1 25.953100 25.136500 0.609821 
1228 2 24.733600 14.293400 4.528560 
1809 1 16.984500 25.471600 9.603990 
1796 2 23.712300 22.719900 3.393220 
102 1 17.556300 21.888500 7.427200 
707 2 19.727300 14.033100 6.733820 
1385 1 18.818700 26.523400 0.224406 
1475 2 23.265200 21.405800 4.812900 
450 1 23.560000 19.403000 9.829140 
240 2 25.159700 17.614500 6.829200 
576 2 23.319600 13.848000 2.209720 
1076 2 16.102500 20.544200 7.346740 
298 1 25.326700 18.829600 2.745480 
1152 2 20.410000 23.852700 1.717560 
1966 1 19.865600 13.314300 11.908700 
815 2 24.257100 26.027900 3.320180 
193 1 18.501800 21.690400 11.331800 
205 1 17.422200 24.256700 0.705537 
1321 1 16.274300 15.545400 7.083750 
1572 2 21.214900 14.874700 11.650300 
552 2 23.682700 20.866800 7.448810 
583 2 14.267200 13.376800 3.360860 
25 1 23.415800 21.345000 1.488540 
21 1 21.116900 23.762000 12.367400 
1833 1 26.582700 21.926300 7.251860 
1506 1 20.400500 13.774200 7.067700 
1085 1 15.224800 24.531800 4.129820 
732 2 18.658100 23.323500 7.806690 
858 1 25.990400 20.220700 12.754800 
1396 2 19.730000 14.085100 3.522830 
834 1 22.398000 25.684200 10.121300 
1215 2 22.082200 26.459000 2.414260 
1504 2 17.755800 26.480000 9.869220 
303 2 18.285300 13.615900 2.016790 
1512 2 24.056200 19.874000 5.350120 
443 2 15.746500 17.546500 1.822910 
908 2 16.599700 17.095200 1.809090 
5 1 20.332200 25.078400 9.595330 
312 2 25.587500 23.076900 11.021300 
434 1 14.472600 15.692100 2.158390 
1274 1 25.395400 25.279700 4.876770 
542 1 24.120900 19.598800 5.047420 
1924 2 21.375200 25.652800 9.880040 
43 2 24.526600 25.046300 11.404100 
1810 1 22.158500 20.503700 6.367390 
495 2 23.020100 26.134200 5.752550 
1055 2 16.105400 16.266600 12.685200 
424 2 22.567200 17.731500 7.556930 
1927 2 15.502800 15.728600 0.506204 
550 1 24.831600 18.965200 0.226662 
1441 1 23.898700 14.248500 12.472600 
1031 2 26.365800 24.545300 6.832380 
602 1 17.508000 17.892000 6.870170 
22 1 22.634600 14.857600 1.230300 
177 1 25.428500 20.477000 6.297790 
1376 2 17.349700 24.882700 4.122450 
1679 2 23.996600 13.684900 5.424710 
607 2 21.851700 23.913500 12.145700 
277 1 22.452900 25.224600 3.193210 
321 1 16.718000 18.016700 10.929600 
944 2 16.112100 22.808300 12.890400 
588 2 26.155500 21.307000 6.235930 
1459 2 22.967600 21.420800 9.251050 
106 1 24.663800 21.778400 5.563390 
507 2 21.162700 23.790700 3.564960 
1035 2 14.830200 16.182600 7.890940 
1985 1 18.667800 20.269000 10.065700 
870 1 21.033200 22.439900 4.265090 
1710 1 14.123200 15.624000 5.774010 
1965 1 26.318000 25.928000 7.259860 
867 2 20.947800 21.787800 3.462740 
503 2 24.038000 18.550200 9.086640 
541 1 24.360100 15.721600 1.327420 
769 1 19.188000 25.420400 8.422830 
1815 2 20.277200 25.255400 7.729160 
1821 1 18.056200 15.499500 11.985900 
727 2 20.267800 18.993500 12.246900 
1226 1 15.254800 19.454100 3.859370 
1591 2 22.376900 21.813800 12.104600 
1909 1 15.945400 26.003300 10.840000 
278 1 16.965100 26.465600 12.611800 
100 2 21.781300 17.857600 2.774310 
697 1 14.683100 22.219000 6.982410 
520 2 18.139900 16.704700 7.067760 
455 2 25.105200 19.484500 6.422130 
1311 2 21.131200 14.601500 11.154400 
253 1 23.100900 17.422000 8.678760 
1358 1 20.889600 20.200900 12.360500 
1576 2 20.437900 24.324900 12.049300 
386 1 26.240600 19.498100 9.641470 
704 2 15.273400 22.339600 3.938880 
1829 1 25.411800 14.487700 4.318040 
999 2 17.384200 23.970800 8.077830 
1528 2 25.513800 19.754600 10.083700 
942 1 24.419200 14.478500 2.888720 
1830 1 15.723600 23.885500 6.409640 
895 2 21.101900 16.340300 7.024210 
1561 1 22.247100 15.627200 13.125400 
123 2 21.834600 26.064900 0.901689 
348 2 25.757900 13.549600 0.585626 
1470 1 22.292300 25.704800 0.139852 
1387 2 19.602600 20.935700 0.512659 
1487 2 13.254700 20.505700 0.629385 
823 2 25.557400 18.270300 0.537761 
1713 1 25.503400 17.225000 12.685100 
496 2 13.092500 15.040500 13.482200 
40 2 25.483900 19.041300 25.778600 
1854 1 17.101800 15.420700 17.566000 
1627 2 24.854000 19.602600 16.264000 
1820 2 25.229700 25.245000 24.173600 
1267 2 21.435000 16.169800 25.926600 
212 2 24.578700 17.545800 22.221300 
1280 2 23.669100 17.348300 23.672500 
1984 2 23.754600 20.280900 23.050300 
577 1 24.494200 18.573800 19.471300 
1825 1 24.890300 21.407600 23.672900 
1834 1 25.155500 21.630200 14.589400 
1893 1 16.261000 18.189500 13.715300 
109 1 22.696600 25.128000 21.650500 
224 2 21.511400 14.205400 19.800000 
8 2 17.020300 22.388500 26.347900 
1406 1 22.473600 15.087600 25.712700 
1134 1 14.175700 15.118600 14.039900 
343 2 17.385300 16.046100 23.504200 
1657 1 25.855200 23.210200 13.089300 
1429 1 18.557600 19.065600 24.998500 
1227 2 22.123700 17.922500 22.052300 
408 2 15.115300 15.616700 25.500400 
1182 1 20.091200 25.132200 17.387600 
761 1 22.365500 21.950400 18.653200 
1308 2 14.173500 21.096200 15.303100 
681 1 15.779300 24.120000 18.315400 
324 2 17.473800 23.646400 22.167100 
886 1 25.340500 17.835200 20.963300 
222 1 18.753300 23.454900 16.524000 
1224 2 22.078500 21.900300 20.267000 
150 1 20.310300 18.831300 22.289700 
686 1 24.917100 25.260200 19.339700 
322 1 21.882100 16.100000 22.411500 
218 1 20.407900 19.088100 13.799000 
1680 2 25.249300 24.920000 22.356200 
1411 2 18.178600 22.730800 25.702700 
1919 2 16.669000 14.462900 19.618000 
1191 2 14.543800 23.831700 26.668500 
617 1 14.800500 14.112800 18.554600 
66 1 17.967800 22.842900 22.228300 
1010 1 23.599700 13.948100 16.739300 
505 1 14.792400 20.567600 17.793100 
529 1 23.258400 17.155000 17.835200 
470 1 18.060500 22.874000 26.112300 
1579 2 24.534200 19.684100 23.246800 
1952 2 18.683900 23.030200 15.830400 
1954 1 23.386200 20.708100 14.468900 
1739 2 18.846000 20.370000 18.086400 
1741 1 18.965800 21.977800 17.783900 
361 1 20.188600 25.634500 23.606100 
638 1 19.808000 14.430100 25.064300 
515 2 15.027000 24.374300 16.524500 
410 1 16.975800 22.311000 15.439800 
1327 2 21.372800 19.963200 21.800800 
599 2 24.306600 22.206400 24.192700 
1553 1 16.310100 24.222900 23.746900 
1305 1 23.636900 18.693800 13.704900 
1545 1 23.979800 19.773300 22.455400 
1291 2 20.177700 26.708100 23.884800 
1697 1 21.087100 20.108500 16.545400 
1127 2 19.622800 17.978200 18.310100 
649 1 17.077200 14.901600 13.776800 
535 2 23.946900 20.090100 18.292600 
1777 1 13.562900 24.485600 25.381700 
723 2 26.169500 22.296100 13.978400 
1095 2 13.388400 21.508600 19.028200 
1241 1 17.033000 26.237000 14.764600 
726 1 23.506800 26.074700 24.279700 
560 2 16.245000 17.278300 22.648800 
315 2 23.028100 24.901300 24.560800 
1895 2 16.510400 23.701100 18.327500 
1254 1 19.523000 23.400000 19.157800 
1684 2 26.627100 24.140700 26.658800 
270 1 21.772600 13.292800 16.143500 
1064 2 20.612600 14.607400 22.647800 
545 1 18.863200 21.532800 23.067600 
134 1 15.702100 17.223300 21.784700 
365 1 16.885100 25.813200 21.216500 
882 1 18.267700 17.885300 22.142300 
973 1 23.248900 18.283400 23.007500 
1870 1 15.471400 22.126600 23.663200 
1436 2 19.780100 14.890800 17.982700 
255 2 20.350000 13.600400 22.443500 
148 2 19.954900 22.360000 15.496900 
1843 2 21.464000 18.628600 16.137700 
860 2 18.910600 22.507200 20.700000 
1575 2 19.586500 23.891400 15.342600 
385 1 14.232500 25.875900 22.258900 
1687 2 19.634300 24.222700 14.324800 
566 1 19.583600 19.500500 15.171300 
1330 1 22.890100 24.263300 26.034100 
1083 2 18.996400 23.425800 18.325400 
1808 2 16.610000 24.202000 23.215600 
492 2 14.051700 17.084800 18.482100 
1841 1 22.471700 23.861200 23.683400 
1492 2 22.958200 18.074000 18.318400 
1235 2 22.600100 22.056400 21.758000 
1624 2 17.982100 19.213400 16.626000 
1600 2 16.042900 14.345300 14.778300 
1117 1 26.325700 24.083400 24.680800 
1463 2 15.293800 16.711100 18.844000 
353 1 13.398400 15.549200 18.379500 
384 2 13.941300 25.337400 15.411600 
38 1 17.058800 23.445600 18.568800 
1882 1 19.221400 25.056800 18.970000 
731 2 17.231500 22.065700 21.755300 
1231 2 18.263600 19.321100 14.670600 
409 1 18.393700 18.810900 14.398500 
1149 1 17.907800 26.165500 24.729400 
1979 2 23.622500 17.132400 26.030600 
360 2 16.782900 22.831900 15.880800 
1004 2 15.229900 25.627400 25.390800 
1120 2 25.932600 15.566600 20.310800 
610 1 26.087400 22.308700 26.360700 
1130 1 25.645300 16.101100 17.477500 
318 1 19.053700 13.394800 17.524500 
284 2 19.884100 15.261900 24.712900 
1720 2 17.633000 16.519500 18.823000 
354 1 25.518000 24.560800 21.998600 
748 2 15.514900 17.736100 24.936100 
883 2 17.804500 16.109000 16.327000 
1647 2 24.308000 25.624600 18.763300 
1359 2 22.358300 16.736000 14.294000 
693 1 15.198300 26.191900 14.028200 
667 2 26.134200 20.711300 17.659100 
215 2 20.363100 20.640900 15.116200 
531 2 20.510500 22.987000 25.307300 
981 1 14.133400 18.184500 22.080100 
417 1 25.125100 16.149400 20.939600 
1282 1 16.667200 15.548500 20.007100 
196 2 18.782300 22.835800 18.943000 
1177 1 19.677600 16.326600 17.581400 
294 1 19.634800 18.507100 19.418800 
729 1 15.991300 24.028800 15.021000 
262 1 14.152800 22.122700 14.785900 
1164 2 18.829600 18.803900 22.937600 
78 1 16.275600 17.761300 25.225000 
476 2 26.663600 13.757200 15.216800 
584 2 18.766700 21.352500 24.563500 
1383 2 16.557700 20.000300 15.717400 
37 1 20.246500 16.807400 15.210000 
700 2 13.570200 26.740500 19.002600 
103 2 21.215700 14.232700 19.350300 
962 1 13.644500 19.588300 25.900300 
1214 1 24.517000 16.757800 23.285000 
497 1 13.475200 23.288700 22.479200 
490 1 20.081000 15.387600 21.034900 
1314 1 23.340600 15.144400 14.828700 
1328 2 22.148600 19.270100 26.173800 
1560 2 24.708800 21.464500 14.419700 
1544 2 23.391000 16.118900 25.069100 
373 1 21.148100 20.541000 21.357700 
629 1 21.016600 21.145400 18.624600 
1221 1 24.667600 18.583500 17.448500 
1439 2 19.037700 21.331400 23.514500 
668 2 20.268300 18.066900 22.208000 
624 2 18.795000 16.912200 25.477100 
671 2 15.978000 23.899900 22.664000 
61 1 20.367100 14.604100 18.592800 
666 1 26.417700 17.169900 25.691900 
1326 1 19.860200 14.690400 22.741600 
1011 2 23.235200 18.114300 16.713100 
836 2 14.103300 19.086700 19.102800 
1972 2 20.572400 18.083200 20.967200 
722 1 23.740600 24.030900 15.095700 
1329 1 14.897700 20.945500 20.774800 
1509 1 25.265300 21.821200 21.669200 
1547 2 23.185300 23.977100 15.403200 
90 1 22.600900 23.721000 20.647100 
561 1 24.477200 19.184900 24.757100 
1052 2 23.568800 25.077700 21.615700 
528 2 20.392400 25.926100 24.120600 
1584 2 23.943300 15.703700 14.948400 
896 2 16.554500 13.601000 23.372600 
234 1 16.728300 16.824300 23.748200 
1099 2 13.349200 22.488600 21.373600 
1812 2 24.103600 23.984700 15.459500 
464 2 19.795100 19.231600 13.715700 
1437 1 20.425000 24.798500 26.558500 
191 2 21.166200 20.643100 18.466900 
1070 1 19.060300 21.016700 25.871900 
1128 2 24.573000 18.844300 18.247400 
480 2 17.987400 15.251100 13.612600 
966 1 16.976300 15.587600 14.644200 
1678 1 20.343900 21.098600 21.901600 
990 1 24.933300 19.428000 18.667400 
1900 2 19.304900 17.998100 15.259200 
1060 2 20.840400 22.322400 23.886500 
407 2 24.909900 13.765700 21.846300 
879 2 15.675800 18.551000 24.697500 
1398 1 22.198300 19.205500 21.187800 
567 2 21.942900 24.409300 21.920500 
146 1 17.895500 19.340600 18.508800 
603 2 25.928700 16.874200 17.300000 
1006 1 25.297400 25.156400 16.277500 
822 1 16.295500 24.708800 26.074000 
1597 1 17.095200 13.500400 19.828500 
202 1 25.050300 13.636400 19.165700 
1229 1 21.206800 21.262700 25.816700 
659 2 22.311600 14.332200 14.849000 
174 1 23.224200 20.634400 24.642300 
1557 1 14.325700 16.096800 16.443100 
1714 1 20.764900 22.981600 14.780700 
703 2 21.816200 21.237600 18.216100 
302 1 16.686800 19.498800 16.015800 
892 2 23.497500 24.245900 16.020200 
995 2 15.533200 14.472100 16.965400 
622 1 23.170400 24.048400 16.792700 
1220 2 16.104600 20.063700 25.538500 
1967 2 14.140400 22.986700 14.039500 
1269 1 22.101800 14.587500 20.226000 
1630 1 13.677700 21.210100 16.006500 
901 1 23.319500 26.438400 17.776700 
618 1 19.284000 16.426900 24.635200 
269 1 19.609600 25.725200 20.836400 
937 1 25.906400 19.264300 24.167500 
1293 1 15.134500 25.522700 16.405800 
173 1 16.286800 18.832000 23.725500 
537 1 18.944600 16.008300 16.265800 
1093 1 15.903700 20.596600 25.757300 
1461 1 14.917200 16.147100 26.068100 
1370 1 15.055400 17.529600 24.908600 
923 2 23.355000 16.066900 20.742100 
612 2 22.816200 14.311400 20.889200 
1791 2 16.986200 22.416800 15.125400 
1196 2 16.586700 17.197300 14.520300 
960 2 20.528600 22.341600 18.437700 
935 2 26.057800 14.671200 17.750900 
1337 1 24.730200 21.372800 16.780600 
454 1 24.106400 14.907300 19.770200 
1418 1 17.543000 17.088600 18.697000 
1539 2 15.701700 17.117200 24.403100 
650 1 21.886000 18.685500 26.278500 
1247 2 19.696700 17.208700 19.636700 
543 2 24.598500 17.911400 19.990800 
442 1 15.639500 19.846600 14.736400 
1514 1 15.357500 13.486400 24.757300 
1758 1 21.424600 18.008600 15.957000 
87 2 23.440600 22.985400 20.777300 
1204 2 19.430500 24.576100 18.816400 
1926 1 20.372300 21.345900 15.091100 
770 1 18.165600 26.052300 18.173300 
281 1 13.921600 23.627600 15.127700 
692 2 21.413500 26.263000 14.377800 
436 2 22.396200 13.498000 16.410200 
1724 2 20.653600 25.580000 17.843400 
1080 2 12.991000 26.353100 21.126100 
1988 2 15.993600 25.989300 14.991000 
991 2 17.755700 26.544100 17.816200 
105 1 20.096800 21.495200 26.563500 
1079 2 23.065300 19.428100 13.645300 
899 2 13.686400 25.610600 20.938800 
1928 2 19.811200 20.801700 26.306300 
1583 2 22.495500 25.730000 18.949400 
1380 2 25.074800 13.453100 19.419200 
138 1 13.452500 20.548900 26.590000 
712 2 23.824100 14.578100 13.305700 
1605 1 24.235800 16.559000 25.713600 
426 1 17.919700 21.230700 14.168900 
