id type x y z 
1629 1 2.347510 12.643000 0.604281 
29 1 9.007550 5.706040 7.539830 
1442 1 6.736740 8.877000 13.127400 
1414 1 4.923380 7.231850 2.949800 
1032 2 2.328150 12.564800 2.968260 
694 1 9.938890 10.825800 6.318630 
1456 2 5.869570 7.654940 6.041870 
1343 2 9.877110 1.576940 13.246800 
1885 1 12.705800 3.946100 2.115470 
653 1 2.668570 2.320310 5.919100 
1359 2 0.308888 5.753410 8.862220 
1808 2 9.692750 7.493530 3.832200 
769 1 1.633970 10.906500 12.285100 
581 1 4.774800 10.732000 10.526700 
9 1 3.539770 4.850560 4.045590 
355 2 8.108310 2.572300 2.003060 
1495 2 8.954430 4.419850 5.599630 
236 2 6.416510 10.030500 1.714930 
768 2 1.409570 1.895470 5.142380 
838 1 5.511670 12.008100 3.469700 
295 2 8.173420 0.116731 2.848180 
1866 1 9.362810 11.674300 3.012040 
1034 1 9.057270 4.073500 4.321520 
1132 2 10.041000 8.556740 9.678600 
1195 2 10.429100 10.190000 2.104660 
707 2 2.643540 11.594700 13.099800 
25 1 4.274980 7.406120 12.258000 
157 1 4.929940 6.280680 7.240250 
815 2 10.370900 10.146400 6.551860 
1706 1 6.800650 8.115170 2.047450 
1509 1 7.871140 3.561890 8.378610 
681 1 5.103670 10.703900 3.014150 
159 2 3.240060 8.097990 2.955410 
590 1 6.841410 5.056080 1.300560 
702 1 8.190370 2.712670 0.025621 
628 2 2.890970 3.742900 2.111050 
1076 2 1.083380 1.049140 8.230260 
629 1 12.210100 0.900572 5.943790 
689 1 4.155470 4.363870 9.174930 
1932 2 1.783430 4.933590 6.754210 
160 2 13.169000 7.466730 12.489700 
1503 2 0.126593 0.947716 4.339660 
331 2 9.298830 8.292950 4.727790 
1241 1 2.071960 4.680710 7.479130 
941 1 0.988984 10.624300 8.422130 
498 1 9.213820 2.689010 8.075570 
678 1 8.635140 11.788100 6.674330 
550 1 10.836900 9.616880 10.755000 
1675 2 5.665620 11.044400 12.158300 
1011 2 4.707200 2.409280 3.941190 
1294 1 4.130230 2.205460 10.781100 
1256 2 5.605140 11.680400 3.313250 
966 1 4.671830 3.756660 7.761360 
1449 1 12.549900 11.565700 11.571800 
1324 2 4.394140 1.211910 5.813830 
995 2 1.870430 3.898460 6.216890 
996 2 8.677430 9.102650 4.724720 
821 1 1.479820 4.182310 5.852650 
1008 2 11.081000 11.507900 5.270080 
1293 1 0.405973 0.153825 4.172740 
47 2 11.968200 10.783400 9.098260 
1612 2 6.335280 6.830220 6.965640 
1116 2 5.907220 2.231480 4.672600 
1795 2 8.217980 10.521900 6.915770 
517 1 9.487110 8.971480 7.216820 
382 1 4.050650 12.122100 8.353350 
1524 2 2.013870 12.406100 11.291800 
101 1 11.567100 4.506210 12.146100 
1123 2 3.831490 12.726200 8.403320 
1907 2 12.818500 4.433580 10.085500 
1297 1 0.032542 9.356530 3.000310 
1370 1 6.273970 7.741270 6.840730 
1020 2 1.543750 6.368200 0.247782 
1189 1 4.882660 9.987040 0.698636 
1440 2 6.406200 11.920900 11.229000 
595 2 9.102210 7.778230 6.117670 
1536 2 9.451890 9.555540 0.656495 
115 2 1.227320 6.762260 5.655270 
116 2 8.689390 3.197690 8.231730 
112 2 12.220700 13.106200 12.043200 
4 2 9.782170 7.019500 8.308280 
451 2 13.036700 3.400670 7.027350 
737 1 9.616310 8.385320 9.106420 
1441 1 6.906200 6.337510 9.135810 
325 1 3.959980 10.930300 7.190450 
1975 2 3.498270 1.848740 2.367620 
415 2 7.815280 11.411800 9.892810 
657 1 5.096870 5.979680 9.368780 
891 2 6.885990 12.102900 12.470600 
1607 2 4.317260 7.328250 4.555100 
1681 1 12.060900 5.915090 11.300800 
731 2 4.230760 9.980130 8.710540 
847 2 11.052700 5.435330 4.155370 
957 1 8.648750 6.192220 10.552900 
1584 2 9.926850 4.457190 5.196360 
1721 1 3.243600 6.050810 7.940750 
1814 1 8.688820 0.790309 5.178720 
771 2 11.563800 4.083640 11.568600 
746 1 5.645140 9.590690 12.442300 
272 2 8.931750 3.023600 13.049100 
285 1 6.044800 0.319343 1.025560 
127 2 5.633770 2.919910 9.555360 
357 1 2.983430 0.755344 10.373700 
663 2 0.747343 10.712000 7.233760 
1543 2 6.421980 12.774400 5.578270 
1316 2 4.041950 0.496837 7.267100 
369 1 9.882030 9.287660 5.013700 
1616 2 7.014320 10.747800 9.570720 
1180 2 10.919000 1.629070 8.976850 
878 1 4.533490 8.556350 10.281200 
1724 2 7.450130 9.616560 11.800600 
332 2 12.219000 11.923500 9.160340 
525 1 4.179360 12.546900 4.716800 
584 2 0.173983 5.577610 9.124510 
1737 1 0.842185 6.099280 2.020340 
161 1 10.647400 2.028120 8.346580 
1841 1 12.884500 1.124320 1.117470 
1697 1 9.930220 2.311220 12.042700 
1541 1 9.576220 7.963340 0.854878 
454 1 1.225070 7.406220 12.034400 
15 2 7.830900 3.680440 11.318500 
778 1 9.402290 12.910100 4.969370 
1995 2 3.550860 2.340400 9.263260 
1674 1 0.514281 0.263072 6.781020 
652 2 11.564500 4.157620 2.309420 
264 2 0.364405 10.325000 1.370690 
890 1 5.011280 3.733030 0.256966 
1160 2 7.746040 6.109720 10.958900 
1044 2 2.407220 11.201600 7.065740 
1392 2 1.257840 10.155800 12.275500 
1448 2 3.583940 1.956730 10.315600 
1915 2 1.220180 1.181300 7.211350 
240 2 11.025900 0.702705 2.641510 
1397 1 9.441540 7.312110 3.378920 
1905 1 8.690880 7.245700 6.706530 
654 1 7.336130 11.507800 11.503800 
959 2 5.663080 8.219380 8.555900 
1628 2 5.009830 4.847110 7.049630 
1421 1 1.584420 3.199290 4.406080 
1059 2 3.123390 1.196510 10.005800 
1743 2 2.865120 9.734710 8.418560 
938 1 10.614000 3.000420 6.127210 
911 2 5.240350 11.739400 2.877800 
649 1 6.454170 3.513760 1.364410 
1660 2 12.672600 11.924500 0.346406 
1190 1 7.090790 1.132120 12.868500 
734 1 9.099940 11.341100 0.702830 
1590 1 6.416530 1.458080 9.281260 
1700 2 3.330460 11.846100 7.351980 
1702 1 11.813200 10.678300 2.447170 
494 1 6.951240 10.414800 7.978420 
499 2 10.549500 3.613880 7.069900 
1158 1 6.689780 10.915000 0.930898 
690 1 0.932189 13.092600 12.610900 
1933 1 5.810320 2.024630 5.424510 
171 2 7.707260 4.697140 6.647180 
281 1 4.991780 1.173440 11.023500 
1357 1 8.491230 7.432400 11.953200 
879 2 9.887490 12.563900 5.981890 
443 2 6.841500 6.432900 0.628332 
1071 2 7.742960 12.365900 3.313740 
1284 2 3.661480 8.310950 9.830420 
1626 1 6.930750 6.377650 6.533640 
306 1 8.205570 10.014200 13.134100 
946 1 12.674400 12.450200 7.815900 
1834 1 12.101600 10.304900 5.598820 
446 1 3.875550 9.489330 8.170470 
671 2 0.838977 3.419580 3.584320 
627 2 0.959820 9.112800 3.644820 
1108 2 11.891400 4.934600 11.298600 
218 1 8.311510 4.118330 10.827900 
1921 1 0.590173 3.485230 3.609270 
665 1 10.040500 7.283020 5.719270 
1029 1 11.365600 5.395340 8.460790 
1876 2 2.063360 7.978040 5.967640 
1663 2 12.198300 12.769600 0.429607 
854 1 11.853700 12.373000 4.011700 
1371 2 4.917540 7.423530 2.445200 
1851 2 10.555100 8.294230 11.079100 
811 2 7.196010 5.909260 9.468690 
192 2 5.954990 5.651270 12.053000 
418 1 6.199550 3.133160 3.682950 
84 2 2.974350 8.525660 11.831800 
1295 2 3.178190 4.195170 3.073190 
1278 1 1.395580 5.160600 6.277780 
1794 1 4.883850 1.849040 2.459300 
1508 2 12.368900 5.793860 6.965920 
1174 1 7.006760 5.039550 11.982400 
641 1 9.609730 5.632530 11.623200 
286 1 5.656300 8.285910 4.755330 
34 1 12.304100 8.312420 7.995180 
268 2 12.789700 11.307200 4.047910 
1927 2 4.710180 0.229596 11.665400 
735 2 3.888940 5.053500 8.391930 
616 2 2.206150 4.704620 5.128480 
1908 2 6.424470 10.911100 8.022610 
683 2 5.924400 7.054580 5.344680 
1920 2 5.755780 2.292740 13.167700 
872 2 9.417640 8.019160 1.447160 
1614 1 2.935450 11.244800 1.978300 
1523 2 5.923810 4.439230 2.937490 
515 2 11.039100 1.781900 4.850690 
1300 2 9.049150 0.568426 5.132280 
138 1 0.444293 7.264080 5.486470 
1547 2 2.856690 6.715990 10.211500 
801 1 11.732200 0.210617 10.865600 
730 1 7.963460 11.158900 9.797940 
1745 1 7.870640 7.105020 4.470140 
102 1 9.852010 0.668671 2.391850 
526 1 4.985770 5.450560 4.418510 
1939 2 12.690300 10.960400 11.961100 
1645 1 7.683040 1.150450 2.704270 
1828 2 8.372990 0.305777 1.232790 
1854 1 12.280400 11.870300 8.415020 
345 1 3.327190 7.563210 2.696650 
553 1 12.049100 6.312140 4.392230 
1746 1 1.232440 1.366240 8.280370 
675 2 11.681000 0.570123 1.704250 
1843 2 5.320180 10.325300 1.639750 
428 2 9.782530 10.644900 13.019400 
881 1 2.188880 12.409500 10.150400 
18 1 2.195920 5.739400 11.923000 
81 1 8.837100 9.710830 3.690110 
1225 1 3.168470 4.599280 1.604730 
1028 2 7.223190 1.196670 10.012800 
1886 1 1.483260 5.667840 3.635220 
1017 1 2.128530 7.856740 4.044940 
1406 1 6.667210 6.969850 11.827100 
57 1 2.198450 8.646170 12.755100 
1362 1 10.774500 8.620490 1.416070 
817 1 2.274910 9.948830 6.874010 
819 2 0.919139 11.616800 4.788920 
1984 2 2.926360 8.797130 3.142670 
1598 1 4.508810 2.215310 4.540980 
1824 2 5.035910 9.058800 3.845110 
152 2 11.865900 4.390970 12.860200 
1583 2 6.573100 7.773500 11.851900 
45 1 8.580760 6.150690 1.966760 
886 1 12.120100 8.449800 13.136900 
698 1 6.998290 12.408100 4.896710 
1954 1 4.528320 8.608160 3.970280 
76 2 7.062850 4.415510 1.850180 
390 1 4.707220 3.385160 12.371800 
1701 1 2.024890 3.047950 1.746970 
1095 2 9.398560 5.931580 11.715800 
256 2 11.502200 7.470470 6.487750 
1270 1 10.616500 5.006410 4.595620 
255 2 1.801700 6.360940 12.321700 
1515 2 12.303400 3.717910 1.178680 
1600 2 8.102160 12.275500 4.841800 
213 1 13.227000 3.735310 0.892357 
591 2 12.365000 12.971700 9.038100 
1067 2 11.483400 9.501800 10.246900 
1409 1 0.932786 2.253720 8.926550 
758 1 12.424300 3.584260 11.090700 
427 2 7.627060 6.383290 0.545074 
273 1 3.642200 11.097000 13.048300 
189 1 9.049950 11.063300 13.176200 
27 2 3.497960 11.839200 0.027482 
220 2 10.365100 1.721310 13.392500 
1137 1 9.382920 4.671800 18.266000 
530 1 1.971970 6.787410 26.382800 
387 2 0.672210 5.347550 15.563400 
979 2 6.371370 7.476810 15.054400 
232 2 4.058880 6.290440 18.420400 
67 2 2.522940 7.090740 24.903800 
1341 1 8.335770 10.102100 17.421100 
492 2 0.679052 7.955800 20.968700 
1407 2 3.646080 1.788290 25.813200 
1627 2 2.962800 12.794500 20.103200 
952 2 1.131870 12.006100 24.094500 
1134 1 5.809450 2.088880 16.799900 
805 1 6.665540 6.483450 20.876800 
1175 2 3.648410 13.059600 22.623000 
1274 1 6.153230 2.037520 24.605800 
1970 1 13.032000 6.769980 16.570600 
488 2 8.491340 9.466620 20.672000 
1272 2 6.247900 3.375730 22.692300 
1714 1 1.102430 2.360560 20.225100 
1956 2 10.499900 2.441650 24.231600 
1239 2 6.507680 3.327460 16.992300 
1221 1 12.736100 8.495600 24.944200 
459 2 2.290630 5.441900 17.669500 
1657 1 3.793180 12.811400 25.384800 
399 2 9.538290 2.509060 24.749400 
65 1 4.025190 4.257070 13.952900 
1640 2 11.334100 9.028090 20.486000 
1352 2 2.072970 12.591100 22.982900 
1648 2 3.833710 8.404420 21.250500 
761 1 10.983800 11.723600 24.503900 
1671 2 7.079370 6.483840 19.443200 
1673 1 6.606600 1.032920 22.089300 
250 1 13.184000 13.245200 20.993400 
215 2 3.949830 5.700890 13.707100 
1565 1 7.529710 10.661400 20.109600 
1152 2 2.697720 2.385460 19.503000 
894 1 4.608680 7.258250 17.600500 
1282 1 7.558020 8.092720 23.376900 
1552 2 12.582200 10.536500 25.874300 
1723 2 8.902660 10.552900 14.579900 
1056 2 6.990210 12.809300 15.278400 
1391 2 4.335690 4.050820 14.808300 
1173 1 4.802540 5.869020 13.798700 
1996 2 0.288199 0.286044 13.507800 
1848 2 8.799990 6.944230 13.957200 
1500 2 11.767400 2.352990 20.355900 
806 1 7.778850 8.063060 15.455800 
1043 2 0.002953 0.465268 21.582600 
567 2 2.511480 9.960920 17.135900 
775 2 12.655800 5.051770 21.490500 
1516 2 5.176380 3.521660 25.353100 
153 1 2.647860 0.715412 18.744700 
1235 2 8.290840 7.595220 14.669600 
1369 1 4.836500 11.177500 24.644300 
762 1 9.485140 2.566230 14.505700 
745 1 10.128000 2.382260 19.795500 
253 1 10.604600 2.652200 24.516600 
939 2 8.161910 2.104670 24.789400 
169 1 3.728250 1.364750 21.697800 
1000 2 0.407103 2.682820 17.733300 
1872 2 5.655420 9.605800 17.274900 
1943 2 3.263470 5.923090 20.342000 
1989 1 10.557400 5.143820 20.071100 
575 2 3.173150 0.408702 15.737900 
16 2 5.738990 2.931140 25.611100 
1466 1 2.598240 4.572780 18.015600 
1741 1 10.047400 9.731500 24.085800 
1867 2 13.082200 5.047750 15.774900 
1610 1 5.179220 4.033870 21.611300 
853 1 0.370392 4.589660 23.913600 
1378 1 0.757585 3.582250 22.812300 
599 2 9.922860 7.884600 20.363600 
1838 1 12.082500 3.836970 16.241800 
983 2 5.191630 2.712020 21.375500 
1474 1 0.380168 11.416700 20.794700 
1839 2 5.017300 2.826340 21.552800 
375 2 8.316520 11.526500 17.051000 
612 2 2.731220 2.089690 21.879900 
42 1 7.917930 3.894790 16.387200 
400 2 1.611650 7.793740 17.800800 
929 1 11.227300 9.294550 22.415300 
1314 1 8.835710 6.791790 25.829300 
385 1 6.011950 7.432580 25.936200 
1431 2 11.248100 8.486350 23.034400 
843 2 6.530830 1.980410 24.045500 
447 2 2.681020 8.712890 13.706400 
141 1 1.961650 10.135700 18.407200 
940 2 8.896190 4.962460 22.869200 
1985 1 5.626030 4.268330 17.493800 
321 1 4.063890 1.841580 20.212000 
162 1 8.822990 10.492500 16.030100 
523 2 11.161500 12.220500 21.826500 
1830 1 5.128210 2.695870 23.051900 
1558 1 4.818830 9.511930 24.253000 
1556 2 4.370830 8.417060 26.196300 
1566 1 0.272827 8.269290 23.900100 
1874 1 2.027470 7.229670 15.420400 
1705 1 12.138100 4.314900 13.444000 
1472 2 5.672990 2.898460 21.483900 
1429 1 7.141600 6.465430 13.813700 
1806 1 11.940000 12.886500 16.252000 
1740 2 10.230100 10.111600 16.465700 
352 2 3.962770 11.897700 14.316400 
516 2 12.324500 4.935050 24.424400 
1049 1 6.671480 10.506500 21.417400 
1809 1 2.470480 8.192300 21.810900 
1377 1 4.275960 8.090690 21.068600 
1271 2 11.929300 1.340320 22.638700 
293 1 9.111360 7.146910 14.124100 
1171 2 2.424850 1.101840 18.481900 
613 1 0.343268 5.785840 19.626000 
634 1 3.436970 11.158500 19.406600 
1264 2 1.851510 12.085700 22.586800 
1451 2 5.454890 9.735280 15.339400 
1154 1 2.821900 6.139020 23.392900 
377 1 1.448840 5.865850 25.519100 
1460 2 2.473310 2.385200 16.073000 
609 1 6.221860 0.152655 19.390300 
329 1 12.449000 6.124030 24.713100 
1038 1 8.959410 0.241486 17.048600 
605 1 5.118450 11.067200 17.598600 
1570 1 1.358890 0.178990 24.202700 
301 1 11.764300 10.469200 26.523300 
1334 1 3.476800 13.114400 17.496400 
598 1 0.552714 4.231410 15.153100 
1597 1 8.583690 12.254100 15.111500 
1216 2 7.819890 8.740620 14.556700 
274 1 10.067600 12.869400 26.403800 
1877 1 12.739000 2.062060 18.306900 
978 1 0.678050 4.038740 18.253600 
1589 1 2.831000 8.013800 19.104000 
1101 1 11.950700 1.894690 22.733700 
88 2 3.285200 9.068920 17.011900 
433 1 9.086240 13.028200 19.760200 
1898 1 6.132790 10.573400 25.213200 
30 1 3.622180 11.918000 21.568000 
1401 1 3.077690 5.088040 16.419900 
1121 1 3.164740 3.954720 23.706500 
753 1 3.384280 3.424520 20.767400 
1537 1 4.874940 7.281640 15.540700 
1459 2 5.239630 11.219900 24.933300 
131 2 11.021900 11.464300 15.795700 
935 2 7.975000 7.750720 23.115600 
463 2 8.431460 5.211210 19.455400 
342 1 2.441470 12.360800 21.166400 
776 2 3.984060 11.577100 19.273900 
743 2 1.836370 7.073080 26.288800 
436 2 8.524030 6.153440 18.484400 
511 2 5.891250 8.452070 25.299600 
1562 1 2.815180 1.194230 25.746100 
1765 1 10.063100 0.621554 21.722900 
1530 1 11.768400 12.517900 19.787900 
696 2 2.743280 12.575400 15.930000 
518 1 10.835800 9.723830 20.461300 
1695 2 6.693980 11.796600 19.954100 
1149 1 11.620200 8.343230 20.060700 
487 2 3.717290 3.785500 25.059200 
963 2 12.233300 8.396170 16.907700 
1499 2 2.451340 12.719700 20.056900 
1958 1 8.326040 4.630680 21.368700 
1185 1 10.485400 12.026700 14.233900 
445 1 10.856900 13.006000 21.555400 
1080 2 2.931830 4.444900 18.074800 
1977 1 11.001600 6.482260 17.568100 
867 2 10.022900 5.713070 15.636500 
1767 2 9.598010 2.528720 15.982300 
1220 2 13.071900 7.023930 25.458000 
60 2 0.798246 10.042600 25.762000 
1605 1 -0.001915 12.328400 15.579800 
1298 1 10.071000 8.091500 17.070500 
833 1 10.334000 2.726910 21.593000 
1575 2 5.474080 8.710480 20.977500 
961 1 8.879490 12.445800 23.466000 
455 2 8.704610 11.095100 24.350500 
233 1 9.178090 7.146790 20.758000 
1650 1 7.257970 3.440630 22.919100 
1240 2 9.686600 5.333060 17.582300 
1775 2 11.699500 9.659480 25.114300 
305 1 12.506100 3.795000 22.726700 
1159 2 6.598050 6.328030 13.824000 
1993 1 8.270880 4.359050 24.317000 
796 2 0.370320 6.717260 16.559900 
658 1 10.706800 3.347980 26.043300 
552 2 4.144220 6.452800 14.576100 
750 1 2.761320 13.230500 14.020400 
651 2 7.407230 1.018100 16.169800 
736 2 6.509610 4.767570 16.244300 
1778 1 10.506300 4.154940 22.406600 
278 1 3.481050 2.616950 16.019800 
1332 2 8.180750 1.784120 19.101800 
113 1 11.068000 5.579180 13.881900 
247 2 10.223400 2.679730 20.858000 
1169 1 2.844690 9.674760 16.315400 
470 1 2.466550 13.067100 22.525200 
1277 1 3.828020 8.136210 25.976300 
760 2 10.678400 6.101790 21.166500 
474 1 5.212460 10.376200 15.334700 
1652 2 10.835200 12.844100 20.527700 
1465 1 2.913650 0.857689 13.407900 
1247 2 8.176400 1.495820 20.586700 
1666 1 4.040190 1.628620 24.846800 
1998 1 11.672300 0.526253 23.752500 
1243 2 1.479590 12.816500 13.626200 
1712 2 8.959100 12.952300 15.033900 
1286 1 7.748320 12.832500 19.640800 
1273 1 1.800250 10.240400 24.815000 
437 1 1.325110 1.705050 15.940800 
898 1 9.113030 9.941420 25.512500 
1248 2 9.344050 1.296880 20.888300 
1811 2 2.073920 9.088790 19.267700 
1636 2 12.193200 0.050434 25.170900 
1844 2 13.177000 11.719200 22.425400 
1883 2 10.348100 5.177570 20.298500 
336 2 5.802890 0.465542 17.850200 
754 1 8.411930 12.849700 17.390700 
348 2 3.505690 5.662290 23.084900 
493 1 3.986530 11.545100 14.283500 
967 2 0.423939 11.714500 22.594000 
1024 2 5.540850 0.499675 24.299400 
1797 1 7.258530 3.896370 18.611300 
1382 1 0.415532 13.166100 23.859800 
1140 2 6.161020 8.908840 24.493200 
1321 1 6.149870 0.212921 24.396600 
636 2 9.646600 8.874740 24.226700 
1497 1 7.756910 6.363290 17.987600 
472 2 5.537440 10.673900 24.614500 
340 2 9.424410 11.839300 25.629200 
558 1 8.214260 1.161460 20.719500 
893 1 12.443900 11.630900 23.408400 
1308 2 8.020640 0.885894 19.983900 
147 2 0.801948 4.047240 23.779200 
266 1 0.722322 0.903241 13.870300 
85 1 3.763540 0.038774 16.892700 
1591 2 11.517500 0.246072 16.101400 
1780 2 10.144600 12.061200 22.887200 
227 2 2.954400 1.100240 13.386700 
1207 2 5.774900 1.496690 26.121800 
528 2 3.942750 12.629600 25.756600 
1384 2 7.657660 5.588840 26.535000 
884 2 0.836562 5.565210 24.670400 
1965 1 12.791700 12.339600 13.956300 
200 2 0.686833 12.126300 15.102100 
1631 2 0.458200 8.103390 25.032600 
755 2 13.028600 2.928810 24.941100 
672 2 8.285500 12.846200 20.151000 
1962 1 4.839010 12.228500 25.917700 
1925 1 8.517170 21.730100 8.364510 
51 2 8.240220 25.214200 3.564670 
1840 2 11.999300 25.842500 6.512380 
208 2 10.425500 16.667900 6.981610 
388 2 9.972530 18.515600 2.194690 
246 1 0.304994 15.015300 5.804120 
1588 2 13.166900 14.967700 4.021200 
44 2 8.146210 22.350500 12.742600 
637 1 4.769560 22.651900 9.719230 
509 1 0.532450 21.825700 7.248510 
1147 2 10.961900 16.892500 7.096520 
435 2 10.047200 18.668200 9.347680 
359 2 3.517750 21.103200 11.878600 
936 2 13.056600 25.204100 1.180010 
312 2 3.992200 16.567300 7.851410 
993 1 2.600680 25.386800 1.127780 
1335 2 3.480520 20.861200 4.044560 
26 1 3.074220 20.613000 4.905920 
909 1 6.610800 14.544900 3.115710 
1871 2 11.066700 19.710500 6.566530 
989 1 10.980300 24.568200 1.724870 
1815 2 12.745500 20.862100 7.779920 
1307 2 11.641600 17.531500 6.609670 
1010 1 11.664100 21.448700 1.801780 
1457 1 1.837330 16.227500 3.086230 
468 2 7.826610 17.692900 9.415020 
589 1 6.100960 21.974700 0.881495 
309 1 5.476290 23.622500 0.874022 
1312 2 12.748800 14.010000 6.800160 
13 1 1.045990 22.693800 3.723740 
1375 2 5.957860 16.930100 5.715870 
1079 2 11.642900 17.506900 3.711940 
1734 1 12.004700 24.058000 8.177000 
143 2 8.289590 15.543600 2.875570 
1864 2 8.059920 19.416300 11.193300 
311 2 11.961800 23.712600 8.459570 
1529 1 8.910860 21.623900 0.634281 
1941 1 6.050930 14.126400 9.897120 
554 1 10.900600 18.676600 2.400860 
1042 1 10.053600 26.276400 3.548600 
1030 1 9.898260 24.358100 12.558800 
1788 2 2.611230 15.421900 7.404090 
1557 1 2.738090 15.663400 1.208570 
1265 1 8.426080 25.823900 11.954300 
1473 1 10.882300 17.001400 4.782700 
505 1 4.763110 21.461700 7.032590 
95 2 1.661300 14.566000 9.045330 
1037 1 12.110300 20.868400 7.400240 
1914 1 6.497470 14.971700 8.582330 
992 2 12.606700 23.449700 10.704000 
1193 1 3.015270 13.461700 5.801920 
155 2 1.173640 17.761600 7.289610 
1617 1 11.821300 15.492700 11.379200 
1363 2 11.436800 15.728700 9.821450 
1594 1 7.424500 24.142000 12.476500 
1972 2 11.143800 24.010400 0.963879 
827 2 7.495830 23.531700 12.308800 
1637 1 13.014300 14.647000 5.927780 
1 1 3.715470 14.224000 12.411400 
1520 2 4.821830 13.937900 9.511480 
412 2 0.281843 20.457100 9.060450 
2000 2 6.833440 24.685100 3.695520 
476 2 7.001250 20.178200 3.805050 
1257 1 12.996900 16.888500 6.769890 
804 2 8.778380 20.776000 7.572520 
583 2 5.038170 23.480300 7.900930 
1338 1 6.022200 16.869100 4.447470 
242 1 0.506295 17.782200 8.534730 
1209 1 7.388320 13.338300 1.993980 
423 2 2.818920 19.152300 6.630920 
820 2 2.050540 25.237300 3.559620 
1902 1 8.129050 17.189100 1.957500 
1268 2 6.829610 17.568400 5.563980 
1291 2 9.541760 22.360000 12.001600 
860 2 6.127800 17.485500 1.117200 
1315 2 5.203940 24.121800 10.552900 
1733 1 3.913060 17.102900 11.413500 
786 1 5.014000 23.555700 6.335450 
1262 1 7.024620 25.131500 8.348690 
194 1 5.364270 24.418600 11.152300 
1952 2 9.863950 16.462800 2.099740 
350 1 11.726800 17.643000 3.624020 
297 1 3.445370 21.474900 4.120680 
478 1 10.059600 15.977700 12.282600 
1560 2 0.670740 18.649200 0.084111 
134 1 3.816450 17.097700 6.087260 
555 2 5.670970 21.739300 2.921120 
791 2 5.835580 13.908100 9.864230 
1922 1 5.590730 18.351400 8.656570 
1122 1 7.867040 25.989100 0.065120 
538 1 7.150190 20.934700 4.382530 
296 2 5.115800 20.977900 10.570400 
1604 2 1.189660 21.873700 8.807630 
715 2 10.395300 25.940100 9.766600 
1982 1 9.480960 21.958900 4.044480 
1488 2 1.541540 19.832100 4.481670 
1550 1 1.836050 15.228200 8.668340 
862 1 12.085700 16.620100 1.293100 
1489 1 3.448250 21.281400 11.353700 
1586 1 6.510360 19.464000 2.142120 
864 2 3.759780 24.490600 9.524410 
1829 1 9.541780 22.554600 7.531960 
533 1 9.706750 18.290700 10.083000 
1849 1 7.625340 25.018100 5.553860 
480 2 11.570700 16.252100 13.099100 
1427 2 8.885650 22.217700 1.050240 
749 1 3.417960 24.376400 10.084700 
70 1 2.396820 18.435800 4.201930 
1279 2 11.454700 15.790300 13.086900 
976 2 0.617022 23.967300 12.932400 
1801 1 1.458200 25.935700 5.247220 
1896 2 2.902040 17.990400 5.241790 
21 1 12.217400 13.684100 9.044950 
1512 2 1.579390 25.263600 2.570610 
38 1 3.285850 23.417900 2.516870 
283 2 5.780160 16.872300 12.929100 
467 2 9.072360 24.845400 12.528800 
1810 1 3.619270 17.085100 7.434010 
393 1 12.028100 17.919500 9.102030 
174 1 2.633250 19.985300 7.987840 
764 2 8.928480 15.764100 8.866470 
895 2 10.089400 19.315600 12.252600 
167 2 6.631510 20.841700 7.585210 
1621 1 4.521190 14.178100 12.894200 
953 1 5.328850 16.694100 8.138250 
1924 2 0.938803 15.171100 10.548400 
873 1 1.553630 15.431400 12.971200 
1094 1 8.957540 20.875300 10.073300 
1602 1 9.945660 22.363400 12.374500 
1203 2 2.529420 15.972000 4.423040 
1654 1 1.336620 20.505500 3.110880 
263 2 5.613400 20.849500 12.235400 
717 1 4.477100 13.887900 6.874390 
92 2 2.328890 21.293600 12.525500 
582 1 7.472550 22.310300 12.357500 
409 1 5.913810 19.609600 12.210900 
570 1 10.695900 17.517800 7.179080 
559 2 2.359250 24.160100 3.549080 
1936 2 10.709800 20.177700 5.800470 
907 2 6.122210 15.884000 12.656400 
1641 1 5.824520 16.820000 11.787400 
1754 1 10.964200 18.280300 12.241200 
206 1 7.709110 18.949900 12.403400 
180 2 2.483460 24.281600 7.684280 
310 1 4.391340 25.132900 0.364441 
1968 2 4.682370 18.499400 2.001440 
54 1 2.733850 20.050700 11.836100 
981 1 10.257200 15.788400 9.564880 
661 1 10.191600 18.464600 5.441500 
579 2 3.683330 17.656200 3.787510 
1290 1 0.673573 14.780100 12.274600 
73 1 0.579862 17.510300 6.283270 
444 2 12.983000 22.453300 6.990020 
1436 2 6.646150 24.809600 9.261300 
1823 2 9.153660 13.806100 0.634193 
1819 2 10.423700 14.028100 1.881880 
119 2 9.795020 21.510800 4.609710 
1302 1 8.071930 15.518500 2.603150 
1858 1 11.637400 14.664300 4.206550 
1289 1 10.028200 25.837200 10.603900 
920 2 12.650100 19.950500 9.126340 
1967 2 4.236630 25.126500 7.350500 
111 2 5.110540 23.913700 3.553590 
1131 2 8.984290 21.589300 9.095990 
1320 2 3.812780 14.046100 5.463440 
947 2 12.426500 18.494700 0.516003 
1424 2 11.805900 19.968400 13.190400 
1480 2 1.416220 15.913500 0.371797 
1974 1 2.201770 21.535700 8.709840 
1237 1 11.890600 21.344600 10.465900 
863 2 4.623530 15.884100 8.918670 
1859 2 7.000660 17.342700 7.255700 
1288 2 4.188270 20.662200 6.877780 
1555 2 2.836650 22.002400 9.199890 
818 1 2.805020 25.440600 8.109020 
1031 2 4.615590 16.230900 11.794900 
1538 1 10.970800 13.845300 2.167090 
740 2 10.618600 21.812900 12.075300 
363 2 4.255640 20.745800 1.543090 
1305 1 11.293300 18.984900 7.245960 
1475 2 6.524810 17.112600 8.989790 
697 1 3.877320 14.925300 4.544350 
999 2 2.515580 18.473600 11.739800 
121 1 0.164946 20.362400 8.836170 
602 1 8.285860 19.746900 7.612180 
1336 2 7.996720 25.288200 13.256300 
561 1 3.626420 19.758900 1.546070 
824 2 7.196340 14.251200 2.222960 
196 2 11.110300 17.104900 9.527940 
166 1 4.826020 14.540700 10.596100 
727 2 2.406460 22.593900 2.394160 
1346 1 11.239300 16.501700 9.219580 
120 2 5.884480 22.864400 5.606880 
1405 1 1.770560 23.582500 11.253400 
481 1 7.510630 25.625400 4.272170 
1276 2 1.840120 17.924600 12.691600 
1006 1 6.977600 24.028500 3.660140 
126 1 8.173790 15.531900 6.725830 
1206 1 6.402540 18.399000 6.968740 
1413 1 12.059400 26.401900 8.295860 
1716 2 8.102460 20.914800 3.625010 
1948 2 3.729570 24.253300 1.208570 
417 1 11.977600 19.639600 13.221900 
1642 1 1.236420 17.330600 12.777100 
176 2 0.876573 22.276100 3.484170 
1434 1 12.485200 25.592800 0.998571 
1577 1 5.464260 23.663400 8.697710 
826 1 0.811880 17.970900 11.059700 
265 1 9.691730 20.814700 6.290320 
1704 2 13.080400 14.720600 0.528104 
816 2 8.872680 23.904800 8.023640 
1170 1 2.392920 23.785400 1.039970 
861 1 1.428610 24.591200 3.575170 
1483 2 12.170300 20.450400 4.043410 
158 1 12.504000 23.514500 10.902100 
1771 2 3.092310 14.020900 3.011130 
620 2 8.450290 15.095200 12.429200 
1263 2 0.006918 25.903400 10.177100 
594 1 7.615690 15.570100 12.387400 
856 2 12.621900 17.200900 8.674560 
1098 1 12.487900 22.717200 5.214990 
597 1 0.140090 25.055800 9.368000 
199 2 0.221490 24.273900 5.837730 
83 2 12.518400 15.362600 3.474720 
193 1 3.973460 26.148500 8.164160 
338 1 12.378600 17.212200 0.241115 
1224 2 6.946560 17.010700 0.449918 
1881 1 1.393230 21.151500 13.055200 
1232 2 13.214600 20.785900 1.684190 
333 1 0.064864 21.017600 12.683300 
1969 1 0.553374 20.210600 4.998840 
145 1 0.166974 17.016600 3.766590 
1367 2 13.022700 25.809000 0.350190 
1928 2 11.866500 26.483900 11.124700 
1900 2 10.043100 13.451100 2.441100 
633 1 8.527610 26.399400 13.134300 
1023 2 7.591550 26.427000 6.906980 
69 1 3.566060 17.452100 12.971300 
842 1 12.226300 17.458200 23.320000 
1790 1 4.666060 23.487100 20.320500 
1025 1 4.008300 20.698800 20.982600 
925 1 0.338054 18.678700 15.545300 
52 2 4.819840 22.132100 19.841200 
1762 1 1.600370 25.316400 21.441200 
1119 2 8.818680 13.584400 19.644800 
1303 2 6.710810 22.283500 24.194200 
851 2 9.271480 18.287000 16.276700 
1736 2 0.614451 23.998300 22.221900 
1478 1 10.746200 23.531400 22.209700 
1215 2 11.184400 21.251300 15.714500 
1836 2 0.889279 18.689300 15.183600 
1619 2 3.515120 13.267900 16.735300 
1738 1 2.576150 21.928900 20.940800 
767 2 9.852890 16.998300 21.392000 
1141 1 4.724580 22.856900 23.177200 
1959 2 10.128200 15.430600 14.185000 
531 2 6.574410 15.124900 24.486200 
541 1 0.097184 19.934400 18.956400 
841 1 1.752630 23.148200 22.190200 
1879 2 3.097130 20.643900 21.572900 
37 1 9.780430 14.718500 25.451600 
1476 2 3.440470 23.709600 20.916200 
949 1 3.340070 13.660700 18.563000 
1533 1 2.685530 21.723600 23.540200 
719 2 8.950780 14.323000 20.203200 
1906 1 6.262380 13.369400 24.569100 
367 2 9.669940 25.023300 20.511700 
150 1 1.013420 22.581300 16.043000 
1366 1 11.201700 14.200400 22.177100 
411 2 5.273970 21.677300 18.398300 
1002 1 6.849650 26.016700 15.211200 
279 2 11.702200 24.119700 17.531100 
106 1 4.541430 18.044300 23.841300 
1255 2 4.036220 22.118200 15.983300 
260 2 8.447090 14.895900 22.614600 
1086 1 1.838140 17.293300 21.839700 
1258 1 11.321700 26.499600 16.110200 
1019 2 12.660600 15.471500 21.741600 
314 1 1.350290 15.114700 17.296800 
921 1 9.176000 18.770100 22.174400 
313 1 0.785086 14.492400 22.253000 
298 1 10.371300 18.744800 17.183600 
99 2 12.530500 17.874200 26.431700 
601 1 7.843380 17.480400 17.910000 
1143 2 6.246160 18.083200 24.213500 
308 2 12.403200 25.141900 20.590500 
440 2 0.615329 16.913600 23.005700 
695 2 10.280000 23.076300 24.502100 
1244 2 7.916320 26.017300 14.345000 
1913 1 4.006670 24.611300 24.312300 
738 1 10.918400 25.467300 17.510200 
951 2 3.741250 20.772100 22.980300 
610 1 6.409850 24.121900 23.047000 
852 2 10.465600 24.329900 15.551600 
234 1 8.547790 24.399900 16.297000 
1197 1 7.094130 20.962400 20.279200 
1685 1 10.508700 18.976400 23.113700 
1176 2 0.180964 14.605400 17.632300 
660 2 1.919030 24.146100 16.481000 
1599 2 0.651246 25.046700 21.769300 
751 2 6.458670 21.761800 19.925500 
212 2 4.043780 13.559800 18.257600 
228 2 0.059621 23.173200 25.460600 
1635 2 5.909310 25.027300 22.447900 
688 2 6.587730 16.602600 19.541400 
410 1 6.485580 17.250800 20.796800 
1317 1 8.935090 14.361000 14.143800 
123 2 13.039600 21.717000 13.471900 
1670 1 8.721880 14.723500 16.629100 
49 1 8.022150 15.170600 18.584300 
442 1 0.092103 24.322800 14.218800 
1078 1 2.900830 16.824900 17.790100 
1888 2 9.996740 17.727600 13.625000 
1387 2 9.703790 19.289400 21.909800 
254 1 1.042850 25.698400 18.310700 
1947 2 8.304620 15.950500 20.106400 
124 2 2.465920 19.956800 21.209300 
1981 1 7.824510 17.582600 22.788000 
486 1 12.132400 15.896800 15.157300 
527 2 2.228910 25.758600 24.230200 
391 2 12.136200 23.560900 25.788100 
461 1 9.181540 21.400200 22.921800 
1783 2 4.677490 24.584100 26.459400 
706 1 2.722050 25.250800 14.336000 
14 1 7.173570 25.894800 17.973400 
932 2 5.300760 25.480700 21.110600 
1186 1 11.063600 22.524600 21.147700 
1715 2 1.223830 24.455900 17.087600 
622 1 6.363050 14.894000 24.681000 
1713 1 11.599900 15.493000 23.216700 
1549 1 9.669900 17.487100 14.736400 
1389 1 6.565540 17.971400 25.946300 
711 2 12.704400 17.755400 22.882800 
532 2 4.688410 20.490400 16.260700 
1112 2 8.358000 21.311400 25.268200 
77 1 0.056026 15.869300 15.438100 
1862 1 10.211100 18.641600 19.427600 
1764 2 9.622860 22.864000 19.450500 
723 2 8.802840 23.714700 17.222700 
290 1 12.149000 18.095000 19.423700 
1219 2 0.834733 16.492900 20.587000 
148 2 6.663440 21.820600 21.065600 
942 1 2.873150 13.446500 16.190500 
709 1 8.567490 15.187200 22.954600 
1339 2 6.621470 16.936600 19.104800 
1426 1 4.528070 21.252900 17.709400 
1318 1 13.037300 26.017700 15.234800 
223 2 1.802260 25.315700 14.196600 
904 2 11.485900 15.161100 17.092200 
1403 2 11.555600 23.340900 24.830800 
922 1 4.709580 17.914900 18.728800 
1199 2 5.700190 17.369000 21.434400 
522 1 12.809700 23.982500 20.937500 
386 1 11.807000 19.485600 20.729800 
1528 2 12.912200 25.634000 21.402400 
224 2 6.799200 20.061200 18.475100 
792 2 6.381730 24.563200 17.547900 
668 2 0.569221 21.085100 14.936300 
53 1 12.777600 21.431700 18.489500 
1198 1 9.217890 14.231500 21.161200 
1226 1 0.425380 21.372000 24.009800 
1066 1 11.020400 19.677100 18.024300 
1064 2 1.213600 17.662200 20.205800 
372 2 5.837890 15.474400 25.267900 
425 1 0.021173 23.746200 20.555100 
997 1 8.052100 26.223600 24.138900 
1665 1 1.889250 17.515500 22.860400 
1643 2 3.377330 17.549400 17.685300 
1452 2 3.694260 18.723400 23.342900 
68 2 5.438460 18.361400 18.192100 
1720 2 4.967660 24.209100 26.166600 
958 1 11.959700 14.818800 19.435400 
1951 2 9.619720 18.285600 25.506700 
625 1 10.862500 23.660400 17.019100 
1296 2 3.921920 16.823500 18.054700 
994 1 9.822280 18.235000 26.322200 
1945 1 4.153470 17.179800 21.907400 
1249 1 10.809100 16.661400 21.256000 
782 1 7.566630 13.914800 23.748000 
800 2 0.675844 21.365800 17.966400 
832 2 12.571500 20.405000 23.605500 
759 2 5.140920 13.450300 26.399200 
1425 1 12.299100 23.513900 25.162700 
1964 2 10.828500 17.400600 25.946900 
1973 1 1.528490 17.333900 26.150000 
1021 1 3.188140 19.303700 21.975600 
466 1 4.325730 17.157000 16.123600 
198 1 9.138400 24.403400 20.745100 
58 1 8.580990 17.708100 21.441300 
1763 2 11.474800 17.742400 17.088700 
449 1 10.367600 25.484500 19.037000 
578 1 9.401020 22.054300 25.051700 
1620 2 9.025520 17.812300 23.021700 
1005 1 10.381000 19.500900 13.424500 
1040 2 1.093150 26.422500 24.133100 
1380 2 9.604890 20.604800 15.344600 
849 1 11.129300 15.453600 13.330900 
130 1 6.186080 26.195600 22.371600 
1304 2 11.545500 25.729700 24.155100 
1966 1 12.439800 25.991600 25.736700 
692 2 2.183370 22.021600 17.691200 
104 2 4.673930 16.478800 18.035700 
927 2 12.619600 17.704400 18.899700 
1351 2 3.256870 16.172200 24.795400 
1354 1 2.648490 22.375600 17.100800 
1358 1 9.056240 17.988300 16.216200 
1576 2 12.665200 23.035100 14.083200 
965 1 8.150510 23.130100 20.881200 
1727 2 7.336260 21.040100 25.513700 
1694 1 8.221410 22.185800 18.846600 
1107 2 9.525480 14.909100 25.787000 
708 2 5.276700 24.185400 22.906400 
1124 2 8.391410 24.649200 26.193000 
588 2 8.189420 17.776200 22.371400 
830 1 9.746040 15.802800 20.194600 
1172 2 3.411010 22.928700 22.816500 
20 2 5.751290 22.648800 13.506100 
933 1 1.105620 14.409200 19.646400 
1058 1 5.956660 15.592400 26.478100 
1644 2 3.649160 16.871300 14.725200 
426 1 9.410860 20.165200 14.777600 
954 1 4.794530 19.928300 15.932600 
406 1 6.480550 18.710700 18.224500 
1484 2 11.862900 18.410800 16.791200 
1870 1 4.488500 21.602600 19.623300 
458 1 6.299750 17.183800 18.920200 
1703 2 3.887660 17.228300 16.465500 
773 1 3.989500 23.149600 16.409200 
693 1 13.059600 23.382800 13.704800 
1805 1 4.501730 15.783100 18.577000 
12 2 10.117600 19.413000 19.560300 
536 2 4.972700 25.552800 13.658600 
713 1 6.853900 20.979300 16.216300 
1229 1 11.620000 23.857000 19.465700 
1608 2 7.243980 19.686600 18.195300 
1035 2 2.359070 15.818800 25.988800 
1109 1 12.601700 26.136400 20.887500 
549 1 0.935319 18.435200 25.127800 
1585 1 8.218780 18.726900 25.023900 
1611 2 3.088380 15.481500 14.041900 
639 2 10.886600 24.701800 17.854700 
644 2 0.668957 20.257200 23.192500 
1416 2 10.712400 15.514900 22.907800 
1443 2 1.035460 19.330400 24.464000 
1135 2 3.257640 25.239400 19.973900 
1918 1 7.161730 21.843900 25.558100 
1511 2 0.715056 15.467700 22.475900 
1935 2 0.769085 23.624600 20.502900 
1730 1 5.153150 20.325700 14.381800 
1592 2 8.502020 16.575600 16.643100 
667 2 7.589370 18.316800 16.833300 
1601 1 8.608450 24.259000 26.071000 
945 1 5.303060 22.622300 13.728300 
1333 1 11.445100 22.105600 18.946000 
66 1 4.354460 23.612500 21.829600 
1361 1 12.404200 21.107300 14.277500 
319 2 1.349250 19.980800 18.241000 
184 2 12.253600 22.714400 21.076400 
1792 2 10.292800 26.008000 18.140700 
209 1 10.479000 25.933500 25.315900 
320 2 8.241170 15.997600 15.065400 
163 2 9.938800 20.092200 20.499700 
1349 1 3.467150 18.814100 17.264000 
507 2 12.879500 21.480800 17.843400 
1894 1 12.552900 19.470400 26.580500 
484 2 8.747600 25.682900 22.835800 
1311 2 9.252700 25.982200 25.348800 
1955 2 10.012500 22.832000 14.908100 
129 1 6.134290 25.015800 16.970600 
930 1 10.092200 22.865800 14.725100 
619 2 1.120920 19.125600 22.122700 
534 1 6.760250 13.472300 14.941500 
980 2 6.676630 13.473600 23.682300 
1266 1 4.535660 14.119400 26.498700 
36 2 2.669690 14.239500 13.467200 
170 1 23.195800 8.172430 10.501800 
259 2 15.549100 11.458900 10.921500 
964 2 19.264900 9.308810 3.800240 
108 2 22.362100 6.627020 7.469280 
1568 2 19.994000 6.618930 4.320260 
640 2 15.511200 12.559100 8.504590 
1194 1 19.001600 6.820790 3.923880 
1053 1 14.875800 1.102020 8.215490 
1677 1 14.027700 5.095920 10.976500 
165 1 17.743000 6.899110 10.165300 
1561 1 24.224500 7.351340 5.234570 
1184 2 24.297800 7.574230 6.569770 
912 2 14.256600 0.372739 7.571910 
1728 2 18.493000 6.650730 11.593500 
1595 2 15.439500 0.400094 7.610420 
164 2 25.335000 8.347560 9.878140 
1364 2 22.080800 1.108120 5.770970 
1245 1 18.547300 5.101020 1.091160 
288 2 24.030500 11.363800 11.363700 
302 1 21.697900 0.512054 13.234000 
1057 1 22.118600 7.064710 9.518900 
1259 2 19.165000 12.579300 7.286820 
1622 1 19.900800 13.152100 12.635000 
1649 1 16.817200 8.487190 8.247930 
1855 2 25.656800 2.057210 8.485320 
1061 1 25.164000 8.404690 12.192000 
990 1 21.943300 8.822590 3.624020 
1469 1 21.753800 9.195410 9.030870 
1117 1 13.296300 12.520400 0.868857 
914 1 25.951700 7.671070 7.473550 
485 1 19.010100 12.357700 8.557820 
1687 2 24.948700 1.684130 1.062130 
1899 2 20.982800 3.444000 7.314890 
705 1 18.102200 7.150940 11.674600 
1887 2 13.887500 9.444410 5.431960 
587 2 18.896200 11.538500 13.147800 
506 1 17.868600 10.628100 3.011540 
1438 1 18.862900 8.813170 0.395063 
1144 2 24.004300 11.328000 2.783620 
585 1 19.254800 4.009450 9.688530 
542 1 24.049800 7.084860 3.399580 
1992 2 24.702200 0.913664 0.966950 
807 2 19.831900 9.343580 6.688800 
496 2 18.773800 3.141330 5.989070 
39 2 15.992000 8.615570 8.093920 
1678 1 23.766200 11.442100 10.961800 
1822 1 17.680200 6.791230 2.295470 
787 2 18.057400 6.546140 7.390300 
109 1 15.927000 10.099700 9.288630 
557 1 20.370700 2.701160 2.156990 
1776 2 20.339300 2.067080 8.556690 
1228 2 16.217700 11.908400 11.556100 
1368 2 25.769800 6.889610 5.082350 
1979 2 24.594500 0.414770 9.507280 
1275 2 18.734600 4.007330 2.159890 
1331 2 25.524400 1.546300 11.869900 
544 2 16.841500 6.225080 10.098300 
360 2 16.893000 8.485410 8.179260 
1202 1 25.261200 3.371850 7.240210 
324 2 25.502900 8.861680 13.238300 
848 2 20.506400 11.185800 7.296760 
900 2 20.069800 1.469720 8.877020 
783 2 21.666700 0.642846 5.923620 
98 1 21.169700 5.704010 4.402650 
1507 2 21.034600 4.190440 10.819800 
408 2 23.320700 5.275360 9.692010 
1777 1 16.242400 7.266500 8.351080 
1151 2 24.672700 8.996930 5.469210 
343 2 19.056400 2.134780 11.862300 
596 2 19.825400 11.747200 10.944600 
1603 2 21.761100 12.436000 8.427000 
384 2 22.466100 0.454139 5.328880 
568 2 23.807400 6.637690 2.834690 
74 1 16.515800 11.467700 9.579380 
1330 1 17.659000 12.587300 3.091020 
857 1 23.649700 3.257350 0.243249 
836 2 24.127600 10.605100 4.632510 
1404 2 14.163300 8.803620 4.152580 
1953 1 24.820700 11.904900 2.783440 
1400 2 25.511200 2.164070 10.815000 
1233 1 23.609200 10.291600 13.043200 
1402 1 16.070600 11.843200 12.254600 
514 1 21.274500 12.019300 11.025400 
1937 1 13.812400 10.567000 9.168420 
780 2 24.906600 3.980880 2.138040 
373 1 17.322700 5.669400 9.340720 
90 1 13.739100 3.769350 6.691200 
1223 2 25.016700 4.968520 10.319800 
456 2 16.054300 1.726620 11.086200 
1934 1 21.837000 7.447130 2.069960 
477 1 19.881900 5.313560 12.124600 
207 2 15.061700 7.883260 7.261490 
1672 2 19.537100 9.765710 12.519600 
1897 1 15.178900 3.091290 9.486490 
1747 2 17.068400 6.320960 10.753300 
1800 2 15.312000 7.060960 1.236520 
1623 2 23.925900 2.625000 3.508260 
676 2 18.401500 3.664930 9.372920 
962 1 26.269600 0.177828 10.833800 
906 1 21.024000 3.061970 8.928200 
1283 2 18.884800 1.065050 8.112690 
1447 2 24.294300 4.840650 6.484070 
1942 1 22.332400 8.823480 12.889700 
788 2 23.470200 8.961660 11.716800 
114 1 19.946400 2.231890 10.495700 
10 1 13.394100 8.236620 6.975670 
326 1 21.206900 5.059940 11.583900 
1912 2 24.601900 3.505620 5.373710 
1957 1 20.864100 0.520808 3.279940 
1104 2 18.736200 9.615000 3.278770 
1882 1 24.512500 1.971500 3.366090 
1145 1 26.069200 8.551880 0.009800 
366 1 23.241500 1.823050 6.025470 
756 2 21.118900 7.133660 9.873060 
327 2 20.232200 10.535500 2.195590 
1129 1 20.958800 2.454200 0.989026 
866 1 21.087300 2.373040 5.918810 
1856 2 13.973800 8.747730 1.213850 
371 2 15.048400 0.185375 1.271590 
210 1 18.306800 1.418170 6.576530 
1534 1 25.028000 5.863500 11.664100 
529 1 15.189700 11.781500 5.717120 
1168 2 20.256700 6.009000 0.489309 
252 2 26.400500 6.079350 8.249330 
858 1 24.641700 7.774090 1.735220 
1411 2 16.848200 13.138600 0.738045 
394 1 14.631700 12.861600 2.912320 
479 2 21.229800 3.925760 4.038240 
1399 2 16.479500 4.787240 7.960750 
944 2 18.659200 10.175300 7.350050 
1506 1 20.108900 5.778810 0.365356 
1917 1 20.561400 11.620200 7.732500 
1047 2 24.722500 6.126880 0.442180 
1901 1 13.655000 7.855800 12.377500 
100 2 16.749000 7.244370 0.378188 
973 1 22.987700 2.894560 3.764830 
97 1 22.997900 4.638940 5.411540 
1077 1 18.970500 13.160800 10.373100 
1227 2 24.782800 9.114790 4.645660 
154 1 15.971400 11.600700 7.897510 
905 1 17.835600 3.788590 1.814930 
704 2 23.338800 13.002500 10.010500 
1313 1 19.935000 3.901790 7.166830 
956 2 16.448000 4.517450 2.801890 
1796 2 15.842900 2.040650 6.518130 
1181 1 16.932200 8.525710 6.411570 
703 2 22.015000 7.246490 10.726500 
1826 1 17.284200 3.868290 11.630100 
239 2 18.286600 6.917280 11.256400 
1178 1 16.050900 3.603250 2.483260 
1218 1 16.343000 9.799280 0.943772 
1022 1 24.431600 10.401800 1.538840 
885 1 15.117600 4.247000 0.365277 
341 1 25.650400 6.543210 8.206450 
1903 2 14.790100 1.550180 5.029570 
469 1 15.772400 3.119970 12.847000 
1133 1 16.040100 7.821540 1.396810 
875 2 13.671400 7.539450 4.025180 
614 1 17.034300 6.296690 10.434300 
1779 2 16.238800 11.273700 0.803993 
1789 1 21.526800 12.954200 8.765540 
1739 2 22.809700 1.503940 5.033480 
277 1 22.032700 6.379130 7.236550 
928 2 20.625500 2.526910 1.626120 
241 1 23.527000 5.089050 1.650950 
1062 1 21.654900 11.387200 0.968513 
430 1 23.360700 10.725600 3.936380 
988 2 22.320500 2.957760 6.182400 
1676 2 21.282500 10.051800 4.281260 
1462 1 16.546600 10.897200 3.482180 
1527 2 21.490400 1.118990 2.665520 
31 2 14.005800 4.293920 1.824440 
1892 2 14.434500 4.342000 5.884420 
1861 1 24.592700 10.114600 6.426230 
1606 1 22.258700 1.526030 2.220880 
611 2 14.854300 12.754400 6.535160 
1709 1 25.301600 1.940020 0.924975 
245 1 17.527200 12.005500 0.488551 
1773 1 21.194900 7.347170 8.173640 
262 1 15.873200 2.635910 6.207410 
562 1 18.636400 3.599760 6.697380 
1750 1 13.654000 9.195600 4.477690 
1519 2 23.888000 3.966930 0.525311 
785 1 21.274800 8.111690 11.384700 
1009 1 16.694400 12.609600 7.125270 
643 2 16.161800 11.060300 8.475590 
1686 1 22.950800 6.250350 10.952900 
1309 1 18.980400 11.024400 12.953300 
354 1 23.581900 4.280580 9.988240 
1213 1 22.334800 1.544030 0.138488 
1388 2 23.659300 11.378000 1.489930 
1526 1 20.013900 10.330300 3.576470 
216 2 16.453700 3.171910 2.130450 
349 1 17.654600 10.084500 10.513300 
1494 1 19.922800 8.385340 5.516960 
729 1 24.597100 3.534550 12.335400 
1482 1 14.972300 2.693910 4.283350 
617 1 25.891600 9.534740 13.034200 
434 1 24.970000 1.512860 6.858130 
718 1 23.540800 2.258680 11.128200 
513 1 15.125500 0.438303 4.691190 
700 2 17.951300 5.034780 12.329100 
972 2 19.564700 3.931200 12.110200 
1689 1 22.158700 0.973765 5.379000 
238 1 24.097900 1.173840 0.912163 
133 1 19.944000 11.397400 2.089500 
580 2 20.746400 4.322800 2.383140 
1719 2 14.306200 13.155600 4.790710 
379 2 16.211100 3.960240 12.664500 
868 2 21.659900 2.698540 3.240760 
1691 2 25.685500 10.421800 8.253270 
1544 2 22.438000 0.622603 8.886920 
1625 1 23.223100 0.089836 4.471470 
1099 2 22.903800 7.284030 2.608540 
303 2 22.273100 8.857250 0.218241 
187 2 23.223000 7.789510 10.364600 
642 1 13.390800 6.161330 6.359660 
752 2 15.718200 12.399000 3.750040 
955 2 24.714800 9.426740 12.214200 
330 1 14.842800 5.490010 3.237820 
473 1 14.685800 7.834160 3.066960 
1398 1 19.639700 9.367120 6.660230 
219 2 20.898300 10.757200 9.904150 
1487 2 21.376700 1.791440 0.522818 
1360 2 15.561700 10.092900 9.898380 
934 1 26.439700 6.042970 9.377560 
1869 1 22.145800 0.693782 8.019450 
765 1 25.255000 0.871532 9.802070 
1971 2 15.629500 7.437200 2.318580 
1772 2 15.557000 12.374100 5.799120 
524 2 13.640600 1.514390 0.001784 
1999 2 17.988800 11.396500 10.489700 
1386 1 19.037600 1.536690 2.103920 
365 1 24.305600 13.153400 9.063760 
56 2 18.270300 11.093000 0.837306 
32 2 18.418000 2.907840 -0.018257 
1522 1 25.438000 9.424470 4.499370 
677 1 19.793900 11.528500 10.974800 
1068 2 23.192300 4.689010 11.605100 
521 1 26.374200 4.798560 12.862300 
859 2 17.811900 11.167300 3.085400 
1831 2 13.700900 9.174590 6.327980 
846 1 25.061700 11.247500 7.927390 
43 2 17.977000 0.651649 4.304860 
982 1 24.548900 12.522000 0.990105 
1479 2 21.930000 6.655110 12.904900 
151 2 23.280700 8.932350 0.405503 
1350 1 18.624000 0.664986 12.428600 
489 1 22.918300 4.984100 12.681600 
813 1 24.847500 13.256000 6.470090 
251 2 24.918500 13.188600 0.221866 
1234 1 22.784000 13.166700 3.865740 
1455 2 24.291200 13.060200 8.371210 
1105 1 17.733900 0.085987 9.087380 
202 1 26.381000 0.533715 12.424300 
712 2 20.961200 13.158800 9.277070 
1212 2 23.651700 1.065790 0.101384 
1103 2 13.324500 12.402400 0.087674 
1393 1 20.673700 2.510780 12.998600 
1818 1 24.104300 6.834870 0.043587 
140 2 16.324900 2.759870 24.311400 
1063 2 22.935200 10.376200 19.139000 
1075 2 13.941700 5.711860 18.560200 
1651 2 21.414900 6.223630 16.135400 
1373 1 24.177000 5.354370 26.051400 
937 1 14.468400 2.733450 15.618700 
882 1 13.293400 8.342300 19.729600 
1191 2 26.522400 4.898020 15.066500 
1647 2 20.807300 9.246080 15.897900 
1435 2 15.227700 1.399710 13.719300 
1853 1 19.977700 1.920920 22.314400 
1012 2 19.027700 1.823660 14.127100 
520 2 21.442200 8.938350 16.036300 
1991 2 17.516700 8.904590 17.965200 
673 1 13.465300 11.923600 25.195600 
86 1 20.584400 10.713300 14.327300 
572 2 22.677100 11.769800 16.814800 
1732 2 25.911700 9.901240 16.198600 
172 2 25.256500 10.957800 22.685100 
1785 1 22.062900 0.728262 25.044400 
664 2 21.098600 0.238513 23.132400 
1931 2 18.068200 4.493370 24.222400 
1445 1 20.281000 3.229780 18.983000 
666 1 13.940900 12.745800 15.644500 
136 2 19.905900 8.527060 25.318300 
502 1 15.597500 4.137850 21.259300 
1102 1 19.888200 10.144900 25.399800 
191 2 26.181500 12.440300 14.453100 
316 2 23.927200 7.696840 14.804900 
1596 2 16.962800 3.963200 15.593900 
1269 1 23.426000 4.837040 21.686700 
1164 2 15.773600 4.096370 21.192600 
648 2 14.476600 10.631100 15.131300 
181 1 22.481600 1.975240 23.118000 
448 2 22.518200 6.471410 25.494600 
1491 2 19.184200 3.747450 25.848600 
565 1 24.776400 11.480000 21.011900 
1758 1 13.596800 5.745140 22.749500 
420 2 14.221500 12.401800 16.039000 
1162 1 18.409700 11.227600 21.282300 
1254 1 21.461600 13.261900 14.114800 
1946 1 13.441100 2.641560 13.566300 
1580 2 22.985300 2.696660 25.977300 
235 2 19.440400 10.005000 25.220600 
635 2 21.844300 3.564540 19.536000 
287 2 14.356700 2.256550 17.882000 
230 1 22.514900 0.747393 19.004200 
2 1 24.373900 0.843177 22.027400 
1267 2 14.005100 2.358700 13.363700 
1381 1 21.615800 4.108140 20.616200 
1514 1 14.219600 3.371180 20.652200 
1878 1 14.681500 7.348680 16.234000 
1126 1 17.442200 2.595390 26.177600 
28 2 19.805500 11.879400 23.783900 
728 2 18.899400 11.202700 20.080500 
1638 1 20.749700 5.257810 23.812700 
1630 1 22.005200 4.362800 16.313500 
670 1 20.122100 6.640000 21.922600 
1417 1 21.053100 4.997760 18.149500 
380 2 14.986900 2.540000 18.522400 
3 2 18.741500 5.626670 25.009000 
1027 2 15.804700 12.080700 19.537100 
87 2 22.281100 10.791000 23.638000 
1505 1 23.002100 7.128450 15.275700 
75 2 25.003200 10.693600 16.349400 
883 2 14.620100 9.863540 15.533200 
551 2 20.359600 11.903600 13.975000 
645 1 14.851200 7.771830 18.806300 
763 2 25.811800 7.152900 19.770000 
1904 2 23.264900 11.820800 15.017700 
650 1 19.375200 3.585470 22.318600 
1280 2 21.175900 3.628420 18.308500 
1863 2 14.655200 7.218570 23.335300 
110 1 16.691600 9.510970 17.075300 
593 1 26.067300 6.185010 23.955300 
22 1 22.276200 9.910370 23.702100 
604 2 24.737800 3.276960 18.517100 
175 2 20.780400 1.224130 20.590700 
508 2 15.791800 11.530900 23.616600 
294 1 16.159600 6.664740 26.221000 
1396 2 17.363400 4.233290 17.191500 
1752 2 17.477300 5.888160 19.141900 
1328 2 13.465300 6.764570 17.173300 
370 1 14.762100 0.395784 20.701100 
662 1 18.664700 8.268760 14.668800 
1301 1 23.023400 2.611000 15.217900 
1501 1 24.192700 3.478640 18.257600 
742 1 24.933800 2.147850 15.913700 
1950 1 13.810100 10.059800 14.236600 
1446 1 14.500100 4.462110 24.562200 
971 2 18.376300 5.592820 15.721400 
969 1 19.103700 1.026800 26.085700 
1048 2 17.404600 8.455840 15.958000 
1793 1 21.720600 1.086550 21.597500 
201 1 23.375600 13.099000 18.055200 
383 2 22.013700 9.231200 13.822400 
1659 2 25.202200 11.825800 19.380500 
1963 2 15.036200 0.581072 20.339900 
1997 1 22.508100 8.890980 20.569400 
1504 2 13.884000 2.742240 15.180000 
144 2 14.375900 2.935030 17.812700 
1910 1 22.171800 13.205000 20.529500 
739 2 15.013200 2.090430 18.408200 
1050 1 16.794100 2.278530 18.922300 
631 2 15.971900 10.406900 17.380300 
1774 1 13.672700 3.929200 17.085600 
1486 1 14.652100 10.726400 26.035700 
362 1 26.084500 9.535380 15.852800 
1125 1 20.652100 3.032980 24.468000 
699 2 24.775500 1.199210 18.746500 
1847 2 21.604300 12.562400 13.783700 
128 2 17.744000 13.215700 13.551700 
1428 2 19.051800 5.181680 23.911700 
1926 1 13.274500 3.302210 25.170700 
1708 2 23.295500 1.046800 14.380000 
943 2 26.335700 4.631040 21.059400 
1092 2 19.199200 12.638300 19.529900 
1909 1 17.544300 1.290450 24.005800 
1609 1 24.341200 9.491220 25.514100 
1004 2 20.715000 1.383920 16.647100 
803 2 15.296200 7.332100 17.844500 
1817 1 24.036100 6.643730 17.555400 
222 1 25.662800 1.572850 17.523700 
1980 2 18.397100 1.061470 17.869300 
630 1 26.522800 8.890470 20.510600 
335 2 18.221000 1.286170 19.780700 
1634 1 25.642200 11.803800 22.552900 
1217 1 25.217000 5.794360 20.251800 
317 1 21.289800 9.068020 16.042900 
1553 1 21.575900 12.385300 22.398200 
519 2 25.747900 10.297900 20.961300 
351 2 21.990700 6.968580 17.276200 
1546 1 19.482800 9.023910 18.511400 
503 2 14.346200 7.362170 13.524900 
790 1 18.457800 2.483920 16.439100 
1837 1 18.006100 8.080900 17.393800 
1074 1 20.294700 12.359000 25.279500 
574 1 15.742900 4.406330 19.201600 
1016 2 20.164600 2.317160 22.727600 
1208 2 24.995500 5.586550 20.449700 
1003 2 19.670800 9.131660 18.587000 
334 1 18.498200 1.247560 22.096300 
339 2 20.053600 1.662860 13.778400 
1653 1 21.867400 7.985470 18.238600 
1816 2 25.379200 9.019600 20.290400 
784 2 22.722100 8.099060 19.527000 
1433 1 18.352600 6.596300 22.498600 
1759 2 22.939700 13.142000 21.542000 
1139 2 20.373300 6.008680 20.533300 
1082 1 19.113000 4.078010 13.397700 
41 1 16.245500 0.378184 15.199100 
1250 1 25.851700 10.926000 24.896500 
1632 2 15.778700 1.503640 21.171000 
917 1 22.528000 4.721130 25.790800 
63 2 22.017200 0.866541 17.256700 
431 2 25.926100 10.038800 26.163500 
392 2 18.495300 7.188150 22.506500 
1394 1 18.091900 3.842420 20.741900 
1857 1 17.126000 10.667300 19.990400 
1179 2 18.605500 10.396800 22.992300 
284 2 25.715000 9.465020 26.075100 
1683 2 18.451800 11.449300 20.211600 
1188 2 13.882600 2.709410 24.090200 
1260 2 15.093800 0.005929 19.717100 
291 2 19.441200 1.869850 21.071400 
358 1 25.991500 7.786820 14.998500 
793 1 21.282200 0.158654 15.373600 
1571 2 17.400900 11.903700 14.146700 
1045 1 24.067700 6.745620 23.777500 
1751 2 22.479300 0.980467 14.440700 
638 1 15.613800 5.795810 13.750800 
1845 1 24.395500 9.457370 22.459300 
221 1 24.940600 12.299000 16.511300 
1521 1 24.893700 10.299900 16.606300 
632 2 22.190900 3.710960 21.327000 
615 2 21.218600 4.108910 14.648400 
91 2 24.448400 8.551100 21.883400 
1069 1 18.892900 11.587800 16.568600 
1949 1 23.466400 8.477170 17.480800 
1026 1 19.165300 9.756190 24.715500 
1753 1 21.942200 12.701800 17.465900 
1091 2 24.781600 7.171470 25.340800 
1880 2 24.120400 5.682280 14.963000 
918 1 17.058800 10.138900 23.619500 
808 2 23.915000 8.212780 23.284500 
1875 2 22.950300 2.719260 21.440800 
1001 1 18.524800 5.891220 24.641600 
1065 1 24.219800 0.469930 18.856500 
495 2 25.981200 1.317540 15.750400 
188 2 21.372100 6.276000 21.446500 
1639 2 13.910700 9.752440 20.545100 
1306 1 24.867400 5.839570 14.978600 
685 1 14.855400 10.695100 22.318600 
1868 2 13.976500 6.682240 16.958300 
1768 2 20.978800 12.357400 24.947700 
1502 1 18.865900 4.700200 15.469600 
1089 1 19.634400 7.048830 19.218200 
72 2 21.917500 5.834670 16.840700 
1846 1 17.072500 4.234260 15.325500 
300 2 14.656800 7.485320 15.084800 
78 1 21.081200 0.927690 17.708600 
1111 2 14.643700 9.881290 19.415400 
1356 2 26.140500 4.617930 13.828200 
1940 2 24.273400 10.500400 19.226600 
1711 2 24.820100 6.289950 15.531600 
315 2 21.368500 4.278370 24.967900 
896 2 16.769700 9.832450 19.687000 
714 1 13.983600 5.503410 18.525700 
831 2 26.443100 4.807500 14.041200 
1481 1 26.161400 9.649950 18.894000 
1014 1 23.066300 8.820190 15.307400 
1987 2 15.851800 4.743400 22.068600 
1110 1 21.549600 5.903440 20.303600 
850 1 16.004700 2.863040 22.191700 
822 1 16.797300 6.040170 18.548000 
261 1 15.306300 10.657000 16.531700 
1760 2 20.270500 3.265900 21.094700 
1253 1 20.361800 2.157250 18.439400 
24 2 23.457900 0.636298 18.545100 
1551 2 15.680200 1.759670 21.093000 
1090 1 18.806400 13.052700 23.263900 
397 1 14.165800 2.588080 19.085800 
1782 1 24.151500 8.387260 20.595600 
1718 1 18.852200 12.810400 20.156200 
7 2 15.599600 2.618210 26.449300 
1726 1 18.816600 17.796200 8.104110 
1567 2 23.518500 19.928100 9.891130 
1655 2 24.916000 22.051600 0.206037 
655 2 23.155400 19.201700 7.256980 
646 1 25.907100 21.806900 0.498406 
1574 1 19.885000 23.123100 11.266500 
1083 2 20.988500 23.971000 6.367400 
441 1 21.786100 17.237200 12.654600 
1453 1 19.925300 24.433300 4.264370 
1865 1 17.910200 18.860400 9.962840 
1342 1 22.030400 18.136900 10.514300 
1983 2 14.018400 20.977800 4.106550 
1242 1 13.713800 15.545700 3.815440 
1532 2 15.352900 23.825100 2.102600 
416 2 17.293300 16.243400 13.058000 
398 1 21.196600 20.999400 9.240350 
243 2 15.618600 23.073500 7.658690 
880 2 18.759700 19.612400 7.433980 
135 2 19.613700 15.367500 12.022100 
986 1 22.672300 23.851500 1.072730 
1390 1 25.836400 19.300000 0.857502 
462 1 19.051600 24.104800 7.428940 
910 1 22.495000 25.895500 10.805100 
543 2 22.948900 21.760000 8.726970 
1802 1 25.227100 14.715800 2.510390 
364 2 19.895300 18.553000 11.869800 
1385 1 17.153800 20.288900 1.088600 
608 2 16.402900 21.607200 12.322500 
1510 1 13.610000 17.968300 6.953640 
556 2 14.823900 19.078900 0.029540 
1884 2 20.821900 13.892800 2.772120 
828 2 23.718600 15.424600 3.746720 
1803 2 22.347100 25.105500 1.233930 
1165 1 14.908900 21.599300 5.128620 
23 2 15.608800 16.465200 5.574340 
1757 1 23.177500 22.794400 10.736100 
1755 2 25.313300 13.693300 10.478000 
249 1 25.380100 23.905800 3.489990 
687 2 19.220900 14.636600 1.963390 
748 2 19.628900 22.523000 2.585420 
1130 1 21.303300 20.072900 8.108140 
1860 2 13.851600 18.770800 7.306430 
566 1 17.442300 13.714400 8.429370 
229 1 23.550800 14.458700 9.096060 
1692 2 17.891300 14.586900 5.406490 
94 1 24.763500 20.588900 6.223690 
871 2 20.849200 14.961500 1.028290 
368 2 24.183400 14.344000 9.695850 
173 1 20.422600 25.860200 5.564120 
1542 1 21.569800 24.370200 7.955830 
1120 2 16.449600 23.043100 12.519600 
438 1 14.185400 20.026400 3.024450 
395 2 21.520200 19.693800 10.682100 
1085 1 14.410000 13.478900 5.661020 
948 2 15.154600 24.533200 10.760300 
1581 1 19.288800 24.076400 11.651600 
1422 1 14.591400 22.778500 9.719340 
1688 2 19.559700 18.409000 4.607630 
1961 1 24.294700 21.992700 3.674550 
389 1 24.097500 25.661500 13.198100 
901 1 20.388200 19.745300 3.463190 
888 2 20.420400 16.768700 9.810240 
1285 1 16.509000 24.741500 1.419400 
1072 2 23.171900 22.791800 8.175940 
64 2 26.374800 25.205300 11.041500 
491 2 22.699400 13.760200 4.349420 
540 2 25.651200 17.592500 9.578920 
1281 1 23.460400 15.552000 6.780180 
837 1 16.412400 16.585100 9.192760 
1252 2 22.727400 22.282900 2.542610 
607 2 23.550400 26.248300 7.536030 
1761 1 22.193800 15.942500 5.234040 
684 2 24.803200 21.334900 0.923697 
1051 2 20.125400 15.150600 6.150990 
845 1 24.522900 18.330800 2.126290 
1569 1 14.675600 26.140100 5.944660 
1667 2 19.969200 22.466700 11.363700 
1477 1 18.567200 16.783600 2.646550 
545 1 14.201400 15.328400 0.791148 
1618 1 17.416600 13.392700 13.022900 
1096 2 15.645900 26.506200 5.242910 
1156 2 15.081900 17.146400 12.807300 
1769 1 24.885800 17.592000 7.518510 
1177 1 22.368100 25.615100 1.733390 
772 2 14.610000 23.365000 9.188060 
829 1 21.941800 18.534100 4.497850 
1613 1 25.485500 20.685700 7.926570 
1060 2 21.448300 24.587100 8.955230 
1470 1 16.016500 25.798000 0.560444 
132 2 22.127800 17.639400 1.092670 
1554 1 16.430300 25.976900 11.950600 
275 2 15.620300 19.243100 9.543520 
621 1 20.639700 16.300400 9.272600 
179 2 21.829400 18.716800 3.393450 
407 2 17.519200 25.577300 9.229720 
1157 1 23.757100 22.684200 7.612640 
304 2 21.891900 16.709700 6.293420 
292 2 21.551200 24.776900 6.634440 
1593 1 19.499100 14.231800 4.898780 
1891 2 19.095600 20.676600 3.334580 
1498 1 25.639700 24.480700 11.252700 
865 1 18.159000 26.354300 4.619100 
270 1 21.302700 16.896500 3.554950 
19 2 26.240100 18.678300 2.874740 
11 2 15.288200 16.968100 0.984478 
1113 1 21.919400 16.297400 7.160220 
453 1 13.282900 21.100200 4.414280 
1097 1 16.305300 23.333300 7.227730 
146 1 25.384800 23.808800 1.136170 
396 2 23.234000 19.082200 4.084110 
1251 2 18.149600 18.087400 2.661580 
1517 1 19.989300 25.518100 0.322179 
1784 2 22.705700 15.544800 7.522430 
1852 2 22.109100 22.207700 0.356365 
814 1 13.311300 25.224700 12.642800 
1292 2 14.563300 20.871400 11.143700 
1890 1 15.813100 23.030700 6.050210 
1036 2 19.643200 23.234700 11.665400 
560 2 22.799400 20.278400 10.254000 
1167 2 16.071500 24.938500 10.112500 
1374 1 22.904700 14.251800 7.795510 
422 1 13.672200 20.751900 12.189300 
404 2 24.540500 20.713800 11.495500 
182 1 19.414800 17.691900 4.224960 
1615 2 25.784700 20.136200 9.222710 
214 1 18.048900 16.976700 9.827040 
1842 1 21.787200 15.068400 0.519001 
1210 1 20.499500 19.052900 11.480500 
1100 2 13.427100 15.373700 3.909590 
1923 2 23.268700 13.636600 2.092330 
1725 1 19.440800 21.917900 1.633780 
1587 2 18.286500 23.668100 0.675510 
1539 2 22.823100 21.152600 5.259780 
998 1 20.006800 19.063100 8.979140 
1496 2 24.775800 15.845900 4.414900 
186 1 21.020800 14.335500 2.598750 
403 2 17.410800 14.213400 8.969500 
457 1 26.254500 26.107300 2.044300 
211 2 25.107700 25.061900 3.557390 
1163 2 17.992600 18.146200 8.380060 
402 1 13.380600 23.618600 9.632770 
1054 1 25.076400 23.156100 7.919320 
414 1 15.180500 22.256600 2.121190 
55 2 15.784400 16.179300 5.825680 
346 1 19.006500 20.254700 9.932760 
1664 2 14.696100 19.645000 3.357730 
794 1 21.929200 18.384900 0.632207 
1821 1 15.901800 23.343800 12.424100 
825 1 23.265800 14.718600 2.302170 
1717 1 20.536500 14.586500 6.879640 
1372 2 15.897900 22.485500 5.850210 
1684 2 15.611700 13.525800 1.460980 
1214 1 15.288800 18.195900 10.011800 
1812 2 26.149800 20.080900 5.037860 
834 1 15.983200 26.526200 9.395720 
721 1 19.850400 22.026300 5.892240 
195 2 23.966700 14.504600 4.076540 
122 1 15.657600 16.627100 1.477400 
1493 1 21.548600 22.037900 1.040000 
1087 2 21.210700 17.418800 9.231790 
439 2 15.389500 18.550100 11.363600 
892 2 23.733000 25.158700 3.382550 
991 2 21.909900 17.526100 3.591910 
1423 2 14.904600 23.673200 2.563980 
353 1 22.287600 19.935000 3.854720 
781 1 15.455500 21.177200 11.155200 
276 2 18.065500 16.419600 8.671760 
659 2 26.266500 23.845700 8.537170 
1084 2 16.021800 25.282100 8.317840 
1299 2 22.470800 16.105000 5.973170 
722 1 17.062100 19.199600 3.520370 
1559 2 25.038300 23.221600 3.445280 
378 1 19.419900 22.373900 3.360960 
606 1 15.693400 23.986900 9.388150 
682 1 26.342900 13.808900 3.073280 
603 2 26.090100 25.690000 1.311980 
732 2 16.580500 14.547000 13.267200 
299 2 20.467300 25.004700 11.917700 
142 1 14.234200 14.123900 9.452260 
271 2 23.812900 23.148700 7.458290 
747 2 19.236200 13.611900 4.295970 
118 1 23.535600 24.524700 3.846740 
1770 1 22.772400 16.772100 11.453400 
1246 1 24.741100 15.661700 3.760930 
5 1 23.493300 25.206500 8.367940 
1572 2 19.313600 19.293200 8.286760 
919 2 18.441700 22.599200 5.846010 
889 1 25.087500 20.016900 10.126100 
1222 1 17.134300 22.013800 9.710440 
757 1 22.990500 21.680100 4.817320 
869 1 21.871800 20.324300 0.707604 
1820 2 23.038300 16.528600 12.484500 
1439 2 25.365600 24.116500 12.186800 
156 2 19.983900 13.479300 6.634880 
1395 2 24.487200 18.682200 0.533619 
1787 2 16.161900 23.838000 3.048970 
1323 2 15.630500 22.747200 5.953630 
870 1 22.100300 18.210100 8.209310 
1418 1 25.376400 21.032100 2.330420 
887 2 13.641100 24.047500 10.687500 
798 1 13.681900 23.595600 5.944500 
500 2 14.691700 17.515500 4.205840 
1142 1 21.100600 19.971500 6.975870 
563 2 16.469600 22.700100 13.006800 
908 2 20.265400 20.218400 1.386290 
269 1 25.450400 24.098000 12.621800 
913 1 15.330400 15.313500 11.421700 
970 1 19.966000 21.712400 10.746700 
1467 2 18.390700 18.040500 3.770420 
789 1 15.834300 17.805600 2.151690 
733 1 25.167700 22.874700 4.382990 
1238 1 14.055200 25.372300 10.102700 
139 2 19.894300 24.286900 3.734070 
726 1 17.591900 14.093600 6.498770 
1799 2 16.072000 25.399100 0.115118 
916 2 13.775000 17.095300 13.314700 
1742 1 16.299500 25.896000 4.141150 
1322 1 13.557000 23.372200 3.228060 
835 2 21.109000 21.918800 10.284900 
450 1 14.363600 26.171900 1.325060 
1986 1 25.440300 22.506300 9.753090 
1624 2 18.355600 23.943900 6.071200 
1749 1 24.435700 14.033900 12.719800 
1127 2 19.130300 20.089600 9.832860 
779 2 20.935200 23.494800 9.805770 
322 1 17.223600 15.019300 5.239120 
984 2 20.401400 25.714200 3.286610 
432 2 22.228100 19.512600 7.842680 
231 2 13.861500 24.803300 13.124600 
924 2 20.053900 19.860300 9.332480 
669 1 18.259000 15.152900 3.855640 
1513 1 17.773400 20.490900 6.156980 
1804 2 26.364800 26.166600 5.178060 
680 2 25.276000 20.122700 11.501300 
1461 1 25.680900 25.320600 1.544770 
1261 1 23.993900 21.080000 0.556296 
1081 1 23.328700 20.242100 10.655400 
1347 2 22.935800 17.910600 12.826600 
1329 1 17.517000 19.284600 7.147260 
356 2 23.975500 18.654900 0.348812 
96 2 22.817800 25.688400 12.026600 
1693 1 19.768500 26.450500 7.597670 
1419 2 25.276400 20.856100 3.132960 
626 1 21.306500 24.362400 11.480500 
1744 2 16.530000 15.100100 8.143670 
839 2 26.120100 21.258800 12.108800 
564 2 25.395900 15.369700 9.142750 
1376 2 25.704800 14.527500 2.771720 
960 2 26.358600 25.079300 1.928580 
679 2 26.212600 14.546100 3.865680 
899 2 24.429400 16.324500 7.762030 
33 1 25.081400 18.187700 9.782380 
1412 2 20.955000 15.511600 2.702930 
1545 1 26.337300 14.612000 9.753750 
674 1 15.592600 14.386800 4.590750 
1146 1 16.129500 16.900000 6.485840 
1919 2 26.263200 20.695900 6.517930 
282 1 13.672300 20.404800 8.291860 
1114 1 16.221500 15.822300 13.198800 
401 1 16.831000 19.979000 13.183400 
1485 1 22.274700 25.220000 0.015024 
777 1 22.092000 22.070500 12.911500 
1813 1 14.882000 24.358500 13.033900 
1205 1 22.646000 20.132600 24.450800 
413 1 18.943100 21.871500 22.698300 
125 1 21.705400 19.939600 15.028200 
1430 1 17.281800 15.724200 15.094300 
1832 2 21.578200 13.789100 13.940600 
183 2 17.290200 16.631300 19.999900 
877 1 18.380900 24.521600 23.217900 
823 2 15.206400 22.923000 25.696300 
471 2 14.374700 20.666000 22.259100 
802 1 14.221200 14.368000 26.431800 
1990 1 18.184300 26.066200 19.881900 
647 2 20.375900 18.977400 21.497200 
1018 1 18.750700 14.088600 15.035500 
1633 1 14.763500 21.255700 18.747000 
931 2 15.380300 13.856300 24.892300 
1911 2 21.930000 20.241400 24.586700 
258 1 20.832900 13.903200 24.434600 
1128 2 20.157300 16.041900 18.977100 
483 2 23.142900 21.423300 19.851700 
40 2 14.246100 14.432300 18.675000 
573 1 20.614300 14.084100 16.100600 
197 1 24.898800 15.748900 16.763700 
429 1 17.956500 14.158900 23.420800 
897 1 23.977300 24.741200 23.576900 
1492 2 19.191600 25.678700 19.001000 
1579 2 24.559800 23.764900 24.057200 
103 2 17.905900 14.463900 25.683200 
1187 2 18.879500 15.443600 19.782300 
1916 2 13.802200 14.211900 19.048000 
1340 2 17.088600 20.054900 18.265500 
1355 2 15.585000 17.289300 16.312400 
1432 2 15.128200 25.256400 16.862100 
797 1 20.010300 18.128000 21.721000 
1827 2 14.906000 21.683500 16.715600 
1041 1 17.966600 16.857800 13.411300 
915 2 25.672900 16.556100 18.957000 
774 1 14.648500 19.002300 20.550800 
1699 2 25.544400 20.173800 26.128400 
328 2 25.386800 16.360500 26.396200 
1791 2 26.189700 14.972700 13.667600 
1807 2 19.503700 23.702900 14.978900 
1231 2 17.329500 19.963900 17.776700 
421 1 24.212400 18.419300 22.462300 
1046 1 25.325500 25.100200 18.485400 
546 1 22.103400 23.554300 25.469100 
50 1 20.960100 19.387500 24.282400 
624 2 15.126200 15.938300 26.111600 
237 1 17.693300 20.594800 25.372100 
323 2 17.070100 22.724400 15.776900 
1287 2 20.362400 25.809900 22.330000 
623 2 13.804200 13.767100 23.683600 
1893 1 23.569800 15.442700 24.666500 
1383 2 21.553200 15.989500 20.394700 
974 1 21.561900 24.801300 19.781400 
1379 2 22.076800 15.338000 23.573100 
1201 1 13.777000 21.154500 22.413000 
419 2 19.633000 18.290900 24.476700 
1525 1 15.529000 13.652400 19.929300 
1115 2 16.734500 15.847100 21.966400 
1658 1 16.676000 23.691900 21.238100 
1731 2 20.809100 13.644700 17.714200 
1052 2 21.912300 22.248000 16.620100 
618 1 25.200200 20.219400 24.029000 
1325 1 18.576200 17.927200 20.345400 
1798 1 23.740300 21.395300 19.597000 
1015 2 21.223000 20.013700 25.818400 
1211 2 24.126100 23.993000 20.813600 
1490 1 23.088500 16.658400 22.298000 
1327 2 14.168000 18.379800 21.200800 
1748 2 22.470100 25.051300 26.329700 
405 1 23.590200 23.110800 22.401600 
1698 1 25.992100 18.338000 21.835600 
280 2 22.927600 18.990600 14.455200 
1408 2 18.025900 14.014500 17.109400 
8 2 23.661200 23.905200 20.208400 
1326 1 22.749100 23.665700 18.645100 
80 2 16.918300 23.592500 25.425100 
17 1 18.191200 23.253200 14.018700 
855 2 20.306100 15.349600 13.966000 
1319 2 21.907500 25.882800 25.636500 
874 1 15.901500 19.504500 24.162500 
1204 2 26.104300 24.699900 16.079300 
381 1 24.348900 20.711700 18.304100 
1679 2 19.463200 24.725500 21.058100 
1463 2 14.267100 21.637800 19.098400 
799 2 17.736100 25.946200 15.796200 
1345 1 19.062700 25.142100 21.412200 
46 1 19.967000 17.314600 13.760500 
1540 2 19.236800 14.502900 15.200300 
482 1 21.385000 25.322300 23.093600 
1153 1 14.050100 25.416600 22.050500 
82 1 17.816100 20.740300 17.472600 
1548 2 26.007800 16.051400 14.831400 
1582 1 13.404100 20.510700 25.197400 
1518 1 14.868800 17.528000 25.052300 
226 1 23.613400 22.131800 16.664900 
1690 1 15.619800 13.599000 24.686000 
656 2 19.179000 14.256600 26.319700 
844 2 21.561100 20.410100 13.911700 
168 2 13.880500 14.301700 21.132900 
376 2 16.596400 24.011200 15.765200 
1729 1 17.431000 16.847500 20.366500 
1662 1 16.180500 15.505500 26.413900 
361 1 17.982900 26.508900 25.656300 
1073 1 24.453900 23.880100 16.675900 
1781 1 14.862200 18.552500 13.591100 
968 2 25.685800 17.860400 15.836500 
1978 1 18.549300 21.070500 19.797600 
6 1 22.306900 14.373200 21.305200 
257 1 16.615700 16.023400 16.565400 
1093 1 19.423400 18.560100 26.047600 
1437 1 26.398300 19.446300 17.148300 
724 2 21.066300 15.794400 24.236500 
810 1 15.878400 25.714500 22.143300 
178 1 16.173600 26.384700 20.323100 
1669 1 21.122100 20.819800 13.930800 
1938 1 14.169400 24.783900 25.184300 
1564 2 20.555900 25.007600 15.932200 
1182 1 17.414100 15.439000 18.200000 
1661 1 15.839100 13.435700 17.618200 
59 2 13.633300 14.292000 14.729100 
190 1 14.429200 22.993800 26.353900 
1833 1 23.301300 25.262400 25.358300 
71 2 18.205500 22.660600 23.554000 
1138 1 15.143400 13.770500 13.609500 
204 2 22.363600 21.206900 21.797400 
465 1 14.730100 22.559500 16.907400 
225 1 21.356900 16.178200 22.887800 
537 1 21.477400 20.604400 21.898000 
267 2 17.893000 26.452000 26.174000 
1710 1 19.444200 18.076100 18.272400 
586 1 21.225000 17.120900 20.110200 
1365 1 24.936600 14.336000 20.583000 
1696 2 13.363900 21.864700 16.094600 
592 2 22.718800 19.302500 18.726100 
217 1 15.568700 22.184800 13.984200 
1454 1 22.647700 20.904600 18.976400 
1707 2 21.347900 13.762800 23.018300 
535 2 23.677500 22.539400 20.531600 
1148 2 25.548800 18.556200 20.476500 
725 1 17.225600 22.720300 20.669200 
1106 1 16.135200 20.149200 21.972200 
1988 2 24.724700 24.110700 20.371400 
1348 2 15.933400 22.297800 19.872100 
539 2 15.822300 19.563500 24.369300 
1573 1 20.178700 14.790000 13.253200 
1136 2 22.997000 17.302100 22.081500 
185 1 24.067700 23.552400 20.629800 
547 2 20.281700 16.650800 24.185700 
1960 2 13.637100 18.599400 20.130600 
744 2 24.427800 24.459500 23.969100 
1310 1 14.593000 26.233800 17.606600 
1415 2 16.948400 15.525900 13.586400 
1196 2 25.231400 14.325100 20.958300 
902 1 13.854600 22.053100 17.009700 
809 1 25.689100 22.821600 17.355500 
1013 1 17.655200 19.223500 24.450000 
62 1 25.598500 16.383300 22.474400 
1166 1 19.163000 15.994900 25.061600 
1444 2 17.882700 25.840900 25.161400 
1070 1 15.224900 20.880000 23.950200 
600 2 19.001200 16.517700 20.266700 
876 2 19.511900 21.910400 14.945700 
985 1 16.743300 18.751100 22.064200 
571 2 15.032400 18.506300 24.193500 
1344 2 17.853100 18.854900 25.749300 
795 2 24.811200 22.030500 23.871000 
1825 1 17.149500 20.864300 16.072200 
504 2 18.804700 16.210500 26.429600 
1895 2 18.029000 19.877800 22.424100 
1563 2 25.491200 20.854300 20.376700 
686 1 20.553900 21.362600 22.415500 
48 2 22.924100 14.793100 17.007100 
424 2 19.729500 16.681600 13.554100 
1033 1 17.587100 26.223400 15.214500 
710 1 26.379700 14.372400 24.706300 
1464 2 18.104100 24.489000 19.306500 
475 2 25.644300 22.938800 14.110900 
1007 2 26.290100 23.002300 21.045500 
1835 2 24.901000 18.653800 16.528000 
248 2 15.746000 23.494700 21.334500 
1873 1 25.611100 18.109700 24.566900 
1578 1 20.404300 17.605400 24.607000 
1420 2 25.225800 14.417600 26.430400 
1850 1 14.179000 14.566300 21.149800 
93 1 14.668600 25.056200 15.568000 
1976 2 18.357300 20.010700 26.507600 
1200 2 21.028700 24.328800 25.718400 
464 2 17.046100 18.110600 21.756800 
1994 1 23.978700 19.645100 14.540700 
701 1 20.092500 19.986800 14.006600 
203 2 25.875700 15.086100 24.812200 
1161 1 16.262400 23.366200 16.298000 
720 2 17.943800 19.376000 15.620300 
105 1 19.633200 19.941900 16.635100 
1337 1 22.770900 22.778000 20.567800 
374 1 26.402400 24.761400 21.602100 
1471 2 13.960000 25.027300 21.559200 
244 2 21.770700 20.959500 23.287600 
576 2 22.253600 13.442200 20.770700 
548 2 20.878700 25.617200 21.853300 
1930 1 16.830500 23.889500 25.383700 
318 1 23.190400 16.645900 17.555700 
452 2 19.856200 22.135300 23.723100 
1944 2 20.430500 20.721500 18.042100 
1722 1 22.157800 25.635200 17.195500 
344 2 15.587200 20.910700 13.792100 
137 1 16.263500 25.227800 17.495500 
1039 2 25.442100 24.577700 17.097300 
1236 2 15.959500 20.128100 21.684200 
1535 2 23.690300 21.663300 18.290700 
741 1 18.012100 24.571600 19.285900 
1531 2 16.813100 25.753400 22.628000 
926 1 19.276000 15.581700 19.990800 
569 1 18.245800 18.338300 25.686000 
1889 1 24.827600 21.289200 22.379700 
987 2 14.017500 23.524700 15.874500 
1150 1 21.378600 20.502300 20.317800 
1735 2 22.835300 23.763500 18.125200 
177 1 25.047400 18.726900 20.178500 
1646 1 26.324900 24.509300 16.536900 
289 1 20.466000 23.146000 18.276100 
1088 2 21.033700 23.871300 15.284700 
501 1 20.235600 23.562800 16.695000 
1450 1 14.553900 15.956800 21.066700 
766 1 25.414800 16.132400 19.465900 
840 2 14.269800 21.754900 17.843100 
577 1 26.325700 23.412000 24.914300 
460 2 20.108500 17.316800 24.771100 
347 2 22.924400 17.425100 17.066800 
1786 1 17.569600 23.074300 24.964100 
337 1 15.338000 23.367300 22.490000 
1929 1 21.401800 15.768900 14.382900 
1055 2 20.593000 20.254000 14.798800 
35 2 23.067800 13.946900 16.633600 
812 2 17.463400 13.924400 21.088100 
691 2 25.145000 18.426300 22.698400 
1766 1 26.197000 21.345700 19.836200 
1458 1 22.624600 16.245600 16.162500 
61 1 17.279500 19.213500 17.994300 
205 1 24.928000 13.369100 24.929500 
977 1 24.048800 13.711800 16.332100 
923 2 18.490700 16.904900 18.550300 
497 1 14.693500 20.758100 16.405400 
107 2 21.069300 21.340300 17.189200 
512 2 23.473300 21.076300 18.555400 
903 2 18.186600 21.943600 20.591800 
307 2 21.982500 22.601100 26.053400 
1192 2 19.057800 21.450500 20.701900 
1155 2 16.107800 20.473500 25.347700 
1668 2 16.049200 16.700700 17.268300 
1230 1 25.140700 17.894000 18.682100 
1468 2 19.062600 25.020700 23.598100 
975 2 25.159400 13.998400 16.899300 
1353 1 21.978800 21.762600 25.047100 
1183 2 23.849600 18.343300 22.625100 
510 1 14.818300 17.028300 17.530600 
1756 2 25.152000 17.942600 18.590300 
716 2 14.823100 26.289700 13.745800 
1680 2 23.574200 25.063900 18.424800 
770 1 20.015400 14.797500 19.285400 
490 1 22.756200 13.759900 14.574700 
79 2 19.956500 17.629700 13.541800 
117 1 18.795200 23.703100 26.063800 
149 1 19.305600 14.520900 26.283500 
950 1 23.032100 18.832700 13.342900 
1410 1 19.784400 15.984500 26.324100 
1118 1 18.404600 13.420800 26.337000 
89 1 23.961800 17.680700 26.428700 
1682 1 26.566000 15.049200 26.465800 
1656 2 15.471700 25.569500 26.497700 
