id type x y z 
1916 2 6.527810 3.764770 5.704970 
263 2 4.364490 2.825120 11.603500 
736 2 5.886840 9.816050 8.681530 
850 1 10.435500 9.504280 3.460080 
1976 2 2.739240 11.274400 3.817190 
1447 2 8.185540 1.774890 3.424270 
1522 1 2.054110 3.476440 7.491560 
1953 1 8.783660 3.199230 4.985190 
1159 2 4.439240 9.303620 5.551890 
971 2 5.782080 8.541870 2.785200 
1633 1 1.362240 5.446300 8.934450 
980 2 4.117590 1.152040 9.706830 
760 2 4.364330 0.534066 0.086888 
1370 1 3.394340 10.878200 3.877990 
36 2 9.269510 4.157540 8.992610 
244 2 3.089750 6.062800 5.968200 
587 2 0.651211 3.353440 8.133810 
1045 1 12.890700 10.565200 6.499910 
175 2 0.288216 10.733000 1.056020 
1872 2 10.401500 9.242600 12.278200 
1476 2 1.385450 12.012900 12.956200 
1853 1 3.730280 8.284510 12.901900 
1470 1 0.213621 10.120800 12.790700 
1568 2 8.707310 10.059200 9.891000 
1638 1 0.139819 1.287990 11.177300 
19 2 1.847080 5.932810 5.113190 
1181 1 7.517480 7.452940 2.449170 
388 2 4.433920 1.101120 12.007200 
110 1 9.972790 0.789016 5.621990 
1657 1 8.189700 8.318010 10.815600 
1341 1 -0.166852 12.540500 3.504940 
1154 1 6.923720 5.973860 7.438310 
983 2 12.286600 9.039040 8.646580 
679 2 4.641290 0.364874 12.317400 
743 2 7.448060 9.171350 9.252880 
884 2 2.904450 12.969700 6.179480 
1475 2 10.747600 9.185420 3.117610 
1533 1 5.146480 8.758310 3.269010 
1200 2 8.235160 6.703540 6.421530 
1221 1 2.020570 9.044270 8.738110 
1534 1 6.502780 1.555180 5.869950 
181 1 11.483500 3.645660 4.206320 
861 1 12.770300 2.119760 10.416100 
819 2 8.773860 9.849890 3.185290 
271 2 5.237480 11.708100 9.709570 
731 2 2.292550 1.596900 10.636900 
53 1 1.699870 7.070490 5.772940 
1854 1 1.228720 12.741800 2.939610 
1525 1 9.864000 7.507380 0.605383 
1632 2 5.976150 11.724600 3.122370 
1593 1 0.580436 11.878200 11.009800 
363 2 8.428810 0.603543 10.544600 
930 1 11.915200 5.511200 9.090060 
535 2 12.677000 0.992561 9.274520 
1322 1 11.879700 12.701000 7.006800 
1027 2 3.592580 4.725330 4.698180 
955 2 0.589220 1.246390 11.236800 
1623 2 2.112260 9.364210 11.925900 
1645 1 4.999650 9.391470 9.873790 
1612 2 7.211520 10.018000 5.851870 
463 2 2.973810 1.800530 0.809179 
1920 2 6.165770 5.086230 1.622960 
927 2 2.578700 11.488400 11.284500 
1660 2 9.995870 8.963870 5.658430 
140 2 2.523700 12.450200 0.929511 
345 1 8.515410 12.804900 5.318650 
352 2 8.262310 12.956500 10.025200 
1112 2 11.276300 3.286390 8.464750 
926 1 9.137150 4.230760 6.067780 
720 2 4.953670 8.380930 3.926930 
1069 1 5.754700 1.783950 12.401300 
1398 1 7.329210 5.535480 4.508460 
342 1 10.447800 2.263400 2.503040 
180 2 6.426460 6.907680 11.368300 
1140 2 12.259600 5.330290 4.330360 
1120 2 12.161900 3.403310 1.815890 
61 1 2.592280 0.985284 4.623500 
605 1 0.293642 6.301670 4.552970 
1117 1 5.796930 7.010800 4.191090 
815 2 2.492570 2.925520 6.201610 
1095 2 -0.008812 6.285660 0.619294 
339 2 0.778210 7.970740 9.318310 
344 2 0.699490 6.434230 9.551330 
1431 2 10.110400 10.941700 9.756960 
611 2 9.290990 3.245060 5.359480 
1290 1 6.359300 11.488100 5.339840 
454 1 0.521989 6.848670 11.078900 
713 1 9.940100 12.577000 10.321500 
1734 1 4.752930 7.236530 11.152300 
1059 2 1.005680 11.385700 6.360750 
1911 2 10.931000 2.476250 3.791220 
789 1 7.811430 2.177910 12.520100 
1938 1 9.117910 9.688230 8.024500 
702 1 0.331210 5.534570 0.295236 
1972 2 10.076700 4.781830 4.561120 
582 1 2.858630 12.008900 9.356850 
1523 2 5.680570 5.030990 0.980543 
449 1 10.210400 5.688690 3.758290 
1944 2 3.536890 3.402730 7.388270 
882 1 -0.108633 9.903660 7.989170 
1039 2 2.610820 4.628800 8.817020 
1879 2 11.010200 4.051560 11.759200 
1838 1 6.051630 9.013500 7.671520 
341 1 6.040510 5.331620 2.151710 
57 1 10.640500 4.286990 3.027680 
1453 1 6.258190 2.786520 7.158300 
83 2 6.223040 2.481350 9.037880 
509 1 11.127100 10.572400 7.840240 
225 1 4.210620 4.239260 0.013399 
1889 1 6.650400 10.632700 12.835300 
829 1 0.525991 4.237880 12.022200 
1244 2 8.028450 6.018780 3.550100 
866 1 12.990600 3.766020 8.620630 
1096 2 9.693500 5.031340 5.245710 
432 2 1.917780 0.182776 9.166980 
793 1 0.966638 0.323001 4.161110 
549 1 11.475400 5.568520 12.750800 
226 1 7.233700 10.643900 3.184770 
1139 2 9.302860 12.860600 4.927970 
1265 1 4.260270 1.247930 1.521020 
662 1 4.882590 10.364200 9.001770 
249 1 5.374220 11.593600 3.050510 
1189 1 8.976710 9.743790 3.014980 
366 1 8.675700 2.370700 2.431660 
1581 1 5.980840 11.141600 9.421280 
32 2 12.854900 9.537780 0.541751 
1813 1 11.548300 3.378630 0.837007 
1323 2 5.669850 5.606340 7.051430 
856 2 5.828960 12.812700 6.822580 
1082 1 2.645000 4.866490 9.848900 
1820 2 3.531660 2.713570 2.615040 
268 2 1.122240 7.070220 4.628660 
489 1 0.670069 1.057270 9.277130 
1424 2 4.671320 10.413900 9.773770 
1906 1 5.438560 6.625460 0.929445 
426 1 3.854440 5.280260 4.877890 
1856 2 12.855100 1.826170 8.557140 
648 2 6.063300 12.586500 0.394876 
1634 1 7.624920 12.379900 10.103400 
1997 1 7.972910 -0.010830 8.688550 
1605 1 12.081000 9.477700 3.456880 
1434 1 10.575000 0.434893 8.158870 
560 2 12.345200 8.568790 5.891220 
1009 1 13.237700 0.675374 8.512000 
384 2 10.674300 4.930370 0.371778 
851 2 11.497000 1.446120 7.607640 
1816 2 11.868900 5.857970 9.176390 
491 2 8.815200 7.398940 4.054750 
1172 2 0.575445 8.348840 4.243870 
1362 1 2.974610 3.425170 3.030930 
1728 2 6.864810 0.408262 6.849790 
1546 1 5.439940 0.665111 3.693400 
1369 1 2.440660 10.046200 11.713700 
629 1 13.257800 5.110320 6.235540 
1763 2 12.609300 2.022250 9.418590 
520 2 10.281300 8.999130 8.659970 
365 1 8.481650 1.305780 7.172400 
626 1 0.090695 0.540879 1.759590 
1948 2 6.953340 12.896500 12.980000 
975 2 5.139900 7.159100 10.261800 
1336 2 4.652200 3.101050 6.257210 
1050 1 4.604640 3.880970 6.741720 
1585 1 5.969190 0.638260 0.413306 
7 2 -0.071641 5.815440 2.968690 
1458 1 3.537930 7.863890 1.521410 
530 1 7.685530 10.752300 6.008500 
1961 1 10.092500 9.236460 9.097660 
492 2 1.770370 12.622800 10.227900 
1404 2 8.370510 12.819400 1.829260 
1227 2 7.624730 9.936250 3.050010 
1273 1 3.323220 1.274290 10.581000 
757 1 8.007430 6.199830 12.859400 
580 2 7.622060 4.015660 4.100720 
765 1 9.139650 4.340610 9.060080 
1677 1 9.799260 8.676930 5.464680 
261 1 10.668500 4.817750 6.591330 
1267 2 7.010640 8.380790 0.681785 
1225 1 6.906210 13.216800 12.465300 
968 2 6.195480 7.733240 6.890130 
517 1 3.643890 7.801860 5.376910 
16 2 1.123820 4.448860 2.689400 
134 1 3.876450 2.257960 13.340200 
138 1 6.625660 6.072650 10.340500 
1233 1 10.512800 7.647330 2.310510 
630 1 2.955050 11.395000 5.122360 
500 2 1.186690 8.855670 9.984500 
1622 1 4.998630 12.370800 -0.012596 
270 1 0.858132 12.326100 4.817280 
1195 2 0.131141 0.969428 6.609660 
1800 2 9.167930 1.977000 0.714459 
1684 2 0.165704 2.351380 2.778230 
417 1 8.517250 1.501140 9.529300 
1247 2 4.005690 7.903190 11.765400 
1992 2 7.547090 6.843600 9.787500 
293 1 8.356090 10.306600 11.521900 
80 2 1.338260 9.081310 0.914127 
309 1 1.224830 7.726930 10.108300 
1151 2 12.824200 6.366500 6.554350 
1946 1 2.108560 4.245550 4.902520 
1764 2 11.937500 11.561600 6.622360 
1328 2 9.474980 1.525090 4.921140 
1109 1 11.721600 8.761750 9.408610 
747 2 12.126600 7.865210 12.933500 
1413 1 11.764600 0.399327 5.374580 
606 1 5.017250 2.349510 9.885190 
604 2 10.898800 7.113550 2.101120 
977 1 12.225700 6.705470 3.950600 
1741 1 3.646550 1.588700 8.558940 
1333 1 1.509320 1.936200 6.088100 
925 1 11.607100 7.488380 6.553880 
1857 1 0.662860 7.654790 3.173780 
178 1 3.931740 3.099440 6.152490 
443 2 10.712600 6.485330 2.522880 
831 2 12.399900 5.711900 7.605580 
166 1 3.222120 12.801600 6.268750 
1064 2 9.208260 10.401800 2.762190 
1435 2 2.151570 10.936900 0.196389 
821 1 2.124070 8.539860 0.772990 
1357 1 10.892700 1.155180 11.292700 
361 1 6.702790 1.701630 9.230410 
232 2 6.084460 11.438000 8.424610 
210 1 4.735540 4.796660 8.872830 
875 2 8.332230 0.394708 3.468310 
1558 1 13.320800 11.160400 2.468370 
68 2 9.726150 1.200080 9.862860 
71 2 9.306230 10.507500 6.997170 
1945 1 2.061190 0.853883 1.599670 
243 2 0.126111 7.334700 11.608300 
1317 1 0.722253 9.683090 1.687170 
1755 2 6.111720 11.448900 5.294750 
58 1 3.276840 11.779200 11.764300 
338 1 10.341800 9.584560 0.470747 
1715 2 5.660910 1.155520 5.709970 
1708 2 4.295170 7.210950 11.496800 
1332 2 11.006300 5.363270 13.417500 
1555 2 11.162800 4.235320 1.528490 
557 1 8.085540 11.464400 1.149330 
699 2 4.681460 3.759680 7.661480 
1903 2 2.397290 0.547434 5.513270 
479 2 8.628020 8.233740 13.263100 
1886 1 11.051400 5.751780 1.100380 
1549 1 6.962950 13.134400 1.389940 
337 1 5.569550 12.205700 6.852180 
828 2 1.335280 4.709730 10.600400 
1808 2 5.126750 8.941770 12.586800 
691 2 4.381440 10.898500 3.127050 
1164 2 0.594301 12.694400 3.620450 
130 1 8.275870 5.442100 2.380820 
1910 1 -0.324742 2.168370 3.545460 
65 1 11.848000 8.477920 0.129447 
1651 2 7.596460 4.503860 2.602610 
1011 2 12.054700 1.677780 10.966800 
1058 1 0.826550 0.669681 11.444900 
761 1 2.384760 0.784495 12.749600 
595 2 1.413760 6.026070 3.306440 
1509 1 0.658620 2.671330 8.298680 
1937 1 2.740160 7.583670 11.009800 
1496 2 1.447490 0.961781 1.519970 
477 1 9.026540 0.010415 11.551700 
959 2 2.758170 7.407600 0.708224 
1601 1 11.141600 7.537670 10.770200 
1474 1 3.336520 10.994500 0.500989 
123 2 11.318000 8.435730 11.324200 
334 1 1.478920 6.487730 2.256160 
1097 1 0.620681 3.719210 1.622190 
231 2 13.276700 8.096610 5.266280 
894 1 5.131580 9.340060 11.609700 
577 1 12.717200 4.342660 11.296400 
1203 2 3.814490 13.076800 0.880118 
441 1 11.386900 8.580780 12.955900 
401 1 10.865700 4.888450 12.407600 
1939 2 10.847900 9.346310 0.583380 
436 2 9.962010 9.382980 0.258133 
656 2 1.349510 8.813410 12.600400 
862 1 11.423400 12.348000 18.524300 
1840 2 7.884000 0.277476 17.365400 
111 2 5.374890 6.225170 16.163200 
1812 2 5.333060 11.783800 17.510300 
1841 1 5.675880 3.252230 21.910400 
35 2 10.029600 12.987800 24.792700 
735 2 7.595700 6.729260 22.492500 
470 1 5.262030 9.800180 20.710400 
1898 1 4.332880 3.931530 24.995900 
881 1 11.115400 8.010100 21.510800 
939 2 1.929480 2.354680 24.116400 
1282 1 1.113980 3.958980 24.881000 
41 1 3.845640 1.097660 15.863500 
746 1 0.945654 9.126290 23.348100 
1775 2 3.976750 4.266520 13.475100 
704 2 3.209700 0.665192 19.782500 
969 1 4.353440 9.138410 18.148900 
960 2 11.894700 6.581380 20.269800 
1682 1 5.180930 6.040510 22.429500 
1891 2 11.075400 5.011920 15.613300 
1055 2 8.805770 11.824700 25.338900 
1574 1 1.560560 3.387210 20.866900 
958 1 0.819729 9.205700 20.913600 
465 1 2.715390 6.564400 21.231100 
1833 1 7.229000 1.014390 19.305900 
1733 1 8.114740 1.114410 13.659300 
1294 1 2.766410 9.055240 17.215800 
184 2 3.356060 9.836950 24.780600 
374 1 9.082370 12.970700 24.563200 
421 1 10.813700 1.525500 21.562000 
1019 2 9.602770 1.305450 26.222000 
1636 2 9.850120 5.240980 17.375000 
784 2 1.784230 12.540600 17.883000 
1654 1 2.057750 0.246847 18.987800 
102 1 7.031130 4.450440 17.865700 
1748 2 5.312650 9.272570 20.546500 
1468 2 6.106890 7.433640 15.478100 
622 1 12.465600 9.551860 16.235800 
1481 1 8.236240 3.554000 23.733200 
1240 2 1.515470 8.833250 20.433000 
276 2 1.178260 4.856900 18.818300 
936 2 8.128620 10.228100 24.394800 
229 1 3.385310 5.543450 16.779600 
1685 1 8.437230 1.244800 21.062900 
974 1 12.950900 6.681810 19.724800 
1908 2 8.989810 10.699000 14.070200 
165 1 9.662710 1.925950 25.659500 
379 2 3.971310 0.394742 17.124800 
854 1 12.882400 12.416400 15.795300 
751 2 11.798200 4.116930 14.237400 
9 1 4.224800 10.682700 15.895400 
1006 1 11.548800 3.568110 22.214600 
466 1 2.984750 2.216330 19.854900 
1671 2 11.058100 0.640556 15.806000 
1680 2 4.987750 8.850190 20.921700 
1696 2 7.743210 8.153850 21.629000 
385 1 1.523650 8.633040 19.916200 
1928 2 1.855910 7.119060 16.781400 
887 2 0.684778 3.264420 14.829600 
1929 1 9.634750 8.516170 19.287300 
982 1 0.409701 3.552330 15.607400 
1314 1 7.520880 -0.098268 16.414100 
945 1 4.861990 8.209680 14.151100 
1604 2 0.574983 7.067420 22.587900 
1212 2 8.519180 0.391477 20.524700 
1105 1 9.133200 11.148000 22.316000 
1701 1 6.857520 4.435170 23.076900 
1076 2 9.449640 9.010000 15.252200 
1170 1 6.152500 8.653870 16.957500 
824 2 11.152200 5.239470 24.453500 
1614 1 12.454600 11.101700 13.160100 
1531 2 12.363500 6.009710 19.871600 
1277 1 3.324940 6.115000 13.327300 
1796 2 4.260700 6.242470 20.470000 
1466 1 10.607200 6.113780 18.175200 
1388 2 11.029600 13.155700 18.917600 
689 1 7.331330 4.978950 20.939900 
472 2 10.757700 1.951260 15.529300 
1502 1 10.990000 2.047730 18.393000 
614 1 7.995810 7.794030 19.193000 
1738 1 2.646350 1.342500 17.916100 
42 1 3.536960 4.120670 18.833000 
1406 1 5.570740 11.414000 17.511300 
1084 2 12.184900 11.207000 21.516700 
199 2 7.329080 2.904470 22.423400 
473 1 9.240130 10.568400 18.475000 
1313 1 13.074700 9.957070 18.317600 
382 1 8.320530 10.935900 15.002400 
750 1 5.101410 4.457460 15.566300 
1026 1 6.860020 2.793540 15.261800 
1642 1 13.066200 4.843900 13.677200 
1326 1 3.497630 5.774880 23.596500 
408 2 5.208500 12.068600 23.664200 
496 2 4.749540 2.602850 20.478400 
1190 1 3.178010 9.661250 24.290900 
1547 2 7.166960 0.735614 19.398700 
919 2 8.787220 0.184381 20.575500 
1214 1 9.577220 11.797600 25.032000 
897 1 3.065540 0.836836 21.930600 
585 1 12.980300 5.863680 16.487300 
67 2 2.935700 6.550140 24.418800 
1977 1 4.639300 8.174420 22.912300 
863 2 0.821239 7.234370 16.551200 
126 1 10.658300 0.294126 25.812000 
753 1 3.467990 0.598334 25.757300 
364 2 10.501200 0.518653 19.491100 
38 1 11.916200 11.285900 21.728600 
1093 1 9.098130 3.111310 18.295600 
227 2 4.930640 11.851700 13.591500 
1295 2 7.922350 8.873220 20.215100 
1411 2 8.103030 3.372790 23.344000 
669 1 4.332800 12.630700 22.937200 
1376 2 4.488530 8.742670 25.206500 
1361 1 9.334740 4.624890 15.836300 
197 1 0.614296 9.047600 26.440800 
565 1 9.140640 12.157800 18.996500 
451 2 6.000080 4.298490 15.576700 
343 2 6.296650 5.852510 14.161700 
519 2 5.074950 9.555340 25.226000 
807 2 3.490390 13.403300 22.783500 
703 2 5.013420 8.355580 21.421600 
318 1 5.445910 5.543320 20.032100 
1292 2 4.622760 4.186400 22.874000 
474 1 2.633350 13.372200 23.015400 
1056 2 9.013470 2.639070 14.400100 
610 1 4.027580 12.291000 19.651900 
589 1 0.540738 10.707900 16.818300 
1832 2 0.588770 1.425220 16.241100 
92 2 4.641830 8.426350 17.843700 
1981 1 5.944230 5.783610 25.535400 
1335 2 1.979380 9.192050 25.420700 
1596 2 10.585100 7.807260 18.259200 
1355 2 0.982499 10.383700 16.150000 
1417 1 11.271700 12.072300 20.747300 
776 2 2.293480 10.675600 25.496700 
553 1 9.483150 1.847480 23.597200 
967 2 9.615840 7.238240 23.508700 
820 2 10.189400 6.803400 23.335100 
671 2 3.484890 5.817100 21.585700 
865 1 2.854450 4.758200 13.345300 
825 1 5.490080 12.065400 23.879300 
1712 2 7.657690 4.428540 18.961000 
1629 1 5.792450 7.392240 23.897900 
1353 1 4.843600 0.206500 17.112000 
171 2 5.330120 10.726400 18.894300 
1351 2 7.293320 13.542200 17.414800 
100 2 6.979470 11.952900 20.841400 
179 2 11.499500 3.058610 21.407500 
1433 1 10.096300 5.842180 23.424600 
98 1 10.889500 1.940810 19.703400 
273 1 8.821720 5.884690 20.029300 
795 2 11.779300 9.530710 19.069400 
994 1 11.439900 1.859900 23.617200 
1829 1 2.072160 11.823800 14.460500 
575 2 8.821130 5.326690 19.302200 
1621 1 12.688800 11.350900 22.175300 
1305 1 1.071120 11.004200 24.958100 
1752 2 5.885330 10.823300 16.031000 
1848 2 9.541630 0.950241 19.366700 
1504 2 9.415460 2.196940 25.056100 
1421 1 2.942020 4.823420 20.125200 
155 2 5.377110 11.900400 22.714500 
347 2 10.352300 13.238400 15.979900 
1115 2 0.488921 6.032690 21.125400 
1501 1 1.278480 12.270900 18.259100 
194 1 11.805200 3.308400 16.542900 
1922 1 0.867554 2.052910 25.945800 
3 2 1.086850 11.208600 13.402400 
1526 1 4.310780 1.621020 20.381000 
1573 1 5.430330 9.064710 15.446200 
864 2 4.011630 4.064610 26.233700 
943 2 8.192230 6.885830 16.384500 
1423 2 8.189030 1.908770 15.582900 
964 2 11.972600 6.529550 23.526000 
1021 1 9.432500 1.796240 15.245400 
741 1 2.220830 2.239430 15.853600 
1844 2 2.769870 10.207700 16.465500 
785 1 7.117350 12.583500 21.804000 
1652 2 11.580800 8.945390 19.591400 
415 2 6.273800 12.710300 20.403900 
514 1 4.021710 10.320000 19.233200 
1463 2 10.532600 7.828750 16.949900 
1735 2 13.222900 1.228000 19.027700 
1578 1 2.677910 8.074910 26.155600 
816 2 5.489860 2.731030 13.824700 
220 2 3.604090 3.983290 15.617000 
1083 2 10.994200 6.689480 25.292900 
1180 2 3.312660 11.545800 20.282300 
234 1 11.388200 6.002830 20.447800 
843 2 4.202810 10.393600 17.700600 
11 2 4.844350 11.910000 15.775500 
73 1 7.357160 9.642120 23.736100 
1356 2 11.335000 6.804710 21.278900 
533 1 7.836710 7.190250 22.528300 
695 2 12.132700 5.299610 20.758400 
1415 2 1.294000 0.956746 20.733800 
1656 2 3.873820 11.272700 14.447100 
391 2 7.211550 5.821460 21.571800 
69 1 1.793720 0.238368 23.549300 
267 2 4.262530 4.326440 23.417200 
655 2 11.271900 1.958980 17.948900 
28 2 3.268030 1.713420 16.975900 
4 2 0.560810 3.242990 23.770200 
285 1 4.711770 2.787370 23.878800 
1179 2 5.284560 4.379040 17.660000 
1160 2 6.530520 12.712000 24.376000 
439 2 6.035070 8.890790 15.172000 
1895 2 10.030200 1.581970 25.174500 
1307 2 1.478950 7.957030 17.650500 
1052 2 13.193000 8.996260 15.990600 
792 2 7.230860 4.858520 13.482700 
1094 1 1.950340 7.433960 16.668800 
1746 1 11.000200 7.771680 15.496900 
1798 1 2.245060 12.323600 25.877400 
1409 1 10.862100 8.010060 23.279600 
988 2 6.721470 4.505930 23.336500 
1401 1 5.163270 12.048400 21.158900 
1442 1 10.563300 8.032490 17.447500 
957 1 13.001300 12.022400 26.592700 
1176 2 10.005700 11.246500 18.512500 
1697 1 11.585600 5.365300 25.746400 
72 2 1.520520 6.861280 17.576800 
1217 1 2.304580 9.768500 15.261800 
1108 2 8.774440 2.123580 21.126600 
478 1 5.362950 5.916870 15.802500 
1588 2 6.186810 5.008550 18.915400 
435 2 11.240500 12.088000 21.802200 
1822 1 7.192250 9.529640 20.256900 
661 1 4.675700 12.658600 14.154500 
1346 1 7.783400 8.255170 26.303400 
1803 2 6.756180 9.663360 22.580900 
1987 2 3.623690 3.694560 17.080700 
121 1 3.882040 3.542100 21.196000 
444 2 3.482850 2.526890 20.452900 
1797 1 7.685980 6.923250 16.592300 
450 1 10.254300 4.230330 25.397800 
1125 1 10.761400 6.752540 25.150300 
104 2 3.877800 1.745290 16.112800 
564 2 0.806350 4.394880 21.241300 
1817 1 6.068850 7.184880 15.227400 
911 2 0.410332 4.232000 24.313700 
39 2 12.619200 9.349280 22.231700 
1781 1 9.903370 0.507455 16.144200 
1377 1 9.594780 12.800200 15.782200 
1089 1 3.808890 10.266100 25.118600 
1610 1 9.092080 9.110930 13.924900 
54 1 8.774270 5.908170 14.799800 
1750 1 8.389550 1.168100 17.807500 
546 1 0.914994 7.262200 17.863100 
1827 2 5.797750 4.799500 26.100200 
1892 2 2.776470 0.644677 13.778900 
147 2 1.307420 22.564100 6.005020 
1902 1 8.792800 16.082100 0.683932 
1885 1 9.158590 23.746000 10.971200 
538 1 4.487500 24.534900 4.187770 
1843 2 1.404040 20.961500 8.189450 
1779 2 7.843010 24.546500 8.925560 
1912 2 11.870000 17.530800 9.488490 
1653 1 5.869560 20.665300 -0.170758 
1121 1 10.543500 21.652700 8.509050 
1801 1 2.665530 20.012800 2.039670 
1557 1 11.095000 21.631900 6.220080 
1802 1 12.656200 26.528100 3.192720 
1624 2 12.755700 24.574800 11.562000 
1505 1 0.212222 19.540300 8.321340 
144 2 1.782070 17.463200 2.983530 
1098 1 0.745667 14.650900 9.166280 
1133 1 1.522130 26.131000 8.135210 
1754 1 12.772100 13.557000 1.363090 
1040 2 7.870230 17.288700 3.910110 
5 1 3.080830 22.819900 3.198920 
1042 1 10.567000 17.235600 7.014080 
1057 1 2.323020 20.932100 3.432340 
739 2 1.216550 13.414100 6.930090 
1936 2 2.202400 25.168200 4.560820 
325 1 2.083420 13.951300 9.460280 
620 2 4.682060 15.385800 3.040200 
1665 1 12.607600 18.406500 11.960500 
299 2 1.924560 25.774600 8.154380 
1430 1 3.535390 25.086500 0.484233 
1627 2 1.804000 14.936200 3.066640 
192 2 2.487450 21.665100 2.613370 
1015 2 2.706000 22.795800 9.324690 
1123 2 7.883780 23.574200 2.439920 
404 2 5.773540 21.836200 10.140100 
278 1 10.042800 26.163700 1.204780 
812 2 9.075730 20.605900 2.221150 
1321 1 2.293280 13.448600 11.587400 
696 2 12.580100 24.577600 4.664160 
52 2 1.308880 19.776700 12.376800 
1193 1 6.960780 22.860900 3.815990 
767 2 0.159008 16.488700 0.791398 
567 2 5.778960 20.288500 7.479780 
1579 2 1.863550 25.916700 1.763710 
506 1 7.963770 21.251300 13.040600 
600 2 10.924600 22.925500 8.556300 
1025 1 11.978600 15.172900 6.969850 
1552 2 4.757540 18.223100 8.112490 
1835 2 0.107566 15.028500 9.267620 
217 1 4.626210 20.036900 9.932360 
995 2 8.956140 17.343800 5.628480 
1255 2 13.097300 25.439200 6.580960 
1681 1 7.599620 23.207300 1.067610 
840 2 6.551000 24.050200 0.185614 
1951 2 6.202210 24.130400 0.689529 
1427 2 13.219700 18.735200 6.696280 
1403 2 1.744630 24.316600 10.501800 
158 1 9.760770 21.326300 10.121000 
950 1 8.304750 19.878000 1.686410 
56 2 8.528060 20.538800 12.943600 
1235 2 10.450800 18.643000 9.682360 
664 2 7.342750 25.529300 8.722160 
1907 2 12.166300 16.369400 12.559400 
471 2 1.330140 16.750900 10.960400 
808 2 9.816550 16.182600 7.748350 
1550 1 0.566094 16.473600 6.961380 
164 2 4.475000 23.187100 12.949000 
1688 2 11.799300 17.326200 0.895217 
1770 1 4.135950 24.038000 1.067880 
999 2 7.701760 20.981900 4.319770 
1724 2 5.151640 24.121500 11.381500 
97 1 10.316100 23.590200 2.698020 
588 2 11.223600 23.837000 1.882890 
1419 2 11.611400 20.913400 7.676060 
1637 1 10.908100 22.512100 3.329720 
787 2 11.329500 16.054100 5.728260 
434 1 2.497110 18.487700 4.245970 
1428 2 2.961910 25.606600 4.432600 
948 2 11.264100 13.440600 9.960290 
1700 2 0.803314 16.885500 5.416100 
768 2 5.303830 22.816900 1.668800 
1242 1 9.148500 15.785900 3.266510 
279 2 12.846600 26.557500 2.351270 
532 2 1.057830 25.082100 11.977800 
1293 1 12.456500 16.199300 5.164740 
1990 1 7.896160 25.181400 9.687110 
1771 2 13.190200 19.493100 0.888168 
860 2 6.177050 14.486300 5.554520 
392 2 5.542340 13.697700 10.780000 
1647 2 0.460120 25.397600 5.024820 
1520 2 6.837740 26.617700 3.570610 
240 2 8.036070 15.565700 0.139623 
1005 1 0.900288 23.916300 9.771200 
976 2 9.332740 23.661700 6.509480 
1943 2 10.117400 22.872100 3.384740 
779 2 12.960500 21.448500 3.840410 
771 2 12.777900 23.379500 11.493500 
573 1 9.288530 14.950900 7.159830 
550 1 7.190420 18.633800 6.026090 
481 1 2.380040 21.944200 9.186480 
319 2 8.868460 25.596900 9.978220 
386 1 6.887870 25.604900 2.818690 
706 1 2.440510 25.454800 11.877500 
637 1 12.998500 20.923300 1.517270 
185 1 10.516800 14.028200 5.698910 
1904 2 10.877200 20.976600 11.917000 
1777 1 6.269900 20.970000 5.831950 
108 2 1.480360 22.374500 8.249590 
833 1 9.597680 13.255000 4.357650 
852 2 10.845900 19.503400 3.906320 
869 1 4.903220 22.163900 12.147500 
1230 1 8.656300 23.823700 6.097230 
987 2 3.124870 22.092000 3.428840 
172 2 5.784770 17.693800 1.408440 
1070 1 10.056600 19.419100 3.998820 
1942 1 8.422510 19.571700 5.326440 
127 2 3.467560 18.468200 10.520700 
547 2 4.369100 16.353400 11.565600 
593 1 2.166250 18.202600 1.423760 
1219 2 1.167730 19.026700 5.497690 
189 1 12.636800 24.098600 7.925590 
47 2 7.720720 16.179400 0.888584 
340 2 9.745650 13.791500 5.038310 
1158 1 11.537700 16.858100 1.136780 
1818 1 4.221550 17.350000 3.697750 
321 1 2.243850 21.505600 11.724700 
1709 1 1.921760 16.234900 5.416920 
1532 2 11.333700 22.436700 9.943160 
607 2 8.419580 25.279800 11.627900 
1556 2 6.307190 14.976300 6.528700 
1013 1 8.172630 16.712800 8.218250 
1422 1 7.576480 18.295000 3.774610 
323 2 1.669750 21.660000 3.846500 
1074 1 8.305590 18.575200 13.007100 
592 2 6.027040 19.708600 5.065990 
1769 1 12.001500 19.275200 7.063450 
1874 1 12.419400 21.381900 12.556700 
1127 2 3.463610 16.419400 5.816310 
806 1 13.463700 26.573300 0.711621 
1271 2 2.739760 18.267400 2.691140 
1921 1 7.672530 20.814700 4.016840 
568 2 13.226100 14.212400 1.981660 
518 1 7.015490 19.422600 11.810100 
1329 1 0.087035 20.712700 11.938400 
1291 2 11.085400 14.810400 8.882090 
608 2 6.612810 14.962600 10.049000 
1865 1 5.574580 20.855600 7.827530 
119 2 5.100140 17.753800 2.294250 
218 1 11.910900 21.592100 11.353500 
399 2 10.544700 17.186800 10.218500 
1998 1 12.006900 15.672800 12.358400 
1310 1 13.009400 23.453300 13.107700 
617 1 6.376480 16.284500 11.421300 
1350 1 2.983300 20.248700 9.790510 
51 2 6.991780 18.765000 9.878650 
239 2 1.163650 17.100200 2.232450 
203 2 7.386020 23.684800 11.305600 
1692 2 12.631900 13.934500 2.154740 
1106 1 8.293020 17.175900 4.466180 
1218 1 5.784610 20.764700 1.833860 
770 1 4.537110 15.713100 6.642820 
953 1 3.721250 23.677500 9.104890 
694 1 6.160450 22.715300 9.747930 
411 2 5.502970 16.949100 6.022440 
858 1 3.972240 22.338400 10.405900 
200 2 3.189010 21.835300 7.419350 
1807 2 0.891871 21.140400 4.487540 
1965 1 6.620530 13.616900 8.921210 
336 2 3.907460 19.617300 4.595660 
729 1 2.368000 17.971800 11.148800 
1 1 3.399600 18.951100 6.916450 
902 1 1.389260 24.926400 5.922690 
1598 1 9.766590 18.634600 9.397520 
1150 1 5.535490 14.911200 11.221500 
837 1 11.697800 19.720000 3.847130 
803 2 13.064300 24.212000 8.522310 
730 1 5.389810 16.495300 1.974740 
1740 2 10.629600 16.880500 6.289550 
142 1 0.993507 16.565800 1.417200 
26 1 7.401520 16.267200 6.158460 
282 1 11.885400 23.546500 10.000900 
1864 2 0.805163 18.542200 7.951800 
1178 1 5.201730 18.840300 9.421680 
1155 2 6.117660 18.247000 12.681200 
962 1 10.447900 18.836500 6.257840 
1926 1 4.540930 19.508800 4.446370 
159 2 8.171690 17.883100 5.091590 
1049 1 11.883800 16.255100 9.321090 
562 1 4.513860 16.179500 9.061590 
1485 1 13.040200 24.690600 5.933170 
1287 2 2.304020 20.689500 10.396200 
775 2 10.986200 20.481800 4.578340 
1805 1 2.087930 20.900500 5.683970 
1687 2 7.574160 14.713100 10.715500 
93 1 8.926850 25.058500 4.667860 
1196 2 7.401300 18.305000 10.049100 
1878 1 4.672120 23.555100 6.220380 
2 1 12.683500 26.306300 6.841110 
346 1 2.750000 16.222900 1.527220 
1658 1 9.690640 14.524300 10.609800 
692 2 6.295260 17.571500 11.843200 
1184 2 0.008995 20.993200 9.487910 
394 1 2.119750 14.519900 3.757200 
728 2 1.604010 13.645100 10.626400 
1667 2 0.916665 21.638900 12.457200 
1256 2 12.648000 21.508000 6.057330 
396 2 7.677180 21.563400 4.923420 
996 2 6.802770 20.292200 6.863340 
798 1 1.444230 20.183000 10.487000 
1964 2 6.763110 19.201300 1.158170 
675 2 6.000070 26.148600 0.861266 
1995 2 4.017030 22.275900 12.441900 
623 2 5.281740 22.520400 9.466840 
935 2 4.005980 22.900800 1.556830 
455 2 8.896430 17.991700 2.230120 
258 1 1.902190 14.185200 6.999600 
1062 1 12.395800 22.784400 5.114010 
1304 2 1.509260 24.169300 3.987990 
196 2 3.176720 15.809900 8.388220 
685 1 2.167910 25.955200 3.035370 
1165 1 6.835730 24.543200 8.045230 
1099 2 5.041510 26.122000 3.043530 
1122 1 1.249820 22.768200 5.999080 
1455 2 5.278740 24.865400 7.556750 
141 1 8.062460 17.839000 0.672292 
246 1 0.518739 17.510900 12.721200 
1602 1 1.718470 21.638300 7.044710 
17 1 5.337640 16.151400 4.467340 
205 1 10.360100 17.543000 10.584200 
1569 1 6.064420 14.385700 7.561750 
1360 2 9.217710 14.099300 7.128280 
1655 2 11.867300 25.432400 4.908050 
615 2 12.261900 13.848900 5.933080 
482 1 0.762458 13.901600 12.106800 
838 1 4.590480 25.333100 7.031930 
448 2 4.376990 14.752400 6.201890 
1542 1 0.061509 16.070900 11.057900 
1436 2 10.298200 22.333300 0.734871 
162 1 5.159900 20.152300 12.909100 
1511 2 6.734760 13.881700 13.135800 
303 2 2.153350 13.474500 11.365900 
191 2 5.897760 25.825300 4.502950 
45 1 2.963740 13.962100 0.515355 
1863 2 13.080100 23.390700 0.099039 
1222 1 3.954010 23.296700 12.977700 
371 2 7.673040 14.114100 0.246325 
681 1 3.913430 20.261700 25.500400 
1705 1 8.483510 16.113400 13.238700 
853 1 0.601310 20.810700 18.764000 
1952 2 9.719890 14.300500 15.656600 
1896 2 1.423490 24.112400 16.166300 
1876 2 10.554200 26.145300 15.466900 
574 1 7.096420 14.694000 20.126000 
686 1 8.094360 14.408400 24.874400 
721 1 8.081850 13.661800 26.330900 
13 1 2.687790 24.953700 15.928900 
378 1 5.686930 17.106200 20.629200 
66 1 10.073500 21.232200 15.451200 
542 1 2.877840 20.819700 20.809300 
1538 1 10.576400 23.392300 18.453700 
1766 1 4.999550 19.156100 19.873400 
1048 2 2.953990 16.418600 15.021100 
524 2 12.981800 24.745500 13.237100 
1092 2 7.147000 22.307700 17.386400 
670 1 7.933230 20.241400 20.891000 
1932 2 2.181020 19.767300 16.103600 
782 1 3.408000 23.723200 16.239700 
1689 1 1.138410 19.699600 26.365500 
1469 1 10.017700 19.681900 24.479300 
1022 1 12.641800 22.480400 20.366400 
997 1 2.542050 13.827700 16.892700 
315 2 9.219410 17.114500 18.066800 
1737 1 3.753690 24.250800 21.551200 
407 2 0.404124 21.270200 25.805800 
867 2 10.715400 21.097900 23.040000 
1711 2 9.494280 18.021000 22.869000 
777 1 2.228310 17.442000 15.414700 
1494 1 0.464977 16.609900 23.801100 
228 2 3.226650 20.275400 20.512300 
1888 2 0.614051 25.832500 25.161500 
883 2 2.982970 21.403200 21.180400 
1274 1 11.181200 21.406000 20.902800 
1683 2 5.060760 20.379300 24.895600 
708 2 2.448900 23.038500 14.087000 
801 1 3.347850 21.660700 21.990800 
879 2 4.851670 16.299200 19.223700 
368 2 3.233490 20.936700 15.979900 
1825 1 11.745200 18.303500 21.417300 
528 2 1.975010 19.791500 24.337900 
1674 1 0.623987 21.244900 14.126600 
1590 1 10.963900 24.144700 13.945800 
1086 1 1.618170 22.884600 13.958700 
431 2 3.914570 26.272600 21.602700 
1385 1 8.824750 17.221800 23.151900 
1490 1 5.591930 26.092200 23.511200 
1283 2 11.879400 17.696200 19.761600 
1690 1 1.755470 23.678500 21.628200 
1699 2 7.828850 23.684400 25.365600 
668 2 4.719390 17.560600 19.874500 
653 1 5.339830 13.668200 18.233500 
252 2 12.080200 14.061400 14.890400 
290 1 8.977780 24.765100 24.144200 
198 1 5.014350 23.186100 21.249400 
1477 1 7.444940 15.604300 16.728500 
1236 2 8.186070 21.143300 24.002500 
1029 1 12.329700 22.846900 26.714100 
428 2 -0.005379 22.690600 21.053600 
619 2 1.066700 18.410700 13.629700 
237 1 8.536080 25.032600 13.579000 
1704 2 3.153440 15.355400 25.568300 
516 2 12.043900 25.794600 23.353200 
1251 2 4.465220 23.125600 19.833900 
1285 1 3.143040 22.021800 20.520000 
705 1 0.736325 26.340000 14.427700 
1297 1 9.256100 21.267800 23.948700 
1518 1 4.281130 23.184300 20.318200 
64 2 6.439380 15.840400 19.514800 
1044 2 5.158840 20.901100 22.096600 
1088 2 0.854481 13.679800 16.115100 
1199 2 1.842500 13.846000 24.699400 
638 1 7.689390 16.952800 24.209300 
1299 2 10.319100 13.580000 18.304700 
1570 1 3.340380 16.603800 25.332000 
1792 2 1.284710 15.346600 18.650000 
1207 2 1.555370 17.403700 23.870900 
727 2 7.709330 25.675100 15.366200 
468 2 0.893467 25.431300 21.460700 
25 1 9.518560 23.045600 15.375800 
1721 1 4.229370 17.453900 19.979000 
1407 2 10.487400 22.944100 18.552400 
928 2 5.848890 21.389700 24.287000 
979 2 7.684550 15.262000 24.855400 
1437 1 2.643800 18.643000 21.536900 
1514 1 5.753680 22.547100 14.144300 
1198 1 0.941442 26.189700 20.771300 
1302 1 7.749180 24.056900 18.565000 
804 2 3.808150 19.165000 16.824700 
1161 1 11.810300 18.116000 20.009100 
636 2 7.659200 17.704300 20.475300 
1893 1 12.004700 18.763300 24.656100 
1713 1 9.225430 26.269500 19.079900 
1060 2 3.482700 23.176300 22.707800 
14 1 10.803800 23.081700 17.030500 
1788 2 4.701170 14.870700 21.861100 
1941 1 7.127210 25.126700 19.997900 
566 1 11.225500 25.978300 15.228700 
1999 2 0.957081 14.374700 24.125300 
1930 1 0.316663 23.991900 23.087000 
105 1 4.769570 15.370000 20.768400 
1554 1 1.174520 26.203800 16.537100 
1375 2 3.605160 16.426400 17.133900 
811 2 0.701652 25.338500 24.409000 
1648 2 7.127080 20.652200 19.981500 
1063 2 13.403400 23.668900 22.096100 
766 1 12.731600 22.950500 21.861600 
682 1 4.216460 15.683000 18.088600 
367 2 2.251680 24.452200 17.140100 
855 2 10.072400 19.277800 24.756000 
151 2 6.493470 25.053800 20.724100 
146 1 0.942295 18.233600 16.644700 
46 1 1.537870 14.912400 19.444100 
1969 1 1.115770 13.234000 16.289400 
1899 2 10.619700 23.036700 15.232700 
1146 1 7.295920 17.489800 14.003600 
1488 2 8.677630 25.255900 13.649600 
1183 2 11.799200 16.236400 25.686400 
1478 1 2.468320 22.444000 19.338100 
1814 1 0.995116 23.996500 17.848300 
759 2 0.658662 24.646100 22.591100 
1866 1 12.342300 20.008200 17.654900 
214 1 0.657781 22.739700 25.409500 
512 2 5.373860 15.788800 25.468000 
412 2 7.475160 24.539600 18.918000 
125 1 13.238400 19.628400 22.653900 
1393 1 1.903290 15.872600 17.861200 
650 1 13.189900 15.324300 16.840800 
616 2 10.618900 21.046000 24.435900 
103 2 12.967800 25.906900 17.180400 
1870 1 12.305600 17.611800 17.050800 
207 2 6.424790 22.382600 15.679300 
1454 1 10.472300 22.905400 24.450600 
301 1 11.419400 20.318400 23.312500 
311 2 2.181560 16.026200 20.245200 
778 1 10.195100 25.250900 21.900300 
1611 2 11.628400 19.654700 17.065500 
947 2 9.388460 16.680100 14.857200 
1343 2 3.032270 16.387500 15.501600 
1043 2 1.616200 23.470500 21.743400 
1830 1 7.000030 26.538600 21.268000 
1262 1 0.860842 16.229800 17.918800 
18 1 0.194338 19.983300 22.430200 
709 1 6.996150 15.585900 23.753000 
643 2 6.291560 23.207500 20.706500 
335 2 10.732600 25.697800 22.760400 
1795 2 1.598840 16.879600 26.121600 
77 1 8.561280 21.221000 26.175100 
82 1 5.341810 25.719000 15.180400 
1845 1 6.075650 21.201900 21.326300 
873 1 12.982600 26.107600 14.509200 
221 1 5.069260 16.579500 25.947500 
1491 2 3.779730 24.248000 14.120600 
1266 1 5.933440 13.621800 13.904800 
1175 2 3.088200 22.039400 17.742500 
688 2 7.287240 14.897700 16.199600 
1068 2 7.576990 20.543500 13.862400 
764 2 9.410850 16.037200 24.215800 
1768 2 13.405300 22.596700 19.581600 
1541 1 6.731970 15.731800 26.094800 
1041 1 5.881620 17.166200 16.622000 
1258 1 12.843400 26.272200 18.682800 
1809 1 9.287510 14.756200 19.495900 
1597 1 8.463090 21.845900 18.952700 
1124 2 10.815200 21.067300 22.712600 
1662 1 1.213960 24.838000 22.536600 
161 1 0.908081 15.282800 24.095000 
1391 2 6.423590 15.145700 16.024500 
312 2 10.347000 22.924000 15.194700 
839 2 6.983450 18.452900 22.959900 
1324 2 0.934666 18.407600 26.030700 
49 1 0.932728 24.416900 24.973900 
1513 1 9.741140 20.720800 21.533400 
168 2 9.557810 21.566700 20.415900 
1260 2 2.693330 25.734500 17.845700 
541 1 -0.437169 25.093600 25.632700 
1387 2 7.977920 19.840500 16.691300 
458 1 7.667560 13.270700 17.645900 
1918 1 2.391380 22.802100 15.639400 
701 1 9.939500 18.498000 16.989100 
313 1 6.466600 23.210400 16.399600 
157 1 10.946800 16.153300 24.177500 
499 2 3.993750 18.412300 20.137900 
1206 1 0.134625 18.506700 14.186200 
284 2 13.344000 18.566600 13.657200 
687 2 7.778830 18.498800 14.671600 
1762 1 12.921200 26.268400 17.133400 
880 2 12.383700 18.800600 21.985200 
1149 1 1.883770 20.408400 16.956900 
1248 2 4.364020 17.679500 15.833600 
1571 2 0.784077 14.429400 17.799700 
1831 2 3.748250 18.736300 25.922200 
1366 1 6.837710 13.556100 15.691400 
176 2 7.549940 23.396800 16.613000 
1395 2 11.580300 16.652400 20.080200 
1126 1 11.562200 23.039400 15.432900 
1301 1 3.965670 16.761300 15.967200 
1010 1 5.168020 20.372700 17.755100 
1616 2 12.091300 19.613300 18.097200 
1609 1 7.072140 24.990200 26.099700 
1914 1 6.203910 22.437500 18.943400 
40 2 3.448700 22.448800 19.990200 
1566 1 5.341140 21.004100 22.496900 
1017 1 9.752640 19.555400 14.296000 
1300 2 9.226010 17.278900 16.310700 
1390 1 2.895050 18.851800 24.630800 
1756 2 0.696916 26.192400 14.016000 
1289 1 7.608750 19.229300 14.618500 
1979 2 5.785380 23.185600 20.434500 
1382 1 11.345700 15.519700 18.035300 
438 1 2.858130 19.165100 14.242300 
1669 1 6.209450 18.606100 22.846600 
1216 2 3.855200 25.126700 15.609000 
859 2 9.527170 20.228700 21.816800 
788 2 5.561820 13.726900 19.644800 
193 1 9.507620 16.051200 15.540500 
1871 2 1.144280 25.942300 26.135200 
1575 2 13.259800 23.616000 15.472300 
561 1 3.792900 22.438300 23.936200 
1067 2 0.592394 18.068800 16.792400 
1371 2 11.422400 23.991000 26.275700 
921 1 4.883040 17.208500 14.095900 
1359 2 11.969100 13.798700 13.946500 
1894 1 0.204434 13.664400 16.886100 
44 2 13.022100 26.187700 17.205200 
120 2 4.268230 25.728700 22.975100 
1443 2 0.491687 26.221900 16.779800 
1499 2 9.071830 13.908100 22.085300 
527 2 9.458830 21.209100 13.387400 
297 1 21.348500 3.089940 4.220280 
152 2 13.321300 1.991810 11.919700 
618 1 14.912600 7.715860 6.957580 
1935 2 23.125600 10.160100 6.444730 
1524 2 25.625100 7.983500 2.577890 
288 2 21.621800 10.937400 5.406380 
1090 1 20.766600 6.284940 10.777600 
296 2 20.674200 5.180140 0.642002 
373 1 18.426600 1.042170 12.903000 
1138 1 18.700800 12.047500 5.334510 
174 1 19.193400 1.586810 9.685640 
320 2 13.882900 4.123990 1.259710 
725 1 18.193100 9.957700 9.184020 
1033 1 20.382100 2.183350 10.154000 
254 1 19.612600 10.141600 8.579570 
442 1 18.160300 5.455160 9.433860 
1051 2 19.927500 2.210870 5.758630 
718 1 22.345200 9.647450 8.757700 
613 1 21.259100 12.150900 3.852760 
1760 2 18.641600 6.469830 9.400830 
1751 2 18.894000 7.688600 9.803880 
810 1 18.920100 5.121540 2.096680 
665 1 21.095100 3.572070 1.767600 
1852 2 25.420500 3.399350 7.930530 
427 2 23.295900 4.885050 2.392610 
579 2 15.269900 2.082860 10.693100 
1631 2 22.583300 6.168290 9.361300 
1054 1 17.649800 11.973300 7.680130 
1663 2 20.073600 5.589170 12.290400 
920 2 18.962300 1.624710 9.550350 
2000 2 13.720900 13.005200 10.369100 
398 1 13.723900 2.034560 0.724272 
260 2 14.070100 4.681630 12.445600 
1923 2 22.813400 0.871671 3.710140 
1338 1 25.578400 2.631220 12.735400 
1270 1 19.280300 8.396240 6.622000 
1707 2 20.895300 11.145400 1.042530 
357 1 21.824700 0.591641 9.406440 
248 2 26.397700 9.092100 2.243110 
1472 2 17.413100 10.431400 9.753110 
1846 1 15.978500 9.274440 2.291000 
1536 2 20.815300 11.941200 3.439000 
1842 1 17.380700 7.612670 7.344730 
187 2 17.451500 11.033400 7.865480 
113 1 18.123900 4.380780 0.115873 
756 2 22.642000 0.121742 12.839500 
302 1 19.725500 12.521000 9.894350 
75 2 17.310600 4.133830 3.571290 
43 2 20.154500 11.467900 12.508200 
1384 2 16.652400 3.371120 7.407030 
907 2 23.563000 3.772730 8.907390 
1507 2 22.814100 0.616153 5.956720 
1410 1 21.713500 5.856680 1.933950 
1958 1 25.403600 1.436660 6.139800 
1004 2 17.653400 4.918980 7.940980 
502 1 17.953000 6.126050 10.855900 
1729 1 14.992500 1.789390 10.885200 
1268 2 19.423000 12.936800 12.854500 
135 2 15.525700 7.990130 7.874680 
1917 1 16.466900 10.058100 11.051800 
1128 2 24.837500 9.006610 10.124400 
755 2 21.552400 5.652440 8.183420 
1821 1 19.155200 11.084400 10.274700 
1819 2 22.378900 10.323000 12.410700 
1603 2 16.320000 6.162400 10.926400 
913 1 17.027600 2.627980 9.549310 
1949 1 23.966800 10.707600 12.841800 
763 2 14.092700 9.869850 3.210160 
1077 1 16.422000 12.368400 9.393940 
1141 1 22.311500 11.987100 4.801570 
476 2 18.296900 12.294200 9.503200 
1543 2 20.111500 9.042730 9.549350 
1298 1 22.429700 7.892580 1.338090 
188 2 20.774900 7.360120 3.353810 
1460 2 21.818400 2.519820 2.624730 
1131 2 18.660900 12.302400 10.234400 
145 1 15.927900 4.528900 12.734000 
651 2 21.160100 12.367100 4.116910 
726 1 20.771000 1.389520 8.203260 
445 1 21.489100 8.433840 6.660820 
1228 2 22.132200 7.991660 6.357040 
283 2 14.971600 6.908000 3.198960 
891 2 15.523800 5.879750 11.474500 
1643 2 19.448300 6.767360 4.060760 
576 2 20.190500 0.654699 1.071360 
1446 1 13.482400 4.971790 4.326310 
1495 2 16.860300 4.511010 13.141800 
1344 2 13.699000 11.337300 9.750080 
255 2 26.211900 2.924760 2.635310 
780 2 16.207500 10.999800 12.342400 
594 1 16.590300 0.825488 4.303820 
1564 2 19.437700 7.600910 10.355100 
1008 2 15.405700 8.800310 5.767030 
1405 1 22.178900 4.046910 6.233220 
1252 2 23.480400 0.858008 8.744310 
452 2 19.205500 2.185760 5.633660 
222 1 16.149300 6.714270 8.933940 
1698 1 23.786100 2.951380 2.676540 
1232 2 19.983900 5.164640 12.373700 
639 2 18.804800 3.085550 0.375602 
1034 1 20.435900 1.555350 1.014100 
885 1 25.778400 1.543970 0.897421 
1962 1 25.464300 9.550240 10.975700 
893 1 15.431300 9.923170 6.026930 
1726 1 15.390300 3.242030 1.900170 
1381 1 25.249600 10.404900 5.964710 
1173 1 21.808500 10.084300 5.067390 
1035 2 14.025100 12.800300 6.984960 
1649 1 21.854000 1.183760 11.985300 
946 1 21.985200 5.795120 8.086720 
1950 1 19.469000 2.280510 5.362770 
844 2 23.126200 4.485820 8.931260 
1877 1 13.506300 8.425210 10.538800 
1615 2 14.965700 10.363500 9.721260 
544 2 13.795500 2.051630 1.551700 
783 2 25.402200 7.254500 7.270730 
349 1 19.997500 8.422210 5.632650 
1134 1 20.468200 3.136880 2.899550 
1347 2 16.387400 3.165060 8.547560 
27 2 20.910300 1.046310 8.088570 
899 2 22.129600 12.177900 7.792620 
1529 1 16.937200 6.136730 4.285320 
213 1 23.230700 3.872570 8.852260 
1562 1 25.053500 3.242380 4.600170 
186 1 17.194500 2.554730 5.374750 
1383 2 21.727000 4.170320 5.228370 
845 1 22.279400 9.811070 11.638000 
1759 2 18.834600 11.127000 5.002320 
81 1 19.517000 5.305410 7.181590 
78 1 19.729800 2.264330 6.579620 
1457 1 15.926300 12.057300 1.498910 
1867 2 16.353300 9.180030 12.134200 
1506 1 25.496800 7.662350 7.893380 
447 2 21.904600 9.806810 11.798700 
628 2 21.740700 5.746420 5.730200 
998 1 16.210900 8.464640 12.761700 
1849 1 16.022400 5.552780 11.315300 
872 2 15.620800 2.500500 4.959410 
534 1 24.014100 12.492300 3.229330 
1412 2 21.996900 8.359290 1.137920 
1378 1 20.410800 10.585800 1.870430 
1512 2 25.932900 1.528210 4.745090 
250 1 17.661800 7.308650 3.924490 
1650 1 17.417900 5.155100 6.758110 
1959 2 18.040700 10.722600 1.745570 
901 1 25.521600 8.193560 3.431180 
1940 2 23.599500 12.767500 4.600200 
305 1 23.145400 9.785450 4.421350 
1774 1 24.955800 7.529300 10.476100 
796 2 14.067900 6.655640 0.921385 
1628 2 18.175700 7.504280 3.788940 
1572 2 18.455500 4.432550 1.547550 
1414 1 14.266700 4.120010 2.430970 
1785 1 18.919400 9.420920 5.280690 
1909 1 13.487600 2.585300 6.119890 
1264 2 24.890600 1.346850 6.443790 
1793 1 14.861800 7.244670 11.253600 
167 2 15.599000 0.037123 4.000400 
487 2 25.283400 5.603840 7.860940 
1592 2 23.184500 2.238140 3.982230 
1706 1 22.673300 6.381680 10.893700 
1416 2 25.846400 11.698200 12.199100 
1528 2 23.354900 5.513850 11.798800 
1215 2 24.018800 12.780800 9.723060 
70 1 25.409200 5.782280 7.212050 
1471 2 20.370600 8.768460 6.005340 
1606 1 20.441800 5.327080 4.344080 
298 1 18.028200 2.240570 0.875090 
1113 1 17.397600 4.173370 3.633950 
1281 1 15.653000 5.991740 3.085750 
1617 1 24.790400 5.804370 10.600800 
799 2 26.354600 11.107600 3.494970 
1365 1 20.721400 7.760890 9.963750 
1397 1 22.728700 5.211690 3.941380 
1278 1 18.726300 9.207850 0.091996 
515 2 19.330900 2.894590 7.732440 
1280 2 24.083700 12.249200 6.248040 
1607 2 26.650800 1.823520 1.746130 
1116 2 22.130700 12.844200 9.888920 
1003 2 21.470300 1.185320 10.066700 
456 2 18.619500 10.259100 6.292140 
143 2 20.497400 3.570670 2.987120 
635 2 17.658000 6.781400 0.506061 
834 1 16.344100 7.174800 1.084320 
1931 2 24.129100 7.674140 12.101700 
1510 1 13.519100 13.314700 12.176600 
1535 2 18.339300 1.979620 12.140000 
1237 1 22.224700 0.771383 2.543920 
942 1 22.841300 12.232400 7.264020 
413 1 23.685100 12.151100 6.022550 
1691 2 16.429800 3.675590 3.045930 
609 1 26.459000 0.394956 6.694060 
212 2 14.156600 7.569460 8.064810 
657 1 25.065200 2.790980 7.487440 
20 2 22.807800 12.996000 0.730039 
163 2 13.783300 2.920070 6.198570 
1167 2 18.936400 4.784430 7.858280 
1772 2 20.255600 4.063620 4.965270 
697 1 18.709800 7.265790 2.714230 
1860 2 19.945300 0.997519 2.655450 
1114 1 23.754800 11.255600 0.113165 
847 2 14.367700 3.705550 2.065950 
322 1 14.384700 7.026100 3.644450 
332 2 16.242900 12.172900 3.417210 
183 2 22.770000 7.313630 2.662270 
1408 2 14.446400 0.934188 5.601120 
876 2 26.181500 9.669220 7.575700 
1479 2 23.709000 10.813700 3.640370 
1202 1 20.921300 12.774900 7.294290 
1426 1 16.771700 3.660940 8.244930 
1065 1 24.942100 10.053700 2.680490 
1449 1 18.245600 12.880100 10.993400 
1668 2 18.087500 9.553830 9.592740 
74 1 20.913700 11.428300 5.681030 
570 1 21.425900 3.070640 8.363510 
1191 2 15.910100 10.746700 1.055570 
425 1 19.970100 1.084350 3.415720 
1882 1 20.844600 11.588900 12.929200 
1284 2 26.512300 1.078370 10.905500 
596 2 16.614600 5.606270 11.025100 
462 1 16.594800 12.749300 5.215210 
712 2 14.076000 2.227920 1.808520 
802 1 17.072100 3.288940 12.654000 
1373 1 21.900200 1.273220 6.577150 
1239 2 22.050200 1.268300 9.998220 
578 1 22.862100 4.331130 2.140270 
531 2 22.233500 8.681420 1.305680 
1018 1 24.406300 12.726400 9.232080 
1672 2 16.129900 6.601150 5.003550 
1340 2 22.369000 7.515180 9.144540 
1747 2 22.859500 9.813410 10.516100 
1859 2 23.275000 12.689700 5.566280 
908 2 15.434200 6.221420 2.581900 
507 2 17.304400 7.121250 4.088820 
136 2 21.449500 2.522720 8.832600 
1786 1 20.123700 13.002400 2.759080 
1861 1 22.801500 6.816490 8.496490 
1020 2 16.110800 11.127800 3.298970 
1493 1 18.708700 4.751890 12.237000 
1104 2 23.126300 10.076300 7.765310 
429 1 14.453400 10.920100 11.372500 
830 1 21.769100 8.508930 10.189200 
1970 1 14.284800 2.380130 4.608580 
526 1 22.489700 0.272225 11.278400 
233 1 15.633200 0.637433 3.134490 
1994 1 13.329300 8.796070 8.048810 
1396 2 22.916000 3.497300 3.383440 
160 2 14.459200 4.872550 7.049690 
1194 1 14.607200 3.789090 7.274730 
85 1 14.943500 12.488100 8.467310 
584 2 20.420000 0.314421 5.950930 
836 2 21.313100 0.492845 8.785670 
745 1 19.033600 11.749000 12.470900 
1551 2 18.968600 7.344200 12.898200 
1461 1 25.521700 13.133300 5.635350 
1073 1 21.297200 4.586380 12.516400 
485 1 13.484400 7.799150 6.288310 
112 2 18.096400 7.366100 0.390586 
99 2 25.709900 3.863380 13.037100 
1157 1 13.982600 11.013300 0.442330 
324 2 20.911200 8.952580 18.494600 
973 1 21.905800 11.826900 26.547500 
949 1 17.558400 4.329300 20.975400 
938 1 15.459700 12.776600 24.583600 
892 2 21.171300 8.561700 15.395700 
1177 1 13.806800 5.558810 21.769600 
63 2 16.172300 2.226710 19.774100 
1462 1 18.717100 6.356800 25.809500 
1234 1 16.440100 1.260570 16.337100 
1386 1 22.859800 5.997300 13.532000 
1171 2 14.493500 0.804737 24.801900 
1023 2 25.605500 0.626305 22.918100 
33 1 17.617800 4.168740 24.328400 
1185 1 19.223700 11.280800 25.299800 
1693 1 17.266900 9.700920 18.396600 
993 1 25.065700 11.436600 19.887300 
440 2 17.320900 3.500450 24.562700 
590 1 16.489800 10.742000 13.314000 
1257 1 21.427400 8.828880 26.610700 
1753 1 22.220500 12.090000 13.896600 
269 1 21.208700 3.323850 21.337600 
1163 2 15.822800 10.926000 18.643200 
952 2 25.912000 11.380400 19.622800 
970 1 22.714200 11.990100 21.350100 
1354 1 18.536200 8.278270 18.471000 
646 1 13.893700 9.670380 25.932600 
1066 1 20.753100 11.306600 17.883600 
1548 2 13.332600 5.586470 14.587300 
1640 2 25.683800 9.328140 16.651700 
31 2 17.855200 0.797213 23.653600 
372 2 15.853500 4.507190 17.950000 
1975 2 24.653000 12.287200 20.759500 
1725 1 19.401000 6.985220 15.980600 
22 1 18.258200 7.964540 15.072100 
1789 1 13.346700 9.522470 19.956100 
262 1 19.264600 2.273430 19.696100 
558 1 22.925600 2.861090 14.765300 
272 2 25.981100 5.205270 26.353100 
922 1 14.781200 9.288510 14.570800 
295 2 15.372100 6.304230 21.072200 
1364 2 24.665100 2.013010 18.552700 
1119 2 15.623400 7.043980 24.077500 
170 1 16.930000 10.565800 16.103000 
148 2 23.418900 13.150400 22.261600 
1072 2 13.601200 1.509910 21.500300 
1306 1 14.794000 5.240120 17.474100 
1483 2 21.845800 11.756900 23.670800 
423 2 14.871900 0.440543 15.862000 
1467 2 16.122900 11.445600 15.837000 
1484 2 13.502400 9.326830 26.544300 
1915 2 14.963400 2.210200 22.426000 
424 2 14.842200 9.418800 13.546900 
903 2 16.539200 8.040660 19.816900 
1028 2 17.863800 11.175000 15.974200 
306 1 23.024300 1.490940 17.751000 
916 2 22.606600 5.248960 20.535800 
1152 2 21.085800 3.133940 15.234900 
895 2 24.367600 7.130250 25.174300 
1308 2 17.345000 0.852681 15.863100 
1933 1 16.814400 10.540000 22.490600 
1102 1 19.747300 9.410620 18.778900 
941 1 18.076100 1.339810 13.597000 
1429 1 26.699300 4.353140 22.884900 
1254 1 16.705600 7.292680 20.556900 
326 1 19.459400 9.247440 20.619500 
114 1 18.399100 9.680260 23.160100 
1327 2 14.980000 5.572570 17.231100 
1989 1 14.680600 1.323330 23.760300 
1868 2 21.321600 12.635400 25.010800 
684 2 24.144300 8.031280 14.057700 
1448 2 15.592200 1.921900 16.674500 
1836 2 24.474100 3.459910 19.052900 
1714 1 13.230200 2.993690 17.472300 
678 1 14.853100 4.070410 25.886300 
586 1 14.039500 1.395200 16.516900 
513 1 23.875500 4.569380 18.053300 
274 1 21.299200 12.239100 16.270800 
710 1 15.353300 7.052410 24.422600 
1630 1 26.198400 5.629630 16.075700 
870 1 22.810500 10.021400 23.792100 
543 2 25.083200 12.623100 25.145000 
722 1 19.353700 6.389590 17.340100 
1884 2 14.246500 6.270280 20.599500 
602 1 25.244500 6.750250 18.511400 
369 1 16.217200 12.343300 19.758500 
202 1 25.732300 7.943490 16.375600 
621 1 18.393500 2.056880 14.978600 
835 2 18.675800 7.741480 19.719100 
1790 1 19.929800 1.838170 16.133100 
1717 1 24.013700 12.331400 23.132300 
723 2 25.719200 3.490190 20.791700 
905 1 20.497000 8.549600 23.403700 
256 2 25.176600 2.200830 13.709300 
1560 2 25.528500 11.324700 19.577400 
1480 2 21.729900 8.475430 24.851300 
918 1 23.645000 7.990840 13.609300 
484 2 18.397400 12.936300 16.635300 
822 1 22.731400 3.902520 24.628400 
598 1 20.668800 4.879560 15.050900 
823 2 16.252600 10.963900 23.145400 
1038 1 23.830100 6.843350 21.885800 
1418 1 26.332700 1.606330 23.610100 
529 1 24.592800 5.951430 15.356200 
195 2 14.915400 2.927560 15.173300 
1646 1 21.714900 5.015630 16.626200 
1862 1 14.062200 3.397540 14.394900 
464 2 24.030800 2.883380 25.907400 
1947 2 17.417000 0.887251 22.922500 
291 2 19.969800 6.147450 17.098700 
308 2 16.179800 11.759100 25.416400 
1439 2 14.455600 3.485400 26.498100 
1367 2 21.842400 12.652600 19.176500 
34 1 19.521200 4.993890 19.587800 
900 2 25.245000 6.482440 18.187200 
1129 1 19.097500 6.453840 23.705100 
410 1 26.176800 2.696640 14.212600 
1296 2 14.207200 6.774860 21.924300 
106 1 21.091300 5.258730 21.590800 
1320 2 19.191900 7.474050 23.159500 
1934 1 17.222100 2.683200 18.734700 
501 1 23.652000 12.966700 18.432600 
698 1 18.243200 10.604800 20.476300 
1517 1 13.801100 11.867700 13.904200 
1148 2 24.828900 6.560400 24.716600 
15 2 18.754800 7.236250 23.754200 
1500 2 18.103300 3.635250 20.413500 
1744 2 16.318800 8.647570 22.531700 
1719 2 24.652500 7.698860 18.635600 
488 2 16.729900 13.165300 20.583000 
1209 1 17.083400 2.887710 20.372000 
1644 2 26.183600 11.310500 16.350300 
1875 2 22.666800 4.359190 20.050700 
1626 1 14.908500 6.503580 14.429300 
1425 1 23.593000 9.081640 19.566800 
742 1 16.679500 5.868890 14.153600 
1587 2 19.898600 12.922700 16.981000 
314 1 21.473100 6.036160 25.342900 
1315 2 13.674600 7.872290 15.188500 
1745 1 19.264000 0.209381 21.145900 
1348 2 15.761300 12.152900 15.697400 
414 1 25.836600 3.920510 19.730200 
1901 1 23.256600 8.158720 18.646200 
1286 1 21.349400 12.295300 24.889700 
1012 2 16.750800 8.332760 20.744600 
1208 2 14.404900 1.954800 16.442100 
1368 2 17.343900 7.637900 15.732700 
224 2 23.186400 11.163400 14.472400 
1905 1 22.848800 13.254300 22.624400 
329 1 20.722200 9.438970 14.630600 
898 1 18.788900 6.829970 13.833600 
1223 2 18.868700 2.759000 17.281300 
460 2 26.061400 4.819370 15.795700 
717 1 13.996100 8.529930 15.904900 
1482 1 25.723700 11.720900 14.639400 
497 1 20.615700 7.133970 17.549300 
800 2 18.743800 10.421900 20.079600 
1993 1 17.226000 2.576530 23.577900 
1676 2 23.202700 11.128300 17.855700 
1599 2 19.360500 1.738270 23.550700 
416 2 21.588300 10.052200 21.429100 
1675 2 21.876900 12.656400 17.814700 
990 1 25.797400 5.554950 23.837600 
1971 2 21.701100 5.929920 22.630000 
1761 1 21.704000 2.580600 18.839600 
1444 2 21.468100 8.549340 23.350800 
1319 2 21.980800 4.595340 13.089700 
201 1 13.941600 5.608820 25.327400 
400 2 13.658300 11.496200 20.519300 
1220 2 17.729000 3.458840 13.467700 
1061 1 15.171800 2.838920 15.907200 
1955 2 24.495900 7.750330 16.045600 
871 2 20.129400 9.058980 19.568100 
1046 1 23.024500 1.122070 23.498500 
360 2 18.884700 6.639090 16.051800 
238 1 25.873900 3.414260 21.236000 
1869 1 23.842000 0.745571 16.227600 
1537 1 16.804900 -0.065586 21.644400 
563 2 21.444400 11.724100 16.952900 
330 1 16.575100 5.376250 26.058200 
992 2 13.981200 1.377400 22.864500 
1339 2 20.570100 11.608000 24.672300 
963 2 21.425700 1.743760 25.630200 
1954 1 14.169900 3.791800 24.354000 
1169 1 24.351100 7.081950 25.080400 
1791 2 18.332000 9.436390 18.719900 
540 2 19.156300 9.899470 26.212500 
409 1 20.268700 0.417150 14.015600 
1107 2 16.501600 2.149090 17.107800 
76 2 22.068400 1.858990 18.131800 
281 1 17.159100 7.742910 26.259000 
924 2 24.706300 1.041130 17.344400 
1720 2 14.161100 0.934022 18.327100 
348 2 21.109700 11.749500 15.519600 
310 1 22.004000 9.645420 20.855200 
612 2 15.701000 5.544500 25.225600 
791 2 18.442000 2.525430 24.314800 
1824 2 21.379200 4.060630 22.696000 
1718 1 19.715200 1.092100 18.572800 
1394 1 13.584500 1.653360 21.886000 
433 1 22.857400 8.518420 25.693100 
327 2 19.526700 4.794340 19.886700 
247 2 15.007200 9.953760 13.310500 
1963 2 23.408700 9.745710 25.087700 
660 2 18.228600 1.379100 13.343000 
1794 1 15.392100 0.599451 19.571100 
1527 2 17.262000 6.815560 15.204600 
666 1 18.322400 8.173750 22.855200 
1991 2 18.117300 1.309280 14.475700 
1782 1 15.155800 5.425840 21.339500 
1582 1 15.334800 4.861640 18.539700 
1303 2 21.833500 1.814600 17.659000 
307 2 22.685500 9.629350 21.349800 
1037 1 13.807700 0.273693 21.838400 
169 1 25.614300 12.870500 26.081000 
1186 1 25.544200 2.116060 17.898800 
1988 2 21.441200 6.616280 16.714900 
627 2 18.186200 10.376900 22.430300 
351 2 19.061000 1.430590 19.340400 
951 2 17.072300 12.960400 25.872500 
597 1 17.035700 11.285000 14.901100 
1957 1 25.771500 5.870470 25.743700 
259 2 25.368600 4.200650 15.741700 
1722 1 22.819100 7.344790 23.136200 
1464 2 15.414500 4.531780 23.591000 
1620 2 23.505400 6.455840 22.429300 
1847 2 25.345200 13.183800 14.047100 
1269 1 13.178300 8.208790 23.103700 
264 2 22.140200 5.886110 23.798800 
1312 2 13.322000 11.784700 13.891400 
794 1 25.716900 8.858800 21.404400 
129 1 23.021400 5.603880 24.425800 
21 1 19.881400 1.696160 25.433100 
486 1 22.298700 0.381136 19.860800 
1078 1 26.040400 9.467290 16.896600 
1780 2 25.712600 9.148730 21.233000 
1880 2 22.596500 3.409160 24.599500 
1450 1 22.780000 8.661640 16.175300 
133 1 15.601600 9.158850 20.209300 
1553 1 26.269300 6.460020 21.364700 
1445 1 17.494800 13.003500 18.180300 
961 1 16.722600 11.914800 25.874000 
1783 2 13.564600 7.050750 26.010900 
1201 1 23.152800 23.053500 6.566710 
1787 2 16.190900 23.050800 5.931220 
1272 2 25.113100 16.725100 1.331220 
1828 2 23.905700 24.243700 6.948630 
137 1 18.326000 18.227500 11.512200 
1594 1 21.098800 22.931400 10.898300 
1309 1 22.980600 14.899200 8.265960 
1374 1 23.010300 20.621200 5.486540 
209 1 24.195300 25.378000 2.829100 
601 1 14.554000 23.366200 1.210080 
1913 1 26.296400 24.743700 3.717320 
1316 2 21.846800 22.804600 10.686200 
1358 1 25.870600 25.267500 11.831900 
1031 2 25.110000 17.250000 11.848500 
937 1 20.380500 20.422700 9.510120 
380 2 13.492800 21.859000 2.830590 
645 1 17.285100 26.386900 8.739520 
1589 1 25.153000 18.648500 12.248200 
1331 2 18.150500 25.543700 3.803500 
1111 2 22.453700 14.293200 2.949500 
1205 1 25.601600 17.655100 4.530340 
1858 1 24.138100 22.270700 10.161900 
523 2 20.141800 16.658100 9.312560 
1618 1 20.288400 18.613600 4.343580 
1625 1 26.530900 22.885200 11.716500 
707 2 25.641500 18.742600 7.703240 
1545 1 13.574500 14.508800 7.459340 
1561 1 14.235700 20.825000 11.737600 
1071 2 16.122000 25.250200 7.129280 
206 1 19.513700 24.644800 2.994810 
809 1 22.414300 21.818800 3.804630 
972 2 21.230800 23.689500 3.470790 
242 1 17.335200 13.136200 8.231470 
931 2 22.871200 14.721600 7.940700 
87 2 19.895800 24.697400 5.715280 
1188 2 18.799200 18.983300 7.516570 
79 2 18.235000 25.916000 8.849880 
683 2 14.762000 26.245700 0.985922 
676 2 24.042700 16.070800 7.412700 
1007 2 13.433600 20.054800 3.412500 
667 2 18.125200 21.605800 6.477710 
1986 1 15.282500 23.827500 6.900350 
116 2 16.481100 22.149200 8.953940 
896 2 21.220800 24.415000 9.672910 
511 2 18.033100 23.099800 2.637080 
122 1 15.133600 23.096800 9.938850 
1758 1 15.814900 26.158100 4.767020 
377 1 14.234600 19.497800 9.124010 
1132 2 20.972800 17.674100 10.358400 
1539 2 22.147400 16.759800 6.902220 
333 1 26.385700 15.268200 3.426190 
219 2 16.706500 23.900900 7.505760 
370 1 17.678400 15.288500 5.327720 
923 2 24.934200 21.429000 2.684560 
1325 1 17.911700 23.305400 2.411310 
1723 2 24.985100 24.385700 8.780930 
888 2 25.551200 17.002800 10.663300 
1245 1 15.630000 13.487900 11.915300 
813 1 26.004000 16.120100 4.514580 
118 1 17.568000 14.569400 2.852880 
1567 2 19.651500 18.929000 4.683230 
774 1 21.448000 24.206800 9.725860 
1137 1 22.652200 13.238000 1.618040 
1743 2 25.378900 14.597400 7.657900 
453 1 15.604900 14.325800 7.216950 
748 2 13.920500 15.363300 7.498400 
917 1 15.058100 20.927500 7.416290 
1985 1 14.631200 18.115200 10.569300 
328 2 26.167400 13.926500 6.982950 
874 1 14.108600 17.733700 5.144500 
581 1 20.003700 16.312100 10.122300 
846 1 23.049800 14.168300 6.646280 
978 1 18.342800 20.227800 1.861770 
1489 1 19.381000 23.624000 6.092600 
1363 2 15.645200 17.305900 4.438090 
912 2 17.243200 16.249200 9.601280 
986 1 22.007700 18.472200 1.286830 
1811 2 17.366300 18.969600 5.666960 
461 1 17.392100 16.005700 12.200100 
842 1 15.074200 18.168800 12.303100 
1400 2 21.289300 19.078000 11.597300 
1577 1 25.283300 13.794000 3.760630 
1883 2 14.785800 13.689100 0.571572 
1736 2 14.986900 18.389100 5.850790 
389 1 15.542100 26.082800 7.670480 
1703 2 23.616600 26.382400 10.937900 
383 2 25.281500 23.361900 3.552790 
1694 1 18.756400 20.891200 13.001700 
132 2 24.079600 17.388900 11.597000 
984 2 20.358300 14.933200 3.024590 
1515 2 14.966600 19.775400 9.040350 
1619 2 15.308200 13.888300 9.865840 
1584 2 22.298600 21.645500 6.442590 
554 1 24.279400 26.317200 9.285900 
1349 1 24.820700 21.438300 12.582700 
1259 2 13.344500 21.263200 10.744800 
1142 1 23.927700 24.355800 5.513250 
738 1 21.048500 18.849800 11.370500 
1487 2 16.649500 23.562700 10.558300 
1342 1 15.866600 24.517200 9.375270 
1767 2 24.420800 20.866800 6.866020 
551 2 25.502000 26.082900 1.752460 
633 1 26.333100 17.656600 1.922330 
29 1 16.946300 19.170900 9.348040 
1565 1 22.462100 18.004100 5.551690 
24 2 15.647300 20.074500 1.625360 
1639 2 15.057700 15.768400 0.798128 
965 1 16.781300 25.156900 3.806640 
109 1 25.431700 23.233600 0.923795 
1974 1 15.495700 15.987800 6.544690 
1973 1 16.965300 21.676400 8.535070 
94 1 20.793000 20.236500 1.460940 
1731 2 20.636500 24.238000 1.342890 
1002 1 18.255600 13.967700 6.791360 
1279 2 21.466300 15.940900 2.834890 
402 1 17.157200 26.341300 12.329500 
405 1 15.850100 23.003500 4.657680 
1130 1 25.093000 19.753500 5.353000 
275 2 17.747300 15.118400 3.357950 
498 1 16.517100 24.528900 6.492110 
1118 1 20.320600 15.771000 13.171000 
652 2 19.464400 18.179600 3.719990 
981 1 20.062300 25.017300 6.306370 
805 1 14.734100 21.713000 10.448900 
60 2 26.009100 24.621300 0.076478 
890 1 13.397600 22.563400 4.594770 
1014 1 24.488300 16.967900 12.968100 
1679 2 19.730500 16.155100 10.437100 
84 2 23.931400 25.089400 4.233480 
287 2 16.579100 18.865200 9.703100 
1246 1 19.158700 26.176800 8.792760 
96 2 22.803500 15.195900 2.787660 
1372 2 14.650900 21.509300 4.447430 
251 2 20.030500 13.893300 7.489330 
1432 2 20.721600 19.925200 0.866834 
989 1 13.503300 13.742900 2.479860 
929 1 23.602200 25.195900 12.459700 
1503 2 21.007000 18.574300 1.569360 
1982 1 16.749600 15.314600 9.815190 
1389 1 18.909900 18.528900 3.976530 
571 2 18.867400 20.270600 10.653000 
6 1 23.977800 25.842800 4.378940 
154 1 22.381400 23.030400 11.419000 
940 2 14.759600 16.912300 2.972620 
906 1 16.100600 17.920200 7.252580 
1608 2 14.799800 24.706900 1.027060 
1519 2 16.522900 14.105000 7.081480 
1231 2 17.947100 20.539800 2.506290 
1873 1 23.777800 19.114900 1.031920 
1834 1 24.838200 14.518000 6.895550 
724 2 20.429800 20.933400 9.743100 
1530 1 23.460600 24.180500 9.758560 
190 1 24.347600 23.806900 7.242920 
754 1 15.683000 19.485200 2.710730 
569 1 19.286500 20.524100 4.733280 
1742 1 25.998000 21.442000 1.849890 
1091 2 17.044300 25.941100 11.582600 
55 2 13.655100 13.190900 1.910710 
1288 2 20.023000 16.268400 5.122540 
715 2 22.280900 22.759400 10.581500 
1799 2 13.375500 22.782400 4.669800 
1162 1 23.496800 14.462600 3.835900 
430 1 17.337900 23.556600 9.654770 
216 2 24.027300 15.566900 11.357100 
422 1 22.316900 20.492300 11.157400 
286 1 22.109000 24.561500 4.238990 
504 2 14.890700 16.680900 11.380900 
390 1 13.773100 19.913600 2.195330 
1851 2 22.945000 19.756900 4.801890 
1110 1 26.692500 22.874200 8.517650 
1727 2 18.082500 22.157700 12.958200 
508 2 19.956200 23.933000 6.282390 
1497 1 22.802100 18.339100 12.673200 
572 2 22.305400 13.291400 8.354090 
1839 2 22.757600 19.406600 12.603200 
182 1 24.765300 16.528600 7.823860 
752 2 17.546600 22.642300 3.574370 
1100 2 13.892000 19.955300 4.179320 
467 2 23.137500 18.913500 9.755070 
1174 1 23.054600 15.935000 2.342420 
149 1 19.079800 19.452400 10.581100 
1147 2 23.759400 24.163800 12.203400 
700 2 24.864900 19.484000 12.718700 
1103 2 26.361800 17.019600 4.284780 
59 2 16.159700 16.123800 3.596080 
62 1 15.781200 15.892600 12.734400 
677 1 15.758500 18.433600 5.495570 
1211 2 16.572400 15.741800 12.430600 
1079 2 23.956700 13.360700 0.765810 
362 1 25.417500 25.892900 13.287100 
480 2 17.333200 15.174600 13.209400 
719 2 18.824600 20.654700 8.253700 
649 1 23.422000 16.980100 10.219700 
1024 2 25.415000 14.864900 3.467830 
1661 1 14.312400 16.108200 11.625000 
1380 2 24.199600 20.188500 7.908200 
1996 2 24.906300 18.791400 4.433290 
1168 2 16.408300 26.110800 3.904390 
693 1 14.426000 24.314300 3.346250 
115 2 23.796600 23.621800 5.901910 
1695 2 23.757600 15.788300 1.470340 
1890 1 20.523600 16.495100 8.827060 
772 2 13.548100 25.452900 7.360040 
265 1 17.152500 26.223100 0.226432 
909 1 24.043200 19.682700 3.290210 
1441 1 18.854500 14.226400 0.970400 
1143 2 22.183300 21.142700 3.282470 
933 1 13.704700 14.060900 9.401860 
1229 1 13.338800 25.993700 11.790300 
1540 2 18.664800 14.606800 3.244640 
1887 2 16.669200 21.664000 7.171590 
48 2 23.496800 23.725600 9.307940 
95 2 26.459500 22.599300 12.539400 
1213 1 24.790900 21.684800 3.186450 
1666 1 22.688300 17.667000 7.886070 
555 2 25.417100 14.706100 5.956370 
1253 1 15.398200 16.252200 1.070250 
1492 2 15.628000 18.718400 12.880900 
1402 1 15.400500 16.731200 2.968010 
1508 2 17.579100 26.148800 12.430600 
545 1 16.258600 24.533200 12.631400 
1241 1 23.338100 21.195400 7.036780 
12 2 24.399600 22.253700 11.096200 
1420 2 13.926900 14.261200 7.799020 
1144 2 17.736500 13.727500 7.951080 
1521 1 22.678400 26.603600 7.669310 
1544 2 16.848900 22.137200 10.189300 
30 1 26.582700 20.698000 9.724970 
1739 2 23.631000 18.856900 0.347953 
50 1 18.540500 22.247300 7.205270 
1187 2 14.991400 13.702100 11.019300 
150 1 24.308100 14.185200 8.963470 
420 2 14.673000 18.895200 9.670090 
1983 2 23.150700 24.776700 2.908690 
1810 1 18.533700 18.887300 7.510720 
1486 1 18.007900 22.726300 4.850960 
1980 2 25.455300 21.501900 2.056990 
1778 1 25.584900 14.539400 7.983140 
1595 2 26.031800 14.590600 12.901300 
868 2 16.047300 25.585200 9.646490 
915 2 14.011200 18.149800 12.767600 
758 1 20.643500 24.640200 1.335430 
1850 1 17.903800 22.137100 12.610700 
236 2 26.103400 19.197400 0.294831 
841 1 14.720400 15.312600 0.543132 
525 1 21.964000 23.069900 0.323730 
672 2 19.990600 23.687700 13.162500 
878 1 26.260100 18.837800 6.955200 
790 1 25.428400 13.525900 12.567800 
1000 2 22.834400 19.222800 0.424351 
1001 1 20.388800 13.377700 12.673700 
1197 1 21.326600 22.593400 12.599000 
537 1 22.246600 20.630400 0.070791 
124 2 24.049800 19.473800 22.226600 
107 2 19.841200 20.250800 25.341600 
654 1 19.833300 20.634400 25.201800 
559 2 14.131900 13.485700 15.612500 
1815 2 25.265300 16.804200 23.695800 
139 2 17.849600 14.255000 24.318500 
1036 2 16.786500 21.684900 20.964000 
483 2 15.503700 24.382600 18.989100 
245 1 17.621200 19.856900 15.457700 
1600 2 24.591800 26.339700 22.035300 
773 1 24.895800 16.862000 18.039200 
397 1 15.444000 16.100300 25.834500 
1276 2 19.236600 14.469500 18.291200 
732 2 13.563000 17.211400 19.082700 
1204 2 23.179500 22.944800 23.228900 
495 2 15.216600 19.582100 22.091600 
932 2 21.894300 19.272500 16.637000 
690 1 19.445600 17.979100 26.420300 
1438 1 13.178200 14.001600 18.198700 
101 1 22.011800 19.336600 23.089800 
781 1 25.225500 24.272400 20.449800 
716 2 22.387300 25.814700 13.968800 
1924 2 13.883800 20.382000 20.314500 
128 2 17.413500 14.714200 26.375600 
253 1 19.439000 17.149900 17.017900 
966 1 20.546000 13.518200 16.497100 
503 2 22.027600 21.280400 26.559100 
23 2 19.191400 16.357600 23.889700 
1243 2 18.943000 13.932300 17.424900 
1337 1 21.508200 23.080900 24.015500 
603 2 24.752500 15.184000 21.312400 
37 1 17.804200 15.318200 24.741500 
1016 2 21.545600 16.607700 21.438600 
1855 2 25.238600 17.880600 19.356900 
889 1 21.793100 14.728000 26.008000 
1275 2 20.979800 23.924200 23.595900 
934 1 22.266000 17.083500 21.017400 
1085 1 17.108600 22.973700 20.070100 
90 1 20.530500 16.084300 21.127600 
316 2 19.638100 14.804000 24.113600 
393 1 23.922700 21.812900 19.740200 
1897 1 13.964500 20.421000 19.271000 
173 1 17.429800 23.864700 24.481000 
552 2 22.568500 24.169600 25.830500 
1823 2 21.197300 23.215400 21.047400 
1956 2 17.485600 26.019300 23.333300 
591 2 23.831600 21.534600 21.191100 
1966 1 18.073500 25.407700 16.325700 
991 2 21.663300 25.766800 15.022400 
1166 1 24.575800 22.856400 17.241800 
177 1 14.738400 16.559500 24.294300 
1968 2 15.343400 22.049300 23.755200 
1032 2 23.596400 21.591700 16.063000 
469 1 16.349400 16.872300 18.094200 
230 1 13.782100 18.504300 18.336500 
1765 1 13.542300 22.854900 15.466100 
634 1 15.678900 22.625900 26.083700 
1452 2 26.656700 20.470500 19.570800 
522 1 17.517700 17.849300 25.109200 
1440 2 21.191600 20.704100 13.229900 
1459 2 23.088900 13.504500 20.085200 
358 1 22.577500 25.480700 15.134300 
1379 2 14.109100 25.635600 23.018600 
1136 2 15.798100 16.072300 17.421600 
356 2 13.380300 18.549000 26.209300 
1352 2 20.557700 26.319600 23.998100 
208 2 16.910900 24.005900 24.582200 
985 1 22.670000 14.922700 18.210800 
317 1 19.182700 13.694400 17.762300 
510 1 15.905500 15.416600 15.304800 
1670 1 23.555500 25.700900 26.410700 
734 1 20.770500 20.739300 17.417800 
91 2 22.550300 26.248800 20.145600 
733 1 24.351800 18.167300 23.777400 
1837 1 14.866600 15.042600 13.333800 
826 1 19.384000 25.132800 22.713400 
223 2 17.001800 14.756300 19.790200 
711 2 26.834200 20.158500 19.958200 
89 1 20.174100 17.682000 20.012900 
832 2 21.044400 18.179900 20.124100 
1399 2 25.994000 17.906600 24.665500 
156 2 25.436000 14.937900 22.835900 
493 1 24.121500 18.925200 15.298900 
556 2 23.408000 25.558100 21.836500 
331 2 23.878500 21.514200 17.467600 
1047 2 14.811200 16.519800 24.620000 
674 1 20.045000 13.199200 23.946300 
355 2 16.480500 14.419700 23.373000 
1053 1 22.295700 19.615500 13.321500 
211 2 21.106000 22.458300 15.209700 
131 2 13.235200 15.162500 17.159200 
304 2 26.044800 14.563400 25.853000 
257 1 19.499200 14.970200 17.143000 
644 2 15.071400 16.568300 24.878200 
1498 1 20.645000 24.828300 17.120100 
1927 2 15.590800 14.756800 13.374200 
1224 2 19.093000 21.526800 26.719400 
8 2 18.502500 17.331700 14.385400 
814 1 25.986500 16.515300 25.982800 
857 1 15.301700 17.954500 20.584900 
387 2 14.219300 21.691400 15.258100 
1730 1 14.639400 20.362000 24.738900 
625 1 21.582100 22.421500 22.541500 
956 2 18.157100 22.018700 17.487200 
1806 1 25.235700 19.009500 17.428000 
1145 1 20.249400 20.010500 19.921800 
359 2 17.638000 22.414100 24.296800 
419 2 22.322500 14.820700 25.037100 
381 1 18.260200 15.321100 13.374100 
280 2 22.091400 14.370700 18.809000 
658 1 14.687900 22.185400 22.963600 
376 2 17.851100 19.614700 18.674000 
769 1 25.211600 15.560000 19.522400 
1978 1 24.764000 15.056600 14.000200 
1563 2 21.274300 16.213400 25.079600 
1686 1 25.973600 18.607800 25.137800 
1716 2 14.318000 13.940100 19.752400 
1473 1 20.318000 17.938700 21.840200 
1960 2 22.177400 14.145100 14.083200 
457 1 14.708700 14.769100 24.849500 
886 1 16.156500 24.438300 18.542100 
1804 2 13.533700 14.549800 23.566600 
1081 1 16.166800 15.005900 19.908800 
521 1 20.702400 23.119500 20.538200 
631 2 13.707000 23.393800 24.541000 
1678 1 14.999200 15.662200 16.802800 
647 2 20.518600 19.753200 16.399900 
1392 2 16.700600 16.832800 21.306100 
446 1 13.607600 21.277000 21.612400 
1925 1 17.765800 13.984600 26.054000 
548 2 20.503300 22.363800 23.306900 
1732 2 16.837300 24.899200 19.491000 
1591 2 17.026200 16.516300 19.793300 
786 1 21.046200 15.041200 19.749400 
350 1 23.598900 14.711600 14.746700 
1881 1 18.447800 23.594300 15.578900 
659 2 17.990500 24.881900 16.231100 
1210 1 13.963100 24.954200 15.650500 
849 1 13.526800 26.453700 23.666300 
1456 2 18.295000 17.911200 15.891100 
1030 1 26.318400 22.545400 18.767200 
1757 1 21.066800 17.054900 25.099000 
437 1 16.731000 24.916300 21.856800 
1318 1 23.578800 14.065000 24.838000 
395 2 25.012200 15.454900 14.513000 
640 2 24.421100 16.740400 23.933500 
1641 1 22.602400 22.098400 15.893400 
88 2 17.126300 19.339900 25.458900 
914 1 24.059100 19.435300 25.532600 
266 1 15.844800 19.554500 14.542700 
1613 1 15.279900 13.614900 15.848600 
1586 1 14.913700 26.195000 16.457600 
494 1 13.981200 15.184800 21.560200 
353 1 23.545600 15.835300 15.912200 
1075 2 13.979600 18.877500 24.601600 
749 1 22.606100 23.726300 25.304500 
294 1 18.049000 17.185400 15.061800 
1182 1 26.423800 14.011200 24.308300 
300 2 20.621000 26.072400 15.981100 
1330 1 26.063700 26.309300 16.848200 
762 1 25.339100 14.489900 25.750800 
797 1 18.309600 19.683600 26.463100 
1263 2 20.952600 23.713200 18.036200 
1664 2 20.946000 22.650400 22.286900 
1967 2 26.360100 20.316900 17.710700 
848 2 13.204100 15.176400 16.967000 
714 1 16.986400 20.877100 21.743800 
1673 1 25.214600 24.751800 14.484200 
117 1 23.591000 24.225900 13.762500 
10 1 24.741500 21.263800 19.610500 
1659 2 18.671000 21.418100 25.805800 
910 1 17.424900 26.128600 24.383500 
1635 2 19.705000 18.014600 21.250400 
680 2 22.405900 16.087800 16.805800 
817 1 22.673700 17.359400 17.275800 
1826 1 22.045200 13.793500 14.369400 
1900 2 13.591900 20.182000 14.062900 
1773 1 20.961800 20.237900 13.630000 
1135 2 22.685800 13.520800 14.217400 
624 2 16.773600 22.812100 17.741900 
459 2 19.340700 15.820000 13.813700 
1334 1 13.558600 14.827800 23.580400 
944 2 16.843000 25.402500 13.869400 
904 2 18.711100 15.636400 14.700000 
673 1 18.406100 22.020700 23.646600 
1226 1 18.900600 25.663500 19.643100 
289 1 19.948800 25.397100 17.871500 
1156 2 24.963700 18.760800 15.094800 
599 2 14.399200 19.158400 18.698200 
1451 2 19.128900 25.510100 19.787600 
818 1 13.583700 18.344800 13.738700 
1261 1 24.446200 15.595600 22.553900 
1516 2 18.714100 25.890500 20.973800 
1784 2 20.595500 25.460900 18.221800 
418 1 21.758400 23.758000 19.100500 
1583 2 18.527200 23.580100 16.270100 
277 1 14.872500 24.732800 24.341600 
1559 2 15.002500 21.772400 19.232700 
490 1 18.353100 17.100100 20.882900 
1984 2 16.626600 20.885100 17.580100 
641 1 16.392700 15.057100 13.798000 
877 1 13.860500 24.173200 17.701200 
406 1 23.218800 26.314500 21.959600 
475 2 14.687400 17.795600 21.436000 
536 2 17.792100 20.430100 22.270000 
1919 2 24.533800 25.782500 19.081600 
632 2 25.389200 17.748500 17.311800 
954 1 18.735100 22.647600 19.205100 
827 2 15.133600 21.728100 23.956800 
1153 1 25.007200 17.366900 21.660700 
375 2 21.937400 20.422500 21.683900 
740 2 14.180200 24.289300 15.865200 
583 2 25.625900 25.685600 14.380700 
1250 1 14.063000 18.733500 20.335500 
663 2 20.964500 15.957700 20.337300 
1710 1 23.962600 24.789500 15.778500 
86 1 16.610100 20.628000 18.398800 
1702 1 14.462300 17.923000 24.818400 
505 1 13.588000 24.814300 23.937800 
215 2 25.398100 18.882300 19.348200 
153 1 15.710400 24.587700 19.621700 
1345 1 24.052900 22.567400 22.782800 
737 1 19.859100 19.440000 23.955200 
204 2 15.736000 14.650400 13.017100 
1749 1 13.705800 16.643300 19.121600 
1776 2 21.270700 24.598600 16.212800 
1087 2 22.538100 16.829900 16.104400 
292 2 24.214000 21.336600 19.373500 
1465 1 23.080000 20.500500 21.208200 
235 2 16.991200 25.150800 20.906200 
1238 1 26.066800 19.359100 20.121000 
1249 1 21.048100 25.098000 19.889000 
1101 1 18.017700 22.058400 16.114900 
744 2 20.846100 18.172400 24.757500 
1311 2 15.517400 15.775800 16.550700 
1080 2 25.093200 25.012000 18.412400 
403 2 25.906500 24.075800 16.987700 
1192 2 13.548700 23.523400 22.552800 
354 1 17.082400 18.000100 22.768800 
1580 2 25.398800 21.803600 13.845400 
539 2 18.736200 19.539500 13.989900 
642 1 22.715500 15.162000 13.438600 
241 1 13.955900 18.713300 26.433900 
1576 2 23.586500 24.130600 13.489200 
