id type x y z 
435 2 7.304780 4.239520 10.618900 
62 1 12.719800 10.761000 0.601533 
1016 2 2.760700 1.862360 2.058130 
1852 2 10.086400 4.551430 1.118040 
862 1 6.919190 9.909670 11.642700 
1289 1 5.828430 9.767830 9.779880 
135 2 4.690200 10.620400 6.977470 
132 2 3.574060 9.641200 6.397280 
1548 2 7.033670 8.505840 9.003580 
1267 2 5.990770 8.285540 6.257550 
1350 1 5.898670 11.651000 8.871680 
1036 2 5.366900 4.961970 4.117390 
1005 1 3.262900 7.582860 6.279330 
283 2 2.788720 6.912480 0.907664 
1493 1 9.210270 4.485380 1.455880 
795 2 0.754782 2.692090 6.093860 
190 1 5.079650 2.308810 12.538800 
73 1 5.709750 3.832980 5.742480 
81 1 5.635210 0.453863 10.131100 
1468 2 7.966340 11.411900 5.280780 
788 2 4.991910 11.167600 1.578700 
1704 2 10.055500 9.281790 4.285110 
944 2 6.644530 8.254140 2.790890 
1957 1 11.759700 10.555600 11.507200 
1037 1 9.796350 0.625200 7.643680 
85 1 7.920480 1.695370 11.973800 
994 1 6.522340 6.681910 5.932650 
99 2 9.777170 8.398130 7.763670 
1876 2 10.862500 7.345490 11.296800 
1321 1 5.888670 5.667360 11.459500 
620 2 0.815578 1.542440 1.980750 
983 2 6.943460 1.352000 3.475540 
1903 2 2.948730 2.673810 5.027410 
938 1 12.205500 4.980030 4.343910 
1212 2 7.514520 10.266600 11.794700 
1758 1 0.497727 3.903970 7.183360 
1499 2 7.086530 4.818010 3.104190 
621 1 7.630200 7.722860 3.717770 
1742 1 0.170088 5.889770 6.353070 
299 2 5.497770 10.873700 3.235900 
309 1 1.363490 9.203240 12.918900 
528 2 6.266090 10.358900 3.080010 
141 1 2.081820 1.820040 9.072910 
353 1 9.041180 6.969280 11.535800 
1977 1 3.434030 0.100095 0.983325 
689 1 5.366180 10.125200 2.752910 
157 1 12.835900 5.118370 6.972770 
1681 1 8.906650 8.818130 6.988020 
1126 1 5.808290 4.244220 7.215580 
512 2 10.946100 13.257700 3.307630 
1814 1 9.259290 9.052970 9.469950 
1638 1 11.231900 0.003816 12.068200 
1701 1 9.657390 4.350810 7.837220 
1606 1 9.735110 6.077800 0.997975 
97 1 4.102760 7.134090 10.709000 
1314 1 2.450690 1.380900 10.891900 
1775 2 8.902760 6.674740 10.542500 
1311 2 1.709930 12.760300 7.045620 
1396 2 9.990110 1.659110 2.039440 
1523 2 0.995720 5.680780 10.488600 
1780 2 1.138900 11.403900 4.920460 
125 1 12.753500 10.439700 10.778000 
150 1 9.754640 2.299180 12.868200 
1032 2 2.855380 1.329640 9.329820 
534 1 6.830890 8.023770 7.867080 
725 1 3.003990 7.511860 12.395500 
276 2 0.338518 2.315640 7.670340 
163 2 0.531953 3.113830 2.534300 
1367 2 11.592200 4.830050 5.035260 
1306 1 11.075800 10.217600 8.443210 
349 1 0.384787 12.599800 0.257004 
37 1 11.397700 2.627640 1.658540 
756 2 4.041910 5.066990 7.799610 
324 2 10.528800 0.471016 3.964940 
79 2 11.324900 9.557950 4.420900 
1225 1 4.029150 1.942260 4.397980 
1227 2 8.468180 10.919700 6.419520 
524 2 9.226010 2.654680 7.366330 
889 1 11.692800 6.210210 12.161400 
1619 2 6.245890 5.318950 6.371380 
350 1 8.419950 8.726730 0.806530 
297 1 6.121050 10.811100 7.727810 
1853 1 10.643500 10.328800 4.952680 
1999 2 10.494400 13.013700 6.582620 
1887 2 12.472600 1.401990 5.516000 
878 1 6.430340 11.181400 3.603470 
1507 2 10.669200 11.822000 4.447300 
1328 2 5.490600 9.622550 7.546530 
1329 1 5.841390 0.488913 3.607370 
919 2 13.150200 13.232600 10.130700 
1808 2 9.316190 2.455760 4.797880 
1299 2 12.369000 3.523520 2.461080 
122 1 0.316418 6.261980 3.492870 
1043 2 6.070460 9.817530 11.177900 
1639 2 8.015730 8.186620 2.914270 
480 2 11.141300 2.508580 11.856100 
1201 1 7.687860 6.126950 3.414650 
1198 1 0.297247 9.637720 6.821780 
174 1 9.826990 1.727340 2.252930 
816 2 8.128410 6.582160 3.516950 
1849 1 0.036990 8.469540 3.632970 
661 1 4.477180 6.670200 6.254860 
215 2 10.854700 9.588860 7.914440 
91 2 0.057369 10.844400 6.789690 
1277 1 10.486500 6.260270 7.712300 
40 2 10.151700 7.423110 7.718520 
799 2 4.748150 8.822660 3.660010 
1203 2 11.375800 7.697690 10.903900 
1322 1 7.110930 4.105220 10.913200 
1248 2 3.783750 9.849290 12.133200 
69 1 10.211100 10.103300 2.347150 
1134 1 0.833126 1.532320 1.481350 
1707 2 10.832200 2.969200 3.822370 
225 1 10.700300 13.120200 9.966660 
1440 2 10.938700 10.766400 12.367400 
1096 2 2.665890 6.832640 3.434590 
161 1 7.382590 0.332460 4.320650 
1485 1 1.560460 3.799840 4.813040 
54 1 5.399510 10.223100 0.522903 
1293 1 3.279030 3.931990 9.911450 
1902 1 10.798700 1.204950 4.283540 
1955 2 6.681190 12.970900 3.811910 
1810 1 5.916160 7.425050 0.642967 
797 1 13.216200 2.877720 8.471840 
981 1 3.274730 4.467620 0.501583 
1711 2 0.507146 11.475700 5.454470 
1152 2 6.059820 5.439180 11.739100 
1263 2 6.299170 3.305570 10.786800 
1059 2 9.574330 9.892690 3.739240 
1731 2 7.174150 2.982610 13.010600 
740 2 0.468084 10.902200 7.441390 
366 1 4.905010 3.597200 11.138200 
801 1 4.222840 11.915900 6.538320 
1590 1 2.862710 5.303640 4.286780 
765 1 10.970100 1.299440 7.228190 
173 1 7.986020 11.426400 4.726280 
1202 1 6.127860 2.154690 4.750820 
357 1 5.122940 2.903400 1.100650 
1753 1 2.005500 6.430930 9.247850 
1893 1 1.592370 6.871420 12.052800 
1243 2 8.804180 1.203850 11.354700 
948 2 6.757470 0.792962 3.458780 
1811 2 1.041560 7.637230 3.547370 
1732 2 6.074700 7.995940 12.912100 
1666 1 13.090100 12.396200 3.339780 
1352 2 7.608450 3.686940 0.590859 
1644 2 10.999000 11.406600 9.927110 
578 1 2.110180 2.168180 6.989530 
901 1 10.701500 8.023010 10.511200 
530 1 12.557600 10.340200 3.799320 
714 1 1.141680 12.056100 5.737390 
1671 2 4.725810 7.949670 7.087600 
1041 1 12.733600 6.541690 2.572990 
1027 2 4.873440 0.202090 4.519090 
1050 1 11.178100 11.601000 2.318050 
1366 1 3.685920 10.578100 12.003000 
1181 1 10.558900 7.555740 7.108930 
291 2 6.368830 3.347630 6.959810 
74 1 4.750220 5.995800 8.884690 
638 1 12.536900 7.439520 10.622400 
1400 2 2.658940 8.746290 0.956108 
1932 2 11.598700 8.005150 0.121809 
1873 1 0.810713 3.550210 2.520640 
1789 1 7.594650 1.719690 1.032700 
720 2 2.800790 6.232620 4.358320 
867 2 1.008280 8.676760 12.359800 
1145 1 9.361730 2.976210 6.080700 
386 1 4.728320 6.089860 4.038000 
347 2 8.866060 4.069560 1.532290 
821 1 2.939650 0.720427 13.238500 
580 2 12.182400 12.303700 11.894700 
1535 2 9.652150 5.173160 7.523380 
101 1 8.134490 7.284250 9.817670 
1100 2 4.056250 9.294960 0.204807 
628 2 10.780100 5.997100 3.440110 
1915 2 2.549350 4.823970 8.215110 
923 2 5.694220 1.977290 0.775658 
576 2 11.670000 1.324430 0.227880 
1 1 8.407150 10.165900 5.982670 
339 2 0.540851 8.955830 0.878781 
537 1 7.850770 7.124050 7.410730 
248 2 3.390490 13.252900 11.287000 
566 1 10.799700 10.401600 6.802450 
279 2 11.281300 5.718570 6.116840 
1627 2 9.490990 3.339420 6.983200 
246 1 3.355390 2.771030 5.522220 
264 2 5.429440 2.221860 11.932300 
1074 1 7.435150 3.396540 6.838370 
300 2 9.811030 10.562500 6.675710 
1271 2 0.752511 7.405580 10.138200 
240 2 8.195100 10.292700 10.079600 
1820 2 5.753870 7.741720 1.870890 
675 2 5.986440 6.430740 4.135340 
1660 2 3.880300 7.375380 9.603260 
53 1 11.473000 4.800240 10.521400 
1996 2 7.938230 5.978860 7.635190 
523 2 7.290760 11.076100 10.237400 
1010 1 3.002850 10.516000 6.838290 
1989 1 9.763700 5.084640 6.162090 
46 1 4.066940 9.052890 7.648600 
485 1 6.767450 11.228100 12.351000 
1388 2 12.680200 12.254300 3.509800 
1529 1 9.178470 1.564700 3.854770 
761 1 2.245410 0.741686 3.653050 
364 2 3.926700 4.963090 6.045490 
1885 1 2.412850 7.355120 1.831370 
838 1 8.984640 13.125400 2.857100 
888 2 3.195860 1.903860 5.280980 
196 2 2.877820 6.489700 12.019600 
658 1 4.649600 9.414890 4.840360 
1186 1 5.851580 7.783810 3.349340 
1613 1 5.818970 0.318496 6.181400 
1740 2 5.747230 12.863000 9.230310 
25 1 8.439110 7.325020 2.662200 
636 2 0.820498 5.938380 9.297790 
10 1 0.691484 4.550350 12.980100 
450 1 9.035610 3.741080 2.891590 
1905 1 3.071610 12.489700 4.889010 
1362 1 11.728500 2.351800 10.632600 
474 1 4.343440 8.225340 2.526530 
1835 2 2.415780 1.986580 9.635630 
1206 1 7.604430 10.766300 9.855730 
1796 2 11.182100 10.344300 6.651840 
802 1 3.305760 9.339870 10.537100 
653 1 1.498370 11.144800 12.798900 
644 2 12.312400 2.065310 8.291610 
252 2 10.896900 12.344000 2.254680 
319 2 2.069550 5.836000 4.745810 
102 1 8.234970 12.653800 10.681700 
1672 2 1.516590 11.497000 8.801350 
143 2 12.670700 4.039300 11.535100 
847 2 9.693540 5.631640 1.097230 
1035 2 2.970340 0.338791 8.028340 
1966 1 0.118743 10.264500 0.645427 
311 2 11.844100 10.835400 0.607775 
1303 2 3.679860 4.119840 0.943177 
188 2 0.388945 13.161900 10.774100 
1959 2 3.940440 11.992500 12.625400 
378 1 10.651400 10.784100 12.872300 
1473 1 1.449840 7.130670 2.286300 
412 2 12.638100 2.124040 4.585370 
1060 2 0.784633 6.333590 6.229220 
1478 1 4.763920 0.527714 7.448730 
29 1 4.604910 13.172400 3.293360 
1500 2 13.032000 12.682600 4.453000 
1195 2 3.282610 12.674900 0.979610 
532 2 8.291680 0.391605 10.237400 
1598 1 11.094700 0.132276 4.318840 
171 2 4.805130 11.966500 6.941940 
1934 1 10.982000 9.383420 0.131612 
1495 2 1.580160 1.120500 13.134800 
1156 2 3.479010 13.096700 0.007982 
1228 2 1.750060 1.993540 13.252300 
1664 2 1.986190 4.458760 16.002100 
1798 1 3.489110 8.378470 16.598900 
112 2 11.997300 5.224100 16.948700 
921 1 11.748800 11.765500 18.633900 
1246 1 3.333050 5.731180 24.353800 
683 2 5.418290 7.674500 22.493500 
1763 2 2.775780 9.512760 14.049200 
1028 2 9.694050 8.902710 14.435800 
183 2 0.684174 2.097890 17.494900 
940 2 7.229630 3.236940 22.653000 
1662 1 5.946850 3.722780 14.789100 
390 1 9.376160 2.446100 18.468500 
1984 2 12.139000 3.827890 15.110000 
604 2 8.785060 1.580000 22.766200 
1489 1 10.825600 2.801220 21.486000 
80 2 11.489400 5.902310 18.202000 
549 1 0.621645 5.405130 14.882500 
1316 2 1.807640 1.534730 25.981000 
1421 1 9.552020 0.609591 19.045200 
1682 1 12.355300 0.790425 24.049500 
822 1 11.861500 8.586090 16.671900 
1233 1 12.146400 4.985650 24.042000 
1735 2 9.613390 11.255200 23.323100 
1391 2 8.914480 5.774870 16.695800 
456 2 4.737090 8.934650 17.093000 
459 2 11.009500 7.926150 18.169500 
758 1 9.490150 10.261700 15.839100 
417 1 7.643310 10.062100 18.403700 
1688 2 9.841140 7.087130 24.817400 
461 1 9.143200 8.617460 20.533600 
927 2 6.122030 10.583600 13.338500 
835 2 6.456990 5.406260 18.652300 
752 2 4.671750 12.262600 22.642300 
392 2 5.686680 12.942800 19.342700 
826 1 11.718100 4.476040 15.312700 
571 2 9.211050 11.619000 19.918100 
304 2 4.325860 9.553080 21.757600 
495 2 3.282030 6.646190 14.154500 
1968 2 10.244600 9.347690 25.594500 
1779 2 3.242450 0.044354 14.121500 
130 1 5.148800 8.678720 15.141800 
1954 1 2.483780 2.733970 16.076700 
907 2 5.635800 8.960000 24.005000 
728 2 4.986800 4.846750 19.127900 
218 1 1.388190 2.600420 14.307300 
1265 1 5.982450 9.672100 23.575400 
170 1 8.546790 4.181010 19.698300 
134 1 6.023820 8.031550 24.751500 
1449 1 11.619400 8.724650 14.803300 
182 1 0.529055 9.487170 23.643600 
1049 1 9.858550 6.109880 14.357700 
1883 2 11.854200 6.488920 17.609600 
999 2 0.649261 5.058060 13.448700 
34 1 11.846200 7.301810 23.672400 
1776 2 6.534600 5.619240 16.664300 
355 2 5.268410 2.008670 15.177300 
1115 2 6.849580 5.358190 16.818800 
1896 2 9.203850 6.317220 20.971100 
1188 2 8.193950 6.174480 23.495100 
511 2 6.901540 5.077850 23.264700 
1836 2 6.695800 8.128960 20.781600 
640 2 8.779040 12.139900 24.647300 
1787 2 0.748681 9.350460 15.948400 
76 2 11.027400 5.143980 22.873000 
814 1 1.668240 12.416700 22.809600 
1097 1 8.588970 9.010930 23.728800 
212 2 5.037170 2.161500 24.840200 
539 2 11.401900 4.578400 20.577800 
928 2 5.417800 10.887900 15.873400 
784 2 7.100360 0.186573 25.989500 
1661 1 11.863800 0.982666 19.562400 
1292 2 4.491360 3.604190 22.472800 
1914 1 12.967300 1.070620 21.987400 
1405 1 10.351500 10.912000 24.382300 
796 2 9.030550 10.937800 23.775100 
897 1 3.608670 10.334300 26.187400 
759 2 12.559000 12.689400 21.603500 
704 2 3.470260 8.434050 26.162300 
1641 1 10.927200 6.628400 20.864300 
48 2 12.815900 10.335000 25.009100 
1078 1 9.536680 12.298400 24.497800 
1686 1 9.134870 13.201600 18.408200 
1522 1 6.005080 2.384560 16.237300 
49 1 2.383080 13.134300 15.068200 
1949 1 2.224020 11.951400 13.811800 
89 1 9.408780 6.541550 17.307000 
935 2 10.160200 10.941400 24.605500 
217 1 3.636640 4.470650 15.407500 
1513 1 12.995500 8.921110 24.533600 
313 1 8.589550 10.683600 26.352300 
43 2 2.070970 7.516170 24.024600 
1931 2 9.063450 11.819100 19.702800 
1767 2 4.711120 11.459700 17.562200 
1345 1 1.268270 0.201101 21.069500 
1192 2 9.118730 8.679670 16.422400 
1172 2 8.896630 0.666970 17.585800 
316 2 2.158510 4.935460 19.421300 
1333 1 3.948990 4.733690 22.523700 
1323 2 0.474931 1.351750 25.311300 
387 2 9.281290 6.366030 13.759300 
598 1 3.709120 1.510830 15.453800 
1219 2 12.888200 5.335960 14.567400 
1284 2 0.164014 11.936600 18.359600 
527 2 8.981280 4.235420 25.718200 
398 1 0.632890 6.180560 17.236100 
892 2 8.365750 3.694270 20.105600 
479 2 13.239600 10.885500 16.129200 
660 2 7.826540 5.650440 14.032100 
1266 1 12.170000 9.120810 20.836600 
1871 2 2.059060 1.927190 19.226700 
186 1 9.011070 1.479070 14.389600 
1975 2 4.370310 8.282770 16.718000 
1774 1 8.428250 1.037270 22.196800 
1543 2 2.989230 11.465900 24.076500 
1630 1 6.301160 12.986000 20.218400 
569 1 4.500890 6.501810 21.628000 
730 1 4.570260 10.563800 14.732200 
239 2 6.248260 4.590340 21.046700 
1928 2 1.003170 7.991420 20.923500 
979 2 3.046620 5.400170 22.260600 
1457 1 9.644280 6.279870 23.003600 
1869 1 10.014200 11.993600 14.655400 
1334 1 4.917630 5.997330 18.439100 
1766 1 9.235680 7.175260 25.908000 
493 1 8.835640 6.836580 21.195000 
1800 2 12.483800 11.157800 18.741700 
858 1 5.451310 1.361030 20.421300 
1749 1 7.177930 1.477370 15.125200 
810 1 4.470250 9.316900 17.961300 
98 1 4.880490 8.780360 20.876300 
1417 1 5.320540 3.697430 24.376100 
1936 2 8.370750 0.448116 17.949200 
389 1 3.855550 6.497620 14.587000 
936 2 0.181190 4.146180 15.510400 
224 2 12.500500 2.073720 22.132700 
1067 2 13.057700 9.628210 13.544400 
853 1 3.663360 2.937630 19.576200 
1979 2 3.681250 8.484750 19.258700 
929 1 11.992500 6.317640 18.502100 
452 2 2.771740 12.093000 19.353900 
1754 1 6.171520 1.705340 26.014500 
769 1 6.847230 7.883670 20.738400 
1645 1 5.403310 12.407700 26.068700 
1222 1 6.404430 11.112100 14.506400 
1609 1 0.591401 10.669700 19.730200 
106 1 8.681960 2.987580 24.590600 
342 1 10.050200 0.252411 16.640300 
1081 1 0.923684 8.657910 16.334700 
1447 2 0.908518 5.363110 16.816600 
323 2 10.094400 13.207500 17.490400 
1157 1 5.363990 3.390350 22.519100 
1024 2 10.174000 2.868000 14.005000 
1466 1 8.763460 5.406530 14.976100 
607 2 11.311300 4.849110 23.828300 
987 2 11.947400 2.084810 20.598400 
1654 1 7.054140 12.259000 23.734300 
579 2 4.330830 3.557820 23.669700 
674 1 8.556840 5.914840 16.678600 
28 2 0.018994 0.302072 19.092200 
57 1 2.149080 1.330680 17.176400 
1643 2 9.816920 2.078660 19.412400 
1714 1 7.098570 3.733080 19.862700 
976 2 7.759870 2.536040 14.854500 
1480 2 3.480920 2.026040 15.780200 
374 1 12.793500 11.362800 25.055900 
199 2 12.957100 1.120220 23.310100 
1620 2 11.633400 9.131990 23.149300 
205 1 1.889220 1.517000 26.274000 
294 1 5.637430 4.430610 26.008200 
1179 2 11.147500 10.604100 13.743800 
498 1 10.574500 8.773890 25.014000 
1860 2 9.752250 1.179840 19.831900 
733 1 2.519450 11.183000 18.445600 
453 1 10.416700 10.308000 21.814300 
1699 2 7.977450 10.196400 16.662700 
169 1 7.774170 4.363860 23.243200 
787 2 8.047080 10.717200 15.192600 
1557 1 0.596136 6.187430 20.318500 
1851 2 8.094400 2.496190 24.674400 
1653 1 6.078150 6.806500 17.111500 
625 1 0.669185 12.664000 24.497600 
771 2 6.929170 8.720890 25.989200 
1830 1 11.306800 3.924620 18.156000 
573 1 6.949850 9.708910 21.774300 
166 1 4.961200 10.883400 18.735400 
996 2 8.928430 10.200400 21.104800 
1080 2 0.782347 12.582500 24.003700 
1026 1 12.009400 12.821800 22.454300 
931 2 9.315000 7.747520 26.464700 
1269 1 3.377150 3.266850 24.919000 
1117 1 5.722410 1.899490 23.911800 
1906 1 8.518050 10.884900 13.914200 
1579 2 7.795870 1.342830 14.597800 
1516 2 6.109600 11.064200 26.158000 
1011 2 1.078780 11.283400 18.887100 
148 2 1.661080 8.421060 15.532000 
16 2 8.863230 0.837786 16.249000 
1705 1 2.453190 11.755600 25.739700 
1628 2 7.558490 9.821760 23.620900 
1782 1 8.244230 6.150790 23.734500 
841 1 10.440600 3.275750 26.008300 
843 2 4.625460 5.991550 18.712200 
331 2 7.058770 1.316620 23.271100 
133 1 7.585770 11.749400 18.547900 
830 1 6.553560 5.586740 18.653900 
1560 2 12.342500 1.436620 17.468700 
516 2 6.626940 4.138550 17.980700 
1422 1 2.934910 0.535448 19.793800 
654 1 4.003510 11.619600 22.024300 
1326 1 6.979690 9.050950 16.492300 
710 1 13.292400 6.707680 23.329200 
1967 2 11.747500 6.327730 19.574600 
1631 2 12.231200 6.248360 18.047300 
1881 1 2.069490 4.795270 19.897500 
434 1 11.680600 1.965470 13.984900 
1121 1 10.413200 12.920700 19.894100 
918 1 3.517670 8.484460 24.398300 
1450 1 13.133800 4.662400 22.230500 
372 2 12.185700 5.739460 21.404600 
278 1 8.216550 12.940800 15.952300 
52 2 2.622000 3.956140 23.176800 
1673 1 7.613290 10.198700 23.577200 
1089 1 1.233950 7.100200 23.634800 
1416 2 9.245520 12.839400 20.368800 
1475 2 7.053610 9.027870 23.137200 
531 2 10.072900 0.792277 18.216700 
1460 2 1.525130 8.426380 15.896600 
1107 2 5.733050 10.784700 24.899500 
1210 1 11.281800 5.202480 19.710500 
998 1 12.162500 2.352530 20.482500 
1361 1 1.311470 3.924780 23.319000 
1527 2 6.630170 10.893400 20.125500 
1558 1 0.011541 8.231760 19.786200 
1530 1 12.378400 5.676530 17.133600 
1556 2 1.941010 12.433600 13.993800 
1092 2 2.359150 8.597200 26.452600 
1138 1 10.822200 8.067670 13.514000 
849 1 8.031930 6.284030 13.301000 
1718 1 5.777280 24.454500 5.128820 
1921 1 11.216400 23.903100 4.207670 
1374 1 5.972610 13.651100 8.262220 
1254 1 13.090000 26.328000 9.541210 
1911 2 8.202030 26.374100 7.150720 
956 2 1.931370 15.139400 3.715210 
1719 2 7.115780 16.148400 7.590470 
308 2 8.752320 22.541900 9.543370 
1487 2 11.800700 25.788500 10.062900 
672 2 8.461300 25.637900 10.833500 
882 1 6.560570 22.910400 6.218130 
430 1 9.903570 17.366800 1.426080 
448 2 5.180800 20.215000 4.116650 
1433 1 7.841800 17.341900 10.211300 
100 2 1.810300 25.234000 6.924000 
1432 2 0.155020 20.661100 12.307500 
1438 1 8.842990 21.476900 8.879240 
1136 2 9.705570 17.660600 1.167710 
1207 2 10.688800 24.763600 7.600150 
775 2 2.874770 26.501100 1.248950 
721 1 11.933400 21.684000 3.641360 
774 1 0.370426 21.810900 7.379560 
1511 2 8.380040 20.410400 12.163600 
1542 1 4.481040 22.752800 11.511600 
1135 2 4.679950 18.144500 5.462810 
1976 2 1.493490 24.647000 0.300631 
1503 2 13.054000 13.889900 3.822360 
562 1 10.649100 17.814300 7.508320 
916 2 11.432600 24.613800 4.202250 
1736 2 11.125800 24.692000 11.969700 
1427 2 6.458690 20.483200 9.644220 
1722 1 2.651940 24.513800 11.681800 
619 2 7.330350 13.465800 12.065900 
1085 1 2.845970 23.707700 3.541010 
1506 1 6.873660 15.290400 8.207390 
770 1 12.739000 25.370600 0.698537 
677 1 5.745130 15.277000 5.608810 
627 2 4.440120 21.366200 2.077270 
263 2 12.668400 18.843300 9.440050 
510 1 10.032600 19.045800 1.291460 
9 1 11.821900 18.963600 4.247850 
961 1 5.315030 24.562500 11.061900 
103 2 9.549790 17.414300 3.745930 
1573 1 6.741660 15.617800 0.506561 
1769 1 2.749970 26.460600 5.113950 
1536 2 8.530840 24.916600 6.232680 
1802 1 6.049520 26.389200 2.727800 
1748 2 5.778300 18.793700 11.647900 
1250 1 11.589500 16.019700 3.771400 
437 1 10.061200 13.245300 7.251810 
1241 1 12.396000 19.658800 8.622100 
377 1 12.439900 21.359400 8.282170 
694 1 3.250480 14.349900 12.058000 
1962 1 2.208270 19.101800 3.105800 
1547 2 4.115590 21.751700 12.747900 
1442 1 2.568970 21.087500 6.506610 
1075 2 11.040700 20.380400 2.338200 
1864 2 11.959100 18.705000 2.761980 
329 1 10.316400 15.578700 5.558170 
1870 1 12.473500 22.292800 9.680030 
172 2 6.975680 18.798700 2.037920 
428 2 11.333700 21.257300 1.158160 
686 1 9.691560 21.317300 5.796500 
1071 2 11.661800 17.966100 8.532780 
1161 1 4.988500 24.227700 1.995530 
505 1 7.159710 21.870600 8.063460 
828 2 6.506490 26.473800 3.296140 
585 1 0.430012 13.920400 6.951790 
1727 2 5.486020 14.694700 7.184250 
1039 2 4.152480 25.785800 4.360120 
749 1 5.262720 13.452700 9.827150 
1215 2 6.011900 19.850800 1.160810 
1680 2 0.349142 24.574300 4.895920 
119 2 2.016610 19.052500 8.660710 
61 1 10.261800 21.356300 12.805000 
1296 2 10.104700 15.410300 10.135700 
1723 2 3.896430 18.280400 12.086100 
1378 1 0.557208 20.843300 12.819500 
1424 2 12.164900 25.697200 8.263260 
1678 1 7.239000 26.211900 8.113350 
776 2 4.841170 14.394700 2.854990 
1103 2 12.683300 18.787800 10.668200 
1508 2 12.021500 20.575500 8.342490 
138 1 5.156950 24.950900 8.156420 
854 1 11.592600 24.909200 7.351480 
1785 1 7.795670 25.124000 10.931800 
1546 1 4.467870 17.871900 9.212620 
967 2 8.391120 23.895700 12.403300 
655 2 10.195900 14.903700 9.644350 
415 2 7.656550 21.936400 4.862280 
1242 1 9.046080 22.092600 2.405960 
1359 2 1.951070 24.029900 11.822600 
1879 2 8.181220 24.869400 6.916620 
1204 2 2.143070 15.458800 5.802450 
292 2 1.539820 24.360300 3.645910 
1304 2 1.132660 22.883200 10.472400 
464 2 4.127910 24.577500 5.741420 
1320 2 5.204440 16.950600 11.286600 
1534 1 6.168030 21.028100 0.375486 
1315 2 6.095760 21.242200 8.121200 
1593 1 5.288180 17.354100 2.693200 
1604 2 9.717400 24.293600 8.996620 
643 2 10.131700 13.694100 10.079600 
2000 2 8.721580 18.209000 10.765300 
1086 1 4.381500 18.004400 4.818710 
859 2 2.575780 15.270000 10.333500 
1110 1 9.785550 24.135800 4.583660 
1143 2 0.312960 14.932800 0.894345 
1287 2 4.839780 24.545700 8.857550 
258 1 3.069370 15.038900 9.029350 
526 1 5.915210 19.425300 1.988340 
955 2 9.148880 19.873500 7.079180 
1373 1 4.758150 14.410400 1.229400 
555 2 1.932040 23.327700 3.006300 
1939 2 0.088575 20.100900 3.572970 
82 1 4.630960 13.321800 12.217300 
1128 2 7.261890 19.399400 6.483590 
1784 2 4.477950 25.594000 1.858060 
1600 2 9.396770 20.327600 7.650300 
111 2 8.037140 18.146200 8.227450 
969 1 0.380329 16.585900 10.736400 
1150 1 11.087000 13.916100 1.539660 
699 2 1.662620 17.301100 5.865620 
1390 1 3.149480 13.534200 9.301640 
272 2 10.552100 23.473400 4.736380 
51 2 0.263292 14.313100 13.155100 
645 1 0.507683 15.176300 8.174840 
30 1 2.203270 16.547400 6.745490 
1917 1 2.359480 23.991500 7.203310 
1757 1 5.101680 17.139600 7.673540 
66 1 2.419650 19.514100 8.177710 
243 2 5.256150 13.716900 3.295000 
925 1 1.682150 19.653900 11.195700 
736 2 8.700560 16.090300 3.155320 
1813 1 6.229850 17.816600 5.662840 
1294 1 7.863990 18.345300 7.149420 
92 2 12.784500 14.637200 9.955010 
1458 1 6.685890 15.252600 4.346350 
198 1 6.117480 18.342500 11.545400 
7 2 7.930530 17.556700 12.157500 
1244 2 9.485800 17.091700 6.981100 
1133 1 4.235440 15.590700 2.065560 
1617 1 12.370800 14.548600 4.716620 
1290 1 1.340080 18.309400 4.720150 
1371 2 7.728340 15.031400 0.785582 
536 2 2.727330 19.403300 8.388460 
1403 2 11.111900 21.616300 7.899290 
1942 1 10.401400 21.495600 7.656540 
1733 1 3.801160 25.167200 0.601160 
1888 2 6.630920 26.069500 11.000800 
1958 1 8.587100 19.969200 12.718900 
1120 2 7.913400 21.858700 0.872005 
553 1 7.681790 21.311600 4.690160 
200 2 0.037039 22.861000 7.565030 
306 1 9.467500 22.610500 9.851210 
84 2 0.387147 15.407000 11.161300 
563 2 13.128100 21.163900 1.334750 
1272 2 1.794690 15.132900 5.488780 
1777 1 9.644440 15.600000 3.077570 
345 1 1.600490 15.385200 1.419660 
1974 1 12.498700 19.813200 11.051700 
667 2 13.046100 25.310200 8.291780 
863 2 7.126850 24.992800 6.259250 
494 1 12.500600 15.981100 4.845430 
123 2 11.527600 15.111500 1.280300 
238 1 7.486790 13.362500 0.835499 
812 2 6.267060 16.753900 8.488890 
941 1 2.447200 21.733600 10.280200 
1803 2 3.804570 21.248800 4.648940 
1211 2 5.894200 16.600500 1.620500 
1477 1 0.835719 19.808100 2.071600 
626 1 2.273330 23.149500 5.417590 
441 1 6.551400 22.468700 1.853870 
1094 1 10.981100 23.611800 12.271500 
1437 1 1.509440 23.684300 9.560760 
197 1 5.684280 21.089400 10.564200 
1079 2 11.112000 24.401800 4.155540 
405 1 10.333000 17.314600 9.680810 
1397 1 10.826900 14.377500 10.003600 
1886 1 3.493560 20.693600 1.368600 
255 2 2.560590 20.430900 10.860000 
1430 1 12.881900 13.514300 0.639777 
343 2 12.488500 23.606800 5.054600 
613 1 2.963440 25.527100 8.359300 
4 2 5.865520 16.630100 5.472580 
1794 1 6.084920 24.758200 10.043000 
793 1 3.837000 20.389800 12.243300 
1260 2 4.275370 24.675800 9.867560 
954 1 11.082300 25.200600 10.633100 
963 2 5.158120 14.591500 9.976430 
1330 1 7.669570 20.478700 11.561600 
1023 2 3.256260 15.899100 2.108060 
930 1 3.508690 18.413900 9.548280 
1961 1 3.461070 15.321100 3.659460 
1897 1 9.958020 19.685000 10.475700 
1358 1 5.255020 20.174600 13.082200 
951 2 12.811200 15.130200 7.293170 
552 2 11.658500 17.750600 11.997800 
307 2 5.431450 23.884600 9.845440 
1389 1 5.191920 17.568800 11.893600 
482 1 6.925230 22.481900 3.386310 
664 2 4.278380 13.649500 12.700900 
1335 2 2.712800 16.110000 7.329350 
408 2 1.223340 16.518700 7.413410 
932 2 8.550520 23.646000 13.070100 
78 1 12.314800 18.928500 1.444060 
27 2 6.691910 17.230900 5.500020 
140 2 3.899890 19.127800 9.389480 
158 1 5.871190 13.361700 3.225790 
708 2 7.803450 23.346700 3.774180 
1521 1 7.956990 15.207900 11.184000 
1872 2 7.775890 13.989000 7.594340 
950 1 3.036320 16.131600 8.246340 
608 2 8.491260 15.006400 11.718000 
60 2 1.901660 18.758700 3.302790 
1515 2 1.453080 23.459200 6.665480 
924 2 6.897330 21.488300 0.599102 
1169 1 12.936200 18.067700 8.489700 
581 1 5.763960 20.455000 7.915040 
1401 1 8.084260 24.097700 12.445000 
589 1 7.229390 25.527000 13.141800 
1108 2 4.341590 22.013500 11.691200 
1565 1 7.550020 18.350100 2.078310 
1717 1 9.114380 24.458500 5.788580 
180 2 10.579300 20.696200 11.814500 
896 2 6.688560 20.295100 13.073300 
805 1 0.208565 23.989700 3.194660 
1018 1 10.622500 16.899900 12.538900 
59 2 12.100800 16.865500 2.819000 
906 1 7.970600 16.342200 3.988020 
1920 2 2.732580 15.135200 9.208030 
1068 2 6.042750 21.757400 7.357070 
1738 1 10.991400 22.039900 1.506080 
1695 2 9.044710 22.133700 0.467330 
1261 1 12.002600 25.574300 12.616900 
1482 1 1.683780 15.377200 4.523290 
289 1 3.302410 14.620100 5.454200 
1988 2 11.891900 17.200400 9.611650 
151 2 11.664500 16.048100 4.221890 
269 1 12.396500 17.383300 11.061900 
305 1 7.256420 16.906500 11.374900 
693 1 11.330000 16.565200 9.434360 
881 1 9.050110 14.479300 7.840890 
652 2 4.378430 13.921300 3.644090 
282 1 10.293700 26.177300 8.917240 
1652 2 8.600330 22.721400 2.328740 
1435 2 6.957610 25.876300 10.248700 
1991 2 1.594060 21.991900 7.436200 
109 1 8.513110 22.341800 0.819901 
187 2 6.015050 24.768800 0.052520 
745 1 6.760410 19.280100 18.926600 
685 1 1.609690 14.518700 24.784400 
823 2 1.465050 19.828200 15.917700 
433 1 6.546050 17.633800 14.010500 
1650 1 3.864870 25.272600 15.209000 
1799 2 8.229590 16.342500 15.315700 
1569 1 4.878270 22.036400 25.645000 
1532 2 4.107310 26.128700 16.863600 
1313 1 7.240980 20.437000 25.909900 
1795 2 3.208470 16.767900 24.022700 
865 1 7.082490 22.022300 14.804200 
177 1 12.684900 18.777200 14.538900 
1239 2 9.546830 21.958300 13.336100 
890 1 11.162200 14.889700 18.065400 
1368 2 4.255140 14.679800 22.589100 
137 1 10.972500 19.010400 16.482400 
818 1 0.542535 15.856700 22.368200 
1125 1 2.640470 17.087900 21.764100 
1987 2 7.050910 20.059500 25.881500 
583 2 7.381790 13.616600 16.874500 
370 1 5.711050 13.558500 15.090100 
8 2 10.676200 20.317600 17.919300 
1554 1 3.693880 20.939100 14.988300 
1801 1 11.584100 13.389300 14.740800 
110 1 6.594980 17.245800 23.143800 
322 1 1.463920 19.923600 15.546200 
1194 1 10.012100 25.251700 20.485300 
128 2 4.009960 19.983700 18.088700 
1240 2 4.901650 19.016300 20.931300 
1510 1 11.936200 15.974400 24.223500 
21 1 -0.012612 25.971600 26.001200 
1122 1 6.112720 25.533800 15.328700 
1997 1 5.103010 23.862100 14.167800 
251 2 6.812300 21.890200 15.565500 
1014 1 6.876280 15.059800 17.582600 
1648 2 1.687020 21.311300 25.628100 
221 1 4.165010 21.613100 16.136400 
351 2 4.049880 13.943200 20.172700 
692 2 1.543460 26.309800 16.327200 
1709 1 1.660390 26.003300 17.939500 
1325 1 11.557700 24.052600 23.889300 
1773 1 2.997580 17.186300 24.749900 
688 2 1.468960 15.872400 22.676100 
1185 1 2.118350 20.173000 19.197500 
1913 1 0.435554 21.145900 22.321700 
997 1 5.390990 14.447100 18.775100 
1743 2 10.658600 19.273100 19.263500 
1073 1 12.689500 21.453600 19.415100 
1923 2 0.755268 17.725000 14.540300 
1312 2 7.244360 17.801700 14.816200 
1278 1 11.259600 26.255900 24.899100 
606 1 3.735030 21.131200 21.846600 
1899 2 2.126130 14.093200 15.076800 
1562 1 5.375820 21.166700 17.805300 
1993 1 9.285750 20.577900 24.790400 
1615 2 2.418650 20.724300 25.510600 
515 2 10.329300 22.179900 18.633000 
1582 1 10.285700 22.899300 21.315300 
1045 1 8.486450 23.593700 22.482400 
978 1 9.152730 15.261500 15.828000 
213 1 0.383617 14.658500 15.685600 
15 2 1.435180 13.740200 17.315500 
114 1 12.309000 16.230200 14.847000 
1467 2 6.604650 17.145300 25.338100 
1952 2 2.892600 13.428700 25.819300 
556 2 4.282560 18.248700 23.694000 
1183 2 2.642770 23.034700 14.864600 
551 2 8.576000 24.933400 17.879500 
871 2 12.464000 22.068900 16.990100 
1042 1 10.286500 15.461800 26.377200 
290 1 8.891500 18.239200 20.742200 
214 1 13.211800 24.092000 26.027600 
1295 2 6.654130 15.221700 22.902100 
1571 2 8.866580 17.385500 24.841900 
1061 1 12.499600 20.983000 16.002200 
1862 1 3.834960 21.312400 24.704100 
1414 1 7.226790 14.672600 13.627500 
632 2 9.879190 13.963100 14.234200 
201 1 4.758870 19.595800 19.933100 
1436 2 2.579610 23.109300 23.675700 
1140 2 10.688400 22.638700 21.463200 
152 2 3.180030 26.229800 18.538600 
1741 1 3.842370 13.640500 21.911300 
1825 1 12.572900 22.527000 16.776400 
815 2 9.574490 26.151100 26.081300 
1697 1 6.875340 17.300500 19.994500 
1847 2 1.955430 16.219300 21.106900 
1234 1 11.871500 18.400200 25.371000 
1232 2 10.724500 15.953700 23.780700 
1354 1 3.127240 23.516600 13.310200 
265 1 0.415692 26.131400 23.837600 
404 2 7.495300 16.691800 20.671700 
856 2 12.269400 15.425800 19.368700 
717 1 3.152510 24.346200 25.781200 
266 1 11.169800 16.260600 21.507800 
302 1 4.395790 16.115500 20.615900 
23 2 8.699570 20.582500 22.377000 
630 1 5.908940 23.111300 23.380300 
1618 1 1.181190 22.869200 15.980600 
407 2 7.946640 21.386400 20.021200 
1632 2 11.422600 23.251300 24.193500 
1275 2 6.717520 18.197400 22.224100 
1064 2 5.365200 23.262000 15.313000 
1755 2 1.465370 20.968700 20.852300 
1969 1 2.517370 14.950600 15.374200 
1692 2 5.053400 20.392700 16.841500 
1231 2 7.484460 15.873800 18.860600 
656 2 10.545100 14.183000 26.118400 
77 1 10.459500 15.171500 13.891700 
1683 2 6.295280 20.527300 18.642500 
288 2 5.271950 16.857400 17.411800 
45 1 9.808210 20.601800 18.511500 
167 2 4.434540 20.039400 16.044000 
1596 2 4.997430 16.051700 21.765500 
807 2 5.769460 14.056000 23.092200 
165 1 0.302814 19.502500 20.636400 
463 2 11.021300 18.659300 16.114100 
567 2 5.716270 14.579400 18.531300 
320 2 0.736126 14.929700 23.544800 
254 1 1.804210 18.271900 20.894300 
1213 1 3.595850 17.731700 13.931700 
681 1 8.509930 20.549400 14.476300 
663 2 7.287920 26.390400 21.175800 
1002 1 13.231700 23.705700 22.426100 
1229 1 8.225920 15.952500 18.995800 
71 2 8.362000 25.164700 21.890100 
1356 2 1.587610 17.048100 19.024400 
1038 1 5.274880 19.729200 21.047800 
1154 1 11.164300 20.394300 19.319500 
1840 2 6.293650 23.790100 15.542700 
1895 2 4.607250 20.900100 25.022900 
406 1 2.334090 17.218100 17.397400 
798 1 12.577800 22.032800 26.001400 
680 2 10.729100 16.236800 19.921500 
94 1 7.999890 25.387300 23.039800 
617 1 2.928460 16.835600 19.429300 
860 2 9.399880 23.285900 19.264900 
1901 1 10.634000 21.947600 17.982600 
257 1 6.737580 15.930100 23.719000 
1116 2 13.121800 24.333100 15.041000 
391 2 11.574700 22.956100 23.013700 
1518 1 0.754857 16.647200 23.822300 
1309 1 2.738850 19.903700 26.178400 
458 1 1.760910 22.422600 18.658500 
1607 2 1.320240 19.811900 19.514300 
162 1 6.826140 22.879100 16.660500 
1168 2 11.731900 21.168000 18.353900 
489 1 1.565680 21.636600 25.128400 
1859 2 10.391400 14.426000 24.833800 
93 1 7.741630 16.493400 14.947900 
1676 2 9.094090 14.584100 16.860300 
1592 2 11.079100 24.291900 19.743900 
327 2 12.655500 23.437900 24.941600 
800 2 6.907490 22.973100 13.727600 
185 1 3.458290 20.525500 17.497800 
1817 1 4.152510 16.937100 25.939700 
947 2 0.172981 14.281100 23.766100 
1614 1 11.752500 24.595100 20.141300 
1245 1 4.227280 14.850300 13.387600 
107 2 3.823090 17.377800 25.917700 
1019 2 0.773575 24.597200 21.985300 
975 2 0.535769 25.787900 24.919600 
1669 1 1.367990 19.389300 23.910400 
804 2 6.186670 15.490900 16.300800 
600 2 2.822770 21.027600 26.166300 
827 2 6.469240 18.850000 20.888200 
909 1 12.911600 15.297000 19.968700 
1488 2 10.350200 25.903500 24.981100 
912 2 2.701940 20.693900 21.400500 
1341 1 8.084250 18.223200 15.357100 
698 1 11.645400 25.319600 17.450000 
388 2 10.130500 21.263700 23.159600 
1193 1 6.110790 22.789800 20.422400 
1226 1 8.391690 17.132600 26.078200 
662 1 5.085420 18.380000 25.103100 
722 1 1.875000 23.103000 23.762300 
1348 2 3.620940 21.290700 15.467700 
650 1 4.133260 25.653400 23.399900 
1274 1 3.133140 14.447300 19.703600 
1636 2 6.104570 15.041600 25.082100 
1759 2 3.587730 17.376800 14.129500 
1690 1 9.880220 26.360400 25.891100 
1514 1 8.677820 17.055100 22.488900 
1084 2 6.382470 25.144800 20.124300 
1055 2 7.220800 17.874500 15.956000 
1621 1 2.696290 22.125300 21.527000 
601 1 8.260010 20.762300 20.046200 
1655 2 2.790400 25.280700 17.870500 
108 2 9.135210 14.338600 22.404700 
328 2 9.370780 22.966100 18.513700 
596 2 10.728500 19.093100 14.787500 
472 2 2.604640 17.615700 26.193800 
1471 2 4.480760 14.571500 25.827900 
790 1 11.391700 20.615600 14.526800 
42 1 5.162420 14.119500 23.669200 
1670 1 1.386700 25.830300 14.957100 
974 1 5.133690 14.364100 21.990800 
232 2 2.177900 26.008700 20.909100 
757 1 10.128700 20.941700 23.264300 
729 1 9.743110 26.291300 23.817700 
726 1 1.607270 13.979000 17.621300 
1863 2 2.964490 17.342200 18.265700 
1570 1 7.673570 19.715800 22.376600 
1021 1 8.143690 26.243500 16.523600 
142 1 9.132710 23.990500 17.705200 
1149 1 5.482040 24.918700 19.216200 
1756 2 0.988913 20.373300 23.219400 
1625 1 1.993280 25.189900 21.668800 
262 1 9.379230 13.419300 21.960500 
1257 1 4.597590 15.141900 23.846100 
1651 2 7.743260 16.436300 25.965100 
1057 1 7.228960 20.104300 16.443200 
874 1 10.713400 14.542800 24.364600 
360 2 11.436200 17.999900 25.503800 
267 2 3.921950 24.942800 23.613500 
575 2 12.211800 16.027100 15.874300 
691 2 4.181760 19.942900 21.066100 
380 2 12.765000 21.553100 15.309200 
439 2 2.778100 15.366900 21.295000 
235 2 0.731239 21.687600 22.350900 
773 1 4.464180 19.504600 16.056400 
195 2 11.717600 24.608400 21.056800 
63 2 1.211940 21.527100 18.934900 
471 2 0.572754 17.656000 23.456000 
582 1 7.749960 25.589000 19.983200 
1197 1 10.739600 22.739700 23.196400 
1431 2 8.252970 16.584500 19.345000 
1891 2 5.546170 23.074900 23.187200 
980 2 5.383650 21.812900 23.373900 
1252 2 1.299750 19.294800 14.728800 
876 2 4.184320 24.386200 24.876300 
595 2 10.875900 23.824600 21.723100 
1370 1 6.242240 15.047500 25.532000 
1088 2 9.317290 17.948400 22.095500 
1940 2 6.399070 20.652600 16.543700 
1494 1 0.907811 17.557400 24.085400 
1846 1 3.964340 17.397100 18.600200 
639 2 6.308020 23.347900 13.534300 
1034 1 10.582400 17.825700 23.076300 
542 1 11.538100 19.475800 19.257000 
1339 2 12.366700 20.088000 14.508600 
1531 2 12.611100 18.938000 25.387400 
469 1 6.031610 22.632600 13.326100 
603 2 7.480270 13.811200 13.685800 
1526 1 0.231284 22.038400 19.178400 
440 2 12.739000 18.097400 20.255600 
1353 1 0.335436 23.459100 25.160900 
399 2 0.780517 24.523600 15.010900 
22 1 1.501780 16.785500 15.118000 
1448 2 9.240260 14.098100 16.255200 
1280 2 0.152803 13.728800 25.515400 
899 2 4.836810 25.726300 14.815400 
462 1 7.109070 25.296100 25.203200 
1332 2 12.496600 25.202500 26.471200 
1525 1 13.117400 21.499000 14.778900 
545 1 7.625680 26.119100 21.953900 
1677 1 13.002400 15.831100 13.566500 
637 1 1.009650 14.415300 26.428200 
1843 2 0.550070 14.403400 26.406600 
72 2 5.747890 15.853900 13.422700 
67 2 11.971200 16.183500 13.467400 
216 2 20.485600 9.238860 4.503450 
325 1 13.452800 1.581780 6.674110 
1770 1 18.978700 11.243100 1.232810 
113 1 18.714600 7.148240 2.021810 
1008 2 20.258600 7.369100 2.017110 
466 1 24.889100 12.472300 0.483421 
1144 2 21.466400 5.850550 13.153000 
491 2 23.551900 7.992430 4.608320 
1224 2 13.506600 5.671830 6.277960 
1858 1 25.429500 5.538620 0.954892 
401 1 17.683500 4.261840 0.934949 
1720 2 20.698200 10.947800 11.775900 
1538 1 21.962700 12.858000 0.909855 
819 2 16.727100 7.139020 5.940300 
1603 2 23.567800 5.118360 10.987100 
1947 2 16.997900 5.182970 5.419740 
1282 1 16.096900 3.099060 2.770110 
873 1 26.052200 11.909400 2.220300 
665 1 16.190500 9.715410 8.840270 
1270 1 22.835100 6.425090 4.795240 
1737 1 16.589600 5.545390 6.014500 
616 2 14.076800 10.443800 11.087100 
1129 1 17.760100 9.448290 7.713690 
478 1 20.179700 7.089630 6.053580 
1855 2 14.976200 4.181340 12.673200 
6 1 13.882400 6.286630 6.251200 
41 1 19.608400 6.635700 10.993800 
1124 2 18.049100 4.882120 0.187260 
1751 2 13.326100 10.871800 11.609000 
908 2 17.925000 11.459800 0.878073 
1165 1 13.836700 11.201700 11.697500 
70 1 17.160000 1.591880 11.159200 
285 1 17.348700 11.270300 3.940570 
427 2 24.626900 6.624850 7.172970 
508 2 22.220100 4.707960 5.067180 
1659 2 20.980600 6.081120 0.077286 
684 2 22.472800 13.241900 1.058410 
184 2 17.764700 3.219650 9.143040 
447 2 23.329000 11.694600 4.313510 
454 1 23.875100 7.285830 9.793170 
1951 2 15.264400 0.175598 7.619180 
385 1 25.647300 7.573610 10.635500 
960 2 20.631900 9.592160 8.486620 
1459 2 21.192600 13.199100 6.396950 
1420 2 24.801300 1.790740 13.086600 
333 1 19.008300 8.085310 6.947920 
17 1 21.448100 0.799351 11.085900 
1517 1 16.414800 11.464100 6.281090 
869 1 22.555500 13.257900 2.047040 
676 2 14.942500 0.269253 10.310700 
1602 1 18.078400 1.299100 4.096260 
546 1 14.314700 12.537500 8.742430 
301 1 21.762300 8.683280 1.233010 
1985 1 23.657300 3.136750 2.601680 
1919 2 25.353100 2.784910 11.354600 
1854 1 25.093100 9.800040 12.663100 
952 2 16.069700 0.636309 8.634610 
68 2 16.307200 5.289590 5.741890 
953 1 15.115900 6.005570 3.940730 
514 1 18.266300 3.817580 7.517330 
1752 2 24.717900 6.897390 0.707591 
1509 1 16.633500 5.696490 1.923850 
914 1 23.928100 1.977800 12.820000 
1878 1 24.136800 5.435560 8.114350 
1953 1 22.046600 5.933130 10.129300 
50 1 24.042100 4.907150 5.985900 
525 1 17.472600 1.449490 12.683300 
1890 1 24.368900 2.775480 10.460200 
1746 1 22.897500 0.715320 7.739580 
1395 2 13.619000 6.634750 2.448230 
520 2 25.507300 0.781232 0.131322 
499 2 20.755800 0.839272 7.225760 
1589 1 19.353800 8.828560 4.145750 
1262 1 26.161500 1.596090 11.632100 
488 2 15.640600 5.834360 7.682350 
1995 2 14.861100 2.825510 2.943230 
742 1 13.773300 3.682580 4.517250 
1046 1 21.436300 13.100700 11.990000 
1700 2 18.988900 9.440030 1.239700 
273 1 23.131000 10.562000 5.083100 
1483 2 24.146600 2.561090 5.445990 
1591 2 18.511400 8.249900 11.200400 
431 2 23.543200 0.607987 2.420980 
1972 2 23.585100 8.097950 2.823530 
794 1 21.440200 3.514350 11.046100 
1444 2 14.159500 7.595150 2.918060 
1715 2 13.793700 6.432150 10.002300 
939 2 14.641600 8.718130 2.726640 
1616 2 22.433000 10.259800 1.441310 
957 1 25.631900 0.821728 3.358160 
233 1 13.435400 0.858197 0.011930 
1781 1 17.563600 5.617360 9.008630 
895 2 20.335000 9.277590 11.405200 
1310 1 20.774500 6.808970 9.981590 
253 1 22.249300 8.699270 10.781100 
1428 2 25.964000 6.537710 8.608210 
1634 1 16.936900 8.388020 11.877600 
1716 2 16.950400 12.901300 6.520130 
560 2 25.557100 11.765800 9.627230 
1418 1 21.876000 11.135900 3.271840 
416 2 25.257100 6.039740 11.884600 
609 1 24.163300 9.212210 6.317420 
220 2 16.296500 9.247400 8.855140 
1588 2 26.442400 5.402560 0.561902 
786 1 19.101000 9.799620 9.354670 
1706 1 23.767900 8.519250 4.882990 
1443 2 24.880300 1.310380 0.806876 
1047 2 18.815500 4.034210 11.977400 
1806 1 18.979500 12.254600 0.616117 
36 2 16.699800 11.985000 5.049820 
872 2 15.955900 0.224263 3.490390 
1066 1 17.906800 11.440800 12.096900 
831 2 21.343500 5.488540 8.725060 
1804 2 17.860000 0.713687 7.158630 
893 1 15.585600 10.337800 2.252160 
1319 2 18.202900 2.514290 1.983610 
558 1 13.645200 7.069600 3.795160 
1792 2 23.149600 -0.002547 0.276303 
766 1 16.316300 5.048270 11.451200 
1177 1 15.689000 4.783630 9.645750 
768 2 21.017700 7.090960 10.052600 
1324 2 24.524400 13.073800 11.519900 
647 2 18.559400 3.903540 7.389880 
851 2 22.790100 11.254100 7.189560 
414 1 25.284500 2.706670 7.672220 
825 1 20.787800 8.686180 3.342730 
1730 1 23.238800 12.430000 9.857060 
1132 2 13.931800 5.290280 11.479600 
410 1 24.607100 1.313430 5.056200 
1926 1 21.326300 9.018450 8.632390 
1220 2 22.253900 3.708810 1.492680 
179 2 16.829900 11.286400 5.861340 
995 2 20.449700 5.581240 1.508320 
1000 2 25.007400 2.274030 4.106480 
706 1 16.827300 10.028400 4.740120 
817 1 16.628700 2.742020 7.706080 
973 1 15.129100 9.476460 6.855700 
709 1 14.335200 3.671920 12.425600 
397 1 26.459300 11.595100 6.604220 
384 2 23.664400 8.038360 8.535590 
1474 1 19.079600 0.288360 12.744700 
1823 2 20.187600 12.847700 12.337900 
557 1 21.927600 8.246940 13.037300 
154 1 21.438900 2.932280 1.657520 
732 2 24.321200 9.815690 6.755940 
486 1 26.040000 0.589133 5.457960 
314 1 13.680300 8.040660 0.514576 
189 1 17.961300 5.229800 11.304200 
1834 1 20.055100 9.169580 2.350670 
121 1 18.248100 13.139900 7.383620 
1563 2 15.107300 9.645760 12.537700 
1809 1 21.636100 10.946000 11.461000 
1454 1 20.268000 3.263680 7.969580 
737 1 20.284900 1.651330 7.627470 
1461 1 24.725300 9.494800 9.270740 
5 1 19.067700 2.977390 2.086380 
966 1 16.554200 3.826410 7.253340 
584 2 25.147200 8.281140 2.290840 
1297 1 20.486600 12.937900 6.783020 
1658 1 25.190400 7.835260 0.172655 
145 1 22.828500 2.655050 5.464040 
1578 1 22.451000 0.802679 9.731460 
326 1 14.653600 3.195200 2.587730 
763 2 22.381900 4.302200 3.607670 
723 2 22.952500 9.245040 1.138760 
442 1 25.338000 6.040960 11.131000 
58 1 21.216100 11.990000 7.172920 
547 2 24.727700 7.426920 10.513300 
852 2 20.436600 6.644660 10.069100 
1986 1 20.052700 5.369970 7.582720 
700 2 18.010600 5.312240 2.022140 
1214 1 14.481700 5.395590 12.549200 
1687 2 14.209900 10.673000 2.634590 
1963 2 23.126500 1.810130 12.197700 
1174 1 18.817000 9.804890 4.906710 
381 1 23.702700 6.414800 11.952600 
1734 1 22.368900 0.323029 5.797120 
362 1 17.083700 2.988080 9.276890 
986 1 24.509800 4.198350 12.047100 
703 2 19.293100 12.190100 0.446122 
236 2 23.868100 0.379296 4.563500 
1943 2 16.977800 8.790430 8.389470 
1791 2 24.900500 9.371000 12.936500 
403 2 17.738300 1.994320 9.837550 
1935 2 17.563000 4.789130 9.550710 
1305 1 24.917900 9.516770 3.297170 
1900 2 26.432300 0.732752 11.240300 
20 2 24.285500 3.926060 7.219810 
1167 2 25.973900 7.327330 2.510730 
287 2 20.857800 9.372580 6.127780 
383 2 15.245000 9.705290 7.784070 
18 1 22.835400 7.358670 7.889250 
1739 2 20.968700 10.837500 2.520110 
1076 2 16.718200 10.041900 4.356330 
641 1 19.822800 4.585400 4.619100 
1180 2 18.970200 9.861520 4.741940 
164 2 21.737200 1.245370 5.607730 
1276 2 15.018300 10.102100 1.266700 
227 2 19.543700 4.683620 5.111900 
744 2 19.071900 1.692550 3.449980 
369 1 23.438300 10.008200 0.771159 
1992 2 21.305100 0.617213 10.656100 
1576 2 19.164000 6.546180 6.670380 
767 2 24.646600 11.528500 9.547570 
519 2 23.859700 9.410820 9.445470 
335 2 23.605000 8.336570 1.884390 
39 2 16.728500 2.428350 3.636130 
1587 2 15.241300 5.646020 11.366300 
1384 2 17.027100 11.026700 10.457100 
1178 1 19.360500 12.232600 11.528300 
175 2 16.544700 3.422420 8.238930 
1685 1 21.317000 10.474700 0.417317 
1069 1 25.818700 1.652580 1.106750 
1153 1 21.518300 1.023450 3.853030 
503 2 14.284900 4.733770 8.649500 
781 1 14.163300 2.059600 3.465780 
779 2 21.137100 7.354750 8.215390 
1101 1 24.825400 7.549910 6.372850 
1815 2 18.972800 7.865730 2.153590 
245 1 20.361600 11.257300 1.545350 
468 2 24.380400 9.662260 12.502700 
1550 1 14.017600 7.250390 10.959700 
14 1 26.019900 11.356700 9.017270 
1793 1 15.158600 8.091250 2.466400 
671 2 18.374000 9.543110 4.631090 
284 2 14.336300 2.767770 2.732280 
356 2 23.041500 4.945860 7.477420 
1286 1 24.029000 11.006700 10.917400 
1898 1 26.563700 12.231300 10.120200 
1360 2 16.377400 2.943090 7.942250 
891 2 13.395900 0.953521 6.608400 
1273 1 16.474300 12.686900 5.557880 
35 2 15.883800 1.927820 12.799900 
1841 1 20.785200 10.128600 5.015640 
336 2 14.164900 7.031640 11.400400 
1842 1 23.681400 6.840990 3.045010 
1199 2 19.060100 11.416400 0.675552 
533 1 15.808900 0.604802 3.598180 
785 1 25.485600 2.840960 4.339060 
1696 2 21.625100 0.983753 9.744220 
521 1 15.565200 9.758930 12.053100 
202 1 20.983900 6.838320 3.145570 
501 1 21.879700 5.045370 0.305992 
1288 2 13.304400 0.144854 13.000900 
504 2 17.083600 9.812010 18.783000 
991 2 17.083300 10.717900 24.601700 
1865 1 19.569400 5.692280 21.069900 
750 1 24.127500 4.856940 19.785200 
502 1 22.048500 9.154790 14.464000 
1566 1 25.509900 7.547570 22.420000 
1892 2 20.596500 1.905820 25.662400 
1580 2 23.316800 3.669360 18.643600 
1941 1 17.556000 1.542210 26.063500 
679 2 22.810900 4.105580 17.841200 
1445 1 25.363000 7.099030 24.452200 
1832 2 21.928100 12.428600 15.803100 
695 2 20.836700 3.770500 18.997400 
1861 1 16.846800 8.234300 17.171000 
367 2 17.069600 2.129270 13.627800 
554 1 14.035300 6.670720 21.151900 
365 1 20.518300 8.153810 18.130600 
55 2 21.384300 0.523193 25.203400 
1247 2 26.409900 12.252000 14.794300 
229 1 25.257200 1.028080 13.797600 
1235 2 21.244600 6.101760 24.527400 
44 2 14.701400 7.401050 20.690200 
1364 2 23.274000 9.776730 20.297600 
1040 2 16.722400 5.684650 21.382900 
984 2 20.422600 10.876600 21.342400 
713 1 14.003600 10.099200 16.489700 
1130 1 17.800500 8.161060 18.426100 
1376 2 25.264300 8.956120 24.035000 
1415 2 23.135800 5.386020 20.843000 
159 2 20.035600 13.061600 24.893700 
777 1 21.864800 5.279740 18.855400 
1170 1 13.379900 9.092630 14.591400 
423 2 25.250700 5.296260 21.767300 
1090 1 20.852400 10.158100 24.101200 
727 2 14.128700 2.482010 25.949700 
487 2 13.433900 0.104810 25.811300 
1462 1 18.608400 11.506500 21.535700 
56 2 20.498900 2.651760 15.363800 
226 1 19.579700 13.173300 15.332100 
1087 2 15.806100 8.035140 20.122600 
1844 2 18.936500 1.417210 22.451800 
484 2 23.470900 2.590680 21.089400 
1065 1 21.155800 1.740650 25.713400 
880 2 13.851700 3.502100 25.795200 
1712 2 25.594700 3.495530 21.294700 
231 2 15.211400 0.005405 22.772200 
1377 1 14.535900 1.321710 19.224900 
657 1 25.254600 5.953680 15.117000 
1184 2 18.608700 12.957800 18.327500 
1256 2 17.799200 3.110510 19.441300 
1564 2 17.441800 12.948700 24.451400 
228 2 25.671900 8.708510 25.559200 
518 1 22.497400 7.063890 16.339000 
1465 1 13.964000 2.489610 26.229000 
634 1 17.964800 1.874670 23.947600 
1434 1 15.355900 7.204590 13.309500 
719 2 15.894700 7.369940 21.619500 
1253 1 23.387500 9.720170 16.634100 
1553 1 16.993900 5.932830 20.585300 
857 1 13.564500 1.528260 15.306400 
83 2 13.543000 4.388770 18.211600 
1098 1 16.572500 13.039500 19.689700 
1608 2 16.883600 5.895570 18.702700 
1398 1 24.254600 11.536800 17.322700 
146 1 13.343600 11.710500 17.618800 
993 1 20.315000 3.731530 16.154300 
1058 1 25.429300 2.894240 15.044600 
864 2 17.366200 2.161360 25.942300 
945 1 25.385100 4.280830 18.433100 
1200 2 19.419200 4.951500 18.136000 
1765 1 25.502800 0.025806 16.738500 
629 1 24.875600 12.589900 17.320900 
244 2 15.113500 10.858600 24.894600 
743 2 22.434100 8.089630 17.449600 
1866 1 25.229200 7.777760 14.259100 
1166 1 20.128200 5.082900 23.215600 
1726 1 16.244900 7.069920 25.273200 
1744 2 22.549300 5.293930 20.396800 
946 1 21.112000 11.577500 20.578600 
755 2 24.619700 5.923730 15.845900 
962 1 18.795600 0.134938 14.477400 
840 2 20.283000 7.208960 21.873400 
371 2 15.028300 0.743813 19.974500 
577 1 13.971500 10.562600 23.646800 
1109 1 15.624000 5.198030 19.314900 
1747 2 24.054900 2.305340 14.544000 
207 2 17.399100 4.877920 18.943900 
702 1 24.923700 0.711600 19.235500 
1072 2 16.039400 12.562200 15.230600 
1983 2 24.250300 11.922400 17.562400 
1349 1 19.468600 6.668100 13.909500 
1056 2 25.056500 7.609610 14.716200 
1105 1 17.777200 11.976200 24.213700 
803 2 18.181600 9.875980 24.243200 
570 1 20.823400 9.920860 21.138000 
424 2 15.618600 8.410060 24.575800 
1151 2 25.991500 11.092300 21.688300 
861 1 19.393900 1.874000 16.554300 
1052 2 16.663400 8.275230 13.561500 
1788 2 19.226000 9.668010 14.904900 
507 2 25.964100 6.928640 18.842600 
696 2 19.747200 11.987400 23.543400 
32 2 21.962300 10.196100 14.339500 
988 2 23.867200 11.861100 15.930800 
711 2 20.853600 11.900800 21.399600 
1637 1 24.134600 6.080310 17.287300 
1745 1 23.504500 9.147540 13.853500 
317 1 15.901400 9.008680 19.841500 
1973 1 16.117300 3.440980 21.504200 
1175 2 21.452200 10.814500 15.182400 
295 2 18.722300 3.463250 16.281200 
1251 2 25.764900 7.276790 22.874400 
1302 1 20.704800 2.765390 22.683400 
1982 1 14.481700 6.216180 22.854600 
1783 2 20.648400 12.202100 19.492400 
705 1 24.986300 10.687700 24.209100 
277 1 21.991200 4.859830 20.002400 
820 2 21.271600 3.445700 24.425300 
1577 1 20.648500 11.574100 22.308400 
753 1 20.475100 4.351220 13.819000 
1537 1 15.424400 9.120590 26.062800 
673 1 15.026400 6.538890 17.322600 
1586 1 23.194100 12.602400 25.056500 
599 2 25.146600 2.366530 17.189200 
1196 2 19.314400 1.587840 15.054400 
754 1 19.606700 0.869538 22.829500 
1022 1 23.513100 4.052650 21.715500 
1119 2 24.041600 7.742180 24.975400 
1760 2 16.434100 9.805670 17.226600 
550 1 23.826900 3.746640 14.516900 
778 1 17.075700 11.560300 17.383200 
275 2 14.834500 6.499220 25.629600 
1679 2 18.549500 7.671820 23.419900 
1729 1 24.878500 0.583274 25.902000 
1626 1 15.636500 3.549460 15.021200 
242 1 17.445700 1.317190 15.859900 
670 1 19.127000 7.808610 23.503000 
943 2 20.626900 8.941380 23.616900 
1439 2 16.814600 11.375900 15.862200 
1407 2 14.818500 10.901700 25.621700 
1574 1 25.417400 9.060860 23.817100 
1790 1 19.626500 3.992320 18.805800 
1393 1 14.461400 4.215410 18.673300 
1950 1 19.215800 0.393150 19.605100 
1102 1 24.464200 11.427700 13.686200 
875 2 19.438900 7.319410 18.504000 
635 2 17.888200 6.157440 13.689900 
31 2 22.806100 11.626800 26.296300 
1375 2 23.837100 5.223210 24.944900 
425 1 23.321100 7.446110 24.817300 
1927 2 17.019300 12.634500 18.970200 
270 1 18.377600 4.665670 14.455700 
1344 2 14.216100 9.506430 23.063500 
156 2 22.807000 3.098970 15.063600 
426 1 19.410400 8.211330 25.365000 
836 2 15.346400 6.284650 23.399300 
990 1 16.746100 12.888400 15.573800 
1845 1 26.434500 10.673600 21.752400 
1713 1 25.953800 4.185040 26.276500 
477 1 16.700200 10.924200 22.923500 
1015 2 17.810500 4.059350 24.308100 
1091 2 21.922400 1.375270 22.092900 
1624 2 25.588000 0.328467 14.374300 
1118 1 21.690600 11.710500 14.914300 
866 1 17.350800 3.167700 19.772700 
1675 2 26.066500 9.756060 25.925700 
1575 2 16.338300 3.147080 16.859800 
340 2 24.635600 10.402200 24.208400 
1875 2 15.267900 5.489600 22.639000 
1725 1 16.208100 10.279200 17.284600 
1054 1 23.336700 11.506900 25.077700 
455 2 25.408000 5.070370 20.232800 
1667 2 25.511100 3.324920 25.807500 
517 1 14.994000 9.787200 23.442500 
845 1 15.489400 6.925050 21.207400 
88 2 22.869600 7.785470 15.537500 
1429 1 24.986800 5.949500 22.848200 
1567 2 18.916800 9.926240 17.771900 
1990 1 21.667600 0.686495 26.349100 
992 2 25.317900 9.769780 14.955000 
751 2 21.977200 6.983380 13.990700 
1728 2 14.919600 1.505970 22.327100 
1446 1 15.548700 12.647300 25.797400 
885 1 16.429200 8.311940 22.285100 
1318 1 18.312900 6.003730 18.823100 
96 2 14.971400 12.850000 25.523400 
1894 1 14.469500 1.424600 13.873700 
850 1 15.662900 2.080370 16.982200 
1476 2 15.147300 8.421990 18.365500 
842 1 21.158800 1.487370 17.779600 
1099 2 25.146800 1.856850 22.236600 
376 2 15.987800 2.665210 16.224900 
1106 1 17.836100 4.239000 17.226400 
623 2 17.148900 0.718780 18.021900 
421 1 23.036100 5.377480 20.957400 
1159 2 18.040500 7.101260 24.909800 
1264 2 13.253900 8.814370 14.418100 
1379 2 20.182300 2.020530 14.240900 
341 1 16.431600 0.037509 22.510800 
1217 1 14.408300 4.995070 24.701600 
268 2 24.039900 10.644500 26.273200 
1831 2 17.559400 8.313620 15.560000 
261 1 19.208800 9.125410 14.799700 
1555 2 20.242800 7.551690 20.807300 
296 2 18.199000 3.423750 25.056200 
1519 2 15.151500 10.351500 23.448100 
1372 2 13.263200 4.398280 17.819700 
438 1 25.456800 6.141570 20.037100 
1930 1 14.778200 8.465560 24.721300 
219 2 21.314600 8.319720 15.001100 
321 1 19.060200 12.270700 25.439500 
712 2 15.498300 1.385020 20.180400 
116 2 26.350100 0.362069 18.569300 
1062 1 17.582000 4.302380 25.845400 
1657 1 20.419200 7.931320 21.815200 
1501 1 15.469800 0.924909 22.557500 
1684 2 14.248800 3.208750 13.697500 
561 1 25.350900 2.702140 21.988900 
1025 1 18.607200 10.599000 18.941400 
393 1 14.027200 1.508460 23.412800 
806 1 25.094400 3.326120 25.297700 
422 1 26.033400 13.263800 20.748800 
230 1 22.265800 12.835000 16.056700 
905 1 21.019100 6.793310 23.374300 
1423 2 20.971700 10.061600 21.593400 
669 1 17.759900 9.808240 16.322100 
808 2 23.541700 4.793160 23.741700 
839 2 14.215600 5.378360 22.908800 
646 1 16.593600 4.779030 22.956500 
131 2 23.526100 0.764614 24.231400 
1268 2 19.046800 9.852710 25.307600 
312 2 25.736100 6.757860 20.068100 
1665 1 23.506900 1.143580 22.343200 
1822 1 21.382100 11.828900 18.033500 
1907 2 21.273100 4.112040 23.417800 
506 1 16.777900 7.457170 15.141600 
361 1 22.029200 3.458480 23.745100 
337 1 20.111700 2.680320 14.199800 
1441 1 25.767900 1.660730 21.447900 
977 1 23.858100 0.706472 23.934400 
1502 1 25.512500 12.740300 14.491000 
193 1 19.895300 10.430400 13.572200 
247 2 14.162600 11.032400 17.848800 
153 1 25.767200 10.037400 14.768500 
234 1 13.314300 11.488000 14.186700 
1944 2 15.386200 8.162130 26.325900 
104 2 14.408300 3.021490 13.462300 
1539 2 23.687100 10.978700 13.405700 
446 1 18.357600 9.873000 26.394600 
760 2 20.106400 16.555800 0.668675 
1491 2 13.880300 24.032000 7.816590 
666 1 22.251300 16.154100 2.602660 
1633 1 19.885900 18.718700 1.476850 
209 1 20.736500 15.455500 2.152120 
915 2 24.652600 16.239600 3.969760 
1882 1 15.426500 16.137100 5.645430 
1948 2 20.356000 22.925500 6.659050 
1910 1 17.050600 20.639100 6.373630 
1956 2 26.535500 24.897900 4.193290 
1137 1 22.580100 21.620100 1.439450 
574 1 16.816300 22.898500 13.085200 
1176 2 24.972800 22.753000 13.162400 
1285 1 15.833000 26.377000 7.585980 
1505 1 20.992100 22.988000 2.803850 
286 1 24.411100 24.812600 8.057050 
1218 1 13.465700 16.735700 7.284820 
1924 2 17.011900 20.539300 8.343330 
87 2 20.190800 16.466800 11.306400 
548 2 20.162800 18.132300 12.438400 
1524 2 18.133100 19.050900 0.482776 
811 2 17.538200 20.415900 8.076850 
396 2 22.180100 22.393600 3.779600 
1365 1 16.640400 23.697100 9.996180 
352 2 13.522300 20.691600 8.032970 
1053 1 20.448400 23.113000 8.829480 
1182 1 14.867900 15.761500 11.248100 
1656 2 19.974900 20.135000 8.927580 
1818 1 25.908700 15.393800 0.500970 
241 1 16.290800 25.663000 5.877960 
590 1 23.418800 26.158000 0.796613 
1340 2 20.665000 23.350100 7.249960 
1945 1 19.855400 19.913400 7.161650 
783 2 14.725000 21.423000 5.103000 
178 1 18.661400 25.471000 6.408890 
631 2 19.117400 16.485000 1.329620 
1545 1 19.149100 17.544700 4.725070 
149 1 18.882200 18.036500 12.586100 
833 1 16.237200 20.292300 2.466690 
334 1 19.732900 22.952100 12.290100 
1029 1 18.109700 26.243500 10.195800 
610 1 21.264000 22.852600 4.543590 
964 2 14.988100 22.381800 5.211770 
1561 1 18.912300 20.955800 9.017280 
615 2 14.599400 21.612800 7.678130 
1237 1 15.811700 17.958700 0.279230 
1013 1 19.112000 15.731700 12.758400 
1595 2 21.338300 16.447000 7.214140 
678 1 22.400700 22.170300 7.535780 
445 1 15.059700 16.985100 3.386270 
587 2 20.633900 24.664600 1.878550 
1336 2 13.985700 22.422600 8.105430 
1998 1 19.226900 25.933000 2.590960 
668 2 19.532200 14.394500 1.216490 
910 1 15.253500 16.375700 7.369630 
1642 1 19.962200 16.872900 0.103685 
746 1 17.217500 18.900200 1.325250 
492 2 13.530900 17.647700 8.481600 
701 1 13.603900 24.916100 7.963280 
649 1 19.585000 19.677300 4.115100 
597 1 15.128800 20.490000 10.651700 
1816 2 21.747000 14.969200 2.924300 
1402 1 18.469900 21.825600 2.874480 
1721 1 18.791700 13.507100 5.228970 
395 2 21.138100 25.509900 7.359270 
624 2 23.873800 21.024900 6.114310 
1456 2 21.192800 18.936000 10.204000 
1141 1 25.668900 18.931900 3.918450 
971 2 14.731200 25.066400 11.238100 
1946 1 23.290500 24.597700 5.543670 
1551 2 21.070900 23.302300 3.041070 
1163 2 23.207400 17.690700 6.523980 
1410 1 19.415200 18.992300 5.813050 
958 1 14.918100 17.433300 5.384490 
11 2 22.955000 25.246300 10.062500 
959 2 26.229300 14.635900 8.099270 
1540 2 23.070700 26.130500 6.925860 
1938 1 26.505200 21.096600 4.608120 
1994 1 19.979000 20.249800 1.961790 
718 1 25.130400 20.982900 11.214600 
1425 1 20.852700 15.570800 4.067440 
1568 2 24.163800 21.541400 2.326050 
985 1 19.781600 19.952800 11.544500 
565 1 24.892200 14.874500 4.090200 
1355 2 14.265800 14.733000 11.011700 
1623 2 26.053700 20.717100 11.461100 
1805 1 16.294200 24.879700 13.160500 
764 2 26.467800 19.100800 8.446300 
460 2 15.647200 15.575300 11.746200 
1694 1 26.457800 14.898500 11.513400 
1127 2 19.369800 22.701000 3.111350 
586 1 13.659000 14.630200 12.791000 
1383 2 18.857300 23.176100 11.272300 
1549 1 17.013500 21.453600 7.633240 
614 1 16.832500 19.170400 8.631670 
1369 1 17.796400 14.173100 1.093710 
375 2 17.601500 25.198000 6.141760 
1063 2 24.630600 14.877200 9.043170 
535 2 21.609600 18.888000 13.213800 
1223 2 14.592900 16.343200 7.425550 
260 2 16.867900 15.554900 5.068870 
1611 2 14.140500 17.961800 6.095360 
449 1 16.177200 14.403000 8.120330 
293 1 13.549800 21.972200 7.163350 
611 2 23.857500 15.929700 3.286120 
467 2 24.516000 21.543500 0.638855 
1380 2 13.645900 21.351400 12.143800 
1394 1 18.036400 24.477400 8.950720 
1819 2 20.302400 23.155500 0.827171 
1698 1 13.863900 21.518500 12.158800 
965 1 15.950400 13.734200 0.743627 
1173 1 22.858800 25.375500 12.672600 
394 1 13.450700 23.088300 3.718620 
593 1 21.566900 21.000100 2.510450 
483 2 13.484800 24.649900 11.505800 
1541 1 13.662000 20.955200 4.596380 
429 1 19.924300 21.954000 1.867250 
1528 2 16.205600 18.169900 2.211590 
223 2 26.260500 24.129200 3.256020 
12 2 15.915800 14.121000 8.224170 
1497 1 15.519800 23.398700 1.951190 
791 2 25.093000 18.609000 8.338760 
194 1 23.365700 16.084700 3.272310 
564 2 26.122200 25.862900 10.564800 
1778 1 14.889900 18.300000 1.958190 
470 1 14.228100 14.511300 8.268970 
1030 1 25.241600 13.462400 7.911790 
1363 2 18.336800 18.082900 5.712800 
715 2 16.119600 20.977000 11.710700 
789 1 16.107200 18.823200 10.170000 
1031 2 21.801700 25.325400 8.260890 
1646 1 22.707200 23.541600 10.575900 
418 1 25.716800 17.744000 1.311930 
33 1 21.175800 16.336700 8.431940 
155 2 18.861000 13.799700 0.815353 
1070 1 22.978700 16.439700 8.137140 
1668 2 20.036600 24.624300 1.192930 
298 1 20.268000 25.520000 7.841540 
1826 1 22.759500 14.177300 13.094900 
1386 1 23.173500 20.547500 4.920140 
1877 1 22.210200 18.571800 12.013700 
772 2 15.780700 14.550500 0.527141 
363 2 21.850600 16.540500 2.041240 
280 2 20.870200 14.232600 4.691070 
903 2 22.686900 18.454600 4.242940 
139 2 20.874700 20.177800 2.133130 
1044 2 20.694800 21.964600 4.237700 
687 2 19.940100 20.697800 10.929900 
782 1 19.997600 18.901000 9.252370 
734 1 26.231900 24.522400 12.529700 
877 1 22.243700 17.900600 8.203020 
898 1 22.085300 17.973800 2.519610 
1346 1 25.870700 23.056100 0.638993 
1148 2 18.760500 16.957800 4.819960 
591 2 25.412900 21.886300 5.326200 
204 2 24.456400 17.445500 4.767380 
95 2 17.340500 17.840700 1.010620 
19 2 21.972900 14.208300 10.290600 
191 2 14.732800 23.200900 12.739500 
540 2 16.957400 25.655000 11.886300 
1033 1 23.114100 22.521200 3.478780 
497 1 13.855200 18.334900 12.550800 
1298 1 20.668000 15.206900 9.846500 
1490 1 22.029400 14.598500 5.914150 
1470 1 25.102700 25.665600 2.323100 
834 1 16.315100 13.652100 11.022400 
1351 2 22.506300 22.810800 7.554070 
1412 2 22.494400 14.149900 3.797260 
1981 1 20.875900 22.996100 6.396220 
303 2 22.527800 22.038700 9.545220 
572 2 22.693600 16.879700 7.301130 
735 2 15.062700 23.125400 2.210660 
911 2 20.763000 25.570700 9.860360 
118 1 18.307500 23.753200 11.434600 
126 1 25.025500 18.024600 8.165330 
1317 1 16.839600 23.776900 0.561180 
1829 1 14.649200 22.795500 10.629400 
541 1 25.977900 23.022800 5.116110 
529 1 24.264800 14.521100 9.197650 
622 1 13.420700 24.807800 5.859400 
879 2 16.006500 17.697200 12.247500 
724 2 21.384400 21.442000 1.507660 
332 2 23.530100 17.459800 11.223300 
1581 1 22.770500 17.583200 6.572570 
451 2 20.627700 20.708000 2.993040 
1048 2 19.092100 23.163500 12.765600 
1209 1 23.892500 17.155100 13.042600 
1980 2 19.652900 16.170300 9.876940 
1020 2 24.037800 15.774100 7.664300 
281 1 17.772700 24.835200 3.630020 
1208 2 18.130600 22.029600 0.292927 
1095 2 18.838600 14.163100 10.968500 
1221 1 18.954900 16.831300 9.248000 
373 1 21.506700 16.338500 10.847900 
741 1 19.832200 24.122900 7.177470 
1762 1 23.171700 17.504500 4.427340 
1904 2 19.770300 23.333600 11.686200 
1909 1 24.631600 19.002500 13.014500 
249 1 14.893900 25.140300 3.090700 
544 2 21.017500 14.057300 10.008100 
1837 1 13.863200 25.961600 11.619200 
436 2 20.964900 13.305700 7.971420 
1761 1 21.239200 24.000700 9.717140 
633 1 19.602400 25.489000 11.549700 
1123 2 17.397500 17.412000 7.793280 
1279 2 17.894900 26.294800 2.946140 
1552 2 19.888500 24.057400 8.770930 
117 1 24.034500 21.799600 1.356230 
1880 2 20.243500 19.430400 5.695070 
250 1 18.637400 14.279100 12.759500 
1512 2 18.235800 25.341500 6.722650 
64 2 25.660900 19.263000 4.015110 
496 2 13.949200 22.933100 12.012700 
716 2 16.969400 16.642400 8.471620 
1009 1 19.070000 15.018800 8.706970 
1113 1 16.348700 22.458300 5.178060 
648 2 18.634700 22.568400 3.325220 
444 2 13.661300 15.796800 1.431290 
902 1 21.431600 15.003800 0.146521 
206 1 18.854600 24.089200 13.008300 
359 2 22.337900 23.482400 12.323800 
868 2 16.382600 23.031900 9.763560 
1258 1 24.317400 16.183900 7.448790 
338 1 26.034000 18.915600 8.081130 
1833 1 26.352500 25.218600 9.465160 
1259 2 25.216900 26.195500 4.242570 
1171 2 16.300300 24.948800 8.691090 
883 2 26.394800 18.916800 0.268260 
1190 1 13.999200 13.303800 3.997570 
1160 2 13.483800 24.816500 0.964823 
105 1 26.444300 24.292200 6.656400 
1300 2 13.372500 14.952700 4.617200 
475 2 17.951100 13.282800 7.033960 
1828 2 26.267900 13.561400 0.613536 
1933 1 15.105400 26.282400 10.193200 
739 2 16.438800 13.326900 12.859100 
592 2 25.244200 13.950900 6.543370 
115 2 19.204800 26.518200 12.475600 
844 2 16.154000 18.682900 13.225200 
65 1 18.218900 19.067800 0.494193 
344 2 22.521200 13.880800 13.170400 
1382 1 23.715300 23.628600 13.206500 
937 1 26.050000 22.695700 12.932300 
707 2 18.327500 18.181200 0.462511 
968 2 19.167800 14.911300 12.995800 
1594 1 24.621400 18.105300 25.966500 
144 2 24.961600 18.299000 22.564900 
1647 2 18.764600 18.554600 16.157800 
1387 2 22.904000 21.586800 13.888700 
1249 1 13.606000 18.765900 24.665200 
1283 2 13.504600 26.465100 14.734800 
1342 1 22.534000 18.210300 17.560400 
1629 1 24.570700 25.592500 17.369900 
1093 1 18.451500 22.920500 22.137900 
271 2 21.649600 17.165700 17.468000 
26 1 18.576300 19.019800 20.112300 
900 2 13.609100 16.120700 14.409300 
1786 1 24.895000 19.193500 20.927700 
1236 2 15.008300 21.033300 26.360300 
1605 1 13.534700 26.198100 14.280400 
1702 1 15.790100 24.460800 15.923000 
682 1 24.899000 20.279600 14.840700 
809 1 20.213700 23.944400 22.825000 
13 1 21.820000 16.572000 16.305100 
1856 2 23.221000 14.666800 17.954300 
1978 1 26.125600 19.637200 16.046600 
409 1 16.094100 16.135700 25.904500 
1764 2 15.497700 16.918100 24.583800 
972 2 19.302400 22.439600 22.404600 
832 2 15.637000 22.085200 23.632600 
1708 2 22.628100 23.931500 13.675000 
813 1 25.421700 24.210900 19.472700 
1205 1 24.391800 24.975200 23.437200 
222 1 15.643000 18.016400 18.713100 
1453 1 23.938800 13.882400 20.488100 
1674 1 23.813500 19.047700 23.649600 
1520 2 20.423500 13.467600 21.519000 
210 1 18.463800 23.382100 26.224900 
509 1 18.887300 14.822700 25.737300 
1399 2 17.805300 21.388200 21.919200 
1338 1 14.498600 14.499600 25.464700 
1464 2 17.796000 22.265500 18.027000 
1301 1 19.629000 19.897000 17.245300 
594 1 15.326200 20.657000 17.636700 
1158 1 25.681400 16.236400 19.437300 
934 1 22.228000 21.951900 20.800300 
1640 2 24.923700 19.426100 19.642100 
1481 1 22.713900 23.095700 14.177300 
949 1 26.147600 26.445400 18.614300 
1710 1 21.063500 18.456400 25.300700 
168 2 23.164600 22.043300 16.805200 
1693 1 14.810300 20.733100 25.835400 
1492 2 14.038700 26.136800 21.734600 
1635 2 25.158100 23.756300 17.723900 
1131 2 25.193000 18.244600 16.953500 
884 2 25.973300 17.024600 23.279900 
762 1 17.958500 20.329600 16.287600 
411 2 22.381500 19.019200 24.891600 
1012 2 13.948600 17.794500 22.633200 
904 2 14.867900 19.939600 18.233800 
1797 1 21.128900 21.039400 22.187000 
568 2 23.648900 24.797200 15.792600 
192 2 26.008200 16.445200 18.954400 
208 2 19.194600 23.044400 16.377200 
402 1 17.466300 25.629000 18.224700 
1496 2 13.327700 24.936400 19.045500 
1971 2 21.135700 14.525000 21.025500 
358 1 21.780200 20.755200 15.059600 
837 1 18.666000 25.254100 23.864300 
1559 2 22.558200 13.521400 17.239100 
651 2 20.900500 25.046900 23.205400 
846 1 16.557000 21.532200 26.353500 
1689 1 14.732400 22.067500 21.017000 
780 2 13.534800 14.249100 24.868400 
1003 2 23.647800 22.879800 25.714200 
1381 1 18.027700 17.125200 21.651500 
543 2 21.960900 19.740200 14.150600 
829 1 17.593900 21.333500 15.202400 
1230 1 16.420700 20.410900 14.526200 
1139 2 19.851000 19.370700 22.589100 
989 1 20.728100 23.993900 25.165400 
1868 2 16.823100 17.289600 21.514200 
75 2 25.683100 26.180900 18.453000 
1584 2 24.165100 25.987000 24.540300 
1960 2 26.406100 24.098700 24.432100 
1572 2 14.133300 20.860900 20.951500 
1585 1 20.152900 17.505600 24.123700 
38 1 22.827500 25.097800 15.835600 
1812 2 22.158300 21.196000 24.749300 
1867 2 18.220300 15.842600 20.769900 
1597 1 16.452600 18.212900 15.696600 
1472 2 22.447600 13.465600 22.134800 
354 1 23.303900 21.518500 25.031500 
1291 2 23.034000 14.306000 22.568000 
2 1 24.343700 25.143400 16.074100 
1848 2 17.165900 16.418900 25.378000 
90 1 15.653000 13.904600 17.661600 
1691 2 24.959000 24.280500 19.533200 
690 1 23.945000 16.866100 20.996700 
1610 1 20.246200 19.376600 18.054300 
1385 1 20.320700 14.888000 21.138900 
1331 2 15.216000 18.453400 26.174500 
274 1 21.068600 15.112700 25.320900 
1308 2 21.517400 21.412600 19.328300 
870 1 17.745300 19.751400 21.680100 
413 1 25.224800 22.692900 20.616900 
1469 1 23.329000 22.942900 18.566700 
1750 1 14.565400 22.863100 22.723800 
659 2 24.417600 22.442000 19.443100 
203 2 15.704200 21.130300 25.857200 
211 2 17.766100 14.186300 16.014800 
47 2 15.792900 13.943000 25.779800 
731 2 17.667900 19.797100 22.516600 
1347 2 18.789500 23.045100 19.371000 
500 2 13.559200 15.459100 13.407400 
1112 2 24.758500 25.220900 21.907600 
127 2 16.552500 23.981800 13.747200 
748 2 25.595600 20.235400 14.810900 
887 2 17.405300 16.933000 17.492000 
1908 2 25.272700 23.475100 20.193600 
642 1 19.291300 14.241900 17.295300 
318 1 14.949800 25.853800 17.158700 
330 1 16.544200 25.243000 14.227100 
129 1 20.088000 21.881600 17.177000 
1937 1 24.636900 20.541200 23.896600 
1337 1 26.092300 15.365200 14.194300 
1884 2 22.820700 13.792800 24.880400 
1498 1 15.764800 16.431600 13.255000 
379 2 20.138600 22.318100 19.521100 
1912 2 23.106700 21.847900 21.816600 
1838 1 22.895600 23.576500 19.952800 
1970 1 21.053100 20.758400 25.970100 
147 2 17.578600 24.615100 24.828000 
315 2 24.230500 16.802300 24.034000 
400 2 21.789500 21.068900 15.205000 
181 1 13.447500 24.258000 14.651300 
1463 2 24.652000 15.289300 20.038200 
1768 2 15.104700 23.888100 20.136800 
1452 2 15.450100 20.772900 14.594200 
1771 2 19.673900 25.957500 14.854500 
1162 1 16.451000 16.108000 22.135900 
160 2 17.804400 19.964000 23.909800 
1925 1 17.088600 20.331300 19.664200 
920 2 22.327600 17.915600 16.016200 
3 2 16.988200 22.464200 26.255500 
481 1 21.977000 25.995900 18.112500 
933 1 14.154800 16.648300 22.362200 
124 2 16.191700 26.048900 18.782100 
1411 2 21.048700 16.372500 24.407500 
1451 2 14.267100 23.340000 20.757700 
473 1 14.376900 25.243600 22.206000 
86 1 20.878600 25.941400 23.384200 
970 1 19.374200 24.692200 16.875600 
420 2 20.803000 18.689200 19.806700 
1004 2 21.607600 23.757000 19.507900 
1663 2 14.129700 14.422200 18.331000 
1484 2 17.261400 17.754600 19.253200 
913 1 18.790700 17.481200 25.385200 
1307 2 22.278000 26.275500 18.352000 
1965 1 18.058700 19.219000 24.440500 
848 2 13.989900 17.485100 23.129200 
1017 1 24.662400 14.819300 17.572000 
382 1 14.353300 26.142000 19.910300 
1455 2 20.042700 22.524600 19.428300 
886 1 23.585900 22.237900 17.065200 
1111 2 14.451200 14.199100 19.496200 
1357 1 26.281900 18.587000 23.335200 
747 2 17.084600 15.572600 15.294900 
1703 2 18.266400 24.507100 17.129700 
612 2 19.986300 14.882700 14.978000 
419 2 15.137500 21.399500 14.130600 
1281 1 24.090500 17.285100 15.246100 
1486 1 20.598500 16.670700 19.931700 
522 1 17.707600 23.343900 16.486800 
697 1 18.681300 23.356400 20.206700 
1409 1 14.504200 16.251400 24.988700 
1839 2 16.084000 20.506900 17.857700 
1007 2 14.843800 22.449700 14.380000 
1077 1 21.042500 14.415100 14.364300 
855 2 17.064400 17.779300 19.209400 
1164 2 18.285300 25.154000 24.407900 
259 2 20.445800 19.209800 24.110600 
237 1 26.335700 19.494600 18.067500 
1772 2 24.763900 19.973300 25.258300 
982 1 17.712900 16.744400 17.014500 
1426 1 20.835600 19.762800 23.937200 
738 1 20.154200 13.951700 23.873700 
443 2 23.467600 17.531600 13.251500 
618 1 14.222600 15.506600 20.192200 
346 1 19.994700 26.249300 15.870400 
1479 2 23.779300 25.098000 15.133600 
926 1 25.074100 24.868600 22.028300 
176 2 15.379000 14.587300 17.814900 
1504 2 25.829200 23.518900 14.820200 
1155 2 17.122300 16.908900 22.548300 
1327 2 20.693200 23.374200 23.249400 
432 2 23.422200 15.397900 23.530400 
588 2 20.732100 15.986200 25.909800 
1006 1 16.353300 20.679700 24.330200 
513 1 19.839500 21.417200 19.326600 
1622 1 22.915800 23.063100 23.308600 
1583 2 24.964400 18.896400 20.937400 
1408 2 20.274300 14.797000 25.483300 
457 1 17.616000 14.694200 20.370400 
1857 1 25.109400 17.680900 16.870000 
490 1 16.838600 23.652700 23.950900 
917 1 16.730100 22.288900 18.580000 
605 1 22.432400 15.298300 18.678900 
465 1 26.060500 24.319300 14.235000 
1419 2 24.993900 20.248400 24.381900 
1821 1 15.755800 18.713000 19.906200 
792 2 15.392400 23.480000 24.634100 
922 1 25.894200 15.945100 16.949000 
1916 2 18.661600 25.829000 20.732900 
942 1 16.781400 14.880200 25.586400 
1533 1 20.717700 23.827300 19.181900 
310 1 23.939600 16.876800 23.793400 
1922 1 13.406400 18.109200 19.083900 
1929 1 22.241000 25.585200 22.476000 
1601 1 17.950500 20.427200 23.242800 
1142 1 15.302500 21.620700 13.396300 
538 1 22.415500 13.285600 22.487900 
1001 1 19.148400 24.973400 26.410700 
1964 2 17.006700 25.169000 16.477700 
120 2 18.558000 14.815300 19.409800 
1404 2 23.352400 14.019000 25.970300 
256 2 21.796300 24.731000 23.814700 
824 2 19.797300 19.005400 17.771200 
368 2 26.243900 14.249600 14.366600 
894 1 17.457300 16.604700 14.286700 
1051 2 14.719200 15.344800 22.488500 
559 2 26.016000 22.603900 23.608200 
1406 1 22.322200 21.301700 17.112000 
1104 2 16.136000 18.227700 21.527500 
1850 1 14.995700 24.284400 19.253000 
1413 1 14.085200 24.291600 20.068400 
24 2 17.266700 20.549800 19.531000 
1191 2 15.207500 18.313500 19.653500 
1827 2 17.840300 21.055900 15.224600 
602 1 20.638500 23.349100 15.671700 
1599 2 19.736700 20.629600 16.584900 
1189 1 15.319400 25.662900 20.746700 
1255 2 15.357300 24.922100 18.272000 
1083 2 26.206400 16.139200 17.368200 
1114 1 15.744600 17.398000 22.653300 
1824 2 20.649600 18.197400 25.143500 
1238 1 24.358100 15.225100 22.829700 
136 2 20.165900 16.777400 19.491900 
1147 2 20.009600 14.269200 13.984500 
1724 2 20.916100 26.171300 19.166500 
1649 1 22.302100 25.351600 24.453000 
1874 1 18.830000 16.446800 18.766500 
476 2 17.352300 16.860800 15.262000 
1612 2 16.686700 25.154000 13.425700 
1392 2 25.361300 17.306800 15.397500 
1146 1 16.396400 16.529800 18.005700 
1187 2 23.646100 24.583300 23.304600 
1343 2 15.970600 24.682700 14.221500 
1216 2 20.228000 24.687100 16.325400 
1082 1 20.691000 14.217000 19.970700 
1889 1 14.936100 14.891000 17.275700 
1918 1 19.124600 17.956900 15.796900 
348 2 19.879700 14.472500 14.879000 
1544 2 17.811900 24.484700 26.513600 
1807 2 26.200200 16.565600 13.426800 
