id type x y z 
740 2 8.366620 4.755500 0.138599 
1535 2 7.511770 5.855390 8.688410 
1814 1 8.646340 8.028890 12.739100 
885 1 11.012400 0.057963 9.788580 
1923 2 2.496770 7.831630 4.876700 
133 1 4.517160 7.073280 5.319310 
1151 2 4.448810 11.497700 5.388290 
132 2 9.261020 8.814860 9.714720 
1271 2 1.946610 10.708200 2.004590 
432 2 4.192910 8.453730 0.226550 
1843 2 6.603630 0.951954 9.461850 
1833 1 10.696800 1.786300 12.802900 
243 2 11.014500 12.545500 5.873360 
1022 1 3.894010 1.534410 3.009290 
10 1 3.221300 1.120570 5.507910 
1168 2 2.379710 3.644390 4.856890 
864 2 10.689700 13.264800 2.540630 
1590 1 13.128400 6.668850 9.633390 
939 2 12.023900 5.682130 8.577020 
1869 1 11.715300 12.681600 9.123930 
1459 2 12.967700 1.108190 7.753510 
1870 1 6.958760 0.882961 9.366480 
916 2 7.165860 9.860630 13.067200 
113 1 3.936250 4.018610 11.350200 
1203 2 6.339670 1.077710 5.867610 
1517 1 8.934070 8.311430 1.778480 
1553 1 11.083200 6.757030 5.803460 
1526 1 8.215260 12.286800 0.492771 
1232 2 11.767700 11.343000 9.168010 
847 2 11.739000 9.561460 4.578170 
692 2 11.884100 0.773067 2.791580 
1811 2 0.700833 8.641480 11.322100 
1977 1 10.127900 8.886700 3.192290 
627 2 6.485800 3.156300 5.505730 
444 2 3.204490 0.800984 2.282970 
1270 1 2.356800 8.937970 12.975700 
1813 1 9.148690 9.348670 1.001230 
660 2 2.119780 5.054770 1.628510 
437 1 7.083100 2.860540 1.952020 
984 2 9.577800 8.552500 3.444690 
1901 1 7.008460 3.416620 9.097040 
715 2 5.520760 9.427220 5.604000 
750 1 8.699190 1.651240 2.184120 
1495 2 4.384510 1.843070 2.416770 
1890 1 11.006900 5.455660 3.350380 
45 1 3.637710 11.106700 4.132030 
378 1 0.010888 0.371580 6.343260 
1659 2 11.974000 7.809670 5.757680 
707 2 3.753390 5.658790 8.214350 
405 1 1.085630 8.281130 11.649800 
978 1 8.530660 3.024360 0.234257 
4 2 0.480921 1.194300 3.737140 
673 1 7.338510 0.515162 6.829580 
401 1 3.547500 1.490170 11.765300 
1426 1 11.572700 10.718700 7.549120 
1967 2 12.229300 11.495500 7.738750 
544 2 6.641880 7.545660 8.963510 
1071 2 11.905500 12.973500 5.333650 
280 2 12.346600 1.292320 1.305140 
1094 1 3.549120 11.859500 6.029370 
1315 2 9.270130 10.381200 1.685290 
1753 1 3.199880 6.446240 4.355660 
1337 1 0.727709 12.517400 13.143800 
1917 1 8.740330 10.556400 7.207300 
926 1 12.628100 10.788000 13.009200 
1442 1 11.356100 12.010200 5.434060 
1831 2 4.141790 6.159240 6.254770 
1557 1 3.059810 8.581890 9.050080 
76 2 7.169030 11.440300 9.620690 
1185 1 12.523300 1.110000 5.867140 
1673 1 4.766970 8.229120 3.347540 
466 1 11.880200 9.976870 4.335320 
1617 1 0.233044 1.232190 3.575750 
622 1 11.932100 5.721940 8.445370 
774 1 7.327080 4.491600 12.116100 
1896 2 1.442220 11.885600 13.013500 
1601 1 7.090620 10.939000 12.667900 
369 1 4.544430 13.170900 0.278023 
164 2 0.422402 2.571330 5.956560 
594 1 10.046600 9.284350 5.052060 
151 2 8.395200 9.801240 8.978920 
1891 2 2.038160 3.981540 1.815370 
1700 2 5.557810 11.693300 0.154621 
461 1 6.338830 12.351900 3.561430 
1242 1 3.203010 7.603480 5.554560 
1666 1 0.342079 12.073900 6.720180 
69 1 13.073100 12.831100 11.885000 
735 2 3.562730 0.074652 13.075900 
1431 2 8.126660 6.539130 11.300300 
878 1 6.999980 7.140930 3.846300 
411 2 4.745570 10.829300 3.242410 
647 2 12.553800 5.821950 3.485790 
1523 2 7.448920 3.428090 11.009300 
117 1 3.822050 6.805850 10.564100 
1164 2 2.158240 4.453470 1.732440 
1460 2 11.101300 6.181170 8.596360 
908 2 1.410790 8.966590 10.507800 
1587 2 8.107550 11.514700 5.304980 
1084 2 10.375300 4.913550 3.405280 
816 2 3.955680 7.105310 10.194300 
1217 1 1.122970 0.174320 4.355740 
578 1 2.256800 11.674000 3.149870 
971 2 1.378340 11.478300 11.736200 
1986 1 7.906070 10.688800 8.817790 
1347 2 8.373530 2.828250 1.141600 
1512 2 12.260500 11.476400 3.243580 
935 2 0.386165 8.784880 8.411050 
272 2 7.819130 4.063850 11.634600 
623 2 9.741320 11.573000 12.912000 
273 1 3.855380 6.015630 7.674900 
358 1 10.394500 11.232100 10.382000 
1877 1 3.038650 10.814700 0.430835 
460 2 8.116630 6.962740 11.889000 
1600 2 4.279960 8.193810 3.505790 
1428 2 2.201400 11.562300 7.169710 
1513 1 5.704690 4.078960 5.600870 
1329 1 10.956000 0.349080 4.059690 
730 1 0.770033 8.138070 7.323930 
1411 2 6.800650 0.831422 0.859410 
104 2 6.225320 12.627700 4.758990 
360 2 12.957300 2.487840 6.727820 
839 2 6.788720 3.250990 3.522120 
723 2 11.081400 7.430000 1.311850 
1037 1 7.503460 6.105500 9.737040 
1133 1 0.038429 13.265800 3.973120 
776 2 11.882700 5.586150 12.064900 
1689 1 1.703230 4.634570 1.933730 
641 1 5.918970 1.015710 6.025960 
792 2 8.235750 11.942400 6.713000 
917 1 1.513410 8.722210 1.882100 
5 1 0.444248 9.215430 7.746140 
741 1 10.219300 2.105560 9.688840 
34 1 7.983930 6.312310 8.381030 
1610 1 9.733560 0.113826 6.370540 
379 2 5.633210 8.583180 9.857270 
1135 2 1.812020 4.364330 7.171360 
1578 1 9.095600 5.486620 8.180720 
1299 2 1.962470 1.580810 7.990310 
748 2 12.692700 0.293716 9.852030 
846 1 12.891200 9.293250 6.361120 
1542 1 1.811780 3.936090 7.401710 
1676 2 5.710620 2.242610 9.444400 
356 2 8.234250 0.118870 11.592600 
1126 1 1.003020 8.789990 3.474370 
126 1 11.695300 2.611290 2.294520 
1959 2 1.723330 9.732500 4.437830 
953 1 8.191620 4.987300 2.043130 
336 2 0.575718 9.600250 1.393040 
1036 2 8.035180 2.337880 6.452550 
1996 2 10.288500 8.054200 0.786267 
1748 2 2.594820 8.295840 7.178280 
1836 2 3.110820 3.449590 10.305200 
1350 1 5.977300 12.601000 5.779020 
135 2 3.027670 1.385630 2.807770 
219 2 12.035500 2.085440 4.457010 
335 2 4.628590 12.047000 10.462500 
16 2 11.334600 9.898140 5.356240 
1051 2 3.612980 6.380230 11.102400 
425 1 0.934367 2.420960 12.094800 
409 1 9.338550 5.062220 11.897200 
957 1 5.933070 10.358600 3.355870 
1374 1 6.655430 11.813500 9.383010 
270 1 11.348500 6.560370 3.785580 
1433 1 4.218510 3.208250 1.059480 
1092 2 8.277570 1.803000 2.078920 
973 1 2.142170 9.116700 0.776590 
1286 1 7.752380 3.490130 3.951370 
58 1 6.246610 6.414120 10.319900 
976 2 7.170490 3.198050 10.705700 
1224 2 5.844940 11.712500 5.105630 
927 2 11.790000 6.682550 11.100700 
872 2 4.217420 6.963110 5.014580 
1713 1 3.164730 2.646180 9.756620 
1100 2 11.957100 2.433210 4.830830 
1381 1 12.079200 12.644900 6.369140 
1519 2 7.158440 6.622870 7.094670 
1682 1 0.911003 5.351570 4.059110 
554 1 12.585900 4.228140 11.807100 
1894 1 8.688420 11.080800 5.081340 
1652 2 8.653390 9.924680 1.248980 
877 1 6.690990 1.341760 11.457800 
1087 2 8.501490 5.988920 4.692320 
249 1 11.436200 12.931700 2.278270 
1393 1 5.730960 9.781160 6.442230 
1234 1 12.874800 10.646600 8.484710 
1101 1 2.383000 5.494450 0.936936 
32 2 6.273650 12.416900 5.338600 
1693 1 4.753950 9.551610 11.447400 
970 1 0.943573 9.794350 11.185400 
1391 2 7.466610 0.999328 7.948390 
1332 2 6.003870 0.559209 5.414400 
1955 2 2.657220 3.478870 11.191100 
414 1 5.592370 7.488030 6.832900 
1934 1 5.546740 2.451080 9.343940 
177 1 9.367860 11.656100 11.856900 
1554 1 6.871360 8.097290 9.031340 
1338 1 4.142890 6.458880 0.106066 
1256 2 3.138180 3.329590 11.216500 
767 2 3.951260 5.400750 4.598730 
969 1 2.189550 10.326700 6.733330 
436 2 0.961084 8.177610 7.866340 
90 1 9.534680 1.597990 4.777560 
742 1 10.605800 7.398530 9.612970 
1079 2 9.754170 2.018940 9.428370 
1987 2 5.422020 3.400140 11.787400 
1400 2 12.933700 11.075200 2.926710 
1167 2 2.641690 9.806190 9.611910 
889 1 7.149110 1.608140 3.236580 
718 1 2.298410 10.053600 10.160200 
1597 1 6.267410 8.692920 1.592880 
231 2 11.832200 5.362390 7.617690 
395 2 5.553090 8.747340 3.172910 
982 1 6.685390 3.422900 5.068780 
112 2 10.461400 4.993000 4.469470 
1991 2 9.343640 12.436600 9.928130 
1971 2 9.223460 7.819690 4.096520 
229 1 3.772940 5.094210 5.657020 
995 2 11.115800 9.738440 7.321330 
1154 1 8.235340 12.351100 6.767050 
222 1 12.979400 8.930070 1.829290 
226 1 5.873930 8.418630 7.952320 
1193 1 4.883640 12.147500 10.064500 
932 2 0.463158 7.934260 8.101550 
1334 1 11.625400 5.298910 6.697480 
1397 1 1.248370 11.787100 11.648800 
1695 2 7.616900 9.203310 7.174830 
1346 1 2.321830 4.109690 9.099630 
485 1 0.387299 7.394700 9.800680 
1417 1 2.076560 1.436650 1.265450 
981 1 13.256100 5.421010 3.193630 
1821 1 0.354692 4.669350 3.599540 
232 2 3.792800 8.936850 13.218200 
1456 2 8.336900 9.588580 13.211500 
1244 2 8.064660 12.081600 19.272000 
772 2 2.312640 9.283080 18.503100 
332 2 11.539100 5.550620 24.864800 
1324 2 4.727890 4.221990 15.434100 
365 1 1.468150 4.436130 19.536300 
348 2 11.856400 5.385570 22.586500 
137 1 11.854200 10.898900 24.086400 
1757 1 10.230900 9.509210 14.731000 
1301 1 1.947050 0.075009 24.062100 
1333 1 5.966060 0.935037 20.955700 
1088 2 6.821190 4.560720 14.665900 
1013 1 9.677280 12.803600 26.017800 
562 1 10.590900 7.332560 23.570600 
1806 1 12.236100 7.871520 19.364800 
1888 2 8.982200 12.103500 19.979800 
859 2 2.314070 4.910190 24.502700 
49 1 9.358580 12.763900 14.178200 
1388 2 5.671510 13.124800 16.972400 
1117 1 12.539400 9.680730 22.745500 
1379 2 8.313640 5.089790 15.159900 
936 2 1.403050 2.166530 25.261700 
833 1 11.720900 1.283860 24.849500 
1722 1 1.382520 4.167740 24.089400 
1371 2 7.123680 8.671520 23.065200 
1341 1 12.734800 5.847130 13.649500 
1683 2 4.869100 11.657300 14.235000 
429 1 10.214500 5.625440 22.763800 
497 1 2.187850 12.940000 13.676400 
1845 1 4.280180 0.599323 20.703700 
123 2 4.411690 4.185170 16.505300 
1221 1 2.339940 7.636940 17.982800 
1463 2 9.267800 0.901601 22.544700 
1316 2 6.188890 9.207610 18.222200 
608 2 0.293581 3.064180 22.731100 
1061 1 0.623183 2.926480 15.597500 
1726 1 0.816236 1.468940 15.158300 
330 1 8.379240 6.212590 16.374400 
1773 1 7.984310 9.700980 14.434900 
1412 2 1.806000 5.453710 15.268000 
160 2 0.878193 5.711880 22.394900 
664 2 12.768300 3.922290 16.396400 
637 1 3.626030 3.667310 21.869900 
732 2 10.059600 8.134610 26.482900 
590 1 8.415380 1.097950 14.362700 
518 1 12.390800 9.397350 13.898700 
366 1 5.393000 11.238500 16.299200 
1531 2 3.850980 12.224900 26.008700 
1720 2 2.027430 11.559600 22.018400 
12 2 6.176790 10.999700 23.167500 
1640 2 4.994150 2.993720 23.159000 
931 2 10.668100 4.516740 19.189300 
604 2 5.766880 4.752880 23.133000 
402 1 5.407210 7.066400 21.911600 
530 1 3.754310 6.303260 13.665100 
331 2 10.732700 9.002000 14.257100 
1321 1 8.180530 4.665120 19.494900 
1866 1 5.533340 0.026579 14.476200 
39 2 5.813300 5.232260 19.716200 
1140 2 11.260300 7.273610 21.416400 
47 2 12.352800 12.211300 23.899000 
823 2 4.594480 7.918780 16.490900 
1895 2 10.473700 2.397590 16.654100 
1274 1 9.071240 3.165530 24.587300 
220 2 4.237730 7.002890 23.119400 
1995 2 1.810820 3.596960 19.130700 
532 2 13.262500 13.140900 20.373700 
817 1 9.688160 3.273290 22.886000 
406 1 11.828400 2.035890 21.459800 
213 1 10.903900 12.009500 17.744300 
1424 2 3.966060 11.167400 14.498700 
513 1 9.370970 1.867940 22.362800 
251 2 1.829700 1.404320 18.114700 
1138 1 4.062770 9.285780 20.109400 
1551 2 1.743910 4.755960 17.961600 
1592 2 2.292390 10.191700 19.733500 
525 1 9.212060 9.969250 16.843500 
475 2 7.489530 7.370800 25.787400 
1042 1 3.616220 2.626710 23.123400 
1148 2 0.120039 5.504110 25.640900 
1104 2 9.272560 6.049280 25.815400 
1979 2 1.379170 0.946172 14.905800 
1282 1 11.786300 3.747170 22.904600 
1089 1 1.749580 2.924080 18.175300 
1413 1 5.448360 5.229920 22.735700 
1899 2 11.408300 7.336920 18.013700 
609 1 6.765920 7.306970 23.971000 
1127 2 5.184730 0.826674 23.239900 
1562 1 4.179070 5.029380 17.507100 
822 1 9.334570 3.326040 25.644200 
915 2 4.548080 2.726210 23.205500 
1796 2 8.353810 5.524340 19.610800 
1924 2 3.512800 12.957800 25.247800 
636 2 11.694000 8.014980 15.055000 
598 1 3.170590 11.683400 21.322000 
699 2 6.487360 11.625500 15.622700 
945 1 6.789040 8.990340 20.050600 
1349 1 3.306690 0.875053 16.202100 
998 1 10.972700 0.811084 16.773000 
1062 1 3.043630 13.261400 25.427900 
1830 1 10.432800 4.013760 14.880700 
903 2 9.503540 4.902280 13.970300 
1283 2 6.370010 11.810900 22.368200 
1862 1 0.631187 0.421938 26.131500 
534 1 3.590760 3.867030 15.625900 
938 1 6.054580 5.090940 20.430700 
1948 2 11.870900 10.293500 15.631500 
1989 1 4.170300 0.413185 22.533100 
949 1 4.244840 5.083610 14.567000 
329 1 12.121700 3.572050 16.957200 
260 2 5.444630 4.316930 24.178700 
1615 2 9.820090 8.485170 15.396300 
990 1 7.858600 11.462500 14.742900 
1561 1 13.166000 9.098530 25.608100 
307 2 3.341180 1.950040 21.869400 
1353 1 5.520510 3.101400 25.519000 
1281 1 3.007290 7.325410 25.113200 
147 2 1.146350 7.370630 25.048300 
1573 1 7.224740 10.984600 20.461900 
1370 1 1.903880 0.145815 13.701700 
1771 2 13.159700 8.108100 20.503200 
462 1 6.103700 3.848860 17.330900 
710 1 8.103660 10.996900 18.742600 
130 1 3.428430 1.855790 13.467300 
1288 2 10.719100 10.728300 23.863100 
1280 2 4.952220 11.396700 23.935900 
923 2 2.448400 4.594180 21.518900 
1161 1 10.118900 3.407110 13.685600 
762 1 11.256700 7.489890 26.172100 
1545 1 12.714900 10.602600 18.695700 
695 2 1.110650 6.720710 20.818300 
874 1 7.514960 0.370113 24.260000 
1016 2 12.023700 11.090200 22.705700 
1743 2 6.296350 1.411070 18.019400 
1905 1 11.723500 7.907720 15.088400 
209 1 11.114400 9.528560 24.696200 
312 2 12.907700 6.793780 19.703000 
795 2 1.265670 9.335700 26.505900 
1868 2 1.526240 3.618570 19.009300 
705 1 13.263700 12.698900 14.672600 
143 2 5.807960 1.972010 14.778500 
1620 2 4.614210 5.056430 16.184200 
325 1 11.442700 0.607674 20.109000 
1076 2 8.455540 2.560820 22.108100 
238 1 7.204070 11.793300 25.175000 
837 1 10.534300 4.117870 17.326600 
1183 2 2.961870 9.571270 18.436300 
1521 1 1.620990 8.712730 19.296300 
1469 1 4.438800 10.360300 21.939700 
937 1 4.591170 9.423910 15.140600 
1623 2 3.954560 10.863800 22.380000 
697 1 2.722450 7.237990 19.078900 
556 2 10.884800 3.007410 18.355400 
749 1 5.390860 8.128270 18.955400 
288 2 5.977150 3.716320 18.648700 
1733 1 8.572420 3.040930 21.541100 
1223 2 11.691600 7.807260 17.008700 
1951 2 0.776204 12.750600 21.503800 
1614 1 4.294950 5.120480 20.201300 
845 1 10.215600 6.270120 21.690900 
290 1 6.598110 6.781280 19.216900 
302 1 3.382110 13.046600 20.417200 
1801 1 5.473660 12.271700 23.945300 
1798 1 10.092200 8.793580 19.733600 
467 2 9.174040 1.854660 21.803800 
1756 2 8.818290 2.063420 19.556000 
1015 2 9.635410 3.178710 24.906000 
1073 1 7.851630 4.809110 15.099100 
1936 2 6.581670 2.609180 26.089300 
599 2 7.674660 6.976390 19.262000 
653 1 5.512490 3.851050 23.570600 
583 2 9.673450 4.342550 22.033300 
1116 2 8.386120 8.291050 15.535300 
553 1 8.364230 0.575665 22.014400 
1575 2 5.694120 8.180420 20.598500 
880 2 10.911900 4.477820 14.853000 
1815 2 9.871360 10.304300 18.033800 
1837 1 10.541400 1.663520 18.514900 
376 2 9.895570 1.891020 23.565500 
1303 2 4.534310 7.975110 19.820600 
300 2 11.117200 5.701480 16.332900 
720 2 12.858200 11.301200 19.581200 
1010 1 1.656110 6.196820 22.021200 
1248 2 12.603300 7.328180 13.848300 
201 1 3.206600 11.237100 18.461400 
1192 2 3.486710 7.977220 15.352500 
674 1 5.040300 2.926450 15.455400 
800 2 1.009890 7.792700 19.109700 
1378 1 5.125850 6.640670 16.405900 
1985 1 9.079080 9.175000 24.906800 
644 2 8.139650 9.578800 23.065900 
503 2 3.038680 12.256500 14.433200 
1366 1 5.746700 3.546080 13.691700 
97 1 6.945450 6.298400 15.476300 
1210 1 3.814920 7.057320 23.942500 
1237 1 5.165190 2.693570 20.880900 
438 1 1.192050 3.320800 21.618800 
1879 2 9.720580 6.835950 21.971500 
1437 1 5.115750 0.647159 25.414600 
1096 2 8.261960 11.754000 14.613900 
1066 1 9.364630 12.930500 20.048300 
1747 2 12.339600 10.767900 18.484700 
711 2 10.549300 12.471100 16.775300 
227 2 1.009370 1.684590 24.726100 
179 2 8.773120 1.069020 14.686200 
628 2 3.365520 0.561924 13.652900 
1419 2 8.708460 6.405810 17.271200 
80 2 1.902310 4.131850 18.659800 
306 1 4.364950 13.086300 15.200600 
547 2 8.406870 10.728600 20.011700 
1671 2 5.146720 5.056810 21.238700 
1475 2 3.555520 7.280320 25.722800 
854 1 6.450740 9.796490 22.594300 
1014 1 12.793500 1.724410 18.292900 
1973 1 2.589260 13.042900 16.055700 
691 2 4.758990 12.583000 18.732500 
54 1 1.264660 4.963420 16.868000 
1 1 12.764700 5.175370 17.306100 
1028 2 5.201160 0.218841 19.562800 
1322 1 3.227320 8.958940 15.566700 
1215 2 12.004600 8.926280 24.510600 
994 1 6.710990 1.302430 16.500400 
1887 2 2.045040 6.586890 13.652800 
278 1 10.757600 4.976720 19.647200 
860 2 4.052470 6.828470 18.318700 
589 1 1.909390 1.203450 18.695800 
146 1 5.987280 6.368180 26.283600 
706 1 2.414030 5.037910 18.594400 
1776 2 2.517570 9.654050 16.461500 
1277 1 8.952030 9.699050 18.817900 
285 1 12.357400 4.616180 15.264700 
426 1 1.529830 11.668300 20.685600 
483 2 10.020100 5.272270 23.221300 
468 2 0.691290 8.717720 26.210000 
1638 1 8.615390 2.949990 20.277700 
1496 2 10.273800 4.173550 14.988900 
1441 1 2.017240 6.865960 16.012800 
1481 1 1.198840 2.506430 24.769800 
1918 1 11.550800 9.506480 16.953100 
373 1 0.138137 7.788570 18.834900 
1956 2 1.012960 2.107140 14.499100 
1195 2 2.553790 7.742870 17.840500 
1707 2 6.111320 2.798850 24.103900 
1005 1 10.122500 6.142630 14.768800 
920 2 12.426100 1.462790 21.607300 
1509 1 10.427900 7.248310 18.195400 
207 2 3.756890 4.749720 14.250100 
1304 2 4.055720 5.572330 14.223400 
53 1 12.942200 3.518680 13.620400 
1445 1 6.890120 3.866660 25.913600 
566 1 0.157783 10.098500 25.194400 
1296 2 5.470460 5.836860 26.306100 
570 1 2.671470 5.699760 13.762700 
1239 2 1.386080 4.135090 13.814500 
1472 2 2.487990 0.095428 21.869700 
1498 1 13.223600 4.104870 24.808100 
1361 1 0.615507 1.499680 26.493300 
943 2 0.848431 1.853600 26.467300 
1053 1 2.151880 11.258300 13.484400 
1447 2 6.906330 11.154800 13.331100 
746 1 1.689730 7.314490 26.457700 
961 1 0.007486 23.122100 3.156470 
1188 2 8.130780 14.316400 10.020200 
552 2 12.169100 21.694700 11.953400 
1266 1 1.218870 20.748700 11.141900 
1275 2 3.857450 16.741700 12.492100 
188 2 10.516900 19.223700 5.568930 
1300 2 9.212000 16.805800 0.141547 
166 1 10.637500 22.479500 4.334280 
1488 2 9.934750 25.041100 0.814278 
480 2 4.964200 25.645600 7.105430 
1318 1 10.599100 24.449800 6.459100 
526 1 7.157280 24.771700 4.283710 
46 1 8.321420 25.533700 9.694670 
134 1 7.547320 20.427500 5.610540 
100 2 12.810200 23.363200 6.129110 
241 1 8.180090 23.107700 7.808440 
1290 1 5.407060 24.275900 0.724657 
558 1 1.434760 15.775000 2.919350 
181 1 13.014100 18.668900 8.998750 
1760 2 12.159900 17.293600 7.298670 
1465 1 12.043100 26.121900 1.928890 
851 2 7.292190 19.365000 0.450784 
951 2 6.136560 17.809000 9.650240 
1407 2 0.500211 26.247600 6.374010 
652 2 0.822693 18.181100 8.550700 
1611 2 10.772500 20.175400 12.373400 
883 2 2.223340 15.648600 4.855200 
1487 2 3.514840 18.778200 10.964300 
1432 2 11.356200 14.743500 10.165600 
688 2 10.839600 21.223500 10.435400 
1839 2 10.106500 25.505500 9.456180 
1305 1 3.943960 25.738400 10.704500 
1906 1 4.148060 18.181800 0.416807 
93 1 0.967792 17.489300 8.908410 
23 2 12.384600 22.376200 2.443330 
1563 2 10.399000 25.425400 0.934865 
1772 2 4.129230 17.726100 6.117040 
914 1 3.817240 17.672000 5.104140 
794 1 12.890800 24.036500 3.774410 
1618 1 3.482670 19.431400 9.380430 
514 1 5.284500 14.386000 8.639750 
1373 1 2.591700 22.612000 7.234000 
1616 2 8.425970 25.030200 4.554820 
142 1 12.939000 14.038400 1.150370 
120 2 0.770401 26.200300 0.141903 
1705 1 9.702230 24.415200 4.853710 
77 1 11.301800 17.711000 12.651600 
1004 2 5.732180 19.121600 8.796790 
115 2 0.670431 25.163300 12.590600 
842 1 3.673130 17.106900 12.225800 
1972 2 10.628800 23.545900 4.197350 
169 1 12.635200 22.720800 1.861840 
1453 1 1.243320 25.869500 7.291590 
293 1 13.079500 21.707500 13.113300 
724 2 5.734110 22.974500 5.330840 
1462 1 9.174070 20.029100 10.197700 
663 2 10.413100 24.646500 5.403700 
1642 1 11.125400 19.197100 7.021870 
1102 1 0.246566 15.196800 11.131200 
1770 1 2.272490 18.111000 1.527910 
296 2 12.303400 23.488900 11.500500 
1439 2 11.998700 25.559900 2.510730 
1765 1 5.223720 24.925200 11.112600 
1556 2 4.937810 13.883500 9.378160 
217 1 12.004100 22.638300 10.802000 
1571 2 2.094080 22.447800 3.154110 
1505 1 1.082960 17.681600 12.240000 
1449 1 7.278610 18.109700 1.960800 
956 2 1.296550 21.654500 0.859233 
1962 1 0.363065 19.055100 4.836950 
267 2 1.754290 20.780500 12.709300 
974 1 0.892888 16.660100 5.015200 
546 1 13.120300 21.166200 3.208980 
31 2 9.002830 15.224500 9.585860 
934 1 10.166000 24.659300 0.381028 
940 2 2.230880 26.128800 12.038500 
542 1 6.326040 15.848500 9.803900 
167 2 5.833580 24.878700 8.035570 
654 1 6.134220 15.099900 3.754890 
509 1 6.828990 20.757500 1.904870 
343 2 10.017300 21.949400 4.360600 
962 1 12.675500 20.846000 10.433900 
906 1 3.787890 23.825400 6.948780 
1729 1 12.291600 21.488900 8.097500 
388 2 4.250430 24.534600 2.575700 
469 1 0.618799 18.166800 7.591930 
1844 2 2.255890 15.555400 8.666470 
60 2 12.379200 16.832900 3.493220 
494 1 3.715440 15.154300 3.407520 
415 2 4.406000 24.185300 10.908300 
1807 2 0.070850 15.988100 6.780940 
68 2 6.258220 18.449800 8.767880 
868 2 1.432670 13.796300 6.704650 
1385 1 11.240900 26.422100 8.087040 
1675 2 4.626590 18.233300 1.592700 
1367 2 11.276600 24.898000 5.450700 
1778 1 3.740890 19.536200 12.724100 
1435 2 7.015400 15.367600 11.851900 
1485 1 11.483300 20.686700 5.616090 
1834 1 1.525860 13.527400 6.654620 
1120 2 3.523960 25.984100 5.064440 
171 2 7.728160 25.598500 12.114600 
955 2 0.011626 15.428000 0.318826 
1878 1 0.375419 21.518500 5.772320 
1450 1 10.758000 24.917400 2.375550 
1696 2 9.696330 26.479100 6.148900 
1547 2 3.738230 22.658500 7.335420 
1070 1 8.199550 14.473600 7.228130 
612 2 8.674190 20.654100 9.496170 
455 2 3.514560 20.685900 6.627810 
1788 2 10.011900 13.922700 12.039800 
1269 1 11.472600 14.747300 4.155980 
1032 2 3.398340 15.594600 3.550560 
1326 1 8.312470 14.894400 9.896580 
729 1 7.996810 26.098300 11.543200 
1409 1 5.991500 17.512000 1.413870 
549 1 6.090680 19.961000 3.708150 
1900 2 0.240073 25.923500 7.881830 
1709 1 4.053850 15.623900 7.185110 
1220 2 4.229650 23.722900 2.333950 
619 2 0.430726 16.952500 8.845930 
1552 2 13.145000 18.282500 6.729270 
1943 2 13.172500 19.082600 1.663780 
1153 1 11.253700 19.723700 11.958700 
301 1 8.810730 21.183500 9.731710 
1723 2 4.007220 16.896700 4.200020 
1679 2 6.420410 25.226800 2.844480 
204 2 7.254980 21.098700 0.761333 
910 1 4.797130 21.744000 6.229380 
199 2 5.532000 19.644900 6.246730 
1577 1 6.371680 26.423700 5.609840 
661 1 0.554741 23.116400 11.459100 
714 1 11.948400 24.710300 12.621600 
1795 2 10.607900 24.280400 12.375700 
925 1 4.681090 23.010100 2.059610 
212 2 3.736980 22.105300 6.787470 
1904 2 8.757870 13.531500 1.212290 
662 1 12.395000 18.350200 0.880597 
1582 1 8.083810 18.623000 3.801490 
1031 2 11.347800 16.247900 7.122310 
1857 1 6.466280 14.711600 1.138030 
1387 2 9.804260 15.160500 6.069130 
1941 1 3.156310 25.828400 3.551880 
333 1 3.327550 25.934900 13.082700 
176 2 7.656660 14.938100 1.033840 
381 1 10.901100 23.138600 1.081740 
59 2 7.691940 21.006700 3.384590 
1886 1 6.566960 13.304500 12.072900 
1980 2 4.790250 17.775300 2.760660 
667 2 12.452200 25.894800 6.865320 
1639 2 8.846070 17.611100 8.471510 
1759 2 8.678320 14.816000 2.827870 
1782 1 4.068910 17.632200 7.106370 
8 2 7.127900 24.350800 3.198910 
357 1 0.749622 23.993900 1.745410 
1653 1 3.910680 14.316700 10.104300 
294 1 11.452100 14.981500 2.307270 
131 2 7.033950 18.607500 0.229945 
1289 1 11.293300 15.272500 9.474110 
797 1 2.402420 23.656300 12.795900 
1493 1 2.125510 21.207900 2.165080 
1603 2 5.012790 15.677700 9.196320 
271 2 6.537730 13.887500 0.437054 
387 2 9.893020 19.671400 9.457840 
814 1 2.442040 20.745900 6.378500 
1081 1 8.530880 13.600900 3.183170 
1257 1 6.422770 22.712200 5.870980 
9 1 3.151350 16.084500 3.388540 
1786 1 11.269500 16.522100 0.428234 
197 1 9.485320 15.455500 2.247500 
1156 2 6.059470 18.492400 1.476360 
965 1 10.938100 14.556100 7.339620 
593 1 7.946420 24.555400 1.810570 
787 2 6.415560 19.890400 10.398100 
1189 1 7.949250 18.787300 7.666070 
921 1 5.193400 17.702900 11.462800 
1712 2 3.390540 17.717900 5.220390 
463 2 12.463300 18.956100 4.913550 
588 2 12.814000 15.676700 1.171670 
1109 1 11.160900 24.664200 11.652200 
477 1 4.108400 13.272600 5.810760 
933 1 4.707650 19.410100 2.120090 
83 2 10.082000 23.615000 0.064038 
152 2 1.841330 20.685500 9.646460 
1990 1 6.243660 23.976900 9.267890 
1544 2 12.859000 19.639900 0.465118 
1508 2 12.577000 21.596200 3.199700 
763 2 8.469660 14.399300 7.342170 
1785 1 9.934710 22.331400 12.054500 
1952 2 6.895860 14.713200 6.905510 
1050 1 5.366520 18.471700 7.907320 
244 2 0.820370 21.606200 6.520780 
1774 1 9.536250 17.472100 5.662980 
788 2 1.426520 22.897800 10.322300 
747 2 11.207200 15.518000 11.469600 
1065 1 10.649300 18.926200 3.423490 
1040 2 10.948300 25.628700 7.137910 
342 1 10.253700 13.822600 10.688000 
515 2 8.176850 22.853700 8.119330 
105 1 2.856400 14.794000 12.987800 
359 2 12.465400 18.665100 12.615700 
102 1 4.403510 23.398700 5.570030 
728 2 2.524650 15.588100 1.248720 
1604 2 4.975430 15.967300 11.251300 
1502 1 5.859880 14.921400 4.938410 
304 2 11.804400 24.389300 2.092770 
1701 1 13.219900 22.079900 6.191310 
1165 1 9.192080 22.906300 7.355100 
726 1 2.756050 16.005600 0.481703 
1755 2 11.790700 21.707700 10.490200 
328 2 3.588550 13.461000 2.570870 
474 1 2.429690 15.623500 10.357300 
1674 1 3.937810 25.863300 2.388260 
233 1 5.257450 17.630200 5.201540 
506 1 11.810600 15.191400 11.937300 
1730 1 2.661980 22.722900 8.728570 
1612 2 4.797820 25.478100 10.591500 
1307 2 0.303791 13.444600 4.239380 
1330 1 6.409240 19.517700 11.549700 
1080 2 9.472600 23.737000 7.146830 
464 2 2.367630 22.988000 11.898900 
1249 1 13.256900 18.307000 4.052560 
1415 2 6.878080 17.506400 2.871680 
803 2 5.646480 14.695600 5.926550 
812 2 6.055060 15.136900 4.220360 
1939 2 5.707960 23.951900 4.483000 
1624 2 12.328000 21.256800 7.726450 
1662 1 10.644100 21.336300 3.342650 
85 1 6.557020 19.135600 8.701390 
1284 2 0.882035 17.836300 4.244850 
648 2 8.836490 19.734200 3.952210 
521 1 9.942350 18.843000 11.564200 
1311 2 10.012300 21.467700 7.125180 
1969 1 2.196830 25.748100 10.777900 
1425 1 1.967520 21.324600 0.160633 
456 2 11.345700 24.614300 11.755900 
1144 2 12.292500 13.371500 7.356570 
1019 2 11.652100 14.755000 2.359980 
1230 1 0.592311 13.291200 0.900237 
341 1 12.762700 24.888600 5.736630 
84 2 1.157380 14.375800 4.456940 
1216 2 12.452900 26.242000 8.583390 
1947 2 3.620990 24.186700 12.823300 
245 1 8.614160 24.093700 0.032408 
1123 2 2.093390 22.709600 0.214719 
876 2 11.257500 25.614500 16.335900 
129 1 8.757120 25.360800 14.478200 
314 1 8.643390 21.120700 19.749700 
1530 1 6.609310 21.024200 25.618000 
1272 2 11.998900 25.073800 15.371900 
65 1 4.905200 18.042500 24.251100 
960 2 8.102610 22.370400 16.063200 
1585 1 5.863060 13.415000 17.683100 
398 1 6.004400 19.894100 14.624800 
198 1 6.366700 15.572200 25.001100 
255 2 7.538720 16.763900 16.209300 
1191 2 5.608760 25.679200 24.874400 
1386 1 9.057780 14.266400 16.208500 
574 1 1.525360 16.078100 18.533900 
1609 1 9.597260 19.362200 20.681600 
1059 2 6.741710 20.045000 23.172000 
638 1 10.620200 17.190600 21.917600 
1268 2 9.875790 24.772300 21.232400 
1860 2 6.035570 20.027900 14.766000 
67 2 5.877520 15.797800 25.633600 
81 1 12.627300 24.722200 17.102400 
1649 1 9.703510 18.130500 13.429000 
1182 1 0.995327 20.237900 13.736400 
103 2 12.590600 18.950900 20.237600 
110 1 11.924600 13.898700 16.016600 
1259 2 2.607550 23.349200 19.211800 
899 2 0.588996 14.791000 23.379500 
1672 2 12.122700 22.204900 19.390700 
1794 1 5.522940 15.184600 13.364500 
1503 2 0.126219 14.323900 22.340400 
753 1 9.627170 15.836400 20.219600 
898 1 0.345857 13.342600 25.867200 
1406 1 11.678700 16.646300 25.043900 
685 1 1.781010 14.230000 23.524900 
1804 2 10.339000 19.814400 21.594500 
1139 2 0.280159 25.305700 18.132400 
630 1 0.829342 25.276300 22.822800 
610 1 5.936550 25.617700 17.231500 
681 1 6.853600 18.096400 18.321400 
1570 1 4.506840 16.455900 22.364900 
309 1 3.155560 18.590600 20.574900 
1661 1 4.505870 19.195500 17.483200 
731 2 12.938600 26.072100 21.173400 
1169 1 10.575900 22.335200 17.366900 
928 2 4.401400 15.312200 22.406500 
308 2 10.093200 14.577600 15.878600 
1111 2 1.314470 19.429600 19.085700 
1404 2 11.078800 26.446300 15.979400 
632 2 10.834700 19.819900 17.327800 
991 2 13.111200 14.339500 22.446900 
1988 2 8.143130 20.198400 21.746300 
1250 1 10.639500 13.844200 13.465100 
1820 2 7.527630 23.806700 20.689100 
1267 2 1.850360 23.666200 14.204900 
352 2 5.159330 18.135400 19.296800 
1704 2 1.851000 18.036400 24.752200 
584 2 12.295800 18.470400 25.199800 
529 1 8.072740 20.731000 15.923500 
1399 2 13.221900 20.568900 24.120600 
1800 2 4.026740 19.635600 26.111600 
33 1 6.032320 22.303200 14.298500 
1231 2 11.771500 15.978400 16.871900 
1383 2 11.125800 21.245000 26.517400 
161 1 8.750580 17.421800 26.220600 
766 1 4.178140 17.809000 20.561700 
1054 1 3.947910 17.448400 23.235200 
1817 1 2.589600 15.658100 15.473800 
1200 2 2.338620 21.811700 18.013600 
473 1 8.607780 16.411500 16.449700 
894 1 6.654590 22.505600 20.422400 
1507 2 9.587000 18.461800 13.831100 
1758 1 9.315380 19.152700 16.241700 
1779 2 12.541000 24.822600 17.964400 
1699 2 9.916610 14.082700 13.575700 
557 1 9.606790 14.770500 14.133600 
311 2 0.501604 24.169700 20.503900 
487 2 12.850800 15.778700 22.224800 
184 2 3.177340 18.661400 21.073100 
605 1 6.604410 14.582300 19.876500 
1157 1 0.009638 17.211000 23.996100 
1356 2 7.106700 16.783400 15.469800 
74 1 2.975870 22.550800 15.056300 
1522 1 2.305340 21.073200 19.362700 
563 2 4.480320 14.485400 16.678500 
500 2 5.381400 14.491200 15.703200 
603 2 4.828090 18.257500 16.168500 
1581 1 1.655080 23.989600 14.754100 
1944 2 3.105440 15.699400 13.543300 
1803 2 2.628790 14.477100 14.508400 
1482 1 8.583860 16.552600 22.931400 
1703 2 3.630990 23.827500 24.573700 
813 1 4.848910 20.352100 19.600400 
855 2 3.795880 19.164100 20.244500 
1516 2 6.822310 13.569900 18.966100 
712 2 3.386310 22.172700 15.318200 
1510 1 8.427070 21.927100 22.971900 
904 2 12.789500 20.181000 15.553900 
1484 2 3.822440 19.189900 13.379500 
258 1 4.230210 20.839100 21.836600 
1574 1 9.252720 22.980100 15.519300 
785 1 0.906361 21.886000 22.491600 
22 1 4.345290 24.257500 25.781100 
1294 1 10.273500 18.521800 24.921400 
517 1 4.809240 23.976200 20.818900 
739 2 9.641740 21.626000 22.064600 
1331 2 6.495350 19.873300 14.736600 
1121 1 8.132090 25.812800 20.361800 
1048 2 6.527230 26.405200 24.586200 
57 1 9.302260 14.911800 19.387000 
292 2 2.297920 20.475100 22.973700 
1176 2 11.984100 24.312500 24.959000 
1641 1 12.782200 14.664600 25.253100 
930 1 9.712240 21.894300 24.682500 
601 1 6.620450 13.817500 25.707300 
286 1 0.277029 25.037100 18.697000 
882 1 5.413310 16.308200 13.445400 
736 2 2.092190 22.403200 21.242700 
1172 2 12.985600 24.645600 23.778400 
734 1 12.496900 20.166000 15.576200 
808 2 3.014210 23.533300 17.221900 
1252 2 3.717630 21.943300 23.388600 
858 1 6.014570 13.610500 20.606700 
1285 1 0.813440 15.502100 23.281200 
363 2 5.226580 24.500100 15.350200 
1880 2 10.395300 18.728100 24.338700 
764 2 5.568930 18.225800 24.418900 
782 1 1.765830 20.312600 17.363800 
1994 1 11.082700 19.585200 25.708000 
323 2 0.555425 21.542700 19.801500 
948 2 11.492800 15.235000 14.281800 
35 2 9.108850 23.140500 16.730800 
1558 1 7.135570 23.660700 23.415000 
698 1 12.274100 18.403400 17.860100 
1883 2 5.355840 25.519700 16.477800 
108 2 6.905330 24.139100 20.470100 
125 1 7.574730 25.284400 16.574000 
1108 2 10.461900 22.696200 17.159300 
721 1 4.635800 22.737400 23.042900 
757 1 6.879790 22.268900 17.010900 
964 2 2.547630 14.968300 19.671000 
897 1 6.464160 22.792600 24.993200 
1131 2 7.856020 17.232100 20.080000 
531 2 7.796500 21.722500 21.003200 
606 1 2.111290 19.718000 14.579000 
1966 1 10.317200 26.231800 26.282200 
1741 1 5.929250 18.150400 24.035900 
1414 1 9.399000 22.491600 21.737100 
1745 1 4.015100 22.405800 15.489900 
1491 2 8.263470 15.403700 13.668000 
186 1 4.145080 14.260000 16.111000 
1241 1 9.481970 19.969000 21.740200 
205 1 4.444980 25.313900 16.145500 
1914 1 3.039290 18.154200 17.997100 
1186 1 1.003620 16.143400 13.581000 
136 2 1.184140 17.729600 16.169300 
43 2 5.666330 16.273500 22.755500 
545 1 11.557500 15.302300 21.941400 
1799 2 11.868800 16.027800 18.878800 
902 1 12.720300 19.743300 20.698000 
1364 2 2.964130 25.989600 24.557000 
1527 2 3.168350 17.573000 23.502100 
856 2 5.104610 25.666100 15.254400 
1245 1 3.186590 15.199400 21.798500 
1254 1 13.159900 16.957500 21.182200 
162 1 1.136360 16.315400 16.483300 
1160 2 0.083714 23.203700 14.006400 
218 1 7.242020 24.417200 20.245900 
1658 1 1.230040 22.856900 20.676900 
1636 2 8.665430 16.116200 23.610600 
1479 2 10.642600 26.449500 19.575900 
1528 2 8.201640 18.476000 22.626200 
215 2 6.516030 23.156400 26.416600 
595 2 0.571635 20.074000 22.449500 
191 2 8.974730 21.051200 21.883900 
1593 1 12.405700 23.779700 24.679400 
1586 1 9.826690 24.362500 22.538700 
1398 1 3.499950 25.257900 21.655800 
809 1 1.152100 20.260500 22.676600 
1471 2 13.092800 18.619400 23.261000 
257 1 4.533810 14.238800 22.673600 
1629 1 3.153970 23.962600 18.190100 
1940 2 5.643550 22.853400 24.370200 
867 2 12.724400 22.117800 16.594300 
1819 2 3.334980 21.046400 22.703100 
1198 1 12.506700 24.249200 19.483800 
1395 2 10.844000 14.062500 14.755300 
371 2 7.629690 21.625500 17.646400 
248 2 5.330850 24.846200 16.788900 
228 2 4.853510 17.571700 23.902100 
1152 2 5.726410 20.769000 14.290400 
1928 2 12.177800 26.441200 19.795600 
1155 2 2.143160 17.106400 13.699100 
470 1 6.597190 18.501100 20.048800 
48 2 12.185200 17.451800 24.170000 
319 2 12.538600 26.166400 15.412100 
1560 2 6.358080 22.688700 25.545400 
677 1 7.927610 15.950800 13.789000 
391 2 10.645400 17.614000 26.063100 
1998 1 7.058150 20.410600 23.294900 
656 2 8.071850 17.547100 20.291200 
282 1 6.884920 14.444000 22.622600 
1588 2 5.232050 20.373200 19.498100 
1789 1 7.351240 17.771100 14.962400 
1500 2 10.898500 18.164600 18.063400 
1039 2 9.719400 20.960200 23.603300 
353 1 7.452170 13.336100 15.733300 
1565 1 12.677400 26.045400 21.770700 
413 1 11.920300 25.640700 15.149500 
773 1 9.326470 23.458900 18.077200 
658 1 3.531460 20.746000 23.938100 
613 1 0.919537 15.180700 25.812300 
759 2 5.058720 15.840900 14.760700 
1175 2 8.439120 14.660200 20.090300 
1767 2 11.146200 22.466300 14.565800 
1809 1 0.434103 18.429400 21.915300 
1328 2 8.984040 15.428500 20.172600 
1605 1 7.329160 16.608800 21.107900 
1476 2 2.831570 13.674100 20.070700 
1541 1 3.118260 22.612200 19.240900 
1864 2 8.172810 17.953200 16.461700 
1847 2 6.221410 24.975600 20.707200 
1635 2 2.818210 19.635600 16.919500 
253 1 5.154270 15.281900 17.307700 
1368 2 6.838330 14.132800 25.947900 
1555 2 8.085730 24.775000 16.736300 
493 1 6.666660 17.185000 16.294600 
1470 1 7.257460 18.886100 13.368300 
327 2 6.846610 22.768100 21.582100 
1997 1 12.603400 21.434200 18.510900 
852 2 1.963120 17.813200 17.924000 
1018 1 11.258800 16.091300 18.579200 
310 1 11.820100 22.240100 17.474600 
1937 1 10.364200 19.883900 23.153700 
922 1 11.081600 22.841200 14.223300 
924 2 9.176290 22.607600 23.929600 
959 2 4.363540 14.480700 22.168100 
1163 2 0.080912 16.049400 15.246100 
418 1 8.933000 15.280400 26.408500 
56 2 9.120440 19.080600 13.366600 
315 2 20.066400 10.401800 9.520820 
1352 2 22.366200 3.116960 12.198900 
1927 2 23.212600 3.467950 0.538763 
1687 2 19.294000 8.195890 12.590600 
905 1 16.347200 7.450700 12.449600 
1124 2 13.640600 3.483810 10.131800 
683 2 15.418800 8.779070 3.783560 
1746 1 23.737200 0.175118 6.975530 
252 2 25.028000 5.408330 12.405000 
988 2 18.682700 7.812640 4.833970 
791 2 18.914900 7.333020 9.295750 
639 2 14.497500 6.481020 6.827830 
569 1 24.412400 11.754300 3.391820 
1466 1 23.449600 13.158500 12.376000 
1438 1 20.269900 10.304800 9.809460 
18 1 14.490900 1.958170 6.769380 
738 1 25.870900 10.586600 11.960600 
268 2 24.697300 10.739600 3.012150 
234 1 26.069400 1.678080 1.056550 
539 2 17.349600 3.727850 3.447250 
1162 1 21.422800 6.198730 10.541600 
875 2 25.315700 6.114460 3.353370 
511 2 25.873900 5.528940 3.900570 
1396 2 17.168400 10.498000 8.948120 
1410 1 18.013000 2.601590 3.845670 
6 1 16.703800 9.226290 1.873020 
775 2 17.045500 3.457220 10.599600 
560 2 25.716700 10.107600 7.700690 
646 1 20.918000 5.757350 8.667000 
1225 1 23.180500 1.175210 2.831290 
790 1 19.995400 10.988200 2.583640 
1975 2 15.066800 7.925710 9.604650 
168 2 17.749100 10.085800 0.271109 
148 2 13.964300 3.785030 1.937000 
1964 2 22.985500 6.796820 1.127640 
1536 2 24.474300 2.930410 8.840730 
676 2 22.434200 8.879860 12.284100 
491 2 21.407700 6.106290 12.807000 
519 2 13.466600 1.818500 12.333700 
680 2 14.242300 12.741900 12.128600 
1619 2 16.773100 4.455870 12.557900 
174 1 14.786200 5.884980 3.776230 
3 2 20.544600 10.888200 0.756684 
1913 1 16.682900 12.311300 12.115500 
210 1 16.112600 1.948750 4.813560 
1950 1 13.437400 12.876300 3.865350 
796 2 14.649900 4.978240 11.153400 
507 2 22.519700 5.235350 7.665330 
1504 2 25.269300 11.377500 6.672080 
1827 2 16.095800 7.184510 5.598640 
1846 1 13.874200 11.392400 10.030700 
1458 1 18.293000 10.541600 6.291190 
769 1 21.729900 2.235820 4.956440 
1714 1 25.480000 8.009090 5.943640 
338 1 26.297000 7.862900 3.945490 
701 1 13.299400 3.346540 6.581080 
1064 2 22.104200 12.753500 7.196150 
1546 1 21.901000 1.211740 12.595400 
980 2 14.815500 2.127830 11.986700 
1731 2 14.528900 11.858300 8.500810 
1291 2 26.267400 11.147000 4.307520 
888 2 25.698600 10.583900 12.518500 
1793 1 14.321100 4.366210 0.172678 
999 2 14.592400 3.871860 1.397650 
989 1 16.232300 3.658500 11.994800 
346 1 22.863800 11.410700 9.749850 
94 1 23.201300 2.705440 2.709340 
1342 1 13.339000 1.526490 2.753090 
28 2 15.046200 10.391900 11.589000 
447 2 24.115100 13.025900 5.262250 
30 1 18.070500 9.237960 5.399420 
1867 2 14.617900 12.697400 13.124700 
202 1 20.484300 3.777990 3.398800 
1358 1 24.318800 4.998580 7.556390 
1984 2 19.700200 3.334760 5.132850 
55 2 25.343300 11.197400 7.580560 
963 2 24.742200 6.693770 10.977700 
1646 1 15.960900 12.271100 10.514000 
193 1 26.133000 8.283130 11.520600 
802 1 25.934400 1.783890 8.963980 
41 1 18.822800 10.064300 11.854800 
443 2 20.784700 12.398000 5.911850 
1524 2 24.491900 3.794780 4.475540 
1180 2 16.912600 0.552133 3.489600 
1429 1 15.734400 4.262010 4.247820 
1467 2 24.646000 7.915290 6.407510 
635 2 14.981100 7.017800 1.105960 
1314 1 24.454500 7.993860 7.812240 
1871 2 17.068700 3.565650 7.474290 
326 1 14.723600 9.528300 7.067600 
1343 2 24.332200 11.440600 12.771500 
611 2 25.533500 9.672340 4.508640 
237 1 20.471400 0.831329 8.087760 
1625 1 15.121800 9.676970 10.915800 
86 1 23.250800 5.951770 12.703400 
128 2 25.383300 1.734760 0.773152 
538 1 16.837300 0.574674 6.197410 
1260 2 17.205600 7.831740 11.829900 
424 2 20.238300 2.669790 10.285200 
107 2 14.450100 8.850900 7.856370 
1606 1 18.396000 10.727900 9.167610 
1983 2 20.003500 10.242500 9.903210 
73 1 25.280300 11.694300 8.961060 
1766 1 22.469300 11.230900 5.400560 
1791 2 24.287100 7.723160 0.617555 
1137 1 23.034700 5.278070 11.587900 
1112 2 18.036900 6.384540 1.428700 
499 2 20.507900 12.647000 7.087750 
1842 1 14.196200 4.189330 9.163060 
849 1 25.242400 7.870960 1.322830 
655 2 19.468600 9.469360 1.343970 
1882 1 26.151400 10.389300 8.153190 
145 1 17.631900 2.928290 7.062430 
947 2 25.522200 2.294530 3.497260 
1822 1 20.465500 6.603770 0.265707 
614 1 17.869500 0.578343 11.143400 
1317 1 13.609200 11.319000 1.119350 
119 2 21.862300 3.039870 8.624410 
1533 1 21.753800 7.810500 12.804600 
783 2 26.508200 13.031100 9.821810 
1946 1 19.068200 8.163350 4.224990 
1060 2 22.039000 6.574520 5.686280 
1576 2 15.162700 2.814190 4.682890 
124 2 26.012400 6.267570 3.001570 
621 1 20.797700 4.242570 8.628610 
825 1 23.420800 4.451900 5.843160 
1717 1 22.048200 2.445700 1.403620 
1681 1 14.608500 2.481100 10.829100 
340 2 22.268600 5.610820 10.532700 
109 1 13.973300 7.239640 8.831460 
634 1 16.893700 5.606800 7.522970 
275 2 24.576600 1.984110 12.312300 
1961 1 14.956700 3.563620 2.495500 
261 1 24.590000 10.112800 4.725500 
1739 2 22.791200 0.023535 1.044450 
1549 1 17.622100 9.052080 10.259200 
801 1 18.551900 6.262730 10.205900 
1340 2 15.285400 7.200970 2.757430 
1159 2 23.582800 6.050770 3.144790 
173 1 16.924800 10.169600 0.503757 
1628 2 25.316300 0.460273 8.571210 
472 2 21.458100 5.301410 8.797740 
1915 2 14.674900 2.865830 4.061330 
1690 1 26.169600 3.896750 11.083600 
236 2 20.333200 10.714500 1.458320 
1184 2 21.529200 0.849551 8.320510 
122 1 23.063500 7.263260 0.792072 
713 1 17.978800 4.164730 12.639900 
1711 2 17.233100 10.721200 11.729500 
15 2 21.286800 1.616360 5.708040 
640 2 14.109300 5.679090 3.277120 
38 1 19.006200 4.959070 4.513880 
19 2 24.992800 11.787000 7.213240 
737 1 22.700900 7.750710 7.239200 
412 2 14.385300 5.195050 7.987640 
918 1 19.633300 6.922930 6.097850 
1708 2 17.047400 6.075140 9.962520 
1651 2 18.844800 9.957470 6.958910 
230 1 16.137800 8.220720 9.675810 
434 1 16.041800 3.051090 8.939020 
1049 1 20.837700 9.460640 11.964600 
1320 2 15.815600 3.411290 12.194000 
1434 1 21.800100 4.681910 0.984048 
1564 2 21.692400 12.298100 4.126900 
1044 2 20.712500 10.302200 7.290290 
421 1 17.760000 2.494590 11.680200 
451 2 13.528000 10.594200 10.564400 
1543 2 22.379100 9.372990 3.975320 
1583 2 24.594500 5.743000 0.258576 
1202 1 13.647200 5.741910 7.337790 
1856 2 16.372700 0.411734 7.336280 
1454 1 21.982700 3.553530 11.700600 
616 2 21.991600 8.931800 9.584420 
1086 1 21.308300 0.244585 3.235670 
1930 1 15.320300 7.058800 2.038150 
892 2 15.036900 9.447990 6.060190 
505 1 25.910000 11.467300 1.865450 
1497 1 19.841700 11.443600 6.752770 
651 2 20.796200 5.017190 3.466860 
1420 2 20.101900 4.279230 2.829440 
354 1 14.716300 8.565680 5.216170 
1650 1 23.436100 10.466600 0.841195 
481 1 22.668300 8.895290 3.247320 
1742 1 26.445200 9.628330 4.195610 
840 2 26.333400 7.712150 4.219340 
1348 2 17.033500 2.044330 12.426700 
1859 2 18.190800 7.049340 7.091990 
377 1 14.577500 2.536340 3.657950 
1751 2 22.310200 7.850980 7.948930 
25 1 25.853600 3.598210 6.315030 
1692 2 17.157600 2.941640 5.499960 
1308 2 24.996400 3.154500 10.799700 
1001 1 17.734800 4.620380 2.840970 
1935 2 17.754300 0.150607 6.996520 
101 1 19.099800 12.507400 10.692000 
1227 2 17.913500 9.847120 5.625040 
72 2 15.113900 12.097200 9.669090 
824 2 20.927700 13.207800 12.163500 
804 2 22.854700 5.801500 11.682000 
1919 2 24.838500 12.059600 10.158800 
778 1 13.979500 8.010000 13.104900 
1912 2 24.783900 6.496680 7.808270 
643 2 26.022900 3.490150 9.295850 
159 2 20.449900 5.595580 10.079300 
62 1 18.586300 6.707760 2.049790 
1012 2 16.614000 9.255680 4.737070 
1416 2 13.762800 6.323550 8.223900 
977 1 23.587500 0.010429 3.855640 
649 1 15.990700 11.954800 3.873480 
1595 2 17.717200 3.020220 12.581600 
1125 1 19.327000 7.630810 12.238900 
1205 1 25.285400 6.030040 4.027300 
1213 1 26.178500 6.055140 9.600480 
1925 1 19.625800 1.884790 10.887200 
1446 1 23.433500 0.404555 0.765402 
1021 1 22.329100 2.400690 6.924060 
1380 2 22.054500 9.512670 1.572990 
1893 1 22.522300 7.914200 8.975100 
657 1 23.372900 9.866900 11.893600 
1657 1 22.978200 6.452310 9.398220 
1645 1 13.706700 9.375630 3.298430 
1858 1 18.145000 5.052120 9.277430 
694 1 25.288600 11.270300 6.236970 
1452 2 20.756200 4.553740 6.574440 
985 1 21.631100 10.834900 12.398300 
1539 2 20.614800 1.458780 5.271390 
361 1 17.285500 6.466190 5.744330 
821 1 22.383600 0.502008 9.453180 
482 1 20.781400 8.823390 7.571860 
843 2 14.877100 2.462160 1.808290 
457 1 24.470400 4.867620 1.720980 
1345 1 24.579500 1.797610 9.137080 
324 2 23.123600 2.312570 2.109160 
423 2 21.896700 12.219100 9.450250 
1790 1 15.257600 0.767429 11.402200 
1567 2 20.419200 4.304030 8.626010 
501 1 16.081400 11.160000 7.401900 
1911 2 19.517800 0.578901 3.768440 
1115 2 16.155000 1.170660 11.902200 
1808 2 22.596400 12.674000 4.612540 
430 1 22.724800 11.937700 6.928690 
1009 1 25.267900 6.454220 2.242540 
221 1 14.823800 10.325700 12.485600 
1805 1 20.170700 10.772700 1.019250 
537 1 24.354600 2.312360 12.125600 
1362 1 14.258100 1.163290 4.967050 
1744 2 21.791500 13.040100 2.785780 
408 2 20.788600 10.273600 12.888100 
841 1 19.743400 1.361870 4.213900 
1344 2 22.143300 0.908501 6.177490 
799 2 18.713300 0.347044 10.226300 
1812 2 17.468900 12.881700 4.578300 
1669 1 26.138900 1.620520 6.782030 
1875 2 25.916400 0.030041 5.579610 
1323 2 16.249700 13.103100 0.157501 
912 2 24.583400 0.996004 13.231500 
508 2 20.548400 6.014140 0.081483 
1631 2 13.569600 9.542380 0.179480 
50 1 17.878100 8.174790 15.659700 
13 1 25.532900 6.747220 13.447500 
1865 1 20.559300 4.370520 19.740900 
929 1 22.458800 5.267030 21.570300 
1921 1 13.770300 0.334454 23.074700 
99 2 24.297800 10.651900 19.533900 
1568 2 20.905700 0.354444 23.791600 
1511 2 13.667200 12.889900 13.785800 
194 1 16.227900 7.000960 18.372400 
1480 2 18.343400 12.578300 14.744200 
561 1 23.233600 1.479310 20.850800 
1461 1 14.890600 7.620620 20.802900 
417 1 14.935800 7.752240 16.244800 
1861 1 17.502300 2.226710 23.002800 
1688 2 21.192000 6.803570 20.252900 
20 2 18.566400 6.734030 16.747500 
1735 2 16.363600 7.310790 22.799500 
127 2 13.403400 3.026940 18.054800 
987 2 19.683200 6.662150 24.206400 
1761 1 17.046500 5.978060 25.579400 
1034 1 17.237800 3.307820 16.729800 
650 1 26.001700 8.053390 22.093300 
1150 1 17.221800 9.581520 22.358700 
597 1 17.950400 1.027090 13.832400 
1678 1 20.036500 7.754480 15.822400 
435 2 14.009300 4.913310 24.383800 
1319 2 24.061600 7.098350 17.009300 
1632 2 16.651400 1.420610 25.620500 
486 1 19.386200 5.413350 14.935700 
1960 2 14.589600 1.088540 18.159700 
52 2 24.659100 2.849430 19.886700 
1128 2 16.238200 12.838700 14.616700 
1762 1 23.323700 10.409500 14.562400 
779 2 15.302900 4.202270 20.600800 
1926 1 24.760900 3.824630 22.592500 
153 1 23.138900 6.036510 25.387200 
1854 1 16.286200 8.714670 14.070700 
1873 1 21.203700 10.773000 22.118900 
1963 2 18.513600 1.707620 13.804100 
454 1 23.451100 6.711510 23.317500 
392 2 24.376200 13.014000 16.744500 
725 1 20.350700 0.710687 25.541100 
1382 1 16.501900 5.266070 16.383200 
1279 2 23.925300 2.327270 18.499700 
1041 1 14.101500 8.151020 14.664400 
625 1 21.150700 12.248300 19.515700 
397 1 23.492700 9.490380 18.023900 
1579 2 18.862400 4.264850 25.116400 
291 2 14.763500 4.855030 15.421500 
1218 1 17.354900 10.011500 17.845500 
407 2 19.887800 3.908800 20.194600 
1392 2 22.273700 12.628600 22.847500 
1660 2 18.611700 12.466300 18.609900 
1589 1 18.931900 2.094060 19.556100 
1355 2 16.872000 12.370300 18.418200 
1287 2 22.264600 5.282160 18.828600 
768 2 24.913300 3.106730 19.294500 
805 1 21.753000 3.544460 23.309100 
442 1 16.921500 7.595160 21.587100 
283 2 16.025500 7.737500 16.060100 
1490 1 25.188400 2.549870 19.764400 
789 1 13.548100 7.021670 20.682200 
1265 1 24.044600 13.166600 22.216200 
1201 1 24.764200 4.867220 13.972100 
1716 2 19.329500 2.048400 25.997200 
1478 1 18.566200 2.292560 14.176400 
615 2 25.675400 7.532550 21.983300 
11 2 13.819500 1.307870 23.266200 
1375 2 25.592200 5.046460 18.462800 
1027 2 16.039300 11.284200 23.879100 
745 1 21.174100 11.751200 24.573900 
431 2 21.797600 3.439420 22.653100 
993 1 18.058800 3.657240 20.754000 
1489 1 22.641400 3.233000 19.118000 
815 2 18.107900 9.489410 20.270300 
380 2 19.478000 0.499191 17.523000 
1208 2 21.689300 0.960637 20.971600 
1376 2 22.698100 0.250395 19.581200 
1783 2 24.158500 0.534648 22.107100 
1763 2 15.394000 0.146506 15.168800 
571 2 16.961000 8.714550 14.815500 
857 1 24.218500 10.625100 15.690500 
1474 1 25.237700 4.047530 26.138600 
1889 1 23.564500 1.287070 14.484500 
1394 1 25.064800 9.066120 26.106500 
559 2 19.172200 5.764890 16.011600 
1390 1 24.004000 0.177047 15.855700 
36 2 18.407300 3.197580 20.881800 
439 2 22.160200 7.643240 24.094000 
1090 1 22.852600 3.230020 14.070800 
449 1 22.080500 1.750310 25.467700 
316 2 20.648900 12.330300 24.843100 
1451 2 18.986000 2.304820 19.704100 
1098 1 20.851200 7.853270 22.856700 
1292 2 25.874000 3.329410 14.191800 
1752 2 20.450200 11.005800 20.593600 
1136 2 23.749100 2.663910 25.770400 
317 1 26.097400 4.527310 17.725600 
866 1 25.584200 12.939400 14.382100 
1246 1 14.946400 12.702800 24.627100 
1312 2 17.131100 3.586890 16.308200 
760 2 23.837400 10.698700 15.200700 
1750 1 16.017300 1.673060 18.798100 
997 1 20.777600 9.102990 17.488300 
944 2 22.910600 7.894310 15.862100 
765 1 15.650100 2.172300 13.989100 
582 1 18.544900 2.409000 26.046900 
568 2 15.574200 4.355680 21.438400 
345 1 19.047300 11.102500 21.544200 
1580 2 25.585100 0.162511 16.730500 
810 1 19.466400 7.795880 26.053600 
820 2 17.963400 2.555930 24.576000 
591 2 16.041200 11.696000 23.956300 
1884 2 20.374400 12.625600 24.111500 
633 1 18.756900 3.484810 25.650200 
1680 2 22.117600 11.467500 26.164600 
1850 1 16.336600 12.042400 14.704800 
370 1 25.124000 7.949550 24.484000 
572 2 16.410900 1.687500 24.625400 
893 1 13.970800 10.921600 20.943100 
834 1 20.128600 10.412800 19.137100 
488 2 18.028900 10.394300 15.635200 
1325 1 23.253900 7.739270 17.021200 
704 2 26.229400 5.241640 17.437900 
427 2 25.679100 2.068840 19.040500 
1694 1 14.062900 4.993100 15.696200 
172 2 13.648900 10.911200 23.139400 
140 2 21.583200 3.477600 17.422100 
441 1 23.742300 2.270660 18.546500 
1143 2 25.226600 7.120770 14.116300 
1538 1 20.762700 4.688830 26.192600 
1233 1 18.191000 8.055380 17.848100 
216 2 15.593900 7.602740 25.356400 
1764 2 13.820800 5.033710 17.128300 
564 2 17.775400 8.894850 22.586600 
1792 2 16.096000 7.585690 15.096300 
1408 2 25.286200 11.129600 21.469400 
913 1 22.722900 0.390416 19.198700 
1000 2 24.508300 9.153680 16.010300 
826 1 19.241000 1.441760 21.498600 
1931 2 13.808000 5.388120 21.539400 
1226 1 19.062900 11.060300 19.877600 
1802 1 18.182000 0.190453 24.034600 
170 1 21.033500 5.001520 22.287600 
235 2 14.032000 10.567700 21.661000 
983 2 23.697400 5.306930 14.399700 
1384 2 24.184900 10.049800 25.634000 
1145 1 19.214800 2.662360 16.775500 
871 2 14.272200 7.290090 20.107700 
1499 2 19.824500 3.367740 19.193100 
624 2 23.001800 5.053320 14.780200 
281 1 13.525600 0.862570 15.671900 
972 2 17.939800 8.743190 17.925400 
1851 2 19.720900 9.230910 16.248200 
631 2 15.314600 3.938810 21.298100 
1644 2 13.719000 3.120540 24.760200 
853 1 13.995900 3.868730 22.077000 
349 1 23.550100 5.707330 19.303500 
669 1 14.830900 1.241220 24.790800 
1206 1 25.897700 1.755750 18.474400 
642 1 15.625000 0.725097 26.326000 
1464 2 16.368800 9.045290 23.157800 
1933 1 22.560100 12.002500 22.709100 
832 2 16.765500 6.984630 20.841800 
1897 1 23.023400 10.653600 26.136900 
265 1 16.444200 13.136000 22.682200 
1273 1 17.311800 5.053900 20.337200 
254 1 14.128900 2.162640 21.757700 
1170 1 15.133100 10.409200 24.233100 
121 1 14.485300 11.296000 22.743100 
527 2 17.809900 5.858430 20.222000 
1684 2 22.288200 8.993800 16.558100 
675 2 21.537300 3.896110 14.636100 
586 1 13.859900 12.757700 13.671200 
896 2 19.256100 3.094630 16.202500 
1970 1 24.070000 9.634790 20.413600 
384 2 18.020600 6.763870 22.966500 
1212 2 25.665700 8.133280 22.803700 
895 2 15.446500 11.068700 14.646200 
1477 1 24.971000 1.130790 18.148100 
495 2 13.284600 4.598090 16.676200 
242 1 21.343200 0.592456 14.715200 
350 1 15.734900 12.182900 18.760200 
1974 1 25.887100 10.468800 18.461700 
478 1 22.618600 9.589490 21.185700 
446 1 20.288500 7.205670 19.640100 
722 1 25.996100 5.306590 20.422100 
850 1 19.299000 12.798200 15.787400 
678 1 16.925300 3.531200 14.904900 
512 2 14.180600 8.209560 26.381300 
1932 2 21.706500 1.015760 14.991100 
195 2 19.001600 2.884940 25.595200 
1728 2 21.633600 10.495000 20.048900 
1403 2 24.681700 10.532200 25.175600 
577 1 22.391600 11.773500 20.208900 
240 2 17.051400 12.872900 19.901400 
709 1 23.464600 12.920100 16.636700 
206 1 25.756600 7.507540 16.147400 
1298 1 17.013800 11.899500 17.032100 
189 1 20.924400 2.008520 16.374900 
422 1 24.640200 5.056540 16.231900 
71 2 15.952600 9.285330 19.016100 
1235 2 16.588100 1.696350 22.927800 
1749 1 14.752400 6.950140 26.221600 
909 1 17.779200 6.043690 23.297100 
979 2 20.349400 11.465600 20.590600 
533 1 13.571300 4.820960 18.532800 
1655 2 19.666100 11.827500 16.550000 
1968 2 24.119600 8.980600 19.964300 
196 2 20.737100 4.642820 22.713400 
375 2 20.175600 5.758880 26.089800 
702 1 17.650800 5.077940 21.429300 
1006 1 21.062100 3.447840 14.786200 
1784 2 22.683800 5.059150 22.145700 
1665 1 19.897300 5.074240 23.298800 
1427 2 14.223000 7.957490 13.622400 
752 2 13.799800 12.779400 26.155100 
1238 1 26.495100 9.926320 22.919800 
819 2 17.726600 4.216290 16.565300 
1197 1 19.725300 4.671860 17.696300 
696 2 22.254400 8.517350 23.212300 
1405 1 21.862200 6.187700 16.489700 
596 2 26.122400 12.719800 18.594600 
1327 2 24.431000 4.856890 22.526100 
1999 2 21.455400 0.528782 23.715300 
1055 2 20.214100 7.653380 21.110400 
1686 1 17.611300 12.139600 24.207200 
1457 1 16.200300 4.178390 21.043000 
1436 2 15.916300 8.741070 14.887400 
1033 1 14.399000 10.586100 16.660800 
2 1 17.038100 8.288610 24.257800 
1243 2 22.868000 12.540000 22.894500 
399 2 17.142500 3.756140 15.958400 
1473 1 15.311800 7.774260 23.870100 
1052 2 18.719000 7.170170 25.820200 
668 2 25.883600 9.405480 24.992300 
1981 1 21.831800 1.101140 22.593500 
298 1 23.104000 10.612500 24.148700 
1572 2 18.729900 2.286680 14.148500 
836 2 15.235600 10.966800 17.670700 
1909 1 23.498400 12.764000 24.593500 
1134 1 17.340800 12.210600 14.851000 
1627 2 20.857300 0.136048 21.455900 
91 2 22.926100 1.194810 14.186700 
1832 2 26.457200 12.378900 14.330600 
347 2 13.415200 10.864600 14.361000 
1633 1 26.492500 2.275200 25.402100 
1194 1 13.372400 5.540460 21.156100 
141 1 26.367600 4.261580 22.629400 
1106 1 13.307700 6.221720 23.574700 
1691 2 13.851500 3.835730 13.323700 
690 1 17.775000 7.865130 26.343500 
1540 2 16.657600 18.553400 5.209700 
587 2 25.429700 24.930900 12.430000 
1214 1 15.033000 24.928700 8.377380 
659 2 13.501000 25.558700 4.484100 
502 1 15.178500 13.462700 7.788590 
743 2 19.546900 19.178300 10.907800 
1506 1 24.550700 17.393400 7.365420 
1147 2 17.945800 22.191100 5.175060 
504 2 25.440200 16.746900 12.006800 
1058 1 20.813800 23.351600 7.004010 
277 1 26.372800 23.614300 12.830400 
1613 1 18.689300 23.768900 5.444290 
63 2 24.605600 16.775300 5.808490 
1278 1 16.008800 16.045900 0.348501 
1448 2 15.287600 23.327300 1.862220 
1335 2 21.347800 23.902600 5.535250 
1780 2 25.510800 21.496200 4.145230 
1725 1 18.311400 19.675000 1.345050 
522 1 20.826200 13.583200 4.295500 
992 2 18.421500 20.917400 1.716440 
223 2 22.125400 13.857600 12.104200 
1255 2 21.665000 24.457400 8.842670 
1421 1 13.411800 14.351000 11.063500 
1026 1 23.159200 19.673300 1.242540 
1942 1 22.792100 21.705700 6.645190 
82 1 26.304800 22.567300 0.951570 
967 2 16.988600 20.551700 6.450220 
1306 1 23.144600 15.232500 5.818610 
869 1 17.270500 17.692900 2.220240 
1938 1 25.849500 19.964900 1.813690 
396 2 21.931200 23.766700 2.880110 
1740 2 14.448300 21.377300 4.032100 
1920 2 19.962000 17.467900 3.838250 
755 2 26.274200 24.279700 7.148880 
1142 1 22.938700 23.330100 4.777650 
1097 1 15.027200 15.517900 3.144180 
581 1 24.515800 25.376700 10.347600 
1253 1 19.935900 24.372400 3.987510 
289 1 25.810800 18.783900 0.810017 
1810 1 22.293300 16.805600 5.040790 
617 1 23.736400 13.669400 5.396080 
756 2 25.312400 17.903600 2.406700 
1002 1 17.499700 15.391400 10.181700 
445 1 19.988900 19.969500 3.308670 
1881 1 14.380000 25.759600 11.823700 
686 1 13.998400 15.735600 5.085380 
1494 1 26.245300 22.421000 10.155300 
848 2 23.987800 24.130100 1.428130 
942 1 18.053600 13.326500 2.401630 
318 1 22.696700 14.773900 11.843800 
1402 1 17.582200 24.733700 9.304850 
535 2 25.056300 21.029400 8.851290 
297 1 19.723000 26.270900 0.975927 
1626 1 19.345500 14.576800 2.748480 
1043 2 18.228900 15.193800 11.209700 
689 1 25.880500 16.007700 0.230788 
700 2 18.792500 24.515400 5.260000 
92 2 19.045600 15.358500 8.077100 
1107 2 13.942900 22.620500 6.275050 
61 1 23.578600 20.355700 11.928200 
1177 1 13.404000 15.825700 8.398680 
1074 1 13.385200 24.183700 7.769370 
708 2 14.682300 15.983200 4.085290 
911 2 14.160300 18.554300 4.106640 
410 1 16.386200 14.317100 2.295310 
1363 2 19.078700 15.533100 6.030270 
389 1 14.969600 16.469300 12.233500 
1954 1 15.293800 21.690700 1.195800 
838 1 15.224400 16.090600 4.096690 
1359 2 20.093100 18.897800 6.778060 
1309 1 26.036900 25.424600 4.508620 
1046 1 16.146200 24.181700 10.140200 
1668 2 24.342200 14.753400 0.195800 
1724 2 18.367500 20.422300 11.374700 
78 1 18.692500 14.103500 4.935190 
1602 1 22.874400 18.839300 6.802660 
1095 2 17.699900 16.460600 7.150870 
224 2 26.052100 17.541400 10.349100 
1916 2 20.156500 18.624400 4.044310 
116 2 16.162900 25.578400 6.201440 
1129 1 18.970300 17.399600 9.012250 
1020 2 22.464300 23.806500 9.848170 
1236 2 17.288700 24.045900 8.979420 
1664 2 20.890500 13.839800 8.874460 
29 1 17.425300 13.784200 9.087300 
1181 1 23.940900 22.362100 2.607260 
555 2 17.187400 15.744400 12.467300 
966 1 24.268500 14.259700 3.345970 
900 2 22.167800 20.478600 6.991360 
200 2 23.001100 25.818000 4.167370 
1209 1 23.982800 20.861500 1.506500 
618 1 18.062200 16.307500 7.401590 
986 1 18.365700 20.648900 3.451310 
744 2 16.388800 13.543100 5.839470 
1008 2 26.458700 25.531200 5.402520 
433 1 15.162500 22.333600 4.069770 
1295 2 18.670600 24.647100 10.962300 
751 2 25.964300 18.616100 4.498890 
1141 1 18.783500 19.856200 7.562380 
1768 2 22.978800 19.445500 1.535050 
1550 1 20.260600 18.130200 3.545300 
1591 2 19.608800 23.552700 11.134600 
830 1 17.509800 23.030700 10.871800 
565 1 21.442100 22.663700 4.285020 
284 2 20.147000 23.639500 9.100540 
1056 2 19.768300 16.308200 12.233500 
89 1 24.267800 14.994200 10.600700 
811 2 16.329900 15.140400 4.192870 
1045 1 21.036200 18.085700 12.352900 
1173 1 20.783700 24.770800 12.600300 
879 2 14.275300 13.604500 2.258420 
1017 1 20.794400 13.410700 12.656300 
1122 1 23.541800 18.022800 1.814010 
1876 2 24.215600 21.582400 9.167790 
66 1 17.997000 22.720100 6.723260 
1599 2 14.170700 18.559900 9.870300 
1621 1 19.669100 17.180900 0.783422 
1113 1 24.364200 19.745900 4.419530 
1007 2 25.277600 17.972100 10.117900 
1501 1 25.170200 24.107500 13.028900 
1077 1 25.867800 16.342500 5.836170 
1297 1 15.987700 18.377900 5.230120 
1196 2 24.710000 21.682800 2.864700 
154 1 17.241800 14.268100 6.827030 
274 1 19.871800 25.024900 11.145900 
1336 2 23.867700 14.336600 12.390000 
1030 1 19.950800 20.544400 2.155820 
490 1 25.026700 16.625700 3.090160 
719 2 16.946100 17.667800 0.189329 
1777 1 14.914800 15.451800 1.440630 
266 1 17.275000 23.374700 4.687960 
1945 1 21.027500 24.366300 9.677020 
498 1 25.336000 21.545400 9.177860 
139 2 24.225400 16.731100 4.278130 
1468 2 14.285600 26.403200 4.791260 
946 1 21.257500 15.198900 2.380880 
1978 1 25.618500 25.061500 6.323650 
419 2 23.565900 20.597200 0.504255 
607 2 21.137700 15.167100 7.070330 
1179 2 21.976900 26.376600 4.757850 
968 2 16.638500 21.298500 5.650610 
770 1 13.956300 19.575000 3.502780 
239 2 18.480100 13.984600 0.991457 
1276 2 16.131000 21.201200 10.187600 
1199 2 26.109600 18.710600 1.569170 
1965 1 18.394400 26.097600 1.486670 
1219 2 22.281000 13.780100 3.458410 
163 2 20.090800 25.426400 1.133610 
339 2 23.641300 21.561500 3.047520 
1369 1 16.331400 26.327700 10.401700 
351 2 24.252900 14.039100 2.333730 
1072 2 24.375700 15.334600 6.613060 
1423 2 18.614100 13.888600 2.455420 
861 1 17.724700 17.239000 11.056000 
835 2 13.958600 21.870700 10.252600 
1440 2 15.497000 15.613600 0.687866 
1647 2 25.753400 23.338600 2.743000 
541 1 16.997000 14.341000 4.616090 
1816 2 24.945900 23.743400 12.851200 
954 1 14.458900 17.676900 10.414000 
1068 2 18.191400 19.002800 8.745870 
620 2 19.220000 14.775300 3.986940 
1075 2 21.155100 16.007100 2.023870 
626 1 25.440900 23.964700 7.550310 
262 1 14.640800 24.755400 10.304000 
106 1 23.871100 24.908500 2.152090 
165 1 18.152200 26.123100 8.393030 
70 1 19.808300 17.757200 6.321070 
1293 1 20.875200 14.157100 6.720080 
14 1 23.966400 14.914200 1.531930 
1958 1 14.234900 26.289400 0.491548 
996 2 18.462700 14.514900 13.163500 
1863 2 26.258500 22.522100 10.181900 
295 2 16.429200 21.053500 10.967700 
1903 2 13.368300 16.037600 8.909390 
1537 1 15.945300 23.736000 8.292180 
1949 1 26.007900 16.561400 9.091510 
471 2 15.419600 26.188600 6.553810 
1401 1 15.481600 20.666000 7.322130 
579 2 25.815800 13.873800 12.236100 
1262 1 20.002900 23.398900 11.896900 
465 1 20.225900 18.100100 10.538500 
1902 1 22.282200 22.877400 2.623760 
459 2 15.004100 24.824700 12.047900 
1727 2 22.914600 22.535700 2.762810 
600 2 25.828100 18.366000 1.639280 
1063 2 20.923700 13.941800 13.011500 
263 2 18.468200 20.350400 1.037810 
727 2 18.649400 23.637600 6.150340 
829 1 15.657900 21.154000 10.137900 
863 2 13.589000 14.346100 11.035900 
1247 2 25.694000 15.534600 9.912060 
1697 1 24.760400 13.410100 7.525850 
1313 1 18.583100 26.092200 6.785090 
1525 1 14.746600 15.157500 10.059600 
321 1 25.934600 19.847700 7.881660 
183 2 21.580800 14.483700 10.304200 
907 2 14.604500 15.601500 1.792690 
368 2 24.618700 20.644400 6.693470 
1024 2 19.274700 19.812300 11.214300 
37 1 21.588000 26.522500 5.390990 
1654 1 18.086600 23.845400 2.707580 
1085 1 24.214800 22.839200 9.079260 
733 1 13.641500 18.684900 12.416600 
42 1 18.300900 13.506400 0.450269 
1584 2 25.901400 18.201200 6.453650 
1548 2 21.652000 21.698900 6.402480 
400 2 14.798900 25.268300 11.152900 
1898 1 14.690100 24.006400 2.467110 
247 2 24.276800 24.891400 4.741160 
496 2 16.270600 24.860100 8.818020 
367 2 15.325000 15.874100 11.209200 
264 2 23.880200 26.405700 1.546690 
1003 2 20.201500 20.098000 3.419210 
524 2 17.428900 14.268600 8.164030 
682 1 24.919400 25.834400 7.336490 
440 2 19.315200 22.017600 2.319520 
489 1 15.343300 13.787800 11.656700 
1190 1 21.293100 13.409400 8.786710 
1667 2 22.545800 18.600600 7.931390 
1263 2 15.609000 25.089200 9.534370 
276 2 19.137800 24.239500 10.590700 
528 2 17.290500 23.774400 2.011080 
1855 2 24.221200 16.464900 8.334470 
269 1 21.325600 24.882300 2.314350 
1637 1 19.668500 16.496100 3.412630 
1908 2 14.760500 17.134800 11.027900 
862 1 16.235000 26.387000 3.185890 
394 1 18.980300 19.399800 10.519700 
1734 1 13.564600 24.270800 12.995500 
1559 2 24.552900 21.214300 9.905530 
98 1 14.299000 16.689800 6.737990 
1204 2 20.769400 25.868100 12.017600 
873 1 17.704400 20.424800 11.767800 
1835 2 15.538900 23.477000 0.426740 
1520 2 15.938400 13.485300 2.261700 
777 1 20.204900 15.357300 7.837680 
806 1 21.432000 20.887700 8.328710 
1677 1 21.870000 22.579800 9.684070 
771 2 24.143000 19.396400 2.592030 
51 2 26.237400 23.733200 5.972760 
884 2 15.453400 21.509900 7.161970 
334 1 23.197600 25.016800 0.412018 
320 2 19.986200 23.333000 4.400300 
580 2 22.931500 24.749200 7.523150 
520 2 15.756700 14.065000 9.808000 
1838 1 22.185400 19.281000 13.033000 
687 2 20.178400 18.461900 2.329610 
192 2 19.929400 26.303500 3.312350 
190 1 14.491000 26.361400 6.883240 
185 1 24.956900 18.353000 13.243200 
404 2 15.115300 18.213200 13.241400 
344 2 19.528300 23.119700 0.130007 
1211 2 17.193900 15.116800 0.065732 
1922 1 13.842400 14.397900 24.201500 
1258 1 14.139400 19.195500 15.677100 
1103 2 20.016700 17.790200 13.781700 
952 2 24.884600 15.515800 17.960500 
1357 1 21.364200 14.642100 25.976800 
1569 1 13.455600 21.322800 22.683300 
671 2 17.860100 22.713600 24.796200 
573 1 14.916400 13.645500 26.420800 
1754 1 20.266200 13.361500 24.168500 
157 1 18.535100 20.821400 19.778300 
798 1 22.388600 15.233700 22.052600 
355 2 13.759800 26.454300 25.464200 
1518 1 13.669500 25.900300 25.029000 
303 2 25.735900 22.691400 16.950900 
155 2 17.261200 26.095700 25.258900 
187 2 16.327700 20.488800 15.392400 
1849 1 15.331000 24.046100 25.381600 
684 2 25.452300 14.634300 18.324900 
95 2 22.823700 18.493300 20.438600 
88 2 22.167500 23.910400 20.756700 
672 2 16.614600 16.701600 21.395100 
865 1 23.566300 16.133800 14.613300 
717 1 23.078300 21.232200 14.383800 
543 2 19.993600 23.387100 21.596600 
1492 2 20.189300 18.969500 16.363500 
256 2 15.242900 22.103800 19.080500 
492 2 19.134400 24.888600 20.552400 
754 1 21.422800 25.698300 20.127200 
1354 1 16.807200 23.746000 19.778400 
975 2 20.031900 15.859100 24.850600 
1663 2 18.110000 18.842500 18.022500 
1222 1 21.593900 23.349900 13.531200 
1825 1 15.010800 22.063100 13.986000 
96 2 18.976000 17.249700 25.548100 
1444 2 19.371900 24.419500 17.121000 
1598 1 13.675100 14.148400 17.382300 
575 2 23.013500 23.991000 21.206400 
225 1 16.117500 20.201300 17.925600 
372 2 16.416800 21.544100 15.176200 
390 1 13.323600 20.734900 15.734200 
40 2 14.516300 24.671600 26.073000 
259 2 21.942600 15.274100 21.416100 
1149 1 19.180800 16.937300 13.729600 
111 2 16.736000 14.579400 22.400300 
1130 1 22.000100 16.797000 25.171200 
576 2 19.738200 15.268200 19.814100 
1132 2 23.054300 21.584100 20.941800 
1038 1 25.598800 22.737900 16.509400 
1823 2 13.799800 20.807000 15.089900 
1829 1 20.394100 21.177000 26.395700 
17 1 20.275400 15.836900 24.474600 
180 2 25.974500 16.168400 16.787800 
1840 2 25.610200 19.973200 23.220000 
1067 2 20.550800 24.619000 14.499300 
364 2 25.449100 25.289700 25.383400 
428 2 22.803000 22.151200 18.848100 
592 2 25.415300 23.238700 22.747000 
448 2 15.434700 25.132700 19.158400 
716 2 15.483000 21.200200 15.438500 
403 2 15.816600 14.190100 22.341100 
1719 2 15.059400 16.940500 20.487800 
1993 1 13.877200 25.912400 18.894300 
1047 2 16.248900 24.179500 19.407900 
1698 1 20.254600 21.702300 16.776300 
305 1 14.963400 17.345900 14.136500 
313 1 15.055600 25.784200 16.870300 
1057 1 23.507900 21.236900 23.564500 
287 2 21.784700 13.449300 18.964400 
1643 2 26.519900 25.113400 26.047100 
1171 2 17.418400 23.164700 20.337400 
1455 2 14.954800 14.774100 26.167100 
1178 1 16.430500 22.494100 25.347400 
1826 1 14.983600 18.244800 20.312700 
1118 1 15.739300 17.263600 19.570600 
670 1 21.007300 25.746400 22.667500 
1083 2 20.115500 18.422500 17.451000 
484 2 21.130100 13.610500 21.215200 
1992 2 22.617900 25.953600 16.296900 
1418 1 18.970000 24.223000 20.275600 
780 2 19.988900 16.980100 24.126000 
416 2 17.175700 23.344900 24.616700 
1853 1 25.622900 24.737700 16.620700 
182 1 21.143100 20.026600 18.165000 
26 1 20.593800 23.381300 21.149100 
1892 2 15.105500 21.047900 22.006400 
1430 1 14.456900 19.590900 17.502500 
1732 2 22.007900 22.680400 25.013300 
1351 2 17.265800 17.499900 21.490300 
114 1 23.550700 22.800900 18.076800 
1515 2 20.415200 13.394100 25.337200 
1848 2 17.609100 25.296800 25.436900 
844 2 14.279400 24.201800 14.709800 
458 1 13.772300 22.445200 21.086600 
250 1 24.226300 24.499500 19.005300 
1622 1 15.372500 23.152200 20.400400 
1228 2 25.658600 26.155300 20.047100 
382 1 26.394700 16.904200 20.846900 
75 2 19.151400 19.455000 21.894400 
1093 1 25.007600 13.810200 16.626700 
758 1 22.835200 25.287800 23.108000 
64 2 22.818000 22.201200 20.749500 
958 1 16.836900 19.336100 19.955900 
540 2 18.716000 23.712200 13.539500 
1365 1 23.475600 16.786900 17.993300 
203 2 23.312700 24.240100 22.897800 
1105 1 17.224300 22.251300 23.673400 
1797 1 20.784700 19.974400 23.568700 
386 1 24.234300 23.929500 21.765500 
21 1 14.923500 16.388400 20.019600 
138 1 21.855000 13.977300 13.551800 
1029 1 24.180700 25.938300 22.935200 
1953 1 21.208700 14.532200 15.838200 
479 2 17.057100 26.072000 24.740900 
1596 2 22.131000 23.832000 13.675500 
1360 2 16.778200 13.695200 24.485900 
881 1 20.164800 18.129900 23.142100 
786 1 18.220800 23.434600 25.406500 
1146 1 21.652900 22.506700 25.618200 
1907 2 20.894800 23.627300 23.581300 
548 2 13.347700 15.455600 24.609200 
175 2 21.379900 14.283900 19.305300 
793 1 15.850200 26.377900 15.756600 
1648 2 26.210200 14.995600 24.227000 
1710 1 20.484400 23.988700 14.382700 
24 2 26.364700 19.377200 18.924400 
887 2 17.838600 20.800800 13.893000 
1718 1 18.457100 18.454600 20.945300 
1656 2 14.704700 21.286800 26.390700 
1114 1 14.937700 25.841200 21.674100 
452 2 19.145400 19.990300 20.776800 
1715 2 23.818500 17.214400 17.701900 
1025 1 19.707400 18.160700 19.009700 
362 1 16.022400 24.877400 19.471800 
1781 1 18.278800 21.312600 14.768700 
1187 2 13.337800 25.491600 25.479800 
536 2 15.994100 17.220400 15.601600 
831 2 14.668800 25.336800 20.295900 
629 1 21.084600 17.680600 17.053500 
1736 2 14.083700 22.672500 22.474800 
1737 1 25.382100 15.819800 14.327100 
827 2 14.109700 23.290100 22.513500 
941 1 25.010300 21.783500 16.720200 
665 1 14.274800 17.191000 24.116000 
1982 1 24.927300 18.609000 19.864400 
150 1 16.802000 16.090200 21.227700 
476 2 15.963300 18.323800 26.107700 
585 1 15.775300 23.272600 19.173100 
1082 1 16.680000 18.240900 18.261700 
79 2 17.333000 17.191600 16.533200 
1078 1 19.622900 24.529600 26.391700 
1251 2 23.748700 20.726600 23.237400 
1769 1 21.834200 20.984600 26.017800 
1841 1 25.533200 25.931600 13.594100 
679 2 15.232500 20.013000 22.065400 
550 1 19.778400 23.709700 16.430000 
1443 2 19.080100 25.102800 16.996800 
1339 2 14.759200 18.978600 18.732700 
1372 2 15.441500 18.002600 18.756500 
703 2 24.704600 17.971700 13.711000 
886 1 21.608800 23.244700 22.065700 
510 1 26.136800 21.210600 19.609200 
950 1 25.992200 13.800000 18.476300 
666 1 22.897800 25.800400 15.163200 
178 1 18.810800 14.129100 21.589800 
551 2 18.806800 26.431000 18.140400 
1099 2 14.964800 19.199700 15.406100 
1240 2 20.846700 15.312200 15.470000 
693 1 23.563800 19.431700 19.354000 
1483 2 19.334400 21.474600 17.837400 
1207 2 23.778500 14.273600 14.839500 
374 1 18.126400 13.585000 24.820100 
781 1 22.514300 25.758300 16.653600 
818 1 25.423900 17.869200 16.412600 
1023 2 18.749500 24.092200 16.750700 
1110 1 16.411900 18.490500 25.974400 
118 1 16.544900 26.125700 17.736500 
761 1 14.463300 13.576500 21.215000 
645 1 20.301800 15.112800 19.946500 
784 2 15.354500 26.031100 22.099300 
149 1 22.895400 19.774500 15.217200 
919 2 22.408700 15.623500 25.319400 
87 2 20.622900 23.836300 13.579100 
1091 2 13.493000 21.778400 21.225900 
1594 1 14.725700 23.132200 15.351400 
1670 1 20.137900 20.219000 15.017300 
1532 2 25.389000 16.931500 20.618500 
385 1 14.874000 22.165300 23.104700 
1069 1 22.647000 17.987800 22.260800 
1852 2 16.275500 23.978500 17.669400 
1566 1 21.146500 22.775300 18.655000 
1302 1 26.096700 25.245800 26.206400 
420 2 21.873700 21.997500 16.138600 
1775 2 15.979300 22.544100 24.027900 
1818 1 20.297700 23.233000 23.889600 
214 1 25.225600 16.151700 18.218200 
144 2 20.306100 16.864100 15.903900 
2000 2 23.332000 20.186500 13.882500 
1119 2 22.759100 24.698600 18.665800 
1514 1 14.338000 25.388900 14.909100 
1702 1 15.952200 17.918600 16.061000 
450 1 24.288100 23.681500 25.657500 
158 1 17.531500 16.420700 24.425800 
1874 1 13.674800 23.598700 23.456800 
211 2 26.530400 17.192400 21.009700 
1872 2 15.665100 17.095100 17.381600 
44 2 16.423400 18.786200 19.565800 
322 1 16.092400 26.235400 25.885300 
1261 1 22.576500 23.013300 20.281400 
208 2 21.620200 17.460900 16.440400 
1011 2 26.339300 24.299300 24.842600 
1976 2 22.915800 15.649500 26.119100 
891 2 23.346800 20.028400 17.017800 
1229 1 18.276900 21.979900 15.942500 
383 2 21.828300 23.157300 26.189700 
807 2 23.677200 17.673700 13.874000 
1607 2 13.646700 19.373800 15.988200 
1885 1 18.178500 16.795900 15.151600 
27 2 17.918900 14.766900 22.440700 
246 1 17.031200 14.110800 25.424600 
337 1 16.207200 20.116600 14.913700 
393 1 15.264300 20.085700 21.841200 
890 1 19.084100 23.633800 21.148600 
1389 1 20.018800 15.309600 15.675900 
516 2 21.330800 16.274400 19.934100 
828 2 20.332900 23.973800 19.289700 
299 2 26.183600 16.386400 17.176000 
1929 1 16.862200 24.614100 23.612700 
1738 1 16.522100 22.854300 16.562600 
1685 1 23.133900 23.792100 13.420700 
1166 1 23.165700 15.478000 25.181400 
1630 1 19.649500 26.368700 17.213000 
1634 1 17.991600 25.181300 14.062400 
1377 1 16.125500 15.965800 22.597300 
1721 1 19.545800 24.013300 18.447300 
1422 1 25.281100 20.052300 23.803600 
7 2 20.271900 21.971700 15.756700 
602 1 22.007300 22.187000 15.890200 
1608 2 24.460900 23.966600 16.056400 
870 1 26.270800 24.089100 20.593500 
1158 1 17.470700 16.577600 17.663500 
279 2 21.773100 23.245100 18.380000 
1035 2 24.156500 26.131400 17.095600 
1310 1 13.385400 20.009400 23.927500 
1706 1 18.631200 22.655800 13.581500 
523 2 16.389400 25.705600 16.283600 
1824 2 25.899800 14.422500 26.223700 
1534 1 21.363500 16.562600 14.301000 
567 2 21.891400 21.206100 13.972300 
1529 1 19.169600 26.332700 19.277900 
1264 2 15.354900 26.359200 16.094000 
1486 1 17.711800 13.541700 19.082700 
1957 1 14.195200 22.450900 25.577900 
1910 1 13.928200 19.711500 25.949500 
1828 2 26.384300 20.269900 14.042800 
1174 1 26.038200 14.691200 20.533800 
453 1 19.995800 13.795200 17.902700 
156 2 18.169300 14.276000 26.312700 
901 1 17.846600 15.203600 13.318600 
1787 2 20.716200 15.784100 13.442300 
