id type x y z 
1916 2 4.412780 9.382090 4.775110 
1205 1 0.737544 9.523260 2.905630 
1814 1 3.636460 3.504850 7.631030 
701 1 11.864900 3.380340 3.222930 
766 1 9.180530 3.287240 1.113630 
1749 1 12.220600 1.698310 1.412810 
990 1 3.663760 6.656170 1.290460 
132 2 8.153670 5.807750 9.378730 
1642 1 7.830630 11.996300 9.223490 
354 1 10.884500 11.296200 8.042590 
1843 2 4.819330 1.222870 8.265900 
124 2 12.256800 9.658040 5.626810 
1090 1 13.391000 12.440200 8.059230 
412 2 10.901600 9.663700 10.736700 
1304 2 5.039020 6.436380 1.865680 
1936 2 12.702400 9.696710 1.834770 
872 2 11.333400 0.675334 6.139820 
483 2 8.746750 11.107600 1.167970 
1346 1 1.949130 3.710770 1.688480 
1371 2 2.050330 3.657320 0.980299 
1045 1 0.332582 9.488870 11.368600 
1870 1 8.410050 7.009990 6.289910 
1200 2 0.910071 9.284550 3.217040 
846 1 12.550600 11.406800 12.862100 
1799 2 8.990410 0.649219 12.770500 
1217 1 0.986760 2.553500 3.701460 
1987 2 9.311690 6.685470 4.716660 
197 1 0.656422 13.509500 6.302520 
419 2 12.861800 9.034710 4.950660 
224 2 0.336283 11.452600 11.473800 
251 2 2.782620 3.456210 6.743420 
1983 2 12.409200 3.965510 9.872340 
1977 1 5.113870 7.123250 9.398320 
1166 1 7.772510 11.254200 6.163340 
1252 2 2.282260 3.886100 1.922030 
1015 2 4.596710 7.560750 9.480210 
530 1 7.597880 5.078980 6.300690 
418 1 8.570780 8.433430 0.446713 
55 2 6.755380 10.484700 9.672680 
1186 1 6.673520 9.885190 7.939700 
1281 1 8.137930 7.023820 -0.095203 
687 2 12.090000 1.419010 8.239420 
1202 1 12.354200 3.218490 8.969650 
332 2 7.859190 12.867600 5.496370 
1941 1 6.743380 10.089000 3.888590 
45 1 2.432920 11.850000 1.348550 
200 2 0.481710 9.487190 2.560580 
1659 2 8.397230 8.497400 8.004700 
1982 1 3.356280 7.932340 6.219700 
1044 2 2.959510 7.178510 9.264810 
662 1 9.698120 11.919100 4.622130 
509 1 4.385700 1.568100 2.364820 
1610 1 5.321400 8.898280 9.181880 
401 1 8.057030 7.739760 8.208040 
1426 1 6.355350 13.430300 11.829500 
1341 1 9.857990 7.769290 9.392180 
1311 2 11.527600 9.757510 8.795000 
1975 2 11.246400 5.428640 1.525490 
439 2 5.140780 8.383520 5.846480 
982 1 2.990650 3.475170 3.761590 
1552 2 5.858120 12.748000 5.287910 
1031 2 8.145290 10.816300 7.084450 
1863 2 10.361900 2.668390 2.974080 
1917 1 6.751580 9.834550 10.553200 
1021 1 3.152650 6.242570 7.038100 
1697 1 3.811860 11.926400 8.110240 
1671 2 2.595860 10.935700 0.799468 
202 1 1.821120 10.644200 3.976980 
564 2 12.474100 1.576410 11.935800 
594 1 11.368900 11.328400 2.690870 
1673 1 5.543110 1.805670 5.322610 
1913 1 10.472100 5.106550 10.048000 
795 2 3.405020 12.708400 3.784890 
879 2 12.484700 7.236400 8.643940 
789 1 10.004500 5.590260 4.416590 
1556 2 1.442340 13.115200 7.337570 
1601 1 4.939110 5.590810 5.634490 
1894 1 5.399540 12.111800 2.101400 
432 2 10.937500 11.209400 1.100970 
1984 2 11.723800 1.896970 6.158800 
362 1 11.928800 9.570360 8.214160 
41 1 3.796980 9.219940 9.725220 
233 1 5.039990 1.579890 8.480760 
892 2 2.217540 7.022400 5.008100 
1242 1 1.644990 9.346570 3.134360 
1597 1 7.792310 10.814900 2.093730 
1456 2 3.848610 3.449930 9.898460 
1903 2 9.449390 1.194960 0.981645 
40 2 6.497990 6.157760 0.623723 
878 1 11.687100 5.126920 2.660490 
28 2 11.019000 4.568190 9.232200 
525 1 0.453883 -0.066707 13.228700 
1012 2 5.393700 2.792510 3.377760 
249 1 8.582180 11.319000 3.251960 
1383 2 7.202320 1.463900 5.828820 
803 2 1.639570 0.841486 4.799310 
1300 2 11.321700 11.414200 4.117340 
1088 2 5.466530 6.081300 5.935910 
1405 1 10.016700 9.340750 13.161800 
816 2 6.555840 7.412520 2.930420 
981 1 5.628060 5.971800 1.898690 
1065 1 11.138000 3.783590 0.613650 
31 2 10.053200 4.651050 11.204600 
1624 2 13.429500 10.553000 13.160300 
916 2 5.414760 4.084360 10.636300 
827 2 12.588800 0.363694 3.163730 
642 1 5.053510 3.612920 2.484230 
1915 2 7.948870 0.933320 3.527190 
491 2 5.418170 6.305090 9.206130 
146 1 4.463940 8.405030 2.959540 
241 1 8.964930 6.498060 10.973300 
1022 1 1.407710 5.192630 6.701740 
183 2 3.158300 3.173480 7.563080 
1213 1 12.435500 0.396966 3.247720 
952 2 1.847470 10.977400 11.203000 
1699 2 8.666580 6.649410 10.575200 
378 1 9.981740 3.641510 6.825310 
730 1 9.298540 9.108290 2.278550 
1411 2 8.054780 6.993860 1.391560 
406 1 6.090320 2.643450 4.351350 
1646 1 12.333300 7.298280 6.988210 
1549 1 1.107350 8.826600 13.039500 
1459 2 11.406200 7.866290 12.280000 
1035 2 10.387200 6.796710 8.379880 
237 1 0.729153 5.741170 2.213130 
776 2 7.669530 3.398900 9.064370 
1731 2 2.706810 6.501320 0.527881 
369 1 5.929320 8.759300 1.833430 
1017 1 6.228870 5.194090 11.200900 
1064 2 10.606000 10.593400 8.364470 
1872 2 8.409080 7.490010 13.049000 
1211 2 12.524100 10.756700 0.560210 
34 1 2.753190 3.462230 9.921180 
1962 1 6.241100 1.688220 11.411700 
379 2 0.081515 5.779000 3.331130 
1757 1 6.470070 8.795220 12.210900 
1947 2 1.566640 2.329440 9.600470 
1169 1 9.355170 0.210113 12.669600 
307 2 12.549500 5.503400 13.023700 
1551 2 1.395160 6.152130 7.672990 
622 1 3.268070 5.505010 8.845210 
214 1 0.066705 0.832056 7.666840 
72 2 8.382710 4.696880 6.818350 
1888 2 5.791230 10.275400 8.407550 
1124 2 11.182800 5.318190 3.863020 
1934 1 7.871200 2.057610 3.779840 
1334 1 13.194400 8.961380 3.694860 
480 2 1.264100 4.485910 6.434420 
1765 1 7.908240 3.381150 8.873520 
1996 2 7.387150 8.601080 8.095590 
1004 2 0.255356 4.261070 9.268100 
1776 2 5.773220 12.450700 11.155100 
455 2 0.635626 1.519080 2.159690 
501 1 10.074200 11.102000 5.708890 
1161 1 10.519500 10.828400 9.771450 
335 2 6.009100 6.767260 13.472100 
25 1 10.406500 2.145560 2.554910 
445 1 11.892500 0.683904 7.768920 
411 2 10.522500 10.402300 8.545830 
653 1 10.317400 9.995520 7.975400 
409 1 10.982500 5.416030 13.251100 
1868 2 4.573240 5.948250 12.515900 
270 1 2.402770 4.086790 6.900940 
1280 2 8.719860 4.642130 12.203400 
84 2 7.898700 0.268661 12.214600 
583 2 0.370725 5.924630 10.150500 
1286 1 11.261000 3.626900 7.892250 
58 1 12.065400 10.667000 5.950410 
1014 1 4.473790 11.268400 6.583870 
1224 2 7.976210 11.088500 3.076930 
666 1 0.371500 6.217960 10.597600 
235 2 12.327200 11.933100 12.765700 
49 1 11.652600 12.850100 11.430300 
524 2 10.399400 6.723700 6.135870 
187 2 6.020660 11.035600 12.978400 
1519 2 3.719400 3.754480 7.690270 
227 2 8.778180 0.003939 0.306285 
554 1 12.780400 2.116070 7.361600 
1734 1 10.716100 6.951520 11.191100 
206 1 0.405602 10.288100 8.821610 
329 1 8.953380 0.633180 1.687930 
1927 2 2.814110 1.654260 1.902350 
1796 2 12.025900 11.724300 7.438450 
1393 1 8.395500 7.008940 3.819670 
294 1 10.149400 6.818900 5.961660 
1812 2 2.916840 11.287300 8.128700 
174 1 10.972300 11.697600 0.779459 
1693 1 4.127740 8.083370 11.671500 
851 2 9.407550 11.624400 4.971900 
497 1 0.045835 6.572430 6.469140 
1332 2 6.198650 11.383100 0.230775 
636 2 12.930500 3.386410 7.837480 
1850 1 11.896600 6.716710 8.382350 
1969 1 6.402490 6.815020 6.825520 
177 1 10.831500 4.171780 10.996700 
1099 2 6.104310 9.262150 5.454870 
763 2 4.915110 8.459940 1.980650 
1764 2 12.544900 0.371296 2.809150 
1680 2 4.101580 6.437040 7.568370 
969 1 5.123290 12.041500 9.811140 
355 2 8.031010 4.288260 8.098320 
1020 2 11.003400 2.875520 2.723020 
1794 1 1.639590 7.522180 8.540140 
1487 2 2.753020 10.218000 11.200400 
360 2 8.165610 8.575180 2.023790 
1504 2 4.202300 3.332580 3.432050 
1167 2 4.094630 2.666750 3.493400 
511 2 7.236700 0.208057 9.940500 
1390 1 4.249320 7.685590 12.597100 
1706 1 1.081010 2.014630 9.949340 
1247 2 4.482970 11.378800 7.398270 
1005 1 12.552800 5.750940 5.532000 
519 2 12.520900 4.058280 0.282573 
1889 1 7.471530 0.434038 9.724520 
1515 2 3.720930 5.533600 11.509800 
1842 1 11.805200 0.289387 12.687100 
1959 2 7.069500 2.028650 4.036140 
995 2 1.186800 8.071440 5.188900 
1591 2 11.619200 0.905111 6.288800 
1041 1 8.348610 4.804090 8.475170 
1135 2 2.789500 7.307950 8.390250 
1450 1 5.439790 0.039339 5.055560 
1363 2 12.419000 13.210600 4.781760 
495 2 6.211240 6.220830 6.194800 
1154 1 4.638240 9.917030 4.373910 
1216 2 11.314100 8.524670 3.415100 
852 2 7.633390 1.025260 12.894300 
1733 1 8.448630 5.116190 13.029900 
1244 2 7.340510 9.233700 18.633500 
1526 1 1.605240 10.509300 25.004500 
62 1 10.403500 11.075300 26.452200 
1547 2 -0.171145 2.219240 20.177900 
1579 2 2.314380 1.198920 15.131300 
348 2 13.303800 1.013480 19.981500 
1053 1 0.804139 12.192600 18.355800 
1327 2 4.438770 1.042160 19.912600 
201 1 3.973510 10.978700 23.233700 
908 2 8.857240 11.778600 13.838500 
850 1 7.417900 10.106000 20.262700 
486 1 2.196120 9.834680 15.718900 
609 1 13.271400 8.912910 23.923900 
871 2 10.631900 6.795720 15.737100 
1414 1 8.817000 1.042500 23.068800 
859 2 5.474540 7.610680 25.947600 
271 2 1.310470 10.973200 20.613500 
1694 1 7.075060 6.046830 19.706700 
1971 2 11.857600 9.037030 22.193000 
1457 1 5.279580 5.691420 19.041500 
1267 2 3.352320 4.933770 21.387700 
833 1 7.545970 9.268770 22.331800 
37 1 5.799400 5.871070 25.348200 
1578 1 7.829490 4.993760 23.069200 
265 1 8.739980 13.285500 14.605300 
350 1 10.236100 9.677820 17.140900 
1243 2 0.984980 12.636100 16.445100 
1069 1 9.362600 7.101270 14.371400 
1136 2 7.810330 1.292580 25.341600 
562 1 11.836600 11.354500 22.732300 
400 2 8.657690 4.303280 15.114200 
444 2 6.250380 9.566650 22.633300 
1291 2 8.422260 7.220220 25.243100 
257 1 8.875280 9.288220 17.997900 
541 1 2.417620 5.903350 16.317200 
747 2 7.456090 11.610200 17.405700 
330 1 2.655720 10.187500 17.345100 
318 1 1.975330 13.117900 17.324200 
721 1 3.609540 1.433400 26.603600 
1026 1 6.656610 8.619860 13.943100 
1333 1 2.465710 0.841610 14.500200 
464 2 3.093370 11.426000 15.849200 
641 1 5.592150 3.287460 25.837700 
1033 1 11.868100 11.901300 19.321900 
1652 2 3.748830 2.704480 23.248500 
552 2 4.244190 3.353180 16.291100 
759 2 9.846090 3.292850 18.274600 
1428 2 5.694850 2.060920 22.601200 
853 1 11.971000 8.777640 21.648700 
707 2 6.540060 5.862750 15.023700 
931 2 7.899830 7.115270 16.123500 
1957 1 11.753500 3.843210 18.889600 
402 1 8.135170 7.904330 19.211300 
1924 2 3.956160 9.718990 24.971800 
285 1 4.580260 1.030370 14.454300 
1321 1 3.792250 8.182240 24.993200 
1536 2 7.139010 5.957560 20.513500 
39 2 5.168550 3.222040 22.807400 
113 1 10.520600 4.097650 18.104000 
864 2 7.623440 12.868500 16.334900 
628 2 1.918820 2.153720 17.236200 
1752 2 10.560600 2.656130 21.743400 
608 2 10.521200 8.666890 15.159000 
220 2 9.819890 7.191950 20.065900 
1277 1 2.481350 11.297400 20.081600 
1682 1 8.843440 3.562500 15.358600 
948 2 12.939700 8.799520 16.299100 
1476 2 6.654170 12.317400 20.725000 
902 1 7.917600 10.468300 13.913400 
1788 2 11.396800 12.086000 22.841000 
722 1 4.739210 4.456570 21.056500 
1521 1 1.142560 6.558720 25.139000 
849 1 11.417300 7.370170 21.349100 
358 1 3.618040 4.105590 16.491100 
277 1 4.659740 10.029000 16.865200 
1301 1 2.197940 8.070760 21.010000 
1891 2 0.990577 0.835312 24.696300 
1042 1 5.913370 1.755840 22.701900 
1805 1 1.026550 8.313410 23.144500 
735 2 2.139680 10.022300 14.082700 
1115 2 11.005200 3.498440 17.396900 
773 1 9.881090 3.906470 25.461800 
1089 1 3.662240 9.000260 14.470400 
1413 1 9.611200 6.662340 25.324400 
1883 2 2.889180 4.326750 15.865900 
229 1 1.709950 5.664570 20.622900 
937 1 3.271090 11.776800 16.081400 
1192 2 1.332720 9.195150 24.041100 
1747 2 9.080650 7.660820 17.891500 
915 2 4.464130 3.838260 24.484900 
706 1 2.379960 2.000290 16.647800 
415 2 10.520000 0.660899 13.718100 
736 2 10.488000 4.716220 25.812900 
1919 2 9.237400 9.112730 14.238200 
699 2 4.453210 9.394600 19.559700 
784 2 12.248800 6.027900 20.613300 
1315 2 4.851130 10.756900 25.080900 
1824 2 3.643320 4.906630 21.995300 
1828 2 12.935600 12.498600 17.392200 
1830 1 6.107990 5.780530 15.892200 
1986 1 5.858810 3.221440 18.397700 
1283 2 4.880460 9.081180 22.008200 
1451 2 10.756200 1.234430 22.729000 
467 2 5.485450 2.191370 25.847700 
52 2 5.561480 9.537180 13.330700 
1251 2 8.421300 10.001600 22.448100 
913 1 3.578260 3.917570 24.602400 
949 1 5.438520 4.133900 22.566800 
994 1 4.500430 1.844310 19.688300 
1510 1 8.929190 9.660880 22.902900 
1051 2 13.245100 3.814840 20.025300 
1598 1 8.500720 6.546360 16.517100 
1447 2 5.457260 5.964850 18.699200 
207 2 2.212280 6.162200 15.940200 
1790 1 12.460500 8.634530 16.553500 
1926 1 2.960510 0.797350 17.458300 
1607 2 11.131000 10.409700 16.408500 
435 2 10.044100 11.616200 25.217500 
672 2 4.547610 9.854190 16.884300 
729 1 12.609500 9.453110 15.025100 
462 1 4.948600 10.813500 20.575000 
710 1 7.477590 11.327300 15.111400 
1397 1 0.834475 12.983300 15.415200 
1663 2 7.213450 2.403640 19.352900 
865 1 3.971900 12.349500 21.068700 
1460 2 10.344700 11.703900 25.380700 
1159 2 9.588130 5.527190 21.299300 
657 1 5.297850 10.015800 24.516900 
138 1 12.551400 5.068960 13.249400 
1028 2 10.402400 11.446900 15.720900 
1748 2 -0.059132 5.873810 24.927700 
731 2 5.246950 3.497170 18.210600 
1351 2 13.156400 3.914720 20.271900 
1496 2 10.861200 8.473280 20.899300 
839 2 0.226049 9.048850 16.221200 
170 1 1.859730 0.620602 25.366800 
503 2 0.492734 7.768870 21.976000 
1690 1 4.020280 0.668969 16.712600 
1600 2 2.922940 4.303950 14.166100 
1509 1 4.189630 11.677500 14.694500 
1620 2 0.681378 8.681150 15.836500 
925 1 0.600571 2.302570 24.598600 
413 1 11.680600 2.681400 21.680000 
279 2 3.170400 11.193200 21.858600 
837 1 8.695970 4.441700 21.381400 
1482 1 8.897260 12.189400 25.920200 
1226 1 8.014720 2.747060 20.271600 
1469 1 7.611550 4.012190 17.733700 
867 2 9.914600 12.532100 13.977200 
1623 2 8.983820 5.410860 20.623400 
960 2 4.618820 2.016350 18.270400 
556 2 6.004230 5.480610 18.954900 
1494 1 6.498210 3.788660 14.952400 
85 1 6.339320 0.270330 14.313700 
468 2 4.866650 4.045030 25.586500 
1241 1 13.214500 0.869308 25.520200 
1740 2 7.250520 11.168800 24.776800 
1614 1 12.007300 1.729280 18.490000 
845 1 4.064390 9.005140 22.427900 
290 1 6.524030 7.332330 16.672900 
168 2 7.217320 8.453530 23.264300 
1857 1 1.064210 13.001600 24.512800 
796 2 10.888300 12.969600 16.694100 
611 2 10.470600 11.564400 20.312900 
590 1 4.832190 3.262620 16.443100 
1586 1 2.644990 3.741670 14.938600 
1720 2 0.917522 12.892100 18.257000 
356 2 9.397790 1.553000 21.360700 
599 2 7.471950 5.101370 22.833900 
1271 2 4.698940 12.115000 22.051900 
1560 2 1.359710 1.949580 25.543400 
1609 1 11.769700 10.180200 26.121800 
553 1 6.677030 2.115080 19.561100 
1404 2 9.297830 7.971230 18.503200 
1047 2 13.375600 7.938590 25.484600 
1352 2 1.906430 7.505020 14.332300 
1325 1 9.966850 11.821800 19.804100 
551 2 1.011800 5.307960 23.300100 
1303 2 4.413020 11.468500 16.393000 
876 2 3.362420 4.698860 17.435700 
449 1 6.057400 5.962150 21.702400 
1010 1 6.417970 8.737170 17.832400 
405 1 0.431050 1.990100 13.241400 
964 2 3.370160 9.843600 18.630900 
953 1 6.562540 11.531800 25.425300 
1256 2 2.339660 9.230600 15.923800 
1523 2 5.695430 12.723700 14.587800 
989 1 11.236500 2.263500 16.580000 
1985 1 2.375680 2.446160 22.083400 
1686 1 8.172250 7.403800 23.445300 
732 2 3.892980 6.349640 24.760200 
997 1 10.592700 6.671250 15.779000 
133 1 10.910000 0.683273 25.828400 
1210 1 7.346090 9.602160 24.295500 
1237 1 4.613770 1.659980 17.853200 
272 2 6.079610 6.740820 15.534800 
278 1 9.864950 12.766400 16.630500 
1498 1 9.794100 7.297480 17.737100 
347 2 8.298940 12.815500 22.871400 
1590 1 9.369770 7.421100 19.673600 
1312 2 8.373130 3.461300 18.601100 
711 2 4.024480 8.050000 15.651700 
487 2 0.639982 7.782760 24.642200 
179 2 4.924340 1.288440 15.021200 
1774 1 4.546060 7.559740 25.846900 
1419 2 12.506600 9.385040 16.377500 
669 1 11.428300 1.301730 23.031900 
978 1 7.534350 1.777760 25.711500 
518 1 10.446000 12.149700 14.091400 
544 2 6.177250 9.270570 14.195800 
991 2 7.365500 7.427860 21.289900 
1585 1 3.488930 7.105760 17.257900 
1338 1 1.889930 8.975510 18.801000 
1753 1 3.397140 0.345927 21.065600 
1563 2 10.060400 4.361880 23.938300 
1918 1 5.753350 5.852380 13.262700 
893 1 10.906100 8.197780 16.412900 
1193 1 4.324080 4.308840 18.629400 
1322 1 2.503350 11.793700 15.242200 
186 1 7.422580 10.217400 26.577400 
603 2 11.788200 1.842230 25.028800 
568 2 10.903900 1.269860 16.504400 
1417 1 2.951470 4.821000 25.611300 
1123 2 6.434390 13.243700 23.903900 
1849 1 9.896760 12.319100 23.447000 
470 1 7.620790 12.666700 14.229800 
60 2 8.795310 12.703100 25.357300 
1952 2 8.405750 4.936830 26.140000 
1228 2 5.093880 1.354830 15.633200 
854 1 6.913210 11.797300 18.679500 
1825 1 10.142000 13.453900 19.258200 
1307 2 3.969970 4.911810 15.933200 
1616 2 13.151900 9.177730 24.531700 
1651 2 12.747600 1.352110 20.273900 
697 1 4.020090 7.178570 15.735700 
689 1 2.618270 12.505600 22.921700 
1605 1 6.845780 13.256600 22.985400 
1139 2 3.446750 0.863166 23.383200 
1388 2 10.409200 12.392300 20.386400 
1493 1 3.444890 1.106390 22.795100 
243 2 7.107380 9.128120 25.389100 
397 1 2.259770 7.713320 25.833400 
1674 1 5.130260 1.710460 25.250200 
1314 1 12.973600 7.685470 25.150700 
508 2 0.089075 2.931940 24.514900 
788 2 8.331050 12.951300 18.223800 
1455 2 11.826500 13.021800 20.144000 
1392 2 3.333090 13.038400 23.003700 
218 1 8.681580 0.631897 16.615700 
880 2 0.946221 1.669730 13.659600 
570 1 2.292300 4.413900 13.420900 
923 2 6.933710 4.122630 13.630800 
63 2 3.743180 17.815900 3.749310 
391 2 8.767980 24.098500 4.365820 
1789 1 3.917000 26.197300 12.698400 
970 1 2.379850 16.417800 11.973500 
423 2 2.567390 19.198600 11.714900 
1948 2 12.204300 22.799200 12.536600 
417 1 12.646800 17.551700 10.702500 
1284 2 3.778230 26.290900 0.615131 
1097 1 6.126270 13.993200 4.022660 
1664 2 3.691880 14.151700 4.860410 
1318 1 9.586380 20.185100 8.588850 
626 1 3.157230 23.946900 12.908300 
46 1 7.197020 25.999900 10.058100 
134 1 7.278920 17.308200 10.184100 
571 2 4.046970 21.013100 0.925270 
1980 2 13.384300 14.870300 -0.019230 
587 2 2.138500 20.968800 4.672540 
1331 2 6.920520 17.827900 10.704500 
1423 2 5.424600 13.360900 10.004100 
1155 2 4.799720 17.087800 5.261640 
1152 2 9.590630 19.855900 9.790460 
232 2 11.701000 24.800600 11.835600 
1648 2 0.625031 19.208800 0.811935 
1198 1 7.520190 23.520800 10.546600 
652 2 6.323820 23.934800 8.466320 
1018 1 10.521100 21.913300 9.664240 
136 2 9.413220 14.943700 1.926510 
794 1 10.575800 25.051700 6.372180 
783 2 3.521580 18.357900 10.743000 
1847 2 -0.180986 22.372900 2.490840 
213 1 4.886550 15.092500 11.798100 
1422 1 1.642460 15.338800 2.844260 
1906 1 9.030700 15.613200 2.140450 
1086 1 1.846320 21.950500 3.850300 
882 1 3.132360 23.218400 7.157390 
1104 2 6.381290 17.528300 0.839995 
575 2 8.116070 15.834500 1.351720 
914 1 12.267600 16.573500 1.916830 
1691 2 10.073800 19.149100 13.052000 
1618 1 10.639500 19.434100 6.359280 
967 2 11.296700 24.057300 0.667236 
1373 1 12.103400 22.339800 4.431070 
1900 2 1.697520 26.514700 8.217450 
1587 2 4.679470 20.504800 7.450290 
660 2 3.686690 25.903600 6.564410 
1077 1 3.679440 19.295800 5.864110 
190 1 12.875600 19.935600 8.656780 
361 1 4.141840 24.010600 3.729320 
1612 2 4.231920 26.096700 6.724120 
128 2 1.069280 26.319500 3.326700 
1972 2 2.384470 18.972100 12.468700 
169 1 8.868980 20.153900 1.877680 
600 2 1.470740 19.021300 4.778890 
1081 1 7.249830 14.039900 5.943680 
1175 2 8.772960 17.192900 7.321690 
691 2 11.702400 19.930900 0.808529 
2000 2 4.674060 25.818400 12.218500 
537 1 0.145597 23.796300 3.660080 
496 2 10.769800 26.042000 1.555830 
1449 1 7.461390 15.945000 1.763980 
956 2 10.586600 17.383600 2.591790 
1479 2 9.339160 20.139500 6.205650 
16 2 12.464500 14.937200 10.685800 
860 2 1.983970 21.029600 7.577460 
1037 1 10.953800 26.011800 3.807610 
70 1 9.497110 18.622600 9.920320 
1637 1 11.854000 16.589900 6.955730 
23 2 10.359600 20.392800 7.092920 
1468 2 7.722380 23.364600 0.268311 
1550 1 10.416300 17.170300 2.354920 
1101 1 2.840570 19.724300 3.220530 
43 2 12.276800 19.667000 8.790530 
263 2 12.565700 22.516600 10.272000 
1751 2 1.837850 15.265000 9.601340 
141 1 0.744947 15.045900 9.305370 
392 2 2.039900 15.445800 9.270410 
542 1 2.273370 16.280600 8.478730 
957 1 3.652010 18.517600 11.064000 
654 1 10.095600 17.836800 4.055960 
514 1 5.969430 19.707300 10.177200 
343 2 9.996710 16.409300 4.112150 
1860 2 7.086810 22.158900 11.008100 
504 2 3.360830 21.475000 3.962820 
1122 1 4.865980 23.318100 5.511210 
353 1 5.477730 22.501600 11.755400 
469 1 6.153230 19.341600 7.057550 
1844 2 7.224530 15.015400 10.762300 
1087 2 6.959700 14.117100 5.549810 
494 1 5.394120 16.816700 5.457370 
1066 1 11.838100 14.734100 2.565010 
437 1 9.928250 20.282100 4.664230 
1907 2 4.448730 22.516200 6.543870 
1071 2 11.734800 23.133700 10.018200 
847 2 7.132980 24.864400 6.900680 
32 2 5.575940 18.327400 6.326860 
661 1 1.003340 25.855100 10.319600 
226 1 6.380470 23.125300 8.659870 
1435 2 9.943740 14.923900 2.220470 
674 1 1.373540 22.637700 11.727500 
1834 1 8.712600 16.194400 12.518400 
1120 2 5.601750 16.754800 0.497455 
1508 2 6.916360 20.194900 3.640070 
306 1 8.688730 25.455000 7.366670 
1874 1 9.461770 17.430100 6.941940 
1896 2 0.233784 25.632300 13.028500 
1491 2 3.693730 15.718000 7.542740 
515 2 10.234700 24.859500 9.464510 
1070 1 3.462530 25.404700 1.043910 
612 2 4.320340 19.710600 9.332310 
1467 2 2.597000 16.588400 12.132400 
1543 2 1.916170 14.806500 0.923910 
740 2 0.510129 23.768200 3.687700 
485 1 2.549790 14.676100 9.191100 
1501 1 3.666380 26.520100 4.805930 
299 2 8.868050 22.564100 10.750200 
1978 1 7.467240 15.105000 6.193270 
549 1 6.885240 18.838400 2.302750 
151 2 11.067400 17.276900 4.317780 
1695 2 7.053220 15.116500 12.042300 
171 2 11.684800 24.872500 5.449470 
619 2 10.459200 15.746600 11.049200 
5 1 0.664047 17.686100 12.340900 
264 2 11.599200 17.508300 4.719130 
74 1 5.507200 25.676900 7.531740 
1181 1 4.745180 21.651400 3.860260 
1758 1 12.943500 22.424900 12.947500 
521 1 11.829900 15.245200 11.894400 
728 2 3.037280 22.283900 1.051500 
910 1 1.935430 22.972900 0.864016 
90 1 8.816130 14.802300 9.074070 
741 1 2.494170 25.076000 7.702050 
284 2 4.062790 24.766400 12.268500 
105 1 6.073170 13.550000 6.023660 
1557 1 0.906179 26.325800 4.541020 
1084 2 12.886700 22.199800 9.839120 
212 2 6.436470 17.865900 9.340640 
336 2 5.105860 14.607900 6.517500 
1143 2 0.546682 21.043300 7.198950 
843 2 7.832170 13.397400 8.806930 
1768 2 2.968590 22.025900 6.757990 
1230 1 4.571990 15.564100 0.335537 
1707 2 6.723320 14.674900 7.087320 
1589 1 1.315850 17.876800 5.701680 
1409 1 8.048150 25.383100 0.452078 
589 1 1.952130 22.246100 9.922090 
1592 2 3.866740 15.802400 10.143200 
59 2 5.583570 22.683200 11.130900 
1527 2 6.850660 18.063000 1.662130 
1305 1 4.788360 25.651000 10.997600 
1958 1 11.413500 19.909400 0.590376 
939 2 3.760480 25.341500 12.441200 
999 2 4.042370 24.870200 5.096100 
1782 1 10.487700 19.070700 13.281700 
868 2 6.769750 23.376000 1.733560 
112 2 7.491360 16.913800 8.379290 
649 1 7.639500 18.602900 10.479700 
1442 1 2.539230 15.025000 5.686390 
1126 1 3.019000 16.679200 3.646340 
65 1 8.997430 13.753200 1.221160 
1859 2 0.676712 24.054400 4.790010 
176 2 5.352200 24.885900 3.800670 
1246 1 4.775870 14.699600 10.233700 
1381 1 9.884210 16.933000 9.241240 
894 1 3.409420 14.317100 0.600273 
814 1 9.534510 22.707400 4.692420 
1716 2 6.346820 22.410200 7.146370 
1257 1 11.383400 24.603000 1.201910 
9 1 3.833530 23.752500 10.468100 
1786 1 12.009400 13.955600 4.037740 
245 1 7.532790 16.817500 4.961810 
517 1 5.652870 18.086000 1.979650 
333 1 9.706000 23.483000 7.479680 
623 2 2.425400 20.527300 13.350000 
787 2 8.276360 24.193800 7.967510 
718 1 6.828180 13.685300 8.082320 
897 1 6.516040 15.575100 8.474110 
1712 2 9.388240 15.400000 2.109240 
1054 1 5.896960 24.716500 2.743760 
139 2 2.132030 26.108400 6.904810 
1294 1 12.226200 17.818000 0.435639 
477 1 8.250070 16.196600 10.594100 
1938 1 6.234050 21.657600 7.684110 
714 1 10.970000 25.301800 9.759730 
152 2 0.709369 19.855000 7.029950 
1813 1 6.597600 17.878100 10.884700 
1168 2 6.190800 20.681800 5.432150 
1635 2 1.826710 26.400900 11.738800 
498 1 0.162116 22.871100 8.036250 
1785 1 7.740300 22.406100 13.113100 
1309 1 2.770060 20.359200 5.955410 
1050 1 11.817500 19.377700 3.322880 
1356 2 8.352700 16.445100 12.624900 
1094 1 2.208330 20.933000 8.399400 
700 2 0.497426 24.821300 10.547100 
205 1 7.558580 20.208400 6.280110 
770 1 13.009300 14.664900 10.225700 
1320 2 10.115800 23.332300 5.654760 
1506 1 1.204620 19.044300 13.203400 
917 1 7.492260 19.844500 3.530110 
433 1 8.767480 22.358200 11.280100 
1945 1 12.942100 18.021000 1.854980 
1011 2 0.690743 18.313800 1.054690 
757 1 6.600830 23.293900 1.746480 
1130 1 1.443920 20.178500 3.626210 
1502 1 2.266130 20.760700 13.206000 
304 2 9.741050 17.683000 12.496300 
1424 2 13.366000 15.985700 12.968000 
539 2 6.736230 20.411400 3.799830 
771 2 8.405990 20.566200 10.003000 
1904 2 2.543100 19.523700 2.465680 
420 2 1.990260 15.101800 5.105580 
474 1 4.211740 15.709500 7.712700 
1615 2 11.328700 15.044600 10.997200 
131 2 9.174450 21.970100 2.864000 
100 2 13.048200 23.104000 1.351170 
1730 1 7.243440 22.872800 6.087740 
686 1 8.969190 15.334900 0.307801 
1713 1 3.465230 26.092200 8.162610 
1966 1 8.615670 24.967900 5.487890 
1709 1 1.022820 24.324400 0.564983 
1068 2 4.990670 16.528800 10.768500 
1675 2 9.988120 16.762400 8.502240 
308 2 5.794640 17.777500 1.573240 
1838 1 12.701600 23.058900 7.932230 
726 1 1.287430 18.166900 2.526190 
1869 1 13.171500 14.762600 5.459850 
1102 1 2.524830 18.909100 11.644600 
1399 2 1.478730 21.846800 10.808700 
1594 1 10.529100 23.748000 12.008400 
236 2 10.275800 18.530000 8.079040 
1939 2 12.349700 20.285100 4.109290 
1425 1 6.129260 20.916900 3.286160 
1326 1 12.977100 22.363400 10.001300 
431 2 4.264920 24.687300 2.090250 
885 1 12.712700 24.999200 5.143110 
341 1 12.868200 22.876500 3.650860 
389 1 4.170320 19.235500 9.991890 
520 2 1.778950 22.681100 8.979370 
280 2 11.099400 22.031000 0.013598 
376 2 8.773550 19.058900 4.335680 
1111 2 6.575730 21.457000 8.616030 
782 1 1.269920 20.734600 5.910750 
1877 1 4.476040 14.686400 4.493810 
247 2 3.944930 20.652700 7.680200 
965 1 0.488431 15.876400 10.919700 
1113 1 3.304270 20.989600 1.084480 
488 2 11.816100 14.273700 12.063400 
19 2 12.908600 17.639600 12.224000 
1797 1 11.675800 23.618500 10.115200 
643 2 4.939370 14.380200 2.842920 
193 1 2.516970 13.753900 12.170000 
708 2 13.371000 14.449800 3.185330 
268 2 4.890150 13.628900 2.164270 
1665 1 1.361420 26.516400 2.935300 
18 1 5.164850 22.984100 13.035700 
1811 2 1.843060 14.013800 12.254000 
1703 2 2.480260 14.223400 0.395903 
127 2 1.558230 24.552700 0.925035 
1358 1 4.655100 13.820200 2.361390 
1232 2 6.501680 26.000700 7.124830 
1639 2 5.589330 23.468800 12.824500 
490 1 1.680940 19.824700 0.378965 
1608 2 7.913490 18.516400 17.965600 
1661 1 4.132070 16.112900 16.231700 
314 1 9.675930 16.781100 20.245500 
1437 1 5.003390 20.602400 22.565600 
947 2 2.452300 23.238700 19.754000 
563 2 6.279010 16.434700 15.013600 
1121 1 3.854680 25.276100 15.416700 
86 1 3.637010 14.358700 13.674100 
536 2 11.790600 18.047800 24.511000 
198 1 5.084800 23.938100 24.273200 
255 2 8.515340 25.270300 15.886600 
1191 2 9.732620 18.543400 25.980300 
920 2 5.446170 15.259500 20.373000 
1613 1 11.761100 21.588500 23.707300 
1582 1 9.711250 21.883500 26.235500 
1250 1 4.664750 14.368000 17.496100 
195 2 6.437550 24.689500 25.015700 
1268 2 9.170100 19.001800 26.617500 
1513 1 1.022730 21.617700 17.713000 
1800 2 4.979550 19.778900 25.093200 
1784 2 2.724110 25.715900 21.129100 
1783 2 2.679160 25.622400 21.854500 
875 2 12.699600 20.926200 23.470400 
103 2 9.686780 20.829400 22.725600 
677 1 6.249680 16.359700 15.315800 
1058 1 8.600560 19.984800 22.151700 
712 2 5.438880 21.579000 15.023700 
1979 2 3.342140 26.079200 26.358300 
1062 1 12.365600 17.028600 17.987100 
522 1 11.862300 14.326100 24.966200 
238 1 6.099430 25.561500 22.446000 
289 1 0.237882 18.075600 21.936400 
117 1 0.275157 14.669700 16.564300 
1738 1 11.376800 21.796200 20.004100 
1804 2 7.300680 18.630200 23.917200 
211 2 3.966550 15.748000 17.683100 
974 1 2.729490 16.271100 24.902900 
610 1 5.371860 17.331700 13.816300 
681 1 10.248300 18.805700 15.582000 
1702 1 7.320850 24.136200 21.121000 
309 1 6.251150 16.967300 16.742700 
489 1 11.450800 13.535000 15.371600 
1477 1 5.377710 22.636000 17.079500 
1722 1 -0.217339 24.120000 23.221900 
1402 1 11.303300 23.655500 26.123000 
1337 1 6.201820 14.798300 14.842600 
1745 1 2.617310 16.750600 17.952000 
1091 2 8.014400 17.271700 18.075300 
632 2 11.126700 24.975200 15.026800 
924 2 10.512200 17.968800 20.948600 
1988 2 6.232630 26.496100 19.051700 
750 1 5.672480 21.063300 20.171100 
61 1 5.581100 20.536800 15.705500 
1254 1 11.179000 15.430000 22.795300 
352 2 5.687530 15.326200 17.201500 
140 2 0.968018 25.091000 25.681000 
1180 2 5.081290 20.900700 21.192000 
529 1 12.251000 20.778300 16.389400 
1475 2 4.580610 15.177300 25.256100 
1472 2 4.222970 22.712700 14.048800 
33 1 4.003540 18.635800 19.514600 
1387 2 9.488240 18.638700 16.253100 
808 2 0.505683 15.489100 22.032500 
1628 2 7.194710 24.762800 21.412900 
1760 2 12.482900 20.994900 14.001200 
900 2 12.908000 17.986200 25.209500 
1817 1 8.237420 15.589700 20.144100 
755 2 -0.021953 19.100500 14.893700 
473 1 8.425670 25.543000 21.573600 
1879 2 10.481400 13.343900 21.280500 
1445 1 4.493160 16.118000 25.549300 
1144 2 6.369940 14.409600 23.533700 
581 1 5.691330 22.121500 18.572800 
1269 1 12.524500 21.495600 22.971900 
1430 1 7.815970 17.561500 18.305300 
1007 2 2.856650 16.240800 18.859800 
1278 1 9.144360 18.415100 26.016000 
184 2 8.294160 16.781800 14.093700 
1973 1 6.956670 16.435600 19.324400 
1057 1 1.502010 22.668600 21.146100 
466 1 2.471030 13.849100 25.882100 
54 1 8.200260 24.281200 17.676200 
930 1 7.173920 17.305000 25.214700 
1395 2 9.979220 14.024000 18.714300 
727 2 3.161570 15.556000 21.124900 
180 2 0.462949 17.870900 14.144000 
858 1 9.358500 14.539800 22.756900 
325 1 11.585900 17.446200 25.545100 
1362 1 6.875820 19.930600 17.120700 
793 1 9.433120 22.453500 21.547300 
638 1 11.902700 13.657500 21.626500 
1470 1 3.692200 18.760100 15.254500 
1581 1 3.125820 23.936500 17.623600 
1777 1 10.851600 17.089600 17.120300 
130 1 1.847680 20.288700 21.903400 
828 2 0.960448 16.953200 19.674400 
1207 2 3.278990 20.193400 21.312500 
1910 1 10.231600 17.365100 21.626200 
1299 2 4.707900 21.340800 20.237400 
1574 1 2.745570 18.544500 18.171200 
239 2 9.932850 14.580100 24.403200 
22 1 7.656230 22.360200 20.590000 
68 2 3.263340 14.308100 17.289600 
1683 2 5.191370 17.011400 23.291600 
366 1 10.944400 16.122500 19.959200 
694 1 1.074620 13.578100 13.680200 
883 2 5.541290 19.061400 23.178800 
1887 2 4.005370 16.446400 13.526700 
785 1 0.903745 18.309300 14.379600 
1290 1 4.601740 15.801300 21.855500 
1807 2 0.323822 15.740400 24.802600 
1641 1 12.279800 18.766100 21.181600 
817 1 8.635440 22.710500 18.508000 
1199 2 8.182280 25.915600 20.033700 
121 1 13.110600 17.417800 15.881500 
637 1 0.300595 14.613100 23.404900 
56 2 4.193860 18.446500 15.289500 
598 1 5.084890 18.279800 22.470800 
577 1 13.291100 16.972800 20.625500 
244 2 7.748570 25.104000 23.205600 
262 1 8.283800 16.643400 15.256700 
998 1 7.708170 23.151200 26.476200 
513 1 6.671750 25.768600 19.255400 
363 2 1.723400 25.427300 15.717800 
826 1 9.506020 22.113000 15.202000 
1204 2 12.163700 23.835200 19.682800 
1914 1 8.324630 15.701300 17.258000 
1189 1 12.251400 18.363100 13.500800 
1072 2 8.502670 21.923500 20.384700 
295 2 12.655000 20.601400 21.823000 
426 1 5.973490 15.035100 20.545400 
1558 1 13.023600 23.759600 15.217300 
648 2 8.083980 19.808100 23.690100 
1329 1 6.938660 24.660600 24.595800 
1368 2 3.145200 16.754600 18.654100 
125 1 9.962460 19.347500 18.928100 
327 2 3.309410 15.652900 18.815500 
620 2 5.288660 21.215800 19.064100 
1040 2 11.321500 19.430900 17.670400 
1732 2 0.624985 26.464800 22.607300 
1259 2 1.116630 22.029600 16.955900 
1131 2 0.644286 16.567500 20.133600 
531 2 0.354245 24.030100 23.092800 
149 1 1.702920 24.236400 15.996300 
1127 2 11.420800 24.423800 21.307400 
1741 1 2.381070 25.480000 26.645600 
1530 1 10.869600 24.477400 24.245900 
593 1 2.974900 25.297500 20.812000 
1275 2 8.600820 25.082400 21.186400 
1532 2 1.217170 25.435400 17.397100 
1562 1 1.800030 25.528700 21.704000 
1023 2 10.372200 23.881600 14.136300 
1330 1 5.670630 22.295300 14.678500 
1194 1 12.991300 13.902900 24.226200 
739 2 11.207600 16.311800 18.233000 
1719 2 9.134460 16.442500 20.325700 
240 2 4.376530 25.366000 17.795300 
580 2 0.740701 19.320400 16.398900 
684 2 7.707010 24.127500 15.421200 
1575 2 10.249900 22.929000 22.129000 
1653 1 12.191200 22.357700 14.721000 
104 2 3.047570 16.328600 21.967500 
493 1 10.372800 15.958900 14.889800 
602 1 6.485210 18.445300 20.281500 
162 1 2.466480 21.689000 15.153200 
679 2 12.597900 25.622100 24.676700 
1505 1 3.125580 16.582700 15.854700 
1295 2 1.130410 19.456000 22.888800 
1700 2 1.421570 14.207100 24.238800 
510 1 4.489130 15.561600 18.065500 
1187 2 12.400500 23.748700 18.269300 
658 1 1.561440 18.229600 25.366000 
595 2 7.374670 21.369500 22.460600 
898 1 3.925500 14.212000 21.150200 
758 1 0.858018 24.939100 25.591900 
1484 2 3.817970 13.803100 13.773400 
1593 1 11.790500 25.432100 20.017900 
1153 1 7.075930 17.513100 21.850500 
1359 2 9.277990 19.849700 16.672000 
1328 2 10.287400 16.305700 24.180300 
1266 1 4.453220 20.950600 19.112800 
1890 1 10.137100 25.556400 22.863600 
1750 1 12.180600 26.209900 17.303800 
546 1 11.011100 21.871900 25.884100 
458 1 10.559400 16.574600 23.981500 
1367 2 0.869195 22.415000 15.965900 
1892 2 5.700190 16.571400 15.161800 
1739 2 11.534300 22.040200 15.197500 
228 2 12.596800 15.112100 15.657000 
1385 1 9.088420 25.643000 14.809900 
1928 2 6.642390 24.025900 24.377600 
161 1 10.319300 18.247800 20.730200 
558 1 0.305166 21.115300 14.600200 
1599 2 12.650200 17.564100 25.435500 
1566 1 0.675565 15.199700 20.253400 
1372 2 12.395300 18.559900 20.911200 
1573 1 7.077860 20.049600 23.576900 
1163 2 2.393100 17.548800 23.281600 
1998 1 7.227250 21.564700 25.809900 
656 2 0.890917 19.466700 18.198500 
958 1 11.176600 24.220000 19.694600 
1588 2 1.830360 21.068300 14.123600 
584 2 1.319600 22.341200 17.708400 
971 2 7.667270 21.822200 15.106300 
800 2 3.806940 23.302300 23.587400 
370 1 1.386170 18.518500 16.338400 
1093 1 2.588980 17.317300 21.056100 
1440 2 8.367450 20.556800 25.654800 
7 2 1.294840 18.511000 20.037300 
688 2 10.637700 24.806100 24.387900 
1140 2 12.669400 22.713200 15.029900 
12 2 9.355620 16.531500 19.721800 
82 1 9.948200 20.954100 23.386000 
1767 2 8.181300 22.897800 18.214400 
1316 2 9.778850 25.845000 18.114000 
944 2 8.604050 18.063100 20.979100 
1853 1 3.437030 20.347100 20.659100 
1862 1 4.495520 19.820500 25.507900 
1541 1 5.621620 26.038600 16.842500 
47 2 4.564100 19.706100 18.966300 
87 2 3.053050 16.798900 16.079100 
1989 1 9.622110 20.376700 16.072100 
1481 1 4.310870 21.934600 21.623100 
1105 1 2.845200 22.247200 25.806800 
267 2 4.864800 22.049500 15.772700 
932 2 2.286490 18.768800 25.942000 
1109 1 6.427700 16.935300 22.647300 
933 1 8.825780 19.147600 25.289000 
1649 1 6.671130 22.545200 15.436100 
1826 1 3.207580 15.626000 19.612100 
1951 2 6.614930 14.953200 18.048000 
1995 2 4.033830 26.355200 17.751200 
832 2 6.638640 23.322700 19.072100 
67 2 8.448740 18.297100 21.894100 
936 2 6.693030 20.049600 17.133400 
1845 1 2.946040 25.400700 24.890800 
108 2 3.094200 25.196500 15.967700 
723 2 7.790080 21.898200 26.052200 
1943 2 7.325400 16.766000 19.298800 
1759 2 2.743150 23.111600 23.790500 
1148 2 1.248900 13.573700 14.460800 
1112 2 10.970300 15.564200 22.689400 
863 2 10.697400 15.997000 16.046000 
88 2 2.625570 17.176900 15.871600 
29 1 8.399270 14.401800 19.384700 
217 1 8.725360 26.598000 19.788900 
1840 2 3.990440 18.095500 21.354500 
1855 2 4.606690 21.765400 16.236900 
256 2 9.855440 22.931300 20.782600 
1880 2 11.031700 21.320500 23.970800 
644 2 2.462790 13.568400 20.049500 
561 1 7.006890 22.803600 23.579000 
91 2 2.829850 18.089800 16.741200 
1672 2 8.806150 19.375100 20.308100 
98 1 10.616400 25.614400 14.183300 
906 1 7.223220 19.674800 15.402900 
4 2 3.423260 14.813900 26.476300 
954 1 15.696100 12.776500 7.330190 
345 1 25.159600 9.857730 8.242700 
690 1 21.329900 3.164570 6.076470 
1520 2 20.653000 8.866210 10.297600 
1529 1 16.063100 3.683320 11.553100 
1103 2 21.223100 9.365650 7.171300 
185 1 20.898500 7.018160 8.780550 
1034 1 17.239400 4.348490 10.505200 
1342 1 19.510400 8.610740 -0.013913 
988 2 20.030300 10.682600 3.424050 
791 2 21.977600 7.141840 4.655160 
840 2 26.186800 5.481840 1.206920 
545 1 20.358100 12.309900 2.755280 
1478 1 22.987800 6.465250 13.141300 
298 1 26.603100 12.571400 7.477060 
339 2 20.002800 5.326900 7.952650 
738 1 20.002800 10.973400 11.640800 
664 2 17.702700 3.991780 10.541600 
809 1 18.217600 10.217300 7.782970 
1260 2 13.687600 4.334010 12.236400 
459 2 14.173600 1.007270 10.389700 
1006 1 18.984500 3.140490 9.982100 
1714 1 23.383300 2.804060 5.702590 
1396 2 17.316300 3.008490 2.844710 
1410 1 21.184200 4.666540 12.177500 
6 1 22.605900 9.870180 6.121270 
148 2 17.538300 10.083500 9.003570 
153 1 21.970900 8.618490 4.481120 
646 1 22.467800 6.270320 4.894130 
945 1 25.723400 9.571530 6.441310 
1264 2 15.754200 11.986000 11.518200 
1067 2 15.708700 1.902260 12.084400 
373 1 21.907900 12.415000 8.261110 
616 2 25.051600 3.035600 9.704420 
1964 2 25.709600 1.081550 1.094920 
1108 2 19.655400 0.928912 5.890990 
404 2 23.391700 9.691640 8.314430 
1617 1 24.487500 5.069920 0.406027 
976 2 18.291600 13.342500 10.327900 
1265 1 16.722700 12.724900 5.191510 
526 1 14.026800 1.758740 2.628260 
338 1 23.892200 12.320100 6.125280 
3 2 16.592700 8.838100 5.272310 
996 2 24.197400 9.142940 4.646240 
1344 2 23.283500 12.208200 0.346938 
1950 1 25.795000 10.359500 4.618140 
535 2 16.067300 1.233370 7.238910 
507 2 22.965700 8.072510 2.646940 
667 2 22.417200 9.716230 6.628680 
192 2 21.834100 7.511380 8.568700 
410 1 24.110500 12.213100 1.882160 
215 2 25.514500 10.333100 4.373280 
769 1 25.310100 3.985570 11.475800 
683 2 18.852400 5.318360 5.121700 
1427 2 14.359400 11.436000 9.265640 
1631 2 19.022400 4.105600 9.717830 
472 2 25.128800 9.167650 11.928200 
1546 1 24.013800 8.920480 7.219830 
940 2 25.783700 6.582420 11.409000 
1965 1 15.591300 10.337800 3.641540 
1835 2 17.568200 1.693140 3.907110 
888 2 13.982400 7.475220 1.608790 
1302 1 21.375100 3.328410 2.947050 
13 1 25.951600 11.063900 10.522600 
762 1 19.383600 8.202710 7.522650 
1078 1 16.027900 0.372708 11.614300 
1961 1 13.797700 8.191260 1.876030 
1911 2 25.276700 2.585320 3.769120 
992 2 26.088500 1.374560 6.876000 
1669 1 18.736600 5.434020 0.278010 
30 1 23.723500 4.353000 12.950400 
321 1 20.138500 0.700745 10.696000 
1465 1 21.118900 0.513067 4.455450 
704 2 22.427500 2.187380 11.957200 
77 1 14.538400 11.765100 5.887850 
812 2 22.955700 2.041260 8.695000 
1255 2 24.499000 9.493210 8.933360 
194 1 25.131000 0.733565 13.282600 
385 1 23.881800 2.869480 1.015050 
973 1 23.073600 9.866840 8.457850 
1055 2 21.893900 12.440600 0.663477 
443 2 15.874300 12.892900 7.017510 
1173 1 17.646800 1.078110 12.351100 
1400 2 18.939200 8.654870 8.355380 
1429 1 18.291000 6.549690 4.625130 
1474 1 25.701600 6.486600 2.049690 
301 1 16.742100 13.056700 3.276590 
621 1 18.936900 3.020350 2.690740 
1963 2 17.674500 2.005020 3.869440 
69 1 23.164500 8.307450 11.696900 
841 1 26.289400 3.049260 7.275870 
408 2 13.895400 6.195350 7.079780 
123 2 23.265500 5.386490 10.985700 
163 2 20.727700 1.856260 1.794400 
51 2 20.368300 8.597820 9.224740 
231 2 18.356500 5.082450 6.984450 
1274 1 18.912700 -0.225016 7.837030 
1715 2 16.575200 6.623730 3.017640 
424 2 19.498900 5.820620 7.111080 
821 1 20.767000 2.802930 11.857100 
1606 1 22.791800 7.467580 7.459830 
639 2 20.719700 1.087320 8.191940 
1408 2 21.852700 6.647820 0.025513 
1403 2 15.901800 3.401000 11.145600 
1436 2 20.990000 3.112060 5.869950 
1098 1 25.504400 7.467700 12.301000 
1185 1 25.402500 7.323890 7.471690 
499 2 23.187900 7.096130 7.077110 
1644 2 21.978200 6.501300 4.370490 
8 2 26.078800 2.383310 4.841800 
1234 1 14.649400 10.380400 10.424100 
950 1 22.797100 1.851910 7.989630 
276 2 19.250000 11.666900 5.329280 
107 2 24.185200 10.681800 5.502850 
578 1 20.628100 3.012330 0.900547 
261 1 20.529600 9.210420 9.660280 
1473 1 19.016200 0.943380 2.038560 
592 2 25.524700 5.229970 3.325200 
387 2 25.984300 10.328600 10.667500 
935 2 18.102000 0.451099 7.566180 
702 1 20.683800 10.510400 1.763650 
1923 2 23.030100 10.545000 11.407000 
1576 2 19.923700 4.658710 8.251420 
830 1 17.620800 2.151210 8.606880 
1645 1 13.621300 8.311920 6.123230 
825 1 15.934300 8.368520 4.488870 
1577 1 25.950200 3.655760 4.229290 
1681 1 13.847700 4.466650 7.220240 
1539 2 17.524000 2.619830 9.264290 
889 1 25.889500 1.354000 1.594330 
919 2 15.756100 12.301800 2.224620 
1292 2 19.803000 2.817230 12.422600 
1059 2 25.728500 10.595400 1.256300 
110 1 16.812400 12.655100 10.757300 
1177 1 17.092400 9.920380 8.810010 
315 2 17.255100 8.825510 0.994994 
1448 2 17.410900 3.439930 8.440630 
1360 2 19.001000 10.275900 3.213120 
50 1 16.866300 7.726710 8.590650 
44 2 14.810400 11.288200 1.233960 
943 2 17.292600 3.728710 1.370070 
1867 2 25.599700 1.154880 12.401700 
1810 1 17.665300 5.003780 7.337490 
1761 1 15.479600 0.846809 0.498870 
713 1 24.816700 4.901690 8.559950 
438 1 23.290500 10.225200 2.911030 
1553 1 21.875200 6.602550 2.122080 
97 1 22.199600 7.327280 9.393270 
631 2 13.844100 9.395140 2.433250 
617 1 22.211700 11.624100 0.857902 
886 1 13.758200 12.169300 0.929283 
38 1 22.198800 3.001820 9.269440 
1133 1 21.679800 7.512150 3.752660 
1374 1 15.559600 8.299260 9.859260 
269 1 23.479500 -0.004247 1.273310 
918 1 18.199900 3.001700 7.050890 
1446 1 19.758700 0.866843 9.061440 
1634 1 25.164300 7.583190 4.536330 
1008 2 26.342800 8.047450 3.922990 
1865 1 21.057100 6.864390 10.558500 
1049 1 19.516800 4.503400 9.434580 
1711 2 17.949600 7.935590 12.632400 
1875 2 21.186300 5.662060 1.911520 
874 1 16.782800 2.714360 1.948040 
1660 2 18.683400 11.029100 11.046600 
802 1 25.931000 5.133540 6.004300 
753 1 14.964600 12.537700 2.248400 
1171 2 20.260800 12.148800 7.860410 
394 1 20.358600 12.933100 8.862260 
820 2 16.658500 10.926600 4.796760 
1856 2 21.745800 3.636530 3.085260 
1454 1 17.339100 8.480740 12.123100 
1219 2 17.765000 9.708770 1.108870 
1206 1 25.246200 1.212450 8.933350 
1929 1 17.831700 4.496620 4.546180 
615 2 20.799000 9.849010 1.305420 
1147 2 15.292500 1.663870 1.928510 
1497 1 15.799200 6.854420 0.821357 
651 2 25.281400 6.159330 4.588880 
1201 1 25.294900 12.469000 3.725010 
1027 2 22.815100 9.565710 7.439100 
1650 1 21.035600 7.036780 6.887820 
481 1 21.699300 11.745400 6.525550 
1871 2 26.201200 4.970980 6.520870 
1106 1 14.702300 3.676180 2.687850 
1076 2 15.723900 12.884500 6.922010 
1156 2 16.102900 1.170930 12.215000 
377 1 14.813200 3.215580 8.796460 
248 2 16.909200 8.786380 12.918000 
199 2 20.175300 11.699000 3.845880 
1692 2 14.828800 4.880540 1.999140 
1308 2 26.104500 10.700600 6.544620 
1001 1 17.604700 11.469000 0.500752 
760 2 20.453100 5.914960 10.577900 
230 1 18.812700 0.627870 5.038710 
1531 2 25.662800 12.790500 2.995770 
983 2 24.648600 13.256800 13.009700 
1626 1 15.777200 11.474000 10.470400 
1149 1 17.125400 10.934100 10.546500 
1116 2 25.209400 7.606260 7.342010 
1967 2 21.481700 1.657010 11.692200 
1036 2 15.476200 7.807490 9.275710 
460 2 19.354500 1.494270 4.441420 
159 2 21.590200 6.755340 10.619300 
116 2 22.337200 2.394970 6.655040 
1864 2 23.389400 2.213680 0.170514 
1416 2 17.800100 3.181190 8.020920 
912 2 21.523700 8.645250 3.131730 
1901 1 16.261800 1.538260 5.898520 
618 1 14.570800 1.862520 11.074700 
334 1 18.428700 2.966600 4.950670 
869 1 25.198300 2.172040 3.685150 
1595 2 22.665200 2.970920 4.932090 
1925 1 19.915400 5.046060 6.268490 
10 1 24.444400 1.203170 11.591500 
1851 2 24.694100 1.203650 7.852370 
1380 2 21.951500 11.888300 7.183370 
1602 1 20.098700 11.292900 4.882030 
1287 2 16.331600 9.079020 8.593570 
1657 1 26.332100 5.118570 3.153430 
1214 1 15.355200 6.715000 9.274510 
767 2 13.895100 12.385400 0.784387 
221 1 23.806400 4.344040 4.421070 
287 2 17.536000 11.159400 10.229800 
1666 1 20.039000 8.108800 10.881700 
342 1 18.619000 10.503300 2.966100 
1517 1 24.765900 8.785800 3.548860 
1511 2 14.887500 10.417300 12.469400 
482 1 22.401900 7.128230 -0.147170 
942 1 15.172300 11.082900 13.061800 
742 1 13.753200 4.985260 11.713200 
775 2 13.517000 6.146830 5.104160 
1930 1 17.657500 4.143660 3.185340 
1808 2 25.795300 11.496300 7.255310 
164 2 26.425400 10.349500 1.643680 
1389 1 23.897200 11.822400 11.514000 
1125 1 14.165200 5.267430 1.213630 
316 2 15.254900 7.219360 11.458100 
1773 1 26.150800 10.840100 1.059930 
748 2 26.104300 12.040500 4.256290 
1991 2 13.867800 6.795340 6.876210 
1954 1 21.419900 13.294300 5.439200 
1386 1 19.727200 3.640800 0.308060 
122 1 21.630800 9.284470 0.202640 
119 2 21.912000 2.911030 13.074100 
93 1 21.840000 0.676677 12.777600 
588 2 21.248600 9.560900 0.203035 
1354 1 17.064000 3.514250 12.722800 
209 1 20.409600 11.249800 0.188374 
1882 1 19.571600 12.307200 21.497900 
1431 2 20.527900 11.219000 14.902900 
1516 2 16.388400 11.861900 14.609100 
1282 1 13.530300 7.294030 21.868800 
1114 1 24.167500 1.946780 23.924100 
421 1 16.552400 8.582200 20.542900 
430 1 19.088500 2.729900 19.816200 
685 1 26.094700 13.085300 18.745100 
281 1 20.509800 1.169400 19.732100 
182 1 25.320200 13.122600 20.450800 
1434 1 17.520800 6.099690 19.910900 
1461 1 24.152100 12.803600 22.781900 
547 2 14.469700 9.935180 23.944100 
1920 2 20.208200 11.664400 23.011700 
1688 2 16.504500 10.171300 20.714100 
20 2 22.898900 5.408440 16.102500 
479 2 20.535300 3.478190 18.938800 
1046 1 20.483700 10.351300 15.332100 
724 2 25.685400 6.470990 24.802300 
1756 2 15.683000 0.472063 15.825100 
258 1 20.692000 4.145890 22.693900 
310 1 17.047200 3.881980 16.976700 
1150 1 17.464600 7.924850 19.433600 
597 1 22.255500 6.442390 15.156700 
1678 1 21.325300 7.664260 16.412000 
101 1 16.138200 5.573440 14.530500 
1319 2 21.454900 12.409800 21.002500 
1172 2 25.728100 13.196400 22.903700 
1854 1 14.290100 6.813870 20.481400 
955 2 25.797300 13.065500 18.203600 
1270 1 26.381500 8.872820 16.505600 
1899 2 22.927600 7.739270 24.383000 
178 1 13.822900 10.032400 23.239900 
396 2 20.682300 5.072160 25.195800 
225 1 25.777300 1.784450 18.663500 
359 2 16.853900 10.840400 16.515500 
1827 2 13.852900 1.682460 25.134500 
1873 1 15.874600 6.355830 23.286400 
752 2 18.028400 5.459110 21.335600 
454 1 15.580100 8.854890 23.256700 
1433 1 25.756300 6.306980 22.332000 
1905 1 21.852500 1.978000 16.685500 
1382 1 20.794200 3.583650 24.908300 
1279 2 26.452000 2.726330 20.291300 
1317 1 13.363200 4.959800 25.301000 
1960 2 18.715600 0.053099 15.092300 
1567 2 25.282400 0.740563 18.110900 
1195 2 18.953600 12.319600 15.002400 
1638 1 21.560300 8.898660 18.490600 
1218 1 17.851300 9.753500 15.058800 
407 2 21.071100 7.443850 19.672200 
1735 2 16.446700 8.171550 23.654900 
500 2 25.109700 9.969210 25.911100 
1364 2 21.616900 5.732010 26.050100 
328 2 25.447600 6.296980 20.924900 
1522 1 21.896300 10.525200 21.407200 
804 2 20.158200 8.092200 16.603700 
1412 2 16.517300 5.414170 22.840800 
442 1 21.911100 2.559010 18.606200 
283 2 15.047400 8.604300 15.494100 
844 2 20.257500 4.332930 14.888200 
1766 1 23.962400 8.140430 25.305600 
1 1 15.731900 11.955000 15.850900 
1063 2 22.207700 10.686200 21.782000 
938 1 13.401000 5.762190 19.071000 
81 1 13.458400 4.502500 22.396100 
1677 1 23.047800 0.046833 14.259900 
11 2 21.038500 6.791430 17.081400 
891 2 19.894900 3.385350 22.421700 
975 2 13.686200 11.140800 18.859300 
434 1 16.670300 11.524400 15.302200 
928 2 23.307000 0.914524 19.046500 
993 1 14.922400 4.985620 18.939500 
1489 1 19.189400 5.214420 17.842600 
815 2 19.269200 9.901860 14.843500 
1239 2 18.329700 11.524600 19.420900 
1561 1 14.555400 8.769400 26.620100 
395 2 21.881600 10.845000 22.677800 
650 1 21.200200 11.491800 17.243000 
1572 2 18.188000 8.505200 18.993900 
1893 1 22.385200 5.068360 26.148900 
288 2 25.002900 1.578560 14.250900 
1717 1 19.063900 9.052380 16.999200 
80 2 19.887100 2.981700 17.290000 
678 1 19.799200 0.864591 15.754500 
559 2 21.489900 1.701590 15.538000 
216 2 15.447500 7.929140 24.871700 
505 1 21.781500 12.925400 19.862200 
158 1 18.285500 9.017680 22.055900 
484 2 13.228800 5.639770 25.586500 
1238 1 26.389300 8.966530 20.047900 
1846 1 19.282000 11.974700 15.358500 
297 1 18.632800 0.080493 20.955800 
819 2 18.135800 13.297500 16.266900 
1866 1 23.664100 10.524700 13.779500 
210 1 18.494400 3.731080 14.066200 
172 2 17.984500 11.895800 26.453400 
1861 1 21.622600 1.886300 20.905800 
903 2 14.386900 4.104860 18.379800 
1441 1 21.026500 5.214220 16.842000 
118 1 16.943100 3.819150 21.098900 
926 1 17.392000 -0.095334 23.127500 
1024 2 17.434800 4.792410 13.767600 
1272 2 26.256700 2.456330 25.106700 
512 2 15.124400 2.088840 19.077400 
1158 1 13.876200 11.115000 19.970400 
1240 2 26.431600 9.159950 21.387700 
1052 2 20.545800 6.608180 18.058800 
625 1 23.903100 12.208000 25.815200 
1992 2 23.929300 3.726660 15.984500 
810 1 13.152200 11.024000 22.034300 
1343 2 23.091500 13.247500 17.638100 
591 2 15.134000 8.637450 16.822200 
566 1 26.410300 2.972520 18.384600 
633 1 23.860200 4.379010 23.281800 
1619 2 20.291600 4.444550 25.612800 
655 2 17.473400 4.594070 19.413500 
1503 2 20.529900 7.964880 15.322200 
572 2 17.629700 3.949100 20.324100 
1837 1 14.310700 0.544610 17.310800 
772 2 23.482500 4.616940 20.233400 
904 2 16.416600 11.521200 16.075200 
548 2 14.021400 12.279900 22.055600 
905 1 24.087700 1.696050 20.323300 
99 2 20.158100 8.623860 24.935600 
1993 1 14.773700 4.029140 16.270000 
1647 2 14.724900 6.873180 22.532000 
1629 1 23.326600 11.596800 20.803400 
1554 1 23.710300 9.994000 18.873900 
1755 2 14.044000 4.606340 20.970200 
1793 1 20.433000 6.412660 24.867300 
838 1 15.011500 7.243310 25.122300 
126 1 16.020900 1.469000 23.903000 
550 1 21.223600 0.104090 22.227900 
273 1 25.805200 3.118500 14.112400 
1118 1 14.352400 13.102400 23.830400 
1285 1 23.681500 10.494500 15.655800 
680 2 15.085300 6.543650 16.536800 
862 1 20.934600 6.478560 19.987100 
1514 1 23.569000 3.030050 16.148200 
1178 1 15.449200 5.388570 24.005100 
450 1 26.140500 5.763160 24.857800 
695 2 24.302100 5.994270 19.122800 
1061 1 19.641100 5.306210 15.803000 
565 1 15.349300 13.144700 21.531500 
390 1 15.346200 2.030060 19.025600 
1630 1 19.900500 2.254440 14.377700 
142 1 26.169600 11.952400 22.066700 
1836 2 18.020400 3.861510 25.932000 
79 2 18.350600 0.138711 24.253600 
798 1 22.247000 6.675300 19.833000 
1627 2 16.593900 11.511100 22.784200 
972 2 20.591700 11.856900 19.434600 
1565 1 21.374500 3.999940 20.973000 
1184 2 17.861600 4.557860 17.731200 
1160 2 21.552800 6.660470 13.149800 
1533 1 15.819300 10.989600 25.055900 
349 1 22.232900 10.273900 16.703300 
1708 2 14.893300 3.619510 15.168000 
160 2 24.684500 5.075680 19.180000 
1488 2 16.619100 2.260700 22.379900 
1464 2 21.406000 1.783840 21.197900 
1771 2 22.993200 10.933000 15.819500 
890 1 25.007200 1.443610 25.275900 
1897 1 20.763600 9.667730 21.252800 
582 1 24.845800 5.233270 19.692800 
1273 1 16.962200 11.116900 20.438900 
1839 2 26.027500 0.185566 15.075100 
1170 1 17.545900 4.486640 19.637200 
1215 2 16.685600 9.188280 19.597400 
527 2 20.084800 0.886429 21.491000 
1684 2 22.373800 7.545870 21.438200 
1931 2 17.010900 2.938390 16.986100 
331 2 15.796600 6.709140 14.200200 
896 2 21.056800 5.133030 19.870900 
534 1 25.810000 7.280010 17.409500 
1009 1 18.522300 1.785000 23.900200 
1212 2 24.639700 8.143430 16.289000 
1296 2 23.829800 3.612810 22.611000 
312 2 13.563800 7.877100 22.503400 
1340 2 13.211600 8.724940 21.278800 
720 2 15.725000 10.513000 22.692100 
154 1 16.710100 9.742430 17.668500 
78 1 17.847800 7.075650 13.530100 
478 1 24.058700 5.560660 16.807700 
1366 1 25.028300 2.734570 16.048300 
313 1 19.672600 0.549018 25.583300 
475 2 22.934700 4.529060 26.214100 
1946 1 17.452200 7.445000 16.611000 
751 2 24.741700 1.469860 25.306200 
1932 2 21.220100 0.443066 15.624300 
1421 1 16.094900 0.487862 14.265400 
1223 2 13.718800 13.204200 23.883400 
15 2 24.017600 0.466819 24.979600 
429 1 25.011800 9.168840 23.078300 
1676 2 14.720100 7.751410 17.812200 
715 2 26.008100 10.223300 18.770400 
57 1 14.906400 1.304680 20.974500 
1324 2 18.980100 1.173780 24.722100 
1974 1 18.294900 7.717970 18.836300 
543 2 24.658600 4.959970 14.556100 
71 2 19.542100 9.610980 20.203600 
317 1 24.761200 6.450610 19.024600 
305 1 13.347100 10.457700 17.387000 
909 1 17.961000 11.329000 23.420100 
962 1 14.724700 3.300930 25.839800 
533 1 22.702200 7.944630 21.703200 
173 1 21.322000 11.111800 22.973600 
143 2 23.861000 3.511570 15.721100 
1955 2 25.569600 4.195040 15.122100 
1375 2 21.694900 13.412600 16.898200 
326 1 15.088800 13.280900 13.505400 
1162 1 14.986100 8.250290 17.691800 
670 1 22.715000 4.257230 20.283400 
1933 1 15.081800 13.318500 18.920400 
1743 2 24.160200 3.285750 19.129800 
375 2 14.619100 5.609660 26.491400 
1288 2 21.439400 8.668100 23.563600 
260 2 15.960500 2.463530 25.700900 
1197 1 18.777300 2.583450 17.415400 
696 2 19.339900 0.119387 24.888300 
1555 2 17.901800 5.110330 15.023900 
1512 2 23.931900 12.025300 21.039600 
780 2 22.604900 9.418260 15.787000 
1779 2 20.147200 0.289625 16.316700 
1013 1 15.149300 9.788330 19.073700 
901 1 15.015200 8.014610 14.434800 
319 2 21.471200 0.961366 19.638600 
1190 1 17.151100 12.192900 17.154000 
676 2 26.102100 11.985700 21.940100 
2 1 20.530600 9.145560 24.212700 
1806 1 13.528700 2.784390 13.795700 
1689 1 25.762500 1.646110 23.860800 
1490 1 25.743100 2.790680 20.484000 
259 2 22.130600 3.619240 22.996000 
1129 1 17.892300 12.616400 13.731500 
635 2 20.094000 9.275460 26.182900 
414 1 26.284000 8.028810 26.267300 
1540 2 17.237300 19.723100 4.482480 
1415 2 25.975400 24.331700 10.942600 
1453 1 15.111400 19.954000 7.333190 
1165 1 25.346900 19.211300 4.720850 
502 1 19.695300 15.658100 2.902900 
743 2 25.028800 18.984600 0.510857 
1119 2 20.501100 22.481100 8.641300 
135 2 17.453000 17.471900 5.101280 
725 1 19.097500 24.157900 5.773620 
1345 1 25.444900 19.511000 13.156600 
1999 2 23.957300 22.189100 1.681490 
899 2 25.313700 15.904600 0.664435 
1376 2 21.972300 21.408400 9.444600 
1559 2 23.834000 17.199300 11.586500 
1222 1 20.838200 24.256300 8.339560 
1335 2 15.889300 23.043900 8.637220 
208 2 14.290900 13.399600 10.089800 
703 2 25.793700 16.040800 12.077800 
1043 2 17.697600 18.989500 11.826500 
1742 1 25.516200 13.373300 12.849400 
381 1 17.732000 13.878200 1.353640 
167 2 15.362000 23.814200 3.983410 
1685 1 26.346500 21.281100 1.182630 
1306 1 26.444500 25.247900 12.847500 
1942 1 14.244500 23.291600 7.335200 
428 2 26.038400 17.045400 8.962240 
1656 2 22.863200 21.678900 4.753440 
1632 2 13.325200 24.380700 5.551270 
1820 2 25.764100 22.189700 5.076510 
1208 2 19.421000 26.579800 4.473590 
927 2 13.761900 25.410000 12.638300 
1898 1 17.657100 24.696800 4.765350 
1466 1 23.572500 21.404200 5.348240 
17 1 15.163200 23.681700 2.114390 
1142 1 14.003200 21.158700 9.128980 
668 2 24.623900 18.172600 3.085350 
1643 2 23.141400 15.766700 4.691460 
640 2 22.950300 14.505800 11.813500 
1769 1 26.278400 14.467900 0.237663 
1822 1 21.642600 18.492600 8.364560 
340 2 23.617200 19.146200 11.077200 
692 2 14.302500 22.330400 6.622780 
94 1 19.982200 25.961100 6.453260 
1391 2 24.638200 18.414400 5.560110 
1370 1 20.845600 21.294200 0.906528 
573 1 22.964600 21.018700 3.764530 
1990 1 21.996500 21.788500 10.285400 
1792 2 15.781700 26.015600 7.988270 
1439 2 21.453300 22.396300 2.595720 
1818 1 22.495800 16.074800 1.211700 
1981 1 18.267400 22.131400 0.776689 
922 1 17.843200 17.709000 9.889490 
1019 2 26.559100 18.486300 5.511300 
1798 1 15.512000 13.570700 6.354230 
1188 2 16.776200 21.588600 10.065800 
1074 1 18.369300 20.397800 10.622200 
1176 2 14.942300 25.895200 -0.047733 
877 1 17.355000 24.042200 13.175300 
383 2 20.345500 14.923000 8.892000 
1625 1 23.160200 18.783000 6.823800 
422 1 22.740800 25.689600 6.934720 
111 2 25.985700 23.639100 1.213710 
1507 2 18.148200 25.348700 1.741790 
911 2 17.841600 20.700500 2.749360 
1791 2 18.132200 23.153700 9.218970 
1604 2 21.258900 18.602200 5.719300 
303 2 25.599700 16.378000 8.158160 
324 2 20.293400 24.632900 1.539840 
1640 2 17.247600 14.716000 11.901300 
242 1 22.699500 14.437900 8.820050 
1289 1 16.316900 16.633600 5.889990 
189 1 17.541400 21.753200 8.501220 
1452 2 24.513900 20.512200 13.342800 
1724 2 15.560600 15.843300 7.295860 
907 2 14.115900 23.153500 4.220240 
1949 1 23.962200 17.635600 7.838240 
1095 2 18.443900 25.128300 5.582540 
1462 1 14.950300 22.702500 11.107900 
1355 2 19.133300 13.701400 11.380800 
188 2 15.631200 18.713000 8.801320 
24 2 21.708300 22.113200 0.822379 
1878 1 20.011800 23.471000 5.964650 
1236 2 16.173100 21.666200 9.667600 
456 2 14.011500 16.549400 11.691600 
799 2 21.926000 20.158100 12.603300 
150 1 16.746700 21.094900 1.264450 
1603 2 22.826200 24.484900 8.561520 
461 1 25.908200 16.829900 9.102310 
1858 1 22.587300 23.551000 5.238260 
48 2 15.819400 18.423100 2.156310 
744 2 24.432700 14.527000 1.071940 
1073 1 14.813900 24.757100 4.358950 
986 1 21.138500 18.569800 5.552740 
83 2 14.129900 19.881200 1.664340 
1438 1 13.685600 19.022700 7.587810 
855 2 14.475200 14.636600 10.972300 
275 2 21.568000 24.011900 11.651500 
586 1 25.680700 26.057900 4.658700 
647 2 18.976300 22.989400 5.399810 
1128 2 20.422000 14.754200 10.430400 
1203 2 21.186700 22.163100 4.566830 
673 1 26.259500 24.840900 8.926430 
1679 2 15.725800 21.356600 6.817160 
1002 1 24.299800 13.787400 12.262000 
1336 2 14.902400 22.864300 7.560750 
1056 2 20.552000 22.415100 5.173390 
89 1 24.090900 14.779200 7.158160 
1227 2 23.880600 25.907300 12.543400 
1909 1 21.731600 18.203100 3.514690 
1361 1 21.181300 25.309000 2.027110 
1039 2 13.747900 17.188400 6.293560 
961 1 23.381200 23.227900 8.886750 
614 1 18.956900 23.407100 8.125150 
984 2 17.195500 13.653300 2.888890 
66 1 16.122400 23.716400 9.172680 
806 1 22.634500 18.579000 10.493200 
659 2 17.609100 23.359800 9.706820 
1535 2 14.692800 14.693200 9.938490 
204 2 22.335300 15.004100 9.833200 
95 2 16.564200 15.627500 3.260020 
1485 1 15.476100 21.856700 3.589430 
1297 1 23.479800 15.146200 2.586450 
129 1 25.175700 24.647200 10.915200 
1737 1 22.543700 24.371900 10.839300 
274 1 19.011200 20.563100 3.744690 
147 2 21.036800 25.730600 5.514240 
1030 1 26.373500 20.045200 8.570130 
1092 2 13.270200 21.477100 2.260130 
977 1 20.658100 14.192300 12.538400 
951 2 14.409700 17.975700 9.127520 
1323 2 26.528900 13.249300 8.875960 
234 1 17.210900 16.711900 12.640600 
296 2 26.257300 26.298500 5.251240 
1570 1 16.826700 18.073900 6.241200 
1705 1 23.561400 25.851500 11.234000 
1253 1 16.382900 26.025600 6.434990 
1746 1 15.356600 15.782100 3.757970 
1209 1 21.551400 16.549300 0.141476 
790 1 25.792700 14.109400 2.905760 
1492 2 18.258400 19.222400 1.891680 
1357 1 21.086100 16.106200 3.234460 
222 1 14.049900 14.023100 12.087700 
1486 1 14.508000 16.319200 8.743300 
1096 2 13.749700 15.282600 5.018370 
881 1 23.275300 14.605600 4.899240 
181 1 20.081500 14.426700 10.269600 
1048 2 23.632200 15.908000 7.346660 
1196 2 19.853200 18.441200 11.478900 
861 1 15.903800 13.387700 9.265910 
1369 1 18.115000 26.205900 1.190760 
1670 1 22.332300 24.321700 12.762000 
774 1 13.745500 25.071900 12.175300 
823 2 24.913500 23.886700 10.299200 
1976 2 17.702000 16.544100 6.292240 
1944 2 13.332000 19.244500 7.764160 
1736 2 20.447300 16.372900 2.588780 
624 2 20.405700 22.826300 12.801400 
1261 1 26.094700 22.019300 4.463970 
246 1 14.492900 17.243200 3.269410 
1795 2 16.415600 26.159800 6.968900 
1940 2 15.628700 19.051700 0.896076 
451 2 24.111100 20.916300 6.509740 
388 2 17.920300 23.072100 4.578470 
693 1 23.542800 17.021200 13.000000 
1778 1 14.847500 19.835100 0.740589 
627 2 23.163200 25.008100 5.582510 
364 2 25.348900 19.951400 8.365870 
1583 2 15.763100 15.598500 5.415830 
1781 1 24.797000 22.470300 9.852450 
453 1 14.968600 18.936300 12.241700 
1744 2 25.981300 14.565400 5.631540 
1151 2 16.945000 18.870300 0.579318 
1848 2 23.287700 26.658500 2.343870 
671 2 13.797800 16.916100 1.178400 
372 2 14.939600 19.400900 12.933600 
53 1 18.758600 24.527800 11.411200 
1524 2 22.937100 14.208500 3.177490 
1611 2 21.065800 17.729100 5.144530 
109 1 18.745500 13.482500 9.679890 
579 2 23.649000 20.306500 9.763670 
1262 1 21.441100 15.489600 9.159870 
73 1 14.879300 15.496000 6.126340 
1902 1 24.473400 22.090800 12.030000 
441 1 16.154300 22.888900 10.588200 
768 2 23.382500 24.042500 12.314200 
698 1 14.335700 17.785100 9.220460 
569 1 19.642500 15.391300 7.788040 
1249 1 14.123000 15.551600 11.283700 
76 2 24.446500 22.279800 8.843580 
829 1 16.360800 19.140300 4.087870 
1293 1 23.486900 20.463300 9.838790 
1406 1 15.678500 16.533900 12.130400 
1636 2 15.159000 16.489300 2.260300 
1313 1 20.915600 24.041000 11.170200 
1525 1 26.535000 20.038100 10.055500 
1258 1 25.253500 15.435400 11.254200 
1994 1 16.661800 16.864500 1.628710 
1876 2 21.825700 23.651300 9.779320 
1816 2 18.943100 25.886000 8.652340 
1146 1 21.945300 21.118300 7.770310 
1821 1 21.485800 21.966400 2.811760 
1379 2 14.626100 22.204400 8.480350 
1085 1 18.573400 23.251900 4.470140 
1080 2 23.148900 23.041200 9.490630 
1701 1 15.291800 21.757500 6.844460 
1584 2 21.996400 15.523400 3.268800 
1548 2 21.697100 18.219900 8.223920 
1378 1 25.216200 19.123400 6.611010 
1137 1 26.263100 15.078200 6.570530 
1029 1 15.890900 25.544400 9.362880 
351 2 20.836800 13.335900 5.814440 
106 1 24.531100 18.215900 0.503237 
447 2 24.227500 14.355500 7.319900 
1003 2 14.940700 14.725400 7.009940 
1350 1 13.700900 18.025600 5.512140 
1407 2 20.798300 16.772400 -0.040613 
963 2 19.656800 14.551800 11.268100 
96 2 17.988800 23.950600 5.722010 
102 1 26.007200 23.730600 5.692600 
1060 2 22.234600 14.256000 7.884150 
966 1 25.523200 16.121800 4.029320 
1718 1 24.413500 20.260000 1.081930 
1025 1 15.354200 14.597200 7.980650 
1727 2 21.679900 24.006600 7.248880 
1621 1 23.588400 24.309600 3.598300 
842 1 19.133700 18.091700 11.712200 
1729 1 18.719500 16.395600 5.641090 
1537 1 23.279000 19.063600 13.000400 
848 2 24.376900 19.824000 0.875791 
1668 2 21.877200 24.328600 2.958250 
709 1 21.464700 24.120100 1.946530 
1912 2 17.045800 24.953400 12.804700 
754 1 18.077600 18.629500 1.829050 
749 1 19.529200 19.102000 12.176600 
538 1 14.032500 21.704600 2.968760 
300 2 17.491700 14.143100 9.746170 
1079 2 17.099400 26.030900 1.558900 
35 2 15.977000 26.478800 11.247000 
985 1 17.931400 16.177500 1.036470 
196 2 17.522100 22.322700 0.878310 
777 1 13.609400 25.945500 1.794270 
1100 2 14.940100 26.296100 6.639240 
884 2 23.831000 15.220900 0.858005 
465 1 18.109200 15.463400 11.397100 
1654 1 20.046900 24.511600 1.299960 
1908 2 18.103100 14.574600 0.547798 
1000 2 24.158600 18.033000 12.652900 
1728 2 21.674600 14.279400 13.124500 
374 1 21.515600 15.641200 12.677700 
252 2 22.557700 18.893400 12.902500 
934 1 18.221100 22.404500 13.138000 
42 1 21.244700 13.894500 17.165700 
436 2 23.649500 13.352100 16.550100 
1138 1 19.507300 17.848000 21.346900 
675 2 25.300900 13.611500 13.449100 
856 2 26.486100 15.597900 13.290000 
1569 1 19.821700 21.897900 18.791200 
1655 2 19.057000 19.555100 20.004300 
532 2 23.012100 18.422300 17.809300 
1117 1 19.566000 16.334300 26.019700 
157 1 15.965200 17.394600 14.743200 
1968 2 17.019600 14.451200 22.451700 
1633 1 25.313800 24.773800 25.969400 
1518 1 22.276500 23.129700 21.414000 
1235 2 15.490600 23.531800 24.168600 
155 2 18.489500 16.919400 26.365300 
311 2 22.954700 18.784700 21.206300 
605 1 22.899100 24.150100 25.524500 
344 2 15.304600 15.757100 20.520000 
286 1 18.610100 22.882400 17.394300 
663 2 19.364300 22.806200 13.894400 
1083 2 25.677700 16.244000 19.132400 
36 2 13.273500 20.762300 23.884000 
717 1 22.764100 20.187000 23.760000 
323 2 22.117500 21.733900 18.422200 
357 1 23.744200 25.311700 25.862100 
778 1 14.349700 14.916900 14.646800 
492 2 16.380200 24.257900 25.333700 
1420 2 20.468600 25.894700 17.846100 
292 2 25.560600 24.434800 22.209600 
734 1 15.622600 25.060000 25.302400 
959 2 14.305700 14.925500 13.488600 
797 1 16.092300 22.422000 13.648400 
1134 1 17.826400 18.523200 14.791700 
203 2 22.037800 22.680100 16.439500 
1723 2 24.391200 18.727500 22.915700 
1721 1 19.718200 19.542500 16.538700 
824 2 20.538000 21.332700 15.503700 
463 2 14.202600 19.057800 18.433200 
27 2 19.986600 24.056600 23.867500 
1819 2 22.311700 16.425100 15.057400 
384 2 14.774600 17.707300 24.241700 
1231 2 25.216100 15.100300 15.364000 
1921 1 17.283500 26.305600 25.006900 
1298 1 19.391000 14.958200 23.774300 
446 1 23.189800 24.654400 22.737600 
576 2 19.517600 16.502700 14.676700 
1132 2 16.841700 14.588900 18.034400 
440 2 19.556400 17.960500 22.438600 
1823 2 25.449100 23.040100 24.581200 
1829 1 19.723900 24.817900 19.216100 
1815 2 24.715600 13.841600 24.041300 
1145 1 20.250000 24.295200 25.757800 
645 1 16.964900 14.121100 23.538100 
835 2 16.800700 17.964100 23.196900 
813 1 23.543300 23.806700 15.888700 
834 1 16.235500 21.362300 17.450600 
1937 1 18.388800 25.937600 17.030500 
448 2 14.504300 20.878600 19.127300 
1596 2 23.681700 25.380800 19.155600 
403 2 15.295400 17.358500 14.382700 
1881 1 18.824300 24.528700 14.337900 
425 1 24.910800 19.408100 16.533100 
1353 1 25.664500 25.393800 22.349400 
1698 1 13.262000 20.880400 14.339100 
386 1 17.682900 25.214700 18.558200 
1534 1 18.995100 23.313200 21.706200 
887 2 22.283200 26.070000 19.140600 
115 2 22.572500 24.569800 23.764100 
528 2 17.098000 21.211400 22.716200 
282 1 23.537600 15.421900 26.007400 
764 2 21.565300 22.547500 23.453700 
1538 1 17.430900 21.772700 23.757500 
1245 1 21.907700 16.499900 19.235500 
219 2 26.203900 15.034700 22.283800 
1394 1 19.818500 13.803700 25.355000 
1179 2 13.436400 16.903000 21.764800 
254 1 16.495200 23.651800 25.833600 
1500 2 20.981200 13.080800 17.541600 
1418 1 20.651900 17.014000 24.858700 
1542 1 25.560100 18.707700 24.485700 
416 2 24.833700 18.425100 22.133900 
1432 2 18.399200 23.887700 17.369400 
801 1 14.488200 24.182400 13.761000 
26 1 17.827900 26.583200 14.442500 
1384 2 24.289000 15.339700 23.376500 
557 1 16.146100 19.314500 14.226500 
1802 1 24.404600 16.083700 21.424100 
1398 1 24.509900 24.163100 20.921100 
114 1 26.320600 16.936900 18.608800 
1157 1 16.872600 19.004400 18.128900 
1347 2 17.130700 25.566900 23.166600 
596 2 25.571400 21.036900 20.910400 
1763 2 21.127500 26.078900 25.483700 
250 1 23.399100 19.886700 26.257600 
1622 1 17.740800 21.449800 16.129800 
365 1 24.409200 18.482200 22.275200 
382 1 22.819000 19.938700 19.496100 
75 2 16.869500 22.455300 14.893000 
367 2 14.111200 21.201100 18.192600 
380 2 15.267800 25.575300 19.152300 
64 2 24.195900 24.428800 22.551400 
371 2 18.559800 15.016300 17.342700 
1164 2 18.419500 14.180200 23.018500 
1365 1 23.676400 25.412400 18.788800 
1444 2 19.392100 21.378500 18.969500 
1801 1 24.722200 13.054800 17.664500 
1528 2 25.074200 15.213000 17.857500 
756 2 25.024700 25.102100 25.824400 
21 1 16.100100 24.490600 22.963500 
1704 2 19.578500 18.724700 24.792300 
346 1 25.380200 15.470100 24.806000 
137 1 13.596400 17.003700 21.976000 
1809 1 23.149400 18.508200 21.111900 
968 2 15.649100 23.731400 18.989300 
1571 2 15.645300 14.743200 24.008200 
1499 2 20.677000 16.114600 17.179900 
786 1 20.723700 21.549300 21.987900 
1377 1 19.798500 14.245800 16.649700 
320 2 17.168900 16.310400 17.584500 
1787 2 16.393900 17.200400 18.801100 
175 2 20.886100 16.787500 19.807300 
870 1 18.400700 24.848100 23.816600 
719 2 17.492700 24.422400 17.622800 
866 1 24.861600 14.712400 14.127900 
1970 1 24.164300 14.390300 24.164300 
166 1 15.694500 26.380600 19.241800 
92 2 15.193500 26.377500 21.579800 
165 1 16.232100 18.936700 24.709700 
1997 1 14.586700 19.015700 19.063800 
452 2 18.828200 14.507500 14.849900 
987 2 16.601100 25.408000 19.757100 
14 1 19.890800 19.037600 20.651600 
1233 1 15.745700 25.033100 19.666900 
805 1 21.969800 26.207300 24.473900 
811 2 15.319000 21.860600 13.497300 
1832 2 23.724300 14.849400 14.289200 
705 1 15.304100 18.159900 18.299200 
629 1 16.777600 15.258500 18.558200 
761 1 19.466000 18.866100 22.835700 
223 2 19.226700 13.812600 24.213700 
555 2 21.891000 22.791600 21.512700 
941 1 23.130600 19.877600 17.557300 
665 1 26.079000 16.648600 22.382500 
398 1 25.431700 26.188700 15.341400 
1762 1 22.309900 18.022200 15.086300 
476 2 20.121100 25.072200 21.445600 
585 1 14.519200 19.693500 22.222800 
1082 1 25.515100 20.247000 18.889300 
1886 1 19.580300 16.646400 16.038700 
1935 2 14.783300 24.479700 25.967300 
857 1 15.166400 21.831100 23.172000 
979 2 17.134900 19.895600 22.081800 
779 2 24.995300 15.976100 24.103000 
120 2 25.580600 23.545600 15.942400 
634 1 22.416500 14.768000 14.272400 
606 1 25.211500 15.726900 18.887800 
291 2 18.990800 26.087700 13.247200 
523 2 20.217700 17.844300 13.461000 
1884 2 19.563600 22.841800 13.596600 
1471 2 15.822700 20.020600 23.601500 
1710 1 17.411900 24.394200 17.189100 
1348 2 24.674100 18.512200 15.393900 
1667 2 22.509400 19.478900 25.164900 
1107 2 21.073500 21.263700 25.727800 
540 2 19.525000 25.442100 14.916600 
1831 2 14.545300 13.245400 13.983600 
630 1 18.760400 20.537400 24.445000 
1841 1 25.053600 24.176400 16.798300 
1483 2 13.319000 16.758400 20.841300 
1780 2 21.794000 16.084000 24.747900 
1229 1 20.372600 13.664500 14.008800 
781 1 21.642600 20.627200 15.959100 
818 1 17.619800 24.978900 15.629400 
1339 2 17.624300 21.096500 25.692000 
1458 1 15.603300 16.197400 21.010000 
831 2 18.973300 26.074200 16.669500 
1248 2 15.341100 15.325000 15.399300 
368 2 20.087300 19.243600 14.038900 
1038 1 13.857500 22.893300 19.690400 
1956 2 21.997900 25.911500 25.308400 
873 1 20.171600 23.901600 23.571400 
393 1 17.041300 13.905100 18.720900 
929 1 24.009400 22.782400 19.304800 
1401 1 17.436800 15.570900 14.363400 
457 1 25.128700 23.308500 24.163800 
1174 1 13.460400 24.831900 24.846700 
145 1 20.886900 25.590900 18.225700 
1754 1 14.314900 22.266100 25.798800 
1658 1 22.204300 26.656400 18.521600 
733 1 19.181700 17.337000 18.147500 
1687 2 15.503800 15.826500 19.716100 
1803 2 25.771800 21.630200 14.263100 
1775 2 21.547600 18.338600 24.497300 
1220 2 26.054400 25.291800 17.988700 
1568 2 18.552600 24.352700 24.551500 
144 2 20.935000 15.921100 16.647700 
1225 1 24.489200 16.496800 15.148600 
1141 1 18.242700 13.614100 23.792600 
746 1 25.648100 25.975500 20.722800 
1852 2 23.204100 23.416900 16.434100 
807 2 24.308500 20.849200 17.309000 
574 1 25.376100 21.934000 15.094700 
266 1 14.258200 25.479200 22.147900 
253 1 24.971800 15.404900 15.776200 
792 2 15.150200 20.619800 16.043300 
1032 2 23.104000 15.808100 21.090900 
322 1 21.109900 19.319400 24.796500 
1544 2 21.730000 19.749700 18.065800 
427 2 26.208600 25.229400 22.674700 
1564 2 23.402000 17.895500 16.814600 
1075 2 24.673300 13.269500 20.777200 
516 2 24.992700 20.473300 24.968000 
1580 2 16.687300 18.761500 13.281800 
1726 1 19.545200 24.202900 21.309800 
1725 1 14.321400 17.765500 25.325200 
1495 2 24.811400 24.854500 20.644300 
1885 1 22.206900 16.873500 16.300200 
1016 2 19.339200 23.301200 20.827500 
946 1 18.916900 23.635600 24.374500 
337 1 16.426800 20.343300 21.638800 
1480 2 17.423300 26.279400 17.710700 
1110 1 15.474600 18.606900 23.662000 
471 2 24.023300 24.197900 15.431800 
1276 2 13.456600 23.985700 19.938000 
1772 2 17.796900 18.696700 19.322000 
1922 1 18.726900 15.065800 16.373400 
567 2 20.609000 20.021000 16.678600 
1221 1 13.640000 20.161300 24.448600 
1662 1 18.314800 21.792100 20.722000 
302 1 25.864900 14.016200 22.057000 
1182 1 22.309400 23.397700 16.716100 
980 2 26.625100 20.457500 16.934800 
745 1 23.253800 13.502600 16.952400 
1263 2 16.952000 20.197900 17.333300 
601 1 17.972500 16.757400 24.434100 
1545 1 15.463800 15.739100 14.729500 
1183 2 19.006800 24.719900 20.543300 
506 1 19.800000 23.056000 13.504300 
682 1 24.722400 20.458200 13.388700 
822 1 14.421700 23.955800 21.551100 
1895 2 15.118100 24.517300 21.546700 
607 2 17.249000 22.400600 21.651700 
613 1 23.022800 15.982800 22.417300 
836 2 18.446300 13.561100 14.071200 
737 1 19.852400 26.211900 23.870000 
1443 2 19.131700 24.703100 24.321100 
156 2 16.053500 16.335100 14.127500 
1463 2 14.496600 23.849100 14.068700 
604 2 13.481100 24.720600 25.116500 
1349 1 26.446400 24.970000 18.087300 
895 2 19.584100 14.643200 25.446500 
716 2 18.082700 22.350700 13.995700 
765 1 13.282600 15.482900 13.794300 
921 1 21.130200 19.560300 14.631000 
1696 2 14.684800 24.594800 13.568900 
1833 1 13.413600 25.035700 14.453700 
1770 1 26.080700 20.502900 25.412400 
1310 1 13.610200 16.979500 24.772100 
191 2 17.066200 26.143800 14.945300 
1953 1 20.283600 13.716400 19.527800 
399 2 16.234200 13.627200 19.521100 
293 1 21.941300 23.173300 13.948200 
560 2 25.089900 22.376400 26.308100 
