id type x y z 
1660 2 13.205800 9.511190 8.441700 
60 2 9.970250 9.936860 4.987640 
621 1 9.299120 1.537560 10.384800 
1233 1 11.382900 1.136550 0.712751 
721 1 4.398000 1.506750 3.439690 
821 1 6.110570 11.932600 11.573500 
118 1 -0.358448 6.955710 0.903305 
851 2 11.705200 12.273200 5.529140 
488 2 12.526500 13.093300 12.320800 
50 1 2.375570 6.602600 3.573760 
190 1 13.195400 12.879600 5.052560 
438 1 3.545820 9.014730 9.631630 
219 2 13.137600 9.136860 3.701470 
1580 2 7.772590 13.074600 11.237000 
768 2 2.213810 3.622220 5.309070 
309 1 7.200610 12.589500 8.483950 
1959 2 1.032430 10.947100 1.196180 
284 2 2.665870 3.280130 8.051330 
1183 2 1.902800 5.660310 2.245620 
1118 1 2.383570 9.982080 0.455594 
653 1 3.201970 3.553530 9.439430 
250 1 9.350870 10.829500 11.914000 
9 1 5.561190 1.465090 5.613260 
985 1 8.020720 10.434500 8.402210 
949 1 4.276150 12.266900 9.811970 
340 2 6.287780 10.474700 7.657630 
1633 1 10.086000 6.880850 5.427360 
1253 1 13.225900 11.441300 9.700310 
136 2 9.705860 2.421240 1.243890 
473 1 0.043539 2.281290 11.198100 
1433 1 8.836070 6.599640 9.675800 
1631 2 4.229060 1.105670 5.752550 
1768 2 12.530900 0.110919 6.988830 
1400 2 10.379700 2.076750 7.019280 
337 1 9.287020 13.020500 3.472970 
875 2 13.052500 5.246390 0.477599 
1715 2 3.113260 11.312500 3.458060 
139 2 5.186310 2.514230 2.628200 
1822 1 7.741710 5.185100 4.022510 
912 2 12.373200 4.369540 8.778400 
1650 1 10.831500 11.904200 7.676260 
686 1 6.834330 6.516740 8.982970 
1429 1 9.147940 5.368600 2.161040 
1463 2 2.170200 1.151850 0.849361 
395 2 0.187837 7.735820 1.119010 
786 1 11.211200 2.857180 11.824300 
712 2 9.808210 10.978000 1.369340 
171 2 1.916140 10.646700 10.275300 
814 1 0.854842 11.515500 11.176100 
1065 1 11.056100 0.989642 8.016710 
315 2 10.123700 1.909270 10.234500 
921 1 1.880650 11.934400 1.689950 
1434 1 11.367000 2.771310 2.131700 
631 2 1.098630 12.932100 9.486630 
848 2 12.815500 5.862690 1.152710 
785 1 5.505930 7.647570 4.291700 
863 2 8.454330 11.047200 7.362350 
880 2 6.019810 6.084950 6.140930 
854 1 6.671360 6.540780 7.305640 
1885 1 7.167810 3.242160 8.166850 
251 2 7.614070 9.940890 1.067220 
884 2 8.006180 10.463500 4.800850 
1607 2 4.722450 5.633400 3.865050 
1795 2 13.274500 11.176400 4.175530 
1847 2 10.657500 0.952279 0.351989 
235 2 2.974460 3.497450 8.060940 
759 2 10.779500 3.040830 12.760100 
1909 1 6.516030 8.912840 9.824390 
1730 1 13.361600 8.640720 5.790600 
1366 1 6.744770 0.630285 5.633280 
1041 1 8.219890 8.910780 11.515000 
415 2 7.379360 0.892910 5.542590 
986 1 11.899900 4.099290 8.562950 
933 1 4.302700 -0.048628 7.005350 
813 1 9.490190 7.993120 7.506160 
1740 2 4.161860 12.196900 10.376800 
718 1 2.624210 13.327200 5.846780 
484 2 4.684270 8.657290 4.579780 
906 1 4.282490 2.267950 7.626380 
1351 2 9.597870 3.171150 3.148120 
1537 1 3.705230 3.162950 4.301400 
131 2 5.772190 3.388530 8.455740 
176 2 4.871200 6.264440 9.835100 
1093 1 10.080900 9.826350 9.435940 
1373 1 2.030990 2.160280 1.251470 
1694 1 9.436180 4.919240 3.957470 
1523 2 2.177090 6.867280 8.050260 
288 2 10.700900 10.530900 2.298940 
13 1 11.308600 6.329230 2.160990 
481 1 1.729250 0.287247 3.666910 
873 1 10.842800 10.147800 3.882990 
617 1 7.843530 6.813860 6.176570 
116 2 7.924540 3.593550 8.673530 
1567 2 8.647030 10.097700 5.228420 
1695 2 6.780780 8.505410 5.442610 
1574 1 2.623410 6.032180 12.575700 
1321 1 6.220640 10.317200 4.116640 
1212 2 1.381490 4.836760 1.419560 
870 1 8.761130 9.583930 5.355350 
1486 1 8.838190 2.326020 12.907600 
1804 2 3.948170 9.374260 13.613800 
525 1 13.156800 6.567710 12.475700 
377 1 6.965890 9.342540 5.361960 
1899 2 11.059000 1.459590 6.161420 
1320 2 11.426500 2.636470 11.706200 
1513 1 0.716827 10.138000 2.481920 
1456 2 7.844770 0.998921 12.174500 
1535 2 12.597100 11.868500 10.332100 
1081 1 8.137300 7.285590 1.869400 
1790 1 4.174870 5.739850 4.410520 
1497 1 7.334730 8.317170 1.620950 
782 1 1.018750 12.586500 5.216810 
1830 1 7.240260 2.802300 9.793070 
1713 1 1.018780 1.644260 1.321510 
1925 1 1.954200 8.188650 12.968900 
64 2 9.612630 12.955200 8.261720 
110 1 10.256500 7.696490 12.576200 
1602 1 5.399410 2.324430 10.491000 
1454 1 1.142900 8.238140 6.984480 
1542 1 10.601800 12.222100 3.535820 
716 2 2.242120 10.559700 3.529420 
1243 2 9.577880 11.866000 3.039860 
723 2 4.666400 8.330050 3.592220 
1699 2 4.788790 11.344400 12.315100 
1078 1 12.432500 6.733910 6.055230 
654 1 10.720000 4.800640 11.756500 
945 1 2.683100 11.284800 8.612400 
1708 2 6.259000 0.764404 5.617890 
1644 2 8.714300 1.155860 10.730100 
1029 1 4.742930 10.930600 11.440800 
357 1 7.022520 12.805500 12.066400 
1017 1 9.304210 1.321890 0.451625 
1995 2 9.841150 7.201780 2.077450 
1984 2 9.271880 12.403600 3.220170 
1491 2 6.606740 5.079910 6.479270 
1414 1 0.528846 10.759800 6.479110 
872 2 4.976220 10.480600 8.245560 
224 2 3.874100 10.229800 2.226920 
1224 2 5.428220 2.498500 4.219790 
1257 1 8.895170 0.372200 7.930400 
1667 2 7.017530 8.095600 10.693500 
1951 2 11.986000 9.154860 1.432590 
198 1 5.157200 10.695400 7.899560 
174 1 1.441160 9.229900 4.273710 
1756 2 1.180580 10.015000 5.934730 
1389 1 10.065700 5.347060 8.471340 
472 2 2.378700 2.591200 8.450350 
1037 1 2.238450 6.207020 9.203700 
562 1 5.666870 10.031500 2.117540 
797 1 5.126390 3.695140 12.491600 
480 2 0.602441 8.122160 12.452800 
1776 2 7.539150 6.807690 12.479300 
772 2 6.230130 10.548400 2.457140 
115 2 5.687410 0.337055 8.409390 
483 2 5.025540 9.721200 8.526610 
486 1 1.765920 4.253970 1.510450 
775 2 8.684240 9.874900 9.979230 
1930 1 11.664700 1.231110 5.624450 
1166 1 4.333900 13.031200 5.934620 
1150 1 2.484830 6.291070 1.586140 
103 2 11.925400 3.243010 3.182740 
87 2 0.782772 4.004370 12.053900 
1222 1 4.553070 7.097650 6.287200 
1186 1 2.854830 4.922100 10.591300 
243 2 4.523590 2.823420 12.143900 
827 2 13.334600 5.821510 12.516300 
359 2 7.266540 2.853310 10.284000 
1931 2 10.782100 5.272010 7.651840 
221 1 11.595700 9.980150 11.842500 
1876 2 10.088800 1.388390 8.641640 
663 2 12.428400 4.307480 12.763500 
1071 2 1.219840 9.713500 4.410060 
487 2 4.834280 7.198860 4.791170 
464 2 10.241800 8.659540 9.364550 
1370 1 5.699960 3.372300 5.884990 
578 1 4.588310 8.341280 13.040300 
452 2 5.206500 6.810860 3.837240 
1585 1 12.350400 9.465520 4.375380 
975 2 5.120650 5.266540 0.146065 
1731 2 9.951650 5.882390 9.948810 
573 1 6.977990 11.248000 1.082600 
1703 2 13.004500 5.461360 9.222250 
746 1 10.881400 3.323970 9.466680 
697 1 6.523390 2.995990 4.351640 
1610 1 8.038150 10.021900 3.735130 
208 2 7.647190 3.093870 -0.079413 
776 2 2.070210 7.287760 11.867300 
1147 2 6.615610 1.604650 -0.012688 
209 1 1.543970 7.732500 10.316100 
102 1 13.365200 12.436100 2.687610 
941 1 9.060430 4.977400 6.073850 
478 1 2.300290 3.371360 6.811880 
1352 2 11.435300 11.851000 8.459330 
56 2 5.080390 4.184520 11.613800 
1444 2 2.480570 8.779330 7.401490 
1616 2 11.295600 12.097400 12.701800 
303 2 2.012960 2.424070 1.882420 
1685 1 4.520860 3.091070 1.539710 
755 2 7.767190 11.922300 12.060800 
465 1 8.052710 0.317142 2.094020 
1371 2 6.215610 2.480090 4.799200 
887 2 5.990250 12.533000 11.912100 
24 2 13.185700 7.607440 6.591430 
1278 1 7.170790 10.183000 7.128440 
1979 2 3.918650 5.419810 13.486200 
1344 2 9.006840 7.068370 12.517100 
437 1 4.708000 5.798720 2.810320 
891 2 7.809040 6.151490 3.217190 
1280 2 12.163500 5.037930 12.454600 
808 2 9.520490 5.436040 5.697150 
1066 1 3.494720 10.824800 2.083610 
1308 2 4.605690 11.355300 11.989400 
19 2 6.806790 8.074340 7.897270 
33 1 4.503550 9.349130 7.745020 
147 2 7.691970 3.165190 7.989370 
837 1 10.692400 3.559900 4.151360 
1856 2 10.402400 6.172320 2.322070 
601 1 5.366260 5.479190 5.601390 
735 2 3.533360 8.241330 9.399780 
1807 2 10.194400 6.189860 11.048700 
220 2 8.836400 6.042920 7.465760 
734 1 5.007600 9.288940 0.656219 
1689 1 9.521420 10.938000 5.088200 
547 2 9.508950 5.166570 1.218430 
1482 1 12.304000 4.837740 11.759000 
1309 1 11.964900 1.456920 10.370100 
1755 2 2.018760 6.536090 10.261300 
510 1 11.397900 11.870900 12.670000 
181 1 3.122920 10.497500 4.184720 
1929 1 9.475010 10.564600 1.316560 
1133 1 4.487050 7.310160 1.213390 
771 2 7.317480 6.572400 0.922190 
1757 1 8.524520 7.443280 12.505500 
717 1 4.881220 6.807560 11.095300 
704 2 6.952960 4.628160 3.803220 
343 2 12.704600 10.083100 6.940210 
1915 2 6.925330 10.363300 6.528890 
316 2 0.293268 10.755400 0.830479 
349 1 1.607390 1.811320 8.228670 
186 1 12.199100 11.331000 7.622990 
1362 1 11.955400 12.657200 11.225300 
156 2 0.880842 12.381200 12.348000 
107 2 2.855020 0.339337 5.543310 
1989 1 9.028860 4.559050 0.876054 
1555 2 7.266210 1.056220 12.910900 
824 2 0.648271 7.734310 0.719946 
540 2 3.091510 2.558410 13.255600 
927 2 8.323310 7.162240 12.721800 
1800 2 0.744608 2.192430 16.439700 
787 2 7.539880 4.546830 16.978900 
971 2 9.733570 5.605570 14.823900 
1365 1 7.803940 8.260460 17.346600 
1921 1 3.475390 9.889600 15.317600 
1060 2 2.242660 0.993008 24.713600 
485 1 7.588310 4.486900 15.578300 
294 1 13.047600 5.820360 16.480800 
648 2 9.358990 9.668410 14.301500 
1103 2 8.845110 0.607731 20.210200 
1003 2 12.249800 6.747410 21.839000 
261 1 10.776200 2.916380 18.150300 
890 1 1.163320 2.890350 26.065000 
513 1 2.735270 8.159180 16.824200 
1981 1 6.576820 0.152580 16.252100 
163 2 6.418340 1.482960 20.732200 
1581 1 9.859360 4.092380 22.489900 
1242 1 7.864920 1.613970 16.595600 
47 2 8.587970 13.115300 23.183400 
1749 1 3.232390 7.986210 14.195100 
1276 2 0.585263 7.132410 17.125600 
1996 2 6.793430 9.809750 22.840600 
390 1 9.009810 6.794080 21.430100 
587 2 8.992690 11.026600 19.793400 
1702 1 9.122030 10.232100 18.345500 
679 2 1.755910 0.113728 16.764300 
352 2 11.363300 1.346430 25.285100 
298 1 11.943600 1.916680 24.965300 
585 1 2.816470 2.975550 12.997400 
89 1 5.247610 8.242210 22.349100 
1231 2 12.300900 11.470500 14.750100 
1298 1 6.627970 -0.273525 24.430100 
877 1 6.250680 6.564360 25.397700 
363 2 12.270000 0.556825 22.063300 
1116 2 12.866100 10.934400 18.057200 
1843 2 8.961440 4.411510 22.894200 
650 1 12.563800 1.561250 21.154200 
1345 1 7.025760 13.391100 14.841000 
1059 2 10.165600 8.109450 13.489000 
1642 1 9.092330 7.902730 23.631000 
1767 2 4.949550 2.286450 20.427000 
1394 1 8.553170 5.452080 17.152800 
289 1 6.880210 5.191950 13.169100 
620 2 7.674860 3.927180 22.159400 
1743 2 4.145670 8.783980 22.566400 
640 2 5.896510 4.298630 22.285300 
1935 2 7.725240 1.532590 16.423000 
1967 2 1.652270 11.750800 22.565700 
1605 1 10.473600 12.428500 17.801200 
568 2 3.563640 10.073600 18.614100 
1504 2 12.836600 6.691120 13.803400 
1184 2 10.477500 2.493660 14.843600 
1471 2 2.129150 3.748530 14.145500 
479 2 3.345860 3.098550 26.489400 
152 2 1.886100 2.406640 22.413000 
1464 2 8.194700 12.078900 24.326900 
6 1 8.631960 3.262170 17.840900 
1189 1 1.884190 11.694800 21.957200 
1747 2 0.092115 6.477520 22.290400 
1962 1 8.466150 3.129840 25.409500 
141 1 2.656000 0.246986 25.012100 
1526 1 5.912680 12.694000 16.879600 
1410 1 1.572770 8.115220 25.069300 
318 1 6.731750 6.144840 22.729700 
1669 1 4.396400 9.470490 17.643500 
406 1 4.842320 9.539460 24.607600 
222 1 11.726900 12.235400 16.087500 
4 2 8.980910 6.795530 25.493400 
566 1 6.758690 1.621530 21.777600 
1170 1 7.315430 6.414080 26.112600 
1431 2 9.998700 12.046500 18.617500 
1674 1 0.689531 3.867470 18.092000 
1275 2 6.804140 4.763170 15.346500 
1725 1 10.337800 0.318956 15.983700 
858 1 7.610050 11.833600 24.299700 
450 1 8.944430 10.971600 15.921800 
989 1 10.702000 1.986060 14.507200 
588 2 1.944950 6.404720 20.111600 
594 1 9.223390 8.737790 15.795500 
1181 1 1.678370 9.068980 15.463800 
38 1 10.542700 13.206400 20.854000 
1297 1 2.803730 7.400870 18.775300 
685 1 12.701100 11.916400 25.212100 
203 2 3.245260 8.830710 25.793900 
611 2 4.727890 2.075730 15.271000 
564 2 6.558180 10.655800 15.607800 
905 1 2.585310 6.260720 24.059900 
823 2 3.297050 6.157820 23.511100 
416 2 7.519760 7.568260 25.855300 
1595 2 8.508630 9.683610 21.728800 
1101 1 1.108120 6.570290 16.770600 
1546 1 10.965300 8.068480 21.635000 
1775 2 5.122910 11.577700 16.482800 
210 1 9.526400 8.669060 26.099100 
1882 1 0.349404 8.617980 21.751200 
1054 1 11.756900 6.125450 14.170200 
1985 1 6.680720 1.252720 26.233900 
1360 2 2.246110 12.339100 21.932400 
798 1 10.661700 3.174040 14.979700 
466 1 3.349710 0.100022 17.048900 
1028 2 4.693590 5.818280 14.252100 
1200 2 6.217300 4.355020 25.193200 
1518 1 8.285370 1.444220 20.358900 
773 1 6.012150 9.351680 20.240400 
748 2 10.923200 5.541310 14.792200 
896 2 12.904300 11.864900 21.458400 
1451 2 2.386710 8.784600 21.714400 
1966 1 3.991050 10.742200 22.954400 
273 1 12.666300 6.427460 22.321900 
1398 1 -0.105264 5.500220 25.342300 
410 1 0.598134 7.302610 14.565000 
1615 2 10.967000 11.872200 18.357500 
154 1 11.760400 8.810460 20.265200 
1940 2 5.075920 12.331100 15.733800 
639 2 6.698180 9.238580 26.013200 
259 2 11.785700 6.649990 17.005400 
750 1 3.252590 7.489530 20.004600 
740 2 12.491700 1.623060 21.545700 
1448 2 3.997350 8.861190 15.891600 
691 2 6.533670 6.982760 19.609700 
846 1 13.318700 4.591800 20.006000 
1701 1 0.170571 12.042300 17.697300 
1113 1 11.642400 8.046290 22.762500 
153 1 4.927620 4.025350 21.119800 
743 2 9.641280 4.215160 22.288400 
820 2 6.353930 1.207490 22.008400 
1826 1 1.293940 4.548360 24.322600 
1793 1 5.281630 1.524000 21.945400 
135 2 8.051320 7.506130 18.946200 
1418 1 0.406339 11.301700 13.593500 
233 1 11.693400 1.279390 22.421100 
1528 2 12.626400 10.822000 15.800800 
1553 1 6.635120 6.216240 16.254800 
1563 2 10.911200 9.224780 14.023200 
706 1 6.544370 9.443460 22.404700 
1802 1 7.727820 7.014080 14.496000 
619 2 1.655910 9.645920 16.981700 
1313 1 3.913230 0.923856 15.063800 
882 1 2.537960 3.667930 14.423100 
1068 2 7.304580 3.749360 14.738500 
1668 2 12.710700 2.133070 19.443900 
7 2 6.067380 5.663280 24.124700 
966 1 4.956070 12.016500 15.881100 
164 2 13.004000 11.289800 25.108900 
106 1 10.283000 0.830470 23.633800 
737 1 7.668460 11.908800 19.278400 
276 2 9.362240 9.534110 18.305000 
16 2 11.479700 7.016250 20.565300 
1004 2 5.123130 2.855010 16.866300 
1245 1 10.918300 10.556500 17.329200 
1392 2 0.392310 1.696710 26.630900 
1906 1 1.886990 0.979486 23.549900 
1817 1 0.686410 10.567800 23.392100 
10 1 8.215460 3.693510 19.522400 
688 2 11.806900 12.383900 25.748700 
1769 1 5.846030 10.123500 15.806700 
448 2 6.057500 9.586790 20.608400 
451 2 6.201010 6.210450 16.882300 
1851 2 0.557956 12.089100 18.723200 
1119 2 10.475400 0.516978 14.752400 
741 1 5.325800 4.254250 23.988700 
1469 1 4.538810 3.526310 18.250800 
148 2 2.607990 7.228390 22.683300 
947 2 3.849910 12.755300 25.934600 
331 2 9.889150 4.431840 19.124300 
944 2 1.896770 6.005990 13.762300 
1424 2 11.569400 7.712870 24.213100 
175 2 6.698660 9.717000 16.192300 
1844 2 4.777740 9.349540 26.007100 
79 2 2.912040 10.611600 21.111100 
1140 2 10.624700 12.668900 23.623900 
1255 2 10.609000 3.886160 15.663000 
1165 1 13.323700 10.736600 24.224900 
382 1 1.940220 5.486470 20.823300 
146 1 7.105880 5.693930 19.191000 
260 2 8.882830 7.650620 22.056200 
1904 2 8.544020 5.680060 17.743300 
816 2 5.649080 0.970796 19.027900 
374 1 4.163720 10.617000 25.596800 
228 2 0.334802 2.643440 13.727300 
1273 1 4.288380 5.828820 22.905900 
436 2 2.600970 7.370900 16.047300 
532 2 1.239750 3.321170 23.905900 
818 1 10.439300 6.833290 15.147800 
272 2 0.640034 11.159200 14.164400 
328 2 9.769030 11.658000 16.834800 
952 2 5.351400 7.091640 23.708700 
258 1 12.983700 3.027710 24.574000 
652 2 2.755840 13.079600 24.251200 
1171 2 2.736900 8.643500 15.174900 
504 2 6.250900 0.931887 24.249700 
408 2 6.596200 6.798710 15.842400 
1507 2 9.857760 7.455750 24.328300 
1771 2 3.565410 6.797820 19.182400 
917 1 10.298800 4.900530 14.181600 
1205 1 13.129000 10.364200 18.489600 
938 1 4.671790 11.601500 13.340100 
1907 2 0.918459 5.855840 16.577400 
403 2 6.892520 1.361280 21.588600 
1496 2 9.900090 11.032200 20.108800 
1583 2 5.743280 9.487810 24.708300 
48 2 11.045900 3.263350 18.584100 
1461 1 2.997190 9.145660 21.339900 
809 1 3.018020 3.742810 18.524300 
1387 2 12.215000 1.649260 20.592300 
82 1 10.997700 1.287080 20.251700 
860 2 9.826070 4.116520 25.410500 
286 1 9.065260 11.943000 24.177000 
285 1 12.133700 4.169490 18.176100 
191 2 11.041700 6.369390 25.351700 
544 2 1.889770 2.048890 20.308300 
1969 1 2.671870 11.972800 24.601600 
644 2 1.493900 10.008700 24.971700 
1458 1 7.025280 10.316900 15.652100 
1149 1 7.809910 12.092000 13.941100 
673 1 10.682000 11.696100 20.178200 
1900 2 7.098380 5.750350 19.377000 
1268 2 2.750660 9.397540 20.055200 
1478 1 12.545000 12.297800 13.920000 
1477 1 10.667200 7.211950 19.363400 
1379 2 12.552700 10.595800 22.350500 
1021 1 4.261970 4.334690 25.491200 
830 1 8.438550 1.665870 14.940400 
1082 1 3.312430 0.530229 18.705600 
909 1 3.757340 3.964380 13.278700 
397 1 4.001660 6.861550 15.913900 
1926 1 10.522500 5.834580 22.243300 
1997 1 2.453700 2.612120 23.104300 
1485 1 3.749060 5.520950 14.346100 
421 1 3.299770 11.960700 17.853000 
1490 1 10.111400 9.977130 13.549100 
675 2 10.760900 2.916570 19.525200 
327 2 0.942129 5.074670 20.268100 
1250 1 4.610750 2.360490 16.237600 
1678 1 6.841780 1.636770 14.276000 
1659 2 3.902960 0.367157 16.180100 
1573 1 2.505760 10.258200 19.849700 
40 2 1.761690 3.340920 26.123100 
145 1 8.796370 11.145100 21.582200 
1510 1 0.493727 0.519344 17.595200 
1700 2 12.594400 10.031500 14.351200 
1774 1 5.245660 3.189620 26.333000 
142 1 10.559300 6.256410 26.069800 
1617 1 11.092100 7.621270 26.339500 
1612 2 1.832330 5.462920 13.423000 
1324 2 12.832800 22.383500 2.467590 
1903 2 3.560050 26.092000 12.574900 
385 1 0.566225 22.998900 3.237690 
1005 1 4.481030 22.847800 4.399220 
1505 1 3.969900 26.185400 12.366400 
861 1 5.761390 15.713800 11.707500 
1239 2 10.656300 16.174800 3.889760 
1256 2 5.593750 13.718000 5.477800 
1217 1 4.230850 18.731800 9.886700 
1871 2 2.415890 17.299900 11.754000 
1357 1 7.012250 18.042300 5.883890 
1016 2 3.173900 24.246900 5.855570 
1782 1 3.426390 20.911100 1.334480 
1786 1 5.983210 13.535500 4.028770 
1157 1 4.881380 18.260200 8.137330 
1679 2 10.141400 15.884500 12.336300 
864 2 4.395400 23.690100 6.851160 
1049 1 10.723000 18.003400 10.221400 
1787 2 3.712440 13.419300 9.217870 
1062 1 12.280600 21.413300 4.780120 
976 2 9.380570 25.738700 5.327650 
73 1 0.893598 17.690600 12.699800 
1508 2 11.267500 19.961000 3.952580 
98 1 10.114800 21.203500 2.635410 
1112 2 2.963730 21.529800 0.922277 
790 1 11.139300 25.871500 4.710360 
1870 1 5.128690 17.575100 2.159330 
8 2 3.355950 18.901000 0.306161 
299 2 5.951030 22.796400 12.432700 
828 2 4.568720 14.597300 10.750800 
1163 2 10.524200 18.153500 5.728020 
180 2 10.460800 24.519900 3.216250 
1698 1 10.115000 21.926800 11.740500 
1114 1 5.833090 20.271500 0.210115 
994 1 6.811510 20.904800 6.623330 
1285 1 11.974100 25.372200 11.227200 
99 2 5.685560 17.447400 6.474100 
1196 2 8.671550 17.987000 0.500891 
1572 2 10.281700 24.372800 7.731580 
296 2 4.312190 19.083500 8.942680 
753 1 6.776680 17.183400 4.566410 
1646 1 6.619480 21.382200 9.922700 
1347 2 12.260700 24.986900 1.203460 
67 2 6.452290 15.934100 13.163400 
524 2 12.039300 24.369400 11.695000 
1419 2 6.770870 22.489600 3.432480 
964 2 5.552870 21.748400 2.557890 
747 2 6.259320 20.515900 8.295960 
1739 2 6.957240 20.519400 0.743771 
1159 2 6.358210 16.310600 3.090750 
1863 2 10.404700 20.183200 4.936030 
1922 1 2.553340 16.251000 11.010900 
951 2 1.156280 13.535000 6.576070 
751 2 4.111810 23.948100 4.926080 
1742 1 9.780910 23.828200 4.001050 
1382 1 0.312509 15.315300 0.852775 
1127 2 1.009250 17.652700 4.854180 
498 1 6.472870 25.067200 9.950990 
521 1 2.003820 25.594000 9.314600 
1361 1 2.044930 20.582000 8.358870 
1076 2 6.636550 18.828100 6.479620 
1657 1 6.768440 22.786500 6.975220 
1503 2 10.507100 23.891800 6.994430 
1561 1 5.227040 17.128300 0.166619 
240 2 9.964900 16.598700 7.961270 
526 1 3.459990 24.791600 1.145470 
1417 1 2.970580 24.252000 10.437600 
1109 1 1.307000 16.158900 5.235480 
384 2 8.753550 15.836600 0.399516 
762 1 2.321360 16.584400 3.947700 
1261 1 5.055370 25.043300 1.064020 
508 2 0.219380 16.930700 9.531770 
1430 1 4.328680 14.002100 11.875900 
559 2 8.037910 21.259600 12.897800 
1941 1 8.052380 26.246100 11.650100 
1447 2 7.290720 24.217000 7.924360 
1014 1 6.583690 19.640800 12.746500 
514 1 10.258800 14.355900 12.852600 
419 2 1.376130 19.035800 0.762861 
572 2 4.727190 24.158800 0.299470 
1894 1 8.340200 21.366100 0.915693 
1367 2 12.093500 14.512300 11.810500 
583 2 2.071010 23.243000 8.326430 
72 2 7.617870 21.809500 7.700380 
278 1 11.927600 22.749200 1.982930 
1338 1 10.014300 14.289700 2.457170 
1487 2 8.841570 24.775400 2.333660 
641 1 12.897900 14.429300 1.302510 
701 1 1.894350 22.304400 9.330770 
1744 2 10.240900 23.442700 0.291542 
1064 2 9.579790 20.739100 3.755420 
449 1 11.848800 15.067700 6.410150 
557 1 11.073400 15.007200 11.251100 
1547 2 1.277440 18.516000 13.162100 
1664 2 4.332880 17.798900 10.097700 
517 1 7.319310 23.689400 1.090540 
123 2 1.565900 21.090100 10.745400 
1829 1 4.683280 15.746400 2.303730 
1220 2 6.247010 15.185700 1.865430 
1102 1 0.896443 23.785100 1.245570 
528 2 12.552100 25.668300 8.353840 
1045 1 13.092200 20.115800 11.625200 
1759 2 11.143900 24.985500 10.387800 
423 2 7.324660 17.708300 10.350100 
1623 2 13.151800 20.300200 9.316790 
1614 1 12.934000 14.573600 8.532610 
763 2 4.132710 19.217300 9.578370 
1152 2 7.538880 25.285200 10.253900 
1884 2 10.692800 24.588200 8.515610 
217 1 2.523920 16.305300 7.245330 
1098 1 8.400530 21.632000 5.712490 
1750 1 9.681710 24.481100 6.385910 
702 1 5.542070 14.700800 9.586740 
1999 2 11.727500 24.242100 11.271700 
1974 1 7.721490 26.143100 9.648250 
266 1 11.349700 20.202300 0.603070 
245 1 8.340920 15.670600 1.320280 
662 1 10.315500 24.531200 8.551850 
567 2 12.754100 14.671200 5.229220 
1246 1 10.039400 17.398700 5.323850 
505 1 2.135360 22.207400 1.006360 
1579 2 2.944580 15.857600 10.657000 
852 2 7.717070 22.279400 12.040800 
1833 1 4.996710 17.376200 5.790680 
1852 2 0.367938 23.404600 0.732346 
493 1 8.909000 25.374400 1.272230 
1042 1 2.452620 20.406300 -0.011193 
537 1 1.987150 18.158500 10.552000 
1443 2 10.022500 20.036400 11.187900 
96 2 11.259400 22.248300 11.231000 
1474 1 5.183740 19.111700 3.468820 
317 1 11.884300 20.106000 8.837710 
29 1 11.448400 19.659800 3.673000 
2 1 12.730400 16.253800 4.365150 
1271 2 10.981100 18.108000 6.496020 
1074 1 6.135980 25.004700 11.755000 
1825 1 0.527354 26.469500 7.323660 
1524 2 5.385580 16.561800 7.381860 
1100 2 10.407800 13.589900 0.444371 
1608 2 1.914800 17.829000 5.569930 
1978 1 4.321650 21.530300 6.817260 
710 1 5.208380 21.966200 9.871140 
533 1 7.807560 19.930200 10.120900 
836 2 0.220886 16.219000 8.540700 
1304 2 6.389490 13.803900 2.571870 
1849 1 10.555200 23.091900 6.071570 
1779 2 6.442280 22.189300 10.658700 
1831 2 10.043900 19.433000 3.969420 
1295 2 2.788230 22.341300 10.522700 
657 1 9.456090 13.402800 4.884380 
548 2 2.054270 13.956600 4.091640 
414 1 3.265090 24.089900 5.176840 
182 1 9.991570 19.815000 12.279200 
899 2 4.950940 15.802000 1.231820 
1108 2 6.746710 22.297600 4.646920 
85 1 11.965600 24.828300 7.436880 
1519 2 7.469420 16.784600 4.819210 
769 1 13.572100 24.989100 7.894330 
1621 1 3.338210 18.344500 1.392900 
1540 2 6.302990 24.230900 11.242600 
1942 1 6.095630 18.173400 9.944480 
1468 2 1.184380 17.594500 11.971600 
476 2 10.999600 18.598000 10.735600 
249 1 8.948820 16.897100 0.965944 
1019 2 13.028100 18.942800 1.194830 
1032 2 -0.030446 21.232900 3.166510 
565 1 9.871700 16.915500 3.082080 
720 2 13.218500 20.020200 11.828800 
995 2 2.935760 15.557800 6.796390 
1449 1 1.191090 14.262900 7.324560 
1564 2 11.921400 23.726700 11.497600 
928 2 0.981266 22.435800 10.274400 
749 1 12.876000 23.458400 12.817400 
593 1 8.989250 14.583000 7.332770 
1828 2 1.900330 24.625700 8.016940 
150 1 5.876940 23.437400 5.722470 
1083 2 3.599180 18.709100 6.466360 
709 1 4.655480 26.345600 4.245030 
1611 2 1.966730 15.126400 11.951800 
86 1 12.901700 18.224200 4.824280 
1961 1 4.747440 22.875800 0.860902 
1135 2 12.781200 24.773300 11.811400 
1990 1 1.365970 15.246200 10.761200 
1235 2 7.612330 25.771900 2.365020 
1279 2 0.720898 13.843800 3.572390 
726 1 3.748580 13.925900 7.873090 
522 1 12.042000 18.657900 2.419470 
838 1 7.999460 18.921200 0.853835 
625 1 1.681280 22.142100 7.028170 
427 2 5.903630 22.423400 2.375020 
1359 2 11.674700 18.844900 8.949700 
3 2 5.087650 18.070800 3.229350 
1880 2 3.015730 26.203600 2.629580 
1970 1 11.858500 22.511200 3.266130 
1897 1 10.181000 19.981900 5.313100 
1350 1 1.835680 23.625500 7.920460 
475 2 1.328420 21.635000 5.377940 
1658 1 9.121000 25.798700 5.133910 
1499 2 5.244880 20.658600 5.939740 
857 1 7.534470 21.827700 12.315300 
1665 1 5.582480 15.998900 7.914770 
575 2 12.337200 14.602100 11.960000 
1533 1 9.918810 20.203100 8.064900 
1287 2 8.636370 14.016600 4.097430 
1334 1 11.124100 19.599100 10.272100 
1706 1 4.674250 14.121800 0.232901 
690 1 0.589352 18.700400 1.988390 
552 2 7.983040 23.155200 1.606970 
1063 2 3.190360 16.141400 2.375340 
1655 2 2.233490 25.910300 9.389500 
1348 2 12.710500 13.041000 6.726400 
1386 1 6.264750 21.722600 3.399330 
1096 2 8.467700 17.152800 3.909810 
356 2 3.166310 26.037400 11.863700 
335 2 5.836780 15.247500 8.001370 
143 2 2.234550 21.936000 1.282960 
18 1 1.701920 14.175100 4.725490 
1869 1 -0.128576 21.524400 5.781790 
120 2 0.113519 15.587400 5.598190 
835 2 8.569200 25.985800 6.231090 
624 2 3.886720 14.479100 7.228220 
1428 2 3.436140 19.695200 6.883270 
34 1 5.986950 18.129000 3.551340 
1299 2 11.649100 13.590300 1.149660 
758 1 12.909600 19.045200 6.491970 
1762 1 4.565660 23.808700 9.817740 
1036 2 2.487320 25.539600 10.548100 
843 2 1.519360 26.191300 1.422250 
1673 1 11.300000 24.228600 10.458100 
1584 2 5.374440 15.757100 0.830553 
1436 2 2.441680 22.241600 3.110900 
1292 2 12.895100 14.806800 0.934788 
1182 1 0.822726 24.297000 9.892540 
1498 1 3.292400 18.987000 5.933080 
1333 1 0.569104 20.604700 10.143000 
1752 2 0.239638 22.068400 4.546290 
1527 2 11.092900 25.415900 3.565170 
845 1 0.870017 21.314400 3.526980 
1992 2 12.025600 19.899400 0.463559 
1413 1 1.239790 13.806600 13.056000 
252 2 4.721760 18.889600 13.119300 
1938 1 3.189000 16.238000 12.954900 
609 1 9.430840 20.678700 19.462900 
602 1 12.683000 19.101000 15.801800 
1544 2 13.287400 16.294200 13.443600 
1342 1 5.637440 17.959000 25.444700 
570 1 0.425256 19.091600 20.682400 
1399 2 4.518430 18.002500 14.686200 
324 2 10.254600 15.487300 14.634200 
766 1 1.549320 21.706600 22.195800 
199 2 1.666540 19.842000 16.364800 
1654 1 10.522400 15.039800 20.897500 
133 1 12.185700 24.280600 22.001900 
1452 2 0.835125 20.634300 25.242400 
1688 2 0.673199 13.879600 16.818200 
855 2 1.057450 15.968000 17.924100 
681 1 12.875200 24.373900 25.852900 
1797 1 0.026487 19.393000 25.329200 
1681 1 4.680880 18.062100 21.724600 
1827 2 5.066510 26.015600 16.684800 
1945 1 4.920710 18.635000 14.484200 
1409 1 10.376800 20.646000 22.904400 
1025 1 4.997250 15.341700 21.594300 
1426 1 4.720240 25.402800 17.133800 
105 1 7.824060 19.219900 20.832300 
100 2 12.909300 23.634800 26.006500 
1203 2 7.639020 18.195300 15.007400 
353 1 13.510000 24.245400 15.089100 
439 2 8.676800 21.706800 23.279100 
380 2 9.046150 20.079100 22.767200 
628 2 10.337900 16.963900 13.283200 
1146 1 10.936400 17.789300 23.754600 
282 1 9.332730 18.800800 24.109400 
862 1 4.837500 16.193500 15.542200 
1391 2 3.745090 25.416500 25.967700 
545 1 5.970130 23.998100 18.044400 
929 1 1.987770 24.860500 17.676800 
724 2 9.303120 13.685400 20.399400 
780 2 3.117190 19.200300 16.352500 
1696 2 2.702610 19.641400 15.806100 
1652 2 12.310400 25.455500 13.352300 
942 1 1.525160 20.226100 26.002400 
1986 1 3.713310 22.148800 17.367900 
629 1 4.143520 15.906300 25.959700 
229 1 3.588890 22.180900 13.479500 
886 1 10.990300 16.227100 13.752100 
1459 2 4.716550 22.765000 15.542800 
764 2 4.032170 24.147000 13.047500 
894 1 12.443300 23.013500 18.684700 
1441 1 6.857100 14.093100 19.080000 
981 1 1.687100 21.553900 24.239600 
1300 2 3.445340 18.977900 23.031600 
1818 1 4.953430 23.014100 15.461200 
490 1 -0.096130 13.819100 20.037400 
1949 1 9.644900 15.369900 14.888700 
1331 2 7.420370 15.143800 18.400800 
1281 1 11.624200 14.780300 22.635300 
422 1 8.544240 20.425500 24.854300 
95 2 1.093620 13.665700 13.985800 
372 2 7.738700 22.673500 17.480400 
1603 2 10.522800 21.898900 16.880800 
1440 2 6.753850 18.177800 22.440100 
1600 2 9.394770 13.067400 13.283100 
1384 2 9.405750 18.123100 25.224900 
1249 1 7.315820 15.664200 20.839000 
1132 2 2.131200 24.115700 19.482100 
1983 2 6.730750 19.621400 14.481000 
1842 1 7.282520 15.273300 26.490000 
1291 2 4.572280 15.433200 15.167600 
1862 1 1.747180 20.747300 17.151800 
1529 1 11.808000 25.564200 22.218100 
1728 2 11.675400 21.650800 17.450200 
305 1 0.465804 22.825400 19.304300 
117 1 3.001370 19.747800 24.039700 
1272 2 11.382200 19.334500 25.085200 
770 1 11.808700 19.924400 19.168600 
1330 1 7.019210 17.219600 22.149500 
682 1 4.521590 13.912800 23.393200 
1723 2 4.044380 23.439400 23.080400 
428 2 7.858150 25.453000 18.309400 
1721 1 10.471300 16.866200 20.022400 
684 2 4.849650 19.885700 19.186900 
1354 1 6.284990 21.922200 14.308700 
292 2 3.727740 15.302700 17.712200 
1648 2 1.777940 13.478300 21.260600 
281 1 1.366290 14.387800 15.890000 
39 2 11.426600 18.570700 23.674000 
129 1 1.091520 13.926400 25.188200 
943 2 10.536900 19.116100 25.472800 
1566 1 12.160600 26.165800 19.659400 
313 1 8.072610 25.887100 25.852300 
310 1 11.448200 15.594600 25.589200 
1812 2 2.784900 13.215700 19.872600 
77 1 6.087970 13.763300 17.568600 
1416 2 9.796600 19.724900 19.022000 
1619 2 4.830050 15.997000 18.188900 
1050 1 9.607520 23.415800 18.983300 
892 2 12.087200 14.867900 22.290500 
1088 2 4.279200 15.208200 14.410700 
388 2 9.671990 21.414300 24.592300 
433 1 6.638080 21.091600 24.905400 
1192 2 12.110800 25.137800 14.231100 
1819 2 4.890170 25.530800 20.999200 
1927 2 10.556700 18.424700 15.669400 
1462 1 12.413900 21.145700 17.702400 
1346 1 3.034150 24.545500 19.651600 
1188 2 12.093900 19.311000 21.789300 
1484 2 12.060800 25.805100 21.775600 
1676 2 3.423560 25.236500 17.850800 
1492 2 2.951900 24.906800 16.810500 
287 2 1.443690 18.764900 21.017900 
167 2 5.932370 13.955800 16.456700 
761 1 2.545620 20.330800 19.917500 
1565 1 6.411090 21.282300 20.423000 
713 1 10.481500 26.050300 14.473600 
1247 2 10.881800 18.198400 19.023300 
924 2 9.112850 24.073300 26.278800 
244 2 11.620300 19.717500 14.717700 
248 2 4.605110 24.759200 16.005300 
369 1 0.856679 18.470800 16.755600 
1803 2 4.951050 24.526900 18.719500 
1718 1 2.764300 16.764900 18.182100 
420 2 12.788400 21.361900 17.779700 
1372 2 6.709580 13.592400 15.033700 
1741 1 8.683430 26.164900 23.726800 
651 2 10.306400 14.025700 21.280100 
1577 1 0.005015 15.876100 18.134400 
59 2 3.421580 23.086400 26.458000 
535 2 2.666880 14.209800 18.282100 
247 2 0.493259 22.742700 19.055000 
132 2 6.925720 13.838200 20.488100 
126 1 1.318810 17.264200 20.814700 
664 2 8.933370 23.541500 14.447600 
590 1 12.148500 22.294000 19.782800 
1973 1 11.847300 19.882300 24.724200 
580 2 11.034800 24.672100 15.864300 
491 2 5.553870 13.554000 24.034200 
549 1 4.032240 17.370700 23.923700 
27 2 0.173287 18.029600 24.087300 
1254 1 9.159890 22.757700 23.963100 
362 1 2.253530 25.074700 15.469800 
62 1 10.141900 25.917900 19.269700 
1914 1 7.531470 14.385800 23.060400 
1195 2 11.593400 24.605100 23.699600 
1136 2 2.364450 18.515500 20.412400 
1662 1 7.928450 24.874700 14.992000 
178 1 12.498600 15.805200 18.001600 
1072 2 4.714260 19.626900 26.471800 
177 1 4.735250 20.219100 16.632600 
1023 2 9.729250 26.514600 24.286000 
714 1 2.003620 24.975800 24.379000 
443 2 -0.072821 23.951700 23.867600 
529 1 9.847220 18.195700 13.687500 
1289 1 10.170000 12.914900 26.338100 
270 1 4.219180 19.842000 25.653700 
301 1 8.996000 16.257500 16.956900 
341 1 0.002075 17.483300 17.430600 
635 2 1.762800 21.068200 17.067100 
23 2 0.384512 22.576100 16.536900 
396 2 10.374000 19.722800 17.604700 
274 1 0.613953 13.396900 22.990300 
1488 2 10.682900 15.699400 21.279200 
1335 2 1.170150 25.933400 13.735700 
705 1 11.144100 23.969300 24.838300 
1162 1 7.946680 23.368200 15.775100 
418 1 12.254800 19.601600 22.593600 
1879 2 5.116250 18.930000 25.286000 
962 1 5.108200 22.315500 18.986000 
1153 1 8.209080 18.261500 25.256900 
1834 1 11.855100 13.501000 26.357000 
28 2 1.381700 21.269400 19.640000 
1353 1 3.371150 18.302800 21.958300 
1957 1 2.109180 13.855800 19.551800 
1395 2 9.765720 16.406900 26.015100 
1656 2 6.849660 21.696600 26.085900 
211 2 5.513040 17.062100 22.102200 
1411 2 2.080180 18.870800 21.931500 
1202 1 2.969420 19.228800 21.138100 
386 1 9.613470 14.024500 19.342800 
1866 1 5.645330 21.464300 22.663800 
446 1 3.328060 23.312300 23.906200 
1282 1 5.399420 15.052500 23.657400 
612 2 6.327060 15.638300 17.886200 
444 2 8.810310 22.813700 21.798100 
1201 1 0.755785 18.955000 14.239900 
948 2 10.219900 26.062300 20.864800 
1582 1 4.186030 17.888700 14.121200 
1139 2 10.696500 16.261400 20.447300 
1891 2 6.397880 20.061100 18.514300 
1726 1 1.405860 19.869900 15.784100 
1734 1 11.344700 20.380300 14.855500 
94 1 8.118290 26.107400 19.638700 
365 1 1.604510 22.648000 18.621300 
68 2 12.830500 21.030900 23.049500 
502 1 7.289360 16.475900 18.053700 
1558 1 6.197780 20.117800 19.547600 
1916 2 5.355190 26.089500 24.963600 
161 1 4.372450 14.307200 14.761800 
1031 2 7.641390 26.706500 15.916800 
589 1 10.486000 19.056800 25.476500 
1704 2 9.300500 16.472200 20.750200 
953 1 5.393430 25.683500 20.697000 
633 1 4.617960 25.945800 24.956700 
387 2 10.354200 14.945500 17.311600 
841 1 10.093800 18.210500 17.891500 
432 2 7.743870 13.139500 16.188100 
550 1 6.930920 15.138200 16.019600 
961 1 6.231480 23.622800 22.834400 
1539 2 11.626800 25.762800 16.228900 
579 2 6.040410 15.050000 25.159500 
911 2 -0.112127 15.758600 20.846100 
458 1 12.995200 16.167500 14.503500 
965 1 12.682200 22.333800 26.545600 
192 2 11.443300 23.463300 22.752200 
1323 2 9.518240 24.561100 20.477200 
108 2 6.902760 18.575900 15.850500 
676 2 12.324100 23.232000 17.687700 
1024 2 2.752180 22.950100 24.384600 
1716 2 6.309910 21.359500 22.761400 
636 2 7.551680 18.932200 23.077100 
1761 1 11.233400 22.829100 22.421100 
898 1 2.059090 21.488300 15.044100 
350 1 7.316310 16.433400 13.627300 
677 1 9.370630 21.529800 17.301500 
1875 2 7.645950 23.919000 14.161100 
467 2 11.634900 19.309000 19.302900 
879 2 4.561350 23.025100 19.644500 
1792 2 3.947850 17.648800 20.265500 
124 2 0.468203 21.487900 14.015200 
323 2 2.188690 15.325600 16.926800 
1296 2 5.623230 14.528500 22.090400 
207 2 7.348620 21.327000 19.053200 
810 1 8.571700 16.407700 24.278500 
1593 1 4.834630 15.149200 17.100900 
1404 2 1.222170 24.404000 22.545800 
1649 1 5.144870 18.242100 17.434200 
1104 2 3.406800 14.976400 15.430100 
1586 1 6.814390 17.590300 15.785500 
507 2 13.411600 21.792300 22.431900 
104 2 4.974080 26.361700 26.108700 
1791 2 6.122140 17.582500 22.204100 
878 1 9.950890 24.606000 14.693800 
399 2 8.348980 17.507400 25.910000 
1011 2 4.007980 20.939400 24.713100 
1142 1 5.885400 16.228100 13.310500 
302 1 6.550600 26.265100 19.109200 
543 2 4.063800 14.560400 23.654500 
1958 1 0.512299 26.380000 13.921600 
518 1 0.108347 17.701200 23.527000 
92 2 0.280250 13.158600 14.833700 
515 2 1.068290 26.187100 24.546700 
1111 2 6.073130 13.319200 13.220500 
53 1 6.562270 22.909100 13.303800 
1143 2 10.169300 22.399100 25.846300 
996 2 5.282530 17.210000 25.741800 
1910 1 9.293000 23.567300 13.771100 
1697 1 10.402500 22.839200 26.461800 
1530 1 1.303320 24.040300 13.856700 
1772 2 6.544820 15.993900 13.701300 
1058 1 22.979800 12.597100 6.108000 
35 2 24.247700 9.883390 3.182720 
347 2 20.920400 3.523290 11.249100 
1012 2 18.237100 0.242705 11.997900 
322 1 26.030900 7.963330 12.384800 
1015 2 17.826500 5.691800 4.970210 
457 1 19.302700 6.039430 9.015340 
561 1 25.042600 9.518740 8.973470 
169 1 13.993400 1.510110 2.443310 
1509 1 14.985100 11.272700 8.154630 
1223 2 14.473900 3.439140 6.026920 
253 1 19.661500 10.801100 3.396370 
696 2 21.066600 5.592330 9.083360 
283 2 24.649300 3.261750 9.306080 
1483 2 17.869200 5.773630 10.979900 
1343 2 24.723300 10.785600 3.704310 
1705 1 17.834400 5.208250 11.141800 
1210 1 15.659200 4.980500 5.919690 
538 1 13.682000 7.448800 7.858090 
1110 1 21.875500 4.644290 4.401230 
1932 2 18.978400 10.386500 9.839370 
1151 2 26.237900 6.908580 11.409100 
304 2 14.345800 6.931390 0.994268 
1277 1 19.941500 7.699160 3.327270 
908 2 24.771900 9.913280 8.343100 
1853 1 14.696900 1.266780 4.006070 
1141 1 26.065500 7.066400 5.134590 
694 1 24.436700 1.799010 8.760480 
805 1 18.680300 4.171650 3.715460 
1402 1 21.773200 3.403950 11.394300 
1836 2 21.689500 0.896390 6.429070 
1013 1 24.121600 9.157460 12.195600 
1556 2 18.659200 8.621580 9.944350 
404 2 16.306800 4.714980 9.387250 
212 2 22.485400 10.044500 5.374490 
49 1 16.198400 0.755228 10.959900 
187 2 13.823700 2.489810 11.091300 
1302 1 14.610500 4.858040 12.666800 
767 2 20.143300 4.063550 4.074790 
666 1 18.984300 4.936250 12.854300 
241 1 22.207700 3.485110 2.730750 
223 2 15.631400 11.494700 10.600600 
807 2 17.745400 9.535370 9.371810 
80 2 18.198000 4.634440 3.809800 
1435 2 24.439000 5.785000 5.968800 
312 2 24.619100 4.364660 5.696150 
1820 2 18.678800 10.541200 6.366290 
1947 2 16.438600 9.936650 5.430880 
1073 1 23.833400 9.043210 6.299030 
1154 1 13.490700 5.266000 0.979709 
586 1 23.615300 1.796240 11.418000 
1780 2 16.230500 3.575520 1.956330 
1934 1 20.657700 4.238880 7.898670 
744 2 20.374600 7.610710 12.054500 
1919 2 17.767900 7.621650 0.812703 
264 2 13.513300 2.294480 0.932715 
392 2 22.716900 3.470160 4.921060 
608 2 17.577800 1.139660 1.100360 
459 2 14.120900 1.846010 3.507580 
1816 2 20.638400 6.218200 0.561834 
226 1 23.355300 8.753540 4.150980 
1548 2 20.893400 9.697450 6.189680 
393 1 26.024700 5.117640 9.559520 
571 2 22.252900 12.893800 9.613800 
232 2 23.311300 12.638800 6.247950 
1806 1 18.418200 10.550000 6.506480 
12 2 16.834700 8.301930 9.429430 
1569 1 23.666900 9.118450 1.646360 
919 2 13.667700 11.469100 0.746803 
30 1 24.565300 11.416500 2.905560 
1809 1 19.879000 12.466100 1.048040 
1259 2 26.028200 5.254700 1.905460 
506 1 20.665500 0.084451 0.426030 
1160 2 25.271500 1.280420 8.069450 
1408 2 24.899400 2.535900 9.941760 
1554 1 13.294400 10.712800 0.124781 
1290 1 21.262900 1.987670 8.537310 
1917 1 15.111000 3.354290 6.045740 
1622 1 14.699200 4.966730 10.525100 
1214 1 16.463300 9.811050 4.925150 
1854 1 19.282400 11.968800 10.746300 
1717 1 26.480500 7.085410 2.929900 
271 2 16.670700 1.592150 0.945568 
1877 1 24.070000 3.083770 9.895240 
1946 1 15.040700 0.467388 5.801100 
997 1 21.370400 6.935080 0.798016 
1258 1 21.885300 7.461850 8.641530 
925 1 15.434400 10.357300 12.629500 
1221 1 15.336700 6.012840 8.949170 
869 1 16.410400 11.610000 9.865350 
32 2 19.519500 9.302820 4.331740 
1923 2 15.620500 5.780520 8.403350 
1975 2 23.445000 10.748500 9.658330 
242 1 25.410800 13.434000 3.761480 
109 1 17.676200 5.317070 0.522466 
1861 1 18.534700 6.650730 10.531800 
1732 2 15.260100 1.191200 12.107700 
1532 2 22.872900 2.045350 1.996470 
290 1 18.750800 7.955410 0.863632 
1385 1 16.526300 10.045200 0.262684 
71 2 13.754400 13.269000 12.166100 
442 1 14.027200 8.482950 10.405700 
811 2 21.999600 10.220600 6.322580 
36 2 13.816500 1.743690 3.207030 
1647 2 18.388900 0.533617 9.039160 
1912 2 19.536000 1.997250 5.544990 
204 2 24.545500 6.654120 3.022970 
1381 1 25.716600 8.053440 8.238750 
1274 1 23.658200 3.367840 4.865240 
1473 1 13.413800 4.055790 9.037110 
1480 2 16.401300 10.543100 12.332200 
806 1 18.710900 12.003800 4.282850 
1846 1 16.165500 3.356770 2.154810 
1570 1 23.956200 1.248350 2.047750 
931 2 18.394500 5.819630 7.959200 
634 1 25.886500 5.680630 1.593400 
400 2 15.499500 9.984350 6.307150 
1035 2 16.588900 13.282400 4.395260 
1737 1 20.526100 2.751300 5.645760 
1216 2 23.595000 8.720860 8.225320 
1982 1 23.884800 0.783756 3.984460 
1534 1 13.932400 3.966860 7.301550 
1420 2 16.323900 11.624000 7.940220 
968 2 17.272700 5.447060 6.270490 
111 2 23.124700 13.413700 4.394920 
1512 2 25.736200 5.861300 9.423140 
1520 2 22.871300 10.987000 11.432600 
600 2 24.321700 10.640700 3.250300 
501 1 13.961700 7.002250 0.339864 
311 2 17.856400 3.350440 -0.041254 
339 2 23.712500 1.043720 5.587240 
781 1 15.374000 13.453700 1.842900 
1954 1 18.961400 2.008920 11.707200 
584 2 18.832300 4.738430 9.205280 
1874 1 17.327700 10.127500 7.516980 
364 2 17.594900 4.661490 4.842810 
1084 2 24.613000 6.163800 7.252610 
1691 2 23.889900 2.648640 0.260554 
725 1 20.797600 10.175600 10.145900 
402 1 16.918100 13.133900 11.200500 
531 2 14.795000 6.868720 5.459230 
1185 1 22.734200 10.667400 10.563400 
69 1 25.352400 13.239900 11.591000 
1403 2 18.449700 1.894070 7.987290 
1888 2 21.623600 3.915870 12.742200 
1172 2 25.883500 1.111530 5.286180 
300 2 19.256400 12.094100 3.270550 
1872 2 21.735200 4.371850 7.300870 
1709 1 26.113200 8.380480 4.659980 
950 1 17.938800 1.038960 4.108700 
1407 2 15.640700 0.519707 11.725200 
885 1 23.182400 12.783200 9.666530 
1393 1 23.573600 8.028180 12.593200 
119 2 25.895400 3.602260 5.770320 
454 1 14.335200 10.497000 3.096870 
1310 1 20.565200 9.704740 5.457990 
1067 2 23.674800 2.265170 10.876000 
847 2 22.318700 3.660460 5.464460 
699 2 16.591000 9.769450 -0.233684 
833 1 21.987300 9.425330 6.256890 
398 1 20.016100 5.206050 5.282260 
1397 1 24.714200 5.296890 5.651510 
1599 2 14.205500 11.557900 8.456850 
409 1 14.882700 6.769640 5.191470 
930 1 17.221100 8.861040 3.578880 
850 1 23.687600 2.875470 12.598300 
76 2 18.872600 5.384870 3.440420 
560 2 17.219200 12.527100 4.413090 
1204 2 18.456700 3.721120 12.902200 
1781 1 16.335100 7.523270 7.550940 
431 2 19.206000 5.875570 2.450380 
1138 1 26.036200 11.363500 0.475413 
394 1 19.416400 8.768890 5.783190 
88 2 23.241200 7.936570 0.928214 
733 1 26.530100 3.722170 5.367060 
412 2 20.310600 12.787200 10.388700 
1521 1 26.109900 4.909670 11.651400 
1641 1 17.905600 10.483900 11.906800 
1121 1 23.510900 1.719130 6.239510 
1712 2 14.449000 4.636990 9.066390 
1971 2 24.663500 3.255080 13.062200 
122 1 15.331200 1.979530 11.437000 
1620 2 24.134400 8.909460 12.328300 
295 2 23.862000 8.219710 9.094220 
482 1 18.033400 6.468840 2.507230 
447 2 26.126200 7.443340 4.730700 
1305 1 21.151800 12.968000 11.134300 
205 1 20.077200 4.799010 2.470320 
1789 1 25.672000 0.361615 5.575560 
470 1 22.537100 6.708830 6.975530 
503 2 19.066500 7.624740 7.755800 
144 2 15.648500 10.901900 0.721329 
22 1 15.819900 6.989990 11.503500 
1178 1 19.376500 12.531200 13.196600 
722 1 22.377300 5.077220 2.259990 
1086 1 23.524500 4.208080 8.910710 
367 2 21.969900 6.313390 9.914440 
1627 2 25.066100 9.073300 8.011670 
469 1 18.646500 10.106800 9.966210 
1489 1 24.991400 5.802540 7.003030 
1626 1 21.004900 12.465400 5.540600 
368 2 19.850000 4.428180 8.444790 
1495 2 22.270900 4.805500 2.646410 
1368 2 23.024500 1.173650 0.898447 
523 2 18.260500 9.679860 2.232380 
1126 1 17.852300 4.433210 7.477390 
626 1 16.331400 4.042410 8.975180 
1131 2 26.061000 4.951520 3.406490 
867 2 20.182900 12.777100 3.668540 
1672 2 17.102100 5.555210 4.389930 
866 1 22.571700 10.306100 8.239790 
554 1 21.963000 0.251768 5.299910 
128 2 14.848200 12.200500 3.360910 
496 2 23.717000 7.027090 12.711200 
52 2 19.122300 12.603500 1.822250 
101 1 16.309000 12.791600 7.428150 
1000 2 16.818500 -0.016795 7.547320 
727 2 14.023500 8.069870 6.965100 
707 2 18.930400 12.199800 9.182300 
31 2 20.282800 8.324700 2.357210 
1873 1 18.396100 0.586355 7.518060 
1314 1 20.487400 6.235590 7.053360 
988 2 25.153900 6.880100 0.359333 
499 2 22.706200 2.834240 11.951400 
1479 2 20.436700 7.653380 6.706050 
1238 1 19.259000 8.781160 12.055500 
1522 1 16.600500 7.620250 9.510840 
1158 1 25.185200 2.606660 5.997400 
757 1 24.849600 4.265620 3.146880 
804 2 14.942200 5.067730 8.357920 
461 1 17.999700 2.557890 1.794100 
616 2 25.247300 0.548530 10.740500 
1838 1 16.802900 11.394300 13.467100 
1209 1 14.527500 9.913530 6.207080 
1514 1 14.415200 3.239240 3.316170 
752 2 18.769200 8.028020 12.227600 
842 1 20.970800 11.917800 12.845600 
1918 1 14.154800 -0.011306 11.544700 
1236 2 18.858800 12.195000 11.871400 
497 1 20.806600 10.536900 7.670470 
1450 1 18.769100 12.425400 2.243030 
500 2 14.624300 0.320858 6.052380 
155 2 18.363500 11.757000 11.831600 
1369 1 15.691000 6.992170 0.923191 
918 1 15.848300 12.922400 4.991960 
1684 2 24.952900 12.910000 8.708420 
907 2 26.704900 0.408834 4.975670 
1144 2 20.223700 0.160587 0.010695 
1405 1 16.697200 1.386330 3.029620 
1661 1 23.573200 12.499800 8.472110 
314 1 24.087000 7.322480 0.006054 
401 1 14.403300 2.972500 0.230802 
789 1 20.796200 3.173480 12.840100 
344 2 18.071100 2.042340 12.922400 
1965 1 26.218500 4.598580 13.170000 
424 2 24.956100 3.400930 19.672000 
430 1 15.277700 8.524360 17.348300 
1745 1 14.588800 11.893100 20.635700 
1317 1 20.793700 5.734640 24.425300 
939 2 20.630300 1.983950 17.189600 
1421 1 19.354100 10.344000 24.587100 
895 2 17.105200 12.092800 23.768600 
1388 2 19.999300 4.892950 22.672400 
1511 2 17.266200 10.078900 17.138100 
708 2 19.813200 10.863100 24.973100 
1576 2 21.096100 0.726398 14.254800 
462 1 21.368300 7.353430 25.208700 
1134 1 20.018700 2.628310 26.070300 
1092 2 17.144500 13.184900 24.909500 
1169 1 24.798400 0.197070 17.454100 
1328 2 22.324300 4.487920 25.370000 
1226 1 17.051800 10.435600 17.177000 
698 1 21.109900 11.141300 14.120700 
569 1 15.872900 1.223620 21.197300 
65 1 25.321000 7.190280 16.655900 
1294 1 25.492700 11.337700 22.059900 
802 1 21.121000 10.973200 25.195600 
1677 1 22.198400 2.625120 24.424000 
1318 1 13.597900 11.189600 16.315600 
661 1 25.798400 1.899800 24.390800 
614 1 21.022600 10.802400 20.607700 
45 1 19.125200 0.882987 25.718400 
381 1 24.056300 12.607000 26.051700 
839 2 17.373500 5.617240 13.744700 
63 2 14.804300 2.035660 13.821400 
1845 1 20.216200 9.857670 18.703800 
1040 2 22.068500 9.645150 15.319500 
1798 1 22.164000 11.561400 18.173600 
984 2 19.567600 2.378010 25.760600 
597 1 13.148500 3.471270 14.478400 
202 1 17.549300 3.593240 20.707400 
849 1 22.238900 0.452286 22.427400 
519 2 14.200500 5.274330 26.369700 
632 2 18.482200 9.114780 19.473600 
595 2 25.569300 4.402660 13.197600 
1733 1 21.070000 2.719880 15.567600 
1364 2 19.060900 6.396340 23.819100 
1465 1 22.655700 3.608990 23.104600 
1766 1 22.789400 1.480220 21.947900 
978 1 24.839900 5.928570 19.782100 
516 2 15.739500 13.240600 15.230400 
670 1 13.616300 7.443200 20.113000 
1609 1 26.066700 1.992010 13.755700 
20 2 25.791300 12.448300 20.285000 
1167 2 24.200800 6.824370 20.270900 
269 1 19.912800 7.411780 14.499900 
1972 2 23.340300 10.277800 20.683700 
888 2 15.407400 8.103320 16.603500 
719 2 20.883400 12.284700 15.611800 
700 2 21.402500 4.837650 23.255900 
1933 1 15.661600 3.896090 18.650700 
1208 2 14.718900 3.178250 18.400800 
1953 1 14.125100 4.945080 14.627500 
576 2 23.514300 12.301100 17.283600 
760 2 25.155700 8.166450 16.551700 
1213 1 13.035700 0.437764 22.097100 
325 1 23.077400 13.521200 23.578000 
41 1 15.934800 11.063000 26.045500 
1179 2 19.651800 12.262100 19.887800 
1960 2 15.251300 1.810700 22.992700 
596 2 16.893100 0.157314 19.743100 
130 1 24.616100 1.702450 25.642000 
1319 2 25.301800 1.859500 19.163400 
1057 1 18.130200 6.318020 19.000800 
1799 2 15.805200 5.359200 14.334700 
1635 2 22.671400 12.802700 17.741900 
558 1 23.784600 2.828300 14.136000 
125 1 17.070000 1.579410 26.257100 
1425 1 16.410500 8.708840 23.467300 
1500 2 15.772900 10.301000 23.197000 
1034 1 15.575700 2.748020 22.166200 
1724 2 17.595000 5.984300 24.654300 
333 1 17.787400 0.553552 18.946600 
26 1 21.639700 8.758700 16.480100 
1568 2 20.348000 5.195290 18.132800 
1020 2 22.526200 1.966290 23.690000 
162 1 23.272200 12.995400 19.852500 
1219 2 24.981600 8.323870 26.469900 
188 2 19.563900 13.671500 21.725600 
338 1 24.015400 12.269900 18.610100 
610 1 25.999700 9.979880 18.206500 
794 1 13.248100 10.435200 22.218300 
1639 2 18.004700 4.947780 23.590000 
265 1 24.733900 7.324260 13.820800 
1638 1 24.007600 11.560200 23.373000 
534 1 13.392400 1.667320 16.724700 
1316 2 25.083900 1.640310 15.410100 
231 2 22.693200 5.067350 17.824100 
1889 1 20.047900 11.958400 16.264000 
1427 2 14.583100 10.604500 15.061800 
1415 2 14.557700 11.772600 25.556400 
692 2 15.595700 8.972010 17.799000 
425 1 21.607900 6.303240 22.231200 
1481 1 19.058200 9.090330 20.176600 
974 1 13.390500 12.653100 23.083500 
1948 2 22.558800 7.443110 21.540000 
1591 2 24.070800 7.258670 15.714500 
910 1 18.170100 10.327500 15.234700 
1589 1 19.539600 4.712190 18.125200 
1234 1 18.251900 12.224700 25.255700 
1575 2 21.136800 9.739770 25.321700 
1855 2 22.224500 7.113090 25.843700 
1107 2 21.532300 3.670720 19.969300 
336 2 15.994200 11.313700 21.316300 
1671 2 24.895500 2.029770 25.175800 
599 2 25.035300 11.772100 22.143700 
97 1 24.154000 11.795500 16.753900 
1446 1 23.600500 0.109016 19.966300 
1002 1 19.875400 4.889350 23.311000 
1467 2 15.438200 1.126540 20.140100 
342 1 24.112100 3.398730 25.425000 
1636 2 15.205900 4.584440 16.719100 
1087 2 16.307500 1.357680 25.200100 
903 2 21.234900 2.643560 15.827900 
655 2 19.653800 9.933250 21.837400 
172 2 21.809300 10.625300 24.603200 
638 1 20.805400 3.409750 20.599400 
1808 2 21.639500 0.659795 13.906700 
1714 1 15.708500 2.691110 16.599500 
151 2 17.615600 1.989210 25.647100 
637 1 14.252400 10.377300 26.136100 
495 2 26.278000 10.739900 23.989000 
1206 1 22.064400 6.853420 20.331900 
1956 2 21.659300 0.521956 22.617200 
553 1 17.302200 5.326690 25.124500 
520 2 26.202900 4.014400 18.899900 
1293 1 15.012000 1.717980 13.510200 
946 1 19.329300 7.681780 23.141800 
1987 2 13.228400 11.177800 16.740000 
1719 2 13.936400 9.063610 23.605800 
354 1 24.473100 8.833770 15.961500 
326 1 26.317800 7.944200 19.656700 
1355 2 19.711200 1.756000 21.564400 
581 1 20.050000 12.507500 20.178600 
246 1 14.136600 1.859100 19.304000 
91 2 17.936200 1.234420 16.027200 
1046 1 15.569100 11.851400 23.434300 
1193 1 20.474700 0.741220 13.926200 
1613 1 19.294600 1.389760 21.916400 
366 1 15.063200 7.239770 17.458400 
1311 2 17.204200 4.022660 22.072800 
351 2 26.127000 6.059510 22.252900 
1601 1 17.816100 6.744260 22.485600 
297 1 14.639100 10.377200 15.006900 
1552 2 18.784100 6.482750 19.016500 
1848 2 19.521800 3.511840 18.296700 
1811 2 25.823900 10.304200 15.061800 
865 1 24.891800 12.580400 23.698500 
1837 1 18.305400 3.415420 22.894700 
672 2 16.314400 5.496820 20.415600 
511 2 18.317200 8.352150 23.889900 
61 1 25.670600 1.590610 15.607100 
956 2 19.350200 11.769300 19.342700 
200 2 13.531000 3.719480 25.191200 
1124 2 17.563300 6.760090 26.452300 
1177 1 24.226000 2.307530 19.698700 
1266 1 13.760200 9.342210 14.410200 
441 1 24.010800 5.186830 15.908400 
754 1 16.750800 5.035070 14.982000 
1901 1 23.940700 9.803510 25.697100 
225 1 26.006300 9.199990 26.230600 
379 2 15.221500 0.590603 16.688200 
1810 1 15.524700 0.681915 19.859900 
669 1 25.310200 12.608700 14.128700 
1686 1 15.650900 0.714751 14.183800 
1378 1 21.365000 7.512910 18.997400 
463 2 13.578400 3.389750 25.167900 
668 2 14.276500 8.668050 20.481900 
1920 2 17.177300 2.396800 15.384900 
453 1 15.871100 6.756700 22.674900 
1039 2 14.569900 6.406750 17.139800 
1860 2 15.126300 6.678920 22.125000 
671 2 22.412300 5.754370 20.951300 
455 2 23.954600 2.750040 15.375200 
1551 2 20.412000 4.714970 14.687000 
1033 1 24.700700 6.491590 21.472800 
25 1 25.978300 1.822800 20.627100 
137 1 23.970600 5.228910 22.467900 
1841 1 22.447400 8.659190 25.397600 
1156 2 24.008600 9.928530 26.217700 
1746 1 14.708100 5.683500 22.118100 
1190 1 16.209700 7.051980 21.677300 
66 1 16.271900 0.139533 16.587000 
320 2 25.247700 2.197680 25.577300 
1735 2 20.469500 4.847970 23.066400 
378 1 13.800600 12.393100 13.486900 
990 1 21.906600 0.795901 15.057800 
435 2 20.644700 1.914690 25.641400 
645 1 20.572500 4.904290 21.960900 
958 1 17.976900 10.299400 19.505700 
1264 2 18.705600 7.987680 23.047900 
1758 1 22.890900 4.467770 18.493000 
546 1 22.800500 10.461600 25.587000 
556 2 20.290700 11.591900 13.865300 
646 1 17.240500 12.150300 18.206800 
926 1 18.877000 12.231500 22.058700 
230 1 23.671700 1.281030 14.965800 
183 2 17.199600 13.440200 19.143900 
876 2 23.759800 11.716200 22.965800 
982 1 18.862000 6.584880 16.545600 
306 1 26.624100 5.567330 21.468200 
774 1 20.871300 12.704000 23.427000 
983 2 21.047400 9.641210 17.987400 
527 2 19.886900 9.460020 14.885600 
1976 2 12.893400 5.702260 14.128300 
227 2 14.841000 6.481430 20.441600 
74 1 16.902100 1.188030 13.201100 
1754 1 15.993900 8.024250 18.222000 
160 2 23.223900 5.055960 20.094400 
1536 2 15.296600 1.126110 20.146900 
1363 2 13.997300 2.130160 17.751100 
1105 1 14.908900 5.756840 25.502700 
1892 2 24.844300 5.278340 22.348800 
1814 1 20.354700 4.942730 26.625400 
1161 1 15.684800 2.773020 24.522600 
1559 2 14.256800 7.153440 19.536100 
1237 1 13.709300 12.267400 18.260700 
904 2 16.998900 12.069600 17.336900 
959 2 20.698800 10.785200 19.281000 
615 2 26.084200 7.914190 13.992400 
977 1 22.444400 2.362570 19.000500 
1531 2 20.541300 5.374450 13.374500 
1332 2 15.515200 2.117960 23.346800 
1881 1 22.606800 5.007880 16.427600 
42 1 19.052800 2.923230 17.940100 
426 1 24.932600 3.302070 14.970800 
75 2 18.628300 6.813200 20.230300 
1624 2 21.668300 11.080800 25.796500 
1383 2 16.812700 10.187000 13.845400 
1562 1 21.226600 0.881820 16.944100 
1594 1 20.453600 13.053700 15.772400 
440 2 20.079100 0.618174 18.618500 
711 2 23.591900 12.575600 18.590900 
411 2 24.858100 12.657900 25.661600 
613 1 20.970000 6.051680 13.549500 
1070 1 18.141000 7.454850 25.895800 
731 2 23.962600 11.432600 13.408100 
856 2 23.677200 3.263520 13.719300 
1952 2 18.115100 26.229100 9.967150 
1022 1 16.458900 23.738100 10.112600 
1080 2 25.496400 15.116200 9.790620 
234 1 18.436600 17.341700 5.876110 
218 1 20.550800 19.256100 3.593330 
1710 1 15.466100 15.444200 13.028700 
630 1 26.425600 17.830600 4.559210 
881 1 21.913800 24.648100 3.035530 
1516 2 13.837600 16.687100 4.655740 
736 2 26.447600 25.531700 5.302260 
1326 1 20.217600 18.756700 0.454542 
667 2 22.902900 21.115500 0.195143 
1194 1 17.377200 24.352700 2.519930 
1493 1 26.287800 14.820100 8.051060 
149 1 20.820700 15.604200 0.251420 
334 1 18.761500 20.387600 8.236580 
254 1 16.644100 19.855500 4.483410 
1075 2 19.087300 15.881400 13.198400 
1187 2 17.433400 24.716900 2.315190 
536 2 19.967300 23.955400 4.513090 
900 2 15.837000 17.586500 11.255600 
1077 1 15.465000 19.442200 4.808030 
1640 2 22.079800 26.231600 4.834350 
647 2 13.735500 20.326100 1.126790 
778 1 23.439700 26.278100 6.666420 
1598 1 13.789300 23.163700 3.421550 
853 1 16.812200 15.418300 2.364130 
1106 1 23.698500 20.039400 7.519050 
277 1 14.602200 18.193000 12.258900 
1785 1 14.292500 14.365000 6.759600 
1893 1 18.761700 22.497000 10.957500 
376 2 24.799700 20.432300 5.561330 
1722 1 18.495600 24.790100 7.142270 
256 2 15.968700 22.937000 4.061790 
1590 1 20.903300 20.934400 9.884990 
1764 2 19.999000 22.549500 5.108420 
674 1 17.936800 21.119500 0.711011 
1588 2 13.505400 19.232000 6.607700 
81 1 25.712700 22.622100 11.335400 
1905 1 15.182400 22.061900 12.023600 
784 2 16.013100 23.020000 7.090140 
815 2 14.173800 15.384200 8.070730 
574 1 13.437700 16.845100 8.219550 
689 1 25.757200 20.216100 11.975200 
1653 1 15.713100 21.920400 3.861430 
1597 1 15.744700 20.625700 11.284100 
980 2 23.593600 18.275400 4.649370 
1988 2 14.711700 18.376000 11.878200 
275 2 23.290700 19.549400 8.081530 
1267 2 22.887500 22.969700 9.486850 
1180 2 13.928900 22.675700 7.332820 
1773 1 13.566200 24.079300 10.084400 
1680 2 22.115500 14.216800 1.726190 
658 1 22.841400 17.022700 12.615300 
1571 2 18.297200 22.417200 11.048000 
1375 2 25.125600 23.557600 0.404929 
563 2 19.551000 13.917800 0.131786 
1675 2 21.879900 19.045200 12.780000 
1625 1 21.121600 16.742400 2.411720 
1207 2 18.419300 17.038200 8.231240 
166 1 23.316400 20.217700 11.801100 
1284 2 16.087200 20.970500 1.295250 
1283 2 16.530500 24.282600 10.805400 
936 2 20.153700 22.387100 8.409880 
742 1 21.693000 16.603800 5.258060 
607 2 20.395000 23.799800 7.778430 
1006 1 22.181500 18.208000 9.114860 
960 2 23.091300 23.531300 7.204950 
1191 2 22.455000 14.342300 3.295460 
58 1 19.094300 16.281700 8.084620 
159 2 23.721700 13.888900 12.221100 
84 2 20.331600 23.943400 11.917700 
1252 2 24.979100 24.810600 7.146930 
1048 2 23.356000 23.845800 3.494480 
859 2 21.102000 14.436400 9.599730 
138 1 25.273500 20.476700 2.637610 
140 2 23.796200 20.105800 1.233710 
604 2 19.092000 22.518000 1.128820 
812 2 16.099100 20.473300 1.206640 
987 2 22.968400 23.845300 2.123740 
739 2 16.057100 22.729700 4.491460 
745 1 19.316700 15.667600 1.809520 
795 2 13.554100 15.496000 3.038840 
361 1 19.563600 14.499500 7.235150 
1683 2 16.024100 23.129600 8.758360 
206 1 26.126900 17.839200 10.637300 
678 1 17.143700 18.165700 11.488700 
375 2 13.549400 18.123700 4.212280 
1085 1 18.528800 21.333500 9.922350 
1937 1 25.201100 23.162300 3.918470 
1439 2 16.835100 14.552900 7.968600 
1442 1 14.553100 26.041500 0.060897 
1707 2 25.579300 15.662500 9.610290 
346 1 13.483300 25.881500 4.159600 
915 2 21.510600 25.052800 5.313040 
1422 1 16.202800 18.057200 8.846610 
1878 1 16.538900 13.872500 4.132010 
1515 2 16.094800 18.110300 4.911270 
348 2 18.776600 22.670500 10.526500 
332 2 22.761400 26.391400 1.529880 
1047 2 13.429900 24.262300 7.606170 
1796 2 25.547500 15.515600 2.606020 
1864 2 17.842400 25.448000 4.899250 
291 2 16.066000 16.555100 10.668400 
970 1 26.248300 17.268900 6.628610 
165 1 20.320200 23.500600 12.553900 
1895 2 15.729500 23.079600 3.171160 
1079 2 16.955200 16.307900 4.021920 
991 2 23.045800 24.028800 5.682000 
1432 2 22.213100 17.835400 11.487300 
1687 2 20.090500 23.637100 6.237760 
1090 1 21.710200 16.863100 10.980500 
897 1 19.177600 22.186200 4.850660 
434 1 16.184600 22.540500 7.414320 
1052 2 24.675900 13.371400 1.782460 
54 1 23.315300 23.555200 4.355160 
1670 1 21.686100 15.049700 2.732030 
1376 2 20.082000 16.359200 9.159970 
1840 2 21.930300 16.253500 5.701690 
622 1 26.338800 15.596400 10.112600 
1001 1 19.564900 18.025800 4.910090 
1137 1 26.433900 25.505000 2.972950 
730 1 15.097000 22.887500 5.961300 
1173 1 21.807400 18.916200 13.008400 
973 1 19.519100 26.441200 5.807400 
1770 1 20.109800 13.241800 9.472360 
542 1 17.493300 25.485100 9.862380 
623 2 14.104600 15.047100 1.651290 
788 2 24.021200 18.458900 0.348044 
238 1 23.067100 15.413900 1.324590 
642 1 13.954200 14.601100 11.684300 
1043 2 20.058600 25.227400 2.948580 
1069 1 23.444200 21.520900 5.342750 
1472 2 16.428300 21.559600 11.795300 
1651 2 19.060800 24.815300 10.784800 
237 1 15.589700 20.342800 1.866580 
840 2 13.430400 17.635000 6.467510 
14 1 22.131900 21.786500 1.223310 
1943 2 26.204400 21.810800 11.708000 
687 2 17.864400 20.239800 2.026150 
1896 2 13.950500 21.659000 7.172270 
262 1 15.892700 16.684300 11.593100 
1056 2 18.103000 14.319300 10.154700 
509 1 15.010300 16.408500 5.031460 
370 1 13.345900 18.868200 12.742800 
1964 2 17.121100 18.304700 8.103770 
1765 1 15.538000 24.271400 12.502400 
196 2 25.030100 17.863400 2.916610 
268 2 25.136800 19.843600 10.420400 
817 1 17.809300 14.963600 9.544170 
407 2 14.279700 20.668500 12.862000 
78 1 21.133300 26.106000 10.467300 
1466 1 17.642300 22.876500 10.459200 
1390 1 23.965700 16.282400 3.998980 
239 2 25.871400 15.280700 6.494660 
729 1 19.916500 14.120900 3.707250 
1265 1 22.018700 17.567300 4.326720 
121 1 14.610700 23.201700 1.052160 
197 1 25.944300 24.436600 6.880770 
1218 1 25.230400 20.749500 6.553800 
1805 1 23.475400 13.884600 2.483760 
1438 1 16.835000 17.358100 0.171579 
17 1 16.904900 24.897600 5.349160 
577 1 23.501600 23.469100 6.724220 
1592 2 19.455000 21.139300 8.177300 
1991 2 18.894600 18.206600 5.770510 
1494 1 19.967300 23.653600 5.994880 
1094 1 23.152300 23.823900 9.690270 
825 1 20.708200 22.808000 6.808700 
1784 2 14.260800 13.487500 2.081940 
1349 1 20.096200 16.936000 7.182250 
831 2 17.621300 24.395100 6.018080 
693 1 23.487200 25.098400 1.801630 
935 2 17.369600 13.939400 2.568400 
1120 2 18.330700 16.903800 6.052300 
656 2 17.984700 19.298500 4.727000 
1406 1 17.330400 19.730100 2.025910 
168 2 22.288500 13.837800 10.741100 
1123 2 22.971300 21.224600 5.854140 
1760 2 16.517800 19.646800 9.619300 
871 2 18.400300 26.539800 8.428150 
1327 2 18.624900 21.225200 8.696820 
1315 2 25.312200 20.163600 4.539710 
1637 1 18.743000 16.518500 12.262100 
1629 1 25.796800 15.189800 5.530190 
1963 2 24.642400 17.642700 4.164090 
257 1 25.417200 18.316000 8.630530 
1228 2 15.143100 23.240100 12.030000 
2000 2 26.211700 22.199400 7.186430 
969 1 18.991800 25.019400 0.762603 
1850 1 25.896800 17.149200 3.565450 
940 2 21.441700 14.413500 7.457870 
555 2 21.426500 20.243500 9.941340 
1645 1 23.181700 22.816700 8.336910 
1823 2 20.960900 24.886700 11.515200 
157 1 19.072300 23.375500 8.523980 
215 2 24.233600 23.858000 0.542270 
1423 2 23.190400 15.798700 8.054860 
1501 1 14.055500 15.466000 2.567700 
1824 2 21.196200 12.744400 2.821970 
1858 1 19.019800 25.511700 4.059480 
1175 2 19.164700 16.830300 12.160600 
979 2 22.445000 17.235500 4.310460 
1525 1 24.705500 17.642800 1.377040 
683 2 14.675300 16.075800 2.408870 
512 2 21.076700 17.803500 11.032400 
779 2 24.173300 16.876800 10.028600 
791 2 21.424800 16.896800 0.836476 
1557 1 22.614300 14.226600 10.850200 
330 1 17.024800 16.111200 4.128670 
603 2 24.553100 16.909500 1.396580 
1753 1 14.383600 21.005500 6.241210 
173 1 25.548600 20.244800 5.338800 
874 1 19.553400 22.037100 3.137130 
649 1 17.313400 17.963800 5.559430 
1682 1 22.272700 24.977400 5.684980 
902 1 22.964300 20.575400 5.839070 
1939 2 18.387600 19.319800 3.992080 
605 1 14.941900 23.893000 7.989150 
1244 2 20.582300 15.834100 2.023060 
1303 2 14.902000 18.569600 8.918130 
591 2 26.041400 22.485400 6.379860 
1993 1 14.244300 18.025700 3.030970 
70 1 23.711400 15.673200 8.161920 
992 2 24.560500 19.682900 1.175650 
1457 1 24.562100 22.481900 1.084810 
1044 2 22.521200 20.698000 5.029720 
801 1 19.209300 19.575300 10.227600 
659 2 13.950800 23.151600 5.908630 
477 1 21.244100 15.741000 12.108500 
1886 1 20.719200 24.811900 1.000150 
1578 1 13.957600 18.523400 9.622100 
1199 2 19.659200 13.937300 4.761070 
1783 2 13.853100 22.500300 2.302350 
799 2 24.609900 17.056000 1.536750 
1164 2 20.798000 15.496500 3.224810 
1374 1 21.463700 14.596900 7.602690 
889 1 23.419200 19.439200 1.704970 
1632 2 26.279000 15.422600 0.523173 
793 1 22.982600 15.365700 12.770500 
492 2 25.236500 23.186900 0.626121 
185 1 24.067100 19.749700 0.075032 
1018 1 18.046600 20.005900 12.961600 
114 1 14.190600 20.873700 13.020200 
319 2 21.784900 25.526300 14.256000 
1380 2 22.752800 16.170800 13.643700 
1618 1 22.481700 20.125300 23.021800 
792 2 17.289000 14.925500 23.598800 
1262 1 21.367900 18.135700 23.724200 
413 1 25.811500 15.900100 20.159300 
445 1 21.886900 14.940600 21.582500 
184 2 26.303100 17.433400 16.891300 
391 2 21.492800 22.900800 23.019000 
293 1 23.003100 13.410500 22.048600 
1738 1 16.235500 15.672200 23.943000 
954 1 24.262300 22.351700 25.711600 
1 1 18.397300 21.091100 17.372600 
598 1 15.297800 18.370600 21.856700 
1270 1 24.949000 21.665600 16.849200 
1936 2 21.201300 23.469400 16.890400 
127 2 13.385100 20.407100 15.030800 
1053 1 16.886400 15.759200 14.114900 
1543 2 15.479700 24.586900 21.997900 
1306 1 16.683400 18.914100 19.430500 
1211 2 16.794700 24.859300 13.977400 
193 1 19.676200 15.429600 17.355400 
360 2 15.338200 25.292200 24.152900 
1913 1 19.161000 22.193400 13.284600 
1396 2 25.508000 24.690100 16.039900 
822 1 23.224700 23.542900 25.331300 
1890 1 22.283200 25.729600 24.516300 
963 2 14.700600 13.799900 21.917000 
5 1 20.980500 23.107600 18.511200 
1099 2 15.103300 13.590400 14.290700 
998 1 17.630500 22.933600 19.293500 
417 1 18.253800 26.265600 23.436600 
1453 1 14.004900 21.042100 15.200200 
1358 1 19.085900 23.958100 20.034200 
1401 1 17.065000 16.206600 22.387900 
1748 2 21.353100 19.972800 21.078700 
1232 2 24.727900 19.936500 17.314300 
1545 1 19.880800 13.794400 19.288800 
51 2 17.271600 22.421600 25.034500 
922 1 16.456100 21.746100 21.127800 
999 2 24.646400 25.167900 15.289200 
1097 1 19.427200 13.967500 14.973600 
158 1 20.042300 20.891500 26.507900 
345 1 26.638200 23.741900 21.415600 
373 1 13.544700 20.237600 25.560400 
777 1 18.895200 15.962400 15.444800 
1690 1 18.842700 15.459700 23.005400 
308 2 19.271900 16.473500 14.824500 
1801 1 25.874400 17.423300 25.368700 
1977 1 23.232200 24.014400 13.840200 
1538 1 18.102100 22.362300 25.640100 
920 2 22.038700 17.969500 25.096800 
1550 1 20.329900 19.130700 17.499000 
1030 1 16.680300 16.772800 25.085400 
1155 2 24.496500 26.042400 20.985800 
914 1 21.610600 15.826000 19.069600 
456 2 20.181600 14.962700 17.279800 
1634 1 21.962300 22.584100 23.508500 
1867 2 20.465800 14.308500 16.476900 
1980 2 17.192400 16.456100 20.420600 
1887 2 25.457800 15.569700 24.317900 
1994 1 24.821300 24.274700 16.483900 
1541 1 26.060900 25.623500 15.857000 
1606 1 16.490400 26.144600 20.185800 
1517 1 26.108400 24.111800 26.184300 
1666 1 21.418800 23.499100 22.546500 
1263 2 23.610000 19.059500 15.132600 
1692 2 23.592700 15.130900 15.844800 
551 2 13.985800 15.318500 16.080600 
55 2 16.961400 14.578900 17.326700 
201 1 22.804400 17.447600 18.465700 
1341 1 14.701000 21.488600 23.040500 
195 2 26.583100 23.675500 18.487100 
1339 2 23.654200 22.005500 21.142400 
1130 1 18.727400 16.976300 17.469300 
44 2 20.885200 13.934900 23.262300 
796 2 19.698300 22.913700 15.305700 
834 1 14.265900 22.680400 18.441300 
1857 1 25.674400 23.955500 14.457600 
934 1 14.652200 16.782600 18.019400 
1839 2 14.831200 22.282400 25.447600 
1197 1 14.371900 19.001300 24.017600 
1129 1 18.475700 13.797600 17.383900 
1883 2 14.719900 23.552200 15.087900 
1813 1 20.254700 23.567000 16.824100 
21 1 17.471500 15.169300 17.484400 
1248 2 17.186300 22.539500 24.223600 
1587 2 23.880400 20.758600 21.322800 
263 2 13.997700 23.109800 17.896800 
134 1 23.844000 15.813700 15.869000 
1868 2 21.977800 19.650100 16.757700 
868 2 16.197500 13.407200 26.112500 
844 2 25.624200 17.761500 21.281500 
255 2 24.198300 22.714400 14.494300 
715 2 14.428400 17.435000 13.693000 
1115 2 23.793600 23.178700 14.370800 
1476 2 15.640700 15.266800 20.313200 
355 2 21.782200 25.528300 23.005800 
1832 2 18.773400 26.059700 21.950100 
1325 1 23.519600 23.060800 19.712800 
916 2 22.211200 24.863100 26.677800 
1751 2 25.818600 18.252900 13.542700 
1955 2 14.687100 20.890300 19.390500 
1794 1 23.165900 22.117700 14.983200 
1460 2 20.953700 20.933700 23.791700 
728 2 23.973400 14.998600 21.254600 
932 2 21.593300 16.360600 17.815500 
1455 2 23.958400 19.702300 24.892300 
913 1 20.007300 26.613200 19.079500 
800 2 19.047200 23.844800 20.228100 
460 2 17.785700 20.911300 26.380900 
1215 2 24.665300 26.231600 16.463700 
1944 2 20.604100 18.814800 15.325300 
1412 2 16.915800 21.924700 21.607700 
1475 2 18.567800 20.465500 14.644400 
1898 1 14.767600 15.385700 16.859500 
665 1 17.601100 24.505000 14.524300 
1470 1 22.975700 15.421800 14.695400 
783 2 26.140800 14.010300 23.514400 
955 2 19.068700 25.632200 14.378900 
1711 2 20.336900 19.290000 26.039600 
1227 2 22.846600 13.309400 24.381400 
1091 2 25.305500 20.957500 22.592600 
383 2 18.264300 16.066000 22.969800 
592 2 16.756000 15.927100 18.030100 
1009 1 21.556200 18.923700 15.065600 
1240 2 15.069600 17.897600 23.672000 
1506 1 23.888300 23.595400 17.410700 
1008 2 22.654300 23.031900 25.228300 
83 2 22.471900 22.476200 18.543200 
883 2 14.740500 22.456100 14.962900 
1122 1 25.150700 14.453500 17.145200 
189 1 22.016200 20.976600 24.986200 
1437 1 20.122900 16.790500 20.912600 
829 1 24.098300 14.792100 18.847100 
937 1 22.415200 15.542100 23.654200 
1902 1 14.015300 23.467000 24.796600 
1821 1 14.684300 24.428700 17.792800 
1026 1 18.179100 17.938800 25.341100 
57 1 25.768100 25.974400 20.349500 
738 1 16.596200 15.914700 18.869300 
1288 2 18.239500 18.844700 23.485200 
1117 1 25.738400 15.303700 21.358100 
1340 2 14.560900 23.661200 17.149900 
618 1 24.436600 17.212000 19.519500 
1269 1 13.299500 18.803900 20.241600 
307 2 21.241000 17.155900 19.989100 
695 2 14.068100 15.533700 17.685800 
1778 1 13.651400 15.414100 13.726700 
826 1 16.256300 20.373100 17.376500 
1176 2 15.931800 18.875600 16.046800 
1307 2 20.634700 16.871200 22.500800 
1865 1 15.790800 17.925500 15.721700 
494 1 15.829900 13.712900 16.861300 
213 1 18.888800 17.850500 19.952900 
1377 1 14.265400 23.539700 14.125600 
1225 1 15.513200 14.873000 25.767800 
972 2 24.667500 17.048700 24.708800 
1198 1 15.053300 23.047700 16.032100 
468 2 16.695300 15.998800 18.973000 
1815 2 18.829600 26.243900 22.853700 
358 1 14.374600 24.978400 14.141800 
329 1 22.611700 17.805200 21.991000 
1312 2 25.151200 14.215400 18.361700 
1604 2 24.853600 22.633000 21.496500 
756 2 14.469100 15.727100 24.066000 
1729 1 24.684000 19.151200 17.891400 
429 1 19.828800 26.116100 23.198100 
803 2 16.073300 13.348200 19.050400 
606 1 24.894100 20.775200 23.676300 
1095 2 18.341200 19.051500 17.696800 
1693 1 21.428100 14.088700 16.623800 
1928 2 26.321800 23.944500 17.147900 
1763 2 25.598600 15.943400 19.186700 
1241 1 26.126500 20.970400 14.182100 
1007 2 25.562000 25.421100 22.483100 
832 2 25.219600 13.253900 22.673300 
1356 2 14.384700 15.795800 16.369400 
957 1 25.558400 14.564400 24.321700 
389 1 21.274600 19.389100 19.810100 
1643 2 20.049400 26.527100 19.090000 
660 2 20.486000 21.293800 20.612700 
194 1 25.683900 19.313500 21.595500 
1125 1 18.414800 20.753200 23.731100 
1322 1 19.177600 24.526200 22.082100 
90 1 20.897600 21.577000 15.964300 
541 1 23.309400 24.133500 23.327200 
179 2 13.911900 18.068400 17.191000 
539 2 14.594000 18.207500 23.711800 
967 2 18.284100 16.190500 14.386000 
1630 1 17.873700 17.555500 14.432600 
1251 2 19.752600 22.464700 16.028200 
1055 2 18.667300 24.821000 20.893900 
819 2 16.708300 25.208200 14.226700 
280 2 17.734600 16.604700 14.812400 
643 2 18.315700 16.421400 17.442100 
214 1 14.158200 19.079600 15.574900 
279 2 20.950800 13.636100 14.328600 
1628 2 16.508000 19.146100 19.254700 
893 1 20.836400 25.796000 14.839400 
113 1 20.864400 15.201200 16.213300 
216 2 26.670000 18.473900 18.366800 
11 2 19.861800 13.991000 21.315800 
15 2 20.860500 20.332200 19.155500 
1027 2 22.089400 16.455800 18.009200 
1911 2 22.462400 17.090100 22.047600 
1777 1 13.329800 15.309300 15.731800 
1038 1 23.868700 17.391500 15.893300 
1924 2 23.455200 24.775300 15.249800 
1128 2 14.011100 18.324700 14.591400 
1968 2 22.110300 17.662600 23.898200 
765 1 17.642300 21.199300 20.300700 
46 1 16.747600 21.174700 15.475600 
236 2 17.753400 21.964600 17.649000 
1174 1 19.295200 24.591600 17.743900 
471 2 23.569800 16.076200 16.018400 
582 1 25.456400 20.252300 19.494500 
1148 2 14.668400 25.396500 15.258400 
732 2 24.789100 19.589100 23.199900 
93 1 21.842200 13.447400 25.699600 
489 1 22.403600 25.293300 13.566200 
1229 1 20.118400 21.314500 24.425300 
1950 1 24.157300 21.085300 21.877000 
1560 2 20.977800 25.468500 16.953900 
1998 1 16.927800 18.583500 25.559700 
170 1 22.141900 20.858600 20.109200 
1010 1 19.003400 17.451100 22.235800 
530 1 21.420600 24.450500 20.494900 
405 1 24.211800 17.879400 24.471700 
1788 2 15.909900 15.027000 13.343100 
1835 2 19.088400 21.197000 24.828800 
923 2 16.992300 18.708600 22.073700 
112 2 15.644600 23.088500 18.509900 
1859 2 24.164900 18.809800 17.712900 
43 2 23.360000 24.618000 24.595300 
37 1 16.827000 21.217200 25.322000 
1168 2 24.371100 25.686500 19.609800 
1061 1 15.257600 25.039500 24.977400 
680 2 21.080800 24.550300 23.368200 
1908 2 17.555700 20.914900 15.378400 
1720 2 21.978500 14.254400 25.661700 
321 1 19.256700 22.350900 15.231400 
703 2 18.345300 21.855100 19.419000 
1336 2 24.172100 24.261000 24.570900 
1596 2 23.891700 18.383300 14.644400 
1502 1 18.468600 19.520600 14.687800 
1230 1 20.859300 17.002400 13.586000 
1260 2 24.215800 21.165600 13.650300 
1337 1 24.092400 26.225300 25.688700 
1727 2 22.048300 13.804000 22.952200 
1445 1 24.686700 17.538300 14.092400 
1286 1 20.280600 13.426700 22.161700 
1089 1 23.628900 18.813100 15.554600 
267 2 18.372800 19.559500 25.102000 
1549 1 13.179200 17.466600 25.335100 
474 1 23.830600 24.528600 24.348000 
371 2 18.957900 23.915500 16.896600 
1145 1 15.073500 25.831400 22.853300 
993 1 16.764000 13.294500 21.366800 
1301 1 15.244500 15.135400 20.312100 
901 1 13.433200 13.759900 20.048700 
627 2 17.273500 16.881600 26.204100 
1051 2 23.391600 21.095800 26.378300 
1329 1 25.123500 15.912100 25.358000 
1736 2 18.212500 20.260000 13.469500 
1663 2 21.957300 15.778200 13.305800 
